# num_vectors 9
# vector_size 101
-31.6755 -1.72756 7.83406 -22.3605 8.50405 21.7469 -6.89884 25.6218 22.8818 10.073 29.369 20.1086 5.13456 31.2883 -2.8714 17.5982 25.846 -11.0259 25.2176 11.6914 -24.862 26.3574 -8.47523 -13.0527 21.095 -25.1175 -3.24448 2.60934 -34.1165 1.80684 -11.2174 -33.298 2.18026 -26.0596 -26.6695 -11.3295 -18.2619 -10.1552 -25.361 -5.18791 1.5654 -30.9649 12.2303 10.8132 -24.5401 10.8411 23.536 -8.59438 15.6209 38.9898 1.56789 -3.63817 28.4516 8.87767 -7.10135 21.0828 20.4534 2.03262 3.27578 32.119 7.79276 -15.5887 24.6154 12.1546 -35.196 13.4648 -4.26445 -40.3328 -2.4169 -10.0187 -24.015 -3.86175 -28.3931 -16.4692 -6.41847 0 0 0 0 0 0 0 0 0 0 0 0 0 0 0 0 0 0 0 0 0 0 0 0 0 0
-29.4081 2.17954 5.31616 -20.5242 11.9435 19.8615 -5.47976 29.3681 22.0531 11.29 33.8331 19.0133 5.61398 37.0203 -3.70228 17.7764 31.9363 -12.5562 26.0922 15.0695 -23.2343 28.7003 -2.29339 -6.77871 24.5232 -24.3888 -5.64091 6.5998 -36.317 -3.75034 -6.98594 -34.0398 2.35112 -26.4574 -22.0339 -3.43447 -19.3742 -9.80212 -22.9033 -6.61846 0.272016 -32.6933 9.57222 13.6823 -28.932 7.92743 24.5619 -11.5379 10.4228 40.4773 -1.00306 -5.18166 24.718 8.40868 -6.07525 18.4162 21.4323 4.59818 0.407466 31.5846 13.7086 -16.6615 22.1389 15.0635 -37.5791 12.116 -0.25792 -39.2389 -6.02514 -8.35953 -23.2259 -1.56427 -27.4914 -17.524 -4.11879 0 0 0 0 0 0 0 0 0 0 0 0 0 0 0 0 0 0 0 0 0 0 0 0 0 0
-28.8124 3.51348 2.82426 -20.5854 13.0604 17.9165 -4.39357 29.3816 21.005 12.5318 33.0807 17.6989 6.52757 37.0178 -4.82945 18.4917 32.0662 -14.0319 26.2918 15.5227 -25.6222 30.2559 -2.13868 -9.69651 25.7995 -24.177 -8.47415 8.20573 -35.6585 -0.641226 -4.84321 -31.368 5.90408 -24.4251 -20.3609 -1.58232 -18.1856 -12.7066 -24.234 -8.3714 0.964669 -34.155 8.09335 14.0378 -30.3713 6.48889 25.1943 -13.1466 9.55915 41.0713 -2.68993 -5.92483 25.5116 7.25573 -5.96069 18.5635 20.0255 7.95007 2.28098 29.8364 15.6759 -15.4779 20.3021 15.5546 -37.1069 11.5643 -0.182485 -38.9466 -6.20933 -8.24141 -22.9347 -1.66714 -26.7632 -16.2179 -6.52566 0 0 0 0 0 0 0 0 0 0 0 0 0 0 0 0 0 0 0 0 0 0 0 0 0 0
-9.83054 -2.46967 14.5734 -5.54688 16.2781 5.77715 9.1693 10.0359 -9.55489 -5.38073 11.6718 -22.7921 4.43984 29.3615 -38.077 32.2285 33.0343 -32.0144 37.5292 23.2191 -9.41661 28.8235 16.5327 5.95276 18.4021 -4.08046 11.1734 3.4282 -9.13665 18.7221 -11.1626 -2.91573 17.6749 -25.6529 -19.0819 13.9368 -32.5194 -15.3732 -11.8399 -13.1122 -21.2268 -33.2508 -9.64347 -1.86635 -37.7353 3.47454 13.5924 -46.7919 9.62082 23.6347 -23.2687 -0.485668 16.8892 -1.25273 -6.5586 -5.66652 -9.12005 -3.87716 -11.5626 12.8672 -0.441376 4.21307 26.4685 2.51813 1.34471 51.6778 -7.16626 -25.1395 52.8996 -16.704 -33.2237 36.1372 -19.6289 -21.7473 13.8928 0 0 0 0 0 0 0 0 0 0 0 0 0 0 0 0 0 0 0 0 0 0 0 0 0 0
-9.83054 -2.46967 14.5734 -5.54688 16.2781 5.77715 9.1693 10.0359 -9.55489 -5.38073 11.6718 -22.7921 4.43984 29.3615 -38.077 32.2285 33.0343 -32.0144 37.5292 23.2191 -9.41661 28.8235 16.5327 5.95276 18.4021 -4.08046 11.1734 3.4282 -9.13665 18.7221 -11.1626 -2.91573 17.6749 -25.6529 -19.0819 13.9368 -32.5194 -15.3732 -11.8399 -13.1122 -21.2268 -33.2508 -9.64347 -1.86635 -37.7353 3.47454 13.5924 -46.7919 9.62082 23.6347 -23.2687 -0.485668 16.8892 -1.25273 -6.5586 -5.66652 -9.12005 -3.87716 -11.5626 12.8672 -0.441376 4.21307 26.4685 2.51813 1.34471 51.6778 -7.16626 -25.1395 52.8996 -16.704 -33.2237 36.1372 -19.6289 -21.7473 13.8928 0 0 0 0 0 0 0 0 0 0 0 0 0 0 0 0 0 0 0 0 0 0 0 0 0 0
-4.25042 -6.40509 14.3746 -2.62809 11.5507 3.82179 7.62163 3.98708 -13.568 -5.83151 11.237 -24.4129 6.68813 24.9977 -40.9255 27.7635 37.9931 -32.4606 34.523 30.3569 -9.56675 26.8628 25.3127 6.79818 19.9926 5.13674 15.7356 5.62461 -1.93284 22.4624 -9.23411 1.18876 19.4957 -20.0298 -17.2903 16.8265 -31.8776 -15.0215 -6.56702 -19.5217 -26.2393 -29.1702 -15.6569 -8.74953 -37.4304 -3.98426 2.98335 -50.9638 8.42604 13.7851 -31.964 1.85338 15.2318 -9.44289 -9.31587 -4.65637 -9.97002 -2.89355 -6.72113 11.2581 -6.77746 5.826 25.6961 -0.470298 8.59377 49.3535 -3.90621 -17.353 55.9467 -11.2634 -29.9005 42.0626 -13.8178 -24.7706 18.4022 0 0 0 0 0 0 0 0 0 0 0 0 0 0 0 0 0 0 0 0 0 0 0 0 0 0
-7.61182 -6.85318 15.18 -4.58314 9.77878 3.15081 7.25688 0.507566 -11.9426 -4.62579 6.64821 -24.7729 9.53662 20.115 -40.0192 25.142 37.5124 -30.6204 35.5036 31.1071 -9.09416 31.6192 23.067 6.67337 21.9164 3.81185 14.338 6.68019 -2.8031 16.6566 -5.8626 -3.5918 20.4802 -17.2988 -20.761 15.0291 -30.3354 -13.9534 -6.17645 -23.4334 -24.7644 -30.5075 -14.6831 -9.5309 -37.5835 0.00353515 -1.56104 -49.9638 8.14157 14.4853 -34.0717 6.79577 16.4355 -11.285 -7.78357 0.103999 -8.64365 1.72738 -4.27097 10.5247 -0.810589 5.25639 26.9252 6.45121 3.15697 49.8339 -7.08912 -14.7528 57.3722 -15.6253 -27.5775 44.5503 -18.6318 -23.7707 20.7354 0 0 0 0 0 0 0 0 0 0 0 0 0 0 0 0 0 0 0 0 0 0 0 0 0 0
-5.82908 -7.29219 14.937 -2.05186 8.5612 2.16296 8.36651 -2.09728 -12.9321 -3.14669 4.86879 -25.6447 11.7233 17.5893 -40.8232 27.2024 35.1459 -31.5146 36.0738 29.8309 -9.1386 30.9116 25.054 7.17988 20.6495 7.74789 17.5451 5.41748 1.04895 19.6239 -7.41033 0.268307 21.6085 -17.8073 -17.5177 16.188 -29.9242 -11.9381 -5.83474 -24.085 -25.8833 -28.5121 -16.8919 -11.7508 -38.3174 -2.23484 -4.21244 -50.9887 6.25077 12.0384 -35.5016 6.96089 13.4795 -12.7469 -6.08212 -3.84705 -9.29487 2.54567 -5.64012 10.4925 -0.213555 6.09079 25.079 6.02371 7.06716 48.1346 -7.74207 -9.79385 57.269 -16.8981 -23.2574 45.6787 -17.9233 -22.8385 21.7199 0 0 0 0 0 0 0 0 0 0 0 0 0 0 0 0 0 0 0 0 0 0 0 0 0 0
-5.68405 -9.47943 14.831 -3.91408 7.37966 3.21027 7.37469 -0.891726 -12.5156 -3.90381 7.31425 -24.6055 11.3937 19.4681 -39.8069 26.9723 37.01 -30.6395 35.3688 32.1085 -7.9978 32.3734 23.6551 6.64102 19.4927 9.82981 18.2466 4.81692 2.00881 18.6024 -7.6298 -0.48772 20.7964 -15.6369 -19.222 15.1341 -30.3344 -14.8547 -5.2909 -25.2375 -27.3904 -28.8778 -16.1503 -13.6224 -37.2215 -3.99666 -5.40331 -51.6176 8.20056 8.84721 -37.3017 10.1728 11.0416 -14.7305 -6.12858 -1.65968 -10.0701 2.3243 -4.6547 9.60948 -1.47644 5.37107 25.0469 5.60345 5.95309 47.851 -8.01549 -10.8761 57.2549 -17.2067 -24.4859 45.8679 -16.5146 -25.681 22.0398 0 0 0 0 0 0 0 0 0 0 0 0 0 0 0 0 0 0 0 0 0 0 0 0 0 0
