# num_vectors 23
# vector_size 401
# Iterations: 5600, stepsize: 0.031095, max step size: 1.000000, spring constant: 0.000010, global NEB Hessian: false, global NEB Linesearch: true, climbing image: false
-6.03702 -27.8251 -27.3541 -8.17569 -23.9673 -26.8972 -10.0916 -20.0363 -26.1603 -11.7794 -16.0589 -25.1618 -13.236 -12.0593 -23.9182 -14.6446 -7.38027 -22.1712 -15.7329 -2.73402 -20.1323 -16.5041 1.84709 -17.8198 -16.9665 6.33004 -15.2472 -17.117 9.68747 -13.1013 -17.0925 12.9538 -10.8142 -16.8957 16.1146 -8.39124 -16.5295 19.1549 -5.83733 -15.9471 22.2833 -2.9403 -15.1734 25.2333 0.0957816 -14.2062 27.987 3.25809 -13.0435 30.5253 6.53281 -10.8909 33.9432 11.7143 -8.27968 36.7357 17.0572 -5.21652 38.8198 22.4827 -1.7216 40.1083 27.8946 1.96863 40.516 32.9218 5.96175 40.0598 37.7076 10.1817 38.6903 42.1091 14.5239 36.3848 45.9675 18.3934 33.5444 48.8148 22.1354 30.0127 50.9763 25.6205 25.8738 52.3441 28.7128 21.2534 52.8316 31.3364 16.1878 52.3625 33.2758 11.0039 50.9037 34.4286 5.93772 48.5023 34.7335 1.23015 45.2606 34.0999 -3.18478 41.0026 32.5163 -6.69098 36.1837 30.0848 -9.12423 31.066 26.951 -10.3973 25.9102 23.8862 -10.5569 21.702 20.5517 -9.90326 17.7548 17.0533 -8.49008 14.1644 13.4755 -6.40199 11.0073 9.31241 -3.3475 7.99009 5.16451 0.206787 5.55547 1.06945 4.09531 3.58688 -2.97333 8.18575 1.94684 -6.34826 11.6955 0.709682 -9.7252 15.217 -0.487911 -13.1273 18.6969 -1.7351 -16.5748 22.0783 -3.12054 -20.5084 25.6724 -4.9394 -24.5293 28.9403 -7.14209 -28.6201 31.7362 -9.81538 -32.7198 33.8891 -13.0178 -36.5529 35.1743 -16.5978 -40.1368 35.532 -20.6212 -43.2793 34.829 -24.956 -45.7644 32.9994 -29.3874 -47.3652 30.134 -33.569 -47.9759 26.3659 -37.2686 -47.5324 21.9546 -40.2016 -46.0738 17.2289 -42.1507 -43.6204 12.3438 -43.0149 -40.4349 7.82931 -42.6943 -36.7655 3.92857 -41.2979 -32.8427 0.772335 -38.9999 -28.4944 -1.78359 -35.6975 -24.2231 -3.48581 -31.7981 -20.1106 -4.4606 -27.4988 -16.1782 -4.86573 -22.9471 -13.2213 -4.90342 -19.291 -10.3359 -4.77503 -15.5802 -7.48656 -4.55531 -11.8458 -4.63441 -4.31801 -8.11476 -1.58093 -4.1284 -4.21159 1.56218 -4.08838 -0.375739 4.83108 -4.28668 3.34844 8.25062 -4.81239 6.90157 12.5408 -5.982 10.8166 17.0204 -7.87229 14.2021 21.5146 -10.5809 16.9529 25.8556 -14.0847 18.948 30.1054 -18.5681 20.1107 33.7786 -23.6686 20.1901 36.669 -29.1508 19.1393 38.6007 -34.7303 16.9827 39.3431 -38.816 14.6775 39.4359 -42.6428 11.8658 38.8783 -46.0842 8.64027 37.6949 -49.0311 5.1084 35.6032 -51.7174 0.782987 32.8426 -53.5369 -3.61801 29.5404 -54.4479 -7.92682 25.8346 -54.4535 -11.9971 22.0751 -53.6593 -15.5277 18.188 -52.1441 -18.662 14.2734 -49.9792 -21.3486 10.4169 -47.244 -23.5566 5.78206 -43.1495 -25.6191 1.44953 -38.4549 -26.9193 -2.50698 -33.3044 -27.4845 -4.14464 -4.08311 -3.97338 -3.85071 -3.96186 -3.88347 -3.79818 -3.70576 -3.93169 -3.8684 -3.79985 -3.72726 -3.92003 -3.84966 -3.78251 -3.71942 -3.91544 -3.87265 -3.85908 -3.88385 -3.61531 -3.69955 -3.8361 -4.01644 -3.60366 -3.79825 -3.93381 -3.97907 -4.04509 -4.05088 -3.97495 -3.82195 -4.15484 -4.00174 -3.79687 -3.55553 -4.03824 -3.90261 -3.79133 -3.70889 -3.93537 -3.87639 -3.83745 -3.81202 -3.88673 -3.88702 -3.89963 -3.93226 -3.87115 -3.95313 -4.13967 -4.38867 -3.33596 -3.71429 -4.01387 -4.23057 -3.62182 -3.87483 -4.04026 -4.12436 -3.96282 -4.02311 -3.98638 -3.8725 -4.14023 -3.98644 -3.81538 -3.64994 -4.08571 -3.95412 -3.82748 -3.69919 -4.15494 -4.01634 -3.86188 -3.67982 -4.38936 -4.19019 -3.95595 -3.72662 -4.047 -3.84034 -3.78162 -3.83281 -3.7497 -3.82235 -3.92122 -4.03894 -3.9207 -4.06376 -4.22393 -4.39693 -4.03438 -4.19411 -4.36934 -4.56379 -3.34233 -3.49216 -4.15573 -1.63251 -0.797336
-9.73689 -27.2833 -25.5048 -12.11 -23.538 -25.4364 -13.9822 -19.5515 -24.9212 -15.4258 -15.4447 -24.0764 -16.5037 -11.2932 -22.9509 -17.3174 -6.44379 -21.2934 -17.7188 -1.65015 -19.3476 -17.8349 3.07832 -17.2136 -17.6899 7.71908 -14.8967 -17.3498 11.1846 -12.9544 -16.7947 14.5335 -10.8627 -16.0456 17.7533 -8.63348 -15.1446 20.8514 -6.29084 -14.0381 24.0675 -3.65477 -12.7903 27.1228 -0.893582 -11.3523 29.9179 2.04504 -9.67702 32.3186 5.19869 -6.71306 35.1341 10.3411 -3.5807 37.5086 15.6047 -0.394742 39.7463 20.8961 3.21259 40.7095 26.301 6.96965 39.6574 31.1824 10.7278 37.545 35.7061 14.4874 35.1377 40.0789 18.2155 31.8027 43.8245 21.2505 27.7231 46.1243 23.9321 23.0603 47.6114 26.3949 18.1442 48.5654 28.5222 12.9855 48.6446 30.1087 7.60278 47.5187 31.1995 2.32599 45.5889 31.9555 -2.80438 43.1668 32.0546 -7.46749 39.8497 31.1387 -11.3711 35.1655 29.6157 -14.3498 29.986 27.8219 -16.9436 24.6876 25.3016 -18.477 19.2733 22.4948 -18.3524 14.8881 19.3625 -17.1743 10.8976 16.063 -15.3563 7.30142 12.5942 -12.8676 4.31869 8.56276 -9.06774 2.06726 4.71082 -4.65763 0.853257 0.920321 -0.129291 -0.0883802 -2.91924 4.38147 -0.907581 -6.12456 8.23572 -1.23315 -9.28779 12.138 -1.26728 -12.5206 15.9808 -1.40148 -15.9457 19.5978 -2.05041 -19.9755 23.2705 -3.45253 -24.0942 26.6659 -5.24236 -28.2737 29.723 -7.4515 -32.417 31.9165 -10.5685 -36.0511 32.8503 -14.4517 -39.2454 32.8757 -18.8053 -42.0241 32.1698 -23.3812 -44.0821 30.4023 -28.0501 -45.0585 27.5173 -32.4067 -45.1158 23.8975 -36.2991 -44.4665 19.8289 -39.6581 -42.9408 15.364 -42.1062 -40.3528 10.6111 -43.2636 -37.1453 6.10104 -43.2668 -33.6387 1.8878 -42.5049 -29.8738 -1.71489 -40.6412 -25.7556 -4.30779 -37.0834 -21.9264 -5.68558 -32.6358 -18.222 -6.64373 -27.9774 -14.6768 -7.0669 -23.12 -12.2283 -6.6579 -19.1268 -10.0748 -5.67867 -15.0633 -8.02453 -4.43847 -11.0176 -5.89335 -3.15461 -7.02784 -3.52976 -1.77171 -2.89364 -1.06943 -0.370691 1.17755 1.63878 0.778512 5.16945 4.8164 1.27392 8.94403 9.18319 0.879468 12.9279 13.8264 -0.0417664 16.49 18.5823 -1.37348 19.7616 23.3645 -3.96804 22.1056 27.8495 -8.31271 22.8236 31.6133 -13.3237 22.3422 35.1137 -18.4796 21.5222 37.8257 -23.906 19.8765 38.8312 -28.0385 17.7629 38.9351 -31.9505 15.0719 38.3239 -35.5437 12.0269 37.0563 -38.7278 8.73891 34.8017 -41.7719 4.74535 31.9536 -44.1898 0.703005 28.7283 -46.1062 -3.32478 25.0718 -47.3077 -7.25982 21.2119 -47.5824 -10.7601 17.1364 -47.1628 -13.9914 12.9564 -46.179 -16.9556 8.74704 -44.4004 -19.4743 3.74503 -40.8664 -21.7073 -0.892298 -36.5642 -23.2827 -5.47335 -32.1488 -24.702 -0.36148 -0.698989 -0.648524 -0.490059 -0.546814 -0.390784 -0.209379 -0.038795 -0.226474 -0.143659 -0.0591641 0.0308874 -0.143731 -0.0621054 -0.00223534 0.0340992 -0.199838 -0.147099 -0.0929582 -0.172186 -0.068031 -0.233665 -0.28982 -0.475968 -0.173473 -0.336391 -0.317186 -0.277551 -0.319463 -0.257092 -0.107173 0.0627721 -0.25835 -0.0834859 0.0758665 0.272275 -0.177694 -0.0213828 0.0541867 0.130911 -0.00808627 0.136337 0.139438 0.118696 0.095366 0.174509 0.17037 0.0425718 0.00211466 -0.0607553 -0.209141 -0.522889 0.539668 0.246483 -0.00405523 -0.191099 0.463548 0.222082 0.018638 -0.0748311 0.126199 0.0515527 -0.00580838 0.102975 -0.0510257 0.133172 0.224327 0.368548 -0.027589 0.118614 0.239095 0.363147 -0.0924187 0.0322557 0.16592 0.361683 -0.290601 -0.167886 -0.158886 0.0700149 0.0970887 0.298798 0.0546453 -0.0234935 0.207159 0.217728 0.148165 0.0613136 0.231653 0.123966 -0.0176976 -0.119662 0.363458 0.30616 0.216283 0.170739 1.66347 1.68114 1.03002 -0.519447 -4.63068
-8.63054 -31.5666 -27.2108 -12.2892 -29.0736 -26.9605 -15.473 -26.0709 -26.246 -18.1763 -22.7163 -25.196 -20.3956 -19.1117 -23.8748 -22.3451 -14.6717 -22.0275 -23.6821 -10.1064 -19.9547 -24.5797 -5.48569 -17.7706 -25.0497 -0.833991 -15.5195 -25.0302 2.73525 -13.7423 -24.6521 6.26638 -11.9294 -23.9473 9.73369 -10.0911 -22.9806 13.13 -8.23945 -21.7013 16.7141 -6.23091 -20.1784 20.183 -4.19022 -18.3448 23.4461 -2.06748 -16.1315 26.3783 0.172929 -12.0887 30.1081 3.76469 -7.72032 33.4302 7.3755 -3.27091 36.6168 11.0092 1.65928 38.6144 14.8638 6.71402 38.5853 18.5379 11.7617 37.4513 22.0431 16.781 36.0061 25.4736 21.6308 33.6338 28.6205 25.5117 30.3311 30.8953 28.9444 26.3247 32.7145 32.0522 21.9329 34.197 34.6015 17.0494 35.0891 36.3611 11.6035 35.1634 37.4849 6.0145 34.6549 38.0868 0.398346 33.7301 37.549 -5.02263 31.9747 35.3444 -9.95654 29.0058 32.2538 -13.9822 25.504 28.8011 -17.5631 21.8605 24.4911 -19.8619 18.0978 20.2351 -20.043 15.1017 15.8776 -18.8855 12.4947 11.5945 -16.9348 10.2645 7.49367 -14.2015 8.58067 3.36499 -9.9727 7.66905 -0.022948 -5.04501 7.6687 -3.23554 -0.00397864 7.835 -6.63887 4.913 7.80152 -9.56083 8.99906 7.7601 -12.4881 13.0814 7.72321 -15.5395 17.0569 7.37781 -18.8633 20.6657 6.29846 -22.8426 24.0155 4.14479 -26.9139 26.7879 1.41843 -30.957 29.0843 -1.75584 -34.7121 30.4202 -5.73192 -37.6672 30.4238 -10.2513 -39.9566 29.4568 -15.0452 -41.7178 27.8277 -19.8828 -42.7135 25.3831 -24.5935 -42.6699 22.137 -28.8027 -41.7813 18.3732 -32.4499 -40.3129 14.2925 -35.5238 -38.2148 9.92215 -37.7044 -35.349 5.29305 -38.6976 -32.0704 0.834548 -38.6678 -28.6147 -3.41892 -37.8968 -25.0989 -7.22583 -35.9542 -21.5192 -10.329 -32.2263 -18.3467 -12.4617 -27.5648 -15.3325 -14.1894 -22.6382 -12.5975 -15.2193 -17.3655 -10.9318 -15.151 -12.969 -9.66179 -14.3893 -8.50629 -8.52869 -13.1986 -4.10092 -7.32334 -11.7267 0.199032 -5.96728 -9.87155 4.5934 -4.52353 -7.76468 8.84399 -2.67175 -5.65459 12.9317 0.0250137 -3.85339 16.6831 4.33745 -2.26988 20.4236 9.18864 -0.991824 23.5747 14.3555 -0.0506955 26.3158 20.0732 -0.305128 27.8448 26.0049 -2.31704 27.3209 31.2286 -5.24164 25.4058 36.1633 -8.38405 23.1071 40.2922 -11.979 20.0189 42.2246 -15.0283 16.9329 43.0717 -18.1383 13.4449 43.0885 -21.1719 9.79069 42.4046 -24.059 6.08212 40.7664 -27.1291 1.81724 38.4348 -29.8897 -2.33499 35.6454 -32.3945 -6.36534 32.3449 -34.5547 -10.2044 28.6989 -36.1718 -13.5687 24.688 -37.4107 -16.6679 20.3834 -38.2673 -19.4897 15.73 -38.48 -21.8408 9.60583 -37.5714 -23.8815 3.46746 -35.9289 -25.3372 -2.66439 -34.1265 -26.6211 0.128439 -0.199136 -0.312397 -0.30653 -0.485721 -0.411409 -0.275997 -0.133468 -0.33704 -0.261379 -0.17839 -0.0857547 -0.255353 -0.167209 -0.100686 -0.0564433 -0.277151 -0.211923 -0.159385 -0.251093 -0.174564 -0.381495 -0.478602 -0.736895 -0.506963 -0.697628 -0.69802 -0.672284 -0.704755 -0.628527 -0.480785 -0.320611 -0.640477 -0.438048 -0.231438 0.0639754 -0.194892 0.156699 0.355759 0.53719 0.523601 0.75204 0.742482 0.639624 0.53379 0.556741 0.509219 0.322908 0.200503 0.0663776 -0.0645649 -0.262347 0.902225 0.674671 0.48109 0.332845 1.00727 0.78223 0.589527 0.487059 0.661163 0.560327 0.487888 0.559127 0.318755 0.424607 0.487778 0.619654 0.197795 0.324468 0.44 0.567401 0.107645 0.221216 0.362186 0.590408 -0.0496289 0.0222236 -0.0286738 0.0600097 -0.232478 -0.178375 -0.422572 -0.550973 -0.363769 -0.355423 -0.41552 -0.498149 -0.322968 -0.411362 -0.529663 -0.634021 -0.182782 -0.273605 -0.394958 -0.526618 0.731207 0.479787 0.0784067 -0.497477 -4.0896
-6.17626 -33.9172 -26.6654 -10.42 -32.8176 -25.9985 -14.3087 -30.9776 -24.9229 -17.7705 -28.5623 -23.5644 -20.75 -25.6787 -21.9922 -23.5471 -21.817 -19.9453 -25.6696 -17.607 -17.7778 -27.2868 -13.1907 -15.585 -28.3826 -8.60248 -13.4231 -28.7505 -4.97358 -11.8124 -28.6667 -1.29825 -10.2685 -28.1657 2.37629 -8.80386 -27.3235 6.02 -7.4209 -26.1014 9.89842 -6.01333 -24.5595 13.6854 -4.67229 -22.6207 17.2981 -3.36629 -20.2037 20.6173 -2.07873 -15.6767 24.9838 -0.182337 -10.7272 28.9294 1.57585 -5.67628 32.7405 3.34233 -0.0633424 35.4623 5.40205 5.74659 36.2072 7.57924 11.5938 35.8579 9.75631 17.4122 35.1918 11.9367 23.0376 33.5717 14.1234 27.5753 30.8733 15.9318 31.6333 27.4021 17.5529 35.3022 23.4744 19.0552 38.2411 18.9087 20.344 40.1661 13.5942 21.2433 41.3095 8.01141 21.7765 41.7918 2.31938 22.1327 40.7887 -3.31501 22.2033 37.6373 -8.5949 21.7456 33.3908 -12.983 20.8902 28.7462 -16.9217 19.924 23.2458 -19.5242 18.9286 18.1068 -19.8457 18.1476 13.0635 -18.7252 17.4897 8.26796 -16.7693 16.9404 3.86881 -14.0105 16.5404 -0.263709 -9.69045 16.4016 -3.38616 -4.5938 16.5886 -6.28429 0.634699 16.7444 -9.45033 5.70205 16.5017 -12.2181 9.8619 15.9812 -15.0032 13.972 15.2154 -17.8968 17.9042 14.0319 -21.0306 21.3389 12.13 -24.7668 24.3021 9.13742 -28.571 26.5348 5.63905 -32.2842 28.228 1.76081 -35.5758 28.9425 -2.7503 -37.9768 28.361 -7.55181 -39.6705 26.8408 -12.4486 -40.8147 24.7222 -17.2819 -41.1676 21.9251 -21.8872 -40.4907 18.5065 -25.9012 -39.0039 14.7026 -29.3037 -37.0046 10.6601 -32.1177 -34.4915 6.39165 -34.0469 -31.3333 1.91271 -34.817 -27.8575 -2.38897 -34.6108 -24.2954 -6.52737 -33.7089 -20.8482 -10.3669 -31.7084 -17.5528 -13.7879 -27.9964 -14.7547 -16.459 -23.3727 -12.1385 -18.803 -18.4733 -9.84562 -20.5978 -13.1947 -8.54814 -21.3046 -8.73086 -7.64092 -21.4096 -4.11836 -6.86577 -21.0529 0.505629 -6.02784 -20.3052 5.07161 -5.07325 -19.103 9.787 -4.03611 -17.5281 14.3734 -2.59716 -15.64 18.7273 -0.332227 -13.4661 22.5658 3.4303 -10.6057 26.1377 7.68938 -7.59874 28.9512 12.2962 -4.63912 31.2127 17.643 -2.18156 31.8964 23.4721 -0.708812 30.0635 28.7438 -0.0946714 26.696 33.7664 0.239321 22.9315 38.1262 -0.189629 18.4241 40.3657 -1.35726 14.402 41.5941 -3.11023 10.1624 42.043 -5.23048 5.93638 41.8413 -7.62211 1.83808 40.8079 -10.6615 -2.63321 39.0929 -13.8503 -6.77916 36.9152 -17.0678 -10.6783 34.221 -20.2491 -14.2727 31.132 -23.1848 -17.2838 27.6402 -26.0123 -19.937 23.7678 -28.6303 -22.2558 19.359 -30.755 -24.0655 13.1913 -32.3813 -25.4109 6.78715 -33.3285 -26.177 0.339579 -34.0932 -26.7608 -0.0527445 -0.210046 -0.28742 -0.30353 -0.522289 -0.48972 -0.391853 -0.282755 -0.511186 -0.453221 -0.384705 -0.304282 -0.484549 -0.403993 -0.340549 -0.293492 -0.504186 -0.431061 -0.383223 -0.479458 -0.408051 -0.633071 -0.763379 -1.11364 -0.991897 -1.22121 -1.22341 -1.18134 -1.18085 -1.07407 -0.901574 -0.721752 -1.03117 -0.817118 -0.586281 -0.220805 -0.228249 0.470739 0.867694 1.14988 1.17251 1.36999 1.3251 1.17149 0.998252 0.96646 0.896057 0.717532 0.604093 0.468278 0.362839 0.22329 1.42752 1.21902 1.04501 0.917444 1.60802 1.39673 1.21485 1.11673 1.29165 1.19462 1.11975 1.15317 0.843564 0.898613 0.939042 1.03458 0.568769 0.671396 0.782534 0.914513 0.454991 0.568272 0.726297 0.977132 0.313575 0.323604 0.217331 0.166274 -0.391027 -0.503792 -0.776691 -0.972983 -0.878568 -0.923103 -1.00621 -1.10311 -0.944168 -1.03887 -1.14847 -1.25362 -0.823231 -0.93172 -1.05703 -1.20449 0.0156515 -0.167301 -0.345123 -0.603219 -3.66213
-2.64422 -35.064 -27.0535 -6.97366 -35.2239 -26.1079 -11.1383 -34.5238 -24.7555 -15.0089 -33.0974 -23.1281 -18.4831 -31.0324 -21.3033 -21.9253 -27.9063 -19 -24.7229 -24.2334 -16.6313 -27.0083 -20.1997 -14.3002 -28.7285 -15.8278 -12.097 -29.5216 -12.236 -10.5578 -29.8036 -8.49939 -9.19518 -29.6082 -4.69215 -8.02665 -29.0176 -0.871909 -7.04913 -28.0143 3.22384 -6.19166 -26.6454 7.24634 -5.51144 -24.8419 11.1172 -4.98206 -22.5276 14.7241 -4.59345 -18.1042 19.5708 -4.27708 -13.2322 23.9777 -4.25065 -8.24312 28.2514 -4.22001 -2.60491 31.5837 -3.70801 3.36851 33.0881 -2.65643 9.46478 33.5817 -1.37456 15.5594 33.7566 -0.00489157 21.523 32.8969 1.65292 26.3881 30.7552 3.3519 30.7562 27.7495 5.09281 34.7155 24.2459 6.87952 37.8785 20.0299 8.71372 39.882 14.947 10.4192 40.9709 9.51177 11.8446 41.3818 3.97846 13.2489 40.3375 -1.43652 14.7802 37.13 -6.48923 16.2635 32.7863 -10.7204 17.3812 28.0523 -14.5354 18.4078 22.5331 -17.0441 19.5316 17.4209 -17.3434 20.4793 12.4019 -16.2557 21.3461 7.60973 -14.3662 22.1132 3.18331 -11.6938 22.7365 -1.0254 -7.47832 23.2627 -4.26074 -2.46698 23.6868 -7.29999 2.67755 23.927 -10.6683 7.60858 23.6108 -13.6593 11.5629 22.8023 -16.688 15.3759 21.5677 -19.7944 18.9242 19.8368 -23.0502 21.8694 17.3952 -26.7848 24.1488 13.8523 -30.4778 25.592 9.85553 -33.9824 26.4714 5.53805 -36.887 26.4388 0.715507 -38.7237 25.2704 -4.22604 -39.7395 23.2874 -9.14481 -40.1693 20.8119 -13.9245 -39.8056 17.8152 -18.4018 -38.4419 14.3936 -22.2345 -36.3051 10.7301 -25.4392 -33.7275 6.89159 -28.062 -30.7781 2.83644 -29.8265 -27.3489 -1.45828 -30.4776 -23.7254 -5.63247 -30.2039 -20.0848 -9.69734 -29.2812 -16.6579 -13.5839 -27.3372 -13.5173 -17.2991 -23.7769 -10.9527 -20.4707 -19.3376 -8.5628 -23.3628 -14.6189 -6.39203 -25.7178 -9.51153 -5.07874 -26.9032 -5.15497 -4.07652 -27.4981 -0.599614 -3.1744 -27.5726 4.01454 -2.20205 -27.1406 8.59467 -1.08943 -26.1435 13.3233 0.105263 -24.6507 17.8989 1.58484 -22.6359 22.1818 3.61759 -19.9829 25.8452 6.70749 -16.0857 29.0641 10.0611 -11.8094 31.4229 13.6271 -7.41406 33.1727 17.6778 -3.09224 33.2707 22.001 0.739971 30.7947 25.8444 3.74135 26.8287 29.5054 6.42656 22.4817 32.78 8.18964 17.4144 34.5712 8.37808 13.0199 35.6783 7.64596 8.45978 36.2507 6.24777 3.95711 36.3761 4.28856 -0.367529 35.961 1.37046 -5.01626 35.0479 -2.01986 -9.25543 33.7561 -5.6417 -13.194 31.9988 -9.44195 -16.7673 29.847 -13.1989 -19.6797 27.3201 -17.028 -22.1657 24.383 -20.7891 -24.2761 20.7866 -24.2267 -25.8495 15.3671 -27.7022 -26.8721 9.53606 -30.5849 -27.3038 3.61079 -33.2929 -27.5378 -0.294824 -0.355729 -0.387898 -0.393166 -0.618271 -0.604313 -0.531999 -0.448469 -0.695957 -0.651992 -0.595443 -0.525631 -0.715601 -0.642271 -0.582212 -0.533457 -0.736485 -0.656054 -0.614471 -0.727119 -0.66597 -0.88035 -1.0069 -1.41534 -1.37464 -1.62772 -1.61912 -1.54974 -1.51774 -1.3853 -1.18306 -0.970112 -1.25812 -1.04076 -0.824332 -0.497074 -0.400859 0.720115 1.36407 1.71279 1.70734 1.84907 1.77178 1.57358 1.33972 1.25915 1.16158 0.974911 0.858157 0.715874 0.624466 0.535728 1.7942 1.62085 1.46984 1.36084 2.06878 1.87425 1.704 1.60621 1.77186 1.66628 1.58419 1.58861 1.22484 1.23406 1.2582 1.35683 0.8983 1.00941 1.13329 1.28224 0.839182 0.962522 1.11494 1.32693 0.586026 0.53252 0.375474 0.206826 -0.512008 -0.719037 -1.01144 -1.25379 -1.22913 -1.32204 -1.43183 -1.54704 -1.40843 -1.51423 -1.61705 -1.71584 -1.2865 -1.38815 -1.49497 -1.62328 -0.3697 -0.461698 -0.529861 -0.655334 -3.32321
-0.26775 -32.4123 -24.3159 -4.49458 -33.3324 -23.3406 -8.74005 -33.4016 -22.0618 -12.8625 -32.6884 -20.5917 -16.739 -31.2224 -19.0142 -20.8137 -28.6252 -17.1226 -24.3619 -25.3268 -15.263 -27.4397 -21.5456 -13.4861 -29.9253 -17.2898 -11.8619 -31.2503 -13.6849 -10.7905 -31.9926 -9.86634 -9.9153 -32.176 -5.94022 -9.2439 -31.8816 -1.99338 -8.75955 -31.1104 2.22656 -8.42094 -29.8902 6.34956 -8.25066 -28.1566 10.288 -8.237 -25.8384 13.9107 -8.37556 -21.3032 18.6395 -8.85258 -16.2634 22.7959 -9.5467 -11.1007 26.7985 -10.2412 -5.29143 29.8384 -10.6504 0.84715 31.0076 -10.6884 7.09453 31.1196 -10.5944 13.3375 30.935 -10.3885 19.4485 29.8093 -9.72565 24.4291 27.4982 -8.72776 28.8981 24.3609 -7.57465 32.9852 20.8163 -6.20532 36.3179 16.7482 -4.33796 38.4819 11.987 -2.01284 39.6954 6.92899 0.375078 40.3092 1.85969 2.96037 39.6743 -2.8654 6.12701 37.0691 -6.98209 9.90634 33.3332 -10.2748 13.5422 29.233 -13.2166 17.0853 24.4439 -14.9772 20.547 19.9305 -14.8254 23.1411 15.4068 -13.4547 25.3276 10.9836 -11.4164 27.1728 6.71218 -8.76875 28.5398 2.28785 -4.82366 29.3288 -1.52235 -0.21911 29.5334 -5.20079 4.49453 29.4228 -9.07002 8.99674 28.7012 -12.3631 12.5697 27.4261 -15.6062 15.9562 25.6233 -18.8357 19.0436 23.3264 -22.0808 21.546 20.4208 -25.6382 23.4316 16.4856 -29.0466 24.5892 12.1568 -32.2482 25.2174 7.56863 -34.9121 24.9386 2.61674 -36.6273 23.5656 -2.31588 -37.6168 21.4157 -7.16946 -38.0814 18.7801 -11.8595 -37.8271 15.5932 -16.2111 -36.6633 11.9392 -19.8923 -34.7921 8.00968 -22.9444 -32.499 3.90418 -25.4231 -29.8181 -0.385775 -27.0558 -26.6324 -4.87906 -27.5945 -23.2199 -9.22113 -27.2345 -19.7598 -13.4233 -26.2355 -16.4472 -17.3715 -24.2191 -13.3127 -21.0312 -20.5963 -10.6607 -24.0661 -16.1131 -8.16199 -26.788 -11.3496 -5.88305 -28.9054 -6.1857 -4.48003 -29.8286 -1.79379 -3.39018 -30.1007 2.77217 -2.41761 -29.8092 7.36336 -1.40593 -28.9755 11.879 -0.289471 -27.5201 16.4864 0.869828 -25.5485 20.8864 2.25505 -23.063 24.9479 4.10947 -19.9794 28.3602 6.89751 -15.6393 31.2736 9.9139 -10.9734 33.3299 13.1061 -6.20863 34.8145 16.7306 -1.5226 34.7975 20.7039 2.73089 32.4251 24.3832 6.19344 28.6858 27.9234 9.37069 24.577 31.1168 11.7382 19.7081 32.9565 12.4794 15.3928 34.2178 12.3338 10.8163 34.9936 11.4945 6.20647 35.3082 10.027 1.70043 35.0595 7.58933 -3.22851 34.276 4.61144 -7.79109 33.1194 1.31425 -12.0443 31.5177 -2.33084 -15.8451 29.5162 -6.11018 -18.8347 27.1384 -10.0608 -21.2772 24.3938 -14.0241 -23.2739 21.0981 -17.8214 -24.6686 16.192 -22.0604 -25.3454 10.9365 -25.9173 -25.3045 5.57066 -29.612 -25.0697 -0.396626 -0.389214 -0.38556 -0.379941 -0.610911 -0.618466 -0.579517 -0.536157 -0.820826 -0.80827 -0.781352 -0.739168 -0.954658 -0.90233 -0.858241 -0.82254 -1.04128 -0.97682 -0.931641 -1.0092 -0.90334 -1.11112 -1.27614 -1.81993 -1.91162 -2.17624 -2.10944 -1.94304 -1.82729 -1.65155 -1.42256 -1.18401 -1.47367 -1.30621 -1.15814 -0.930833 -0.836142 1.36482 2.2585 2.41627 2.16608 2.14923 2.02627 1.82067 1.56657 1.46164 1.35506 1.18914 1.11315 1.00604 0.929658 0.837949 2.08363 1.89781 1.73462 1.60684 2.28985 2.07238 1.88574 1.77442 1.92542 1.80513 1.7125 1.71889 1.3709 1.39385 1.42232 1.52875 1.08199 1.20015 1.32456 1.46847 1.01824 1.13257 1.26633 1.44701 0.673732 0.60373 0.432658 0.231709 -0.522643 -0.747755 -1.04179 -1.28936 -1.27662 -1.37808 -1.48943 -1.6003 -1.45455 -1.55304 -1.65487 -1.76497 -1.35227 -1.46492 -1.58023 -1.72641 -0.494753 -0.574839 -0.59156 -0.622921 -3.08553
-0.815802 -29.3601 -22.7746 -5.04791 -30.2859 -21.828 -9.32062 -30.3995 -20.6468 -13.5063 -29.7542 -19.3322 -17.491 -28.367 -17.9676 -21.7565 -25.8681 -16.3902 -25.554 -22.6669 -14.8872 -28.9095 -18.9663 -13.4821 -31.6748 -14.7565 -12.2341 -33.2028 -11.1577 -11.4513 -34.1246 -7.32368 -10.8601 -34.4513 -3.36955 -10.464 -34.255 0.606808 -10.2428 -33.5361 4.84894 -10.1741 -32.3139 8.97385 -10.2673 -30.5243 12.8785 -10.5273 -28.0977 16.4056 -10.9607 -23.3281 20.8225 -11.9086 -18.0188 24.5213 -13.0436 -12.5926 28.0462 -14.1784 -6.61018 30.5854 -15.1373 -0.432243 31.2167 -15.8336 5.76463 30.7326 -16.4781 11.9484 29.9914 -16.9903 18.0236 28.5352 -16.8408 23.0057 26.1487 -16.0495 27.5136 23.0489 -14.9477 31.7056 19.6592 -13.5053 35.2728 15.9975 -11.2669 37.798 11.9289 -8.13205 39.4275 7.68644 -4.65289 40.5343 3.5087 -0.90062 40.5495 -0.193502 3.46409 38.7561 -3.18049 8.55126 35.8276 -5.42876 13.4897 32.5313 -7.42611 18.3026 28.4853 -8.56781 22.8132 24.3845 -8.31265 26.0134 20.0211 -7.13996 28.6036 15.5713 -5.45474 30.721 11.0604 -3.30809 32.1933 6.01252 -0.164309 32.8235 1.27539 3.48175 32.6575 -3.36165 7.21934 32.1188 -7.97625 10.8263 30.9118 -11.6737 13.7256 29.1344 -15.149 16.4792 26.7727 -18.4731 18.967 23.9447 -21.6508 20.9604 20.6033 -24.9203 22.4727 16.2767 -27.8859 23.4422 11.5904 -30.633 23.9397 6.70146 -32.9712 23.5265 1.59675 -34.5555 22.0484 -3.34928 -35.5549 19.8235 -8.16691 -36.131 17.0769 -12.7803 -36.137 13.6472 -16.951 -35.4153 9.60208 -20.3234 -34.1172 5.18585 -22.9822 -32.4366 0.569422 -25.0123 -30.3519 -4.19464 -26.1144 -27.7622 -9.08427 -25.9991 -24.9352 -13.7193 -24.925 -22.0225 -18.1059 -23.2214 -19.1217 -22.0138 -20.5868 -16.1928 -25.2769 -16.4496 -13.5698 -27.6686 -11.5769 -11.0406 -29.6839 -6.48924 -8.62803 -31.0558 -1.13756 -6.98634 -31.3448 3.25915 -5.55414 -30.9579 7.7211 -4.18817 -30.0235 12.1223 -2.77084 -28.5991 16.3735 -1.22294 -26.5908 20.6353 0.368054 -24.1346 24.6388 2.15607 -21.254 28.2577 4.34005 -17.9081 31.1948 7.41098 -13.4264 33.5572 10.6455 -8.71246 35.1111 14.0174 -3.94934 36.131 17.7369 0.645194 35.7417 21.7298 4.75203 33.1536 25.4223 8.10283 29.3264 28.9746 11.1872 25.1578 32.1579 13.4967 20.2545 33.9855 14.2513 15.9363 35.2395 14.168 11.3563 35.9993 13.4145 6.72901 36.2677 12.0371 2.19165 35.9193 9.70752 -2.78328 35.0069 6.84567 -7.39588 33.7055 3.65961 -11.6917 31.9311 0.103671 -15.5003 29.732 -3.60451 -18.4398 27.1385 -7.47937 -20.7822 24.1922 -11.3576 -22.6547 20.7465 -15.0689 -23.9115 15.7415 -19.2187 -24.3868 10.4392 -23.0005 -24.1007 5.03498 -26.6162 -23.6328 -0.434727 -0.411375 -0.398423 -0.388676 -0.620765 -0.63722 -0.614293 -0.591353 -0.896056 -0.901562 -0.89269 -0.867835 -1.09934 -1.05989 -1.02486 -0.995551 -1.22116 -1.1638 -1.11476 -1.16923 -1.03317 -1.24461 -1.46629 -2.12184 -2.20371 -2.41101 -2.28638 -2.03528 -1.84532 -1.63616 -1.39565 -1.1353 -1.4029 -1.25161 -1.15447 -0.981811 -1.01219 1.54063 2.6181 2.71188 2.35989 2.27027 2.12909 1.93571 1.68915 1.57956 1.4701 1.32426 1.29225 1.22684 1.16553 1.06282 2.28618 2.08025 1.89324 1.72602 2.36101 2.10391 1.89163 1.75989 1.88865 1.74675 1.63702 1.64027 1.31591 1.3667 1.40041 1.51291 1.09043 1.22982 1.36349 1.50692 1.05519 1.16957 1.29831 1.46627 0.679761 0.605076 0.433798 0.228929 -0.528932 -0.752998 -1.04126 -1.28277 -1.26615 -1.36424 -1.47105 -1.57635 -1.42485 -1.51905 -1.61931 -1.73114 -1.3236 -1.44346 -1.56683 -1.72391 -0.508599 -0.602676 -0.617355 -0.628598 -3.02926
-1.03835 -28.5196 -25.4417 -5.28739 -29.4477 -24.5767 -9.56749 -29.584 -23.425 -13.7534 -28.985 -22.0895 -17.7364 -27.6734 -20.6474 -22.0069 -25.297 -18.9029 -25.8225 -22.2373 -17.1689 -29.2102 -18.6774 -15.502 -32.0266 -14.5927 -13.982 -33.6112 -11.0706 -12.9907 -34.604 -7.29045 -12.201 -35.0112 -3.36546 -11.6287 -34.8989 0.603603 -11.2643 -34.2705 4.85682 -11.0839 -33.1384 9.00828 -11.1138 -31.4404 12.954 -11.368 -29.1075 16.5353 -11.8666 -24.4807 21.0456 -13.053 -19.3121 24.8223 -14.5291 -14.0247 28.4281 -16.0119 -8.1656 31.1199 -17.2692 -2.04556 31.9838 -18.1907 4.14209 31.7626 -19.0362 10.3358 31.3073 -19.7301 16.4922 30.2396 -19.6342 21.6393 28.29 -18.7125 26.3718 25.6576 -17.3644 30.8233 22.7714 -15.6332 34.6991 19.6921 -13.0565 37.5882 16.2696 -9.49319 39.6011 12.6637 -5.53036 41.1148 9.11323 -1.30413 41.5791 5.99383 3.47196 40.2789 3.44771 8.93497 37.8185 1.45747 14.2269 34.9754 -0.35477 19.3894 31.3057 -1.5152 24.2066 27.3636 -1.55216 27.6098 22.9945 -0.866981 30.3604 18.4205 0.226946 32.5978 13.6643 1.68761 34.1369 8.15186 3.92019 34.7617 2.80326 6.58481 34.5292 -2.47028 9.33578 33.9097 -7.66582 11.9963 32.6098 -11.7928 14.1574 30.7299 -15.6437 16.2246 28.2533 -19.2828 18.0744 25.3255 -22.6847 19.5099 21.9191 -26.0782 20.5467 17.5482 -29.0737 21.1763 12.8231 -31.8145 21.3869 7.9099 -34.1187 20.7234 2.8162 -35.6305 19.0845 -2.10181 -36.5292 16.7759 -6.89986 -37.0049 13.9601 -11.4828 -36.9357 10.4248 -15.5638 -36.1714 6.25126 -18.7661 -34.8524 1.71181 -21.1973 -33.1653 -3.00967 -22.9633 -31.1 -7.84433 -23.749 -28.5795 -12.7447 -23.2369 -25.868 -17.3263 -21.7255 -23.0712 -21.6064 -19.6072 -20.2307 -25.3307 -16.6594 -17.2742 -28.3027 -12.3271 -14.5678 -30.354 -7.34605 -11.9174 -32.0229 -2.19495 -9.25391 -33.0716 3.11062 -7.26982 -33.1374 7.37311 -5.38766 -32.5541 11.6424 -3.51906 -31.4444 15.8122 -1.58161 -29.8656 19.7951 0.529212 -27.7211 23.7369 2.6877 -25.1544 27.39 4.98468 -22.1815 30.6269 7.52607 -18.7531 33.1525 10.7831 -14.1698 35.0186 14.0519 -9.34785 36.0965 17.3759 -4.47525 36.6497 20.8509 0.249799 35.8165 24.3158 4.56683 32.8389 27.3438 8.20146 28.7001 30.2232 11.574 24.2453 32.79 14.1147 19.1008 34.2193 14.9942 14.6579 35.1462 15.0001 9.99991 35.6504 14.3095 5.32812 35.7486 12.963 0.77464 35.3266 10.6127 -4.18485 34.4423 7.67706 -8.75635 33.2087 4.40901 -13.0104 31.5163 0.80041 -16.8067 29.4159 -2.93795 -19.78 26.9387 -6.84474 -22.194 24.0996 -10.7542 -24.1645 20.7146 -14.474 -25.5544 15.6998 -18.5787 -26.2615 10.3295 -22.2744 -26.2645 4.85652 -25.8116 -26.0853 -0.470938 -0.459109 -0.452493 -0.444866 -0.675328 -0.687413 -0.659499 -0.630729 -0.92946 -0.930095 -0.917285 -0.889722 -1.11973 -1.07931 -1.04172 -1.00652 -1.22157 -1.15795 -1.11757 -1.18295 -1.04236 -1.22736 -1.42747 -2.05607 -2.10677 -2.31201 -2.19361 -1.93518 -1.72912 -1.50873 -1.26035 -0.981333 -1.2191 -1.04957 -0.955488 -0.779089 -0.866759 1.05819 2.44135 2.70328 2.40729 2.33198 2.19622 2.00703 1.75898 1.64025 1.51753 1.36527 1.3379 1.27575 1.20593 1.09506 2.31979 2.11494 1.92034 1.73893 2.36061 2.0948 1.87719 1.74047 1.86356 1.71707 1.60354 1.60259 1.27952 1.3349 1.37028 1.49198 1.09154 1.25176 1.4007 1.55533 1.11394 1.23664 1.36614 1.52344 0.717901 0.629207 0.450024 0.226847 -0.558049 -0.798599 -1.08969 -1.34047 -1.33817 -1.44672 -1.56128 -1.67517 -1.53501 -1.63823 -1.73861 -1.84404 -1.42952 -1.54367 -1.65965 -1.80355 -0.569643 -0.654561 -0.677749 -0.709042 -3.0926
1.12882 -29.2675 -24.8778 -3.06185 -30.3493 -23.9125 -7.30752 -30.5808 -22.6536 -11.4697 -30.0274 -21.2272 -15.4331 -28.7215 -19.727 -19.6759 -26.3109 -17.9623 -23.4518 -23.1882 -16.2536 -26.7987 -19.5549 -14.6648 -29.5922 -15.3988 -13.3044 -31.1788 -11.8294 -12.5038 -32.1946 -8.0127 -11.9562 -32.6503 -4.0625 -11.6613 -32.6166 -0.0758539 -11.5953 -32.1073 4.19434 -11.7483 -31.1266 8.36932 -12.1016 -29.6075 12.3606 -12.6298 -27.4741 16.0349 -13.3113 -23.1612 20.8234 -14.5868 -18.305 24.9959 -16.058 -13.3173 29.0162 -17.5132 -7.64661 32.1721 -18.5325 -1.56495 33.5623 -18.8946 4.67278 33.9305 -18.9735 10.9206 34.0311 -18.8948 17.0849 33.3011 -18.175 22.1738 31.4188 -16.8697 26.7857 28.7252 -15.2518 31.0602 25.6873 -13.3428 34.6727 22.2715 -10.808 37.2205 18.2618 -7.61613 38.8662 13.9302 -4.25651 40.0069 9.60541 -0.685362 40.1155 5.67233 3.47112 38.5015 2.25283 8.34142 35.7897 -0.583198 13.0977 32.7086 -3.18234 17.7636 28.8563 -4.8857 22.2665 24.8803 -5.07948 25.6247 20.5864 -4.33636 28.4767 16.1444 -3.06241 30.8787 11.5697 -1.28469 32.6212 6.37105 1.52352 33.5425 1.44801 4.91628 33.6629 -3.39572 8.41312 33.3942 -8.26311 11.738 32.3864 -12.2008 14.3625 30.7004 -15.9193 16.8148 28.3775 -19.4729 18.97 25.5555 -22.8415 20.5784 22.1936 -26.2442 21.59 17.824 -29.2661 22.0126 13.0926 -32.0215 21.9374 8.18363 -34.2885 20.926 3.13058 -35.6825 18.8759 -1.66648 -36.3931 16.112 -6.2506 -36.6546 12.8731 -10.5634 -36.3729 9.02763 -14.3437 -35.4039 4.67616 -17.239 -33.8836 0.0489453 -19.3686 -32.0128 -4.69373 -20.8734 -29.8046 -9.48689 -21.5108 -27.1732 -14.3301 -21.0125 -24.3607 -18.8938 -19.6377 -21.4514 -23.1877 -17.707 -18.4609 -26.9674 -14.9868 -15.2677 -30.1028 -10.9476 -12.2562 -32.4301 -6.27235 -9.29312 -34.3816 -1.39838 -6.35719 -35.6185 3.7196 -4.20542 -35.7478 7.89848 -2.21019 -35.161 12.1157 -0.308955 -33.979 16.2507 1.54401 -32.2438 20.2087 3.42021 -29.8416 24.1204 5.21312 -26.946 27.725 7.02568 -23.5927 30.8971 8.94341 -19.7342 33.3518 11.2728 -14.5862 35.1323 13.4871 -9.18043 36.1182 15.7409 -3.72116 36.581 18.2467 1.57124 35.6819 20.9197 6.39933 32.6732 23.3379 10.454 28.5233 25.6738 14.2154 24.0618 27.9192 17.0642 18.9284 29.364 18.0654 14.5164 30.5023 18.0972 9.90556 31.3501 17.364 5.29031 31.8959 15.9211 0.798461 32.1107 13.3926 -4.0861 31.9477 10.2201 -8.58136 31.4548 6.67706 -12.765 30.4753 2.76438 -16.5107 29.0082 -1.28033 -19.4629 27.1246 -5.50515 -21.8774 24.8247 -9.75243 -23.8518 21.8731 -13.8283 -25.2309 17.2184 -18.3434 -25.8982 12.1016 -22.3823 -25.8541 6.86001 -26.2514 -25.6219 -0.362634 -0.347636 -0.337541 -0.326871 -0.557077 -0.571585 -0.54379 -0.511513 -0.806596 -0.80495 -0.790354 -0.760794 -0.988584 -0.947571 -0.914866 -0.891402 -1.12511 -1.06835 -1.0241 -1.11885 -1.0442 -1.26058 -1.40443 -1.90804 -1.93079 -2.15928 -2.06771 -1.85999 -1.70359 -1.50417 -1.25735 -0.988831 -1.24702 -1.07997 -0.967161 -0.813193 -1.04964 0.761089 2.44788 2.73568 2.46213 2.41061 2.27346 2.05605 1.78452 1.65765 1.53042 1.36214 1.3075 1.22532 1.15394 1.0486 2.27868 2.08268 1.90329 1.73865 2.37344 2.11818 1.908 1.77089 1.8863 1.73169 1.61565 1.61651 1.29571 1.35291 1.39878 1.54526 1.16366 1.33074 1.47805 1.62222 1.16288 1.26498 1.36955 1.49192 0.645586 0.52961 0.335191 0.0861089 -0.729216 -0.983946 -1.27578 -1.53329 -1.54094 -1.65441 -1.7687 -1.87937 -1.73423 -1.82926 -1.91584 -2.00051 -1.56048 -1.64952 -1.74326 -1.86406 -0.599745 -0.65611 -0.663783 -0.685548 -3.17157
1.08342 -30.1447 -24.4498 -3.06722 -31.1451 -23.2519 -7.23085 -31.2099 -21.7274 -11.2555 -30.4364 -20.0339 -15.0226 -28.8874 -18.2806 -18.9584 -26.1857 -16.2464 -22.3581 -22.7803 -14.3041 -25.3016 -18.891 -12.5331 -27.7083 -14.5318 -11.0726 -29.0292 -10.8568 -10.2675 -29.8182 -6.97924 -9.77686 -30.0945 -3.00582 -9.59157 -29.9336 0.977312 -9.67851 -29.346 5.22518 -10.0358 -28.3424 9.3688 -10.6191 -26.848 13.3316 -11.3804 -24.7796 16.9971 -12.2761 -20.6225 21.8401 -13.8324 -15.962 26.1256 -15.5849 -11.1669 30.2723 -17.3078 -5.61866 33.6151 -18.4025 0.407699 35.2619 -18.5485 6.61409 35.9248 -18.2445 12.8325 36.3102 -17.761 18.9566 35.8118 -16.6218 23.978 34.0863 -14.9038 28.4865 31.5185 -12.8487 32.6196 28.5636 -10.5401 36.0369 25.1352 -7.7631 38.3446 20.9995 -4.5493 39.7366 16.4863 -1.31636 40.5968 11.9433 2.05692 40.3757 7.6956 5.88647 38.3849 3.79313 10.2253 35.3105 0.390728 14.3473 31.8751 -2.76235 18.3815 27.6961 -4.93846 22.3588 23.5007 -5.44631 25.4026 19.0368 -4.95025 28.0392 14.4639 -3.8564 30.2788 9.82869 -2.13993 31.9197 4.69591 0.784927 32.8475 -0.0435721 4.42373 33.0885 -4.67765 8.20097 32.9485 -9.34233 11.8191 31.9939 -13.0899 14.7018 30.2963 -16.5921 17.4153 27.9281 -19.9093 19.8175 25.0192 -23.0169 21.6232 21.5093 -26.0782 22.7577 16.9227 -28.7102 23.2161 11.9671 -31.0507 23.1376 6.84728 -32.8801 22.0892 1.62715 -33.8302 19.959 -3.24289 -34.0862 17.0857 -7.80766 -33.925 13.7355 -12.0396 -33.3221 9.79253 -15.6793 -32.1724 5.35428 -18.3695 -30.578 0.643024 -20.2455 -28.7189 -4.18136 -21.4809 -26.6494 -9.06296 -21.8609 -24.325 -14.0308 -21.1219 -21.9296 -18.7587 -19.5287 -19.4706 -23.2355 -17.398 -16.9227 -27.2146 -14.5165 -14.1777 -30.6099 -10.3595 -11.5805 -33.2436 -5.599 -9.00186 -35.5011 -0.639398 -6.35343 -36.9947 4.56624 -4.31778 -37.2757 8.79557 -2.35963 -36.7968 13.0437 -0.459485 -35.6761 17.1962 1.39696 -33.9474 21.1554 3.2744 -31.4934 25.0343 5.06107 -28.503 28.5639 6.82302 -25.0274 31.6311 8.59009 -21.0247 33.9651 10.5864 -15.6874 35.5855 12.3679 -10.0949 36.3903 14.1533 -4.45294 36.67 16.1512 1.02517 35.6233 18.2669 6.06337 32.5171 20.1356 10.3387 28.3053 21.9511 14.3169 23.7901 23.8233 17.3588 18.618 25.1459 18.477 14.1957 26.2896 18.5967 9.58766 27.2445 17.9232 4.98427 27.9992 16.5058 0.514588 28.586 13.956 -4.32825 28.8914 10.7167 -8.76807 28.8968 7.07545 -12.896 28.4113 3.03447 -16.6019 27.4077 -1.15958 -19.5395 25.9795 -5.55801 -21.9564 24.0899 -10.004 -23.9287 21.4349 -14.2882 -25.2787 16.9654 -18.997 -25.8688 11.9347 -23.141 -25.7448 6.76664 -27.1008 -25.4154 -0.339604 -0.334716 -0.327562 -0.31502 -0.541796 -0.551048 -0.512627 -0.463949 -0.742909 -0.728571 -0.703101 -0.664088 -0.883687 -0.837215 -0.803813 -0.783626 -1.02214 -0.962941 -0.919972 -1.04571 -1.0229 -1.26146 -1.38593 -1.8368 -1.80439 -2.01536 -1.93673 -1.76111 -1.63273 -1.44576 -1.20414 -0.94043 -1.19426 -1.00469 -0.865043 -0.687205 -0.891866 0.555028 2.02864 2.50167 2.36174 2.37605 2.25371 2.03487 1.76918 1.65079 1.53033 1.36608 1.31529 1.24083 1.18526 1.09953 2.34508 2.16236 1.99576 1.83762 2.47235 2.2176 2.0082 1.86245 1.95729 1.78131 1.64892 1.62675 1.27412 1.30475 1.33621 1.48464 1.11937 1.30189 1.45868 1.60791 1.15215 1.25513 1.35281 1.45906 0.592245 0.462195 0.258335 -0.00810931 -0.845122 -1.11139 -1.40472 -1.6684 -1.68461 -1.80255 -1.91795 -2.02885 -1.88326 -1.97354 -2.04895 -2.11766 -1.65965 -1.73075 -1.80685 -1.90832 -0.620533 -0.657565 -0.6593 -0.691182 -3.21573
-0.113074 -30.0951 -25.8922 -4.24064 -31.0809 -24.6058 -8.33843 -31.0946 -22.9112 -12.2444 -30.2437 -20.9918 -15.8344 -28.6016 -18.972 -19.4829 -25.7809 -16.5931 -22.5235 -22.2592 -14.2954 -25.0759 -18.272 -12.1705 -27.0971 -13.8491 -10.3594 -28.143 -10.1525 -9.29171 -28.6875 -6.27275 -8.55022 -28.7595 -2.30832 -8.12966 -28.4417 1.66411 -7.99745 -27.7398 5.90735 -8.13646 -26.6751 10.0585 -8.52559 -25.1691 14.0439 -9.1301 -23.1359 17.7524 -9.92352 -19.1085 22.7159 -11.4403 -14.6331 27.1794 -13.2306 -10.0239 31.5102 -15.0072 -4.59743 35.0056 -16.2282 1.39113 36.75 -16.6083 7.59755 37.479 -16.6075 13.8277 37.9311 -16.4285 19.9991 37.5074 -15.5431 25.0944 35.8415 -13.9916 29.6862 33.3219 -12.0654 33.9117 30.4133 -9.86799 37.4434 27.042 -7.16533 39.8893 22.9788 -3.96115 41.4254 18.5452 -0.683662 42.4292 14.0713 2.74182 42.3506 9.845 6.60059 40.5021 5.88407 10.9494 37.5587 2.37499 15.0775 34.2478 -0.902791 19.1165 30.1549 -3.26695 23.076 25.9644 -4.00954 26.0779 21.4449 -3.79445 28.6571 16.7833 -2.99969 30.8393 12.033 -1.58813 32.4412 6.71733 0.993131 33.3587 1.74457 4.30497 33.6136 -3.12648 7.77233 33.5034 -7.99323 11.132 32.615 -11.8874 13.8712 31.0124 -15.523 16.5093 28.7631 -18.9503 18.8989 25.9738 -22.1223 20.7761 22.5604 -25.1964 22.1135 18.0375 -27.8056 22.8697 13.1064 -30.0964 23.129 7.97009 -31.8147 22.4497 2.65205 -32.5799 20.7107 -2.40248 -32.6016 18.2488 -7.20842 -32.1975 15.2867 -11.7052 -31.3677 11.6537 -15.613 -30.019 7.42965 -18.5448 -28.2523 2.8694 -20.6281 -26.2724 -1.85781 -22.0391 -24.1956 -6.72478 -22.5453 -22.0247 -11.7694 -21.8611 -19.9041 -16.6242 -20.2603 -17.7871 -21.2584 -18.099 -15.6693 -25.4548 -15.1778 -13.5213 -29.1802 -10.9528 -11.6098 -32.2011 -6.09855 -9.71564 -34.867 -1.03402 -7.66312 -36.8134 4.28973 -5.99732 -37.4922 8.63419 -4.32199 -37.4342 13.0274 -2.6207 -36.7306 17.3541 -0.868252 -35.3944 21.5079 1.01189 -33.3202 25.6012 2.89888 -30.6746 29.3472 4.82848 -27.499 32.6312 6.81462 -23.7301 35.1693 9.12556 -18.5856 36.9837 11.2572 -13.1388 37.9251 13.3838 -7.62366 38.323 15.64 -2.22627 37.3878 17.8864 2.80713 34.3668 19.7901 7.11805 30.2073 21.6132 11.15 25.743 23.4264 14.3178 20.6257 24.6365 15.6086 16.2183 25.6288 15.958 11.5869 26.4212 15.5542 6.92157 27.0233 14.4389 2.34444 27.4591 12.2676 -2.69482 27.6383 9.41529 -7.39916 27.5399 6.14994 -11.8293 26.9923 2.44947 -15.8673 25.9855 -1.47555 -19.1548 24.5969 -5.65876 -21.9476 22.7575 -9.94223 -24.2918 20.1378 -14.1332 -25.9649 15.6957 -18.8224 -26.8455 10.6974 -23.0062 -26.9427 5.56063 -27.0178 -26.8064 -0.376329 -0.386869 -0.386327 -0.374546 -0.597912 -0.598612 -0.546743 -0.481297 -0.74396 -0.715423 -0.676624 -0.626036 -0.836289 -0.78278 -0.742477 -0.713337 -0.939642 -0.877354 -0.842949 -0.962844 -0.914652 -1.13633 -1.26681 -1.75291 -1.76693 -1.99852 -1.92457 -1.74579 -1.61167 -1.42058 -1.1762 -0.907123 -1.15269 -0.957214 -0.814291 -0.625193 -0.823522 0.412522 1.76148 2.34521 2.27992 2.32285 2.20975 2.00294 1.75006 1.63765 1.51896 1.3604 1.32261 1.25959 1.20837 1.13237 2.3961 2.22831 2.06802 1.91226 2.5516 2.3032 2.09727 1.94824 2.03423 1.8499 1.7089 1.66444 1.27278 1.26784 1.2763 1.40454 1.02915 1.21243 1.37764 1.54281 1.1073 1.22835 1.34062 1.46116 0.607674 0.484193 0.279939 0.0125965 -0.82599 -1.09697 -1.39713 -1.66791 -1.69065 -1.81455 -1.93619 -2.05353 -1.91411 -2.00879 -2.08835 -2.16378 -1.71251 -1.78657 -1.86489 -1.97428 -0.701283 -0.745909 -0.748149 -0.797612 -3.31067
-1.55991 -29.8539 -27.9503 -5.60895 -30.7208 -26.3637 -9.52131 -30.6098 -24.2793 -13.1518 -29.6376 -21.9259 -16.3925 -27.8904 -19.4541 -19.5522 -24.9789 -16.5444 -22.0459 -21.3999 -13.7338 -24.0423 -17.3784 -11.1319 -25.5491 -12.9396 -8.90625 -26.2534 -9.24523 -7.58171 -26.5153 -5.37881 -6.64313 -26.3698 -1.43367 -6.08329 -25.9007 2.51988 -5.86418 -25.1065 6.74798 -5.96131 -24.0169 10.8925 -6.35256 -22.548 14.8863 -6.99158 -20.6111 18.6329 -7.84491 -16.8246 23.7383 -9.50449 -12.6604 28.41 -11.5024 -8.35941 32.9619 -13.4868 -3.14919 36.7432 -14.7946 2.7298 38.842 -15.0828 8.87363 39.9673 -14.8878 15.0545 40.8026 -14.5004 21.2052 40.6814 -13.4025 26.2903 39.1971 -11.6471 30.855 36.8021 -9.50921 35.0315 33.9607 -7.13694 38.487 30.5426 -4.39466 40.8287 26.3019 -1.3466 42.2421 21.6298 1.64198 43.102 16.8809 4.71887 42.8501 12.2956 8.13483 40.7989 7.84164 11.8729 37.6562 3.79546 15.3038 34.1518 -0.00806778 18.6611 29.8901 -2.84689 22.0958 25.5948 -3.92455 24.8367 20.9992 -3.98699 27.2863 16.283 -3.41601 29.4207 11.5164 -2.13801 31.0852 6.25084 0.437158 32.2697 1.38716 3.84925 32.9507 -3.37373 7.45203 33.2908 -8.1751 10.9824 32.796 -12.0454 13.9035 31.4827 -15.6732 16.752 29.4924 -19.0982 19.3679 26.9111 -22.258 21.4663 23.6174 -25.2814 23.0119 19.1267 -27.7989 23.9289 14.1752 -29.9686 24.329 8.99562 -31.517 23.7808 3.61071 -32.0538 22.1474 -1.50804 -31.8014 19.7728 -6.35119 -31.1224 16.8918 -10.8676 -30.0604 13.337 -14.791 -28.5419 9.17782 -17.7325 -26.6531 4.66712 -19.8165 -24.6002 -0.0278078 -21.231 -22.537 -4.89773 -21.764 -20.4962 -10.0041 -21.1402 -18.5874 -14.9713 -19.6196 -16.7161 -19.7494 -17.5467 -14.8708 -24.1358 -14.7214 -13.0558 -28.1476 -10.6038 -11.5016 -31.5155 -5.85138 -9.95336 -34.5447 -0.874413 -8.17816 -36.8636 4.39959 -6.65776 -37.8413 8.74041 -5.0685 -38.0794 13.1594 -3.40276 -37.6528 17.5359 -1.63605 -36.559 21.754 0.312764 -34.6972 25.9168 2.31193 -32.2263 29.7234 4.38016 -29.189 33.0535 6.51645 -25.5151 35.609 9.0015 -20.4381 37.3827 11.294 -15.0407 38.2258 13.5657 -9.57635 38.5052 15.9165 -4.24332 37.4425 18.1696 0.696354 34.2753 20.0096 4.88497 29.9649 21.7528 8.79515 25.3626 23.4717 11.8762 20.1605 24.5955 13.1405 15.7227 25.4947 13.501 11.0732 26.1937 13.1501 6.38862 26.7116 12.1413 1.77659 27.0751 10.1602 -3.34604 27.2087 7.53847 -8.18416 27.0674 4.51448 -12.7813 26.457 1.06097 -17.0239 25.3745 -2.62233 -20.5578 23.9046 -6.56729 -23.6406 21.9724 -10.6397 -26.269 19.2323 -14.6624 -28.1495 14.6193 -19.1637 -29.1264 9.45394 -23.1392 -29.2324 4.16708 -26.9499 -29.0747 -0.458333 -0.479984 -0.474992 -0.450422 -0.65698 -0.639835 -0.569109 -0.480639 -0.719756 -0.67101 -0.614032 -0.548067 -0.745821 -0.683572 -0.638107 -0.60536 -0.827058 -0.761043 -0.733991 -0.875603 -0.849374 -1.07191 -1.18635 -1.64232 -1.64717 -1.88862 -1.83407 -1.68723 -1.58078 -1.4008 -1.15819 -0.891293 -1.1336 -0.920006 -0.757258 -0.569891 -0.822444 0.164744 1.38132 2.11403 2.18767 2.29956 2.19712 1.97851 1.72248 1.61247 1.49426 1.33221 1.29145 1.22971 1.18526 1.12192 2.40081 2.24699 2.0984 1.95102 2.59616 2.35314 2.15051 1.99723 2.07117 1.87462 1.72452 1.66588 1.2514 1.22478 1.22019 1.34364 0.971366 1.16124 1.33552 1.51292 1.09066 1.22191 1.34123 1.46791 0.619071 0.496144 0.288835 0.0182597 -0.822723 -1.09615 -1.39995 -1.67542 -1.7021 -1.82854 -1.95172 -2.06974 -1.93016 -2.0234 -2.10016 -2.17117 -1.71404 -1.78305 -1.86232 -1.9834 -0.733277 -0.794567 -0.805005 -0.886305 -3.3497
-1.51791 -31.3614 -25.5286 -5.5882 -32.0047 -23.8908 -9.50698 -31.6666 -21.8432 -13.1407 -30.481 -19.595 -16.3907 -28.543 -17.2828 -19.5789 -25.4402 -14.6117 -22.1225 -21.6992 -12.0696 -24.1834 -17.5425 -9.74538 -25.7652 -13.0019 -7.794 -26.5353 -9.25487 -6.66901 -26.8701 -5.35432 -5.91254 -26.8024 -1.38766 -5.5129 -26.4128 2.57972 -5.43095 -25.7038 6.81831 -5.65183 -24.697 10.9728 -6.14564 -23.3062 14.9799 -6.87046 -21.4396 18.7454 -7.79417 -17.7427 23.892 -9.52687 -13.6563 28.6179 -11.5576 -9.43148 33.2252 -13.5776 -4.27926 37.0473 -14.9925 1.57961 39.1704 -15.4574 7.72227 40.3188 -15.4636 13.9103 41.1728 -15.2887 20.1028 41.0363 -14.4617 25.2679 39.5023 -13.0083 29.938 37.0399 -11.1999 34.2341 34.116 -9.16558 37.8258 30.5829 -6.76542 40.3164 26.1941 -4.06484 41.876 21.3667 -1.41485 42.8856 16.454 1.34273 42.7913 11.6796 4.49761 40.8988 7.00828 8.04942 37.8926 2.75517 11.3499 34.5223 -1.24726 14.6118 30.4071 -4.27271 18.0659 26.2393 -5.48658 20.9433 21.7652 -5.66342 23.6031 17.1616 -5.17958 25.9899 12.5036 -3.93757 27.9609 7.37122 -1.32809 29.5765 2.65715 2.16242 30.7406 -1.9604 5.8694 31.5763 -6.65441 9.5745 31.5694 -10.4637 12.7187 30.6532 -14.0531 15.8425 29.0423 -17.4762 18.7616 26.8067 -20.6946 21.1735 23.7966 -23.8533 23.0612 19.5357 -26.5454 24.3016 14.7493 -28.9194 24.9953 9.69173 -30.722 24.6625 4.36863 -31.5404 23.1238 -0.742176 -31.5784 20.7578 -5.59595 -31.1889 17.8428 -10.1247 -30.4141 14.2216 -14.0547 -29.1657 9.9653 -16.9842 -27.5282 5.34168 -19.0332 -25.7076 0.538497 -20.4014 -23.8453 -4.41638 -20.8895 -21.9631 -9.57806 -20.224 -20.1681 -14.5752 -18.6635 -18.3813 -19.3678 -16.5499 -16.5765 -23.7465 -13.6867 -14.7328 -27.7131 -9.53816 -13.0949 -31.0104 -4.76439 -11.4467 -33.9544 0.231622 -9.56218 -36.1531 5.51914 -7.94594 -36.999 9.85301 -6.25451 -37.0779 14.2397 -4.48483 -36.4777 18.5546 -2.61827 -35.2042 22.6782 -0.575331 -33.1502 26.7032 1.50614 -30.4933 30.3365 3.6546 -27.2998 33.4634 5.87906 -23.5285 35.7917 8.47834 -18.4167 37.2789 10.8813 -13.0301 37.8338 13.2734 -7.61018 37.8335 15.7946 -2.40998 36.5305 18.2929 2.28868 33.1854 20.4081 6.20962 28.7512 22.4293 9.8426 24.0368 24.4174 12.6034 18.7514 25.726 13.5973 14.2955 26.7833 13.6771 9.66598 27.6066 13.0371 5.03247 28.2017 11.7278 0.50608 28.5844 9.39344 -4.46409 28.679 6.42924 -9.10124 28.4649 3.07939 -13.4637 27.7424 -0.671123 -17.4273 26.5046 -4.59 -20.6425 24.8427 -8.72002 -23.3643 22.7115 -12.9183 -25.6135 19.7949 -16.9735 -27.1217 15.0117 -21.3669 -27.6827 9.70696 -25.1463 -27.4116 4.29068 -28.7373 -26.8964 -0.354897 -0.371577 -0.364636 -0.339895 -0.548354 -0.535142 -0.469193 -0.386588 -0.632351 -0.590386 -0.540749 -0.48229 -0.687534 -0.632209 -0.592925 -0.566147 -0.795916 -0.738979 -0.713272 -0.843499 -0.800133 -1.01528 -1.13015 -1.60429 -1.66742 -1.94293 -1.89916 -1.75922 -1.65712 -1.47582 -1.22795 -0.95909 -1.20572 -0.9974 -0.841182 -0.687695 -1.03868 -0.19635 1.14586 2.07319 2.22461 2.35681 2.25096 2.02296 1.76696 1.6601 1.53991 1.36804 1.3158 1.24782 1.19504 1.11234 2.37066 2.20433 2.04803 1.89267 2.53019 2.28171 2.07508 1.91845 1.99021 1.79224 1.64039 1.58205 1.17248 1.15121 1.14916 1.27839 0.91437 1.10981 1.2867 1.46468 1.04191 1.17209 1.29046 1.41774 0.57205 0.453085 0.249827 -0.0128851 -0.840682 -1.10165 -1.39617 -1.6595 -1.67235 -1.78712 -1.89996 -2.0082 -1.85883 -1.9445 -2.01614 -2.08197 -1.62072 -1.68873 -1.76753 -1.88487 -0.628831 -0.690572 -0.702432 -0.774672 -3.33085
0.960996 -30.8778 -26.4731 -3.14923 -31.4788 -24.9212 -7.11776 -31.1162 -22.9762 -10.8187 -29.9259 -20.8431 -14.1641 -28.0049 -18.6562 -17.5105 -24.9442 -16.1341 -20.2564 -21.2551 -13.7305 -22.5459 -17.149 -11.5337 -24.3729 -12.651 -9.7014 -25.3403 -8.92602 -8.65877 -25.8739 -5.03439 -7.97378 -25.9967 -1.06338 -7.63518 -25.7809 2.91799 -7.60705 -25.2358 7.17772 -7.88005 -24.3642 11.3574 -8.41588 -23.0719 15.3936 -9.16156 -21.2571 19.1873 -10.0732 -17.5483 24.3533 -11.7208 -13.3844 29.059 -13.6379 -9.07896 33.6453 -15.5314 -3.88427 37.4921 -16.703 1.96784 39.6825 -16.7735 8.07721 40.9053 -16.2923 14.222 41.8329 -15.6349 20.3471 41.8172 -14.3964 25.4645 40.4622 -12.6301 30.1218 38.2192 -10.5272 34.4258 35.4918 -8.25116 38.0768 32.0709 -5.77899 40.7404 27.6985 -3.22068 42.5695 22.8315 -0.827932 43.8519 17.8162 1.6136 43.9705 12.7688 4.30923 42.2457 7.57511 7.14984 39.3923 2.69137 9.60467 36.1522 -1.95721 12.0361 32.0638 -5.64776 14.808 27.8196 -7.41601 17.254 23.2134 -8.10877 19.5835 18.4708 -8.06765 21.7353 13.72 -7.12716 23.6508 8.59862 -4.65235 25.4968 4.01147 -1.1667 27.0998 -0.445579 2.59085 28.4329 -4.95675 6.47953 28.9704 -8.57313 9.94518 28.5867 -11.9492 13.5195 27.5558 -15.191 16.9678 25.8716 -18.3137 19.9479 23.3019 -21.4678 22.4705 19.3797 -24.2162 24.3233 14.8289 -26.6862 25.5845 9.92946 -28.6397 25.6838 4.65033 -29.6371 24.3541 -0.487228 -29.8564 22.0381 -5.36023 -29.6507 19.1051 -9.88946 -29.0725 15.4298 -13.803 -28.0255 11.0813 -16.6756 -26.5896 6.34575 -18.6173 -24.9778 1.43773 -19.8706 -23.34 -3.60141 -20.2971 -21.6933 -8.84521 -19.6493 -20.1192 -13.9373 -18.1586 -18.5453 -18.8386 -16.1267 -16.9492 -23.351 -13.3483 -15.3104 -27.512 -9.30554 -13.8452 -31.0501 -4.64942 -12.3616 -34.231 0.252032 -10.6512 -36.6017 5.52444 -9.17944 -37.5114 9.89668 -7.63729 -37.5935 14.338 -6.018 -36.9434 18.7044 -4.30345 -35.5633 22.8597 -2.42787 -33.3369 26.8744 -0.520905 -30.4709 30.444 1.46292 -27.0745 33.4641 3.55868 -23.1467 35.6486 6.06376 -17.9285 36.9108 8.40378 -12.4929 37.1877 10.7612 -7.06426 36.9227 13.3589 -1.94168 35.4708 16.1339 2.59335 32.1181 18.6539 6.33409 27.7401 21.106 9.79328 23.1 23.5691 12.4212 17.9486 25.2929 13.3731 13.6267 26.8002 13.4601 9.12371 28.0763 12.8534 4.58939 29.0971 11.5889 0.126684 29.9219 9.32152 -4.82074 30.4155 6.43836 -9.48361 30.5618 3.15871 -13.9019 30.1232 -0.557477 -17.9387 29.0547 -4.46642 -21.2259 27.485 -8.5874 -24.0152 25.4024 -12.7739 -26.3311 22.4973 -16.8136 -27.9018 17.6772 -21.1595 -28.5143 12.3081 -24.8479 -28.2572 6.82538 -28.3396 -27.7626 -0.238762 -0.256682 -0.250095 -0.224144 -0.431554 -0.419812 -0.357697 -0.279679 -0.529961 -0.492613 -0.448131 -0.394653 -0.604158 -0.552633 -0.518155 -0.498269 -0.737223 -0.682183 -0.653676 -0.799184 -0.787754 -1.02464 -1.13301 -1.53902 -1.51002 -1.76012 -1.73709 -1.63802 -1.57369 -1.41601 -1.18434 -0.927432 -1.17551 -0.957395 -0.792308 -0.636423 -1.00482 -0.351385 0.635575 1.66444 2.07399 2.32058 2.23397 2.02338 1.80796 1.73322 1.62291 1.44075 1.37543 1.30441 1.24575 1.13917 2.37107 2.19148 2.03168 1.87377 2.50846 2.2596 2.05281 1.891 1.95318 1.74654 1.58756 1.51918 1.09575 1.06179 1.05334 1.18462 0.823796 1.0198 1.19598 1.37325 0.949445 1.07717 1.19171 1.31649 0.472421 0.357179 0.154477 -0.107991 -0.929566 -1.18216 -1.47092 -1.72626 -1.72869 -1.83391 -1.93712 -2.03429 -1.8721 -1.9469 -2.01145 -2.06971 -1.59973 -1.66173 -1.7381 -1.85461 -0.600197 -0.669742 -0.685688 -0.755957 -3.42811
2.93971 -28.746 -27.3517 -1.29073 -29.3254 -26.1553 -5.43718 -28.9471 -24.6296 -9.36265 -27.7518 -22.9485 -12.9759 -25.839 -21.231 -16.6938 -22.8003 -19.2635 -19.8595 -19.1364 -17.3977 -22.574 -15.0538 -15.6974 -24.7852 -10.5767 -14.2854 -25.9993 -6.86346 -13.4877 -26.7265 -2.97745 -12.9692 -26.9807 0.993824 -12.7181 -26.828 4.97819 -12.704 -26.2742 9.24027 -12.9162 -25.3193 13.4175 -13.3113 -23.8722 17.4377 -13.8213 -21.832 21.1844 -14.3835 -17.6663 26.1833 -15.287 -12.9535 30.6397 -16.3294 -8.10886 34.963 -17.327 -2.57295 38.4929 -17.5477 3.34283 40.3084 -16.677 9.37448 41.1137 -15.2552 15.4036 41.6241 -13.6929 21.3237 41.2703 -11.7238 26.2094 39.7343 -9.50697 30.6519 37.3956 -7.07001 34.7621 34.5915 -4.54283 38.2809 31.0916 -1.99075 40.9541 26.6507 0.436248 42.929 21.7273 2.58542 44.3732 16.6214 4.73069 44.5909 11.3772 7.01272 42.9239 5.87418 9.23895 40.1357 0.660892 10.9901 36.9317 -4.3175 12.7132 32.7432 -8.32772 14.8091 28.32 -10.2994 16.7249 23.516 -11.1127 18.5645 18.5993 -11.127 20.2821 13.7342 -10.1725 21.8768 8.6046 -7.59074 23.5449 4.12865 -3.9453 25.1063 -0.17696 -0.015116 26.4392 -4.51243 4.0603 27.0359 -7.95274 7.71284 26.7922 -11.1427 11.5047 25.9663 -14.2245 15.1876 24.4915 -17.2523 18.3924 22.0835 -20.3842 21.1193 18.2822 -23.1672 23.1308 13.8207 -25.6997 24.5084 8.98498 -27.7379 24.6285 3.7384 -28.8217 23.1935 -1.35314 -29.1169 20.6903 -6.1286 -28.9735 17.5478 -10.5175 -28.4352 13.6762 -14.243 -27.397 9.17003 -16.8648 -25.9476 4.32405 -18.4998 -24.3143 -0.647837 -19.4327 -22.6495 -5.69431 -19.5711 -20.9571 -10.8879 -18.6815 -19.3167 -15.8964 -16.9926 -17.6786 -20.6969 -14.7788 -16.0463 -25.0928 -11.8393 -14.4007 -29.1225 -7.6683 -12.9371 -32.543 -2.92463 -11.4731 -35.5906 2.06667 -9.85876 -37.753 7.45755 -8.5415 -38.4316 11.9201 -7.21529 -38.2318 16.427 -5.85749 -37.2584 20.8223 -4.44448 -35.5154 24.9546 -2.92907 -32.875 28.8692 -1.41486 -29.5896 32.2613 0.166725 -25.8026 35.0451 1.88056 -21.5537 36.9428 3.98551 -16.0819 37.7956 5.96942 -10.5029 37.6037 8.00129 -4.9839 36.8894 10.3813 0.149952 35.1354 13.1491 4.60326 31.669 15.8286 8.21849 27.2804 18.4777 11.5544 22.6583 21.2069 14.1197 17.6105 23.2338 15.0975 13.4281 25.1263 15.2648 9.07536 26.8319 14.7606 4.67153 28.2937 13.5989 0.304578 29.6275 11.4484 -4.58366 30.6278 8.68252 -9.23638 31.2634 5.49444 -13.6783 31.2518 1.80338 -17.7617 30.4994 -2.14129 -21.0935 29.173 -6.32329 -23.9182 27.2831 -10.5732 -26.2833 24.5091 -14.6677 -27.9463 19.7498 -19.0541 -28.7236 14.381 -22.7503 -28.6191 8.88063 -26.2344 -28.2971 -0.069412 -0.0903697 -0.0943988 -0.0799664 -0.298857 -0.298625 -0.249255 -0.187406 -0.454132 -0.430221 -0.397013 -0.351664 -0.565633 -0.515649 -0.483298 -0.469585 -0.719357 -0.664619 -0.621076 -0.768511 -0.783299 -1.04313 -1.14777 -1.47249 -1.31702 -1.51323 -1.48961 -1.40989 -1.37115 -1.23695 -1.02834 -0.793259 -1.05584 -0.842703 -0.675825 -0.502777 -0.830733 -0.179251 0.650255 1.5373 1.97771 2.27373 2.20265 2.0104 1.82305 1.77028 1.66788 1.47835 1.40017 1.3217 1.25644 1.13333 2.34735 2.15821 1.99671 1.8409 2.47879 2.23384 2.03104 1.87219 1.93668 1.73277 1.57597 1.50648 1.0778 1.03911 1.03047 1.15931 0.786223 0.967555 1.12905 1.2913 0.852301 0.966 1.06653 1.1775 0.323833 0.205886 -0.000872076 -0.273241 -1.10153 -1.35234 -1.63639 -1.88775 -1.8858 -1.98552 -2.08121 -2.16885 -1.99567 -2.06069 -2.11765 -2.1678 -1.6895 -1.74525 -1.81492 -1.9201 -0.651567 -0.72076 -0.737855 -0.78945 -3.61858
5.65516 -25.8728 -30.4645 1.4225 -26.7635 -29.4873 -2.80264 -26.7046 -28.1425 -6.86629 -25.8181 -26.6046 -10.6666 -24.1929 -24.9981 -14.6574 -21.4564 -23.124 -18.1355 -18.0555 -21.3173 -21.1713 -14.1936 -19.6449 -23.683 -9.88129 -18.2226 -25.0973 -6.24872 -17.3843 -25.9873 -2.40681 -16.7957 -26.3589 1.54774 -16.4462 -26.274 5.53177 -16.3083 -25.7387 9.80118 -16.3599 -24.7536 13.9854 -16.5577 -23.2388 18.005 -16.8113 -21.1019 21.7333 -17.0364 -16.7462 26.645 -17.2808 -11.7903 30.9457 -17.5979 -6.71367 35.1073 -17.854 -1.14373 38.532 -17.2192 4.56107 40.3265 -15.4067 10.2642 41.1474 -12.9876 15.9493 41.6829 -10.4491 21.5211 41.4516 -7.62899 26.1356 40.172 -4.76319 30.3706 38.1798 -1.7235 34.3331 35.7008 1.32554 37.8418 32.4219 4.16844 40.7236 28.1146 6.59739 43.0669 23.2857 8.58458 44.8969 18.1873 10.4327 45.4531 12.7288 12.0617 44.1268 6.79241 13.0705 41.7028 1.12818 13.3142 38.8145 -4.31683 13.4841 34.7236 -8.89708 14.0352 30.1926 -11.3768 14.7019 25.1896 -12.6486 15.3916 20.047 -13.0501 16.1105 14.9594 -12.3925 17.0092 9.64136 -10.0327 18.3911 5.07721 -6.54187 20.0475 0.737376 -2.72589 21.5854 -3.54132 1.35013 22.5019 -6.82525 5.14555 22.7177 -9.78877 9.19575 22.4952 -12.6497 13.2336 21.6313 -15.5216 16.8792 19.7085 -18.5479 20.1488 16.2665 -21.2579 22.7108 12.049 -23.7486 24.6006 7.36702 -25.7933 25.083 2.1439 -26.9017 23.771 -2.97542 -27.2102 21.2255 -7.72759 -27.0812 17.9681 -12.0324 -26.5836 13.9396 -15.5936 -25.6189 9.25958 -17.9224 -24.2695 4.26478 -19.1425 -22.765 -0.809656 -19.6367 -21.2734 -5.90707 -19.4154 -19.8067 -11.1184 -18.2667 -18.415 -16.1355 -16.3903 -17.0318 -20.9495 -14.0362 -15.6476 -25.4001 -11.052 -14.2347 -29.6059 -6.9704 -12.9589 -33.3197 -2.39608 -11.672 -36.6772 2.44286 -10.2341 -39.1028 7.77136 -9.04314 -39.9445 12.2416 -7.83535 -39.8647 16.7853 -6.60669 -38.9493 21.2309 -5.35515 -37.177 25.4026 -4.05342 -34.4126 29.3085 -2.79084 -30.9464 32.6228 -1.49865 -26.9611 35.2761 -0.122371 -22.5209 37.0029 1.51983 -16.859 37.5901 3.00237 -11.1471 37.0662 4.53405 -5.51748 36.0368 6.48308 -0.261132 34.1212 8.96008 4.37978 30.681 11.4821 8.23336 26.4032 14.0152 11.8293 21.9129 16.7518 14.743 17.062 18.9457 16.0844 13.069 21.141 16.6832 8.9002 23.2453 16.6379 4.64267 25.1785 15.9328 0.362226 27.1401 14.2928 -4.5123 28.8343 12.0138 -9.22767 30.1883 9.25859 -13.7965 30.8749 5.88359 -18.0902 30.7328 2.112 -21.6933 29.9646 -1.98663 -24.8298 28.5862 -6.2321 -27.5322 26.243 -10.4354 -29.5491 21.854 -15.1048 -30.7448 16.736 -19.134 -31.0068 11.4581 -22.9601 -31.0461 0.107393 0.0894329 0.0844008 0.0966737 -0.124072 -0.126073 -0.0809279 -0.0249699 -0.296784 -0.276044 -0.244611 -0.199466 -0.411764 -0.35904 -0.325488 -0.314545 -0.571251 -0.517823 -0.46871 -0.627868 -0.656303 -0.908367 -0.991726 -1.22097 -0.938444 -1.08771 -1.08206 -1.04877 -1.06021 -0.965198 -0.791307 -0.585816 -0.859809 -0.639909 -0.462067 -0.26798 -0.585344 -0.0624273 0.479684 1.13195 1.62675 2.05759 2.03108 1.89096 1.78304 1.78828 1.70545 1.50604 1.41827 1.34394 1.27668 1.12917 2.31811 2.11896 1.9574 1.80196 2.4397 2.19839 2.00111 1.84204 1.89975 1.68966 1.52723 1.44235 0.98811 0.92764 0.910716 1.04229 0.673237 0.856937 1.0193 1.18065 0.738478 0.846424 0.936832 1.03296 0.163428 0.0354745 -0.179864 -0.469022 -1.31622 -1.5759 -1.86122 -2.11681 -2.11989 -2.22118 -2.31496 -2.39817 -2.21872 -2.27605 -2.3244 -2.36404 -1.87313 -1.916 -1.97429 -2.06911 -0.787365 -0.842058 -0.847629 -0.886037 -3.88315
5.77442 -23.5669 -32.9185 1.86346 -25.3227 -31.7847 -2.18876 -26.101 -30.1607 -6.18621 -25.9724 -28.2454 -9.98565 -24.9909 -26.1802 -14.0097 -22.8455 -23.7039 -17.5198 -19.8934 -21.2767 -20.5783 -16.3829 -18.9855 -23.1022 -12.3308 -16.9512 -24.5116 -8.83033 -15.6633 -25.3829 -5.07171 -14.6571 -25.7306 -1.16775 -13.9243 -25.6281 2.78761 -13.431 -25.0899 7.04581 -13.1223 -24.1284 11.2377 -12.9774 -22.6792 15.2887 -12.9003 -20.6637 19.0893 -12.8039 -16.5817 24.2317 -12.5787 -11.9357 28.8742 -12.4415 -7.17188 33.394 -12.2539 -1.91772 37.2061 -11.2454 3.54021 39.4506 -9.19012 9.06362 40.7897 -6.592 14.5961 41.8461 -3.88514 20.1024 42.0805 -0.939404 24.7811 41.1566 1.95874 29.1676 39.4798 4.97398 33.3124 37.2704 7.98773 37.0035 34.1674 10.7969 40.0497 29.9401 13.165 42.5321 25.142 15.0559 44.4666 20.0372 16.7754 45.0292 14.5256 18.2116 43.5593 8.57981 18.9224 40.9025 3.01646 18.825 37.7708 -2.29067 18.6097 33.4499 -6.68916 18.6453 28.754 -8.93648 18.7877 23.6401 -9.91231 18.9312 18.4361 -10.0307 19.0998 13.3065 -9.19566 19.4362 7.88315 -6.79118 20.1886 3.12244 -3.33628 21.2659 -1.43203 0.41829 22.2257 -5.92245 4.35634 22.5241 -9.42168 7.94604 22.1991 -12.6338 11.7308 21.4288 -15.6882 15.4587 20.0111 -18.5716 18.7484 17.5412 -21.339 21.5816 13.5401 -23.5999 23.6902 8.83496 -25.5401 25.1099 3.74424 -26.9101 25.1176 -1.71633 -27.2671 23.4071 -6.82553 -26.8004 20.5489 -11.383 -25.9556 17.03 -15.3908 -24.9173 12.7768 -18.5516 -23.6753 7.93831 -20.369 -22.2597 2.85445 -21.0075 -20.8098 -2.25899 -20.9162 -19.4959 -7.35258 -20.1505 -18.3972 -12.5164 -18.4902 -17.5272 -17.4532 -16.1448 -16.6756 -22.1745 -13.3857 -15.6807 -26.5459 -10.1408 -14.4715 -30.7273 -5.96961 -13.2684 -34.4865 -1.41276 -11.9877 -37.9161 3.37704 -10.3669 -40.4501 8.60158 -8.82539 -41.4255 12.9355 -7.12557 -41.5161 17.3187 -5.35669 -40.78 21.6129 -3.59247 -39.1687 25.6628 -1.81143 -36.5439 29.4747 -0.144109 -33.1882 32.7231 1.40964 -29.2729 35.3402 2.7774 -24.834 37.0773 3.9894 -19.0744 37.7522 4.76221 -13.2129 37.3724 5.47479 -7.39754 36.4937 6.41932 -1.82969 34.7036 7.56351 3.36532 31.3552 8.60361 7.91739 27.1472 9.66716 12.2433 22.7127 11.1074 15.947 17.8425 12.499 17.9412 13.7629 14.0498 19.2175 9.45915 15.6694 19.8488 5.0393 17.3132 19.7927 0.583792 19.206 18.8401 -4.49642 21.0425 17.1787 -9.41227 22.6839 14.9792 -14.1837 23.8528 12.0559 -18.6988 24.3834 8.56513 -22.5407 24.4385 4.6056 -25.9387 23.9594 0.341506 -28.9077 22.5411 -4.13692 -31.1788 19.2436 -9.56252 -32.6573 15.1273 -14.5888 -33.1956 10.8126 -19.4676 -33.4742 -0.0447262 -0.0302024 -0.0118201 0.0145352 -0.194767 -0.185659 -0.130876 -0.0650028 -0.325598 -0.293291 -0.249801 -0.193698 -0.39668 -0.336208 -0.294872 -0.275374 -0.522599 -0.470282 -0.428611 -0.56814 -0.541818 -0.747224 -0.817142 -1.02813 -0.739768 -0.907431 -0.928436 -0.927344 -0.965176 -0.883688 -0.716567 -0.515938 -0.787565 -0.55399 -0.35508 -0.120815 -0.373267 0.187372 0.681626 1.18552 1.49529 1.86364 1.84659 1.7144 1.5926 1.58474 1.50604 1.33518 1.28798 1.24361 1.20419 1.10284 2.33751 2.16821 2.02488 1.87673 2.51106 2.26496 2.06709 1.90458 1.9496 1.72464 1.55251 1.45781 0.992979 0.925263 0.907025 1.05597 0.725956 0.947813 1.13801 1.31596 0.882961 0.994063 1.07749 1.15224 0.249668 0.0939421 -0.137187 -0.450516 -1.33673 -1.62754 -1.92757 -2.20416 -2.23247 -2.35251 -2.46132 -2.55913 -2.39305 -2.45535 -2.50232 -2.5424 -2.05055 -2.08427 -2.12876 -2.21002 -0.903019 -0.907003 -0.871671 -0.879924 -3.68826
13.3959 -23.0409 -33.8192 9.99986 -25.5727 -32.5074 6.3351 -27.1943 -30.609 2.5953 -27.9243 -28.3407 -1.06884 -27.7803 -25.8472 -5.07611 -26.5474 -22.7896 -8.69094 -24.4159 -19.7372 -11.9648 -21.6404 -16.8207 -14.8487 -18.2165 -14.1963 -16.6583 -15.0938 -12.5014 -18.038 -11.6083 -11.1427 -18.9946 -7.87555 -10.1178 -19.5924 -4.00056 -9.39274 -19.9004 0.262804 -8.8968 -19.8613 4.55679 -8.61924 -19.3931 8.83098 -8.44959 -18.3997 13.0148 -8.29122 -15.9141 19.0902 -8.02888 -12.9135 24.9333 -7.92411 -9.7575 30.6928 -7.76686 -5.73175 35.7655 -6.66374 -0.971406 39.1206 -4.39833 4.07345 41.4565 -1.5445 9.20255 43.4503 1.4167 14.5374 44.3502 4.54409 19.2483 43.6094 7.44272 23.7001 41.8248 10.2959 27.9401 39.4277 13.0199 31.8255 36.1634 15.342 35.168 31.8081 16.96 37.9658 26.9108 17.933 40.2573 21.7165 18.6592 41.3343 16.1097 19.061 40.611 9.99599 18.7184 38.7816 4.2008 17.675 36.4569 -1.40201 16.5691 32.8071 -6.32289 15.8741 28.4923 -9.23045 15.6481 23.5859 -10.9772 15.6222 18.4531 -11.8541 15.7217 13.2606 -11.6605 16.0739 7.64993 -9.80712 16.9935 2.67251 -6.79213 18.3706 -2.07543 -3.38163 19.6304 -6.62516 0.470325 20.1033 -9.95967 4.21663 19.8162 -12.7977 8.28236 19.0089 -15.2977 12.3586 17.4694 -17.4198 16.0239 14.7678 -19.073 19.2176 10.4363 -20.0303 21.5783 5.41565 -20.5921 23.1521 0.039453 -20.6223 23.1446 -5.59027 -19.8937 21.2049 -10.5766 -18.5911 17.9826 -14.7092 -17.108 14.0724 -18.1252 -15.7132 9.4749 -20.5901 -14.5254 4.39581 -21.6142 -13.5049 -0.815989 -21.3837 -12.6169 -5.96865 -20.4249 -11.9553 -11.0145 -18.8891 -11.6433 -16.0396 -16.5911 -11.6515 -20.7806 -13.736 -11.6962 -25.268 -10.4972 -11.53 -29.3483 -6.76178 -11.0898 -33.133 -2.08993 -10.5531 -36.4553 2.91192 -9.92775 -39.3898 8.1409 -8.97949 -41.2417 13.799 -7.94461 -41.5095 18.3781 -6.73443 -40.7793 22.8628 -5.47073 -39.1689 27.096 -4.25565 -36.6794 30.8955 -3.09461 -33.1787 34.2107 -2.06263 -29.0494 36.7556 -1.14707 -24.5144 38.541 -0.408781 -19.6834 39.3829 0.100877 -13.7959 38.9631 0.231998 -8.0608 37.4834 0.36222 -2.45968 35.5575 0.901621 2.8314 32.9477 1.93337 7.67649 29.0786 3.07537 11.8763 24.5435 4.29848 15.8584 19.8363 6.03284 19.2682 14.8488 7.80671 21.1063 10.8449 9.8596 22.2843 6.72731 12.0581 22.8631 2.55738 14.3306 22.8 -1.61257 16.9998 21.8997 -6.34155 19.6525 20.337 -10.9045 22.1488 18.2433 -15.3411 24.2092 15.4053 -19.5836 25.5862 11.977 -23.2684 26.4741 8.06103 -26.6006 26.8488 3.77216 -29.5488 26.3212 -0.894747 -31.8221 24.0854 -6.82305 -33.3558 20.9095 -12.4764 -34.0274 17.524 -18.0327 -34.4301 -0.172811 -0.117666 -0.0644335 -0.0103235 -0.195197 -0.168309 -0.10281 -0.0257062 -0.273651 -0.23107 -0.179892 -0.119831 -0.323028 -0.266042 -0.226963 -0.205112 -0.445604 -0.395224 -0.365165 -0.490455 -0.417847 -0.588999 -0.640279 -0.843804 -0.615404 -0.860369 -0.911385 -0.929212 -0.996513 -0.931345 -0.764551 -0.57192 -0.865974 -0.654546 -0.466732 -0.273061 -0.648227 -0.250631 0.167281 0.699798 1.13482 1.61476 1.63289 1.54567 1.48079 1.5093 1.45888 1.32788 1.33096 1.3324 1.3401 1.28707 2.54703 2.38822 2.25984 2.12282 2.75049 2.49098 2.28594 2.11585 2.14336 1.89692 1.70838 1.59939 1.1194 1.03865 1.00631 1.13278 0.776787 0.974392 1.13571 1.28144 0.819803 0.908087 0.969014 1.02077 0.100568 -0.0622491 -0.298504 -0.621909 -1.51367 -1.79679 -2.08347 -2.34753 -2.36271 -2.4684 -2.56042 -2.63912 -2.45121 -2.49252 -2.5209 -2.53843 -2.01913 -2.02814 -2.055 -2.11912 -0.78042 -0.740713 -0.680476 -0.664638 -3.30307
16.9825 -14.4092 -40.4867 14.0972 -17.6398 -39.5367 10.9163 -20.1533 -37.7401 7.61784 -21.8738 -35.3268 4.36184 -22.7508 -32.4469 0.807277 -22.6859 -28.667 -2.38098 -21.6478 -24.7065 -5.29209 -19.8595 -20.8008 -7.93447 -17.2609 -17.1687 -9.66609 -14.6245 -14.7296 -11.0666 -11.4947 -12.6944 -12.1454 -8.00612 -11.0931 -12.9673 -4.28819 -9.90985 -13.6259 -0.122709 -9.05433 -14.0419 4.12819 -8.53128 -14.1358 8.41625 -8.18463 -13.8235 12.6974 -7.88391 -12.5956 19.138 -7.47436 -11.0192 25.5146 -7.37359 -9.27971 31.8465 -7.17879 -6.51403 37.5746 -5.53763 -2.81604 41.4167 -2.27998 1.21551 44.0328 1.71426 5.35546 46.2274 5.84893 9.7696 47.101 10.1851 13.6706 45.9817 14.0156 17.2554 43.5783 17.5534 20.621 40.549 20.8155 23.7335 36.8122 23.5527 26.4768 32.1514 25.4261 28.8188 27.0427 26.5101 30.746 21.7057 27.2593 31.6994 16.0721 27.5925 31.2835 9.93997 27.0995 30.0779 4.01228 25.9042 28.405 -1.77249 24.5787 25.2885 -6.95732 23.3855 21.3077 -10.2005 22.5145 16.6333 -12.3601 21.7331 11.6408 -13.6293 20.9663 6.48015 -13.6867 20.2674 0.795698 -11.8901 19.7986 -4.31222 -8.78046 19.7652 -9.10357 -5.20686 19.5801 -13.3291 -1.12037 18.4814 -15.9672 2.81878 16.8201 -17.7374 7.00316 14.6768 -18.772 11.0791 11.9285 -18.9366 14.5554 8.30578 -17.9399 17.2559 3.46745 -16.0609 18.8913 -1.58145 -13.7154 19.646 -6.64358 -10.9228 18.8208 -11.4619 -7.98122 16.1756 -15.1371 -5.09927 12.3642 -17.6521 -2.44825 7.99363 -19.3924 -0.294672 3.12959 -20.3206 1.061 -2.00627 -20.1158 1.73917 -7.14543 -18.9383 2.05058 -12.1663 -17.2204 2.06823 -17.0574 -15.1385 1.64464 -21.9498 -12.5864 0.821487 -26.6204 -9.73373 -0.0900045 -31.0414 -6.53188 -0.796258 -34.965 -2.69323 -1.24153 -38.4225 2.2252 -1.50733 -41.3299 7.49972 -1.72869 -43.7737 13.0063 -1.81998 -44.8847 18.9309 -1.7096 -44.3389 23.5999 -1.47373 -42.6706 27.9898 -1.23008 -40.1187 31.9317 -1.08489 -36.7792 35.2388 -1.06452 -32.545 37.8202 -1.12951 -27.8693 39.4714 -1.24315 -22.9844 40.3184 -1.4367 -18.0291 40.2942 -1.85038 -12.2604 39.0103 -2.46195 -6.80308 36.7871 -2.98946 -1.49529 34.2088 -2.96084 3.61482 31.2115 -2.16762 8.49743 27.3332 -1.02718 12.9159 23.0104 0.246852 17.1589 18.5513 2.09964 20.9195 13.8678 4.07694 23.1416 10.1652 6.42756 24.7955 6.38423 8.97567 25.9128 2.53514 11.6171 26.4315 -1.37775 14.7326 26.2424 -5.91161 17.8585 25.41 -10.3652 20.8427 24.0622 -14.7897 23.3844 21.9902 -19.2107 25.1974 19.2895 -23.2906 26.5099 16.077 -27.1873 27.3339 12.4195 -30.8164 27.3097 8.20699 -33.8954 25.7283 2.48425 -36.5872 23.1559 -3.18975 -38.5069 20.3905 -8.86299 -40.1391 -0.683544 -0.62087 -0.554767 -0.484687 -0.646901 -0.592847 -0.501048 -0.394042 -0.609689 -0.537141 -0.456802 -0.37026 -0.550365 -0.475032 -0.421001 -0.384426 -0.605116 -0.535304 -0.502116 -0.634604 -0.554225 -0.706696 -0.735952 -0.903466 -0.626487 -0.839684 -0.845969 -0.799734 -0.824977 -0.75287 -0.591869 -0.403263 -0.70686 -0.521741 -0.356914 -0.15995 -0.544883 -0.210522 0.131881 0.583236 0.87352 1.25013 1.27188 1.23807 1.20205 1.24871 1.24985 1.21859 1.32993 1.41091 1.50581 1.58271 2.95833 2.86663 2.78674 2.69583 3.34625 3.08259 2.86668 2.68358 2.68568 2.40448 2.1867 2.05731 1.56068 1.46481 1.4101 1.49381 1.08471 1.23406 1.3459 1.44076 0.933405 0.986104 1.0164 1.03763 0.0901721 -0.0881764 -0.334168 -0.673229 -1.58178 -1.87222 -2.16006 -2.425 -2.44118 -2.548 -2.64122 -2.72056 -2.53434 -2.58141 -2.61849 -2.6439 -2.1314 -2.1485 -2.18693 -2.26627 -0.94306 -0.909286 -0.857659 -0.863099 -2.99774
19.9118 -2.31891 -45.1152 18.2344 -6.36754 -44.4381 16.2505 -9.95466 -42.7469 14.074 -12.9269 -40.2784 11.8323 -15.1833 -37.1885 9.2858 -16.8239 -32.9753 6.89588 -17.4981 -28.4189 4.56309 -17.3632 -23.7856 2.20059 -16.2916 -19.2914 0.413838 -14.6776 -16.1132 -1.28538 -12.3989 -13.317 -2.87737 -9.58288 -10.9859 -4.38224 -6.38097 -9.147 -5.92292 -2.63507 -7.69392 -7.34455 1.30295 -6.70009 -8.57377 5.37136 -6.02654 -9.54726 9.53847 -5.57515 -10.5597 16.0245 -5.32505 -11.3797 22.5287 -5.7489 -12.0723 29.054 -6.05915 -11.8128 35.4274 -4.48859 -10.2755 40.2995 -0.890237 -8.0869 44.091 3.56915 -5.69785 47.4492 8.26662 -2.83352 49.3303 13.4922 0.0629962 48.8132 18.2341 2.94734 46.7581 22.5471 5.74515 43.9732 26.4918 8.39627 40.4102 29.8713 10.8296 35.8289 32.2897 12.9875 30.7384 33.7695 14.8441 25.4198 34.7816 15.9993 19.8264 35.1529 16.2333 13.7111 34.3994 15.9552 7.76035 32.8084 15.3101 1.91919 30.9417 13.3749 -3.46047 28.6324 10.4703 -7.06697 26.249 6.85611 -9.74256 23.6217 2.89447 -11.6044 20.7997 -1.30982 -12.2911 17.8037 -6.16266 -11.2117 14.4803 -10.7808 -8.76885 11.5704 -15.0433 -5.82618 8.58158 -18.2514 -2.2974 4.97379 -19.6196 1.26121 1.70268 -19.8941 5.10142 -1.52432 -19.2345 8.78739 -4.87313 -17.3597 11.7874 -8.43973 -13.7072 13.9589 -12.1327 -9.11362 15.2743 -15.1099 -4.20971 15.9107 -17.801 0.834949 14.9626 -20.1132 5.39356 12.2626 -21.1551 9.40485 8.65345 -20.9536 12.9642 4.67477 -20.142 15.7639 0.212363 -18.9561 17.3337 -4.58433 -17.2877 17.8628 -9.43312 -15.1744 17.8191 -14.1856 -12.7934 17.3148 -18.8158 -10.2315 16.1599 -23.4532 -7.44058 14.4651 -27.8915 -4.60194 12.5226 -32.0829 -1.55441 10.4535 -35.7564 2.03055 8.05594 -38.9364 6.55634 5.54716 -41.5816 11.3577 2.96449 -43.7853 16.3394 0.329613 -44.7248 21.6796 -1.63975 -44.1279 25.9075 -3.45836 -42.4691 29.9139 -5.13904 -39.9569 33.5159 -6.66774 -36.6714 36.5124 -8.0341 -32.5008 38.8216 -9.10613 -27.8823 40.2751 -9.91113 -23.0376 40.963 -10.4458 -18.1114 40.7642 -10.7221 -12.3981 39.2216 -10.747 -7.03377 36.7071 -10.5921 -1.83455 33.8712 -9.9849 3.16036 30.7438 -8.66788 7.93019 26.8677 -7.00113 12.2267 22.5931 -5.22885 16.3826 18.223 -3.06835 20.2863 13.7954 -1.01978 22.8863 10.3895 1.31663 25.1468 6.92716 3.82113 27.0547 3.37134 6.4225 28.5497 -0.31031 9.5237 29.7457 -4.69782 12.6887 30.5058 -9.13665 15.8031 30.8019 -13.6656 18.6215 30.2934 -18.3661 20.824 28.9601 -22.9047 22.6183 27.0194 -27.4036 24.0686 24.4725 -31.7206 24.8946 21.0006 -35.5271 24.5732 15.5341 -39.0639 23.2223 9.74241 -41.7337 21.7302 3.86117 -44.1173 -0.544697 -0.423667 -0.304991 -0.185962 -0.299248 -0.206721 -0.0930493 0.0319002 -0.164485 -0.0758196 0.0169156 0.110997 -0.0648615 0.015878 0.0841943 0.145938 -0.0379987 0.0611829 0.120459 0.0590142 0.268363 0.23519 0.278566 0.208114 0.620247 0.494408 0.540699 0.637953 0.659616 0.770579 0.972537 1.21193 0.965075 1.19843 1.41545 1.68608 1.33492 1.61432 1.84515 2.10901 2.1301 2.3134 2.27924 2.22093 2.11156 2.048 1.91861 1.76472 1.74509 1.65352 1.54568 1.44199 2.66523 2.42088 2.18766 1.97045 2.51754 2.15883 1.86285 1.62263 1.5852 1.28139 1.05405 0.90775 0.38269 0.278308 0.229391 0.275465 -0.192826 -0.0802819 0.0190167 0.117108 -0.375766 -0.297695 -0.234896 -0.177049 -1.08073 -1.21231 -1.41938 -1.72448 -2.59946 -2.85967 -3.12353 -3.36719 -3.36505 -3.45667 -3.53574 -3.60126 -3.39816 -3.42284 -3.43666 -3.44157 -2.90743 -2.8966 -2.90503 -2.95999 -1.60875 -1.53245 -1.43154 -1.37592 -3.58243
27.4813 4.1269 -45.552 27.0132 -0.270597 -45.2256 26.2372 -4.43375 -43.9103 25.1886 -8.17055 -41.7653 23.9099 -11.3088 -38.9051 22.2321 -14.0512 -34.8318 20.4791 -15.8497 -30.2909 18.6021 -16.8161 -25.5506 16.4781 -16.739 -20.8167 14.6911 -15.7541 -17.391 12.8435 -13.9681 -14.3422 10.9826 -11.523 -11.8012 9.1233 -8.59873 -9.8288 7.13389 -5.08562 -8.33975 5.1761 -1.36156 -7.43684 3.23245 2.45286 -7.00199 1.25926 6.27667 -6.96542 -1.84508 12.019 -7.70386 -4.95753 17.5547 -9.38453 -8.1019 23.0992 -10.9743 -11.3506 28.79 -10.5114 -14.1132 33.5733 -7.58957 -16.5066 37.6733 -3.52598 -18.7191 41.4692 0.91782 -20.1989 44.138 6.37106 -20.3671 44.7282 11.9178 -19.6866 43.9683 17.4044 -18.6453 42.4803 22.6814 -17.2773 40.1088 27.5444 -15.3931 36.5831 31.6405 -13.158 32.4075 34.8541 -10.9091 27.8774 37.5336 -8.97796 22.8043 39.3484 -7.40124 16.8616 39.8143 -6.09734 10.86 39.266 -4.97556 4.88333 38.246 -4.58189 -0.865669 36.0522 -5.111 -5.04069 32.9842 -6.20877 -8.43536 29.1901 -7.55178 -11.1232 24.9362 -9.03385 -12.7628 20.2204 -10.9301 -12.8609 14.5499 -13.0033 -11.5631 9.09298 -14.8427 -9.81883 3.67686 -15.6211 -7.58592 -1.81567 -15.2202 -5.01008 -6.10975 -14.1093 -1.97104 -9.95232 -12.2996 1.0122 -13.5663 -9.39028 3.40298 -16.8911 -4.81974 5.20387 -19.6407 0.381054 6.56345 -21.3132 5.78575 7.45174 -22.615 11.3334 6.86084 -23.3682 16.2443 4.68613 -22.8115 20.4565 1.7724 -21.1013 24.1626 -1.47129 -18.8875 27.0778 -5.27443 -16.3985 28.6947 -9.50845 -13.6209 29.1983 -13.8515 -10.5975 29.0168 -18.1424 -7.46509 28.1725 -22.3535 -4.3329 26.45 -26.562 -1.17844 24.0704 -30.5451 1.8383 21.267 -34.263 4.82943 17.9163 -37.4595 7.85991 13.5633 -40.1139 11.0769 8.7978 -42.2038 14.121 3.84946 -43.8854 17.126 -1.34446 -44.4963 20.125 -5.46149 -43.8523 22.3034 -9.46247 -42.3034 24.2278 -13.2293 -40.0004 25.8458 -16.6142 -36.9827 27.0892 -19.5986 -33.1137 27.9361 -21.9496 -28.7665 28.3446 -23.6897 -24.1227 28.3459 -24.674 -19.2881 27.8455 -24.6909 -13.515 26.5154 -23.8263 -7.95462 24.6624 -22.618 -2.5203 22.6359 -20.9441 2.71671 20.429 -18.3502 7.77863 17.7534 -15.2188 12.393 14.8531 -11.9831 16.8797 11.868 -8.62998 21.1739 8.73329 -5.91553 24.1544 6.22225 -3.05527 26.873 3.57946 -0.0960868 29.2886 0.75727 2.91136 31.3158 -2.30909 6.39452 33.1516 -6.15556 9.85517 34.5805 -10.1905 13.2986 35.5462 -14.3747 16.598 35.6299 -18.7799 19.368 34.7301 -23.1093 21.7743 33.1343 -27.4555 23.9479 30.9098 -31.6452 25.756 27.7175 -35.3554 27.0291 22.3879 -38.8868 27.4176 16.5033 -41.6647 27.6155 10.5046 -44.2091 1.8944 2.0238 2.12065 2.19601 2.01826 2.02434 2.04052 2.0692 1.79616 1.8262 1.86802 1.91881 1.70638 1.76043 1.81631 1.8774 1.69366 1.77295 1.82759 1.84429 2.18355 2.23941 2.32452 2.38647 3.01339 3.02462 3.0928 3.17814 3.16669 3.19823 3.29425 3.42871 3.06971 3.1756 3.27496 3.43197 2.92983 3.03024 3.06746 3.09601 2.8396 2.80457 2.64688 2.46863 2.23227 2.06465 1.85844 1.65272 1.58753 1.4422 1.28763 1.17366 2.4048 2.14947 1.88417 1.63801 2.15965 1.76397 1.41623 1.11527 1.00958 0.633743 0.323173 0.0569632 -0.624418 -0.868911 -1.03848 -1.16284 -1.81378 -1.8439 -1.86096 -1.86359 -2.44565 -2.4377 -2.42571 -2.40663 -3.33902 -3.48612 -3.70308 -4.01414 -4.88931 -5.154 -5.43072 -5.68399 -5.68756 -5.78512 -5.86927 -5.93681 -5.73387 -5.75874 -5.7703 -5.76721 -5.22105 -5.19784 -5.191 -5.22127 -3.83194 -3.72396 -3.609 -3.51777 -8.11917
28.6562 9.28843 -46.0791 29.6542 5.13432 -44.8912 30.1745 1.20137 -42.91 30.2287 -2.39966 -40.3228 29.8269 -5.57402 -37.2526 28.8398 -8.62726 -33.1745 27.4536 -10.9954 -28.7702 25.7206 -12.7873 -24.219 23.5124 -13.8879 -19.654 21.4348 -14.0843 -16.2564 19.0776 -13.665 -13.0679 16.5186 -12.6827 -10.1721 13.8255 -11.2373 -7.61149 10.8286 -9.26378 -5.23645 7.78992 -6.94844 -3.25584 4.75037 -4.34526 -1.67421 1.74575 -1.48407 -0.532894 -2.68591 3.29545 0.288299 -6.89444 8.33969 0.251277 -11.1024 13.3841 0.186465 -15.5435 18.1614 0.968335 -19.9034 22.3264 2.61002 -24.2662 26.3548 4.5567 -28.6551 30.2127 6.77188 -33.0562 33.1017 10.1386 -36.6626 34.2957 14.2266 -39.8633 34.4952 18.7939 -42.6846 34.0009 23.5836 -44.7267 32.3513 28.5083 -45.6101 29.2229 33.219 -45.5944 25.2443 37.3336 -45.0158 20.8649 40.9731 -43.4401 16.0371 43.6125 -40.4281 10.7359 44.5316 -36.7756 5.79641 44.0024 -32.9553 1.06969 42.9619 -28.8792 -3.06925 40.8945 -25.3784 -5.54065 37.9349 -22.0548 -7.07789 34.2316 -18.9075 -8.02164 30.1908 -15.9728 -8.36418 25.902 -13.0735 -7.74929 20.7081 -10.6848 -6.27923 15.4267 -8.34324 -4.64132 10.1736 -5.676 -3.16461 5.02907 -3.21174 -1.93391 0.828046 -0.599594 -0.69596 -3.28049 2.28038 0.289502 -7.27679 5.6233 0.644922 -11.0096 9.87946 0.180065 -14.6653 14.4051 -0.847698 -17.8524 19.0361 -2.38241 -20.6621 23.6386 -4.91798 -22.6827 27.7059 -8.3812 -23.4703 31.2949 -12.4131 -23.3263 34.4225 -16.7504 -22.5752 36.7816 -21.3741 -21.0872 38.0217 -25.9904 -18.7615 38.3395 -30.4075 -15.8212 37.9975 -34.5659 -12.5275 36.8562 -38.3078 -8.92847 34.6818 -41.4755 -4.94524 31.8219 -43.9451 -0.901638 28.586 -45.9113 3.13471 24.9058 -47.1112 7.09004 20.3912 -47.18 11.0847 15.6552 -46.3496 14.7212 10.8767 -45.1451 18.1938 6.09736 -43.3053 21.3745 2.45068 -41.1792 23.4461 -1.04713 -38.5152 25.113 -4.36826 -35.4474 26.4049 -7.47409 -32.0376 27.3196 -10.4606 -28.1165 27.8665 -13.1403 -23.947 28.0283 -15.4926 -19.5873 27.7997 -17.3899 -15.066 27.0582 -18.9289 -9.57835 25.441 -19.9236 -4.13035 23.3367 -20.6451 1.27823 21.0291 -20.7926 6.55574 18.3414 -19.9684 11.7431 14.8887 -18.5135 16.5316 11.0856 -16.9253 21.2017 7.18973 -15.1067 25.6491 3.1372 -13.4252 28.7054 -0.0858298 -11.4915 31.4661 -3.43189 -9.35097 33.9065 -6.89867 -7.03115 35.9528 -10.5025 -4.17605 37.8007 -14.8305 -1.21281 39.2327 -19.2426 1.90585 40.2141 -23.6708 5.2376 40.3184 -28.051 8.4409 39.3965 -32.0654 11.5638 37.7359 -35.9015 14.6869 35.4825 -39.4222 17.7883 32.3565 -42.2212 21.1636 27.1666 -44.2628 23.8896 21.3494 -45.3699 26.4556 15.4222 -46.2535 1.78299 1.97426 2.11105 2.20738 2.0308 2.01305 1.98581 1.95582 1.61836 1.58517 1.56024 1.54406 1.26537 1.25724 1.26025 1.27432 1.03445 1.05482 1.08056 1.10785 1.47075 1.52753 1.59289 1.67317 2.36665 2.43459 2.52137 2.62092 2.61435 2.60416 2.6213 2.65296 2.13825 2.06386 2.00075 1.94344 1.18323 1.07505 0.961663 0.850606 0.462977 0.396683 0.344293 0.313015 0.21904 0.225676 0.248361 0.288772 0.479583 0.619791 0.777704 0.949714 2.4256 2.39833 2.35305 2.29483 2.97341 2.71357 2.47676 2.26032 2.22316 1.90095 1.62556 1.38704 0.733076 0.505696 0.339573 0.213449 -0.445769 -0.490514 -0.528461 -0.559025 -1.17757 -1.21241 -1.24695 -1.28127 -2.27991 -2.49493 -2.76649 -3.13104 -4.0672 -4.38597 -4.70076 -4.98755 -5.01833 -5.13443 -5.23293 -5.31112 -5.11279 -5.13338 -5.13578 -5.11848 -4.54861 -4.49512 -4.45152 -4.42669 -2.95157 -2.75942 -2.58399 -2.39922 -6.79146
29.7591 16.3029 -49.8959 31.1201 12.2644 -48.6696 31.9998 8.30769 -46.8708 32.3699 4.54875 -44.5472 32.2198 1.09813 -41.7658 31.3952 -2.4185 -38.04 29.9135 -5.2505 -33.9518 27.8445 -7.30627 -29.6598 25.2785 -8.53439 -25.3197 23.0347 -8.90668 -22.0445 20.606 -8.78857 -18.8842 18.0411 -8.19845 -15.8887 15.3865 -7.16279 -13.0994 12.4593 -5.59481 -10.3623 9.48199 -3.64441 -7.94356 6.48637 -1.38991 -5.83115 3.49736 1.10012 -3.99148 -1.02566 5.23764 -1.62796 -5.50135 9.61021 0.375016 -9.95903 14.0761 2.20478 -14.4422 18.5089 4.0526 -18.7687 22.5748 6.0038 -23.1792 26.3614 8.29849 -27.6799 29.6993 11.066 -32.2291 32.3827 14.407 -36.2445 34.0252 17.9179 -40.0815 34.7752 21.9007 -43.5575 34.4714 26.2565 -46.4504 33.0069 30.7989 -48.5708 30.2893 35.3685 -49.6238 26.4681 39.4979 -49.4879 21.8179 42.8324 -48.1684 16.7239 45.0846 -45.5775 11.2244 46.1171 -42.0595 6.17798 45.6918 -37.9502 1.92189 43.9531 -33.5609 -1.37377 41.143 -29.8169 -3.39478 38.1389 -26.1414 -4.76134 34.7111 -22.5893 -5.55674 30.9859 -19.1806 -5.88239 27.0613 -15.4369 -5.81066 22.3981 -11.8348 -5.42666 17.6397 -8.30097 -4.88241 12.8458 -4.75366 -4.32696 8.06317 -1.69979 -3.96676 4.09036 1.46591 -3.79356 0.193275 4.77944 -3.8991 -3.58143 8.26285 -4.37589 -7.16994 12.3684 -5.45729 -10.8677 16.6321 -7.2314 -14.0883 20.8878 -9.78652 -16.745 24.999 -13.086 -18.7224 28.6663 -16.8761 -19.8827 31.9228 -21.1681 -20.2497 34.6324 -25.8156 -19.7816 36.6738 -30.641 -18.4746 37.9372 -35.372 -16.4056 38.4022 -39.8868 -13.6381 38.05 -43.9973 -10.2857 36.9026 -47.5374 -6.48957 34.9276 -50.4752 -2.23519 32.2586 -52.5491 2.14727 29.0226 -53.7064 6.48542 25.359 -53.9415 10.6271 21.0449 -53.1876 14.7704 16.5604 -51.4647 18.4128 12.0547 -48.8824 21.4751 7.65206 -45.5635 23.9138 4.35452 -42.5461 25.3745 1.21674 -39.2126 26.4488 -1.73248 -35.617 27.1458 -4.47117 -31.809 27.4788 -7.1134 -27.6123 27.4533 -9.48962 -23.277 27.062 -11.5903 -18.8452 26.3269 -13.4089 -14.3541 25.2697 -15.2053 -8.95685 23.6133 -16.5877 -3.57308 21.5626 -17.5588 1.74773 19.1444 -18.1297 6.95473 16.3762 -18.3094 12.3005 13.0741 -18.062 17.4044 9.41307 -17.3977 22.2054 5.41029 -16.324 26.6398 1.08626 -15.2351 29.7098 -2.37039 -13.9045 32.5086 -5.96966 -12.3301 35.0065 -9.68992 -10.5117 37.1718 -13.5061 -8.10217 39.2224 -18.0106 -5.37662 40.7274 -22.5501 -2.35202 41.6323 -27.0594 0.943787 41.8847 -31.4611 4.2812 41.4791 -35.4518 7.77685 40.4159 -39.1773 11.3678 38.6795 -42.5416 14.9761 36.2736 -45.4436 19.3703 32.3763 -48.2724 23.4438 27.6043 -50.043 26.9777 22.1555 -50.6111 -82.9736 -82.7602 -82.5853 -82.4351 -82.5394 -82.4702 -82.4062 -82.3438 -82.6015 -82.569 -82.5332 -82.495 -82.7248 -82.6917 -82.6572 -82.6207 -82.8418 -82.8088 -82.7781 -82.7493 -82.3809 -82.3099 -82.2201 -82.0992 -81.3473 -81.2114 -81.0464 -80.8495 -80.7407 -80.6406 -80.5253 -80.3954 -80.8159 -80.8195 -80.8323 -80.8558 -81.6043 -81.7137 -81.8334 -81.9574 -82.367 -82.4577 -82.5295 -82.579 -82.6904 -82.6977 -82.6865 -82.6571 -82.4769 -82.3426 -82.1847 -82.0131 -80.5359 -80.5517 -80.5741 -80.6015 -79.8816 -80.0894 -80.2671 -80.4184 -80.3822 -80.6293 -80.8347 -81.0046 -81.5882 -81.7519 -81.8643 -81.94 -82.5567 -82.5671 -82.5729 -82.5735 -83.1644 -83.175 -83.1902 -83.2116 -84.2041 -84.4204 -84.7016 -85.0879 -86.0609 -86.4276 -86.7977 -87.153 -87.2585 -87.4507 -87.638 -87.819 -87.7457 -87.9141 -88.0796 -88.2402 -87.8502 -87.9701 -88.0932 -88.2218 -86.9005 -86.8509 -86.7785 -86.6385 -6.26688
