# num_vectors 23
# vector_size 401
# Iterations: 59800, stepsize: 0.028061, max step size: 1.000000, spring constant: 0.000010, global NEB Hessian: false, global NEB Linesearch: true, climbing image: false
-6.03441 -27.8234 -27.3554 -8.17211 -23.9648 -26.9001 -10.0878 -20.0336 -26.1644 -11.7765 -16.0566 -25.1655 -13.2349 -12.0582 -23.9201 -14.6456 -7.38077 -22.1705 -15.735 -2.73542 -20.1302 -16.5062 1.84573 -17.8178 -16.9677 6.32927 -15.246 -17.1173 9.6873 -13.101 -17.0919 12.9542 -10.8147 -16.8946 16.1153 -8.39223 -16.5281 19.1558 -5.83855 -15.9458 22.2841 -2.94142 -15.1725 25.2339 0.0949326 -14.2056 27.9874 3.25757 -13.0431 30.5256 6.5325 -10.8908 33.9433 11.7141 -8.2796 36.7358 17.0571 -5.217 38.8195 22.4831 -1.72289 40.1076 27.8955 1.9672 40.5152 32.9229 5.96091 40.0593 37.7082 10.1811 38.69 42.1095 14.5225 36.384 45.9685 18.3913 33.5432 48.8163 22.1336 30.0116 50.9777 25.6197 25.8733 52.3447 28.7129 21.2534 52.8315 31.3366 16.188 52.3623 33.2757 11.0039 50.9038 34.4288 5.93781 48.5021 34.7345 1.23072 45.2599 34.1014 -3.18398 41.0015 32.5167 -6.69088 36.1835 30.0837 -9.12503 31.0669 26.9495 -10.3983 25.9114 23.8848 -10.5578 21.7032 20.5503 -9.9039 17.7559 17.0518 -8.49064 14.1656 13.4741 -6.40272 11.0084 9.31149 -3.348 7.99069 5.16416 0.206643 5.55564 1.06939 4.09538 3.58686 -2.97314 8.186 1.94666 -6.34773 11.696 0.709277 -9.72428 15.2178 -0.488606 -13.126 18.6979 -1.73603 -16.5735 22.0794 -3.12148 -20.5074 25.6733 -4.94001 -24.5282 28.9411 -7.14286 -28.6176 31.7378 -9.81761 -32.7147 33.8924 -13.0222 -36.5465 35.1786 -16.6033 -40.131 35.5361 -20.6262 -43.2748 34.8322 -24.9599 -45.7603 33.002 -29.3907 -47.3616 30.1362 -33.5719 -47.9739 26.3672 -37.2703 -47.5328 21.9543 -40.2013 -46.076 17.2274 -42.1489 -43.6235 12.3417 -43.0123 -40.4384 7.82697 -42.6912 -36.7697 3.92577 -41.2942 -32.8477 0.769057 -38.9956 -28.4994 -1.78686 -35.6931 -24.2269 -3.48825 -31.7947 -20.1129 -4.46207 -27.4967 -16.1796 -4.86681 -22.9457 -13.2227 -4.90472 -19.2895 -10.3377 -4.77676 -15.5784 -7.48885 -4.55754 -11.8437 -4.63732 -4.32076 -8.11209 -1.58454 -4.1317 -4.20833 1.5582 -4.09192 -0.372176 4.82747 -4.28977 3.35169 8.24816 -4.81431 6.9039 12.5397 -5.98255 10.8179 17.0193 -7.87295 14.2032 21.513 -10.582 16.9546 25.8533 -14.0862 18.9503 30.1024 -18.5701 20.1137 33.7746 -23.6712 20.1939 36.6641 -29.1541 19.1439 38.5956 -34.7337 16.9873 39.3387 -38.8189 14.6814 39.4327 -42.6448 11.8686 38.8763 -46.0855 8.64203 37.6939 -49.0316 5.10929 35.6035 -51.717 0.782702 32.8441 -53.5356 -3.61942 29.5431 -54.4458 -7.92941 25.8391 -54.4505 -12.0013 22.0815 -53.6553 -15.5337 18.1962 -52.1387 -18.6695 14.2822 -49.973 -21.3565 10.4244 -47.2387 -23.5632 5.78755 -43.1459 -25.6246 1.45231 -38.4532 -26.9225 -2.50563 -33.3035 -27.485 -4.07496 -4.00618 -3.89271 -3.76994 -3.88463 -3.81345 -3.73796 -3.65718 -3.89441 -3.84136 -3.78311 -3.72055 -3.92319 -3.86218 -3.80331 -3.74722 -3.95041 -3.91419 -3.90517 -3.93244 -3.66441 -3.74762 -3.88215 -4.0595 -3.64265 -3.83246 -3.96263 -4.00194 -4.06131 -4.05979 -3.97624 -3.81571 -4.14145 -3.98212 -3.77246 -3.52823 -4.01073 -3.87734 -3.77072 -3.69525 -3.93134 -3.88465 -3.85939 -3.84829 -3.93608 -3.94769 -3.97047 -4.0117 -3.95766 -4.0444 -4.23249 -4.48013 -3.4244 -3.79799 -4.09013 -4.29713 -3.67761 -3.91928 -4.0728 -4.14472 -3.97101 -4.01968 -3.97267 -3.85021 -4.1111 -3.95274 -3.78037 -3.61725 -4.05816 -3.93346 -3.81586 -3.69851 -4.16695 -4.04219 -3.90178 -3.73363 -4.45824 -4.27481 -4.0544 -3.83669 -4.1668 -3.96776 -3.91405 -3.96721 -3.8824 -3.94986 -4.03911 -4.14208 -4.00165 -4.11347 -4.23469 -4.36125 -3.94703 -4.0517 -4.16951 -4.30698 -3.02414 -3.11411 -3.73098 -1.17141 -0.393191
-9.53992 -27.2497 -25.33 -11.8112 -23.4427 -25.2131 -13.7392 -19.4744 -24.7652 -15.3045 -15.3962 -24.0011 -16.5028 -11.2593 -22.9446 -17.4533 -6.40505 -21.3758 -17.9563 -1.59349 -19.4983 -18.0605 3.13195 -17.3563 -17.8141 7.73937 -14.9814 -17.4134 11.182 -13.0098 -16.8421 14.5259 -10.914 -16.1094 17.7561 -8.69389 -15.2213 20.8557 -6.34777 -14.094 24.0328 -3.67309 -12.7963 27.0104 -0.850278 -11.3335 29.7621 2.11749 -9.71102 32.2597 5.22366 -6.93865 35.5217 10.2072 -3.82621 38.0059 15.4326 -0.400778 39.5825 20.8125 3.29298 40.1223 26.2187 6.9905 39.5765 31.2275 10.7794 37.9539 35.9251 14.5545 35.2716 40.1216 18.2027 31.6108 43.6353 21.2614 27.6246 46.0648 24.0548 23.0898 47.7322 26.5149 18.151 48.5716 28.5816 12.9669 48.5431 30.239 7.56979 47.6011 31.3837 2.27364 45.7564 31.9819 -2.74243 43.065 32.0086 -7.30929 39.6145 31.3779 -11.5483 35.1809 30.0462 -14.9027 30.1811 28.0087 -17.2028 24.8349 25.2894 -18.3017 19.4108 22.5142 -18.2199 15.0042 19.3877 -17.2076 10.9635 16.0219 -15.3277 7.4615 12.5382 -12.7051 4.61322 8.52756 -8.98595 2.19508 4.59935 -4.76376 0.611673 0.778193 -0.255721 -0.305576 -2.9718 4.37901 -0.77663 -6.12199 8.28546 -1.01053 -9.31982 12.1535 -1.23665 -12.6083 15.9349 -1.59097 -16.018 19.5732 -2.20347 -19.9949 23.3933 -3.3393 -24.112 26.8091 -5.09432 -28.2919 29.6561 -7.56824 -32.4022 31.7531 -10.7941 -36.112 32.897 -14.5477 -39.41 33.0712 -18.8201 -42.1137 32.2124 -23.4149 -44.0638 30.3275 -28.0844 -45.1325 27.5475 -32.4877 -45.2944 23.9915 -36.4358 -44.5431 19.8541 -39.6879 -42.929 15.3702 -42.0433 -40.4455 10.6114 -43.391 -37.3143 6.05011 -43.5364 -33.7442 1.95112 -42.4956 -29.9542 -1.47786 -40.3722 -25.8083 -4.29832 -37.0253 -21.8397 -6.10736 -32.8631 -18.1714 -6.93953 -28.1517 -14.8444 -6.90244 -23.1242 -12.4613 -6.37786 -19.1046 -10.2224 -5.50792 -15.062 -8.06396 -4.39132 -11.0363 -5.9077 -3.13408 -7.05112 -3.54329 -1.77745 -2.90826 -0.988278 -0.527588 1.15425 1.83877 0.472893 5.10406 4.98806 1.0831 8.88608 9.17704 1.13313 13.0755 13.7522 0.277999 16.7412 18.5403 -1.56729 19.7025 23.306 -4.3905 21.8046 28.0526 -8.33996 22.9814 32.1917 -13.0706 23.024 35.47 -18.3249 21.9479 37.6883 -23.8115 19.829 38.5762 -27.92 17.6176 38.7585 -31.8543 14.9631 38.2464 -35.4968 11.9584 37.0814 -38.7516 8.70151 34.9963 -41.9474 4.73417 32.2361 -44.4579 0.687015 28.9184 -46.2389 -3.32814 25.1561 -47.2609 -7.21414 21.2791 -47.5107 -10.6978 17.1962 -47.0556 -13.9153 13.0045 -45.909 -16.8039 8.80008 -44.1052 -19.3135 3.66324 -41.0057 -21.8642 -1.19753 -37.0828 -23.731 -5.64265 -32.4573 -24.8912 -0.0563586 -0.238408 -0.239325 -0.174267 -0.317957 -0.253679 -0.170814 -0.0753253 -0.29698 -0.230649 -0.160441 -0.0878153 -0.282105 -0.214851 -0.153196 -0.0980097 -0.307312 -0.288057 -0.307347 -0.376132 -0.162275 -0.308084 -0.503014 -0.713496 -0.278589 -0.40574 -0.446149 -0.390093 -0.360717 -0.281854 -0.133976 0.0777495 -0.210035 -0.0295161 0.183981 0.421589 -0.0657993 0.0709881 0.190029 0.285239 0.0795599 0.160223 0.214318 0.244754 0.163416 0.147784 0.109837 0.0407552 0.0503596 -0.0962366 -0.340015 -0.600875 0.493067 0.180658 -0.0547856 -0.221706 0.420766 0.188998 0.0367116 -0.0388605 0.129689 0.0780889 0.127809 0.260525 0.0169845 0.197205 0.390508 0.571482 0.144571 0.278103 0.401085 0.521223 0.053852 0.178639 0.318064 0.482904 -0.251948 -0.099064 0.103231 0.306032 -0.0247881 0.19804 0.292246 0.284535 0.407193 0.368268 0.302163 0.2161 0.367857 0.260578 0.137783 0.00553101 0.411714 0.296945 0.165585 0.0082723 1.25589 1.10752 0.575656 -1.61652 -5.69205
-8.38781 -31.4034 -26.9983 -11.9814 -28.8209 -26.7112 -15.2212 -25.8614 -26.0705 -18.038 -22.5761 -25.1021 -20.3865 -19.03 -23.847 -22.5159 -14.6398 -22.0804 -23.9947 -10.0873 -20.0762 -24.8645 -5.45289 -17.9096 -25.1758 -0.79748 -15.6382 -25.0661 2.76311 -13.8465 -24.6686 6.28792 -12.025 -23.9948 9.75679 -10.1776 -23.0528 13.1483 -8.30393 -21.744 16.6955 -6.24892 -20.142 20.0956 -4.1533 -18.259 23.3172 -2.00981 -16.109 26.3275 0.188899 -12.346 30.445 3.66001 -8.06077 33.8583 7.28616 -3.3295 36.4224 11.0549 1.74718 37.9932 14.9179 6.77598 38.455 18.5995 11.8605 37.8509 22.1827 16.8528 36.1779 25.5495 21.608 33.4849 28.5814 25.5434 30.2881 30.914 29.0927 26.4242 32.817 32.1684 21.9839 34.2211 34.6819 17.0723 35.0616 36.5827 11.6777 35.2793 37.7073 6.08575 34.8012 37.979 0.49348 33.6116 37.3454 -4.87569 31.7319 35.6283 -10.1356 29.01 32.8597 -14.5442 25.7052 29.1252 -17.7908 22.0259 24.598 -19.598 18.2495 20.3602 -19.8577 15.2328 15.9721 -18.9337 12.5837 11.6633 -16.9188 10.4622 7.62126 -14.0031 8.94989 3.43926 -9.84677 7.94984 -0.267167 -5.16757 7.58608 -3.63922 -0.228701 7.62801 -6.88225 4.79264 7.81218 -9.66465 8.97515 7.87099 -12.5939 13.0527 7.69185 -15.7237 16.9431 7.13794 -19.0616 20.5495 6.09343 -22.9995 24.1206 4.23897 -27.0282 27.034 1.59725 -30.9754 29.1343 -1.82426 -34.637 30.2951 -5.94045 -37.6862 30.4524 -10.3944 -40.1162 29.6571 -15.1508 -41.8011 27.947 -19.9878 -42.6649 25.4076 -24.6745 -42.689 22.2149 -28.9249 -41.9146 18.4729 -32.6204 -40.4012 14.3332 -35.5922 -38.2413 9.95722 -37.7004 -35.4352 5.3314 -38.8656 -32.2215 0.825773 -38.9131 -28.7792 -3.37139 -37.8338 -25.2894 -7.08921 -35.682 -21.6273 -10.4298 -32.2505 -18.28 -12.9042 -27.8895 -15.3624 -14.4407 -22.8424 -12.9184 -15.0295 -17.3628 -11.3151 -14.8647 -12.9453 -9.92898 -14.2012 -8.5012 -8.67801 -13.1067 -4.10249 -7.45464 -11.6629 0.202234 -6.05813 -9.86225 4.60695 -4.39542 -7.8954 8.845 -2.3167 -5.89345 12.878 0.299544 -4.00009 16.6416 4.21525 -2.08167 20.6525 8.97719 -0.786386 23.9308 14.4062 -0.320043 26.2564 20.1877 -0.800344 27.4583 26.2787 -2.35309 27.418 31.8737 -4.87225 26.0533 36.5808 -8.16284 23.4983 40.1092 -11.9797 19.9634 41.8822 -15.0498 16.8028 42.8522 -18.1608 13.3475 43.0364 -21.2146 9.71447 42.4863 -24.1323 6.00728 41.0233 -27.2684 1.7265 38.7977 -30.0859 -2.44595 35.9222 -32.5456 -6.44371 32.489 -34.6147 -10.2163 28.7874 -36.1837 -13.5429 24.7084 -37.3378 -16.5856 20.3107 -38.0442 -19.3043 15.6607 -38.2728 -21.661 9.60905 -37.8495 -24.0482 3.44741 -36.5905 -25.7657 -2.62915 -34.4502 -26.7632 0.539177 0.26384 0.0980346 0.0238188 -0.231143 -0.24927 -0.220441 -0.158197 -0.395982 -0.335773 -0.265608 -0.188055 -0.372576 -0.290377 -0.211094 -0.137264 -0.322758 -0.279231 -0.281978 -0.346843 -0.148596 -0.336172 -0.603854 -0.909762 -0.563787 -0.756651 -0.844532 -0.824767 -0.827448 -0.77974 -0.661465 -0.474308 -0.774849 -0.581214 -0.309814 0.049395 -0.264398 0.0660889 0.375425 0.62488 0.52996 0.668617 0.733787 0.740145 0.61267 0.541241 0.438832 0.302697 0.248511 0.0644897 -0.154255 -0.335001 0.856717 0.628835 0.456744 0.333167 1.00281 0.785687 0.637741 0.556872 0.709487 0.628829 0.634898 0.710909 0.401727 0.519348 0.665082 0.815816 0.375296 0.504078 0.628503 0.755557 0.300289 0.442239 0.60181 0.786215 0.0631342 0.199156 0.325103 0.377342 -0.150523 -0.104221 -0.126091 -0.19973 -0.110023 -0.167515 -0.248658 -0.349597 -0.216247 -0.348465 -0.503503 -0.677256 -0.322799 -0.501734 -0.714889 -0.976587 0.120306 -0.226694 -0.796834 -1.56871 -5.49141
-5.97508 -33.6338 -26.498 -10.1849 -32.4305 -25.7946 -14.1215 -30.662 -24.7742 -17.682 -28.3599 -23.4748 -20.7857 -25.5842 -21.949 -23.7724 -21.8378 -19.9559 -26.0425 -17.6816 -17.8342 -27.6108 -13.2343 -15.6684 -28.5097 -8.5948 -13.5245 -28.7679 -4.95218 -11.9231 -28.6611 -1.27787 -10.3778 -28.1976 2.39573 -8.89796 -27.3846 6.03608 -7.48835 -26.1249 9.88993 -6.04626 -24.4825 13.6257 -4.68057 -22.4764 17.2039 -3.38016 -20.1292 20.5867 -2.12884 -15.9414 25.2983 -0.277762 -11.1103 29.3429 1.58354 -5.73592 32.5859 3.52305 0.0617805 34.8902 5.58216 5.83233 36.0972 7.65597 11.6961 36.2694 9.81071 17.4852 35.3779 11.9899 23.03 33.438 14.1227 27.6391 30.859 15.9263 31.8046 27.5337 17.5814 35.406 23.5272 19.0397 38.3158 18.9231 20.2574 40.4453 13.6974 21.2165 41.5757 8.12216 21.8501 41.598 2.40569 22.1398 40.4476 -3.2011 22.0866 37.8922 -8.79781 21.6738 34.0525 -13.5692 20.9572 29.1154 -17.147 20.0364 23.3901 -19.2093 19.0407 18.2573 -19.6076 18.2518 13.1624 -18.7514 17.5927 8.37972 -16.7446 17.1177 4.09875 -13.791 16.8416 -0.113424 -9.54707 16.7339 -3.67582 -4.74352 16.7464 -6.81775 0.345005 16.7324 -9.81228 5.51726 16.5189 -12.402 9.7957 16.0428 -15.1589 13.9081 15.1902 -18.1275 17.7399 13.87 -21.2955 21.1696 12.0155 -25.0033 24.3912 9.26377 -28.7295 26.8103 5.80522 -32.2834 28.3117 1.7048 -35.4585 28.826 -2.91602 -37.9634 28.3756 -7.67866 -39.7909 27.0333 -12.5796 -40.8374 24.8747 -17.4175 -41.0516 22.0089 -21.9893 -40.4514 18.6234 -26.0436 -39.0946 14.8116 -29.4915 -37.0677 10.7071 -32.1941 -34.4879 6.44108 -34.0393 -31.3654 1.96601 -34.9637 -27.973 -2.40463 -34.8243 -24.4932 -6.53745 -33.6237 -21.1 -10.3119 -31.4168 -17.675 -13.8974 -27.9876 -14.6719 -16.8378 -23.6654 -12.1699 -19.0654 -18.653 -10.1796 -20.5427 -13.1573 -8.93995 -21.1666 -8.66443 -7.91861 -21.3319 -4.07735 -7.03181 -21.052 0.532102 -6.17451 -20.3475 5.10162 -5.17215 -19.1738 9.81459 -3.9195 -17.598 14.3469 -2.27252 -15.6718 18.6097 -0.109915 -13.4638 22.4881 3.24584 -10.58 26.428 7.46187 -7.624 29.3586 12.408 -4.83002 31.041 17.8202 -2.43626 31.3214 23.6847 -0.560619 30.0558 29.243 0.459712 27.3031 34.0984 0.534916 23.3115 37.9392 -0.340943 18.413 40.0401 -1.59328 14.3417 41.4023 -3.29434 10.1216 42.0301 -5.36915 5.89551 41.9635 -7.73456 1.7774 41.0966 -10.7327 -2.75697 39.4898 -13.8919 -6.96866 37.2375 -17.1099 -10.8252 34.4101 -20.2955 -14.312 31.2425 -23.2066 -17.2652 27.6323 -25.9382 -19.8603 23.6118 -28.4166 -22.0788 19.2204 -30.5669 -23.9012 13.2908 -32.6816 -25.5949 6.9893 -34.0074 -26.6117 0.487868 -34.3769 -26.9204 0.33187 0.19024 0.0682393 -0.0104393 -0.290261 -0.338599 -0.33563 -0.292886 -0.542579 -0.48874 -0.421329 -0.343066 -0.522996 -0.431246 -0.339137 -0.25055 -0.415927 -0.349428 -0.332849 -0.385548 -0.18936 -0.405042 -0.744266 -1.16836 -0.942 -1.21679 -1.3509 -1.35335 -1.36658 -1.32596 -1.21625 -1.04137 -1.35754 -1.17568 -0.888604 -0.431576 -0.513683 0.137455 0.727698 1.12398 1.07101 1.19242 1.22077 1.18893 1.03154 0.93875 0.82223 0.680873 0.63327 0.474757 0.302599 0.173016 1.40928 1.21653 1.07231 0.971264 1.65937 1.45729 1.32099 1.24741 1.40105 1.31158 1.29553 1.3347 0.974345 1.03276 1.12302 1.22947 0.762549 0.878646 1.00066 1.13497 0.695607 0.860217 1.04384 1.24603 0.522488 0.617891 0.649735 0.56105 -0.133966 -0.250531 -0.407215 -0.584537 -0.563793 -0.669119 -0.790758 -0.927704 -0.830677 -1.00042 -1.19273 -1.40394 -1.08614 -1.30069 -1.5477 -1.83696 -0.750726 -1.04574 -1.42038 -1.81797 -5.22953
-2.52832 -34.7452 -26.9004 -6.8512 -34.7897 -25.9124 -11.0425 -34.1695 -24.6033 -14.98 -32.8833 -23.02 -18.555 -30.9671 -21.2274 -22.1703 -28.0128 -18.9624 -25.1028 -24.4196 -16.6346 -27.3231 -20.322 -14.3525 -28.8288 -15.8436 -12.2064 -29.5058 -12.2154 -10.6971 -29.7682 -8.47619 -9.33727 -29.6205 -4.6737 -8.14593 -29.0698 -0.856097 -7.13474 -28.0367 3.22647 -6.24924 -26.5704 7.21463 -5.5686 -24.6998 11.0582 -5.07181 -22.4573 14.7147 -4.7262 -18.3861 19.8614 -4.41074 -13.6305 24.3884 -4.17958 -8.28364 28.1931 -3.86549 -2.44621 31.1593 -3.32807 3.44423 33.0855 -2.52225 9.51805 34.0351 -1.39813 15.6018 33.9306 0.0280038 21.5021 32.7312 1.70285 26.4471 30.7336 3.3473 30.9308 27.8929 5.07235 34.7993 24.2711 6.82286 37.9002 19.9646 8.551 40.1342 14.9794 10.2597 41.281 9.609 11.8741 41.2513 4.08567 13.3755 40.0091 -1.32798 14.7582 37.3444 -6.71916 16.1213 33.4156 -11.3027 17.3778 28.4282 -14.732 18.5564 22.6952 -16.7047 19.6809 17.5819 -17.0809 20.5971 12.5148 -16.2506 21.4696 7.7501 -14.3078 22.2756 3.45942 -11.4414 22.9829 -0.814864 -7.30795 23.6233 -4.50306 -2.61613 24.0093 -7.83369 2.35079 24.0505 -11.0689 7.36321 23.6337 -13.884 11.446 22.8308 -16.8651 15.2793 21.5433 -20.0281 18.7285 19.7166 -23.3279 21.6655 17.3242 -27.072 24.2173 13.9823 -30.6851 25.8826 9.99848 -33.9614 26.6046 5.47716 -36.6986 26.3787 0.562404 -38.6521 25.311 -4.35736 -39.83 23.483 -9.30012 -40.1671 20.994 -14.0805 -39.6549 17.9589 -18.5174 -38.3649 14.5522 -22.389 -36.3811 10.8362 -25.6317 -33.8207 6.90596 -28.1329 -30.8223 2.84694 -29.8042 -27.3981 -1.42843 -30.5961 -23.8416 -5.66376 -30.3872 -20.3237 -9.76392 -29.1857 -16.9946 -13.6323 -27.0448 -13.7161 -17.4741 -23.7526 -10.8862 -20.8224 -19.6141 -8.52945 -23.5831 -14.8006 -6.61113 -25.676 -9.48211 -5.35974 -26.7974 -5.09027 -4.26722 -27.4412 -0.562158 -3.26261 -27.5839 4.02938 -2.26518 -27.2079 8.60929 -1.1282 -26.2393 13.3383 0.196464 -24.6845 17.8574 1.79894 -22.5621 22.0432 3.74833 -19.9138 25.7555 6.57411 -16.1616 29.3661 9.93033 -11.9516 31.8385 13.7144 -7.53618 32.9722 17.7497 -3.20948 32.6604 22.0615 0.95252 30.7632 26.1412 4.35564 27.4035 29.7483 6.74297 22.8425 32.6899 7.94225 17.4183 34.3885 8.00941 12.9833 35.5975 7.3632 8.43591 36.3113 6.05338 3.92667 36.5455 4.15917 -0.422533 36.2531 1.35693 -5.15145 35.4053 -1.94254 -9.47528 34.0399 -5.59253 -13.3629 32.1751 -9.46143 -16.8061 29.948 -13.2217 -19.6572 27.2704 -16.9753 -22.1007 24.1428 -20.6276 -24.1276 20.575 -24.0832 -25.7272 15.5351 -27.9808 -27.1088 9.91348 -31.2123 -27.7833 3.82717 -33.5476 -27.7213 0.0581314 -0.00286729 -0.074535 -0.129617 -0.403889 -0.458537 -0.466407 -0.434354 -0.691355 -0.641424 -0.575248 -0.495561 -0.671101 -0.571112 -0.468518 -0.368629 -0.52004 -0.439937 -0.414035 -0.46189 -0.266324 -0.49255 -0.865129 -1.35992 -1.21715 -1.55097 -1.71574 -1.72863 -1.7414 -1.6959 -1.58186 -1.40732 -1.73296 -1.57521 -1.3272 -0.895429 -0.86313 0.155286 1.07889 1.56847 1.49844 1.574 1.55774 1.4871 1.299 1.18177 1.04495 0.889511 0.837895 0.694623 0.562983 0.486091 1.77383 1.62481 1.51606 1.44287 2.15222 1.96573 1.83959 1.76993 1.91952 1.81549 1.77368 1.77817 1.37822 1.40052 1.46723 1.56657 1.10766 1.23943 1.38284 1.54068 1.1232 1.30235 1.48661 1.67043 0.902075 0.920972 0.856701 0.664364 -0.134348 -0.347798 -0.589574 -0.840986 -0.877106 -1.02649 -1.18784 -1.36026 -1.29673 -1.49605 -1.71125 -1.93849 -1.62949 -1.84566 -2.08577 -2.35661 -1.23051 -1.44818 -1.70256 -1.94509 -4.95382
-0.247207 -32.0974 -24.2957 -4.48195 -32.9099 -23.2602 -8.73202 -33.0424 -22.0013 -12.8873 -32.4578 -20.5669 -16.833 -31.1588 -19.0147 -21.0461 -28.786 -17.1312 -24.6963 -25.6013 -15.2702 -27.6863 -21.7385 -13.5189 -29.9479 -17.3395 -11.9497 -31.1581 -13.6865 -10.905 -31.8912 -9.8677 -10.0223 -32.1375 -5.95118 -9.31514 -31.8967 -2.00579 -8.78989 -31.1033 2.20805 -8.42559 -29.7845 6.30093 -8.25886 -27.981 10.2081 -8.26754 -25.7401 13.8787 -8.42167 -21.5784 18.9425 -8.87008 -16.6697 23.2716 -9.44083 -11.1469 26.7849 -10.0052 -5.13466 29.3963 -10.4491 0.912639 30.9574 -10.6729 7.13456 31.5435 -10.6424 13.36 31.1032 -10.315 19.3958 29.6206 -9.66151 24.456 27.4364 -8.78278 29.0503 24.4919 -7.61225 33.031 20.8698 -6.13497 36.2572 16.6858 -4.33682 38.6497 11.9674 -2.15136 40.0038 7.01317 0.375322 40.2469 2.05069 3.21734 39.3564 -2.67329 6.32435 37.169 -7.21056 9.88129 33.8256 -10.8796 13.5397 29.5219 -13.4139 17.1562 24.528 -14.6114 20.5694 20.0172 -14.5025 23.1708 15.453 -13.3843 25.4169 11.0163 -11.3542 27.2394 6.82973 -8.57026 28.5991 2.39289 -4.68019 29.5722 -1.6939 -0.32787 29.9194 -5.54836 4.23605 29.6384 -9.31005 8.79108 28.7075 -12.4876 12.4537 27.3932 -15.7142 15.8459 25.571 -18.9864 18.8534 23.2287 -22.2638 21.3716 20.3728 -25.8564 23.5056 16.5995 -29.2365 24.8223 12.2938 -32.2575 25.2653 7.56352 -34.771 24.817 2.54561 -36.5788 23.5697 -2.38757 -37.7007 21.5741 -7.27832 -38.0779 18.9114 -11.961 -37.694 15.6834 -16.273 -36.5991 12.0642 -20.0096 -34.8564 8.11766 -23.1155 -32.5597 3.95024 -25.4854 -29.8255 -0.336786 -27.0361 -26.6557 -4.82213 -27.7182 -23.3136 -9.22339 -27.4182 -19.9552 -13.434 -26.1444 -16.7215 -17.351 -23.9465 -13.4715 -21.1722 -20.6025 -10.5998 -24.4216 -16.4143 -8.148 -27.0032 -11.5491 -6.10479 -28.8339 -6.18063 -4.75245 -29.6921 -1.75949 -3.56767 -30.0227 2.7791 -2.48976 -29.8066 7.35111 -1.44714 -29.034 11.8708 -0.301748 -27.6185 16.4837 0.982476 -25.6038 20.8295 2.48815 -23.0267 24.79 4.27898 -19.9469 28.2399 6.83367 -15.7276 31.5221 9.84035 -11.1118 33.7027 13.2254 -6.33982 34.6358 16.8565 -1.67419 34.2516 20.7904 2.8748 32.4229 24.5957 6.73935 29.245 28.0626 9.68972 24.9104 31.0019 11.5515 19.6752 32.7754 12.1655 15.3121 34.1086 12.081 10.7543 34.9756 11.3193 6.14706 35.3727 9.93139 1.6222 35.2625 7.6335 -3.37862 34.5791 4.72384 -8.00112 33.3627 1.33324 -12.1634 31.6465 -2.41466 -15.8115 29.5808 -6.19122 -18.7611 27.1062 -10.0887 -21.1932 24.2398 -14.0111 -23.098 20.9988 -17.8604 -24.479 16.4482 -22.4177 -25.4909 11.3588 -26.4828 -25.7617 5.76456 -29.8042 -25.3446 -0.00717341 -0.00843645 -0.0391324 -0.0750947 -0.349905 -0.422533 -0.458375 -0.458766 -0.745718 -0.721329 -0.679525 -0.622485 -0.818782 -0.736046 -0.646657 -0.555832 -0.712867 -0.629328 -0.59022 -0.617784 -0.404003 -0.635829 -1.08106 -1.73566 -1.71855 -2.07441 -2.20674 -2.17559 -2.15086 -2.08107 -1.95884 -1.79365 -2.14975 -2.05044 -1.8972 -1.59728 -1.54496 0.38568 1.71064 2.05413 1.83761 1.81704 1.74687 1.65052 1.45754 1.34737 1.22716 1.09623 1.07657 0.968657 0.866376 0.803404 2.08992 1.92986 1.80485 1.71341 2.40443 2.20028 2.05732 1.97206 2.10781 1.99342 1.94685 1.95336 1.56235 1.59913 1.68233 1.79687 1.34811 1.48511 1.62938 1.78319 1.35618 1.5198 1.68329 1.84218 1.04389 1.0295 0.933994 0.713977 -0.108968 -0.342957 -0.601064 -0.864734 -0.908032 -1.06132 -1.2246 -1.39759 -1.33433 -1.53545 -1.75629 -1.99494 -1.70325 -1.94072 -2.20304 -2.49135 -1.37083 -1.56566 -1.76031 -1.91142 -4.7689
-0.808974 -29.0614 -22.7838 -5.04782 -29.8827 -21.7723 -9.32198 -30.053 -20.6027 -13.5353 -29.5332 -19.3209 -17.5832 -28.3187 -17.9773 -21.9763 -26.0554 -16.394 -25.8644 -22.9728 -14.8745 -29.1317 -19.1873 -13.4876 -31.683 -14.8297 -12.2915 -33.1039 -11.182 -11.5329 -34.0224 -7.3485 -10.9325 -34.4166 -3.40398 -10.5021 -34.2764 0.57287 -10.2473 -33.5322 4.81063 -10.1683 -32.2006 8.90118 -10.2817 -30.3279 12.7651 -10.5684 -27.9724 16.3401 -11.0031 -23.5789 21.1427 -11.8949 -18.4214 25.0729 -12.9516 -12.6817 28.0698 -14.0642 -6.51961 30.0858 -15.1257 -0.40648 31.0568 -15.9881 5.81194 31.0846 -16.6105 11.9884 30.1747 -16.8929 17.9679 28.3643 -16.733 23.0081 26.0445 -16.1307 27.6417 23.1352 -15.0292 31.7446 19.7329 -13.3742 35.1908 15.9592 -11.1312 37.9165 11.8563 -8.2159 39.7116 7.69884 -4.71509 40.4967 3.6823 -0.7134 40.2376 0.000557099 3.66154 38.8099 -3.39026 8.61001 36.272 -6.00003 13.5872 32.7592 -7.68333 18.3674 28.4535 -8.34446 22.7317 24.3635 -8.07843 25.9454 20.0092 -7.07907 28.6227 15.5321 -5.41222 30.6974 11.0521 -3.18 32.1375 6.01361 -0.0774911 33.0054 1.15058 3.40291 33.0605 -3.51987 7.06689 32.3343 -8.0055 10.733 30.8496 -11.6391 13.6844 29.0262 -15.1436 16.4204 26.6871 -18.504 18.8494 23.8503 -21.6947 20.8857 20.5471 -25.0274 22.6083 16.349 -28.0497 23.6461 11.7136 -30.6981 23.9211 6.75282 -32.903 23.3771 1.60105 -34.5344 22.0585 -3.3749 -35.6334 19.9649 -8.22971 -36.154 17.1356 -12.7997 -36.0717 13.6455 -16.9195 -35.4035 9.66827 -20.3827 -34.1821 5.28111 -23.125 -32.4637 0.628641 -25.0384 -30.3285 -4.13416 -26.0462 -27.7686 -9.04083 -26.0917 -24.9886 -13.7262 -25.1174 -22.1148 -18.039 -23.1752 -19.2626 -21.8554 -20.359 -16.289 -25.3416 -16.441 -13.5338 -28.0527 -11.8145 -11.0362 -29.9411 -6.66256 -8.79485 -30.979 -1.16297 -7.19659 -31.1875 3.2545 -5.6997 -30.8662 7.70061 -4.26048 -30.019 12.0964 -2.82629 -28.6571 16.3626 -1.25659 -26.6849 20.6335 0.440978 -24.1979 24.5739 2.32857 -21.2458 28.0834 4.45345 -17.8953 31.0588 7.3307 -13.4876 33.7782 10.5706 -8.81482 35.4422 14.1065 -4.08726 35.9412 17.8228 0.471272 35.227 21.7988 4.88234 33.1662 25.6193 8.62421 29.8623 29.0904 11.4961 25.4786 32.0292 13.3385 20.2362 33.7967 13.9778 15.8744 35.1155 13.9488 11.3116 35.9539 13.2651 6.68695 36.3027 11.9687 2.13106 36.1064 9.783 -2.91718 35.3011 6.98183 -7.58683 33.9289 3.69037 -11.7802 32.03 0.0310334 -15.4276 29.7771 -3.66937 -18.3363 27.1144 -7.49457 -20.683 24.0729 -11.3449 -22.4587 20.6819 -15.12 -23.6753 15.9923 -19.5812 -24.4532 10.8237 -23.5542 -24.4977 5.20217 -26.8024 -23.9078 -0.0163195 -0.00145016 -0.0191854 -0.0476291 -0.321237 -0.399901 -0.447288 -0.462711 -0.764706 -0.753794 -0.725321 -0.680931 -0.888829 -0.81542 -0.732465 -0.644902 -0.801407 -0.709681 -0.65601 -0.666615 -0.444055 -0.697646 -1.23227 -2.00797 -1.99589 -2.28519 -2.35179 -2.27426 -2.22143 -2.13867 -2.01592 -1.86067 -2.23732 -2.171 -2.06798 -1.8537 -1.94064 0.327453 1.82595 2.1031 1.84317 1.80103 1.72539 1.63569 1.45855 1.37018 1.27881 1.1832 1.20605 1.14347 1.07778 1.03102 2.31177 2.12984 1.97348 1.84723 2.50441 2.26963 2.09997 1.99231 2.10995 1.98311 1.93177 1.94264 1.56598 1.62581 1.736 1.8768 1.44742 1.59757 1.75032 1.90766 1.4793 1.63672 1.79014 1.93643 1.12323 1.09301 0.983691 0.75257 -0.0790341 -0.319381 -0.581728 -0.847895 -0.892111 -1.04543 -1.20813 -1.38018 -1.3159 -1.51661 -1.73873 -1.9813 -1.69675 -1.94445 -2.2195 -2.52122 -1.41337 -1.61427 -1.8035 -1.93791 -4.76633
-1.03057 -28.2174 -25.3922 -5.28887 -29.0379 -24.4652 -9.57207 -29.2317 -23.3329 -13.7867 -28.7631 -22.0355 -17.8333 -27.6266 -20.6218 -22.2304 -25.4824 -18.8906 -26.1371 -22.5359 -17.1631 -29.4439 -18.8876 -15.5249 -32.0577 -14.6525 -14.0551 -33.541 -11.0801 -13.0869 -34.5324 -7.30102 -12.2895 -35.0068 -3.38811 -11.6861 -34.9509 0.579538 -11.2931 -34.2993 4.82943 -11.1131 -33.0594 8.94969 -11.1823 -31.2769 12.8548 -11.4838 -29.0102 16.4777 -11.9896 -24.7522 21.3594 -13.0857 -19.7309 25.3777 -14.4281 -14.1231 28.4825 -15.8688 -8.07683 30.6431 -17.2608 -2.04285 31.8014 -18.4037 4.14398 32.0772 -19.2426 10.352 31.4843 -19.65 16.4362 30.064 -19.5016 21.6342 28.1563 -18.8019 26.483 25.7186 -17.5 30.8521 22.8454 -15.5498 34.6087 19.6523 -12.9345 37.6933 16.1853 -9.58365 39.8846 12.6818 -5.62311 41.0998 9.30349 -1.16524 41.2976 6.20247 3.64174 40.3751 3.32211 9.0154 38.3265 1.05148 14.37 35.2449 -0.506773 19.4787 31.2628 -1.28361 24.1223 27.3251 -1.30756 27.5312 22.9886 -0.763462 30.3642 18.3844 0.306092 32.5515 13.6375 1.83054 34.0583 8.14638 4.0274 34.9451 2.72434 6.55059 34.9614 -2.55169 9.24667 34.149 -7.63015 11.9683 32.5468 -11.713 14.1677 30.615 -15.5996 16.2065 28.1703 -19.2614 18.0079 25.2403 -22.6688 19.4978 21.8626 -26.1487 20.7127 17.6067 -29.2314 21.3536 12.9393 -31.8734 21.3335 7.96761 -34.0269 20.5783 2.82069 -35.5853 19.1131 -2.13764 -36.6029 16.9041 -6.95894 -37.0457 13.9692 -11.4702 -36.8979 10.3687 -15.4919 -36.1841 6.27327 -18.8051 -34.941 1.76501 -21.3328 -33.2283 -2.99582 -22.9638 -31.1272 -7.83329 -23.6297 -28.6301 -12.7598 -23.2773 -25.9314 -17.3898 -21.8949 -23.1415 -21.5667 -19.571 -20.3537 -25.1741 -16.4332 -17.3987 -28.3689 -12.2609 -14.5757 -30.7507 -7.49607 -11.8958 -32.3008 -2.32291 -9.34003 -33.0155 3.0904 -7.40301 -32.9934 7.37518 -5.49211 -32.4648 11.6391 -3.57868 -31.4351 15.8093 -1.63246 -29.9146 19.8108 0.48768 -27.7997 23.7639 2.70969 -25.1928 27.3501 5.05869 -22.1404 30.474 7.54853 -18.7043 33.0409 10.7014 -14.2047 35.2575 14.0174 -9.43549 36.424 17.427 -4.5904 36.4521 20.8347 0.119491 35.3094 24.326 4.73214 32.8503 27.5587 8.70804 29.2095 30.4038 11.8245 24.5505 32.7425 13.8931 19.0948 34.1099 14.6728 14.6136 35.0945 14.7484 9.96788 35.6767 14.1296 5.29494 35.8511 12.8596 0.72163 35.5504 10.6638 -4.3171 34.7301 7.82318 -8.96022 33.4097 4.47823 -13.1278 31.6038 0.765339 -16.7683 29.4531 -2.97582 -19.7022 26.8869 -6.82623 -22.1142 23.9207 -10.6836 -23.9989 20.5748 -14.4476 -25.3651 15.8958 -18.8735 -26.3743 10.6973 -22.7962 -26.6718 5.02623 -25.9927 -26.323 -0.0592348 -0.0550775 -0.0798886 -0.110992 -0.383039 -0.456449 -0.496628 -0.503973 -0.798361 -0.780554 -0.744819 -0.692743 -0.892282 -0.809781 -0.717081 -0.619343 -0.762889 -0.656726 -0.590471 -0.59047 -0.358346 -0.598853 -1.10599 -1.84207 -1.81413 -2.10683 -2.18112 -2.11118 -2.06531 -1.98904 -1.87251 -1.72343 -2.10646 -2.04637 -1.94873 -1.74316 -1.91014 -0.214421 1.50001 1.92664 1.72105 1.70261 1.63897 1.5571 1.38618 1.30401 1.22004 1.13356 1.16839 1.12084 1.07215 1.04005 2.33034 2.15257 1.99605 1.86692 2.52024 2.28189 2.1096 2.00034 2.1171 1.98966 1.93782 1.94871 1.57383 1.63915 1.76003 1.91714 1.50614 1.67413 1.84442 2.01708 1.60037 1.76393 1.91699 2.05663 1.23021 1.18047 1.04896 0.79512 -0.0591228 -0.321375 -0.60438 -0.890443 -0.951821 -1.11969 -1.29654 -1.48189 -1.43035 -1.64157 -1.86981 -2.11319 -1.82394 -2.06252 -2.32551 -2.61485 -1.49641 -1.69412 -1.89059 -2.04042 -4.84147
1.17851 -28.9819 -24.7918 -3.02907 -29.9417 -23.7717 -7.28041 -30.2313 -22.5438 -11.4726 -29.814 -21.1593 -15.4984 -28.6872 -19.6798 -19.8661 -26.5102 -17.9156 -23.737 -23.4987 -16.22 -27.0069 -19.7706 -14.6909 -29.5932 -15.4573 -13.4122 -31.0714 -11.8345 -12.6441 -32.0785 -8.01679 -12.0864 -32.596 -4.07718 -11.7523 -32.6155 -0.0912058 -11.6449 -32.0838 4.17719 -11.7744 -31.0026 8.32685 -12.1349 -29.4112 12.2861 -12.6915 -27.3578 16.0008 -13.4011 -23.4401 21.116 -14.6856 -18.7323 25.4938 -16.04 -13.3715 29.0765 -17.3003 -7.48121 31.8018 -18.3201 -1.50869 33.53 -18.9519 4.68303 34.35 -19.169 10.9257 34.2144 -18.9086 17.027 33.1094 -18.128 22.1869 31.3276 -16.9668 26.9229 28.8519 -15.3576 31.0953 25.7718 -13.2956 34.5781 22.2075 -10.7829 37.3235 18.2028 -7.75171 39.1463 14.0244 -4.29042 39.9933 9.86497 -0.450561 39.8463 5.91867 3.69282 38.595 2.11575 8.38277 36.2715 -1.01313 13.1614 32.9777 -3.28434 17.8535 28.8589 -4.55572 22.2629 24.8787 -4.78742 25.6143 20.5792 -4.24637 28.5036 16.0986 -2.98515 30.8403 11.5591 -1.10295 32.5659 6.39081 1.65872 33.7604 1.34153 4.84407 34.1118 -3.56147 8.23434 33.6302 -8.31369 11.6222 32.3248 -12.185 14.3172 30.5961 -15.9258 16.7632 28.3021 -19.505 18.8585 25.467 -22.8801 20.5122 22.1334 -26.3593 21.7467 17.8826 -29.4474 22.2396 13.2008 -32.0704 21.926 8.22886 -34.1575 20.7693 3.12941 -35.5973 18.864 -1.71385 -36.4444 16.2108 -6.34022 -36.6779 12.8762 -10.5812 -36.3027 8.95928 -14.2795 -35.3692 4.65625 -17.258 -33.9286 0.0457238 -19.4777 -32.0504 -4.72879 -20.8689 -29.8151 -9.5231 -21.3954 -27.2003 -14.3867 -21.0223 -24.3876 -18.9784 -19.7432 -21.4662 -23.1744 -17.6244 -18.5126 -26.8739 -14.7572 -15.3291 -30.2473 -10.906 -12.2336 -32.86 -6.44072 -9.26011 -34.6478 -1.51038 -6.4267 -35.555 3.73321 -4.31634 -35.6183 7.9349 -2.2954 -35.101 12.1492 -0.359143 -33.9986 16.2901 1.50201 -32.3198 20.2688 3.39903 -29.9513 24.1912 5.25215 -27.0139 27.7313 7.08813 -23.5699 30.791 8.93369 -19.6969 33.2787 11.1771 -14.6364 35.3905 13.488 -9.28588 36.4547 15.8663 -3.85988 36.3947 18.2887 1.40975 35.1847 20.859 6.56983 32.6786 23.3644 11.0209 29.0147 25.7256 14.5174 24.355 27.8532 16.8523 18.9205 29.2485 17.751 14.4703 30.4169 17.8734 9.86833 31.324 17.2324 5.25046 31.9423 15.878 0.740303 32.2707 13.5167 -4.22128 32.1574 10.4508 -8.79162 31.5775 6.83184 -12.8986 30.5048 2.80543 -16.4956 29.0112 -1.26124 -19.4043 27.0421 -5.45601 -21.8034 24.5984 -9.66679 -23.6814 21.693 -13.7831 -25.0393 17.4491 -18.6326 -26.0253 12.5667 -22.9456 -26.273 7.10779 -26.4829 -25.8402 0.0387608 0.0477149 0.0267059 -0.00121646 -0.270207 -0.340205 -0.376816 -0.380587 -0.67209 -0.652583 -0.616328 -0.565425 -0.768268 -0.691532 -0.607676 -0.522102 -0.685559 -0.609864 -0.579609 -0.618059 -0.417667 -0.663565 -1.11227 -1.73587 -1.66795 -1.98959 -2.1037 -2.06301 -2.03337 -1.96242 -1.84343 -1.68736 -2.0615 -1.99435 -1.89775 -1.71651 -1.98096 -0.448123 1.60285 2.09068 1.8861 1.85628 1.7765 1.67453 1.4815 1.37654 1.26756 1.15456 1.16103 1.08619 1.0178 0.976636 2.26842 2.09971 1.95646 1.84162 2.50764 2.27887 2.1123 2.0047 2.11941 1.9873 1.93046 1.93906 1.56783 1.64556 1.78635 1.96631 1.57299 1.75064 1.92306 2.08963 1.65868 1.8008 1.92772 2.03884 1.18094 1.09906 0.938955 0.660376 -0.21553 -0.496629 -0.795573 -1.09493 -1.1657 -1.33975 -1.52061 -1.70735 -1.65383 -1.85822 -2.0745 -2.30091 -1.99088 -2.20614 -2.44409 -2.70825 -1.5634 -1.73657 -1.91434 -2.05082 -4.94186
1.14767 -29.836 -24.3287 -3.02113 -30.6996 -23.0874 -7.19963 -30.834 -21.6084 -11.2682 -30.211 -19.9579 -15.1102 -28.8439 -18.2158 -19.1873 -26.3679 -16.1724 -22.704 -23.0701 -14.2524 -25.5859 -19.0956 -12.5712 -27.7858 -14.5934 -11.2221 -28.9916 -10.8704 -10.4576 -29.7622 -6.99082 -9.95223 -30.0894 -3.02385 -9.71566 -29.9717 0.96177 -9.7451 -29.3536 5.20898 -10.0581 -28.247 9.3283 -10.6284 -26.6832 13.2606 -11.4093 -24.6987 16.9627 -12.3451 -20.9384 22.1039 -13.9546 -16.4054 26.5776 -15.5672 -11.1997 30.3286 -16.9792 -5.42366 33.2837 -18.0122 0.481226 35.2687 -18.5113 6.63451 36.3599 -18.4563 12.849 36.4866 -17.8077 18.911 35.6128 -16.5644 24.0099 33.9948 -14.9734 28.6489 31.6312 -12.9633 32.6808 28.6021 -10.5724 35.9769 25.0211 -7.84104 38.4851 20.9236 -4.72952 40.0318 16.5716 -1.34867 40.5746 12.156 2.25284 40.1068 7.87335 6.02146 38.5029 3.62921 10.1974 35.8293 0.00210055 14.4069 32.1978 -2.78491 18.5383 27.7678 -4.53882 22.4526 23.5609 -5.11123 25.4695 19.0839 -4.8223 28.1152 14.4892 -3.70926 30.3007 9.90767 -1.86895 31.959 4.7798 0.96485 33.1589 -0.148327 4.32776 33.5707 -4.8714 7.97389 33.1664 -9.40634 11.6668 31.9166 -13.0768 14.6321 30.1923 -16.6015 17.3402 27.8511 -19.9451 19.67 24.9132 -23.058 21.5136 21.4276 -26.2027 22.8946 16.9664 -28.9075 23.4595 12.061 -31.101 23.149 6.88504 -32.7253 21.9401 1.63158 -33.7113 19.9502 -3.29066 -34.1225 17.1953 -7.91683 -33.9691 13.7557 -12.0768 -33.2865 9.73933 -15.6213 -32.1531 5.34666 -18.3925 -30.6312 0.652045 -20.3682 -28.7969 -4.2075 -21.4992 -26.7265 -9.09631 -21.7679 -24.3967 -14.0779 -21.1455 -21.959 -18.8157 -19.6484 -19.4699 -23.1912 -17.3484 -16.9706 -27.1041 -14.3361 -14.2673 -30.7428 -10.3614 -11.5983 -33.6406 -5.79783 -8.96853 -35.7119 -0.783801 -6.38013 -36.8747 4.53544 -4.39162 -37.0997 8.79068 -2.43883 -36.6996 13.0496 -0.530494 -35.6628 17.2203 1.32429 -33.996 21.207 3.21441 -31.5857 25.1072 5.03477 -28.5602 28.5896 6.78928 -24.9945 31.5564 8.48765 -20.98 33.9214 10.4571 -15.7395 35.8605 12.3876 -10.2084 36.7442 14.2957 -4.6041 36.516 16.1894 0.844625 35.1645 18.1802 6.20053 32.5444 20.142 10.8545 28.8021 22.0509 14.5544 24.0925 23.867 17.0789 18.6298 25.1443 18.0998 14.1705 26.3042 18.3185 9.56995 27.3124 17.7429 4.96446 28.1335 16.4207 0.477141 28.8054 14.0553 -4.44767 29.1226 10.9422 -8.97635 29.0259 7.23503 -13.0443 28.4542 3.08165 -16.6113 27.4201 -1.13731 -19.5027 25.8699 -5.50852 -21.894 23.7843 -9.9094 -23.768 21.1644 -14.216 -25.1167 17.1712 -19.2807 -26.0667 12.433 -23.7556 -26.2264 7.04091 -27.3709 -25.63 -0.00200705 0.00106484 -0.0220418 -0.0469375 -0.30687 -0.36128 -0.378265 -0.360248 -0.631901 -0.595831 -0.544398 -0.480391 -0.672316 -0.587389 -0.499007 -0.41266 -0.579946 -0.516399 -0.505188 -0.568509 -0.395141 -0.660983 -1.1012 -1.67144 -1.55318 -1.86148 -1.98364 -1.95661 -1.93873 -1.87449 -1.75587 -1.59344 -1.95374 -1.8641 -1.735 -1.50719 -1.72829 -0.464217 1.31565 1.94916 1.8239 1.83319 1.77215 1.67884 1.48909 1.38569 1.27834 1.1683 1.18044 1.11538 1.06 1.03287 2.33758 2.17925 2.04319 1.93194 2.59785 2.36527 2.19105 2.07164 2.16974 2.01596 1.93351 1.91469 1.51648 1.57307 1.70416 1.8876 1.50684 1.69946 1.88717 2.06649 1.64412 1.78948 1.91437 2.01918 1.15096 1.05545 0.880873 0.587986 -0.301876 -0.596317 -0.907635 -1.21848 -1.29851 -1.47967 -1.66651 -1.8576 -1.80641 -2.00981 -2.22108 -2.43835 -2.11572 -2.31605 -2.53764 -2.78578 -1.62585 -1.78927 -1.96638 -2.11015 -4.96943
-0.0318582 -29.7593 -25.7557 -4.17289 -30.6132 -24.4185 -8.29067 -30.7053 -22.7751 -12.2497 -30.0083 -20.9029 -15.9234 -28.5436 -18.8969 -19.7274 -25.9411 -16.5125 -22.9038 -22.5262 -14.237 -25.4056 -18.4617 -12.1999 -27.2193 -13.9053 -10.5032 -28.1467 -10.1645 -9.48037 -28.669 -6.28386 -8.72698 -28.7889 -2.32616 -8.25559 -28.5119 1.64721 -8.06724 -27.7794 5.88652 -8.16914 -26.6166 10.0114 -8.55875 -25.0488 13.9684 -9.19401 -23.1036 17.7164 -10.0229 -19.4636 22.9686 -11.5482 -15.083 27.5879 -13.172 -10.0257 31.499 -14.6851 -4.36686 34.6089 -15.8968 1.47001 36.7217 -16.6205 7.60115 37.9156 -16.822 13.8354 38.121 -16.4371 19.9515 37.31 -15.4406 25.1213 35.7434 -14.0382 29.8481 33.4332 -12.176 33.9821 30.4631 -9.88763 37.3928 26.9463 -7.21417 40.0298 22.9158 -4.12169 41.7145 18.6242 -0.729498 42.4011 14.2528 2.90118 42.078 9.98713 6.70408 40.6235 5.71901 10.9102 38.0825 2.01247 15.1326 34.5543 -0.918084 19.2541 30.185 -2.88328 23.1362 25.9868 -3.68456 26.1129 21.4739 -3.66347 28.7128 16.7973 -2.84601 30.8549 12.0917 -1.31525 32.4799 6.77923 1.16384 33.662 1.63964 4.1921 34.0856 -3.30188 7.54148 33.7275 -8.04366 10.9935 32.5594 -11.8673 13.8143 30.928 -15.5198 16.443 28.6947 -18.9616 18.7686 25.869 -22.1394 20.6893 22.4851 -25.3138 22.2536 18.1062 -27.9987 23.0951 13.2296 -30.1194 23.1361 8.01428 -31.6169 22.3284 2.64739 -32.4341 20.742 -2.44925 -32.6394 18.3812 -7.30155 -32.2578 15.3006 -11.7202 -31.3453 11.5866 -15.5326 -30.0081 7.42184 -18.5534 -28.33 2.87886 -20.7453 -26.4115 -1.90546 -22.0448 -24.3499 -6.79034 -22.4281 -22.1433 -11.835 -21.8686 -19.951 -16.6955 -20.3853 -17.8245 -21.2466 -18.0622 -15.7882 -25.3845 -15.0024 -13.673 -29.324 -10.9585 -11.6365 -32.5818 -6.31249 -9.63491 -35.0719 -1.19985 -7.62058 -36.7066 4.24228 -6.01086 -37.3271 8.61671 -4.35759 -37.3356 13.0188 -2.65682 -36.7069 17.3575 -0.911654 -35.4328 21.5339 0.967608 -33.4051 25.6511 2.87499 -30.7172 29.3567 4.79793 -27.4372 32.5407 6.72486 -23.6552 35.1055 9.01437 -18.6288 37.249 11.2763 -13.2537 38.2945 13.4905 -7.75947 38.1874 15.6353 -2.38284 36.9251 17.8098 2.93629 34.3772 19.8582 7.60112 30.6953 21.7565 11.3731 26.0389 23.4762 14.0467 20.6159 24.6371 15.239 16.1675 25.6564 15.6804 11.5496 26.5131 15.3734 6.88805 27.1851 14.3553 2.29782 27.7013 12.3688 -2.80982 27.893 9.64042 -7.58687 27.7081 6.30191 -11.9596 27.0868 2.48213 -15.8742 26.0389 -1.46718 -19.1198 24.5013 -5.62397 -21.8741 22.447 -9.87087 -24.1041 19.8675 -14.0838 -25.7854 15.9244 -19.1076 -27.0945 11.2217 -23.6025 -27.5198 5.84689 -27.2637 -27.0644 -0.0789059 -0.0889633 -0.120407 -0.147665 -0.403524 -0.446971 -0.448032 -0.410741 -0.663514 -0.61043 -0.541915 -0.461234 -0.636922 -0.536987 -0.435327 -0.337225 -0.491316 -0.413216 -0.387064 -0.433855 -0.243358 -0.496222 -0.940172 -1.54348 -1.46336 -1.79147 -1.92078 -1.89626 -1.88023 -1.81834 -1.70242 -1.54242 -1.90409 -1.81354 -1.6799 -1.44422 -1.67434 -0.582028 1.04113 1.7655 1.6996 1.74225 1.70227 1.62499 1.44832 1.35672 1.26178 1.16532 1.19344 1.14682 1.10969 1.0995 2.41833 2.27073 2.14208 2.03501 2.7021 2.46799 2.28943 2.16251 2.24897 2.07828 1.97312 1.92574 1.49264 1.51045 1.60529 1.76134 1.36843 1.5611 1.75817 1.95366 1.55164 1.71865 1.86362 1.98568 1.13266 1.04934 0.883187 0.595821 -0.290619 -0.583317 -0.894262 -1.20585 -1.2873 -1.47014 -1.65905 -1.85262 -1.80453 -2.01191 -2.22795 -2.4509 -2.13473 -2.34219 -2.57173 -2.82874 -1.6802 -1.859 -2.05541 -2.22198 -5.02396
-1.42383 -29.5637 -27.7479 -5.47935 -30.2863 -26.106 -9.42708 -30.2477 -24.0863 -13.1283 -29.4261 -21.786 -16.4633 -27.8498 -19.3245 -19.7898 -25.1418 -16.4041 -22.439 -21.6538 -13.6211 -24.4057 -17.5489 -11.1291 -25.7169 -12.9807 -9.04564 -26.3032 -9.24552 -7.77878 -26.5366 -5.37945 -6.83065 -26.429 -1.44127 -6.21496 -25.9912 2.512 -5.93221 -25.1617 6.7343 -5.98544 -23.978 10.8532 -6.37605 -22.4574 14.8214 -7.05419 -20.6156 18.6041 -7.95818 -17.212 23.9663 -9.63899 -13.1085 28.7756 -11.4263 -8.31724 32.9597 -13.0696 -2.87533 36.4137 -14.3416 2.81804 38.896 -15.0345 8.86574 40.4695 -15.1134 15.0624 41.0307 -14.528 21.1658 40.5196 -13.2853 26.3273 39.1512 -11.6622 31.0339 36.9593 -9.61506 35.125 34.0195 -7.21327 38.4632 30.4423 -4.52849 40.9928 26.2579 -1.55284 42.5399 21.7261 1.58278 43.0656 17.0373 4.82337 42.5673 12.3885 8.12533 40.9179 7.65007 11.71 38.1844 3.43575 15.2865 34.4738 -0.0103229 18.805 29.9417 -2.46195 22.1921 25.6309 -3.62138 24.8754 21.0376 -3.88895 27.3161 16.3203 -3.27791 29.4375 11.6157 -1.86791 31.1711 6.34964 0.572866 32.6121 1.28612 3.65694 33.3959 -3.57367 7.14185 33.4511 -8.24926 10.7941 32.6995 -12.038 13.8198 31.3843 -15.6729 16.6734 29.4139 -19.1055 19.2295 26.7828 -22.2688 21.3719 23.5206 -25.402 23.1605 19.1982 -28.0014 24.1918 14.3118 -29.9819 24.3869 9.0451 -31.2845 23.7024 3.61068 -31.8736 22.2133 -1.54644 -31.8277 19.9373 -6.44315 -31.1947 16.9343 -10.8863 -30.0545 13.2921 -14.7066 -28.538 9.18893 -17.7271 -26.742 4.69185 -19.9202 -24.7783 -0.0708403 -21.2316 -22.749 -4.96688 -21.6439 -20.6568 -10.0655 -21.1363 -18.6532 -15.0284 -19.727 -16.7756 -19.7327 -17.4965 -15.0306 -24.0743 -14.5408 -13.2575 -28.29 -10.6126 -11.5611 -31.8734 -6.0708 -9.87066 -34.7274 -1.03659 -8.11368 -36.7485 4.36476 -6.65327 -37.6724 8.73804 -5.09746 -37.9744 13.1652 -3.43936 -37.6182 17.5511 -1.68326 -36.5859 21.7893 0.259821 -34.7722 25.9761 2.27451 -32.2534 29.7432 4.33512 -29.0995 32.9682 6.41568 -25.4074 35.5438 8.89025 -20.4548 37.6531 11.3181 -15.1364 38.6129 13.662 -9.70025 38.3769 15.8892 -4.39665 36.9582 18.0942 0.822775 34.2363 20.1164 5.37049 30.3967 21.9405 9.02538 25.6188 23.5523 11.6085 20.1195 24.6207 12.7693 15.6396 25.5465 13.2218 11.0031 26.3158 12.9743 6.32279 26.9108 12.0643 1.69934 27.3528 10.2565 -3.4811 27.4836 7.74946 -8.37993 27.2436 4.65709 -12.9275 26.5628 1.09064 -17.0649 25.4448 -2.62552 -20.5533 23.8169 -6.56476 -23.5636 21.6494 -10.6139 -26.0407 18.9369 -14.6485 -27.9363 14.8136 -19.4712 -29.433 9.94441 -23.7792 -29.9152 4.45903 -27.2566 -29.351 -0.244486 -0.260599 -0.287636 -0.301704 -0.536556 -0.552702 -0.523871 -0.455285 -0.679804 -0.602511 -0.510818 -0.408778 -0.565097 -0.448854 -0.335004 -0.228844 -0.377927 -0.301165 -0.281888 -0.338633 -0.156941 -0.410284 -0.835963 -1.40623 -1.31388 -1.65604 -1.80797 -1.80382 -1.80254 -1.74888 -1.63466 -1.47043 -1.82242 -1.71783 -1.56897 -1.32557 -1.59401 -0.718805 0.737683 1.60998 1.63963 1.72531 1.70221 1.62887 1.44951 1.35319 1.25304 1.15229 1.17816 1.13274 1.10048 1.09843 2.42695 2.28884 2.16834 2.06704 2.73683 2.50199 2.31907 2.18409 2.25864 2.07237 1.94895 1.88178 1.42799 1.42658 1.50723 1.65694 1.2669 1.4685 1.67941 1.89154 1.50711 1.69067 1.84954 1.98247 1.13816 1.06108 0.898602 0.613012 -0.273115 -0.566771 -0.879684 -1.19395 -1.27805 -1.46305 -1.65376 -1.84852 -1.80086 -2.00773 -2.2226 -2.44441 -2.1282 -2.33775 -2.57282 -2.84015 -1.71003 -1.9185 -2.15137 -2.35337 -5.01046
-1.35015 -31.0534 -25.3586 -5.42345 -31.5524 -23.6779 -9.37939 -31.2913 -21.6911 -13.088 -30.2586 -19.4899 -16.4373 -28.4906 -17.183 -19.7963 -25.5885 -14.4954 -22.4974 -21.9417 -11.9787 -24.5346 -17.7131 -9.76567 -25.9314 -13.0541 -7.95703 -26.591 -9.26921 -6.88944 -26.9023 -5.36812 -6.1249 -26.8753 -1.40639 -5.67332 -26.519 2.56264 -5.53271 -25.7761 6.79752 -5.71359 -24.6755 10.9285 -6.20601 -23.2326 14.9114 -6.96286 -21.4618 18.7133 -7.92681 -18.1526 24.1134 -9.67328 -14.1272 28.9676 -11.5162 -9.39987 33.1974 -13.2261 -4.0078 36.6924 -14.5948 1.65432 39.2049 -15.4221 7.69213 40.7961 -15.6855 13.9066 41.3587 -15.3377 20.0599 40.8279 -14.3831 25.2944 39.4202 -13.0543 30.0994 37.1661 -11.3283 34.3103 34.1399 -9.26471 37.7847 30.4522 -6.92425 40.4648 26.1312 -4.2959 42.1673 21.4422 -1.48917 42.8483 16.5799 1.45304 42.502 11.746 4.49866 41.0108 6.80086 7.86694 38.4297 2.37859 11.3028 34.8668 -1.26911 14.7703 30.4785 -3.90643 18.2071 26.2875 -5.20144 21.0151 21.8131 -5.5772 23.6544 17.2151 -5.04021 26.041 12.6309 -3.66507 28.0956 7.5044 -1.21203 29.9576 2.57862 1.94358 31.2001 -2.15246 5.56244 31.7347 -6.71983 9.41371 31.4663 -10.4445 12.6568 30.5456 -14.0488 15.7696 28.9461 -17.4916 18.6175 26.6494 -20.711 21.0701 23.6729 -23.9629 23.206 19.6033 -26.7374 24.5567 14.8942 -28.9417 25.0174 9.7341 -30.5063 24.5255 4.34817 -31.3711 23.1436 -0.799912 -31.614 20.9005 -5.70601 -31.2729 17.8671 -10.1605 -30.4195 14.1489 -13.9824 -29.173 9.94589 -16.9891 -27.6284 5.34268 -19.1533 -25.8909 0.482186 -20.4245 -24.0566 -4.49375 -20.7912 -22.128 -9.6516 -20.236 -20.2434 -14.6484 -18.7832 -18.438 -19.3628 -16.5146 -16.7194 -23.6922 -13.5257 -14.9269 -27.8695 -9.56545 -13.1687 -31.3861 -4.99506 -11.3831 -34.1405 0.06173 -9.50782 -36.0246 5.47282 -7.94604 -36.8142 9.83736 -6.28593 -36.9595 14.2345 -4.52492 -36.429 18.5622 -2.67067 -35.2128 22.7088 -0.631472 -33.2067 26.7599 1.47157 -30.5113 30.3524 3.61481 -27.2104 33.3698 5.77644 -23.4126 35.7146 8.35321 -18.3975 37.5343 10.8998 -13.091 38.2099 13.3889 -7.73753 37.7136 15.7935 -2.57809 36.0707 18.2232 2.43382 33.1568 20.501 6.72928 29.1726 22.5972 10.0946 24.2947 24.4769 12.3545 18.7383 25.7295 13.2496 14.2452 26.8127 13.4201 9.62392 27.7038 12.8777 4.99033 28.3791 11.6645 0.448242 28.8583 9.50307 -4.59153 28.9669 6.65089 -9.29834 28.6498 3.23416 -13.6025 27.8452 -0.622096 -17.4474 26.5767 -4.56779 -20.6178 24.7772 -8.68058 -23.2778 22.4291 -12.8376 -25.3837 19.5394 -16.9088 -26.9015 15.2157 -21.6758 -27.942 10.1864 -25.8231 -28.0212 4.59166 -29.0531 -27.1458 -0.154316 -0.164553 -0.187703 -0.199988 -0.434922 -0.452931 -0.427446 -0.363616 -0.593551 -0.521851 -0.436472 -0.34128 -0.504889 -0.395886 -0.288703 -0.188263 -0.342974 -0.269314 -0.248915 -0.299755 -0.107347 -0.347564 -0.767871 -1.36258 -1.31802 -1.69741 -1.86988 -1.87539 -1.87849 -1.82692 -1.71407 -1.55149 -1.9066 -1.80874 -1.67442 -1.46429 -1.80603 -1.05121 0.525401 1.59864 1.68188 1.78022 1.76108 1.68916 1.50964 1.41191 1.30861 1.20237 1.21923 1.15974 1.10863 1.08642 2.39597 2.24144 2.1073 1.99524 2.65699 2.41638 2.22959 2.09239 2.16628 1.98099 1.8603 1.79773 1.35083 1.35878 1.45065 1.61247 1.23267 1.4418 1.65815 1.87352 1.49059 1.67452 1.83338 1.96656 1.12319 1.04814 0.888766 0.607277 -0.273756 -0.561395 -0.86759 -1.17455 -1.25196 -1.43121 -1.61636 -1.80599 -1.7535 -1.95618 -2.16792 -2.3876 -2.07009 -2.27897 -2.5137 -2.78068 -1.64952 -1.8546 -2.0807 -2.27295 -5.01136
1.13672 -30.5596 -26.3305 -2.97584 -31.0119 -24.7344 -6.98148 -30.7257 -22.8533 -10.7597 -29.6922 -20.7743 -14.2063 -27.9458 -18.598 -17.7203 -25.0895 -16.0638 -20.6195 -21.4983 -13.6918 -22.8905 -17.3229 -11.6092 -24.5439 -12.7049 -9.91534 -25.4059 -8.93959 -8.92565 -25.916 -5.04649 -8.23038 -26.0764 -1.08145 -7.83967 -25.8885 2.90061 -7.75128 -25.2992 7.15738 -7.97788 -24.3176 11.3142 -8.50306 -22.957 15.3228 -9.27686 -21.2327 19.1466 -10.2382 -17.9335 24.5689 -11.9341 -13.8667 29.4339 -13.6533 -9.07407 33.6706 -15.1513 -3.62239 37.18 -16.2124 2.06715 39.7259 -16.664 8.09071 41.3823 -16.491 14.2511 42.052 -15.6802 20.3296 41.6742 -14.2782 25.5061 40.4352 -12.5998 30.2871 38.3635 -10.6004 34.5285 35.5072 -8.36425 38.0978 31.9455 -5.97225 40.9394 27.6752 -3.43206 42.853 22.9305 -0.865121 43.7712 17.8899 1.68658 43.6619 12.7507 4.20442 42.3965 7.34236 6.88249 39.9819 2.33765 9.55569 36.5031 -1.97731 12.2581 32.1064 -5.3157 15.0054 27.8439 -7.1797 17.347 23.2614 -8.06077 19.6603 18.5514 -7.93218 21.8797 13.8867 -6.84953 23.9279 8.74154 -4.58409 25.9676 3.89373 -1.46447 27.5588 -0.670507 2.26238 28.5802 -5.0113 6.36373 28.8991 -8.53153 9.92728 28.5146 -11.9458 13.4577 27.4574 -15.2374 16.8071 25.6725 -18.3617 19.8198 23.1426 -21.5834 22.6083 19.4625 -24.4057 24.578 15.0068 -26.721 25.5652 9.97065 -28.4389 25.4642 4.61001 -29.4725 24.3125 -0.563533 -29.8932 22.1663 -5.50083 -29.7342 19.1248 -9.95998 -29.0682 15.3318 -13.7455 -28.0148 11.0269 -16.681 -26.6742 6.32012 -18.7567 -25.1515 1.36772 -19.946 -23.5393 -3.68815 -20.2594 -21.8438 -8.92618 -19.6945 -20.187 -14.0147 -18.2829 -18.5988 -18.8457 -16.0987 -17.0834 -23.3235 -13.2206 -15.4958 -27.6961 -9.38565 -13.9282 -31.427 -4.91693 -12.3236 -34.3872 0.083941 -10.6256 -36.4345 5.49427 -9.20303 -37.2984 9.8922 -7.68524 -37.4589 14.3399 -6.0708 -36.8795 18.7182 -4.36721 -35.5546 22.8961 -2.48944 -33.3836 26.9401 -0.545953 -30.4951 30.472 1.4465 -27.0007 33.3726 3.47517 -23.0352 35.5528 5.93038 -17.8809 37.1359 8.41511 -12.52 37.5692 10.92 -7.19758 36.8629 13.4323 -2.13947 35.0726 16.0842 2.71639 32.089 18.6943 6.84074 28.1279 21.2219 10.0537 23.3528 23.6121 12.2068 17.9524 25.2858 13.0618 13.5905 26.8066 13.2287 9.09404 28.1374 12.7147 4.56378 29.2401 11.553 0.0924314 30.1826 9.4658 -4.91318 30.7028 6.68629 -9.63593 30.7319 3.32753 -13.997 30.1986 -0.491731 -17.925 29.1142 -4.42053 -21.1835 27.4293 -8.52694 -23.9271 25.134 -12.6777 -26.1023 22.2478 -16.7321 -27.6712 17.8827 -21.4519 -28.7525 12.7906 -25.5212 -28.8638 7.13357 -28.6535 -28.0349 -0.0277539 -0.0374378 -0.0603377 -0.0732573 -0.310312 -0.332483 -0.313178 -0.257525 -0.496287 -0.43327 -0.357324 -0.272034 -0.446013 -0.347419 -0.250014 -0.158739 -0.32448 -0.264574 -0.259967 -0.329431 -0.155764 -0.40531 -0.802971 -1.32253 -1.19855 -1.54558 -1.72141 -1.7446 -1.76728 -1.73162 -1.62842 -1.46847 -1.81906 -1.70986 -1.56026 -1.33925 -1.70629 -1.12751 0.0634725 1.2538 1.53763 1.74626 1.78794 1.75357 1.59642 1.51218 1.41632 1.31148 1.32293 1.24899 1.17435 1.12604 2.41192 2.23855 2.09052 1.96879 2.6237 2.37752 2.185 2.04092 2.10613 1.91034 1.77817 1.70428 1.24716 1.24792 1.33706 1.50055 1.12482 1.3378 1.55717 1.77413 1.39137 1.57441 1.73188 1.86358 1.01891 0.942968 0.783559 0.503068 -0.375661 -0.659358 -0.95965 -1.25835 -1.32635 -1.4959 -1.66999 -1.84747 -1.78117 -1.96897 -2.16659 -2.37369 -2.04598 -2.24728 -2.47707 -2.74183 -1.61117 -1.81918 -2.04865 -2.24275 -5.10744
3.0689 -28.4002 -27.2808 -1.16469 -28.8319 -26.0334 -5.33728 -28.5354 -24.5613 -9.33267 -27.5049 -22.9364 -13.0457 -25.7735 -21.239 -16.9236 -22.945 -19.2668 -20.2205 -19.3852 -17.4264 -22.8927 -15.2382 -15.8169 -24.9184 -10.6415 -14.5147 -26.025 -6.88614 -13.7578 -26.7303 -2.99742 -13.2283 -27.0249 0.967948 -12.93 -26.9023 4.95285 -12.8564 -26.3012 9.21126 -13.0091 -25.2231 13.3619 -13.3672 -23.6881 17.3489 -13.8834 -21.7247 21.128 -14.5017 -17.9722 26.4231 -15.5233 -13.4208 31.0763 -16.4149 -8.19108 35.0141 -16.968 -2.41865 38.151 -17.0133 3.42549 40.3012 -16.4849 9.44571 41.5574 -15.3733 15.4642 41.861 -13.7174 21.3075 41.1834 -11.607 26.2446 39.7481 -9.43615 30.8042 37.5469 -7.08815 34.8791 34.614 -4.65061 38.3604 31.0039 -2.20196 41.2003 26.6827 0.252585 43.19 21.8554 2.59788 44.2357 16.6784 4.80401 44.2694 11.3395 6.86743 43.1341 5.64973 8.95585 40.7842 0.314745 10.9656 37.278 -4.34574 12.9682 32.7573 -8.00128 15.0233 28.3318 -10.0763 16.8222 23.5648 -11.0931 18.6574 18.6874 -11.0163 20.4829 13.9087 -9.90755 22.2324 8.7274 -7.53763 24.0498 3.95062 -4.26313 25.5414 -0.454039 -0.351827 26.5738 -4.58118 3.95556 26.9961 -7.9113 7.70911 26.7515 -11.15 11.4456 25.864 -14.3008 15.0135 24.2571 -17.3327 18.2461 21.8915 -20.5146 21.2608 18.3581 -23.359 23.4043 13.9977 -25.7415 24.4832 9.01195 -27.5493 24.3744 3.68107 -28.6693 23.1239 -1.45135 -29.1621 20.8094 -6.30529 -29.0531 17.5635 -10.6195 -28.4136 13.5673 -14.1946 -27.3659 9.09488 -16.8702 -26.0146 4.27304 -18.6543 -24.4682 -0.734433 -19.5449 -22.8219 -5.78896 -19.5747 -21.0826 -10.9777 -18.7482 -19.377 -15.9843 -17.1186 -17.74 -20.716 -14.7602 -16.1828 -25.0875 -11.7442 -14.5684 -29.3393 -7.78664 -13.008 -32.9367 -3.2073 -11.4605 -35.7333 1.90454 -9.88473 -37.5638 7.42834 -8.61114 -38.2064 11.9091 -7.29255 -38.0938 16.4213 -5.92693 -37.1906 20.8294 -4.5172 -35.5008 24.985 -2.98896 -32.92 28.9344 -1.422 -29.623 32.2913 0.183084 -25.7504 34.941 1.83081 -21.4624 36.8097 3.86218 -16.02 37.9736 5.98337 -10.4881 37.9853 8.20832 -5.10484 36.9031 10.5421 -0.0729879 34.821 13.1281 4.69573 31.6453 15.8045 8.71459 27.6204 18.5285 11.8438 22.898 21.2375 13.9658 17.6376 23.2238 14.8426 13.4133 25.1106 15.0703 9.06054 26.8493 14.6479 4.66087 28.3879 13.5953 0.292432 29.8507 11.6361 -4.63933 30.8821 8.96208 -9.33895 31.3887 5.66874 -13.7205 31.2776 1.86702 -17.6998 30.5273 -2.08636 -21.022 29.1049 -6.24592 -23.8334 27.0005 -10.4619 -26.0753 24.2401 -14.5764 -27.7123 19.9552 -19.3448 -28.8965 14.8766 -23.4235 -29.1669 9.17478 -26.532 -28.5954 0.24158 0.227812 0.194177 0.164934 -0.0941754 -0.143355 -0.153208 -0.128307 -0.3954 -0.357164 -0.305658 -0.243754 -0.440114 -0.362309 -0.283042 -0.207382 -0.389988 -0.348159 -0.3623 -0.452875 -0.299324 -0.555876 -0.922351 -1.35163 -1.12015 -1.39621 -1.54008 -1.55592 -1.58218 -1.55315 -1.45544 -1.29786 -1.64652 -1.52972 -1.36565 -1.12206 -1.46467 -0.896223 0.132793 1.18266 1.48779 1.73993 1.81227 1.79763 1.6511 1.57153 1.47558 1.36582 1.36678 1.27588 1.18005 1.11134 2.3815 2.19838 2.04606 1.92455 2.58284 2.34187 2.1553 2.01697 2.08715 1.89507 1.76515 1.69228 1.23527 1.2353 1.32233 1.48087 1.09688 1.29901 1.50469 1.70636 1.30769 1.47533 1.61891 1.7383 0.881806 0.794563 0.6254 0.336699 -0.54871 -0.837158 -1.13963 -1.43748 -1.50192 -1.66628 -1.83322 -2.00181 -1.92442 -2.09923 -2.28349 -2.47749 -2.13771 -2.32804 -2.54754 -2.80238 -1.66055 -1.85489 -2.0699 -2.25217 -5.38237
5.74477 -25.5464 -30.3968 1.49928 -26.2895 -29.3532 -2.74309 -26.3126 -28.062 -6.86522 -25.599 -26.5908 -10.7568 -24.1698 -25.0165 -14.8967 -21.6609 -23.1469 -18.4913 -18.37 -21.3643 -21.4716 -14.4327 -19.7694 -23.7895 -9.98424 -18.4399 -25.0933 -6.30326 -17.6334 -25.9612 -2.45873 -17.0282 -26.376 1.4867 -16.6265 -26.3256 5.46843 -16.4187 -25.7465 9.73252 -16.389 -24.6354 13.8878 -16.5218 -23.0204 17.8691 -16.7666 -20.9426 21.6257 -17.0646 -16.9809 26.8486 -17.5003 -12.2386 31.3916 -17.6862 -6.89349 35.2022 -17.4195 -1.12553 38.2246 -16.5488 4.58256 40.3095 -15.0901 10.3462 41.5709 -13.0295 16.0239 41.9712 -10.4488 21.5009 41.4882 -7.47785 26.1469 40.2983 -4.62361 30.4971 38.3855 -1.69694 34.4796 35.7462 1.18771 38.0036 32.3903 3.9203 41.0246 28.2442 6.45931 43.3102 23.4716 8.6412 44.7269 18.2142 10.4062 45.1605 12.6646 11.7388 44.4368 6.62186 12.7314 42.4258 0.828568 13.3773 39.1392 -4.36854 13.8371 34.6828 -8.60594 14.2936 30.1808 -11.1734 14.8105 25.2358 -12.6473 15.5182 20.1199 -12.9613 16.4433 15.0968 -12.1588 17.5616 9.69374 -10.0334 18.995 4.80713 -6.90046 20.4339 0.418589 -3.03635 21.6887 -3.58341 1.32463 22.5437 -6.75196 5.21654 22.7718 -9.80489 9.18997 22.4111 -12.7729 13.0978 21.3346 -15.6482 16.7615 19.4508 -18.7032 20.3282 16.3454 -21.4772 23.0264 12.2561 -23.8351 24.5807 7.38555 -25.6448 24.7992 2.05872 -26.7747 23.6922 -3.10438 -27.2777 21.364 -7.95067 -27.1827 17.9897 -12.1655 -26.5727 13.8088 -15.5283 -25.5832 9.1536 -17.8967 -24.329 4.18527 -19.3115 -22.9226 -0.916268 -19.8173 -21.4562 -6.01566 -19.4928 -19.9373 -11.2177 -18.3689 -18.4724 -16.2318 -16.5403 -17.0818 -20.9949 -14.0887 -15.764 -25.4458 -11.0747 -14.3907 -29.8544 -7.19854 -13.0442 -33.6804 -2.7381 -11.6823 -36.7549 2.26577 -10.269 -38.8702 7.73152 -9.11448 -39.7012 12.2135 -7.91695 -39.7201 16.7607 -6.68492 -38.8719 21.2188 -5.43249 -37.1537 25.4129 -4.10671 -34.4617 29.3613 -2.78769 -30.9946 32.6528 -1.47844 -26.925 35.1663 -0.170469 -22.4433 36.839 1.41119 -16.8024 37.7221 3.06078 -11.1184 37.4535 4.82443 -5.6171 36.1397 6.74127 -0.473793 33.9095 8.96896 4.44163 30.6862 11.4062 8.67108 26.7258 14.0372 12.1 22.1614 16.8183 14.623 17.1202 18.9752 15.8685 13.076 21.133 16.513 8.89427 23.2379 16.5416 4.6367 25.2278 15.9547 0.364153 27.3007 14.5255 -4.53085 29.0067 12.3361 -9.28441 30.219 9.44939 -13.8119 30.81 5.95137 -18.0208 30.692 2.17753 -21.6226 29.8457 -1.90942 -24.7547 28.2456 -6.15143 -27.3381 25.9104 -10.3761 -29.32 22.0462 -15.3763 -30.922 17.2732 -19.767 -31.5857 11.7671 -23.2513 -31.379 0.468501 0.455103 0.418239 0.382295 0.112745 0.0496029 0.0240824 0.0324627 -0.249518 -0.223943 -0.1846 -0.134087 -0.341298 -0.273901 -0.204134 -0.137388 -0.331069 -0.304148 -0.335777 -0.443853 -0.297576 -0.533245 -0.830503 -1.14539 -0.806298 -1.02027 -1.14575 -1.17223 -1.22187 -1.2173 -1.13789 -0.989241 -1.33632 -1.20703 -1.02238 -0.759341 -1.11474 -0.66989 0.0146488 0.807388 1.16449 1.54493 1.71445 1.76548 1.65918 1.60471 1.52462 1.42259 1.42345 1.32239 1.20616 1.11361 2.36248 2.16349 2.00093 1.87399 2.5302 2.28871 2.10141 1.96056 2.02503 1.82313 1.67954 1.59031 1.11561 1.09991 1.1773 1.33417 0.954813 1.16298 1.37406 1.57848 1.17893 1.34187 1.47762 1.58698 0.718044 0.616472 0.433165 0.131215 -0.766286 -1.06505 -1.37522 -1.67771 -1.74327 -1.90626 -2.06955 -2.2323 -2.1464 -2.31 -2.48164 -2.6623 -2.30941 -2.4872 -2.69457 -2.93774 -1.7834 -1.9647 -2.16789 -2.34066 -5.69301
5.85857 -23.2473 -32.7867 1.90786 -24.8617 -31.5821 -2.15321 -25.718 -30.0201 -6.18736 -25.7616 -28.1792 -10.0569 -24.9863 -26.1565 -14.2168 -23.0961 -23.6967 -17.8444 -20.2701 -21.2918 -20.8461 -16.6641 -19.0749 -23.1639 -12.4411 -17.1454 -24.4551 -8.87989 -15.9003 -25.3048 -5.12015 -14.8793 -25.7034 -1.23302 -14.0848 -25.648 2.71185 -13.5062 -25.0856 6.95877 -13.0986 -24.0226 11.1226 -12.8735 -22.4917 15.1433 -12.7771 -20.5344 18.9757 -12.7487 -16.8182 24.3934 -12.7142 -12.3761 29.2274 -12.4649 -7.35851 33.417 -11.8059 -1.91423 36.8899 -10.5971 3.52115 39.4499 -8.8766 9.07564 41.2103 -6.6171 14.6305 42.1095 -3.89821 20.0822 42.0998 -0.842787 24.7861 41.2904 2.04952 29.259 39.7018 4.98511 33.4104 37.3179 7.85411 37.1243 34.1406 10.5484 40.3314 30.0968 13.0233 42.7618 25.3536 15.1108 44.2533 20.074 16.7427 44.6731 14.4827 17.8932 43.8323 8.41771 18.623 41.6183 2.67057 18.9259 38.0835 -2.38192 18.9556 33.3856 -6.37559 18.8951 28.7183 -8.6869 18.9149 23.6552 -9.8967 19.0844 18.4603 -9.98016 19.4483 13.3725 -9.0131 20.0013 7.87511 -6.79815 20.7997 2.84009 -3.67876 21.6261 -1.7605 0.0852024 22.2836 -6.01983 4.27544 22.5389 -9.40606 7.97501 22.2467 -12.6415 11.711 21.3453 -15.7152 15.3339 19.7126 -18.5789 18.6641 17.2737 -21.4444 21.804 13.5822 -23.8238 24.0352 8.99325 -25.5971 25.1083 3.75861 -26.6823 24.8622 -1.76041 -27.0574 23.3503 -6.93086 -26.8254 20.674 -11.6152 -26.0892 17.0155 -15.5182 -24.9895 12.6149 -18.4484 -23.6998 7.80408 -20.3063 -22.3364 2.73768 -21.1617 -21.0008 -2.40732 -21.0942 -19.7571 -7.50063 -20.2164 -18.5875 -12.6534 -18.5694 -17.5373 -17.5899 -16.2981 -16.5689 -22.2664 -13.501 -15.626 -26.6424 -10.2464 -14.5527 -31.0043 -6.22529 -13.3439 -34.837 -1.73136 -11.9246 -37.9815 3.21277 -10.2476 -40.2291 8.54964 -8.75534 -41.1987 12.9022 -7.12743 -41.3764 17.3101 -5.41007 -40.6928 21.6339 -3.66659 -39.1291 25.7115 -1.87669 -36.5732 29.566 -0.210935 -33.2018 32.7992 1.2761 -29.1803 35.2913 2.55844 -24.6965 36.9781 3.82422 -18.986 37.9206 4.85486 -13.1542 37.7498 5.73112 -7.4167 36.5604 6.54691 -1.93555 34.4645 7.44847 3.4618 31.371 8.48922 8.30422 27.5004 9.75088 12.4669 22.9623 11.2856 15.8179 17.8703 12.6375 17.7272 13.7368 14.1382 19.0478 9.42844 15.7534 19.746 5.01683 17.4305 19.806 0.573602 19.3647 19.08 -4.52858 21.1658 17.5247 -9.49223 22.6953 15.182 -14.2328 23.809 12.1116 -18.6637 24.3548 8.60757 -22.4916 24.3074 4.63121 -25.8703 23.6028 0.317473 -28.7206 22.2132 -4.17549 -30.9814 19.5263 -9.78901 -32.9229 15.833 -15.0781 -33.8642 11.2247 -19.689 -33.8082 0.303749 0.312551 0.293964 0.272372 0.0148915 -0.0378279 -0.05374 -0.035147 -0.306945 -0.271555 -0.221603 -0.160004 -0.355934 -0.278065 -0.198875 -0.123658 -0.307556 -0.268062 -0.282694 -0.364929 -0.181454 -0.370446 -0.619513 -0.90124 -0.557022 -0.787604 -0.939572 -0.991995 -1.06202 -1.07115 -0.999373 -0.853145 -1.1971 -1.05694 -0.8505 -0.551071 -0.862086 -0.393177 0.228767 0.855936 1.06233 1.36764 1.50517 1.54064 1.42745 1.37174 1.29639 1.20655 1.23 1.16562 1.09855 1.05644 2.3479 2.18014 2.03811 1.92275 2.5838 2.34238 2.15169 2.00478 2.06077 1.84843 1.69328 1.5925 1.10758 1.08665 1.16905 1.34578 0.996898 1.23732 1.47905 1.70657 1.31986 1.48461 1.61309 1.70896 0.821129 0.696862 0.490346 0.165451 -0.755199 -1.07742 -1.41112 -1.73751 -1.82404 -2.0047 -2.18494 -2.36345 -2.29271 -2.46999 -2.65219 -2.8399 -2.48988 -2.66584 -2.86577 -3.09499 -1.91682 -2.06333 -2.2264 -2.3583 -5.51466
13.5041 -22.7414 -33.6256 10.0294 -25.1305 -32.2529 6.35561 -26.8168 -30.4295 2.60663 -27.7132 -28.237 -1.08871 -27.7794 -25.7864 -5.19064 -26.8183 -22.7568 -8.91768 -24.8255 -19.7457 -12.1745 -21.9333 -16.9249 -14.9021 -18.2929 -14.4276 -16.6147 -15.0866 -12.7885 -17.9788 -11.5984 -11.4204 -18.985 -7.89684 -10.3315 -19.6282 -4.04746 -9.5139 -19.9165 0.203521 -8.91 -19.7927 4.48979 -8.54769 -19.2724 8.75767 -8.36541 -18.3739 12.9655 -8.29152 -16.3096 19.2024 -8.24051 -13.4587 25.1161 -7.9887 -9.86783 30.5735 -7.29228 -5.60076 35.392 -5.97451 -1.00741 39.1796 -4.07394 3.98057 42.001 -1.58073 9.21529 43.7076 1.37596 14.5427 44.2097 4.6045 19.2547 43.6139 7.53531 23.8108 42.0458 10.3515 28.0961 39.5481 12.91 31.9866 36.1923 15.0895 35.4284 31.9657 16.8367 38.1721 27.0869 18.0331 40.0829 21.729 18.6692 41.0436 16.0876 18.7862 40.9095 9.9329 18.4316 39.479 3.97434 17.744 36.7176 -1.47827 16.9273 32.6803 -6.08286 16.2049 28.4149 -9.04831 15.8318 23.5806 -10.9854 15.7707 18.445 -11.8025 16.0602 13.281 -11.51 16.6722 7.59676 -9.93382 17.6571 2.35549 -7.26182 18.7316 -2.38733 -3.73223 19.6331 -6.65016 0.43941 20.07 -9.88108 4.27989 19.845 -12.7804 8.27548 18.9135 -15.3122 12.2389 17.1473 -17.4199 15.9401 14.4832 -19.202 19.4624 10.4688 -20.3074 21.9674 5.54935 -20.7119 23.1506 0.059881 -20.4541 22.8293 -5.55511 -19.6833 21.0889 -10.6085 -18.5435 18.0798 -14.9451 -17.2045 14.0521 -18.2835 -15.8343 9.31407 -20.482 -14.5907 4.25203 -21.5253 -13.5428 -0.959576 -21.5428 -12.7343 -6.14102 -20.672 -12.1659 -11.1754 -19.0624 -11.7929 -16.188 -16.7458 -11.5771 -20.927 -13.895 -11.4375 -25.3644 -10.5903 -11.2884 -29.4638 -6.87502 -11.0227 -33.4716 -2.37907 -10.5589 -36.8671 2.58102 -9.83165 -39.4508 7.97932 -8.81289 -40.9744 13.7228 -7.82839 -41.2504 18.3126 -6.71613 -40.6306 22.8392 -5.53429 -39.0773 27.1173 -4.35399 -36.6248 30.9518 -3.18886 -33.1825 34.3263 -2.17133 -29.0504 36.8726 -1.339 -24.4483 38.5226 -0.695442 -19.5895 39.2787 -0.139235 -13.6943 39.0837 0.276319 -7.91646 37.8405 0.66252 -2.40216 35.7087 1.13574 2.75758 32.8356 1.85132 7.7722 29.1134 2.89736 12.24 24.8171 4.35555 16.0701 20.0507 6.26877 19.1522 14.9171 8.01546 20.9096 10.8651 9.99344 22.1274 6.72225 12.1558 22.7731 2.54306 14.4378 22.8291 -1.62205 17.1313 22.1511 -6.3745 19.742 20.6842 -10.9933 22.1221 18.4476 -15.4243 24.12 15.4752 -19.6044 25.5278 12.0314 -23.2633 26.3565 8.06065 -26.5459 26.5318 3.67703 -29.3712 26.0147 -0.980327 -31.667 24.39 -6.95499 -33.7076 21.7101 -12.8053 -34.753 18.0411 -18.194 -34.7378 0.134114 0.175354 0.189374 0.198577 -0.0293269 -0.0555321 -0.049992 -0.0140056 -0.272962 -0.228305 -0.170794 -0.103567 -0.296138 -0.21737 -0.138553 -0.0640848 -0.24866 -0.205134 -0.207314 -0.266348 -0.0504705 -0.204201 -0.425852 -0.703968 -0.386571 -0.661655 -0.858909 -0.945509 -1.03702 -1.05852 -0.995096 -0.858059 -1.21698 -1.10311 -0.940535 -0.713366 -1.13063 -0.799294 -0.305254 0.311108 0.630269 1.06139 1.28313 1.37458 1.30248 1.28272 1.24544 1.19737 1.26906 1.25858 1.24319 1.24195 2.56067 2.40794 2.2718 2.15579 2.81181 2.56238 2.36154 2.20296 2.24615 2.02073 1.85326 1.74155 1.2469 1.21716 1.29017 1.4535 1.0862 1.30526 1.52203 1.72354 1.31134 1.45245 1.56007 1.63761 0.73217 0.590973 0.369692 0.0321814 -0.899073 -1.2294 -1.56784 -1.89497 -1.9784 -2.15335 -2.32495 -2.49195 -2.40588 -2.56376 -2.7241 -2.888 -2.51324 -2.66378 -2.83707 -3.03862 -1.82834 -1.93895 -2.06496 -2.15683 -5.10644
17.1447 -14.1974 -40.188 14.1532 -17.306 -39.162 10.9568 -19.8636 -37.4571 7.67111 -21.7359 -35.141 4.41484 -22.8255 -32.3348 0.780704 -23.0481 -28.6372 -2.54988 -22.1488 -24.7608 -5.5042 -20.2043 -20.9635 -8.04445 -17.3338 -17.4655 -9.70429 -14.5921 -15.0932 -11.1008 -11.4621 -13.0554 -12.2293 -8.02235 -11.3837 -13.0876 -4.35135 -10.0849 -13.7135 -0.213842 -9.08101 -14.0372 4.02863 -8.43664 -14.0724 8.31652 -8.07418 -13.8326 12.6096 -7.89826 -12.954 19.1194 -7.78532 -11.4583 25.5087 -7.46679 -9.26182 31.6296 -6.53264 -6.31381 37.1997 -4.67631 -2.84934 41.6245 -1.94248 1.12623 44.8523 1.63976 5.42018 46.6421 5.81287 9.82805 46.9031 10.2354 13.7124 45.881 14.1103 17.4334 43.7728 17.6961 20.8969 40.7152 20.8271 24.0182 36.8637 23.3905 26.7812 32.2569 25.3669 29.019 27.1526 26.6711 30.6485 21.7059 27.3353 31.579 16.059 27.4261 31.6829 9.90935 26.984 30.7092 3.88241 26.1169 28.5204 -1.76874 24.978 25.0461 -6.7095 23.7365 21.1588 -10.0302 22.7421 16.5666 -12.3355 21.8914 11.5267 -13.4761 21.2395 6.3385 -13.4155 20.7861 0.548649 -11.9605 20.4318 -4.77013 -9.25036 20.0704 -9.42882 -5.55121 19.4555 -13.3002 -1.13805 18.3146 -15.855 2.89489 16.7503 -17.6914 7.00689 14.5237 -18.7389 10.9483 11.59 -18.9533 14.444 7.98824 -18.2074 17.5013 3.31977 -16.5073 19.3258 -1.72787 -14.031 19.6895 -6.77105 -11.0366 18.5125 -11.3912 -7.9897 16.0228 -15.0895 -5.06992 12.4143 -17.8489 -2.51892 7.97754 -19.5716 -0.49573 3.02052 -20.2751 0.912975 -2.10133 -20.0715 1.75134 -7.26305 -19.1158 2.08197 -12.3318 -17.548 2.00053 -17.2301 -15.4841 1.59591 -22.104 -12.8933 0.992327 -26.7179 -9.89687 0.307659 -31.0355 -6.50257 -0.357872 -34.9939 -2.69212 -0.973583 -38.777 1.96144 -1.41107 -41.8088 7.15402 -1.64283 -43.8257 12.8307 -1.67937 -44.5392 18.817 -1.60442 -44.0226 23.4902 -1.47591 -42.5117 27.9413 -1.33907 -40.0411 31.9399 -1.23939 -36.7323 35.2796 -1.21462 -32.5407 37.9298 -1.29655 -27.877 39.6144 -1.48608 -22.9766 40.3519 -1.76058 -18.0266 40.2265 -2.14417 -12.2225 39.1008 -2.49124 -6.64923 37.121 -2.69296 -1.35398 34.4713 -2.63996 3.6483 31.297 -2.19567 8.61724 27.4726 -1.25239 13.1927 23.2668 0.25825 17.2895 18.7449 2.36183 20.7884 13.9651 4.32912 22.9486 10.2205 6.58307 24.6354 6.39521 9.06522 25.8064 2.51886 11.6995 26.4345 -1.38299 14.8303 26.4661 -5.91048 17.8971 25.7457 -10.4245 20.7444 24.2782 -14.9011 23.2161 22.0798 -19.3009 25.0781 19.3534 -23.3418 26.3673 16.0582 -27.177 27.0124 12.2762 -30.7139 26.9787 8.10916 -33.8545 25.9806 2.53161 -37.0787 23.9584 -3.23756 -39.3431 20.976 -8.92901 -40.4445 -0.347443 -0.303581 -0.280393 -0.256384 -0.463789 -0.465068 -0.432894 -0.369052 -0.602537 -0.535747 -0.456789 -0.369713 -0.544626 -0.451646 -0.362154 -0.280218 -0.459254 -0.412589 -0.417644 -0.481867 -0.27006 -0.423088 -0.633089 -0.878825 -0.505796 -0.713525 -0.842371 -0.870255 -0.915939 -0.904301 -0.819645 -0.67207 -1.02999 -0.923344 -0.772755 -0.559052 -0.990726 -0.688892 -0.268272 0.21927 0.402883 0.758982 0.96061 1.06406 1.02374 1.04621 1.06354 1.08196 1.23609 1.32676 1.4243 1.5333 2.94871 2.8736 2.79499 2.71597 3.39001 3.143 2.93276 2.75678 2.7777 2.52837 2.33842 2.20705 1.69469 1.64702 1.69709 1.82521 1.41203 1.5818 1.74501 1.89379 1.43205 1.52863 1.59807 1.64287 0.706743 0.537227 0.292306 -0.0644266 -1.01094 -1.35214 -1.69651 -2.02462 -2.10483 -2.27433 -2.43836 -2.5962 -2.49919 -2.64485 -2.79327 -2.9461 -2.5618 -2.70448 -2.87164 -3.06931 -1.85814 -1.97369 -2.11005 -2.21331 -4.68643
20.1183 -2.17642 -44.7847 18.2954 -6.1414 -43.9964 16.2887 -9.76253 -42.407 14.1643 -12.8755 -40.0701 11.9847 -15.3389 -37.0957 9.43255 -17.2652 -33.0086 6.92506 -18.0837 -28.5397 4.48649 -17.7817 -23.9691 2.12626 -16.3991 -19.5593 0.368668 -14.6539 -16.4344 -1.32853 -12.3715 -13.6398 -2.95165 -9.62198 -11.2513 -4.48366 -6.48854 -9.31884 -6.01488 -2.77909 -7.76522 -7.40166 1.16284 -6.73736 -8.63111 5.24664 -6.16336 -9.69372 9.41031 -5.9326 -10.9733 15.8542 -5.97622 -11.7775 22.3745 -5.94692 -12.003 28.9082 -5.29715 -11.5201 35.2283 -3.56964 -10.3128 40.643 -0.692103 -8.37569 45.0009 3.34676 -5.81097 47.8897 8.25923 -2.79827 49.0735 13.6051 0.0982974 48.6634 18.3579 3.03872 46.9649 22.787 5.89535 44.1509 26.6689 8.56369 40.4297 29.8595 11.0184 35.8933 32.3412 13.1165 30.8373 34.0138 14.7933 25.4388 34.9123 15.9775 19.8417 35.0926 16.6018 13.7311 34.549 16.4116 7.69486 33.3035 15.2534 1.94111 31.4123 13.0037 -3.2433 28.9457 10.228 -6.90608 26.4949 6.73302 -9.68082 23.8093 2.69638 -11.3944 20.9993 -1.63283 -11.966 18.1607 -6.61711 -11.2466 14.9351 -11.2361 -9.22272 11.7204 -15.149 -6.1307 8.41999 -18.0466 -2.24829 4.91342 -19.4758 1.37624 1.74189 -19.8416 5.09163 -1.61975 -19.064 8.62994 -5.10028 -17.1513 11.7126 -8.57548 -13.7946 14.317 -12.2698 -9.43612 15.7488 -15.5334 -4.45756 15.8418 -18.1608 0.709677 14.5648 -19.9958 5.44647 12.1466 -20.9313 9.6418 8.7489 -21.0539 13.0636 4.61839 -20.4288 15.5887 0.0136046 -19.1719 17.1787 -4.75843 -17.4517 17.934 -9.59433 -15.3774 17.9543 -14.3719 -13.0462 17.3599 -19.0103 -10.5182 16.2181 -23.6348 -7.70003 14.6696 -28.0056 -4.67858 12.8219 -32.0751 -1.4142 10.7589 -35.7769 2.14553 8.33627 -39.2775 6.41446 5.78528 -42.0423 11.1256 3.15359 -43.8355 16.2447 0.501226 -44.3973 21.6294 -1.52655 -43.8247 25.8332 -3.458 -42.3116 29.8446 -5.23513 -39.8802 33.4559 -6.80608 -36.6325 36.4719 -8.19861 -32.5074 38.8464 -9.30064 -27.8973 40.3048 -10.1126 -23.0347 40.8432 -10.6481 -18.1146 40.5267 -10.9484 -12.3547 39.1724 -10.9043 -6.85539 36.9685 -10.5289 -1.67437 34.1193 -9.82236 3.18098 30.7985 -8.70037 7.98885 26.9076 -7.17729 12.4545 22.754 -5.238 16.5692 18.4156 -2.87913 20.3 13.94 -0.828693 22.8305 10.4829 1.43234 25.083 6.96547 3.87263 27.0263 3.38397 6.44929 28.6262 -0.271136 9.538 30.0022 -4.61478 12.6385 30.7959 -9.09334 15.6351 30.9278 -13.7089 18.3976 30.3181 -18.431 20.6747 28.9981 -22.9367 22.5097 26.9373 -27.3655 23.8189 24.1611 -31.5855 24.5546 20.7367 -35.4534 24.6545 15.6944 -39.5845 23.8909 10.0121 -42.6875 22.3426 3.94509 -44.5028 -0.1071 -0.0124589 0.064371 0.141037 -0.0135934 0.0345644 0.108063 0.205418 -0.0044299 0.0788872 0.170925 0.267845 0.099512 0.195753 0.287262 0.371234 0.195506 0.251523 0.269153 0.243087 0.509104 0.425467 0.298342 0.139694 0.58464 0.424236 0.320962 0.3022 0.255473 0.259694 0.332105 0.463016 0.0835174 0.164113 0.284345 0.456423 -0.043082 0.136387 0.346009 0.554621 0.458821 0.617882 0.712435 0.765881 0.712728 0.742846 0.783841 0.840599 1.04987 1.21419 1.39802 1.59306 3.08662 3.07627 3.04585 2.99544 3.67775 3.42025 3.1833 2.96736 2.93679 2.62624 2.36754 2.1596 1.55687 1.40016 1.32438 1.31361 0.774831 0.842991 0.91974 1.00063 0.488299 0.550241 0.598423 0.631456 -0.310442 -0.481244 -0.724405 -1.07741 -2.01862 -2.35312 -2.68963 -3.00885 -3.08041 -3.24175 -3.39705 -3.54579 -3.4389 -3.5746 -3.71437 -3.86049 -3.47183 -3.61209 -3.77794 -3.97417 -2.75889 -2.86237 -2.97288 -3.03136 -5.69178
27.6396 4.21843 -45.2683 27.067 -0.15409 -44.8006 26.2696 -4.33485 -43.5553 25.2668 -8.15883 -41.5461 24.0781 -11.4641 -38.8391 22.4771 -14.4896 -34.9389 20.67 -16.4477 -30.486 18.6752 -17.2364 -25.7608 16.5104 -16.8195 -21.0632 14.7426 -15.6971 -17.6698 12.9048 -13.923 -14.608 11.0184 -11.5731 -11.9967 9.1081 -8.7507 -9.92682 7.04818 -5.3141 -8.35688 5.01198 -1.62774 -7.47212 3.00987 2.17197 -7.20376 1.03727 5.98995 -7.42801 -1.94638 11.7605 -8.40811 -4.99115 17.4766 -9.51162 -8.15726 23.205 -10.0798 -11.3921 28.895 -9.51268 -14.3477 34.0299 -7.52456 -16.9197 38.5179 -4.01757 -18.8439 41.9687 0.824461 -19.9364 44.094 6.59899 -20.1515 44.7602 12.1359 -19.6783 44.2649 17.6747 -18.607 42.6864 22.9196 -17.0677 40.1487 27.6459 -15.1602 36.7019 31.7984 -13.0854 32.5586 35.1587 -10.9999 27.8656 37.6864 -9.04442 22.7542 39.3634 -7.22495 16.9213 40.1946 -5.84204 10.9163 39.9677 -5.02348 4.95545 38.6181 -4.87485 -0.67057 36.0983 -5.31533 -4.8857 33.0709 -6.26363 -8.36521 29.3132 -7.64495 -10.9109 24.9844 -9.32391 -12.4074 20.2867 -11.3951 -12.8193 14.6916 -13.3122 -11.9671 9.09136 -14.7616 -10.0687 3.60866 -15.4397 -7.3823 -1.69115 -15.2005 -4.73563 -5.95452 -14.0996 -1.92362 -9.96938 -12.074 0.844151 -13.6402 -9.13668 3.34728 -16.8565 -4.88001 5.58261 -19.786 0.161021 6.95739 -21.8826 5.65718 7.2836 -23.0589 11.2243 6.47382 -23.2804 16.2654 4.65323 -22.6225 20.7037 1.92943 -21.1932 24.3111 -1.51357 -19.1214 26.9584 -5.46414 -16.563 28.5915 -9.65112 -13.7238 29.2915 -13.9676 -10.701 29.1309 -18.2833 -7.6012 28.1992 -22.4987 -4.4994 26.5075 -26.6985 -1.31635 24.1744 -30.6353 1.7964 21.2812 -34.2436 4.83624 17.8944 -37.4531 7.81275 13.7069 -40.3976 10.9973 9.06393 -42.6294 14.1292 4.04838 -43.9782 17.1905 -1.21141 -44.2578 20.1235 -5.35551 -43.6175 22.2514 -9.4007 -42.177 24.168 -13.2016 -39.938 25.7964 -16.6115 -36.9586 27.0641 -19.645 -33.1367 27.9502 -21.9991 -28.7894 28.3408 -23.6256 -24.1056 28.2381 -24.5294 -19.2619 27.6755 -24.7223 -13.4634 26.4752 -24.0752 -7.81466 24.8095 -22.7279 -2.41154 22.7865 -20.8142 2.70682 20.497 -18.2909 7.81894 17.8488 -15.3703 12.6122 15.0188 -12.1368 17.0909 12.0189 -8.65448 21.2437 8.83426 -5.89173 24.1446 6.28267 -3.03652 26.8177 3.58809 -0.108838 29.2309 0.730827 2.86973 31.3422 -2.30715 6.35297 33.3453 -6.06949 9.822 34.7752 -10.0971 13.2125 35.5225 -14.3688 16.442 35.4804 -18.8262 19.2666 34.6358 -23.1318 21.7749 32.9787 -27.3969 23.8959 30.5296 -31.4874 25.5841 27.3536 -35.2679 27.0611 22.5063 -39.3695 27.8636 16.8788 -42.5614 28.039 10.6919 -44.6087 1.54879 1.68464 1.79591 1.8991 1.76414 1.82345 1.89917 1.99115 1.77106 1.84164 1.91748 1.99489 1.8028 1.87151 1.93417 1.98943 1.77892 1.80448 1.80945 1.7957 2.10494 2.09809 2.08451 2.07067 2.66308 2.62254 2.59453 2.5959 2.52004 2.45998 2.449 2.4885 2.01205 1.9921 2.00798 2.06044 1.42062 1.43268 1.43808 1.4247 1.10223 1.05843 0.991802 0.91728 0.768249 0.724529 0.703825 0.711245 0.882531 1.02409 1.20198 1.40193 2.90577 2.90562 2.88126 2.82993 3.5029 3.22716 2.96259 2.70895 2.6285 2.25369 1.91579 1.61248 0.892166 0.593041 0.356481 0.171373 -0.527604 -0.596924 -0.649161 -0.684247 -1.29924 -1.32413 -1.34475 -1.36437 -2.34863 -2.55109 -2.81491 -3.18087 -4.13001 -4.469 -4.80779 -5.12822 -5.20057 -5.36284 -5.5194 -5.66986 -5.56538 -5.70408 -5.84686 -5.99515 -5.60658 -5.74354 -5.90103 -6.08209 -4.84017 -4.90077 -4.95542 -4.94923 -9.20878
28.6855 9.50297 -45.8607 29.5712 5.36227 -44.5432 30.0957 1.3967 -42.6288 30.2353 -2.28222 -40.1567 29.9757 -5.57238 -37.1948 29.1616 -8.81832 -33.2287 27.8066 -11.3217 -28.8898 25.9331 -13.0212 -24.3588 23.5738 -13.8821 -19.8178 21.4577 -13.9647 -16.4392 19.1098 -13.5457 -13.2436 16.5679 -12.6399 -10.3079 13.8783 -11.2761 -7.69918 10.8691 -9.3415 -5.30731 7.81289 -6.99996 -3.38504 4.76479 -4.33551 -1.92618 1.76299 -1.43214 -0.887802 -2.69001 3.31082 0.0273877 -7.01824 8.23339 0.471704 -11.3087 13.1974 0.809115 -15.6601 18.0853 1.38856 -19.9195 22.5333 2.45147 -24.303 26.6174 4.22959 -28.7525 30.1213 6.87176 -33.1364 32.7923 10.4359 -36.8296 34.2579 14.3551 -40.1296 34.6968 18.8345 -42.847 34.015 23.6614 -44.8105 32.2031 28.5613 -45.91 29.2606 33.3462 -46.0188 25.405 37.5752 -45.148 20.8901 40.984 -43.3775 16.0036 43.3819 -40.6139 10.6535 44.7096 -37.1631 5.54322 44.6937 -33.2487 0.967345 43.3661 -29.1044 -2.82609 40.8248 -25.5982 -5.27638 37.8533 -22.2226 -6.96252 34.2632 -19.0777 -7.87362 30.2127 -16.2178 -8.06046 25.8638 -13.2842 -7.51215 20.6813 -10.6301 -6.36139 15.4471 -8.09609 -4.84207 10.2475 -5.49178 -3.18639 5.12491 -3.10617 -1.86306 0.906328 -0.450031 -0.729271 -3.20441 2.53615 0.0918877 -7.16005 5.87399 0.484482 -10.8941 10.0058 0.29253 -14.7137 14.4607 -0.683421 -18.0151 19.084 -2.51402 -20.6557 23.6695 -5.208 -22.5033 27.8114 -8.54501 -23.4353 31.4889 -12.4988 -23.4965 34.5135 -16.8991 -22.6905 36.7407 -21.5444 -21.0716 38.0675 -26.1524 -18.7771 38.5035 -30.6045 -15.9051 38.065 -34.7334 -12.5856 36.8068 -38.4021 -8.95015 34.7155 -41.621 -4.96316 31.9426 -44.1494 -0.895161 28.6144 -45.9445 3.14612 24.8579 -46.9936 7.07283 20.4167 -47.2975 11.1386 15.7476 -46.7546 14.9136 10.973 -45.3969 18.3351 6.20516 -43.2572 21.341 2.56237 -41.0683 23.3537 -0.958645 -38.4478 25.0411 -4.30673 -35.4264 26.3729 -7.4326 -32.0445 27.3232 -10.4389 -28.1416 27.8923 -13.1025 -23.9599 28.0075 -15.3873 -19.5711 27.672 -17.2677 -15.0474 26.9011 -18.9638 -9.56079 25.4445 -20.0567 -4.08541 23.4628 -20.5601 1.29019 21.0234 -20.505 6.49621 18.1957 -19.885 11.7769 14.8425 -18.7488 16.7649 11.1898 -17.1591 21.4265 7.28385 -15.1725 25.7287 3.15358 -13.4392 28.7154 -0.107384 -11.5234 31.4506 -3.48481 -9.43824 33.9044 -6.97614 -7.19329 36.0387 -10.5767 -4.4012 38.052 -14.8722 -1.41376 39.4818 -19.2689 1.75278 40.2256 -23.7097 5.06671 40.1806 -28.1048 8.29459 39.3345 -32.1165 11.5382 37.6754 -35.8523 14.7174 35.2235 -39.1853 17.7518 32.0484 -42.0032 21.2336 27.2248 -44.6697 24.275 21.6844 -46.2678 26.7885 15.6842 -46.6935 0.67048 0.871641 1.03845 1.18486 1.08091 1.15431 1.22439 1.29232 1.03733 1.06931 1.10099 1.13116 0.889042 0.906793 0.92425 0.942495 0.697114 0.700996 0.703211 0.704291 1.04573 1.08945 1.1495 1.23602 1.94912 2.04152 2.15599 2.29611 2.34296 2.37893 2.43216 2.50534 2.03391 1.98718 1.94058 1.89149 1.12497 1.00211 0.870015 0.733204 0.307975 0.1972 0.102566 0.0285257 -0.105615 -0.132651 -0.13922 -0.124896 0.0426166 0.167103 0.31905 0.489636 1.96908 1.95636 1.93589 1.90738 2.62154 2.40306 2.20935 2.0374 2.04882 1.77408 1.54033 1.34299 0.732869 0.545157 0.413124 0.322277 -0.303904 -0.319502 -0.327662 -0.327956 -0.916028 -0.921338 -0.929169 -0.941384 -1.92199 -2.1236 -2.38857 -2.75701 -3.70978 -4.05367 -4.39895 -4.72781 -4.80923 -4.98044 -5.14686 -5.3076 -5.21383 -5.36236 -5.51131 -5.65985 -5.26342 -5.38291 -5.5116 -5.65159 -4.34891 -4.32504 -4.28091 -4.16833 -7.4606
29.7591 16.3029 -49.8959 31.1201 12.2644 -48.6696 31.9998 8.30769 -46.8708 32.3699 4.54875 -44.5472 32.2198 1.09813 -41.7658 31.3952 -2.4185 -38.04 29.9135 -5.2505 -33.9518 27.8445 -7.30627 -29.6598 25.2785 -8.53439 -25.3197 23.0347 -8.90668 -22.0445 20.606 -8.78857 -18.8842 18.0411 -8.19845 -15.8887 15.3865 -7.16279 -13.0994 12.4593 -5.59481 -10.3623 9.48199 -3.64441 -7.94356 6.48637 -1.38991 -5.83115 3.49736 1.10012 -3.99148 -1.02566 5.23764 -1.62796 -5.50135 9.61021 0.375016 -9.95903 14.0761 2.20478 -14.4422 18.5089 4.0526 -18.7687 22.5748 6.0038 -23.1792 26.3614 8.29849 -27.6799 29.6993 11.066 -32.2291 32.3827 14.407 -36.2445 34.0252 17.9179 -40.0815 34.7752 21.9007 -43.5575 34.4714 26.2565 -46.4504 33.0069 30.7989 -48.5708 30.2893 35.3685 -49.6238 26.4681 39.4979 -49.4879 21.8179 42.8324 -48.1684 16.7239 45.0846 -45.5775 11.2244 46.1171 -42.0595 6.17798 45.6918 -37.9502 1.92189 43.9531 -33.5609 -1.37377 41.143 -29.8169 -3.39478 38.1389 -26.1414 -4.76134 34.7111 -22.5893 -5.55674 30.9859 -19.1806 -5.88239 27.0613 -15.4369 -5.81066 22.3981 -11.8348 -5.42666 17.6397 -8.30097 -4.88241 12.8458 -4.75366 -4.32696 8.06317 -1.69979 -3.96676 4.09036 1.46591 -3.79356 0.193275 4.77944 -3.8991 -3.58143 8.26285 -4.37589 -7.16994 12.3684 -5.45729 -10.8677 16.6321 -7.2314 -14.0883 20.8878 -9.78652 -16.745 24.999 -13.086 -18.7224 28.6663 -16.8761 -19.8827 31.9228 -21.1681 -20.2497 34.6324 -25.8156 -19.7816 36.6738 -30.641 -18.4746 37.9372 -35.372 -16.4056 38.4022 -39.8868 -13.6381 38.05 -43.9973 -10.2857 36.9026 -47.5374 -6.48957 34.9276 -50.4752 -2.23519 32.2586 -52.5491 2.14727 29.0226 -53.7064 6.48542 25.359 -53.9415 10.6271 21.0449 -53.1876 14.7704 16.5604 -51.4647 18.4128 12.0547 -48.8824 21.4751 7.65206 -45.5635 23.9138 4.35452 -42.5461 25.3745 1.21674 -39.2126 26.4488 -1.73248 -35.617 27.1458 -4.47117 -31.809 27.4788 -7.1134 -27.6123 27.4533 -9.48962 -23.277 27.062 -11.5903 -18.8452 26.3269 -13.4089 -14.3541 25.2697 -15.2053 -8.95685 23.6133 -16.5877 -3.57308 21.5626 -17.5588 1.74773 19.1444 -18.1297 6.95473 16.3762 -18.3094 12.3005 13.0741 -18.062 17.4044 9.41307 -17.3977 22.2054 5.41029 -16.324 26.6398 1.08626 -15.2351 29.7098 -2.37039 -13.9045 32.5086 -5.96966 -12.3301 35.0065 -9.68992 -10.5117 37.1718 -13.5061 -8.10217 39.2224 -18.0106 -5.37662 40.7274 -22.5501 -2.35202 41.6323 -27.0594 0.943787 41.8847 -31.4611 4.2812 41.4791 -35.4518 7.77685 40.4159 -39.1773 11.3678 38.6795 -42.5416 14.9761 36.2736 -45.4436 19.3703 32.3763 -48.2724 23.4438 27.6043 -50.043 26.9777 22.1555 -50.6111 -82.9736 -82.7602 -82.5853 -82.4351 -82.5394 -82.4702 -82.4062 -82.3438 -82.6015 -82.569 -82.5332 -82.495 -82.7248 -82.6917 -82.6572 -82.6207 -82.8418 -82.8088 -82.7781 -82.7493 -82.3809 -82.3099 -82.2201 -82.0992 -81.3473 -81.2114 -81.0464 -80.8495 -80.7407 -80.6406 -80.5253 -80.3954 -80.8159 -80.8195 -80.8323 -80.8558 -81.6043 -81.7137 -81.8334 -81.9574 -82.367 -82.4577 -82.5295 -82.579 -82.6904 -82.6977 -82.6865 -82.6571 -82.4769 -82.3426 -82.1847 -82.0131 -80.5359 -80.5517 -80.5741 -80.6015 -79.8816 -80.0894 -80.2671 -80.4184 -80.3822 -80.6293 -80.8347 -81.0046 -81.5882 -81.7519 -81.8643 -81.94 -82.5567 -82.5671 -82.5729 -82.5735 -83.1644 -83.175 -83.1902 -83.2116 -84.2041 -84.4204 -84.7016 -85.0879 -86.0609 -86.4276 -86.7977 -87.153 -87.2585 -87.4507 -87.638 -87.819 -87.7457 -87.9141 -88.0796 -88.2402 -87.8502 -87.9701 -88.0932 -88.2218 -86.9005 -86.8509 -86.7785 -86.6385 -6.26688
