# num_vectors 23
# vector_size 401
# Iterations: 11300, stepsize: 0.031847, max step size: 1.000000, spring constant: 0.000100, global NEB Hessian: false, global NEB Linesearch: true, climbing image: false
-6.4444 -28.1261 -26.9499 -8.62795 -24.2982 -26.4553 -10.5815 -20.3916 -25.6883 -12.3 -16.4333 -24.6665 -13.7803 -12.4474 -23.4066 -15.2077 -7.77773 -21.65 -16.3049 -3.13317 -19.6121 -17.0756 1.45353 -17.3105 -17.5279 5.94886 -14.7578 -17.6643 9.32026 -12.6329 -17.6198 12.6043 -10.3717 -17.3975 15.7866 -7.9792 -16.9999 18.852 -5.46024 -16.3771 22.0114 -2.60562 -15.5561 24.9965 0.383421 -14.5347 27.7892 3.49408 -13.311 30.3705 6.7125 -11.0526 33.8614 11.7993 -8.32078 36.7355 17.0376 -5.12403 38.9086 22.35 -1.48404 40.2927 27.6413 2.35331 40.7964 32.5482 6.49993 40.4393 37.2103 10.8755 39.1695 41.4881 15.3704 36.9611 45.2265 19.3698 34.2027 47.973 23.232 30.7461 50.0427 26.8227 26.6725 51.3312 30.0009 22.1044 51.7557 32.6875 17.0764 51.2423 34.6612 11.9115 49.7621 35.8183 6.84523 47.3629 36.0969 2.11821 44.1473 35.4013 -2.33867 39.943 33.7237 -5.90653 35.2017 31.1725 -8.41708 30.1805 27.901 -9.77836 25.134 24.7102 -10.018 21.0244 21.2449 -9.44665 17.1783 17.615 -8.11563 13.6885 13.909 -6.10744 10.6291 9.60704 -3.1411 7.72059 5.33026 0.329546 5.39052 1.11549 4.13881 3.52219 -3.03978 8.15349 1.97896 -6.50585 11.6011 0.82172 -9.97279 15.0609 -0.296092 -13.4657 18.4782 -1.46245 -17.0068 21.7954 -2.76476 -21.0506 25.3142 -4.4864 -25.1887 28.5023 -6.58656 -29.4033 31.2141 -9.15211 -33.6324 33.2793 -12.2421 -37.5939 34.4777 -15.7106 -41.3066 34.7484 -19.6225 -44.5713 33.9628 -23.8515 -47.1634 32.0606 -28.1901 -48.8476 29.1387 -32.2992 -49.5141 25.3327 -35.9501 -49.0938 20.9054 -38.8622 -47.6232 16.1872 -40.8206 -45.1216 11.3339 -41.725 -41.8573 6.87182 -41.4708 -38.086 3.03893 -40.1606 -34.0453 -0.0387628 -37.9624 -29.5574 -2.50162 -34.7783 -25.1406 -4.107 -31.0018 -20.8815 -4.98437 -26.8261 -16.8039 -5.29328 -22.3962 -13.7348 -5.25692 -18.8337 -10.738 -5.05507 -15.2156 -7.77784 -4.7622 -11.5737 -4.81533 -4.45177 -7.93509 -1.64575 -4.18478 -4.13023 1.61353 -4.06666 -0.394233 4.99889 -4.18566 3.22787 8.53486 -4.6308 6.67653 12.9623 -5.70338 10.4645 17.5738 -7.49795 13.7226 22.1924 -10.1158 16.3525 26.647 -13.537 18.2375 31.0003 -17.9453 19.3003 34.7533 -22.988 19.3028 37.6947 -28.4334 18.2032 39.6452 -33.9994 16.0288 40.3797 -38.0909 13.7314 40.4453 -41.9375 10.946 39.8421 -45.412 7.76452 38.5962 -48.4041 4.29271 36.4139 -51.1558 0.0540398 33.5473 -53.0516 -4.24585 30.128 -54.0467 -8.44334 26.2988 -54.1409 -12.3967 22.4205 -53.4319 -15.815 18.416 -52.0004 -18.8388 14.3873 -49.9163 -21.4186 10.4219 -47.2581 -23.5254 5.66201 -43.2518 -25.4734 1.21798 -38.6352 -26.6724 -2.83482 -33.5512 -27.1503 2.15605 2.23034 2.33996 2.46332 2.35802 2.42938 2.50714 2.59161 2.35747 2.41423 2.47664 2.54418 2.34344 2.40968 2.4734 2.53336 2.32861 2.36627 2.37459 2.34395 2.61757 2.52679 2.38024 2.18531 2.62228 2.41541 2.27057 2.22152 2.16098 2.15637 2.23606 2.39492 2.0673 2.22939 2.4465 2.70378 2.21332 2.35967 2.48046 2.57005 2.33108 2.39046 2.42653 2.44685 2.36462 2.35774 2.33782 2.29751 2.36272 2.27017 2.06888 1.80456 2.89854 2.502 2.19281 1.97156 2.57449 2.32307 2.16026 2.08119 2.2509 2.20099 2.25108 2.38149 2.1114 2.28181 2.46616 2.6399 2.19001 2.32339 2.44939 2.57479 2.10575 2.23763 2.38357 2.5553 1.84707 2.03089 2.24341 2.4472 2.13127 2.3182 2.36664 2.30767 2.38416 2.3077 2.20614 2.08768 2.21541 2.08079 1.93366 1.77849 2.18272 2.05038 1.90293 1.73372 3.0376 2.91098 2.16596 5.01944 -0.67155
-9.65293 -27.244 -25.4195 -12.0367 -23.5048 -25.3877 -13.9903 -19.5488 -24.942 -15.4865 -15.4572 -24.1137 -16.5627 -11.3103 -22.9692 -17.3742 -6.45913 -21.3151 -17.8037 -1.65603 -19.3982 -17.9106 3.07046 -17.2587 -17.712 7.69147 -14.9059 -17.3493 11.1477 -12.9507 -16.8061 14.5062 -10.8709 -16.0923 17.7552 -8.67229 -15.2203 20.8826 -6.35731 -14.108 24.0958 -3.7198 -12.8115 27.0925 -0.916724 -11.3219 29.8134 2.06595 -9.64778 32.2202 5.21604 -6.79964 35.3044 10.2695 -3.71898 37.836 15.4909 -0.386129 39.6941 20.839 3.28102 40.3945 26.2449 6.99456 39.7108 31.2246 10.7687 37.8974 35.864 14.5263 35.2038 40.069 18.193 31.6311 43.6533 21.2631 27.6719 46.1122 24.032 23.1131 47.7549 26.4518 18.1476 48.5525 28.4946 12.9542 48.4947 30.1558 7.55754 47.5572 31.3291 2.2484 45.7687 31.9474 -2.79695 43.1372 31.9321 -7.34779 39.6656 31.1969 -11.4621 35.1318 29.8164 -14.6979 30.0675 27.843 -17.0509 24.7204 25.2189 -18.3248 19.2876 22.4928 -18.3498 14.8498 19.3949 -17.3718 10.7788 16.0475 -15.4816 7.26475 12.5691 -12.8201 4.44627 8.56365 -9.02828 2.13484 4.65928 -4.74244 0.667751 0.852762 -0.219756 -0.238137 -2.91458 4.39259 -0.784357 -6.08192 8.28355 -1.04332 -9.28441 12.1498 -1.23032 -12.5736 15.9352 -1.53158 -15.9909 19.5678 -2.13496 -19.976 23.3701 -3.30142 -24.091 26.7903 -5.05266 -28.2733 29.6739 -7.47981 -32.3916 31.7913 -10.682 -36.089 32.9073 -14.4561 -39.3543 33.0405 -18.755 -42.0355 32.1699 -23.3608 -43.9839 30.2949 -28.035 -45.055 27.5224 -32.4424 -45.2148 23.9689 -36.3928 -44.457 19.8308 -39.6426 -42.8304 15.3445 -41.9848 -40.3395 10.5875 -43.3251 -37.2217 6.01876 -43.517 -33.6663 1.88626 -42.562 -29.8725 -1.5542 -40.4643 -25.7367 -4.28649 -37.0327 -21.8108 -5.98005 -32.7824 -18.1448 -6.84277 -28.0747 -14.7467 -6.97883 -23.0967 -12.3138 -6.56275 -19.0943 -10.0722 -5.71766 -15.048 -7.96492 -4.54242 -11.0119 -5.89219 -3.17787 -7.01777 -3.62126 -1.69852 -2.86465 -1.13283 -0.36483 1.21246 1.68312 0.634257 5.1705 4.87305 1.15765 8.93137 9.12044 1.09945 13.0614 13.7098 0.303147 16.7226 18.5041 -1.37871 19.77 23.2723 -4.17777 21.8981 27.9186 -8.29296 22.893 31.912 -13.1446 22.7284 35.2345 -18.3793 21.6929 37.7062 -23.8403 19.8005 38.7535 -27.9735 17.7081 38.9721 -31.923 15.0791 38.3742 -35.5227 12.0389 37.0724 -38.6826 8.74067 34.8587 -41.764 4.75258 32.0575 -44.2298 0.706112 28.7747 -46.0603 -3.31541 25.0777 -47.2008 -7.23096 21.2528 -47.587 -10.7595 17.1936 -47.2462 -14.0207 13.0005 -46.1283 -16.9184 8.80435 -44.2211 -19.3645 3.74568 -40.8678 -21.7447 -1.03128 -36.7959 -23.5056 -5.54276 -32.262 -24.7666 -0.216349 -0.528125 -0.570441 -0.485358 -0.569505 -0.44162 -0.300354 -0.158746 -0.35043 -0.260926 -0.168084 -0.0727877 -0.250348 -0.169846 -0.103161 -0.0470586 -0.256395 -0.212621 -0.209986 -0.292171 -0.111855 -0.283956 -0.461553 -0.660596 -0.214917 -0.373791 -0.429258 -0.378625 -0.349755 -0.281687 -0.150796 0.0427171 -0.255431 -0.0776219 0.121494 0.342994 -0.165792 -0.0215953 0.1036 0.206221 -0.00226913 0.086856 0.129777 0.149326 0.080577 0.0878684 0.0622598 -0.00975207 0.013112 -0.110748 -0.336215 -0.601933 0.539451 0.213327 -0.0390631 -0.226034 0.395326 0.150601 -0.0143434 -0.100308 0.0568557 -0.0146721 0.0167139 0.152877 -0.0950553 0.0776939 0.241778 0.406179 -0.0343394 0.106134 0.231742 0.349918 -0.130888 -0.0120235 0.125717 0.297115 -0.416701 -0.289589 -0.134085 0.104156 -0.080622 0.141376 0.126342 0.0568768 0.204075 0.207469 0.177645 0.112506 0.281055 0.179795 0.0676329 -0.0432888 0.413709 0.341203 0.26583 0.182739 1.58162 1.48938 0.927039 -0.796093 -5.10554
-8.56025 -31.4718 -27.1145 -12.2333 -28.9959 -26.9057 -15.4825 -26.048 -26.2592 -18.2164 -22.7139 -25.2226 -20.4222 -19.1084 -23.8807 -22.3847 -14.6747 -22.0317 -23.775 -10.1142 -19.9829 -24.6561 -5.48858 -17.802 -25.0405 -0.838249 -15.5314 -24.9867 2.72628 -13.7451 -24.6289 6.26176 -11.9361 -23.9803 9.74827 -10.1131 -23.0611 13.1653 -8.27501 -21.7788 16.7449 -6.25978 -20.1894 20.1635 -4.18482 -18.281 23.3625 -2.03018 -16.0647 26.2989 0.202388 -12.1831 30.267 3.71662 -7.90881 33.7316 7.30681 -3.28942 36.5694 11.0177 1.72987 38.3084 14.8835 6.75718 38.6352 18.5815 11.8223 37.8131 22.1488 16.8013 36.092 25.5109 21.5796 33.4764 28.5741 25.5276 30.3135 30.9315 29.0502 26.4247 32.833 32.0749 21.9427 34.2152 34.5516 17.0085 35.0324 36.4702 11.6205 35.2583 37.6808 6.04144 34.8445 38.0265 0.4389 33.7246 37.3323 -4.91708 31.8289 35.4217 -10.053 29.0013 32.5421 -14.3292 25.6181 28.8679 -17.6287 21.9253 24.4354 -19.6271 18.1329 20.2334 -19.9965 15.078 15.8671 -19.1018 12.3833 11.5824 -17.0806 10.2194 7.5681 -14.1319 8.69728 3.4591 -9.88624 7.77274 -0.116433 -5.09791 7.54455 -3.39665 -0.0989437 7.668 -6.65382 4.91323 7.85164 -9.48116 9.06543 7.9145 -12.4405 13.1224 7.76816 -15.5822 17.0066 7.23761 -18.9323 20.5929 6.16361 -22.8901 24.1059 4.24189 -26.9452 26.9737 1.59048 -30.9343 29.0891 -1.77263 -34.6383 30.2856 -5.84037 -37.6936 30.4366 -10.2903 -40.0986 29.6048 -15.0531 -41.7665 27.873 -19.8883 -42.6342 25.338 -24.5767 -42.6623 22.1593 -28.8375 -41.8796 18.4292 -32.5432 -40.3511 14.2951 -35.515 -38.1766 9.92192 -37.6141 -35.3604 5.30512 -38.7908 -32.1374 0.807415 -38.9077 -28.674 -3.39342 -37.9137 -25.1644 -7.09038 -35.7583 -21.5262 -10.3322 -32.2087 -18.226 -12.7144 -27.7612 -15.2798 -14.3141 -22.7506 -12.7191 -15.0966 -17.3491 -11.0424 -15.0475 -12.9562 -9.6466 -14.412 -8.51099 -8.45889 -13.2641 -4.10837 -7.35404 -11.7251 0.195356 -6.11012 -9.8198 4.60178 -4.57049 -7.77981 8.8517 -2.51733 -5.76629 12.892 0.177597 -3.92624 16.6263 4.20568 -2.08385 20.5609 8.95027 -0.733117 23.8419 14.3076 -0.111548 26.2941 20.079 -0.566221 27.5528 26.1113 -2.31948 27.3318 31.567 -5.02096 25.7664 36.3148 -8.2944 23.2651 40.1356 -12.0147 19.9373 42.0988 -15.0612 16.8677 43.1068 -18.1758 13.4266 43.1746 -21.2167 9.77883 42.4449 -24.0913 6.06903 40.8109 -27.1641 1.80423 38.5191 -29.9449 -2.35689 35.6776 -32.4187 -6.37022 32.342 -34.5574 -10.1913 28.7499 -36.2308 -13.5862 24.7523 -37.4856 -16.6964 20.3727 -38.2153 -19.4379 15.6867 -38.3312 -21.7306 9.59345 -37.63 -23.94 3.43693 -36.2213 -25.5565 -2.67212 -34.2337 -26.665 0.288696 -0.0271194 -0.218144 -0.271375 -0.466687 -0.420302 -0.332378 -0.224936 -0.435189 -0.354505 -0.264643 -0.167555 -0.338985 -0.247586 -0.166739 -0.0938671 -0.27946 -0.211205 -0.194488 -0.275035 -0.109743 -0.319959 -0.558315 -0.834257 -0.461319 -0.672206 -0.762897 -0.734431 -0.719845 -0.666141 -0.553644 -0.37782 -0.681815 -0.482515 -0.22367 0.112476 -0.22434 0.114197 0.422045 0.670991 0.574912 0.725684 0.767682 0.737314 0.599824 0.537653 0.440104 0.294518 0.243691 0.0705456 -0.133385 -0.313868 0.924538 0.677105 0.484762 0.340369 0.988493 0.758278 0.597312 0.504425 0.644096 0.546251 0.541066 0.622528 0.300482 0.402603 0.520508 0.657607 0.201065 0.331978 0.452667 0.569798 0.0925543 0.223747 0.38368 0.578493 -0.127847 -0.027742 0.0582706 0.144996 -0.267916 -0.206566 -0.288589 -0.396963 -0.275466 -0.282896 -0.315693 -0.38016 -0.20971 -0.310292 -0.428568 -0.558129 -0.133573 -0.252309 -0.395791 -0.584768 0.63603 0.338584 -0.142401 -0.717158 -4.64981
-6.13813 -33.7887 -26.5833 -10.3951 -32.7187 -25.9525 -14.3337 -30.9556 -24.9306 -17.8148 -28.5636 -23.5793 -20.7776 -25.6717 -21.9908 -23.595 -21.8253 -19.9424 -25.7782 -17.6389 -17.789 -27.3712 -13.2107 -15.6023 -28.3647 -8.5995 -13.4393 -28.6928 -4.96703 -11.8276 -28.6342 -1.29137 -10.283 -28.2011 2.39201 -8.81841 -27.4165 6.04825 -7.43415 -26.1923 9.92283 -6.01723 -24.5712 13.6704 -4.65852 -22.5406 17.2294 -3.3438 -20.1162 20.5498 -2.07255 -15.7802 25.1279 -0.227974 -10.9483 29.2114 1.54401 -5.69928 32.7029 3.3933 0.0277572 35.1727 5.45809 5.79955 36.2605 7.59333 11.6513 36.2227 9.78697 17.4275 35.2784 11.9781 22.9911 33.4127 14.128 27.6126 30.8722 15.9542 31.755 27.5284 17.6296 35.305 23.4814 19.1018 38.1716 18.8499 20.3182 40.324 13.6303 21.2589 41.576 8.07997 21.8828 41.7155 2.36617 22.1914 40.5051 -3.22809 22.1571 37.7091 -8.70681 21.7219 33.7236 -13.3482 20.9499 28.8448 -16.9927 19.9813 23.2075 -19.2712 18.9551 18.0898 -19.7894 18.1388 12.9963 -18.9576 17.4381 8.22632 -16.9353 16.9054 3.97697 -13.9412 16.5822 -0.127271 -9.59268 16.4806 -3.49608 -4.65229 16.5714 -6.49289 0.522418 16.6508 -9.48915 5.69597 16.5042 -12.1386 9.94251 16.0733 -14.9437 14.029 15.2545 -17.9303 17.8457 13.931 -21.1071 21.2397 12.0265 -24.8381 24.3814 9.21447 -28.6152 26.7397 5.76927 -32.2441 28.254 1.73986 -35.4837 28.8094 -2.83123 -38.005 28.3555 -7.58483 -39.8172 26.9712 -12.4797 -40.8564 24.7781 -17.3037 -41.0772 21.9068 -21.8717 -40.4747 18.5363 -25.9381 -39.1018 14.7457 -29.403 -37.0572 10.6563 -32.1152 -34.4627 6.40001 -33.9622 -31.3204 1.94313 -34.9071 -27.8932 -2.402 -34.8408 -24.3666 -6.51935 -33.7267 -20.9487 -10.2721 -31.5211 -17.5627 -13.7842 -27.979 -14.6162 -16.6454 -23.5656 -12.0821 -18.9016 -18.5823 -9.97169 -20.5135 -13.1699 -8.66001 -21.2226 -8.71025 -7.63088 -21.4083 -4.12571 -6.80772 -21.092 0.493157 -6.0676 -20.3374 5.07513 -5.21295 -19.1345 9.80974 -4.07327 -17.5575 14.3714 -2.44018 -15.6377 18.6423 -0.194453 -13.431 22.4739 3.26054 -10.5428 26.3238 7.42677 -7.56086 29.299 12.2734 -4.71791 31.1774 17.6885 -2.3412 31.5341 23.5545 -0.640503 30.0472 29.018 0.209817 27.0573 33.898 0.346924 23.0974 37.9834 -0.305317 18.3649 40.2495 -1.44649 14.3499 41.6379 -3.12907 10.131 42.1457 -5.24514 5.9093 41.8982 -7.66048 1.82724 40.8563 -10.693 -2.64702 39.1758 -13.8597 -6.82417 36.9534 -17.0769 -10.6986 34.2361 -20.2828 -14.2537 31.21 -23.2521 -17.2959 27.7184 -26.0611 -19.9695 23.7268 -28.5674 -22.2086 19.2614 -30.6235 -23.9583 13.1945 -32.4708 -25.4684 6.84796 -33.6447 -26.3871 0.364967 -34.1898 -26.8041 0.0636655 -0.0892852 -0.226764 -0.290204 -0.520474 -0.5146 -0.462444 -0.385085 -0.617247 -0.55183 -0.473629 -0.384656 -0.560372 -0.467681 -0.380273 -0.296299 -0.463771 -0.375982 -0.346458 -0.418878 -0.252362 -0.482419 -0.777165 -1.15005 -0.878407 -1.15203 -1.2685 -1.24352 -1.22159 -1.15601 -1.03249 -0.85211 -1.15849 -0.956866 -0.671387 -0.244151 -0.355192 0.314327 0.900766 1.28601 1.22357 1.34943 1.34717 1.26632 1.0793 0.976585 0.85171 0.694478 0.643447 0.483163 0.314718 0.180113 1.45703 1.23706 1.06708 0.942896 1.60837 1.39169 1.24038 1.15367 1.2959 1.19336 1.16812 1.20845 0.829379 0.875061 0.945453 1.0399 0.551633 0.6637 0.775282 0.892341 0.42473 0.577241 0.764512 0.976662 0.260037 0.315322 0.321426 0.26721 -0.33869 -0.438584 -0.616365 -0.798327 -0.743128 -0.801031 -0.872745 -0.964404 -0.814175 -0.930276 -1.0625 -1.20841 -0.803999 -0.945979 -1.11596 -1.33266 -0.12559 -0.3505 -0.619213 -0.857484 -4.25
-2.64464 -34.9335 -26.9779 -6.98044 -35.1247 -26.0673 -11.1735 -34.5084 -24.762 -15.0536 -33.1056 -23.1367 -18.5129 -31.0308 -21.2945 -21.9788 -27.9337 -18.987 -24.8346 -24.2994 -16.6281 -27.0889 -20.2411 -14.3092 -28.7004 -15.8212 -12.119 -29.4531 -12.2191 -10.5835 -29.764 -8.48688 -9.21463 -29.6413 -4.68034 -8.03353 -29.1109 -0.854737 -7.04192 -28.1059 3.23774 -6.17002 -26.6565 7.23074 -5.48178 -24.7589 11.0579 -4.96203 -22.4369 14.6632 -4.6028 -18.2151 19.69 -4.33788 -13.4642 24.2272 -4.27132 -8.25267 28.2246 -4.11741 -2.48702 31.3293 -3.58824 3.41637 33.1608 -2.66525 9.49194 33.9493 -1.43144 15.5669 33.8315 0.0303858 21.4835 32.7219 1.7095 26.4385 30.767 3.37521 30.9004 27.9194 5.14429 34.7252 24.2771 6.94796 37.7857 19.9519 8.70112 40.0258 14.9554 10.3683 41.2671 9.58263 11.9027 41.3455 4.05197 13.3751 40.0619 -1.33955 14.8055 37.1819 -6.60861 16.2074 33.1074 -11.0804 17.4016 28.1594 -14.5988 18.479 22.5009 -16.7967 19.5625 17.3984 -17.2937 20.4808 12.3248 -16.4881 21.3387 7.55729 -14.5305 22.0903 3.28396 -11.6222 22.7282 -0.88402 -7.37529 23.325 -4.3588 -2.52624 23.746 -7.51323 2.55263 23.8853 -10.7283 7.58606 23.5809 -13.6 11.6435 22.8536 -16.6339 15.4479 21.6045 -19.8158 18.8711 19.7618 -23.1179 21.7564 17.3103 -26.8799 24.2095 13.9152 -30.5583 25.7974 9.95962 -33.9401 26.5191 5.51661 -36.7662 26.3276 0.650936 -38.7418 25.2577 -4.25947 -39.8998 23.3906 -9.19233 -40.2247 20.8658 -13.9546 -39.7134 17.8239 -18.387 -38.4095 14.4411 -22.2749 -36.3911 10.7663 -25.543 -33.7957 6.87205 -28.0645 -30.7743 2.83448 -29.7463 -27.3279 -1.41842 -30.562 -23.7274 -5.61936 -30.4219 -20.1449 -9.6862 -29.3008 -16.7797 -13.5237 -27.1609 -13.5526 -17.3127 -23.7586 -10.8206 -20.6197 -19.5224 -8.48552 -23.4274 -14.7254 -6.48994 -25.6436 -9.48596 -5.18183 -26.8357 -5.12942 -4.08091 -27.4903 -0.60491 -3.12575 -27.5979 3.99811 -2.21691 -27.1883 8.59354 -1.18209 -26.2219 13.3464 0.0762472 -24.6943 17.8935 1.68481 -22.5782 22.0803 3.69819 -19.8993 25.7359 6.58329 -16.107 29.2566 9.89706 -11.9011 31.7925 13.627 -7.49891 33.1372 17.6942 -3.19765 32.8973 22.0262 0.829912 30.7701 26.0262 4.08023 27.1717 29.6123 6.54408 22.6349 32.69 8.02989 17.3592 34.4906 8.26018 12.9702 35.7115 7.64797 8.42132 36.3356 6.26229 3.92148 36.4362 4.25473 -0.381753 36.0145 1.34848 -5.03754 35.1151 -1.99233 -9.31899 33.7816 -5.6331 -13.2263 32.0242 -9.48346 -16.7458 29.9462 -13.2572 -19.6903 27.4049 -17.0571 -22.2065 24.3142 -20.7376 -24.2389 20.6466 -24.1284 -25.7489 15.3927 -27.8006 -26.9371 9.68012 -30.8868 -27.5219 3.65871 -33.3846 -27.5851 -0.212122 -0.272776 -0.354123 -0.397992 -0.6326 -0.644778 -0.61443 -0.558051 -0.806335 -0.752616 -0.683667 -0.601406 -0.780894 -0.687331 -0.594704 -0.501959 -0.655771 -0.554817 -0.521682 -0.59786 -0.432532 -0.659849 -0.968913 -1.39994 -1.20199 -1.51527 -1.64076 -1.61133 -1.57789 -1.49303 -1.34572 -1.14669 -1.44697 -1.25338 -0.990567 -0.588777 -0.603595 0.446074 1.36892 1.83903 1.75582 1.83419 1.78541 1.65792 1.42531 1.28312 1.12662 0.948337 0.886177 0.729532 0.590114 0.502072 1.82674 1.64564 1.50558 1.40476 2.08886 1.88628 1.74324 1.65767 1.79384 1.67761 1.62823 1.63105 1.20458 1.20695 1.25158 1.3402 0.860941 0.987958 1.11837 1.25608 0.808837 0.975398 1.1599 1.34531 0.577232 0.564681 0.486859 0.322836 -0.402473 -0.595668 -0.833774 -1.06922 -1.06802 -1.17238 -1.28436 -1.40676 -1.27958 -1.41039 -1.54985 -1.69806 -1.29261 -1.43043 -1.59158 -1.78993 -0.538944 -0.673811 -0.823261 -0.921685 -3.90538
-0.285036 -32.3034 -24.2672 -4.5068 -33.2595 -23.304 -8.76139 -33.3979 -22.0612 -12.89 -32.6928 -20.6043 -16.7617 -31.2185 -19.0228 -20.866 -28.6761 -17.1202 -24.4628 -25.4364 -15.2504 -27.5001 -21.6192 -13.4806 -29.8768 -17.2928 -11.8798 -31.1658 -13.6725 -10.8161 -31.9442 -9.86337 -9.93025 -32.2076 -5.94541 -9.23741 -31.9789 -1.99644 -8.73426 -31.2074 2.22295 -8.38749 -29.9017 6.3201 -8.22334 -28.0658 10.2122 -8.22635 -25.7371 13.8275 -8.38275 -21.412 18.7483 -8.87487 -16.5047 23.0663 -9.53516 -11.1216 26.7797 -10.1638 -5.18328 29.5588 -10.5826 0.88417 31.0489 -10.731 7.11814 31.4826 -10.6531 13.3425 31.029 -10.3234 19.3987 29.6329 -9.66825 24.4717 27.4842 -8.7766 29.0538 24.526 -7.59278 33.0094 20.8848 -6.09523 36.206 16.6868 -4.27695 38.5839 11.9467 -2.12293 39.9891 6.9572 0.30457 40.3223 1.96186 3.07904 39.4262 -2.72784 6.23587 37.0833 -7.10726 9.89026 33.6128 -10.6551 13.5498 29.33 -13.3003 17.1113 24.4026 -14.7442 20.5257 19.9095 -14.7548 23.1598 15.3469 -13.6386 25.4101 10.9142 -11.5596 27.1864 6.74242 -8.71625 28.4663 2.3693 -4.73297 29.3462 -1.59241 -0.264129 29.6613 -5.34535 4.38727 29.4493 -9.10324 8.97048 28.6509 -12.3231 12.6291 27.4322 -15.585 16.0093 25.6509 -18.8625 18.9913 23.2836 -22.126 21.4531 20.3633 -25.7109 23.5001 16.535 -29.1265 24.7689 12.2429 -32.2261 25.2327 7.56578 -34.8135 24.8188 2.58258 -36.645 23.5603 -2.339 -37.7567 21.5209 -7.21397 -38.1276 18.8218 -11.8763 -37.7454 15.5827 -16.18 -36.6395 11.9734 -19.9229 -34.8711 8.04749 -23.0405 -32.5496 3.89828 -25.4183 -29.7986 -0.376699 -26.9725 -26.6082 -4.844 -27.6762 -23.2245 -9.21752 -27.4437 -19.8069 -13.4025 -26.2454 -16.5384 -17.2873 -24.0417 -13.328 -21.0402 -20.5841 -10.5335 -24.2326 -16.3009 -8.09037 -26.8598 -11.4558 -5.97141 -28.824 -6.16449 -4.5691 -29.7589 -1.77458 -3.38339 -30.1003 2.76295 -2.35998 -29.8436 7.34535 -1.40728 -29.0284 11.8774 -0.363385 -27.6035 16.5114 0.851425 -25.6047 20.8844 2.35185 -23.0282 24.8473 4.19198 -19.9199 28.2453 6.80009 -15.6683 31.4426 9.77667 -11.0563 33.6721 13.1124 -6.28719 34.7807 16.7635 -1.63328 34.4474 20.7304 2.79443 32.405 24.5073 6.49981 29.0112 27.9814 9.49112 24.7104 31.034 11.6064 19.6389 32.8927 12.3815 15.3374 34.2424 12.3416 10.7839 35.0414 11.5104 6.17644 35.3244 10.0067 1.68012 35.0893 7.60429 -3.267 34.345 4.67044 -7.86474 33.1492 1.31799 -12.0638 31.5246 -2.3843 -15.7993 29.579 -6.14968 -18.8432 27.2 -10.0626 -21.345 24.3383 -13.9848 -23.257 20.99 -17.7707 -24.5552 16.244 -22.165 -25.3709 11.0962 -26.1627 -25.5087 5.61428 -29.6726 -25.1487 -0.329995 -0.321721 -0.357403 -0.384246 -0.625205 -0.661093 -0.663218 -0.644068 -0.927407 -0.903842 -0.863296 -0.806528 -1.00834 -0.932556 -0.853532 -0.771198 -0.933974 -0.834602 -0.785279 -0.823509 -0.615101 -0.833417 -1.20826 -1.78456 -1.70207 -2.0246 -2.09863 -2.00491 -1.91711 -1.79235 -1.6178 -1.4084 -1.72549 -1.58214 -1.39872 -1.11266 -1.14015 0.863321 2.19139 2.48358 2.22026 2.17624 2.06544 1.91127 1.66472 1.51402 1.35751 1.1924 1.1559 1.02878 0.909333 0.823195 2.13635 1.93781 1.77766 1.65499 2.31649 2.09201 1.92895 1.82574 1.94632 1.81747 1.76133 1.76622 1.35039 1.36713 1.42502 1.52555 1.05566 1.18854 1.32135 1.45703 1.00197 1.15295 1.31457 1.47373 0.678931 0.64112 0.536597 0.342998 -0.40893 -0.619546 -0.866389 -1.10756 -1.11174 -1.22011 -1.33362 -1.45406 -1.32237 -1.44952 -1.59074 -1.74764 -1.35646 -1.51241 -1.69497 -1.91459 -0.675876 -0.791817 -0.884129 -0.892416 -3.66454
-0.82928 -29.2557 -22.7274 -5.05428 -30.2152 -21.7819 -9.33378 -30.3907 -20.6329 -13.5268 -29.7518 -19.3385 -17.5114 -28.3618 -17.976 -21.8079 -25.9258 -16.3838 -25.6487 -22.7848 -14.8638 -28.9628 -19.0442 -13.466 -31.6248 -14.76 -12.2462 -33.1199 -11.1451 -11.4735 -34.0793 -7.32194 -10.8715 -34.488 -3.37778 -10.4515 -34.3616 0.600352 -10.2101 -33.647 4.84331 -10.1378 -32.3383 8.94128 -10.2487 -30.4393 12.7924 -10.5342 -27.9951 16.3059 -10.9804 -23.4278 20.9346 -11.917 -18.2546 24.8326 -13.0157 -12.6355 28.0536 -14.1173 -6.53744 30.2865 -15.1122 -0.409975 31.2092 -15.924 5.80482 31.0668 -16.5663 11.9714 30.1111 -16.908 17.9726 28.3724 -16.7693 23.0279 26.0885 -16.1569 27.6526 23.1642 -15.0577 31.7398 19.7391 -13.4111 35.1672 15.9556 -11.1559 37.8746 11.8402 -8.2412 39.6995 7.64739 -4.79847 40.562 3.59325 -0.851048 40.3146 -0.0517717 3.55515 38.7607 -3.28163 8.57278 36.1039 -5.76211 13.554 32.6169 -7.52472 18.3245 28.4077 -8.39701 22.7454 24.3625 -8.24725 26.0228 20.0164 -7.26441 28.7195 15.5336 -5.55839 30.7494 11.0506 -3.27359 32.0944 6.03265 -0.105477 32.8349 1.21546 3.4385 32.8312 -3.43425 7.1418 32.1747 -7.95604 10.8201 30.8373 -11.6336 13.775 29.1102 -15.1595 16.5086 26.8006 -18.506 18.9147 23.9283 -21.6587 20.9007 20.5586 -24.9464 22.5636 16.3013 -27.9571 23.5939 11.6567 -30.6414 23.9147 6.71809 -32.8991 23.4062 1.5856 -34.5558 22.0745 -3.3785 -35.6516 19.9475 -8.21948 -36.1646 17.0984 -12.778 -36.0802 13.603 -16.8932 -35.409 9.62418 -20.3541 -34.1826 5.23755 -23.095 -32.4607 0.585968 -25.0073 -30.3216 -4.17608 -26.0104 -27.7528 -9.07803 -26.0621 -24.9535 -13.7613 -25.1336 -22.0474 -18.0793 -23.2522 -19.1677 -21.8741 -20.435 -16.2039 -25.2655 -16.4274 -13.4868 -27.8784 -11.7224 -10.9892 -29.7923 -6.57995 -8.69107 -30.9691 -1.13202 -7.052 -31.2613 3.26568 -5.5482 -30.9541 7.71044 -4.14536 -30.0643 12.1095 -2.77954 -28.6532 16.3822 -1.29169 -26.662 20.6734 0.349386 -24.1832 24.6429 2.23477 -21.2329 28.1551 4.40165 -17.8649 31.08 7.3192 -13.4366 33.7218 10.5269 -8.76005 35.4369 14.019 -4.01964 36.0959 17.7525 0.529888 35.415 21.7512 4.81457 33.1423 25.5412 8.39698 29.633 29.0233 11.3034 25.2809 32.0749 13.3813 20.1933 33.9262 14.1704 15.8912 35.2624 14.1825 11.3335 36.0356 13.4316 6.70788 36.2719 12.0234 2.17805 35.9502 9.73843 -2.81957 35.085 6.91934 -7.46767 33.7362 3.67057 -11.7017 31.9263 0.0569586 -15.4389 29.7811 -3.63302 -18.4407 27.1967 -7.46928 -20.8559 24.1493 -11.3093 -22.6438 20.6561 -15.0126 -23.7892 15.7932 -19.3138 -24.3826 10.5823 -23.2301 -24.2809 5.0729 -26.6688 -23.7137 -0.377336 -0.351237 -0.373839 -0.394962 -0.637818 -0.683142 -0.700055 -0.699494 -1.00153 -0.994787 -0.970653 -0.928922 -1.14391 -1.07832 -1.0064 -0.928567 -1.09352 -0.990941 -0.927994 -0.938243 -0.697773 -0.919444 -1.3822 -2.07557 -1.98738 -2.23366 -2.22998 -2.07235 -1.93859 -1.78601 -1.59563 -1.37738 -1.69665 -1.57597 -1.43708 -1.22543 -1.39749 0.924026 2.46734 2.68775 2.36441 2.28052 2.15528 2.00483 1.76801 1.6287 1.48863 1.3487 1.34701 1.25655 1.16096 1.07554 2.37 2.14148 1.94384 1.77889 2.39771 2.1344 1.93847 1.8085 1.90666 1.75906 1.69073 1.69632 1.29746 1.33929 1.41825 1.5366 1.08425 1.23258 1.37711 1.5186 1.06348 1.20884 1.36064 1.50818 0.701843 0.654626 0.542778 0.343028 -0.412905 -0.62415 -0.868575 -1.10578 -1.10604 -1.21066 -1.31987 -1.43555 -1.29888 -1.42193 -1.56131 -1.71938 -1.33278 -1.49654 -1.68983 -1.92234 -0.697971 -0.823127 -0.911558 -0.902435 -3.60504
-1.05542 -28.4097 -25.3821 -5.30014 -29.3666 -24.5266 -9.58762 -29.5659 -23.4117 -13.7805 -28.979 -22.0924 -17.7629 -27.6683 -20.6473 -22.0624 -25.3529 -18.8918 -25.9197 -22.3497 -17.151 -29.2684 -18.7484 -15.4941 -31.9862 -14.5888 -13.9972 -33.5392 -11.0503 -13.0139 -34.5681 -7.28196 -12.2137 -35.0547 -3.3695 -11.6172 -35.0111 0.598822 -11.2296 -34.3885 4.85275 -11.0426 -33.1727 8.98041 -11.094 -31.3664 12.8755 -11.3845 -29.014 16.4412 -11.9042 -24.5859 21.1518 -13.0721 -19.5521 25.1282 -14.4904 -14.0689 28.4477 -15.932 -8.08835 30.8323 -17.2394 -2.03488 31.9585 -18.3088 4.15453 32.0706 -19.1661 10.3516 31.4272 -19.6553 16.4522 30.0759 -19.5453 21.6615 28.2048 -18.8308 26.4994 25.7511 -17.5186 30.8539 22.8532 -15.5723 34.5945 19.6499 -12.9466 37.6582 16.167 -9.59313 39.8674 12.6198 -5.68175 41.1459 9.19566 -1.27685 41.3478 6.11902 3.54555 40.2943 3.36959 8.9635 38.1212 1.20323 14.3121 35.0729 -0.419221 19.4209 31.2147 -1.3654 24.1371 27.3451 -1.48241 27.6212 23.0261 -0.950106 30.4829 18.4112 0.15477 32.6298 13.6488 1.72573 34.0363 8.15871 3.97769 34.7798 2.76043 6.55075 34.7238 -2.51103 9.27522 33.9794 -7.63108 12.0047 32.5301 -11.7581 14.2064 30.6973 -15.665 16.2417 28.2823 -19.3101 18.0205 25.3179 -22.6721 19.4684 21.8771 -26.0942 20.6459 17.5642 -29.1548 21.3032 12.8846 -31.8299 21.3377 7.93065 -34.0368 20.6125 2.8021 -35.6169 19.1329 -2.14504 -36.6215 16.902 -6.95901 -37.0447 13.9639 -11.4699 -36.8859 10.3671 -15.4947 -36.1642 6.27165 -18.806 -34.912 1.76497 -21.332 -33.1913 -2.99178 -22.9665 -31.0854 -7.82721 -23.6319 -28.5882 -12.7538 -23.2802 -25.8884 -17.3924 -21.9293 -23.0816 -21.5869 -19.658 -20.267 -25.1809 -16.5289 -17.3101 -28.2839 -12.2892 -14.5262 -30.5659 -7.45305 -11.8736 -32.1378 -2.27238 -9.29446 -32.9886 3.11006 -7.32595 -33.0514 7.38004 -5.39876 -32.5416 11.6389 -3.49979 -31.4759 15.8066 -1.59463 -29.9136 19.8118 0.474466 -27.7868 23.7854 2.66707 -25.195 27.4006 5.02555 -22.1503 30.5249 7.54665 -18.6994 33.0408 10.7131 -14.1759 35.1885 13.9945 -9.39928 36.4201 17.3869 -4.54591 36.6129 20.8267 0.147595 35.4997 24.3177 4.64224 32.8306 27.4781 8.48792 28.9918 30.3 11.6684 24.362 32.7297 13.9838 19.0471 34.1712 14.9108 14.6176 35.1711 15.0207 9.97581 35.6957 14.3275 5.30649 35.774 12.9378 0.76547 35.3732 10.6288 -4.21533 34.5148 7.75154 -8.82891 33.2292 4.43419 -13.0293 31.5161 0.761409 -16.7544 29.4793 -2.97082 -19.7794 27.004 -6.83871 -22.2577 24.0459 -10.6984 -24.15 20.6025 -14.4004 -25.4412 15.7377 -18.6602 -26.2711 10.4742 -22.5027 -26.4461 4.89803 -25.8674 -26.1521 -0.413984 -0.400766 -0.431948 -0.456627 -0.699086 -0.741394 -0.75414 -0.748636 -1.0457 -1.03467 -1.00654 -0.961093 -1.17218 -1.10168 -1.02305 -0.936772 -1.09032 -0.978218 -0.913042 -0.923478 -0.674971 -0.873967 -1.30376 -1.96402 -1.85671 -2.09897 -2.0956 -1.93657 -1.79921 -1.64216 -1.44605 -1.21961 -1.52936 -1.40265 -1.26347 -1.0552 -1.28643 0.448423 2.24675 2.61761 2.34658 2.28501 2.17179 2.02888 1.7953 1.65703 1.51801 1.38108 1.38475 1.29969 1.20815 1.12488 2.42006 2.18884 1.98328 1.80667 2.41351 2.13992 1.93544 1.79819 1.88995 1.73642 1.66236 1.66363 1.2641 1.30914 1.39427 1.52461 1.09042 1.25827 1.42177 1.57913 1.13606 1.28817 1.43953 1.57943 0.759869 0.697276 0.569152 0.349828 -0.427749 -0.657184 -0.914644 -1.16461 -1.17847 -1.29555 -1.4168 -1.54343 -1.41674 -1.54687 -1.68817 -1.8429 -1.44916 -1.6032 -1.78395 -2.0015 -0.761505 -0.879552 -0.975342 -0.983868 -3.668
1.11413 -29.1508 -24.8116 -3.07276 -30.2612 -23.8618 -7.32692 -30.5638 -22.647 -11.4975 -30.0268 -21.2388 -15.4576 -28.7203 -19.73 -19.7243 -26.3685 -17.9434 -23.543 -23.3028 -16.2263 -26.8548 -19.628 -14.6589 -29.5495 -15.3967 -13.331 -31.1035 -11.8113 -12.5374 -32.1551 -8.00623 -11.9761 -32.6901 -4.06761 -11.6585 -32.7228 -0.0811804 -11.5741 -32.2154 4.18966 -11.719 -31.1495 8.34344 -12.0773 -29.5252 12.2911 -12.6216 -27.379 15.9541 -13.3252 -23.2837 20.9199 -14.6409 -18.5681 25.2583 -16.0914 -13.3493 29.0139 -17.4414 -7.53719 31.9076 -18.4453 -1.5407 33.5852 -18.9783 4.66942 34.2702 -19.1254 10.9122 34.1297 -18.8725 17.0323 33.1158 -18.1156 22.2046 31.3684 -16.9572 26.9315 28.8752 -15.3484 31.0898 25.7792 -13.2817 34.5563 22.2087 -10.7553 37.2831 18.1746 -7.74661 39.1279 13.9331 -4.37476 40.0393 9.71995 -0.60904 39.8955 5.80481 3.56386 38.517 2.14935 8.33467 36.0732 -0.870949 13.1231 32.8041 -3.22473 17.7918 28.792 -4.68403 22.2411 24.8751 -5.00556 25.659 20.6008 -4.46183 28.5849 16.1185 -3.15491 30.893 11.567 -1.21961 32.5257 6.40724 1.61406 33.58 1.40553 4.88025 33.863 -3.46509 8.32639 33.4552 -8.24649 11.7302 32.3074 -12.1641 14.4216 30.6804 -15.9329 16.8532 28.4172 -19.5039 18.9138 25.5465 -22.8423 20.5083 22.1478 -26.2753 21.6791 17.8418 -29.3577 22.1685 13.1559 -32.0345 21.9097 8.20959 -34.1932 20.7981 3.12995 -35.6622 18.8907 -1.70369 -36.4953 16.2199 -6.32243 -36.7079 12.8837 -10.5633 -36.3241 8.97585 -14.2703 -35.3847 4.67938 -17.2564 -33.9318 0.0750487 -19.4809 -32.0393 -4.69215 -20.8778 -29.7969 -9.48259 -21.4093 -27.1871 -14.3497 -21.0475 -24.3827 -18.9561 -19.8036 -21.4544 -23.1674 -17.7249 -18.4799 -26.842 -14.8473 -15.2908 -30.1181 -10.9177 -12.2209 -32.6466 -6.38676 -9.26058 -34.4788 -1.46477 -6.39442 -35.531 3.73372 -4.24807 -35.6739 7.91516 -2.2089 -35.1643 12.1216 -0.286945 -34.0167 16.2569 1.53432 -32.2931 20.2348 3.38611 -29.9162 24.1737 5.21999 -26.9999 27.7412 7.07374 -23.5678 30.8036 8.94993 -19.6814 33.2469 11.1923 -14.5968 35.3011 13.446 -9.23712 36.4392 15.7923 -3.79798 36.5481 18.2637 1.45632 35.3713 20.8957 6.48096 32.6623 23.3873 10.7746 28.8062 25.7211 14.3264 24.1746 27.888 16.9222 18.8756 29.3296 17.9766 14.4747 30.5099 18.1297 9.87667 31.3742 17.4003 5.26375 31.9154 15.9089 0.787038 32.1576 13.4177 -4.1156 32.0084 10.3058 -8.65374 31.4564 6.71478 -12.789 30.4672 2.74087 -16.4673 29.0828 -1.29692 -19.4688 27.2045 -5.49128 -21.9403 24.7628 -9.69716 -23.8317 21.7371 -13.7501 -25.1155 17.2605 -18.4207 -25.9189 12.2807 -22.6261 -26.0499 6.92015 -26.3185 -25.6883 -0.312711 -0.294384 -0.321234 -0.342348 -0.58154 -0.620145 -0.628301 -0.617238 -0.909132 -0.894275 -0.863465 -0.817134 -1.02979 -0.964218 -0.894704 -0.821039 -0.992755 -0.899496 -0.855894 -0.905407 -0.710739 -0.934318 -1.2967 -1.83343 -1.69208 -1.9672 -2.00627 -1.88492 -1.77484 -1.63153 -1.44011 -1.21677 -1.52943 -1.40171 -1.26237 -1.07792 -1.41007 0.145491 2.29537 2.71019 2.4447 2.38397 2.26136 2.09867 1.84355 1.686 1.52744 1.36936 1.35002 1.24464 1.14187 1.05733 2.35945 2.1411 1.95222 1.79291 2.41486 2.15295 1.95569 1.81999 1.90815 1.74881 1.67034 1.66995 1.27206 1.32423 1.42477 1.5774 1.16155 1.33813 1.50157 1.65095 1.19277 1.32271 1.44596 1.55467 0.702509 0.610364 0.456388 0.211872 -0.58846 -0.833835 -1.10098 -1.35929 -1.38096 -1.50353 -1.62767 -1.75376 -1.6226 -1.7434 -1.87045 -2.00583 -1.58913 -1.71858 -1.87391 -2.06574 -0.79762 -0.889692 -0.968036 -0.965169 -3.74302
1.07403 -30.0131 -24.3698 -3.07679 -31.0446 -23.1985 -7.25659 -31.1955 -21.7249 -11.292 -30.4462 -20.0458 -15.0494 -28.8924 -18.2758 -19.0033 -26.239 -16.213 -22.4523 -22.887 -14.2646 -25.3681 -18.962 -12.5263 -27.6746 -14.5354 -11.1073 -28.9591 -10.8459 -10.3089 -29.7809 -6.97722 -9.80117 -30.1347 -3.01104 -9.59138 -30.0386 0.974675 -9.65982 -29.4503 5.22353 -10.0057 -28.3604 9.34604 -10.5851 -26.7639 13.2674 -11.3548 -24.6881 16.9221 -12.2784 -20.7576 21.9265 -13.9122 -16.2339 26.3606 -15.6551 -11.1874 30.2654 -17.2196 -5.49262 33.3705 -18.2633 0.440085 35.3017 -18.624 6.61192 36.2661 -18.4377 12.8239 36.3989 -17.7666 18.9045 35.6255 -16.5482 24.0164 34.051 -14.9553 28.6421 31.681 -12.9223 32.65 28.6451 -10.5 35.9222 25.059 -7.74674 38.417 20.9281 -4.6688 40.0018 16.5159 -1.38491 40.6193 12.056 2.14913 40.149 7.80225 5.95002 38.4012 3.67667 10.1866 35.5923 0.11702 14.3654 31.9738 -2.78032 18.4318 27.6401 -4.72991 22.3613 23.4908 -5.39294 25.4387 19.036 -5.10416 28.1216 14.4378 -3.94876 30.2776 9.84804 -2.04831 31.8425 4.74849 0.886121 32.9142 -0.0997953 4.36753 33.287 -4.76694 8.09483 32.9869 -9.32756 11.8104 31.9098 -13.0491 14.7708 30.2897 -16.6055 17.4635 27.9788 -19.9411 19.7586 25.0048 -23.0154 21.539 21.4527 -26.1121 22.8431 16.9352 -28.8144 23.388 12.0261 -31.0712 23.123 6.87492 -32.7764 21.9582 1.6372 -33.792 19.9664 -3.27825 -34.1794 17.1925 -7.89513 -33.9913 13.7499 -12.0512 -33.2898 9.74236 -15.602 -32.1441 5.35688 -18.3794 -30.6024 0.669945 -20.358 -28.7452 -4.18009 -21.4925 -26.6653 -9.06467 -21.7649 -24.35 -14.0541 -21.1522 -21.9365 -18.8135 -19.6843 -19.4515 -23.2072 -17.4149 -16.9311 -27.0937 -14.386 -14.2142 -30.636 -10.3343 -11.5703 -33.4586 -5.70946 -8.96894 -35.586 -0.704092 -6.36588 -36.8995 4.57274 -4.34368 -37.202 8.80723 -2.36216 -36.8027 13.0529 -0.449425 -35.7121 17.2079 1.38691 -33.993 21.1808 3.25408 -31.569 25.0837 5.07318 -28.5612 28.5819 6.85154 -25.0039 31.5445 8.56927 -20.971 33.8639 10.508 -15.6992 35.7482 12.3556 -10.1521 36.7059 14.2214 -4.52931 36.642 16.1629 0.910311 35.3223 18.2154 6.14247 32.5072 20.1518 10.6538 28.5814 22 14.4203 23.9005 23.8135 17.2106 18.5677 25.1177 18.3869 14.1548 26.2874 18.6322 9.55813 27.2654 17.9609 4.9591 28.0296 16.4914 0.507732 28.6402 13.9809 -4.35282 28.9406 10.8068 -8.8401 28.8836 7.11831 -12.9257 28.4071 3.01787 -16.5672 27.5037 -1.16701 -19.5504 26.0743 -5.5386 -22.0152 24.0123 -9.94655 -23.8985 21.2674 -14.2013 -25.16 17.0049 -19.0765 -25.9111 12.1397 -23.4156 -25.9646 6.84233 -27.1835 -25.4744 -0.308689 -0.299214 -0.33051 -0.350114 -0.581942 -0.607698 -0.599279 -0.56873 -0.841926 -0.811339 -0.76651 -0.708947 -0.913497 -0.843393 -0.773059 -0.701177 -0.877102 -0.791009 -0.763764 -0.846514 -0.694308 -0.943723 -1.29088 -1.77204 -1.58061 -1.84326 -1.89501 -1.79453 -1.70257 -1.57109 -1.38606 -1.1633 -1.46715 -1.31898 -1.15189 -0.931208 -1.21846 0.0746365 1.93366 2.50931 2.33589 2.32453 2.22315 2.06849 1.8191 1.66797 1.5164 1.36522 1.3541 1.26093 1.17493 1.10889 2.42779 2.22314 2.0446 1.8915 2.51559 2.25231 2.0497 1.9034 1.97507 1.79448 1.6914 1.66362 1.23723 1.26577 1.35376 1.50805 1.10547 1.29813 1.47665 1.63712 1.18514 1.31535 1.43257 1.53047 0.664499 0.558007 0.389505 0.128709 -0.688078 -0.946213 -1.22201 -1.48842 -1.51798 -1.64667 -1.77524 -1.90353 -1.77188 -1.88818 -2.00621 -2.12839 -1.69573 -1.8076 -1.94398 -2.11629 -0.828078 -0.905459 -0.980872 -0.985963 -3.77964
-0.118598 -29.9584 -25.7981 -4.24786 -30.9804 -24.5452 -8.36801 -31.0858 -22.9087 -12.2856 -30.2587 -21.0025 -15.8603 -28.6064 -18.9637 -19.5246 -25.8287 -16.5584 -22.6226 -22.3601 -14.2561 -25.1528 -18.3418 -12.1633 -27.0707 -13.8558 -10.3953 -28.077 -10.1456 -9.33606 -28.6525 -6.27364 -8.57678 -28.8015 -2.31434 -8.12786 -28.5473 1.662 -7.973 -27.8425 5.9053 -8.10065 -26.692 10.0333 -8.49308 -25.0881 13.9777 -9.11632 -23.0529 17.6787 -9.94008 -19.2564 22.8053 -11.5108 -14.9108 27.4078 -13.2702 -10.0348 31.4926 -14.9136 -4.45833 34.7527 -16.1124 1.42044 36.7897 -16.7014 7.58213 37.8291 -16.7989 13.817 38.0273 -16.42 19.9513 37.3186 -15.4584 25.1326 35.7982 -14.0476 29.8419 33.4781 -12.1536 33.9469 30.4941 -9.83152 37.3326 26.9697 -7.1364 39.9597 22.9134 -4.06936 41.6861 18.5766 -0.756611 42.4479 14.1738 2.82071 42.1206 9.93807 6.65652 40.5212 5.7748 10.9148 37.8489 2.12311 15.1037 34.3451 -0.916252 19.1669 30.0845 -3.06938 23.0701 25.9471 -3.96016 26.1056 21.452 -3.94271 28.7363 16.766 -3.08566 30.842 12.0479 -1.49392 32.3695 6.75832 1.09011 33.4219 1.68872 4.23957 33.8028 -3.20578 7.666 33.5409 -7.97643 11.1304 32.5391 -11.8522 13.9384 31.0119 -15.5385 16.548 28.812 -18.9737 18.8406 25.9516 -22.1116 20.7047 22.4994 -25.2357 22.2009 18.061 -27.9217 23.0244 13.1819 -30.114 23.1027 7.99673 -31.6956 22.3277 2.6492 -32.5348 20.7363 -2.44228 -32.7031 18.3634 -7.29011 -32.2759 15.2903 -11.7098 -31.337 11.5921 -15.531 -29.9784 7.4384 -18.5576 -28.2675 2.9083 -20.7508 -26.3137 -1.8608 -22.0537 -24.2377 -6.73935 -22.4397 -22.0488 -11.7922 -21.8842 -19.8839 -16.6713 -20.422 -17.7583 -21.2358 -18.1246 -15.6993 -25.3494 -15.0474 -13.5829 -29.2058 -10.9248 -11.6013 -32.4006 -6.21178 -9.66269 -34.9473 -1.10271 -7.65722 -36.7273 4.29692 -6.01885 -37.425 8.649 -4.33068 -37.4383 13.0378 -2.61289 -36.7607 17.3624 -0.873311 -35.4386 21.5262 0.992253 -33.4017 25.6451 2.90242 -30.7363 29.3654 4.85028 -27.4667 32.545 6.79776 -23.663 35.0616 9.06169 -18.5981 37.1405 11.2528 -13.2062 38.2486 13.4366 -7.69905 38.3044 15.6263 -2.33101 37.0836 17.8385 2.87945 34.3504 19.8381 7.41625 30.4862 21.675 11.2528 25.8581 23.406 14.1794 20.5711 24.5993 15.5215 16.1741 25.6266 15.9904 11.5608 26.4481 15.5916 6.89988 27.0589 14.429 2.33549 27.5101 12.2979 -2.71971 27.6799 9.50815 -7.462 27.5285 6.19055 -11.8519 27.0018 2.43 -15.8371 26.0937 -1.47743 -19.1742 24.6916 -5.62964 -22.0065 22.6702 -9.88641 -24.2477 19.9642 -14.0581 -25.8298 15.7421 -18.9077 -26.905 10.912 -23.2759 -27.2026 5.63848 -27.0945 -26.8724 -0.35001 -0.3571 -0.399136 -0.421994 -0.650378 -0.666784 -0.645048 -0.598156 -0.85496 -0.809681 -0.750599 -0.679892 -0.872316 -0.791078 -0.71014 -0.628103 -0.793282 -0.700386 -0.668715 -0.740693 -0.569834 -0.80444 -1.15748 -1.67413 -1.52384 -1.80783 -1.86609 -1.76529 -1.67141 -1.53896 -1.35357 -1.12933 -1.43011 -1.27841 -1.10651 -0.875433 -1.15944 -0.0355703 1.66087 2.33654 2.22277 2.24212 2.15888 2.01887 1.78219 1.64217 1.50171 1.36253 1.36517 1.2865 1.21421 1.16302 2.49703 2.30468 2.13404 1.98545 2.61243 2.35061 2.14676 1.99561 2.05877 1.86571 1.74445 1.69052 1.22992 1.22216 1.27862 1.40925 0.996727 1.19154 1.38098 1.55776 1.125 1.27522 1.41105 1.52456 0.671113 0.572609 0.4078 0.148103 -0.669601 -0.93069 -1.21088 -1.48237 -1.51672 -1.64984 -1.78311 -1.91609 -1.78923 -1.9104 -2.0337 -2.16191 -1.73552 -1.85384 -1.99794 -2.18015 -0.904696 -0.99458 -1.08233 -1.10632 -3.88066
-1.54651 -29.7218 -27.8338 -5.6061 -30.6202 -26.2918 -9.5567 -30.6016 -24.2776 -13.2025 -29.6562 -21.9367 -16.4191 -27.9004 -19.4395 -19.5864 -25.0285 -16.4987 -22.1432 -21.4969 -13.6845 -24.1269 -17.4436 -11.1223 -25.5332 -12.9467 -8.94785 -26.1957 -9.24116 -7.6326 -26.4845 -5.38169 -6.67301 -26.4116 -1.43911 -6.08091 -26.0019 2.51969 -5.83629 -25.2018 6.74717 -5.91888 -24.0279 10.8688 -6.31014 -22.4683 14.8251 -6.96867 -20.5371 18.5659 -7.86027 -16.9883 23.817 -9.59097 -12.9436 28.6082 -11.5522 -8.3527 32.9399 -13.3749 -2.98949 36.5143 -14.6482 2.7602 38.9061 -15.1738 8.8459 40.326 -15.106 15.0415 40.8891 -14.5108 21.1613 40.4887 -13.3091 26.3331 39.1729 -11.6756 31.0168 36.98 -9.57767 35.0702 34.0364 -7.11734 38.3787 30.4575 -4.3984 40.9042 26.2514 -1.44989 42.5062 21.6861 1.60837 43.1185 16.9826 4.81231 42.6182 12.3704 8.16478 40.8183 7.72602 11.7998 37.9464 3.55124 15.3137 34.2542 -0.0100726 18.7354 29.8258 -2.64685 22.1206 25.5733 -3.89108 24.8584 20.9961 -4.15901 27.3288 16.2656 -3.5064 29.408 11.5454 -2.02849 31.0396 6.30697 0.53619 32.3612 1.33004 3.76212 33.1283 -3.46663 7.32967 33.3004 -8.1668 10.9811 32.717 -12.0116 13.9766 31.4992 -15.6867 16.7963 29.5546 -19.1182 19.3102 26.8817 -22.2438 21.3883 23.5426 -25.3265 23.0955 19.1516 -27.9294 24.0925 14.2598 -29.9901 24.3142 9.02509 -31.3853 23.6615 3.60978 -31.9956 22.1717 -1.54463 -31.9031 19.8887 -6.43745 -31.2126 16.8984 -10.8806 -30.0372 13.2774 -14.7103 -28.4925 9.19076 -17.7389 -26.6549 4.71192 -19.9349 -24.646 -0.0309953 -21.2495 -22.5971 -4.91857 -21.6648 -20.5248 -10.0259 -21.1627 -18.5529 -15.0076 -19.7752 -16.6767 -19.7236 -17.5684 -14.9061 -24.0403 -14.5916 -13.1325 -28.1773 -10.5809 -11.5025 -31.7041 -5.97096 -9.89371 -34.6162 -0.943268 -8.16092 -36.7798 4.4105 -6.67555 -37.7789 8.75873 -5.08121 -38.0849 13.1719 -3.39881 -37.6802 17.5443 -1.64169 -36.6017 21.7705 0.291677 -34.7835 25.9598 2.31066 -32.2936 29.7437 4.39653 -29.1548 32.9673 6.49669 -25.4414 35.496 8.94286 -20.4469 37.5385 11.2989 -15.108 38.5614 13.6152 -9.6553 38.4988 15.8868 -4.35515 37.1391 18.1176 0.761423 34.2482 20.0734 5.18415 30.2323 21.8274 8.90411 25.4785 23.4526 11.7389 20.1086 24.5554 13.0479 15.6782 25.4891 13.5277 11.0461 26.2211 13.1906 6.36545 26.7539 12.14 1.76428 27.1338 10.1916 -3.3699 27.2489 7.62372 -8.2375 27.0477 4.55125 -12.8004 26.4651 1.04857 -17.0067 25.4928 -2.61363 -20.5944 24.0107 -6.53608 -23.7003 21.8865 -10.593 -26.202 19.0526 -14.5934 -27.9892 14.6521 -19.2455 -29.2113 9.65198 -23.4151 -29.5484 4.24855 -27.0405 -29.1481 -0.451673 -0.469654 -0.509865 -0.520648 -0.730065 -0.723581 -0.67747 -0.604032 -0.835373 -0.767879 -0.688023 -0.599454 -0.777314 -0.685242 -0.596818 -0.509677 -0.671407 -0.58034 -0.560003 -0.653025 -0.503344 -0.742909 -1.07567 -1.56048 -1.40098 -1.70037 -1.78335 -1.70718 -1.63202 -1.51042 -1.32973 -1.10514 -1.39851 -1.23174 -1.0446 -0.808689 -1.12644 -0.219318 1.30734 2.13583 2.12536 2.19676 2.1314 1.9921 1.7528 1.61144 1.47037 1.33075 1.33407 1.25928 1.19522 1.15644 2.50465 2.32591 2.16698 2.0273 2.66012 2.40103 2.19615 2.03935 2.09231 1.88579 1.74886 1.67676 1.19536 1.16746 1.20909 1.33297 0.923229 1.12683 1.32892 1.51974 1.10116 1.26465 1.41159 1.53331 0.685251 0.588829 0.423569 0.162191 -0.657833 -0.92191 -1.20588 -1.4817 -1.51975 -1.65551 -1.79059 -1.92436 -1.79714 -1.9165 -2.03671 -2.161 -1.73122 -1.84888 -1.99767 -2.19145 -0.935704 -1.04985 -1.1635 -1.21894 -3.91739
-1.49708 -31.2232 -25.4248 -5.57779 -31.8995 -23.8262 -9.53546 -31.6566 -21.8405 -13.1859 -30.4993 -19.6045 -16.4143 -28.5522 -17.2697 -19.6114 -25.4858 -14.5669 -22.216 -21.7907 -12.0192 -24.2639 -17.6054 -9.73486 -25.7479 -13.01 -7.8353 -26.4779 -9.25202 -6.71974 -26.8401 -5.35777 -5.94293 -26.8447 -1.39363 -5.51232 -26.5144 2.57872 -5.40665 -25.7996 6.81713 -5.61544 -24.7079 10.95 -6.11118 -23.225 14.9208 -6.85427 -21.364 18.6812 -7.81092 -17.9092 23.9733 -9.6055 -13.9453 28.8156 -11.6057 -9.42436 33.198 -13.4816 -4.11579 36.8146 -14.8603 1.60405 39.2388 -15.5407 7.68313 40.6828 -15.667 13.8957 41.2549 -15.3025 20.0628 40.8382 -14.3806 25.3081 39.4817 -13.0409 30.0934 37.2234 -11.2667 34.27 34.1891 -9.14615 37.7156 30.4951 -6.77337 40.3883 26.15 -4.17748 42.1412 21.4288 -1.45703 42.907 16.5524 1.44061 42.5594 11.7502 4.53577 40.915 6.89237 7.95932 38.1865 2.50856 11.3299 34.6336 -1.25258 14.6847 30.3485 -4.0777 18.1023 26.219 -5.46401 20.9573 21.7613 -5.84688 23.6236 17.1456 -5.27084 25.9668 12.5396 -3.82432 27.921 7.43801 -1.24105 29.6718 2.60358 2.05412 30.9108 -2.05653 5.74276 31.5758 -6.64164 9.58126 31.4878 -10.4176 12.7934 30.6739 -14.0588 15.8798 29.1072 -17.5006 18.6961 26.7703 -20.6854 21.0927 23.7122 -23.8888 23.1529 19.5659 -26.6625 24.4772 14.8488 -28.9402 24.977 9.72431 -30.5944 24.5265 4.3616 -31.4812 23.1429 -0.782265 -31.6781 20.8856 -5.68391 -31.2792 17.8594 -10.1385 -30.3905 14.1604 -13.9709 -29.1167 9.97176 -16.9862 -27.5325 5.38259 -19.1516 -25.7526 0.537688 -20.4236 -23.9011 -4.4317 -20.7926 -21.9945 -9.59849 -20.2448 -20.1446 -14.6149 -18.8151 -18.3451 -19.3423 -16.5691 -16.6033 -23.6467 -13.5576 -14.8065 -27.7438 -9.51639 -13.1066 -31.2056 -4.8825 -11.398 -34.026 0.164522 -9.5481 -36.0627 5.52886 -7.96374 -36.933 9.86984 -6.26716 -37.0844 14.2528 -4.48341 -36.5051 18.5649 -2.62987 -35.2408 22.6974 -0.602446 -33.2269 26.7505 1.50382 -30.558 30.3609 3.67366 -27.2742 33.378 5.85783 -23.4611 35.6766 8.40701 -18.4082 37.4291 10.8748 -13.0722 38.1624 13.3266 -7.68909 37.8281 15.7749 -2.53436 36.2358 18.2411 2.35888 33.1557 20.4653 6.5193 29.0015 22.4988 9.95153 24.1437 24.3969 12.4662 18.7043 25.6878 13.5088 14.2541 26.7813 13.7049 9.63629 27.6333 13.0726 5.00678 28.2399 11.7208 0.494255 28.6469 9.4227 -4.49111 28.7328 6.51299 -9.16303 28.4531 3.11544 -13.485 27.7463 -0.684999 -17.4039 26.6179 -4.59023 -20.6757 24.9533 -8.69875 -23.4285 22.6398 -12.8647 -25.5549 19.63 -16.8864 -26.9676 15.0434 -21.4524 -27.7517 9.89199 -25.4475 -27.6963 4.37068 -28.8355 -26.9635 -0.354913 -0.366311 -0.402966 -0.412927 -0.62345 -0.619548 -0.577247 -0.509086 -0.746555 -0.685462 -0.612769 -0.531725 -0.717256 -0.632539 -0.551011 -0.470447 -0.639913 -0.554922 -0.533469 -0.616954 -0.453675 -0.682111 -1.01234 -1.51915 -1.40789 -1.74515 -1.84763 -1.78031 -1.70891 -1.58838 -1.40814 -1.18529 -1.48283 -1.32341 -1.15016 -0.946502 -1.33916 -0.565901 1.09332 2.11644 2.16011 2.24647 2.18436 2.0452 1.80617 1.66433 1.52038 1.37516 1.37043 1.28446 1.20407 1.14556 2.47467 2.28035 2.10919 1.95974 2.5848 2.31984 2.11069 1.95097 2.00216 1.79504 1.65887 1.58933 1.11273 1.0914 1.14051 1.27302 0.871553 1.08146 1.28791 1.48095 1.06286 1.22592 1.37265 1.49519 0.649281 0.556237 0.395665 0.141079 -0.669883 -0.92399 -1.19822 -1.46362 -1.49122 -1.61734 -1.74289 -1.86797 -1.73279 -1.84546 -1.96045 -2.08071 -1.64807 -1.76354 -1.90985 -2.1005 -0.841381 -0.953323 -1.06321 -1.10976 -3.89484
0.988798 -30.734 -26.3754 -3.13077 -31.3645 -24.8599 -7.13828 -31.0973 -22.9802 -10.8596 -29.9392 -20.8646 -14.1875 -28.0121 -18.6564 -17.5413 -24.9875 -16.1005 -20.3433 -21.3435 -13.6923 -22.6206 -17.2087 -11.5369 -24.3556 -12.6545 -9.75424 -25.285 -8.91749 -8.71962 -25.8455 -5.03289 -8.01573 -26.0406 -1.06703 -7.65015 -25.8863 2.91714 -7.60129 -25.3375 7.17745 -7.86021 -24.3779 11.3388 -8.39006 -22.9857 15.3399 -9.14625 -21.1704 19.1251 -10.0923 -17.7069 24.4314 -11.8271 -13.678 29.2611 -13.7257 -9.08311 33.6333 -15.4384 -3.72509 37.2713 -16.542 2.00623 39.7452 -16.8388 8.06134 41.255 -16.5037 14.2191 41.9164 -15.6665 20.3127 41.6402 -14.307 25.5005 40.4604 -12.6211 30.2596 38.4003 -10.5584 34.458 35.5436 -8.24326 37.9916 31.9738 -5.81059 40.8361 27.6844 -3.30602 42.8256 22.931 -0.814287 43.8467 17.9034 1.72409 43.7293 12.8001 4.31334 42.2873 7.45618 7.03112 39.7172 2.47173 9.59503 36.2643 -1.95347 12.1482 31.9879 -5.47054 14.8621 27.7876 -7.42626 17.241 23.2118 -8.32145 19.562 18.4717 -8.15892 21.7141 13.7796 -6.99845 23.6542 8.66831 -4.5846 25.6069 3.92715 -1.32174 27.2317 -0.563283 2.45027 28.4035 -4.9294 6.50607 28.9059 -8.50132 10.0283 28.6349 -11.9456 13.5431 27.624 -15.23 16.8832 25.8088 -18.3202 19.8577 23.1931 -21.4971 22.576 19.4227 -24.3182 24.5216 14.9557 -26.7051 25.5607 9.96358 -28.5155 25.5134 4.63273 -29.5763 24.3562 -0.534051 -29.9555 22.1818 -5.46236 -29.7429 19.1385 -9.91808 -29.0459 15.3637 -13.7161 -27.9675 11.0716 -16.6613 -26.5872 6.37359 -18.7307 -25.0217 1.43195 -19.9091 -23.3927 -3.61864 -20.221 -21.7186 -8.86524 -19.6721 -20.094 -13.973 -18.2929 -18.5095 -18.8146 -16.1297 -16.9705 -23.2637 -13.2197 -15.376 -27.5576 -9.29969 -13.8574 -31.2465 -4.77946 -12.3188 -34.2906 0.191672 -10.6408 -36.5023 5.5432 -9.19669 -37.4479 9.91723 -7.64673 -37.6091 14.3538 -6.01544 -36.9727 18.7179 -4.31967 -35.5912 22.8806 -2.46273 -33.4049 26.9261 -0.52505 -30.5391 30.4794 1.48914 -27.0634 33.3875 3.54191 -23.0886 35.5277 5.97346 -17.9015 37.0385 8.37028 -12.5035 37.5057 10.8172 -7.13783 36.9372 13.3653 -2.07938 35.1994 16.079 2.65401 32.0778 18.673 6.63701 27.9644 21.1527 9.90501 23.2015 23.5535 12.2972 17.9075 25.2613 13.2928 13.5889 26.7944 13.4851 9.09768 28.0903 12.8842 4.56803 29.1244 11.5862 0.11782 29.9892 9.36473 -4.84381 30.4823 6.5313 -9.53734 30.5493 3.19473 -13.9149 30.1146 -0.568422 -17.9087 29.1669 -4.4571 -21.2567 27.611 -8.55786 -24.0837 25.3455 -12.715 -26.2778 22.3372 -16.718 -27.7459 17.7097 -21.2347 -28.5743 12.4964 -25.1489 -28.5419 6.91205 -28.4387 -27.8405 -0.232693 -0.243284 -0.279416 -0.289068 -0.499814 -0.497389 -0.458234 -0.394891 -0.637954 -0.582542 -0.51612 -0.441777 -0.634641 -0.558052 -0.485206 -0.413433 -0.592729 -0.515872 -0.504372 -0.607788 -0.47175 -0.717351 -1.03042 -1.46675 -1.27453 -1.58216 -1.69607 -1.65507 -1.6098 -1.51058 -1.34641 -1.13258 -1.42959 -1.26186 -1.07968 -0.87013 -1.2784 -0.673113 0.579346 1.73412 1.98456 2.18036 2.17043 2.06543 1.85536 1.73478 1.60234 1.45885 1.44953 1.35394 1.2557 1.1737 2.4805 2.27025 2.0894 1.9343 2.55596 2.28861 2.0766 1.91201 1.95587 1.73988 1.59418 1.51431 1.02668 0.996257 1.04161 1.17602 0.778667 0.991741 1.20017 1.39377 0.974681 1.13537 1.27963 1.4009 0.555013 0.462004 0.300546 0.0457931 -0.762566 -1.01173 -1.2802 -1.5383 -1.55686 -1.67319 -1.78748 -1.90056 -1.75251 -1.85238 -1.95592 -2.06599 -1.6248 -1.73381 -1.87592 -2.06507 -0.807974 -0.925667 -1.03989 -1.08682 -3.99293
2.95375 -28.5942 -27.2733 -1.27927 -29.2034 -26.1004 -5.45484 -28.923 -24.6338 -9.40108 -27.7635 -22.9761 -13.0056 -25.8462 -21.245 -16.7361 -22.843 -19.2469 -19.9495 -19.2246 -17.3734 -22.6426 -15.1146 -15.7049 -24.7612 -10.5807 -14.3322 -25.9393 -6.85435 -13.5409 -26.6951 -2.97547 -13.0091 -27.0235 0.989389 -12.741 -26.9362 4.9758 -12.7148 -26.3836 9.23889 -12.9129 -25.3401 13.3969 -13.288 -23.7843 17.3777 -13.7892 -21.7313 21.1133 -14.3801 -17.792 26.2704 -15.404 -13.2256 30.8742 -16.4596 -8.14288 34.9614 -17.2493 -2.45959 38.255 -17.3692 3.39091 40.3488 -16.7032 9.4091 41.4489 -15.4276 15.4178 41.7157 -13.7302 21.2812 41.1182 -11.6518 26.2312 39.7419 -9.47212 30.7648 37.5595 -7.05742 34.7858 34.6251 -4.53372 38.2234 31.0013 -2.04398 41.077 26.6656 0.368548 43.1688 21.8469 2.64166 44.3308 16.6961 4.85105 44.3405 11.3898 6.99697 42.9993 5.75653 9.1161 40.4919 0.447127 10.9993 37.0353 -4.31375 12.8456 32.6487 -8.14653 14.8683 28.2808 -10.3134 16.6992 23.5136 -11.3416 18.5275 18.6068 -11.2279 20.27 13.8081 -10.0397 21.9093 8.67443 -7.52008 23.6591 4.01555 -4.10492 25.2071 -0.317198 -0.157308 26.394 -4.48048 4.09408 26.9921 -7.86663 7.80295 26.8625 -11.1337 11.5282 26.0335 -14.2752 15.096 24.4086 -17.2753 18.2961 21.9598 -20.4177 21.237 18.3301 -23.2628 23.3517 13.9561 -25.7162 24.4869 9.01748 -27.6169 24.4397 3.71816 -28.7668 23.1844 -1.40649 -29.2224 20.8384 -6.24888 -29.0664 17.5899 -10.5597 -28.4028 13.613 -14.1519 -27.3345 9.15274 -16.8396 -25.9459 4.33748 -18.6128 -24.3587 -0.660506 -19.4846 -22.696 -5.70968 -19.5111 -20.9733 -10.9073 -18.7063 -19.2909 -15.9337 -17.1138 -17.6516 -20.6732 -14.7726 -16.0722 -25.0094 -11.7175 -14.4543 -29.1795 -7.67535 -12.9355 -32.744 -3.05651 -11.4346 -35.6407 2.01333 -9.86165 -37.6459 7.47694 -8.564 -38.3701 11.9382 -7.22028 -38.2531 16.4429 -5.84981 -37.2872 20.8362 -4.46041 -35.5369 24.9735 -2.96516 -32.9377 28.9235 -1.41493 -29.6608 32.3077 0.204563 -25.8066 34.9753 1.87565 -21.5134 36.8111 3.88793 -16.0472 37.8939 5.91661 -10.4808 37.9071 8.06506 -5.04667 36.9295 10.425 -0.00603091 34.8988 13.0989 4.64237 31.6192 15.8039 8.51041 27.4677 18.4986 11.6731 22.7508 21.2033 14.0133 17.5815 23.213 15.0264 13.399 25.1129 15.2846 9.05371 26.8263 14.783 4.65248 28.3051 13.5991 0.297017 29.6929 11.51 -4.60303 30.6955 8.79053 -9.28275 31.2385 5.52862 -13.6834 31.2235 1.78631 -17.7201 30.6047 -2.12893 -21.1138 29.3051 -6.28414 -23.9903 27.2259 -10.5042 -26.2479 24.338 -14.5636 -27.8003 19.7822 -19.1273 -28.7578 14.5809 -23.0558 -28.8751 8.96541 -26.3312 -28.3862 -0.0320967 -0.0432391 -0.087851 -0.110368 -0.336143 -0.349954 -0.32827 -0.284837 -0.547564 -0.509104 -0.458253 -0.397225 -0.601602 -0.535845 -0.474004 -0.413484 -0.604965 -0.535126 -0.527097 -0.642175 -0.528476 -0.789759 -1.08221 -1.43472 -1.1333 -1.37535 -1.469 -1.43186 -1.39991 -1.31737 -1.17007 -0.969681 -1.27392 -1.10682 -0.919198 -0.692906 -1.07227 -0.47193 0.599381 1.61814 1.89612 2.13606 2.15443 2.07069 1.87822 1.76932 1.64108 1.49415 1.47592 1.36787 1.25383 1.15454 2.44693 2.22816 2.04455 1.89099 2.51682 2.25502 2.04899 1.88988 1.93828 1.72573 1.58202 1.50205 1.01226 0.979153 1.02261 1.15305 0.746256 0.946301 1.13962 1.318 0.883593 1.02892 1.15909 1.26908 0.414458 0.313995 0.144088 -0.119735 -0.934615 -1.18591 -1.45363 -1.70942 -1.7241 -1.83504 -1.94188 -2.04585 -1.88701 -1.97516 -2.06749 -2.16699 -1.71605 -1.81553 -1.9472 -2.12507 -0.856791 -0.966861 -1.07241 -1.10495 -4.20223
5.65535 -25.7247 -30.3867 1.42384 -26.6426 -29.4292 -2.82121 -26.681 -28.1473 -6.90375 -25.8335 -26.6375 -10.6991 -24.2087 -25.0186 -14.7034 -21.5136 -23.1132 -18.2235 -18.1611 -21.2971 -21.2333 -14.2676 -19.6506 -23.6524 -9.89235 -18.2601 -25.0315 -6.24531 -17.4253 -25.9502 -2.41188 -16.8248 -26.3959 1.53411 -16.4638 -26.3781 5.51889 -16.3191 -25.8492 9.78943 -16.354 -24.7811 13.9549 -16.5168 -23.1572 17.9335 -16.7448 -20.9977 21.647 -16.9986 -16.8394 26.7173 -17.4027 -12.0317 31.1808 -17.7566 -6.77336 35.1193 -17.7674 -1.07875 38.3041 -16.999 4.60354 40.349 -15.3909 10.3274 41.4486 -13.1359 15.9806 41.7755 -10.4919 21.4766 41.3414 -7.54894 26.1305 40.214 -4.68216 30.4414 38.3401 -1.67345 34.3525 35.7088 1.31438 37.8246 32.3354 4.09143 40.8706 28.1832 6.59016 43.2779 23.4518 8.73048 44.8146 18.246 10.5472 45.2031 12.7162 11.9727 44.2483 6.70164 12.9404 42.0913 0.942722 13.3934 38.8938 -4.32242 13.6729 34.5968 -8.72435 14.0984 30.1539 -11.3885 14.6363 25.2081 -12.8767 15.3078 20.0702 -13.1473 16.1172 15.038 -12.2534 17.1192 9.692 -9.97241 18.527 4.91936 -6.71813 20.075 0.577674 -2.85813 21.4946 -3.48841 1.40959 22.5037 -6.71671 5.24362 22.8455 -9.78451 9.2123 22.5687 -12.7288 13.1414 21.5049 -15.5678 16.7945 19.547 -18.5831 20.2958 16.3304 -21.3523 22.9626 12.2172 -23.7757 24.5783 7.39911 -25.6812 24.8682 2.10923 -26.8473 23.7582 -3.04514 -27.3184 21.3985 -7.87941 -27.1816 18.0291 -12.097 -26.5532 13.8749 -15.4894 -25.5464 9.23085 -17.8722 -24.255 4.26437 -19.2598 -22.8063 -0.829182 -19.7249 -21.323 -5.92273 -19.3859 -19.8227 -11.1343 -18.2818 -18.3864 -16.1668 -16.4811 -17.0013 -20.9298 -14.0263 -15.6665 -25.3389 -10.9588 -14.286 -29.6772 -7.00657 -12.9691 -33.5003 -2.5349 -11.6444 -36.6997 2.40027 -10.2336 -38.9926 7.79457 -9.05821 -39.8961 12.257 -7.83876 -39.8979 16.7985 -6.60371 -38.9761 21.241 -5.37221 -37.1905 25.4132 -4.07929 -34.4774 29.3579 -2.77694 -31.0308 32.6774 -1.455 -26.981 35.2162 -0.129211 -22.4948 36.8625 1.42007 -16.8316 37.6552 2.95635 -11.1176 37.3521 4.6222 -5.5705 36.1049 6.56074 -0.415079 33.9221 8.90386 4.39781 30.6268 11.4068 8.49009 26.5645 14.014 11.9404 22.0026 16.7654 14.6551 17.0454 18.9329 16.0261 13.0478 21.1098 16.7017 8.8809 23.2121 16.6556 4.62217 25.169 15.939 0.354244 27.1912 14.3776 -4.52157 28.8814 12.1431 -9.25981 30.134 9.29432 -13.8003 30.8173 5.86725 -18.0534 30.8233 2.14715 -21.7126 30.0948 -1.91893 -24.9009 28.5166 -6.15895 -27.5009 26.0438 -10.3411 -29.4045 21.8796 -15.1648 -30.7797 16.9612 -19.4146 -31.2783 11.5515 -23.0504 -31.1511 0.167928 0.159525 0.114542 0.0891419 -0.141355 -0.161476 -0.147326 -0.112562 -0.383542 -0.351755 -0.30658 -0.249998 -0.458145 -0.396759 -0.340691 -0.287481 -0.488592 -0.427508 -0.429562 -0.562633 -0.463883 -0.713936 -0.95273 -1.20333 -0.795621 -0.98185 -1.07086 -1.05829 -1.06039 -1.01183 -0.893916 -0.712835 -1.02178 -0.84659 -0.64528 -0.40161 -0.783077 -0.304516 0.408956 1.18705 1.52445 1.89046 1.99655 1.97913 1.84209 1.77306 1.66749 1.52787 1.50904 1.39587 1.26816 1.14839 2.42168 2.19081 2.00144 1.84616 2.47296 2.21387 2.01036 1.85116 1.89563 1.6754 1.52008 1.4238 0.913907 0.862732 0.896893 1.02778 0.626451 0.831849 1.02909 1.20878 0.77219 0.911128 1.03129 1.12935 0.261572 0.147356 -0.0375156 -0.317963 -1.14849 -1.4109 -1.6853 -1.94587 -1.96336 -2.0746 -2.17906 -2.27795 -2.11131 -2.18923 -2.26997 -2.35679 -1.8929 -1.98007 -2.10029 -2.26728 -0.986696 -1.08346 -1.17715 -1.19902 -4.48964
5.76423 -23.4299 -32.8223 1.85855 -25.2164 -31.7182 -2.19954 -26.0923 -30.1594 -6.20731 -25.9979 -28.2637 -9.99759 -25.0123 -26.1833 -14.0341 -22.918 -23.6835 -17.5904 -20.0282 -21.2483 -20.6245 -16.4819 -18.9796 -23.0513 -12.3539 -16.98 -24.4241 -8.83667 -15.6976 -25.3265 -5.08931 -14.6765 -25.7505 -1.1961 -13.9262 -25.7142 2.75922 -13.4223 -25.1827 7.01716 -13.0968 -24.1464 11.19 -12.9177 -22.6007 15.2048 -12.8154 -20.5675 18.9969 -12.7473 -16.6726 24.2872 -12.6757 -12.1683 29.0687 -12.5724 -7.22923 33.381 -12.1584 -1.85409 36.9863 -11.0306 3.55925 39.4881 -9.16173 9.08017 41.0899 -6.7102 14.6069 41.9253 -3.91495 20.0655 41.966 -0.872063 24.7728 41.2137 2.03011 29.2134 39.6572 5.03111 33.3039 37.2744 7.98723 36.9693 34.0735 10.7197 40.1976 30.0226 13.155 42.7502 25.3258 15.201 44.3701 20.0986 16.8787 44.7475 14.5216 18.1098 43.6644 8.49099 18.8041 41.2957 2.79899 18.9204 37.8549 -2.31629 18.7845 33.3197 -6.49318 18.6947 28.7071 -8.91169 18.728 23.6443 -10.1272 18.8568 18.442 -10.1497 19.1074 13.363 -9.08493 19.5502 7.92469 -6.72418 20.3352 2.98786 -3.4864 21.2887 -1.57463 0.289062 22.1221 -5.89875 4.40051 22.5258 -9.3598 8.03695 22.3362 -12.644 11.7477 21.5098 -15.729 15.3651 19.8864 -18.5683 18.6633 17.3767 -21.3784 21.7304 13.5828 -23.7377 23.9382 8.9722 -25.5799 25.0815 3.77635 -26.7669 24.9094 -1.72447 -27.1667 23.4005 -6.89389 -26.8733 20.7083 -11.5657 -26.0592 17.0711 -15.4732 -24.9136 12.7046 -18.4364 -23.5968 7.90622 -20.3074 -22.1959 2.8447 -21.1306 -20.8176 -2.28825 -21.0195 -19.5637 -7.37592 -20.1236 -18.447 -12.5422 -18.4824 -17.4881 -17.4979 -16.2125 -16.5829 -22.1708 -13.3883 -15.6394 -26.5045 -10.0778 -14.5313 -30.8071 -6.00273 -13.3279 -34.6542 -1.51958 -11.9597 -37.931 3.35246 -10.3135 -40.3508 8.62322 -8.80206 -41.3877 12.9535 -7.13068 -41.5476 17.3459 -5.3742 -40.7947 21.6423 -3.61017 -39.1715 25.6877 -1.80666 -36.6053 29.529 -0.113304 -33.2658 32.7808 1.41239 -29.2713 35.2928 2.70509 -24.7824 36.9578 3.89731 -19.0449 37.8305 4.79071 -13.1908 37.651 5.58679 -7.42538 36.5433 6.44906 -1.93444 34.4922 7.45651 3.39295 31.3114 8.51336 8.14026 27.329 9.68785 12.3386 22.8003 11.1418 15.8699 17.8074 12.4845 17.8963 13.7271 14.0049 19.245 9.43437 15.6384 19.8685 5.01835 17.3179 19.7961 0.576217 19.2438 18.9279 -4.50688 21.0529 17.3176 -9.44999 22.622 15.015 -14.1973 23.8155 12.0381 -18.671 24.4782 8.62369 -22.561 24.5496 4.70038 -26.0006 23.8685 0.391334 -28.8637 22.3287 -4.09922 -31.0299 19.2962 -9.61739 -32.7193 15.4211 -14.8013 -33.5012 10.935 -19.531 -33.5721 0.0175535 0.0354755 0.0141654 0.0061736 -0.212138 -0.223631 -0.201683 -0.157871 -0.419193 -0.377997 -0.322867 -0.256268 -0.454574 -0.384214 -0.32011 -0.260168 -0.455681 -0.392555 -0.388722 -0.499361 -0.359429 -0.563244 -0.764551 -0.991395 -0.582632 -0.789423 -0.908434 -0.924112 -0.947707 -0.913112 -0.802821 -0.62365 -0.927575 -0.737891 -0.511011 -0.22693 -0.556282 -0.0455411 0.606632 1.22297 1.41057 1.70901 1.79642 1.77032 1.62496 1.55284 1.45456 1.3342 1.34523 1.27019 1.18905 1.11919 2.43659 2.23788 2.06865 1.92311 2.55204 2.29063 2.08212 1.91517 1.94851 1.71453 1.54476 1.43499 0.913808 0.855771 0.891606 1.03988 0.670966 0.9118 1.14101 1.34289 0.917651 1.05674 1.16636 1.24575 0.353662 0.214647 0.0070342 -0.297823 -1.15593 -1.44469 -1.74088 -2.02264 -2.06111 -2.19111 -2.31332 -2.42737 -2.27333 -2.36028 -2.44628 -2.53508 -2.06967 -2.15189 -2.26359 -2.41642 -1.10862 -1.16197 -1.2134 -1.1999 -4.30963
13.3793 -22.9109 -33.7146 9.98183 -25.4647 -32.4493 6.32309 -27.1795 -30.6223 2.58473 -27.9458 -28.3634 -1.06282 -27.7981 -25.8457 -5.0717 -26.6198 -22.7686 -8.7286 -24.5584 -19.7179 -11.9913 -21.7404 -16.8296 -14.7936 -18.2222 -14.2415 -16.5701 -15.0777 -12.5516 -17.9793 -11.6106 -11.1757 -19.0086 -7.90267 -10.1309 -19.6669 -4.0398 -9.39287 -19.973 0.22143 -8.87644 -19.8545 4.5115 -8.56052 -19.2955 8.77393 -8.36648 -18.3036 12.9596 -8.24567 -16.0607 19.1341 -8.15831 -13.2075 25.0515 -8.08438 -9.775 30.6382 -7.67288 -5.59134 35.5521 -6.44336 -0.975562 39.2219 -4.3739 4.00646 41.8561 -1.67264 9.1995 43.5466 1.36557 14.5192 44.165 4.58657 19.2311 43.624 7.52808 23.7433 42.0306 10.4001 27.9529 39.4804 13.0313 31.796 36.0895 15.2405 35.2712 31.8746 16.9491 38.1339 27.0553 18.1076 40.1538 21.7426 18.7836 41.0681 16.0953 18.9697 40.7173 9.95108 18.5844 39.1592 4.0468 17.727 36.5052 -1.43126 16.7419 32.6438 -6.17651 15.9701 28.4467 -9.23888 15.6061 23.6181 -11.1889 15.5143 18.4684 -11.945 15.7003 13.3007 -11.536 16.2044 7.66497 -9.78879 17.1795 2.51163 -7.00972 18.3979 -2.21679 -3.51699 19.4969 -6.57667 0.532904 20.0925 -9.89689 4.30106 19.9672 -12.8368 8.28162 19.101 -15.3516 12.2548 17.3324 -17.3991 15.9309 14.5878 -19.0955 19.3747 10.4696 -20.1715 21.8546 5.53093 -20.6475 23.1261 0.0670108 -20.4972 22.902 -5.55658 -19.7642 21.1699 -10.6184 -18.5793 18.137 -14.9262 -17.1643 14.1219 -18.2483 -15.7367 9.411 -20.4686 -14.4636 4.35664 -21.5135 -13.3941 -0.850464 -21.4761 -12.564 -6.01619 -20.5352 -12.0008 -11.042 -18.8969 -11.6981 -16.0693 -16.6024 -11.6044 -20.8307 -13.7826 -11.5646 -25.2626 -10.4677 -11.4332 -29.3087 -6.69374 -11.1138 -33.2435 -2.13727 -10.6119 -36.6587 2.80551 -9.90097 -39.4027 8.12639 -8.90045 -41.1232 13.8172 -7.89293 -41.468 18.3973 -6.73057 -40.82 22.9073 -5.49787 -39.1877 27.1414 -4.28199 -36.6715 30.9231 -3.08683 -33.2147 34.2722 -2.02765 -29.1059 36.8394 -1.14774 -24.5242 38.5207 -0.492505 -19.6654 39.2672 -0.0227855 -13.7654 39.003 0.220629 -7.98605 37.7219 0.481892 -2.44928 35.6297 0.981039 2.72786 32.7926 1.82731 7.68926 29.0268 2.92671 12.0793 24.6642 4.29829 15.9493 19.9043 6.09999 19.2008 14.8353 7.82371 21.0662 10.8219 9.82707 22.3071 6.69821 12.0289 22.8786 2.52886 14.3381 22.8058 -1.62093 17.0461 21.9891 -6.34325 19.6778 20.466 -10.9319 22.1005 18.2672 -15.3587 24.1674 15.3947 -19.5749 25.669 12.0611 -23.298 26.5935 8.16799 -26.6473 26.7837 3.79234 -29.4839 26.1183 -0.896946 -31.674 24.1351 -6.8475 -33.451 21.2369 -12.6163 -34.3573 17.679 -18.0768 -34.5167 -0.121266 -0.0664532 -0.0498744 -0.0254825 -0.217796 -0.21032 -0.173998 -0.116892 -0.366468 -0.316529 -0.255157 -0.185542 -0.383895 -0.315401 -0.25252 -0.192721 -0.38916 -0.329445 -0.324715 -0.418529 -0.24543 -0.412135 -0.584378 -0.809552 -0.443432 -0.709982 -0.873532 -0.915073 -0.955659 -0.932577 -0.830028 -0.65972 -0.979044 -0.813904 -0.621477 -0.395224 -0.827676 -0.461874 0.0719259 0.697293 0.999103 1.41355 1.5747 1.60295 1.50487 1.47404 1.41642 1.33828 1.39584 1.37147 1.34081 1.31176 2.65371 2.46686 2.3033 2.15856 2.7822 2.51089 2.29079 2.11142 2.13005 1.87905 1.69268 1.56907 1.03657 0.968245 0.992241 1.12318 0.731116 0.946842 1.14915 1.32482 0.874381 0.989362 1.07731 1.13894 0.232608 0.0820765 -0.136539 -0.451981 -1.31688 -1.60607 -1.89819 -2.17341 -2.20342 -2.32297 -2.43152 -2.52928 -2.35582 -2.42077 -2.48347 -2.54704 -2.05544 -2.11214 -2.19906 -2.32614 -0.985167 -0.999391 -1.01784 -0.973041 -3.90754
16.962 -14.3121 -40.3569 14.0597 -17.5469 -39.4745 10.8861 -20.1309 -37.7671 7.60474 -21.8846 -35.3542 4.38195 -22.7655 -32.4382 0.833593 -22.767 -28.6517 -2.40614 -21.8046 -24.7139 -5.32203 -19.9621 -20.8368 -7.8897 -17.2535 -17.2314 -9.58784 -14.5939 -14.7937 -11.0164 -11.4884 -12.7407 -12.1647 -8.03069 -11.1206 -13.0398 -4.32944 -9.92287 -13.6892 -0.169261 -9.03436 -14.0308 4.08084 -8.45273 -14.0516 8.36748 -8.07521 -13.7523 12.6537 -7.83596 -12.7454 19.1437 -7.67235 -11.3086 25.5542 -7.61687 -9.27263 31.7751 -7.05517 -6.35834 37.383 -5.2609 -2.83205 41.5873 -2.27021 1.12689 44.5491 1.55211 5.34794 46.3671 5.7869 9.74435 46.8563 10.2014 13.6363 45.9364 14.0942 17.3009 43.7873 17.7134 20.6633 40.6537 20.8793 23.7322 36.7705 23.458 26.5488 32.187 25.4127 28.9122 27.1339 26.6946 30.6231 21.7156 27.385 31.4888 16.059 27.5106 31.4204 9.91283 27.0169 30.403 3.91643 26.0012 28.3764 -1.76832 24.7362 25.0883 -6.83071 23.4777 21.2703 -10.2398 22.5147 16.6931 -12.573 21.6596 11.6565 -13.6786 20.9266 6.48073 -13.51 20.3706 0.743469 -11.8629 20.0027 -4.5144 -9.02046 19.8021 -9.21902 -5.34895 19.4127 -13.26 -1.05143 18.4296 -15.9465 2.92163 16.9342 -17.8241 7.0305 14.7365 -18.8028 10.9809 11.7912 -18.873 14.4359 8.14476 -17.9642 17.3935 3.44107 -16.2076 19.1867 -1.59847 -13.7969 19.6516 -6.66512 -10.881 18.5875 -11.3623 -7.88172 16.1165 -15.1117 -4.97944 12.4822 -17.8556 -2.41457 8.04235 -19.5495 -0.364043 3.09565 -20.2464 1.05102 -2.02316 -20.0128 1.86951 -7.17126 -18.9705 2.17627 -12.2094 -17.3025 2.06624 -17.091 -15.2007 1.59043 -21.9903 -12.6705 0.859197 -26.6553 -9.78362 0.0472316 -30.9928 -6.4434 -0.664122 -34.8943 -2.58294 -1.21524 -38.5674 2.16585 -1.55118 -41.5938 7.36917 -1.72763 -43.7883 12.9816 -1.74803 -44.7268 18.9368 -1.64801 -44.2777 23.6165 -1.47257 -42.7219 28.0504 -1.2808 -40.1575 31.9872 -1.13394 -36.7775 35.253 -1.067 -32.5608 37.8625 -1.10277 -27.9015 39.5604 -1.24769 -23.0044 40.33 -1.51477 -18.054 40.203 -1.98814 -12.2696 39.0126 -2.52147 -6.73641 36.963 -2.88108 -1.45888 34.2948 -2.83131 3.54931 31.1298 -2.25067 8.50097 27.3013 -1.22152 13.0538 23.091 0.216466 17.2118 18.6014 2.19052 20.8599 13.8783 4.12053 23.1115 10.1684 6.39751 24.8165 6.36489 8.93043 25.9206 2.50177 11.6107 26.4289 -1.3862 14.7784 26.3229 -5.88673 17.8842 25.5353 -10.3627 20.7833 24.0933 -14.8143 23.3183 21.995 -19.2269 25.2554 19.3936 -23.3146 26.621 16.1929 -27.203 27.276 12.4135 -30.7408 27.102 8.16776 -33.7693 25.746 2.51884 -36.7275 23.4702 -3.20011 -38.8757 20.5592 -8.87704 -40.217 -0.615547 -0.55766 -0.528929 -0.486883 -0.657548 -0.625816 -0.563087 -0.475596 -0.694405 -0.6163 -0.527197 -0.432138 -0.607975 -0.520773 -0.442553 -0.37034 -0.555333 -0.484436 -0.483925 -0.586677 -0.415562 -0.571382 -0.720337 -0.910895 -0.499588 -0.713548 -0.817069 -0.801026 -0.79963 -0.753849 -0.640835 -0.466944 -0.791969 -0.644702 -0.472526 -0.258995 -0.706758 -0.38186 0.0659933 0.567488 0.740106 1.07761 1.22378 1.27247 1.2094 1.22377 1.22853 1.22701 1.37218 1.44517 1.52391 1.60938 3.0503 2.93724 2.82723 2.71954 3.36239 3.0929 2.86262 2.66632 2.66231 2.38402 2.17131 2.0279 1.48169 1.40001 1.40285 1.49724 1.05604 1.22006 1.36917 1.49541 0.999883 1.07389 1.12565 1.15654 0.223276 0.0495853 -0.189828 -0.525013 -1.40681 -1.70764 -2.00645 -2.28505 -2.3157 -2.43436 -2.54093 -2.63604 -2.45979 -2.52251 -2.58389 -2.64681 -2.15549 -2.21434 -2.30612 -2.44 -1.10652 -1.12809 -1.1588 -1.13137 -3.5804
19.9056 -2.2716 -44.9585 18.1835 -6.31208 -44.3472 16.2106 -9.95173 -42.758 14.0736 -12.9589 -40.2973 11.8824 -15.2221 -37.1761 9.35916 -16.9218 -32.9722 6.92626 -17.6672 -28.4496 4.56269 -17.4732 -23.8339 2.23525 -16.2783 -19.3525 0.472946 -14.6348 -16.1755 -1.24156 -12.3857 -13.3646 -2.88043 -9.6146 -11.0121 -4.41983 -6.44348 -9.14828 -5.9473 -2.70969 -7.65036 -7.31242 1.23423 -6.60148 -8.49484 5.31617 -5.92486 -9.49075 9.48809 -5.57662 -10.6893 15.9474 -5.6136 -11.5884 22.4435 -6.00649 -12.0355 28.9964 -5.86601 -11.6383 35.3325 -4.17603 -10.3259 40.5273 -0.959537 -8.30188 44.6179 3.30968 -5.77155 47.568 8.20356 -2.81417 49.0378 13.5091 0.0567518 48.7516 18.2865 2.95055 47.0021 22.7263 5.73897 44.105 26.5966 8.37262 40.3572 29.785 10.8599 35.8417 32.2721 13.0263 30.8184 33.9561 14.7268 25.4307 34.8743 15.8393 19.8184 35.0373 16.3547 13.7083 34.3851 16.1971 7.70098 33.0027 15.2325 1.92774 31.0629 13.1588 -3.35632 28.6542 10.4352 -7.10594 26.2775 6.94909 -9.92653 23.6284 2.93299 -11.628 20.7819 -1.35982 -12.1061 17.8717 -6.31067 -11.1965 14.6427 -10.9665 -9.03612 11.5734 -15.0297 -5.96579 8.43839 -18.1252 -2.18262 4.99304 -19.6663 1.39768 1.82375 -20.0612 5.11267 -1.53498 -19.2268 8.64146 -5.01197 -17.1863 11.6563 -8.47396 -13.6792 14.1584 -12.0985 -9.27121 15.6086 -15.2868 -4.33021 15.8623 -17.9738 0.79607 14.7002 -19.9908 5.49448 12.2498 -21.03 9.64382 8.79452 -21.0947 13.064 4.68383 -20.3432 15.6426 0.132453 -19.0031 17.2673 -4.61719 -17.2537 17.9957 -9.44937 -15.1612 17.9608 -14.2168 -12.8096 17.3223 -18.8537 -10.2896 16.1391 -23.5112 -7.5439 14.5289 -27.9366 -4.6364 12.6072 -32.0275 -1.44222 10.4942 -35.6735 2.14565 8.0743 -39.0681 6.50082 5.57158 -41.8304 11.2392 2.99148 -43.7962 16.3211 0.373663 -44.5742 21.6958 -1.61966 -44.0675 25.9244 -3.49543 -42.512 29.946 -5.20182 -39.9893 33.5287 -6.70833 -36.6715 36.5009 -8.05622 -32.5231 38.8604 -9.13515 -27.9192 40.3552 -9.93585 -23.0604 40.9427 -10.4721 -18.1405 40.6252 -10.8091 -12.4053 39.1778 -10.8553 -6.95234 36.8617 -10.5769 -1.7869 33.9735 -9.89399 3.0884 30.6771 -8.71024 7.896 26.8042 -7.14653 12.3278 22.6295 -5.26686 16.4522 18.2741 -3.0074 20.2706 13.8212 -0.986961 22.8685 10.3967 1.2936 25.144 6.90676 3.78196 27.0472 3.33686 6.40939 28.5651 -0.317091 9.54817 29.8489 -4.65304 12.6985 30.6114 -9.10216 15.7433 30.7865 -13.6847 18.5396 30.283 -18.3992 20.8445 29.1063 -22.9305 22.7216 27.1766 -27.4005 24.0585 24.4194 -31.6242 24.7209 20.8598 -35.3817 24.5366 15.5889 -39.2136 23.4927 9.86402 -42.1523 21.932 3.8799 -44.2151 -0.496658 -0.381601 -0.292735 -0.19473 -0.313975 -0.238664 -0.140988 -0.0232634 -0.217927 -0.121754 -0.0181844 0.0880119 -0.0782137 0.0195877 0.112417 0.203144 0.0429446 0.138542 0.178303 0.142476 0.412556 0.366563 0.32207 0.239518 0.761634 0.638173 0.602257 0.671741 0.719743 0.808881 0.965104 1.18229 0.897266 1.07624 1.27484 1.50895 1.04525 1.27759 1.53013 1.76453 1.6565 1.78024 1.79944 1.76462 1.62853 1.57161 1.50584 1.44022 1.5219 1.52782 1.54299 1.56631 2.94868 2.7729 2.59178 2.40716 2.96867 2.61304 2.29536 2.01764 1.94048 1.59566 1.31991 1.11479 0.507219 0.366607 0.308079 0.327476 -0.188101 -0.0800969 0.0324565 0.143571 -0.349246 -0.258638 -0.180444 -0.116254 -1.00868 -1.13773 -1.33547 -1.63183 -2.47575 -2.74026 -3.00584 -3.25323 -3.25683 -3.35232 -3.43616 -3.50915 -3.30947 -3.34743 -3.38556 -3.42782 -2.91869 -2.9621 -3.04093 -3.16397 -1.81667 -1.81459 -1.81105 -1.73521 -4.24603
27.484 4.13565 -45.4111 26.9934 -0.262629 -45.1291 26.2201 -4.4519 -43.8974 25.1824 -8.19751 -41.7623 23.9398 -11.3369 -38.8874 22.3109 -14.1524 -34.8441 20.5431 -16.0313 -30.3415 18.6185 -16.9267 -25.6063 16.4936 -16.7107 -20.877 14.7208 -15.6967 -17.4523 12.8671 -13.9474 -14.3859 10.9846 -11.5502 -11.815 9.11646 -8.6554 -9.80775 7.13694 -5.15834 -8.26824 5.18287 -1.44376 -7.31881 3.22764 2.36696 -6.9024 1.25177 6.18882 -6.98645 -1.80039 11.9185 -7.9939 -4.88873 17.4905 -9.59875 -8.08742 23.1174 -10.7243 -11.3538 28.7894 -10.1596 -14.2477 33.7691 -7.73436 -16.7492 38.0552 -3.93601 -18.7605 41.5504 0.838267 -20.0352 43.9181 6.47958 -20.3325 44.7145 11.9954 -19.8494 44.2084 17.5323 -18.7629 42.5829 22.7596 -17.2315 40.0359 27.4835 -15.3077 36.6207 31.6546 -13.1693 32.5296 35.0388 -11.025 27.8671 37.5736 -9.07728 22.7345 39.1937 -7.31927 16.8653 39.8905 -5.93656 10.8637 39.5867 -5.01162 4.90087 38.3166 -4.75234 -0.787134 35.9496 -5.16618 -5.07192 33.0177 -6.11452 -8.60024 29.3058 -7.4629 -11.1537 24.9714 -9.07816 -12.5838 20.2309 -11.1165 -12.8264 14.6139 -13.1229 -11.8434 9.06662 -14.7383 -9.98349 3.61721 -15.5436 -7.42142 -1.72615 -15.3575 -4.81622 -6.01757 -14.2828 -1.97459 -10.0186 -12.2396 0.822572 -13.6572 -9.21176 3.29132 -16.8156 -4.82827 5.45634 -19.6076 0.250804 6.87324 -21.5807 5.72364 7.35512 -22.811 11.2905 6.62243 -23.2241 16.3186 4.72958 -22.6807 20.6991 1.92995 -21.2203 24.2762 -1.48978 -19.0594 26.9609 -5.3782 -16.4455 28.6319 -9.54239 -13.5948 29.3154 -13.8637 -10.5752 29.1091 -18.1786 -7.47704 28.1527 -22.3943 -4.38314 26.4725 -26.6188 -1.22698 24.164 -30.5977 1.85039 21.2701 -34.2191 4.87396 17.8365 -37.3732 7.85604 13.5743 -40.2141 11.0357 8.89669 -42.4268 14.1292 3.90083 -43.9088 17.161 -1.33204 -44.3713 20.1189 -5.46501 -43.7956 22.2866 -9.48999 -42.3298 24.2263 -13.2511 -40.0192 25.847 -16.6176 -36.9821 27.0938 -19.6327 -33.1448 27.9757 -22.0081 -28.8115 28.3934 -23.666 -24.1381 28.3232 -24.5659 -19.294 27.759 -24.6989 -13.507 26.4966 -24.0092 -7.88649 24.7542 -22.6942 -2.49045 22.6915 -20.833 2.64347 20.3937 -18.2986 7.74449 17.7346 -15.3153 12.4888 14.8877 -12.0606 16.9557 11.8931 -8.6239 21.1778 8.75046 -5.89619 24.1467 6.23963 -3.05249 26.8601 3.5733 -0.111843 29.2606 0.718765 2.88729 31.3177 -2.3361 6.38678 33.2577 -6.11637 9.86968 34.6856 -10.1328 13.2798 35.5 -14.3764 16.5213 35.5663 -18.8248 19.3415 34.8424 -23.1551 21.8495 33.2893 -27.4594 23.985 30.8478 -31.5468 25.6568 27.5305 -35.2114 26.9928 22.4092 -39.0177 27.6072 16.6662 -42.0411 27.7476 10.5554 -44.308 1.66496 1.81378 1.92244 2.0244 1.89327 1.94087 2.00015 2.07263 1.83464 1.89152 1.95508 2.02184 1.8168 1.87843 1.93953 2.00085 1.80247 1.85522 1.8815 1.88357 2.22789 2.26399 2.31137 2.3618 3.04853 3.06154 3.09771 3.17488 3.18396 3.20085 3.26538 3.38242 2.98866 3.05199 3.13661 3.25043 2.64286 2.69395 2.72247 2.71623 2.36539 2.27752 2.13419 1.96702 1.72245 1.57634 1.4346 1.30803 1.33908 1.30461 1.29381 1.30507 2.68336 2.50088 2.30503 2.09887 2.63365 2.24449 1.88418 1.55515 1.41806 1.00223 0.638589 0.323979 -0.415071 -0.69925 -0.909047 -1.0603 -1.74288 -1.77843 -1.79545 -1.79491 -2.38193 -2.36987 -2.3536 -2.33554 -3.26222 -3.41363 -3.62399 -3.9267 -4.77274 -5.03752 -5.30351 -5.55105 -5.55351 -5.64766 -5.7304 -5.80333 -5.60519 -5.64615 -5.68769 -5.73298 -5.22557 -5.26771 -5.33943 -5.44717 -4.07371 -4.03743 -3.9956 -3.87007 -8.48997
28.6373 9.39495 -45.9591 29.6354 5.23216 -44.8014 30.1929 1.26346 -42.903 30.2707 -2.35403 -40.3392 29.8989 -5.52093 -37.2574 28.9769 -8.61013 -33.191 27.6116 -11.0435 -28.8156 25.8142 -12.8018 -24.2762 23.5437 -13.7988 -19.7178 21.4599 -13.9672 -16.3224 19.1127 -13.5848 -13.1217 16.5597 -12.6697 -10.1986 13.8678 -11.2819 -7.60484 10.872 -9.34061 -5.20173 7.83313 -7.02336 -3.22339 4.79268 -4.39268 -1.68925 1.79103 -1.50203 -0.615655 -2.64122 3.28158 0.180635 -6.91004 8.27319 0.332993 -11.1861 13.2583 0.492739 -15.6044 18.0682 1.20426 -19.9166 22.3989 2.51047 -24.2912 26.4561 4.37036 -28.7203 30.0648 6.90343 -33.1213 32.8387 10.3665 -36.8281 34.2956 14.2761 -40.1187 34.6746 18.7679 -42.8222 33.958 23.5975 -44.7763 32.1371 28.4979 -45.8815 29.1962 33.2824 -46.0455 25.3657 37.5324 -45.2539 20.8762 40.9938 -43.4874 15.9863 43.3875 -40.6272 10.6518 44.5648 -37.1007 5.59613 44.396 -33.1885 1.00715 43.1076 -29.0529 -2.90255 40.7338 -25.5271 -5.44292 37.8628 -22.1264 -7.16042 34.3114 -18.9646 -8.05789 30.271 -16.1036 -8.20477 25.9212 -13.2115 -7.5729 20.7249 -10.6466 -6.32038 15.4696 -8.18657 -4.75087 10.2494 -5.59831 -3.11387 5.11256 -3.20766 -1.8116 0.890234 -0.548574 -0.683158 -3.22012 2.44764 0.126699 -7.17053 5.81531 0.475312 -10.8822 9.98719 0.220435 -14.6543 14.4607 -0.757793 -17.9299 19.0889 -2.52814 -20.6026 23.6805 -5.17803 -22.4983 27.817 -8.52144 -23.4317 31.4767 -12.4921 -23.4602 34.4953 -16.8933 -22.637 36.7341 -21.5368 -21.0288 38.0703 -26.1495 -18.7493 38.508 -30.6052 -15.8832 38.0724 -34.7349 -12.5643 36.819 -38.4074 -8.93092 34.7332 -41.6405 -4.9525 31.9723 -44.2 -0.895802 28.6547 -46.0238 3.14132 24.8864 -47.0468 7.0636 20.4128 -47.2416 11.1004 15.7247 -46.6023 14.8367 10.9515 -45.2682 18.2694 6.18179 -43.2388 21.348 2.53308 -41.1084 23.4121 -0.98411 -38.4926 25.1146 -4.31216 -35.4399 26.4249 -7.4132 -32.0274 27.3472 -10.4082 -28.1153 27.9127 -13.081 -23.9402 28.0528 -15.3764 -19.5555 27.7381 -17.2474 -15.0301 26.954 -18.9177 -9.54883 25.4483 -20.0347 -4.08555 23.4467 -20.6213 1.29417 21.0352 -20.6147 6.50955 18.2243 -19.9256 11.7544 14.8286 -18.6694 16.6659 11.112 -17.0475 21.3006 7.18734 -15.1331 25.6679 3.09161 -13.4514 28.7192 -0.136436 -11.547 31.4871 -3.49358 -9.43105 33.9178 -6.9826 -7.14133 35.9894 -10.5915 -4.3172 37.9386 -14.8956 -1.32935 39.3766 -19.2894 1.82136 40.1996 -23.7275 5.10608 40.2608 -28.1442 8.28771 39.516 -32.2126 11.487 37.9425 -36.0227 14.6559 35.5082 -39.3785 17.6937 32.2358 -42.0788 21.109 27.1977 -44.4139 24.0328 21.538 -45.7996 26.5571 15.5575 -46.4015 1.07562 1.29351 1.4569 1.59428 1.47937 1.52189 1.55667 1.58661 1.29599 1.29741 1.29932 1.30211 1.031 1.02543 1.02278 1.0234 0.753326 0.73577 0.719617 0.703559 1.03931 1.06654 1.10896 1.17622 1.91074 1.98762 2.08599 2.20963 2.24409 2.26136 2.29801 2.35607 1.86976 1.81535 1.76704 1.72141 0.938867 0.823175 0.701487 0.577956 0.153161 0.0626316 -0.0108781 -0.062984 -0.178078 -0.187444 -0.177883 -0.14882 0.0454583 0.182753 0.34265 0.515424 2.04262 2.00465 1.95636 1.89829 2.57815 2.33043 2.1063 1.9041 1.885 1.57802 1.31166 1.08184 0.417217 0.194828 0.0305746 -0.0917718 -0.763335 -0.801165 -0.830798 -0.851751 -1.46842 -1.49318 -1.51903 -1.54709 -2.5264 -2.73284 -2.99349 -3.34316 -4.23573 -4.54506 -4.84996 -5.13192 -5.1631 -5.28076 -5.38504 -5.47622 -5.29323 -5.34545 -5.39294 -5.43728 -4.92016 -4.94248 -4.98144 -5.04139 -3.59954 -3.48122 -3.35462 -3.13191 -7.06939
29.8342 16.3746 -49.8275 31.2001 12.3382 -48.5997 32.0832 8.38247 -46.8004 32.4553 4.62342 -44.4773 32.3057 1.17157 -41.6974 31.4797 -2.34785 -37.9745 29.9946 -5.18397 -33.8905 27.9203 -7.24501 -29.6035 25.3474 -8.47932 -25.2693 23.0974 -8.85685 -21.999 20.6619 -8.74428 -18.8437 18.0896 -8.1599 -15.8535 15.4272 -7.13006 -13.0693 12.4913 -5.56839 -10.338 9.50538 -3.62429 -7.92479 6.50119 -1.37601 -5.81793 3.50374 1.1079 -3.98372 -1.03183 5.23631 -1.62833 -5.51974 9.59998 0.366688 -9.98945 14.0571 2.18857 -14.4846 18.481 4.02844 -18.8227 22.5382 5.9719 -23.245 26.316 8.25857 -27.7576 29.6447 11.0178 -32.3187 32.3186 14.35 -36.3445 33.9525 17.853 -40.1913 34.6941 21.828 -43.6758 34.3825 26.1764 -46.5757 32.9111 30.7122 -48.7007 30.188 35.2763 -49.7554 26.3635 39.4022 -49.618 21.7124 42.7354 -48.2939 16.6201 44.9887 -45.6951 11.125 46.0247 -42.167 6.08515 45.6051 -38.0462 1.83719 43.8737 -33.645 -1.44945 41.0717 -29.8909 -3.46256 38.0748 -26.2057 -4.8212 34.6543 -22.6443 -5.60881 30.9363 -19.2268 -5.92685 27.0188 -15.4734 -5.84666 22.3635 -11.862 -5.45442 17.6129 -8.31906 -4.90204 12.8266 -4.7627 -4.33844 8.05165 -1.70113 -3.97127 4.08542 1.47246 -3.79093 0.195073 4.79412 -3.8891 -3.57267 8.28596 -4.35827 -7.15399 12.4013 -5.43087 -10.8434 16.675 -7.19605 -14.0556 20.941 -9.74245 -16.7043 25.0624 -13.0338 -18.6741 28.739 -16.8167 -19.828 32.0042 -21.1026 -20.1896 34.7213 -25.7452 -19.7174 36.7688 -30.5674 -18.4076 38.0365 -35.2967 -16.3376 38.5039 -39.8117 -13.5707 38.1522 -43.924 -10.2204 37.0033 -47.4675 -6.42794 35.0247 -50.4103 -2.17873 32.3503 -52.4906 2.19739 29.1073 -53.6554 6.52831 25.4354 -53.8985 10.6622 21.1112 -53.154 14.7966 16.6159 -51.4406 18.4302 12.099 -48.8676 21.4838 7.68518 -45.5576 23.9144 4.37904 -42.5468 25.3691 1.2329 -39.2194 26.438 -1.72438 -35.6295 27.13 -4.47074 -31.8266 27.4585 -7.1206 -27.6348 27.4288 -9.50394 -23.3037 27.034 -11.6112 -18.8755 26.296 -13.4358 -14.3874 25.2365 -15.2386 -8.99284 23.5781 -16.6266 -3.6109 21.5263 -17.6023 1.70895 19.1079 -18.1769 6.91585 16.3403 -18.3595 12.2625 13.0397 -18.1137 17.368 9.3809 -17.4497 22.1717 5.38116 -16.3751 26.6095 1.06091 -15.2845 29.6826 -2.39239 -13.9515 32.4851 -5.98789 -12.3739 34.9872 -9.70397 -10.5513 37.1571 -13.5156 -8.1361 39.2137 -18.0143 -5.40375 40.7253 -22.5475 -2.37132 41.6372 -27.0501 0.93329 41.8972 -31.4447 4.27984 41.4991 -35.4286 7.78529 40.4436 -39.1471 11.3865 38.7149 -42.5044 15.0053 36.3167 -45.3996 19.4126 32.4284 -48.2204 23.4986 27.6644 -49.984 27.0436 22.2223 -50.5466 -58.4567 -58.2254 -58.0462 -57.8909 -57.9838 -57.9149 -57.8509 -57.7887 -58.0478 -58.0161 -57.9813 -57.9435 -58.1773 -58.1452 -58.112 -58.0773 -58.3067 -58.2794 -58.2554 -58.2342 -57.8619 -57.7972 -57.7137 -57.5986 -56.81 -56.6734 -56.5068 -56.3066 -56.189 -56.087 -55.9689 -55.8349 -56.2523 -56.2497 -56.2548 -56.2692 -57.0333 -57.1397 -57.2571 -57.3794 -57.8045 -57.8949 -57.9668 -58.0164 -58.1292 -58.1365 -58.1253 -58.0952 -57.9004 -57.7623 -57.6011 -57.4279 -55.8996 -55.9331 -55.9715 -56.0127 -55.3083 -55.5235 -55.7075 -55.8629 -55.8288 -56.0777 -56.2843 -56.4545 -57.059 -57.2232 -57.3348 -57.4096 -58.0434 -58.0523 -58.0573 -58.058 -58.6583 -58.6712 -58.6903 -58.717 -59.7007 -59.9188 -60.1989 -60.5774 -61.5108 -61.8735 -62.2423 -62.5998 -62.7085 -62.9022 -63.0906 -63.2724 -63.1922 -63.3585 -63.5218 -63.6803 -63.2686 -63.3844 -63.5051 -63.6334 -62.2532 -62.1859 -62.0898 -61.874 -6.26688
