Optimization finished after 200 iterations.
NEB Energy: 2.71609
Max NEB Force: 0.888695
Optimization took: 2086 ms
Energies: 
0.775388, 2.71596, 3.33555, 3.33664, 3.44257, 3.51878, 3.50388, 3.36559, 3.3527, 3.32485, 3.32559, 3.36592, 3.39212, 3.39356, 3.34578, 3.42922, 3.4468, 3.68835, 3.89973, 4.6215, 4.9179, 3.69822, 0.587035, 
NEB Forces: 
0, 0.698452, 0.738555, 0.675557, 0.669905, 0.736914, 0.803638, 0.735426, 0.788282, 0.697197, 0.665771, 0.65491, 0.665396, 0.656491, 0.642845, 0.641391, 0.636307, 0.670478, 0.707754, 0.736264, 0.888695, 0.832557, 0, 
Gradients: 
0.426405, 0.63195, 0.720095, 0.668055, 0.663536, 0.683695, 0.694861, 0.669847, 0.66705, 0.646985, 0.640435, 0.641222, 0.643871, 0.643406, 0.633798, 0.636272, 0.635459, 0.669034, 0.708374, 0.737992, 0.888787, 0.832291, 1.44449e-05, 
Spring Forces: 
0, 0.000255702, 9.1472e-05, 0.000154471, 0.000191772, 0.00014748, 7.90856e-05, 7.42345e-05, 3.53931e-05, 9.08808e-06, 1.22509e-05, 1.43978e-05, 2.50121e-05, 6.53131e-05, 6.46566e-05, 0.000120026, 0.000183069, 0.000235601, 0.000256757, 0.00021652, 0.000158558, 0.00678784, 0, 
Bend Energies: 
0.585848, 2.35751, 2.5378, 2.60798, 2.62084, 2.48379, 2.34348, 2.25857, 2.32737, 2.40782, 2.40938, 2.46948, 2.48835, 2.54604, 2.58713, 2.7393, 2.77747, 2.99655, 3.15471, 3.07287, 2.91147, 2.27954, 0.587035, 
Twist Energies: 
0.189539, 0.331039, 0.770577, 0.700806, 0.793692, 1.00725, 1.13282, 1.07941, 0.997479, 0.88902, 0.888288, 0.868474, 0.875785, 0.81936, 0.730169, 0.660807, 0.639934, 0.662203, 0.715096, 1.51978, 1.97793, 1.38999, 1.47432e-24, 
Stretch Energies: 
8.14212e-07, 0.0274118, 0.0271754, 0.027855, 0.0280452, 0.02774, 0.0275775, 0.0276144, 0.0278468, 0.0280184, 0.0279293, 0.0279612, 0.0279833, 0.028169, 0.0284833, 0.029111, 0.0293977, 0.0296047, 0.0299198, 0.0288416, 0.0285095, 0.0286937, 7.45075e-07, 
