Optimization finished after 324500 iterations.
NEB Energy: 0.637053
Max NEB Force: 0.00464441
Optimization took: 16488441 ms
Energies: 
0.587207, 0.636941, 0.678322, 0.6987, 0.70982, 0.690612, 0.659549, 0.635687, 0.651493, 0.669796, 0.670176, 0.683745, 0.68799, 0.701133, 0.710009, 0.745087, 0.75693, 0.810312, 0.8417, 0.845789, 0.826884, 0.610528, 0.587035, 
NEB Forces: 
0, 0.00154227, 0.00227935, 0.00254459, 0.00277638, 0.00215619, 0.00137529, 0.00123685, 0.00135645, 0.00181165, 0.0018154, 0.00208033, 0.00213736, 0.00239282, 0.00249502, 0.00297204, 0.00296019, 0.00322873, 0.00374531, 0.00365537, 0.00464441, 0.00381343, 0, 
Gradients: 
0.000316943, 0.001711, 0.00230888, 0.00254424, 0.00277224, 0.00222465, 0.00151614, 0.00126199, 0.00156284, 0.00186997, 0.00184066, 0.00218293, 0.00216871, 0.00243136, 0.00257804, 0.0030357, 0.00302524, 0.00329262, 0.0037485, 0.00364869, 0.00472067, 0.00191867, 7.20724e-06, 
Spring Forces: 
0, 0.000225236, 4.12201e-05, 0.000148844, 0.000188624, 0.000143489, 7.55223e-05, 7.31425e-05, 5.0679e-05, 1.08698e-05, 7.42448e-06, 1.08343e-05, 2.62077e-05, 6.36053e-05, 6.46512e-05, 0.000124326, 0.000190031, 0.000235409, 0.000253022, 0.000222867, 0.000460099, 0.00329705, 0, 