# num_vectors 23
# vector_size 401
# Iterations: 200, stepsize: 0.029174, max step size: 1.000000, spring constant: 0.000100, global NEB Hessian: false, global NEB Linesearch: true, climbing image: false
-6.44924 -28.129 -26.9532 -8.63498 -24.3047 -26.4405 -10.5849 -20.3945 -25.6826 -12.3002 -16.4332 -24.667 -13.7795 -12.4466 -23.4082 -15.2069 -7.77711 -21.6512 -16.3043 -3.13275 -19.6128 -17.0751 1.45377 -17.3109 -17.5282 5.9487 -14.7576 -17.6651 9.3197 -12.6322 -17.6201 12.6042 -10.3716 -17.3972 15.7867 -7.97957 -17.0001 18.8519 -5.46019 -16.3777 22.011 -2.60514 -15.5559 24.9964 0.383321 -14.5335 27.7897 3.49315 -13.3102 30.371 6.71172 -11.0515 33.8619 11.7985 -8.31946 36.7362 17.0365 -5.1235 38.9088 22.3496 -1.48331 40.2934 27.6406 2.35493 40.7972 32.5468 6.50044 40.4396 37.2099 10.874 39.1683 41.4892 15.3704 36.9616 45.2268 19.3718 34.2037 47.9711 23.2324 30.7463 50.0424 26.8233 26.6729 51.3307 30.0021 22.1052 51.7547 32.6885 17.077 51.2414 34.6624 11.9122 49.7612 35.8208 6.84682 47.3608 36.0969 2.11799 44.1476 35.3977 -2.34062 39.9458 33.7213 -5.90819 35.2038 31.172 -8.41694 30.1808 27.8991 -9.78031 25.1357 24.7058 -10.0199 21.0281 21.2442 -9.44682 17.1789 17.6165 -8.11462 13.6872 13.9089 -6.10764 10.6289 9.60707 -3.14102 7.72056 5.33148 0.330422 5.38951 1.11694 4.13989 3.52106 -3.03849 8.15446 1.97796 -6.50471 11.602 0.820833 -9.97174 15.0617 -0.296901 -13.465 18.4788 -1.46293 -17.0074 21.795 -2.76412 -21.0532 25.3124 -4.48402 -25.1915 28.5003 -6.58415 -29.4026 31.2132 -9.15416 -33.6361 33.28 -12.2372 -37.6008 34.4707 -15.7046 -41.3084 34.7474 -19.621 -44.5677 33.964 -23.8545 -47.1661 32.061 -28.189 -48.8523 29.1345 -32.2939 -49.5149 25.3322 -35.9494 -49.092 20.9065 -38.8637 -47.6226 16.1877 -40.8215 -45.1209 11.3344 -41.7255 -41.855 6.87339 -41.4728 -38.0842 3.04013 -40.1621 -34.042 -0.0365599 -37.9655 -29.5529 -2.49843 -34.7822 -25.1381 -4.10528 -31.0041 -20.8806 -4.98354 -26.8269 -16.8031 -5.29295 -22.3969 -13.7339 -5.25612 -18.8345 -10.7382 -5.05526 -15.2155 -7.77852 -4.76274 -11.5731 -4.81656 -4.45273 -7.93403 -1.64743 -4.18632 -4.12875 1.61252 -4.06754 -0.393366 5.00021 -4.18496 3.22662 8.53441 -4.62997 6.6771 12.9622 -5.70437 10.4642 17.5742 -7.49731 13.7224 22.1948 -10.1143 16.3498 26.648 -13.5363 18.2364 31.0002 -17.9454 19.3003 34.7545 -22.9871 19.3016 37.6954 -28.4329 18.2024 39.6466 -33.9984 16.0274 40.3821 -38.0892 13.7289 40.4479 -41.9357 10.9435 39.8445 -45.4102 7.762 38.6006 -48.401 4.28837 36.4203 -51.1511 0.0476604 33.553 -53.0475 -4.25155 30.132 -54.0435 -8.44746 26.3048 -54.1378 -12.4027 22.4271 -53.4272 -15.8214 18.4179 -51.9987 -18.8405 14.3825 -49.9176 -21.4121 10.4171 -47.2646 -23.5256 5.6575 -43.2541 -25.4655 1.2037 -38.6437 -26.6524 -2.8451 -33.558 -27.1454 1.70241 2.12802 2.34145 2.46242 2.35365 2.39966 2.44391 2.53212 2.34701 2.41828 2.47275 2.54784 2.38108 2.45382 2.50383 2.57174 2.42557 2.4902 2.49105 2.41631 2.5964 2.51155 2.4295 2.24611 2.57697 2.37966 2.29739 2.29053 2.24546 2.21757 2.2412 2.37182 2.09883 2.20984 2.30942 2.52328 2.14497 2.3078 2.38824 2.47077 2.29349 2.37288 2.40115 2.42669 2.37543 2.39417 2.3961 2.37352 2.45894 2.44079 2.32972 2.00836 2.8335 2.44162 2.26598 2.07426 2.54914 2.29705 2.19745 2.13822 2.2621 2.17965 2.19716 2.31699 2.09058 2.20843 2.29734 2.45379 2.10021 2.24153 2.33131 2.47261 2.09933 2.24177 2.34726 2.55596 2.03023 2.23276 2.34051 2.47392 2.20273 2.3653 2.38879 2.33619 2.42145 2.38918 2.35326 2.28308 2.42806 2.35597 2.28778 2.14446 2.4621 2.32269 2.18423 1.85434 2.70681 2.37945 1.51274 3.89577 -0.941249
-9.8772 -27.4268 -25.6767 -11.6793 -23.4153 -25.128 -13.3087 -19.3534 -24.4302 -15.0449 -15.3203 -23.8304 -16.6481 -11.2541 -23.0985 -17.028 -6.47438 -21.123 -17.247 -1.72262 -19.0577 -17.5531 3.04825 -17.0482 -17.7574 7.78835 -14.9549 -17.1839 11.1167 -12.8401 -16.4974 14.3837 -10.6643 -15.864 17.6869 -8.52715 -15.1438 20.9142 -6.30352 -13.8551 23.8909 -3.47982 -12.48 26.7716 -0.597845 -11.1544 29.7207 2.23788 -9.75325 32.5447 5.16325 -6.55868 34.7453 10.4606 -3.3135 36.8172 15.7793 -0.116967 39.0169 21.0761 3.14167 41.0426 26.4045 6.92401 38.9086 30.8937 10.7016 36.5987 35.2992 14.4806 34.4578 39.7879 18.2609 32.1143 44.1729 20.9241 27.4035 45.5249 23.4964 22.5887 46.6706 26.1436 17.8606 47.9934 28.7064 13.0332 49.1065 29.676 7.81084 46.983 30.522 2.65295 44.6583 31.488 -2.56091 42.5121 32.3053 -7.71184 40.162 30.6757 -10.6189 34.9783 28.9333 -13.3178 29.7193 27.3204 -16.2095 24.5219 25.5296 -18.8757 19.2626 22.3311 -17.5883 15.3632 19.079 -16.0167 11.6152 15.8777 -14.6544 7.74355 12.6069 -13.079 4.01345 8.69988 -8.77396 2.6274 4.83781 -4.3646 1.46042 0.9571 -0.00330442 0.180207 -2.92588 4.37063 -1.04891 -6.15955 8.20397 -1.28441 -9.38555 12.0473 -1.45194 -12.5946 15.9059 -1.59042 -15.8548 19.7137 -1.87063 -20.0035 22.9212 -3.90961 -24.1711 26.0346 -6.05311 -28.3096 29.2724 -8.06472 -32.4906 32.3146 -10.2829 -35.5888 32.0874 -14.6956 -38.5171 31.6367 -19.2059 -41.5842 31.4344 -23.6414 -44.5021 30.8907 -28.148 -44.3815 27.1074 -31.8751 -43.9557 23.1756 -35.4221 -43.7769 19.3976 -39.1524 -43.3399 15.4169 -42.6429 -40.0636 10.9667 -42.421 -36.6289 6.66645 -41.8723 -33.3076 2.25191 -41.6037 -29.8899 -2.0588 -41.0308 -26.0162 -3.51849 -36.6533 -22.2163 -4.70939 -32.132 -18.3699 -6.08447 -27.7033 -14.5563 -7.30738 -23.2021 -12.3459 -6.35647 -19.1655 -10.2417 -5.23347 -15.1164 -8.10993 -4.175 -11.0644 -5.93521 -3.12042 -7.03414 -3.30505 -1.94935 -2.99997 -0.646496 -0.762524 1.01095 1.94869 0.49214 5.04269 4.68258 1.55789 9.03692 9.35457 0.329101 12.4604 14.0805 -1.0506 15.7499 18.7531 -2.27266 19.1751 23.4902 -3.70189 22.4272 27.2574 -8.70813 21.9682 30.853 -13.82 21.3319 34.5912 -18.8481 20.8781 38.1867 -23.955 20.2051 38.1501 -27.7981 17.4197 37.8169 -31.5463 14.5266 37.6957 -35.3813 11.7324 37.348 -39.099 8.80206 34.4141 -41.383 4.74797 31.3023 -43.4624 0.716405 28.3081 -45.7011 -3.31895 25.1969 -47.7478 -7.36774 21.0934 -47.0984 -10.5196 16.9345 -46.2609 -13.5524 12.7864 -45.575 -16.6377 8.67036 -44.7376 -19.7286 4.02538 -40.4392 -21.2767 -0.612421 -36.0939 -22.7112 -5.28347 -31.8231 -24.2566 -0.102633 0.0931936 0.298455 0.407817 -0.0814963 0.052655 0.123973 0.193162 -0.156776 -0.087448 -0.0202534 0.0423449 -0.221097 -0.153277 -0.093213 -0.0216194 -0.299528 -0.198889 -0.155977 -0.131238 -0.20815 -0.194178 -0.165055 -0.158199 -0.261121 -0.233291 -0.154283 -0.0524121 -0.352836 -0.233671 -0.148322 -0.0216164 -0.322256 -0.181153 -0.13039 -0.0457746 -0.177285 -0.082017 -0.0849452 -0.0886296 0.0707346 0.0500038 0.0297581 0.0334666 0.0716146 0.0810689 0.123541 0.197933 -0.0237591 0.050535 0.0565664 -0.182498 0.358356 0.145396 0.0223041 -0.21746 0.443518 0.202822 0.0411818 -0.143414 0.329086 0.142779 -0.00263337 -0.0941537 0.0935259 0.0249464 0.00748425 0.106226 -0.100553 -0.00793279 0.0554438 0.186567 -0.124422 0.013134 0.0830275 0.205692 0.00520102 0.129386 0.0709897 -0.141675 0.504815 0.227997 -0.00276519 -0.268346 0.31499 0.117108 -0.0501207 -0.190292 0.266754 0.11027 -0.0240359 -0.234398 0.34698 0.116152 -0.135143 -0.602086 0.679887 0.305206 0.108739 -0.295346 0.0161177
-8.75516 -31.867 -27.479 -11.7973 -28.7854 -26.5336 -14.7316 -25.5606 -25.7372 -17.7762 -22.4366 -24.9537 -20.6489 -19.1974 -24.0068 -21.9484 -14.6277 -21.9275 -23.0065 -10.0216 -19.7925 -24.1983 -5.43488 -17.6865 -25.2235 -0.827636 -15.5379 -24.8055 2.69216 -13.7176 -24.2034 6.18482 -11.8954 -23.6931 9.6959 -10.0819 -23.0314 13.1654 -8.23647 -21.439 16.5709 -6.14838 -19.7025 19.9054 -4.05984 -18.0506 23.2946 -1.99114 -16.2689 26.581 0.135299 -11.8473 29.743 3.81792 -7.34679 32.7863 7.5051 -2.91179 35.9472 11.1729 1.60115 38.9474 14.8805 6.64763 37.8069 18.3799 11.6795 36.4827 21.8353 16.7278 35.3264 25.3268 21.7543 33.976 28.7798 25.1087 29.8651 30.5005 28.3503 25.6162 32.0976 31.6951 21.4903 33.801 34.9099 17.2135 35.377 35.7704 11.6011 34.6812 36.4595 5.98709 33.826 37.3386 0.378866 33.12 37.961 -5.23864 32.2377 34.7388 -9.16072 28.7433 31.3534 -12.8517 25.1529 28.1468 -16.7722 21.6425 24.703 -20.4112 18.0549 20.3355 -19.1448 15.5225 15.9999 -17.4965 13.1603 11.6386 -16.1192 10.6753 7.30029 -14.4905 8.30489 3.73349 -9.70024 8.08116 0.312535 -4.79974 8.04278 -3.16823 0.057251 7.92913 -6.65792 4.90742 7.79962 -9.68261 8.90442 7.51451 -12.712 12.8975 7.22488 -15.7088 16.9207 7.02599 -18.7803 20.8701 6.60969 -22.8096 23.4681 3.66488 -26.8475 25.8909 0.585602 -30.8798 28.4902 -2.35406 -34.9092 30.8592 -5.48568 -37.0847 29.698 -10.2857 -39.0379 28.3249 -15.1253 -41.1662 27.1653 -19.9469 -43.1181 25.732 -24.7693 -42.0989 21.8372 -28.2352 -40.8244 17.8539 -31.511 -39.7405 13.9699 -34.9695 -38.4719 9.94383 -38.1948 -35.1666 5.51945 -37.8965 -31.7632 1.19891 -37.3122 -28.4235 -3.19798 -36.9886 -25.0386 -7.527 -36.3611 -21.8315 -9.65659 -31.7267 -18.7222 -11.5589 -26.9295 -15.5468 -13.6393 -22.2511 -12.4252 -15.5414 -17.4619 -11.09 -14.7372 -13.0287 -9.90032 -13.724 -8.59681 -8.67226 -12.8257 -4.15065 -7.38721 -11.8367 0.260009 -5.64293 -9.84961 4.45182 -3.8782 -7.76552 8.58766 -2.22527 -5.68271 12.7701 -0.316873 -3.68179 16.8831 4.71675 -2.691 19.8389 9.87131 -1.80474 22.6142 14.8892 -0.770349 25.5821 20.0885 0.0374352 28.2971 25.3565 -2.83849 26.4425 30.425 -5.89108 24.3318 35.6547 -8.81431 22.4433 40.7297 -11.8502 20.3247 41.4421 -14.9328 16.7864 41.7989 -18.0222 13.2006 42.399 -21.1249 9.65901 42.7565 -24.1906 6.05307 40.3349 -26.8939 1.91921 37.7037 -29.4984 -2.14964 35.2107 -32.1795 -6.25564 32.5694 -34.7615 -10.3323 28.4358 -35.8253 -13.3286 24.2022 -36.7797 -16.2206 20.0384 -37.8435 -19.175 15.7954 -38.7374 -22.0726 9.65641 -37.0724 -23.4841 3.51612 -35.308 -24.7636 -2.60101 -33.5673 -26.1794 -0.980597 -0.206631 0.202636 0.415497 -0.0842562 0.0893929 0.17747 0.248316 -0.117953 -0.0406345 0.0290626 0.0863199 -0.177933 -0.127007 -0.0964122 -0.0585553 -0.357926 -0.319051 -0.339808 -0.366652 -0.522647 -0.538467 -0.5269 -0.529577 -0.712268 -0.672972 -0.59078 -0.484868 -0.747703 -0.559325 -0.380005 -0.1645 -0.364447 -0.162281 -0.0838372 -0.0198059 0.0663027 0.176033 0.147872 0.129615 0.50828 0.427659 0.401816 0.445514 0.375837 0.411759 0.48229 0.582368 0.25915 0.375918 0.405786 0.185517 0.813217 0.591847 0.475501 0.259911 0.909374 0.677086 0.538727 0.381383 0.809613 0.620072 0.477189 0.396626 0.473649 0.409565 0.382881 0.462361 0.249796 0.333206 0.380766 0.490297 0.216186 0.277411 0.251475 0.287937 0.0996586 0.119492 0.0207037 -0.152419 0.125075 -0.121478 -0.397066 -0.716591 -0.350359 -0.54399 -0.702328 -0.837115 -0.46216 -0.593269 -0.688888 -0.841472 -0.332099 -0.483291 -0.616252 -0.903662 0.11798 -0.138973 0.0702328 0.865587 -1.65702
-6.20685 -34.3062 -26.9246 -9.94661 -32.3048 -25.6396 -13.638 -30.1341 -24.4977 -17.4176 -28.115 -23.3669 -21.0327 -25.8933 -22.0885 -23.0936 -21.6562 -19.9225 -24.8929 -17.3054 -17.749 -26.8527 -13.0234 -15.5778 -28.6173 -8.66124 -13.3986 -28.4703 -4.98768 -11.8625 -28.1007 -1.3077 -10.3791 -27.8562 2.37293 -8.8728 -27.4139 6.04454 -7.38859 -25.777 9.78072 -6.02729 -23.9593 13.4535 -4.72292 -22.2549 17.1753 -3.40473 -20.384 20.8129 -2.07699 -15.3759 24.6236 -0.204787 -10.2744 28.3193 1.64635 -5.25254 32.1276 3.48746 -0.138164 35.7906 5.36871 5.69731 35.4277 7.56613 11.5212 34.8838 9.75694 17.3606 34.5062 11.9412 23.1778 33.9412 14.1443 27.1122 30.3303 15.755 30.9256 26.5649 17.3013 34.8598 22.9439 18.8897 38.6316 19.1398 20.4432 39.4249 13.4989 20.9662 39.9978 7.82299 21.3898 40.8133 2.1818 21.8751 41.3016 -3.50036 22.319 36.9404 -7.77972 21.517 32.3809 -11.8284 20.6255 28.0182 -16.1025 19.8037 23.4174 -20.1073 18.9278 18.4025 -18.876 18.2739 13.4879 -17.2588 17.7043 8.49636 -15.9144 17.0949 3.57685 -14.3238 16.4936 0.21143 -9.38479 16.4968 -2.9587 -4.31871 16.5679 -6.2086 0.69658 16.6368 -9.47154 5.70385 16.6356 -12.3418 9.69917 15.6327 -15.2194 13.6725 14.5658 -18.0654 17.6985 13.6181 -20.9809 21.6131 12.4428 -24.6951 23.6773 8.75489 -28.4053 25.5277 4.95126 -32.1283 27.5739 1.26218 -35.8193 29.3826 -2.5798 -37.378 27.6955 -7.46305 -38.7136 25.8186 -12.3432 -40.2293 24.129 -17.2391 -41.5576 22.2027 -22.1018 -39.9684 18.2838 -25.3171 -38.1465 14.3111 -28.3371 -36.4906 10.4092 -31.5395 -34.6808 6.39425 -34.5104 -31.2307 2.0952 -34.0571 -27.7133 -2.11178 -33.3359 -24.2271 -6.37842 -32.8516 -20.7371 -10.6018 -32.0935 -17.9061 -13.2662 -27.4907 -15.1879 -15.7584 -22.7263 -12.3928 -18.3879 -18.0816 -9.66195 -20.8759 -13.3223 -8.69458 -20.8912 -8.72374 -7.86825 -20.7305 -4.10047 -7.00592 -20.6926 0.518843 -6.08712 -20.5073 5.12365 -4.75428 -18.8552 9.60203 -3.40533 -17.0621 14.021 -2.1693 -15.3594 18.5083 -0.676317 -13.5623 22.8791 3.82963 -10.6658 25.4013 8.45202 -7.75901 27.6905 12.9216 -4.82587 30.2354 17.6096 -1.96141 32.4432 22.9276 -1.33025 29.1596 28.0753 -0.89757 25.5852 33.3655 -0.302418 22.2503 38.5173 0.129367 18.6822 39.6218 -1.67226 14.4321 40.3981 -3.66226 10.1934 41.4029 -5.53299 5.94831 42.1777 -7.50937 1.70303 40.3726 -10.6841 -2.41073 38.3643 -13.8959 -6.39981 36.4953 -17.0965 -10.4649 34.4711 -20.289 -14.4616 30.7987 -22.9873 -16.9969 27.0154 -25.6454 -19.409 23.3318 -28.3698 -21.9 19.5055 -30.9665 -24.311 13.0914 -31.8596 -25.0264 6.64926 -32.6417 -25.6078 0.226429 -33.465 -26.3288 -0.948755 -0.279097 0.0731463 0.282976 -0.176566 -0.0172193 0.0629195 0.128082 -0.244123 -0.169223 -0.107456 -0.0617296 -0.329832 -0.296335 -0.293814 -0.28706 -0.59257 -0.614384 -0.696524 -0.774974 -0.988881 -1.03596 -1.03776 -1.03788 -1.34254 -1.27113 -1.1748 -1.06257 -1.25649 -0.984846 -0.694707 -0.370341 -0.419897 -0.159139 -0.0439458 -0.0105002 0.35306 0.505147 0.46313 0.472401 0.974243 0.87197 0.864049 0.946412 0.809115 0.861491 0.929296 1.00992 0.711456 0.830248 0.871092 0.675526 1.35463 1.12719 1.01218 0.80508 1.45422 1.22709 1.10219 0.963069 1.37055 1.1838 1.05203 0.993834 0.977211 0.924464 0.900664 0.979013 0.711036 0.796716 0.835283 0.926356 0.663195 0.674933 0.590224 0.586303 0.336851 0.270585 0.119569 -0.0625084 -0.112646 -0.401375 -0.756131 -1.14974 -1.05827 -1.24206 -1.37243 -1.48505 -1.21215 -1.29974 -1.34586 -1.43913 -0.988172 -1.0565 -1.08939 -1.27306 -0.353324 -0.49119 -0.224864 0.560704 -1.46119
-2.56332 -35.4682 -27.324 -6.60874 -34.5502 -25.7639 -10.6594 -33.4474 -24.3436 -14.7616 -32.5346 -22.9367 -18.7398 -31.3521 -21.3832 -21.4635 -27.6166 -19.0342 -23.9309 -23.696 -16.7038 -26.568 -19.8989 -14.355 -29.002 -15.9546 -12.0299 -29.2047 -12.2056 -10.6959 -29.1571 -8.41498 -9.46854 -29.2605 -4.64612 -8.17979 -29.1394 -0.84969 -6.97579 -27.6681 3.13434 -6.30191 -25.9934 7.05585 -5.74487 -24.4482 11.0229 -5.13774 -22.7264 14.9219 -4.56533 -17.7761 19.2298 -4.35563 -12.7293 23.4261 -4.18447 -7.77066 27.7269 -4.02381 -2.70912 31.9039 -3.80715 3.37972 32.343 -2.48584 9.4705 32.6126 -1.12848 15.5633 33.0454 0.176733 21.65 33.2924 1.5561 25.8856 30.1379 3.35084 29.994 26.8078 5.12368 34.232 23.6417 6.8921 38.2947 20.2703 8.69191 39.077 14.8234 10.2549 39.6042 9.32669 11.7489 40.3804 3.86099 13.2482 40.8452 -1.62494 14.8012 36.4186 -5.73061 16.0365 31.7902 -9.63468 17.1826 27.3492 -13.7331 18.39 22.7006 -17.6041 19.5653 17.7043 -16.3896 20.3752 12.8062 -14.8396 21.2125 7.83916 -13.537 22.0648 2.9298 -11.9994 22.8569 -0.571413 -7.16283 23.1212 -3.88018 -2.19145 23.3621 -7.26258 2.72708 23.6585 -10.6682 7.63507 23.8423 -13.7562 11.3116 22.3746 -16.8563 14.934 20.8015 -19.9308 18.6356 19.3688 -23.0547 22.1934 17.6987 -26.6138 23.4906 13.5386 -30.1342 24.5481 9.27881 -33.6986 25.8091 5.112 -37.1947 26.8419 0.82626 -38.0707 24.7163 -4.05606 -38.7127 22.4504 -8.91159 -39.5427 20.3308 -13.8046 -40.1786 18.0183 -18.6388 -37.9781 14.2398 -21.6558 -35.5677 10.4419 -24.4821 -33.2965 6.6922 -27.4828 -30.9071 2.84538 -30.2604 -27.3296 -1.34334 -29.7638 -23.7175 -5.46465 -29.0156 -20.112 -9.62509 -28.4832 -16.5259 -13.7634 -27.7043 -13.888 -16.8898 -23.2809 -11.3713 -19.8886 -18.7013 -8.78066 -22.9997 -14.2393 -6.23791 -25.9798 -9.66198 -5.18224 -26.4471 -5.10674 -4.24166 -26.7418 -0.512025 -3.27549 -27.1788 4.066 -2.25393 -27.4148 8.64671 -0.853761 -25.7296 13.092 0.557492 -23.8597 17.4594 1.88586 -22.143 21.9148 3.40147 -20.2237 26.2254 6.94001 -15.9399 28.2705 10.5321 -11.5851 30.0561 14.0329 -7.27654 32.1147 17.6784 -2.93744 33.8291 21.5886 0.0589828 29.9312 25.3669 2.85688 25.7648 29.251 5.83137 21.8242 33.041 8.61371 17.6584 34.0591 7.77405 13.0991 34.8623 6.63282 8.56229 35.8175 5.69862 4.00769 36.615 4.55708 -0.529899 35.6101 1.15016 -4.73032 34.4545 -2.38681 -8.78196 33.4126 -5.85033 -12.9269 32.2313 -9.37151 -16.985 29.4882 -13.1248 -19.3478 26.6392 -16.8847 -21.5711 23.9027 -20.6735 -23.8846 20.9897 -24.384 -26.108 15.1301 -27.2089 -26.4751 9.21477 -29.93 -26.7054 3.32655 -32.6936 -27.0798 -1.06605 -0.421768 -0.0891069 0.115659 -0.285101 -0.148836 -0.0803644 -0.0216259 -0.387543 -0.323242 -0.27897 -0.250285 -0.51635 -0.500309 -0.521506 -0.537833 -0.838138 -0.90894 -1.03599 -1.14795 -1.41719 -1.46787 -1.46066 -1.44006 -1.82528 -1.72363 -1.61399 -1.49777 -1.61633 -1.28453 -0.912505 -0.504224 -0.42371 -0.128801 0.00664693 -0.00384841 0.544706 0.793849 0.751475 0.807279 1.32429 1.22263 1.23165 1.34132 1.13208 1.19642 1.26077 1.32113 1.03595 1.15208 1.18965 0.990451 1.74462 1.50336 1.38518 1.18457 1.84783 1.62717 1.5192 1.40488 1.79188 1.61485 1.49771 1.46099 1.37816 1.33931 1.31579 1.38073 1.12883 1.2087 1.23505 1.31376 1.07087 1.03636 0.909316 0.884841 0.495805 0.3867 0.201869 -0.00254776 -0.280888 -0.60471 -1.0169 -1.46249 -1.55412 -1.73007 -1.83237 -1.9215 -1.73002 -1.77714 -1.78425 -1.83791 -1.42059 -1.42415 -1.38829 -1.51436 -0.602487 -0.684286 -0.408126 0.371102 -1.26135
-0.123149 -32.7842 -24.5389 -4.3075 -32.5858 -23.0921 -8.52576 -32.2337 -21.7795 -12.7555 -32.0827 -20.4657 -16.9272 -31.614 -19.0463 -20.387 -28.2202 -17.2022 -23.6267 -24.5914 -15.4063 -27.0281 -21.1306 -13.5785 -30.2267 -17.4667 -11.781 -30.8726 -13.6276 -10.9327 -31.2325 -9.72642 -10.2065 -31.7775 -5.86033 -9.41158 -32.0534 -1.94993 -8.69847 -30.7118 2.13249 -8.54239 -29.1229 6.12822 -8.49676 -27.6941 10.1831 -8.39767 -26.0605 14.1608 -8.34107 -20.9487 18.2397 -8.92214 -15.7345 22.1822 -9.53596 -10.6139 26.2459 -10.1495 -5.38778 30.1776 -10.7339 0.854558 30.2659 -10.5386 7.09593 30.1842 -10.3114 13.3394 30.2545 -10.145 19.5793 30.1688 -9.88332 23.9317 26.9449 -8.55092 28.1618 23.5637 -7.21432 32.5152 20.3205 -5.93255 36.7002 16.9126 -4.52434 37.7052 11.9298 -1.90014 38.4496 6.91548 0.750801 39.4105 1.89643 3.32207 40.1238 -3.08199 6.04823 36.3553 -6.27098 9.73729 32.3855 -9.28635 13.3607 28.5855 -12.4382 17.0495 24.6281 -15.4652 20.6766 20.0752 -13.9817 22.7181 15.6037 -12.2619 24.7541 11.0905 -10.7335 26.8496 6.59104 -9.00318 28.8133 2.60061 -4.55548 28.9414 -1.25818 0.00868734 28.9244 -5.16579 4.53005 29.0221 -9.08544 9.04179 28.9804 -12.3535 12.2909 26.9876 -15.6083 15.4681 24.8619 -18.863 18.7325 22.8722 -22.1302 21.8485 20.6763 -25.4313 22.8388 16.2289 -28.6693 23.6165 11.6937 -31.9582 24.5792 7.23116 -35.1849 25.3237 2.68232 -36.0457 23.023 -2.12272 -36.6989 20.5866 -6.8935 -37.518 18.2939 -11.7097 -38.1636 15.8065 -16.455 -36.2239 11.7774 -19.323 -34.0878 7.71783 -22.0025 -32.0845 3.70793 -24.854 -29.9628 -0.39142 -27.4838 -26.5843 -4.73102 -26.8971 -23.1604 -8.9947 -26.0664 -19.7533 -13.3076 -25.4475 -16.3528 -17.5834 -24.5838 -13.6443 -20.5685 -20.1058 -11.0393 -23.4084 -15.4745 -8.36959 -26.3758 -10.9616 -5.74453 -29.1955 -6.32939 -4.60791 -29.3303 -1.77167 -3.58822 -29.2726 2.81526 -2.5378 -29.3714 7.39451 -1.44372 -29.2539 11.963 -0.104952 -27.1013 16.2216 1.22944 -24.7592 20.3804 2.49873 -22.5666 24.6399 3.92809 -20.1837 28.7437 7.10023 -15.5121 30.5238 10.3154 -10.7821 32.0559 13.4555 -6.08774 33.8336 16.7165 -1.37318 35.3155 20.4185 2.0959 31.6108 24.0313 5.39288 27.6686 27.7233 8.8421 23.9357 31.3359 12.1261 19.9828 32.4968 11.847 15.389 33.4804 11.2762 10.7806 34.6013 10.9164 6.18241 35.5613 10.3289 1.57134 34.7015 7.28694 -2.93056 33.6839 4.08899 -7.2893 32.783 0.994275 -11.7472 31.7455 -2.20467 -16.1006 29.1927 -6.11982 -18.4135 26.5385 -10.0662 -20.5529 23.9876 -14.016 -22.8085 21.2825 -17.9277 -24.948 15.9553 -21.6785 -24.9125 10.5792 -25.3547 -24.7353 5.22961 -29.0733 -24.6957 -1.06175 -0.448358 -0.141565 0.0514574 -0.313405 -0.2148 -0.169353 -0.12457 -0.531249 -0.476675 -0.43543 -0.417081 -0.7321 -0.726847 -0.75865 -0.790672 -1.13764 -1.23327 -1.39516 -1.54605 -1.81785 -1.90182 -1.90515 -1.88429 -2.40452 -2.25346 -2.13667 -2.02349 -2.00821 -1.61488 -1.13601 -0.607185 -0.365802 -0.0309866 0.099041 -0.0618173 0.793114 1.23496 1.15236 1.26395 1.48469 1.47466 1.51889 1.62917 1.4093 1.46206 1.50092 1.52507 1.29761 1.39615 1.43112 1.24478 2.00473 1.75595 1.63408 1.43327 2.05897 1.83235 1.7161 1.59168 1.95759 1.77548 1.64971 1.59663 1.53895 1.49302 1.4647 1.52533 1.29698 1.37371 1.40059 1.48277 1.22158 1.1709 1.02816 0.989844 0.537662 0.439531 0.271201 0.082705 -0.244969 -0.573837 -1.00742 -1.4787 -1.61595 -1.80293 -1.91283 -2.00945 -1.83425 -1.87868 -1.87485 -1.90924 -1.52157 -1.49087 -1.41465 -1.50654 -0.628185 -0.685409 -0.423534 0.327078 -1.14369
-0.678376 -29.7193 -22.9721 -4.90618 -29.5619 -21.6523 -9.16523 -29.2705 -20.4623 -13.4294 -29.1716 -19.2597 -17.6524 -28.7585 -17.9817 -21.3556 -25.4482 -16.493 -24.86 -21.9046 -15.0612 -28.5178 -18.5351 -13.5932 -31.9767 -14.9484 -12.1587 -32.793 -11.0901 -11.5913 -33.3136 -7.16542 -11.1422 -34.0353 -3.28113 -10.6254 -34.4588 0.656527 -10.1887 -33.0976 4.73367 -10.3078 -31.4633 8.70505 -10.5296 -30.0106 12.7493 -10.6944 -28.328 16.7007 -10.9143 -22.9723 20.3474 -11.9741 -17.5142 23.83 -13.0643 -12.1456 27.4513 -14.1479 -6.68244 30.9329 -15.2178 -0.469899 30.4968 -15.694 5.73079 29.8931 -16.1414 11.9379 29.4246 -16.6566 18.1432 28.836 -17.0575 22.5732 25.726 -15.7097 26.8918 22.4817 -14.318 31.3169 19.3413 -13.0256 35.6002 16.0926 -11.5387 37.0811 11.9705 -7.85902 38.3185 7.85005 -4.08849 39.7422 3.6921 -0.426396 40.9687 -0.383571 3.39604 38.0165 -2.5844 8.33795 34.864 -4.65823 13.2107 31.8792 -6.81639 18.1519 28.7426 -8.91119 23.0259 24.3018 -7.66489 25.4392 19.8916 -6.21392 27.7933 15.4859 -4.92236 30.2466 11.0389 -3.47056 32.5298 6.22745 0.0685906 32.3143 1.48881 3.68801 31.9048 -3.28458 7.27477 31.6369 -8.04475 10.8636 31.2098 -11.5123 13.4917 28.7044 -14.914 16.0571 26.0482 -18.3546 18.6983 23.5197 -21.7614 21.2087 20.8181 -24.6754 21.9762 16.0666 -27.4933 22.5784 11.2338 -30.3676 23.3394 6.45707 -33.1963 23.8935 1.62498 -34.0976 21.4767 -3.11523 -34.8265 18.9208 -7.81197 -35.6883 16.5214 -12.5684 -36.4152 13.8987 -17.2283 -35.0349 9.39738 -19.6889 -33.4832 4.83941 -21.9338 -32.0539 0.342397 -24.3745 -30.5062 -4.24349 -26.5645 -27.68 -8.82428 -25.2919 -24.7997 -13.2925 -23.7651 -21.9506 -17.8472 -22.45 -19.0842 -22.3167 -20.9012 -16.4135 -24.6877 -16.0488 -13.8095 -26.8688 -11.0728 -11.1676 -29.204 -6.18741 -8.54567 -31.3744 -1.21615 -7.06848 -30.8649 3.21571 -5.67505 -30.156 7.64729 -4.26558 -29.5971 12.0952 -2.80867 -28.8416 16.4985 -1.06068 -26.2453 20.3411 0.684309 -23.4838 24.0682 2.37428 -20.8429 27.9064 4.20091 -18.0551 31.5745 7.57145 -13.3606 32.8618 10.9694 -8.62896 33.9212 14.3105 -3.91172 35.2032 17.7489 0.800746 36.2169 21.4523 4.15051 32.4053 25.0702 7.34572 28.3847 28.7669 10.6803 24.5535 32.38 13.8584 20.5153 33.5221 13.6383 15.9135 34.4908 13.1437 11.2932 35.5991 12.8515 6.68717 36.5352 12.3339 2.06285 35.5413 9.39779 -2.48154 34.3823 6.30666 -6.88183 33.3467 3.32123 -11.3847 32.1658 0.225654 -15.7761 29.416 -3.61206 -17.9909 26.5632 -7.47855 -20.0175 23.8104 -11.3496 -22.1699 20.9145 -15.1823 -24.1998 15.5357 -18.851 -23.9603 10.1167 -22.4478 -23.5794 4.7216 -26.0917 -23.3288 -1.06129 -0.462333 -0.167259 0.0197508 -0.334235 -0.254487 -0.22222 -0.185673 -0.61757 -0.567671 -0.525638 -0.511641 -0.860043 -0.864879 -0.908647 -0.956134 -1.337 -1.44521 -1.62335 -1.7907 -2.0532 -2.14745 -2.15268 -2.16644 -2.66113 -2.50271 -2.40063 -2.29818 -2.14673 -1.70211 -1.12876 -0.501508 -0.115004 0.218785 0.316648 0.0768778 0.856338 1.46945 1.45129 1.60058 1.61214 1.65584 1.70446 1.78424 1.59393 1.61336 1.60997 1.58641 1.4353 1.51525 1.55363 1.39167 2.15237 1.90079 1.78107 1.58697 2.13801 1.90376 1.77069 1.62578 1.93989 1.74371 1.59797 1.51397 1.48254 1.43278 1.40615 1.46604 1.28454 1.36478 1.39754 1.48887 1.22635 1.1755 1.0323 0.993401 0.511962 0.425606 0.270083 0.0938232 -0.243636 -0.559843 -0.985303 -1.45187 -1.58453 -1.77232 -1.88467 -1.98406 -1.8085 -1.85463 -1.8503 -1.88188 -1.49988 -1.46803 -1.38852 -1.47711 -0.614977 -0.674851 -0.424406 0.308692 -1.13436
-0.901902 -28.8767 -25.656 -5.13446 -28.7595 -24.3472 -9.39655 -28.5003 -23.1607 -13.6657 -28.4288 -21.9739 -17.8911 -28.0602 -20.69 -21.6152 -24.886 -18.9742 -25.1472 -21.4814 -17.2943 -28.827 -18.2512 -15.5877 -32.3145 -14.7999 -13.9107 -33.2025 -10.9909 -13.1506 -33.8014 -7.10403 -12.5105 -34.5983 -3.26635 -11.7945 -35.0991 0.638678 -11.182 -33.8289 4.74618 -11.2553 -32.2847 8.75463 -11.4547 -30.9226 12.8316 -11.579 -29.3313 16.8215 -11.7848 -24.1154 20.5672 -13.1519 -18.7964 24.1483 -14.5632 -13.5675 27.8642 -15.9632 -8.24426 31.4503 -17.3472 -2.03406 31.2993 -17.9976 4.17399 30.99 -18.612 10.3787 30.8043 -19.3046 16.5926 30.5138 -19.8667 21.2576 27.9012 -18.2776 25.8209 25.1561 -16.6179 30.4802 22.5059 -15.0753 35.012 19.7666 -13.3228 36.8919 16.2815 -9.19423 38.5334 12.7943 -4.96683 40.3545 9.27157 -0.843696 41.9943 5.82866 3.42056 39.5003 3.87358 8.70631 36.8076 2.00268 13.9246 34.2893 0.0690623 19.2067 31.5945 -1.79954 24.4247 27.1352 -1.07518 27.0104 22.6433 -0.155411 29.4749 18.1986 0.627504 32.0687 13.675 1.53431 34.479 8.29153 4.11575 34.2035 2.95617 6.76677 33.7262 -2.40575 9.3865 33.397 -7.75169 12.0129 32.9033 -11.5722 13.9721 30.3009 -15.307 15.885 27.5441 -19.0983 17.8601 24.9111 -22.8313 19.7225 22.1177 -25.7814 20.1366 17.3445 -28.612 20.4214 12.4901 -31.5116 20.8456 7.68697 -34.3585 21.0745 2.83918 -35.1676 18.5499 -1.86136 -35.8039 15.9063 -6.52288 -36.5717 13.4144 -11.2477 -37.2082 10.6902 -15.8624 -35.8105 6.07371 -18.0885 -34.246 1.40429 -20.0814 -32.7999 -3.20825 -22.285 -31.2403 -7.9036 -24.2197 -28.5061 -12.4118 -22.5493 -25.7268 -16.787 -20.6192 -22.9787 -21.2661 -18.8936 -20.2045 -25.6407 -16.955 -17.4289 -27.6832 -12.0129 -14.7054 -29.5317 -6.96652 -11.9609 -31.5339 -1.99075 -9.21114 -33.3745 3.04412 -7.28952 -32.6738 7.2749 -5.41753 -31.7821 11.492 -3.54481 -31.0333 15.7364 -1.61991 -30.0946 19.9192 0.644784 -27.3914 23.4014 2.90688 -24.5315 26.7579 5.13044 -21.7861 30.2337 7.45051 -18.8987 33.5266 10.8188 -14.0968 34.3344 14.1763 -9.25554 34.9232 17.5126 -4.43035 35.7266 20.9052 0.391911 36.269 23.9804 3.99207 32.1402 26.9549 7.452 27.8222 30.0141 11.0482 23.6783 32.9918 14.4787 19.3393 33.8247 14.3434 14.6684 34.5104 13.9242 9.99031 35.3127 13.7142 5.31679 35.9711 13.2677 0.637465 34.9965 10.2768 -3.87527 33.8849 7.11877 -8.24019 32.8822 4.06756 -12.7063 31.741 0.912978 -17.0661 29.0922 -2.94972 -19.3592 26.343 -6.84312 -21.4756 23.6955 -10.7427 -23.7071 20.8967 -14.598 -25.8283 15.4709 -18.2047 -25.8503 9.99686 -21.736 -25.7348 4.5496 -25.3103 -25.7489 -1.13319 -0.52624 -0.22122 -0.0272502 -0.375207 -0.282384 -0.240198 -0.196099 -0.609224 -0.56207 -0.529018 -0.52127 -0.855827 -0.865832 -0.917333 -0.970768 -1.325 -1.44999 -1.64112 -1.82071 -2.07892 -2.16819 -2.16685 -2.18006 -2.62363 -2.48496 -2.39478 -2.29968 -2.10027 -1.62889 -1.01643 -0.354105 0.0872144 0.402648 0.486402 0.295172 0.853026 1.38408 1.52342 1.77231 1.7809 1.79508 1.81621 1.86334 1.67667 1.67231 1.64221 1.5877 1.47019 1.53008 1.55355 1.37973 2.16216 1.90133 1.77866 1.58625 2.12199 1.88731 1.75222 1.60587 1.90665 1.71089 1.56564 1.48058 1.4527 1.4092 1.38754 1.44609 1.29957 1.3833 1.41819 1.51435 1.2693 1.21583 1.07248 1.03777 0.523999 0.430559 0.26576 0.0834224 -0.305556 -0.621915 -1.04982 -1.51713 -1.67776 -1.85853 -1.95976 -2.04969 -1.8935 -1.93152 -1.92488 -1.95936 -1.5765 -1.55036 -1.48063 -1.57973 -0.699426 -0.764178 -0.508525 0.233674 -1.16736
1.28913 -29.6464 -25.1029 -2.91268 -29.6104 -23.6941 -7.14996 -29.4196 -22.4098 -11.3898 -29.4306 -21.1203 -15.5912 -29.1244 -19.7447 -19.2842 -25.8901 -18.0746 -22.7771 -22.4151 -16.4581 -26.4186 -19.119 -14.7962 -29.8739 -15.6004 -13.194 -30.7908 -11.757 -12.6818 -31.4245 -7.84068 -12.3116 -32.2464 -3.96865 -11.856 -32.793 -0.0370733 -11.5106 -31.6837 4.10092 -11.8803 -30.3152 8.14765 -12.3735 -29.1165 12.2547 -12.8071 -27.7028 16.2878 -13.2864 -22.7742 20.4167 -14.6155 -17.7366 24.4044 -15.9679 -12.7986 28.5106 -17.3336 -7.7504 32.4974 -18.6502 -1.5155 32.8676 -18.6101 4.72631 33.0763 -18.5144 10.9626 33.4254 -18.5027 17.2036 33.6337 -18.3683 21.7254 30.9172 -16.5552 26.1295 28.0409 -14.6995 30.6449 25.2872 -12.927 35.0138 22.4054 -10.9982 36.5249 18.199 -7.4279 37.7962 13.9562 -3.80744 39.2492 9.70043 -0.271395 40.5212 5.50581 3.40458 37.77 2.7579 8.18585 34.8302 0.11248 12.9123 32.0644 -2.63629 17.6846 29.1094 -5.24931 22.4196 24.7327 -4.44839 25.121 20.3377 -3.40146 27.7064 15.9783 -2.52783 30.4133 11.5531 -1.49394 32.9516 6.54687 1.77052 32.9998 1.60793 5.13323 32.8577 -3.36111 8.45428 32.866 -8.32772 11.7749 32.7033 -12.029 14.093 30.2265 -15.6637 16.3387 27.5897 -19.3418 18.6719 25.0927 -22.9784 20.859 22.4098 -25.9395 21.0718 17.6302 -28.7822 21.1075 12.7748 -31.6981 21.3135 7.96714 -34.5531 21.3021 3.11882 -35.182 18.3605 -1.36164 -35.6196 15.2947 -5.78122 -36.1978 12.3707 -10.28 -36.6434 9.24294 -14.655 -35.0577 4.56215 -16.6037 -33.3102 -0.147971 -18.3311 -31.673 -4.82372 -20.2494 -29.9352 -9.55381 -21.9312 -27.0889 -14.0407 -20.3957 -24.1985 -18.4151 -18.6345 -21.3414 -22.8797 -17.0543 -18.4521 -27.2495 -15.2798 -15.3936 -29.5223 -10.6129 -12.3757 -31.6214 -5.83945 -9.33985 -33.8719 -1.14713 -6.30401 -35.9454 3.62602 -4.29839 -35.2207 7.81353 -2.361 -34.2832 11.9909 -0.400954 -33.513 16.1918 1.5704 -32.5157 20.3393 3.43475 -29.4671 23.7731 5.24572 -26.2419 27.0717 7.05303 -23.1476 30.4954 8.91756 -19.893 33.7347 11.2692 -14.507 34.4534 13.5874 -9.08189 34.9557 15.8892 -3.67355 35.6696 18.2578 1.73345 36.1304 20.7339 5.75557 31.9884 23.1456 9.62011 27.6625 25.605 13.6395 23.5081 28.0292 17.4713 19.1605 29.0945 17.3505 14.5366 30.0707 16.9189 9.91159 31.124 16.7157 5.28785 32.0737 16.2559 0.660158 31.8055 13.022 -3.78169 31.4212 9.60556 -8.07602 31.1397 6.30691 -12.4693 30.7163 2.89397 -16.7628 28.6311 -1.30301 -19.0502 26.4319 -5.53267 -21.1642 24.3523 -9.76425 -23.3924 22.0938 -13.9598 -25.5119 16.9245 -17.9254 -25.4775 11.6917 -21.8028 -25.2993 6.49482 -25.7319 -25.2588 -0.967443 -0.379 -0.0864062 0.0990761 -0.252103 -0.171913 -0.14273 -0.111318 -0.523562 -0.484182 -0.456828 -0.45087 -0.782235 -0.789259 -0.830449 -0.870637 -1.24505 -1.34971 -1.5183 -1.66528 -1.98682 -2.04563 -2.03153 -2.01457 -2.45144 -2.32226 -2.22248 -2.11836 -2.01788 -1.58412 -1.03814 -0.437828 -0.108809 0.22575 0.369067 0.293297 0.589342 1.33311 1.4675 1.70015 1.78009 1.76977 1.7992 1.87657 1.64785 1.66835 1.66453 1.63624 1.46324 1.54355 1.57926 1.4109 2.17059 1.91176 1.78437 1.58677 2.1209 1.88398 1.75335 1.61602 1.91109 1.7259 1.59319 1.51714 1.49835 1.45853 1.43538 1.49165 1.366 1.44683 1.4863 1.59239 1.31356 1.23976 1.07379 1.01687 0.417312 0.309102 0.128331 -0.0680366 -0.513316 -0.824536 -1.24779 -1.70891 -1.88989 -2.05998 -2.1502 -2.23196 -2.07642 -2.10061 -2.08309 -2.11006 -1.69819 -1.65692 -1.57006 -1.65038 -0.729352 -0.758713 -0.467714 0.287244 -1.27635
1.24263 -30.5617 -24.7067 -2.85241 -30.3502 -23.0253 -6.98795 -29.9631 -21.4799 -11.1348 -29.7932 -19.926 -15.2202 -29.2903 -18.2848 -18.5496 -25.7892 -16.4017 -21.6519 -22.0497 -14.5905 -24.9119 -18.4803 -12.7145 -27.9871 -14.7064 -10.9291 -28.6865 -10.8093 -10.4843 -29.1202 -6.85816 -10.2066 -29.7248 -2.9381 -9.82837 -30.0834 1.02258 -9.58269 -28.9598 5.13103 -10.1731 -27.6072 9.14743 -10.9022 -26.4065 13.2223 -11.5706 -25.0069 17.2268 -12.2767 -20.248 21.4714 -13.8397 -15.3834 25.588 -15.4201 -10.6205 29.8112 -17.0291 -5.7389 33.9261 -18.5622 0.461248 34.5713 -18.1691 6.67089 35.0542 -17.7 12.8741 35.6825 -17.3288 19.0815 36.1581 -16.8248 23.4874 33.5399 -14.6233 27.7633 30.7498 -12.3773 32.1614 28.0958 -10.2033 36.4009 25.2942 -7.90342 37.6334 20.8847 -4.4739 38.6227 16.4229 -1.03316 39.8037 11.9645 2.35113 40.787 7.54631 5.84939 37.674 4.27109 10.0401 34.3778 1.09376 14.1655 31.2526 -2.1958 18.3358 27.9361 -5.32547 22.4812 23.4051 -4.74351 24.9765 18.8629 -3.89383 27.3726 14.3482 -3.23405 29.8781 9.77949 -2.39626 32.2273 4.93018 1.09525 32.3466 0.174663 4.7152 32.3051 -4.62443 8.27591 32.4076 -9.4182 11.8443 32.3291 -12.8993 14.4148 29.7832 -16.3067 16.9105 27.0687 -19.7635 19.5006 24.5097 -23.1725 21.9326 21.7401 -25.7427 22.1844 16.7414 -28.1803 22.2349 11.6706 -30.7004 22.4725 6.64558 -33.1537 22.4805 1.58215 -33.3594 19.437 -2.86951 -33.3717 16.2629 -7.23397 -33.5164 13.2318 -11.6965 -33.5512 10.001 -16.0188 -31.9214 5.23919 -17.7192 -30.1599 0.446467 -19.1855 -28.4816 -4.31257 -20.8461 -26.7374 -9.12318 -22.2738 -24.2959 -13.7695 -20.5297 -21.8345 -18.3168 -18.5661 -19.3947 -22.9465 -16.7756 -16.9259 -27.4858 -14.8027 -14.2636 -30.0422 -10.0407 -11.6319 -32.4341 -5.17729 -8.99442 -34.9769 -0.394338 -6.33823 -37.3355 4.47187 -4.37378 -36.7043 8.69386 -2.45211 -35.8451 12.8953 -0.518455 -35.1699 17.1246 1.42813 -34.2433 21.3 3.25432 -31.092 24.6608 5.02292 -27.751 27.8658 6.8005 -24.5515 31.2072 8.609 -21.1812 34.3588 10.5272 -15.6064 34.9051 12.3903 -9.99585 35.2328 14.2521 -4.40096 35.7704 16.1691 1.1935 36.0636 18.1274 5.42498 31.8535 20.0293 9.50231 27.4692 21.9634 13.7362 23.2505 23.8893 17.7764 18.8427 24.9828 17.7351 14.224 26.0262 17.3755 9.60749 27.116 17.2523 4.98939 28.1392 16.8603 0.371164 28.3275 13.5541 -4.0213 28.424 10.0536 -8.2638 28.6134 6.68012 -12.6049 28.6626 3.18215 -16.8503 26.9941 -1.20132 -19.1297 25.2057 -5.62292 -21.2383 23.5528 -10.0412 -23.4615 21.6893 -14.4303 -25.5734 16.6172 -18.5169 -25.4288 11.4677 -22.497 -25.1302 6.35791 -26.5363 -24.9837 -0.90207 -0.309485 -0.0194324 0.159685 -0.205819 -0.126193 -0.102989 -0.0807373 -0.471408 -0.434408 -0.411483 -0.403768 -0.70992 -0.719923 -0.764266 -0.803413 -1.17898 -1.28019 -1.43869 -1.56388 -1.93168 -1.96129 -1.93034 -1.90524 -2.28956 -2.16995 -2.06773 -1.95922 -1.90441 -1.49404 -0.989286 -0.433828 -0.165003 0.156641 0.303714 0.279857 0.573948 1.17552 1.28849 1.52333 1.82148 1.75233 1.76497 1.84541 1.62491 1.64534 1.642 1.61613 1.44279 1.54304 1.60524 1.46608 2.23791 1.99245 1.87658 1.69222 2.20971 1.97551 1.849 1.71916 1.96957 1.77829 1.63709 1.55183 1.48924 1.45008 1.42062 1.45887 1.36451 1.43869 1.46997 1.57233 1.3037 1.21533 1.0362 0.970176 0.334466 0.214483 0.0215641 -0.183619 -0.66886 -0.976075 -1.39499 -1.85037 -2.04716 -2.20894 -2.28981 -2.36427 -2.21619 -2.22858 -2.20218 -2.22291 -1.79429 -1.73962 -1.63765 -1.70117 -0.754617 -0.761412 -0.442955 0.333833 -1.30801
0.0405019 -30.521 -26.1984 -3.96501 -30.2611 -24.3196 -8.01475 -29.8032 -22.5787 -12.0848 -29.5742 -20.8403 -16.0703 -29.0041 -18.9886 -19.0494 -25.3992 -16.7487 -21.7745 -21.5556 -14.5833 -24.6674 -17.876 -12.3516 -27.3742 -14.0057 -10.2114 -27.8371 -10.1094 -9.51924 -28.048 -6.16438 -9.00024 -28.4144 -2.24623 -8.37633 -28.5626 1.70636 -7.89523 -27.3886 5.82295 -8.30269 -26.0134 9.85888 -8.862 -24.7728 13.9473 -9.35042 -23.35 17.969 -9.89485 -18.7504 22.3714 -11.4974 -14.051 26.6553 -13.1321 -9.45363 31.0427 -14.7833 -4.72934 35.3173 -16.371 1.47341 36.0423 -16.2565 7.69178 36.5993 -16.0703 13.8976 37.3016 -15.9821 20.1148 37.8561 -15.7562 24.6111 35.2912 -13.6784 28.9805 32.5528 -11.5518 33.4687 29.9508 -9.50274 37.8035 27.2027 -7.31894 39.1797 22.8576 -3.86204 40.3128 18.4599 -0.383302 41.6375 14.0691 3.03604 42.7643 9.71098 6.56619 39.7777 6.32252 10.7589 36.6058 3.02327 14.8861 33.6082 -0.380234 19.0585 30.411 -3.63137 23.2041 25.8269 -3.33314 25.6519 21.2107 -2.77239 27.991 16.6342 -2.39282 30.4419 11.9953 -1.84821 32.7393 6.93197 1.32425 32.8755 1.95391 4.63177 32.8638 -3.06591 7.8732 32.9868 -8.07634 11.131 32.9357 -11.6777 13.6457 30.504 -15.1994 16.1069 27.9063 -18.7774 18.6436 25.463 -22.2954 21.046 22.8062 -24.8295 21.5939 17.8127 -27.2201 21.9647 12.7328 -29.7025 22.5091 7.71299 -32.1073 22.832 2.63657 -32.0866 20.1714 -2.0585 -31.8649 17.3864 -6.67561 -31.7792 14.7509 -11.3841 -31.584 11.8948 -15.9586 -29.8132 7.26143 -17.8608 -27.9203 2.58027 -19.5119 -26.0956 -2.05 -21.3704 -24.2317 -6.75606 -22.9832 -22.0784 -11.5428 -21.2394 -19.9362 -16.2414 -19.2579 -17.7933 -21.0123 -17.4584 -15.6421 -25.706 -15.475 -13.629 -28.6511 -10.6197 -11.6587 -31.4441 -5.65818 -9.68238 -34.3776 -0.780905 -7.67445 -37.1396 4.18272 -5.97262 -36.9207 8.55748 -4.28465 -36.4799 12.9209 -2.60868 -36.2244 17.3036 -0.886114 -35.7093 21.6451 1.05028 -32.8832 25.2262 2.96613 -29.8525 28.6476 4.86956 -26.9786 32.2085 6.82131 -23.9121 35.5773 9.06398 -18.4765 36.2705 11.2543 -12.9948 36.729 13.4475 -7.53693 37.407 15.6847 -2.07159 37.8353 17.6795 2.20464 33.688 19.6009 6.33511 29.3623 21.5697 10.6104 25.2018 23.5141 14.709 20.8563 24.459 14.9052 16.2089 25.3452 14.8023 11.547 26.2804 14.9204 6.89493 27.1508 14.7855 2.2309 27.2222 11.8591 -2.42652 27.2102 8.73766 -6.9562 27.2829 5.74521 -11.5716 27.2259 2.6215 -16.0994 25.5876 -1.56559 -18.7412 23.8392 -5.80852 -21.2183 22.2244 -10.0348 -23.812 20.3919 -14.247 -26.2808 15.3444 -18.3661 -26.3407 10.2186 -22.3864 -26.2296 5.12985 -26.4544 -26.2851 -0.952391 -0.345201 -0.0447334 0.137653 -0.237735 -0.142532 -0.108581 -0.0801011 -0.445626 -0.403252 -0.380594 -0.368803 -0.642263 -0.650164 -0.696533 -0.736019 -1.07605 -1.19556 -1.37204 -1.51894 -1.86549 -1.91164 -1.88452 -1.85312 -2.27838 -2.14931 -2.04494 -1.93829 -1.87899 -1.47157 -0.969511 -0.417739 -0.151417 0.158465 0.296309 0.286061 0.58084 1.08585 1.21562 1.46715 1.86424 1.76368 1.75485 1.8156 1.61749 1.6256 1.61072 1.57351 1.43037 1.52646 1.58721 1.44684 2.25187 2.01417 1.9118 1.74329 2.27438 2.04965 1.93189 1.81205 2.04114 1.842 1.69055 1.59982 1.47999 1.44013 1.40588 1.43003 1.33028 1.39902 1.4159 1.5028 1.2715 1.18351 1.00907 0.952884 0.357089 0.23929 0.0504398 -0.150155 -0.628352 -0.947321 -1.38139 -1.85242 -2.06241 -2.2335 -2.32153 -2.40202 -2.26787 -2.28691 -2.26707 -2.29302 -1.88618 -1.83257 -1.72974 -1.78904 -0.866589 -0.850676 -0.507539 0.293374 -1.32707
-1.45386 -30.2784 -28.3237 -5.23135 -29.9099 -26.0353 -9.06034 -29.3205 -23.883 -12.924 -28.9665 -21.7413 -16.6666 -28.2753 -19.4713 -19.1164 -24.6173 -16.7317 -21.2917 -20.729 -14.0787 -23.6369 -16.9978 -11.3463 -25.8071 -13.0835 -8.72797 -25.9998 -9.20195 -7.84951 -25.9665 -5.27559 -7.17154 -26.0667 -1.37361 -6.37161 -25.9863 2.56004 -5.74173 -24.7995 6.67283 -6.15043 -23.448 10.7129 -6.73739 -22.2099 14.7999 -7.24358 -20.8113 18.8267 -7.81205 -16.4853 23.4389 -9.5783 -12.0671 27.9477 -11.3838 -7.75231 32.5476 -13.2099 -3.29989 37.0458 -14.9577 2.84267 38.1405 -14.669 9.00827 39.0666 -14.2941 15.155 40.1436 -14.0274 21.3195 41.0606 -13.6158 25.7841 38.5885 -11.3644 30.115 35.9269 -9.06831 34.5709 33.4204 -6.83785 38.8677 30.7416 -4.49842 40.1072 26.1374 -1.33791 41.0985 21.4652 1.81056 42.29 16.8158 4.92323 43.2717 12.1788 8.12624 40.0894 8.27386 11.6764 36.7241 4.45829 15.1543 33.5311 0.529221 18.6679 30.1369 -3.22646 22.1824 25.4877 -3.18894 24.5229 20.8072 -2.86778 26.7777 16.1629 -2.73949 29.1248 11.4637 -2.44088 31.3435 6.48673 0.828903 31.8523 1.60263 4.24966 32.2583 -3.32511 7.59071 32.7829 -8.24958 10.9597 33.1283 -11.843 13.6892 30.9274 -15.3601 16.3701 28.5504 -18.9326 19.124 26.3458 -22.4444 21.7457 23.8964 -24.8795 22.4621 18.8751 -27.1569 22.9854 13.7568 -29.5372 23.6931 8.70794 -31.8299 24.1727 3.59223 -31.5508 21.6001 -1.14342 -31.0613 18.9008 -5.79069 -30.7092 16.3525 -10.5346 -30.2555 13.583 -15.1439 -28.3838 8.99284 -17.0542 -26.4049 4.34914 -18.7104 -24.4788 -0.238585 -20.572 -22.5356 -4.90887 -22.1952 -20.5934 -9.81367 -20.5333 -18.6821 -14.6454 -18.6377 -16.7583 -19.5384 -16.9203 -14.8339 -24.3646 -15.0238 -13.1572 -27.6497 -10.2597 -11.5248 -30.7949 -5.38711 -9.8907 -34.0734 -0.603765 -8.2131 -37.1856 4.27451 -6.58655 -37.2538 8.6827 -4.9547 -37.0978 13.0867 -3.3498 -37.1347 17.5032 -1.67921 -36.898 21.8889 0.37276 -34.2328 25.5284 2.41993 -31.349 29.0003 4.44568 -28.6358 32.6193 6.52639 -25.7126 36.0379 8.92068 -20.3309 36.6384 11.2562 -14.9014 36.989 13.6014 -9.49582 37.5695 15.9824 -4.08429 37.893 17.9221 0.0829292 33.6108 19.7771 4.10045 29.1518 21.6872 8.2622 24.8512 23.5674 12.2523 20.3783 24.4192 12.4738 15.714 25.212 12.4113 11.0345 26.0528 12.554 6.3652 26.8307 12.4648 1.68372 26.8459 9.76784 -3.11077 26.7847 6.8856 -7.79592 26.8066 4.12614 -12.5548 26.6945 1.23895 -17.236 24.9634 -2.72843 -20.1443 23.1198 -6.756 -22.8967 21.4167 -10.7612 -25.7697 19.4799 -14.7621 -28.497 14.2858 -18.6949 -28.5458 9.01717 -22.5248 -28.3998 3.77336 -26.3911 -28.4366 -1.00505 -0.369313 -0.0581746 0.121397 -0.252317 -0.149472 -0.112325 -0.0839304 -0.40706 -0.364719 -0.349526 -0.336586 -0.567926 -0.577034 -0.626455 -0.66395 -0.977763 -1.10364 -1.28103 -1.42384 -1.78663 -1.82197 -1.78653 -1.74232 -2.15834 -2.03279 -1.92385 -1.81392 -1.80422 -1.41923 -0.957206 -0.448402 -0.241327 0.0572297 0.204397 0.252544 0.45086 0.930066 1.06575 1.28645 1.89499 1.73606 1.70659 1.7667 1.56298 1.57541 1.56716 1.53619 1.38916 1.49691 1.56871 1.43764 2.25381 2.02505 1.93161 1.77335 2.30727 2.08726 1.97608 1.86546 2.07206 1.87129 1.71617 1.62225 1.47222 1.43264 1.39403 1.40575 1.31975 1.38339 1.39004 1.46854 1.26692 1.174 0.996432 0.941027 0.362225 0.23464 0.036368 -0.171727 -0.650461 -0.967117 -1.39452 -1.8584 -2.06398 -2.23563 -2.32655 -2.4109 -2.28313 -2.30744 -2.29435 -2.32712 -1.92483 -1.87582 -1.77251 -1.82429 -0.933326 -0.897546 -0.5283 0.307975 -1.29618
-1.43325 -31.8036 -25.8585 -5.21905 -31.2039 -23.6336 -9.04763 -30.3995 -21.5513 -12.914 -29.8212 -19.464 -16.6594 -28.9118 -17.2771 -19.1576 -25.0992 -14.8048 -21.3917 -21.0698 -12.4255 -23.7892 -17.186 -9.96444 -26.0151 -13.1321 -7.61942 -26.2816 -9.21901 -6.9183 -26.3265 -5.26763 -6.40662 -26.502 -1.33651 -5.78133 -26.497 2.62079 -5.31577 -25.3916 6.745 -5.82543 -24.1198 10.7972 -6.50029 -22.962 14.895 -7.10079 -21.6409 18.9343 -7.75945 -17.3934 23.5958 -9.58593 -13.0506 28.1546 -11.4477 -8.8133 32.8047 -13.3272 -4.43495 37.3506 -15.1376 1.7111 38.4612 -15.0628 7.88391 39.4017 -14.9047 14.0335 40.4937 -14.8493 20.2065 41.4261 -14.6588 24.7784 38.8753 -12.7343 29.2243 36.1352 -10.775 33.7899 33.5541 -8.87611 38.2016 30.7922 -6.87092 39.5932 26.0232 -4.03482 40.7355 21.1842 -1.20558 42.0773 16.3719 1.58129 43.212 11.5653 4.46804 40.1758 7.45359 7.91111 36.9524 3.43513 11.2936 33.9026 -0.703252 14.6922 30.6507 -4.65682 18.1232 26.1235 -4.72189 20.6912 21.5572 -4.49201 23.1794 17.033 -4.45879 25.7533 12.4487 -4.26029 28.2108 7.6082 -0.89267 29.1852 2.86134 2.62683 30.0805 -1.9284 6.05776 31.0844 -6.72084 9.53212 31.9098 -10.296 12.54 30.0719 -13.8018 15.511 28.0496 -17.3528 18.5469 26.2109 -20.861 21.4592 24.1094 -23.4852 22.4817 19.2386 -25.9623 23.3009 14.2537 -28.5333 24.317 9.35316 -31.027 25.0876 4.36878 -31.042 22.5235 -0.379641 -30.8405 19.8077 -5.0387 -30.7788 17.2599 -9.79553 -30.6166 14.4782 -14.4169 -28.9902 9.78257 -16.2951 -27.2485 5.03104 -17.9113 -25.5661 0.334548 -19.7375 -23.8599 -4.43947 -21.325 -22.0245 -9.37078 -19.6208 -20.207 -14.2225 -17.6844 -18.3865 -19.1404 -15.9261 -16.5562 -23.9872 -13.9893 -14.8016 -27.1957 -9.20117 -13.0814 -30.2588 -4.30647 -11.3658 -33.4615 0.499551 -9.60221 -36.49 5.40016 -7.87291 -36.3981 9.76863 -6.13695 -36.0732 14.1233 -4.42877 -35.9465 18.4992 -2.65432 -35.5432 22.8316 -0.514938 -32.7106 26.2899 1.61442 -29.6635 29.5675 3.72375 -26.7784 33.0009 5.88969 -23.7008 36.2256 8.41026 -18.353 36.5464 10.8736 -12.9694 36.6203 13.3425 -7.59597 36.9189 15.8545 -2.23447 36.9697 18.0615 1.65531 32.558 20.1889 5.39326 27.979 22.369 9.28092 23.5522 24.5191 12.9873 18.9585 25.5176 12.9225 14.3186 26.4464 12.5718 9.67699 27.4337 12.4305 5.03641 28.3427 12.0505 0.393305 28.3135 9.01458 -4.19398 28.1915 5.79899 -8.65565 28.1643 2.70254 -13.2024 27.9914 -0.515773 -17.6605 26.0766 -4.64246 -20.2098 24.0415 -8.81157 -22.5915 22.1486 -12.9739 -25.0991 20.0275 -17.1108 -27.462 14.698 -20.8452 -27.148 9.30096 -24.4607 -26.65 3.92677 -28.1297 -26.327 -0.874544 -0.250276 0.050851 0.225588 -0.154116 -0.0590529 -0.0293037 -0.00689713 -0.340902 -0.301472 -0.285723 -0.272641 -0.513589 -0.521457 -0.567888 -0.603869 -0.92697 -1.05622 -1.24218 -1.39886 -1.7544 -1.80655 -1.78079 -1.73046 -2.21078 -2.077 -1.96457 -1.85549 -1.86872 -1.49237 -1.04392 -0.546573 -0.364994 -0.0628293 0.103765 0.201079 0.286114 0.794805 0.961024 1.20051 1.95007 1.73311 1.68617 1.74552 1.54166 1.56351 1.57103 1.55816 1.39437 1.5079 1.58156 1.45175 2.2271 2.00234 1.90762 1.74442 2.26243 2.03799 1.91953 1.79985 2.00256 1.79825 1.63957 1.54024 1.40093 1.35966 1.31977 1.32972 1.25902 1.32232 1.32971 1.41057 1.21176 1.11531 0.932757 0.8718 0.293665 0.168137 -0.0258534 -0.229512 -0.688867 -0.987695 -1.39318 -1.83627 -2.01139 -2.17615 -2.2642 -2.34595 -2.20176 -2.22347 -2.20611 -2.23401 -1.81577 -1.7648 -1.65949 -1.70988 -0.802324 -0.773712 -0.411521 0.411709 -1.32758
1.04278 -31.3223 -26.7836 -2.80487 -30.7041 -24.6729 -6.68648 -29.8865 -22.6966 -10.6044 -29.2879 -20.7139 -14.4129 -28.37 -18.6426 -17.1119 -24.6065 -16.3101 -19.564 -20.6289 -14.0617 -22.1703 -16.7964 -11.7362 -24.6116 -12.7919 -9.52451 -25.074 -8.88507 -8.89369 -25.3171 -4.93324 -8.44545 -25.6938 -1.0061 -7.88748 -25.8777 2.95375 -7.48422 -24.895 7.10448 -8.02883 -23.7322 11.1842 -8.73367 -22.6947 15.3088 -9.36989 -21.4773 19.3765 -10.0522 -17.1757 24.0398 -11.7426 -12.7698 28.5947 -13.4599 -8.47197 33.241 -15.2069 -4.03705 37.7895 -16.8669 2.07147 38.9834 -16.344 8.20206 40.0093 -15.7305 14.3147 41.1867 -15.2186 20.4445 42.2012 -14.5799 25.0109 39.8385 -12.4168 29.4576 37.2878 -10.2182 34.0153 34.8998 -8.06499 38.4321 32.3191 -5.84159 40.0531 27.4637 -3.28788 41.4463 22.519 -0.77127 43.0365 17.6256 1.72887 44.4045 12.7021 4.30037 41.4967 7.96682 6.9652 38.3951 3.31406 9.55565 35.4786 -1.45105 12.1568 32.3353 -6.03602 14.8166 27.6902 -6.58197 17.1011 22.9925 -6.8095 19.3315 18.3418 -7.2485 21.6279 13.6329 -7.51935 23.8297 8.91193 -4.12353 25.2088 4.29828 -0.577355 26.5727 -0.370019 2.86683 28.0099 -5.0333 6.38141 29.2834 -8.42716 9.84837 27.9915 -11.7471 13.3153 26.5201 -15.1043 16.8232 25.2432 -18.4418 20.2292 23.6727 -21.1381 21.8394 19.0044 -23.7032 23.2308 14.194 -26.3505 24.842 9.49797 -28.9314 26.1724 4.67875 -29.1414 23.6701 -0.0978604 -29.1215 20.967 -4.76853 -29.2458 18.4615 -9.54649 -29.2737 15.7046 -14.1854 -27.8582 10.908 -15.9771 -26.3251 6.05224 -17.4917 -24.8501 1.24953 -19.2182 -23.3572 -3.62269 -20.7199 -21.7464 -8.652 -19.076 -20.1484 -13.6087 -17.2134 -18.55 -18.6263 -15.5222 -16.941 -23.5786 -13.6572 -15.3668 -27.0026 -8.95642 -13.8212 -30.2882 -4.14861 -12.2828 -33.7161 0.561113 -10.6967 -36.9589 5.38458 -9.11435 -36.8575 9.80818 -7.52639 -36.501 14.2165 -5.96676 -36.3635 18.6472 -4.33904 -35.9244 23.0334 -2.36118 -32.8977 26.4225 -0.3964 -29.6464 29.6053 1.54588 -26.558 32.9595 3.5538 -23.2867 36.0946 6.03577 -17.912 36.1792 8.47099 -12.5178 36.0101 10.899 -7.11775 36.0579 13.3875 -1.7479 35.8827 15.9828 1.96702 31.532 18.5199 5.53532 27.027 21.0933 9.24784 22.6613 23.6509 12.7863 18.1447 25.0918 12.7246 13.6225 26.4709 12.3967 9.09252 27.9081 12.2677 4.57061 29.2596 11.9051 0.0350843 29.6138 8.93349 -4.58062 29.8611 5.78441 -9.08434 30.2172 2.75804 -13.6643 30.4076 -0.400073 -18.1645 28.5788 -4.52059 -20.7858 26.6084 -8.68226 -23.2339 24.7951 -12.8375 -25.8112 22.7409 -16.9675 -28.2441 17.3534 -20.6208 -27.9689 11.8954 -24.1481 -27.5043 6.46505 -27.7363 -27.2147 -0.746905 -0.140678 0.1525 0.325012 -0.0483664 0.0419684 0.0687104 0.0898649 -0.249614 -0.215723 -0.204046 -0.195821 -0.453326 -0.462433 -0.50576 -0.538379 -0.879326 -0.989913 -1.15607 -1.28977 -1.65829 -1.69086 -1.66206 -1.62638 -2.01462 -1.91603 -1.81909 -1.71604 -1.78172 -1.43396 -1.02925 -0.579773 -0.452096 -0.170192 -0.0106441 0.114079 0.18556 0.642834 0.795409 0.926614 2.01619 1.72059 1.63744 1.67875 1.52784 1.54794 1.57039 1.58399 1.40121 1.53076 1.62005 1.50687 2.22259 2.01366 1.92453 1.76058 2.26011 2.0333 1.91067 1.78708 1.96964 1.76016 1.59591 1.49033 1.33568 1.29039 1.24291 1.2418 1.18148 1.23816 1.23873 1.31506 1.11646 1.00612 0.807479 0.73185 0.151177 0.0341631 -0.143136 -0.328938 -0.76711 -1.04578 -1.43357 -1.86369 -2.01341 -2.17929 -2.27488 -2.36474 -2.20532 -2.23092 -2.21459 -2.24239 -1.80839 -1.7613 -1.65793 -1.70656 -0.792982 -0.749467 -0.371931 0.448858 -1.43802
3.04736 -29.2011 -27.607 -1.00877 -28.567 -25.9376 -5.08002 -27.7421 -24.3933 -9.18477 -27.1296 -22.8391 -13.2016 -26.2069 -21.2108 -16.2998 -22.465 -19.3974 -19.1691 -18.5128 -17.6549 -22.1914 -14.7049 -15.8511 -25.0361 -10.7247 -14.1325 -25.6785 -6.82173 -13.6537 -26.0816 -2.87135 -13.324 -26.6387 1.0522 -12.9103 -26.9612 5.01179 -12.6036 -25.8783 9.15601 -12.9826 -24.5772 13.2242 -13.4819 -23.4245 17.3419 -13.9402 -22.0657 21.3957 -14.4035 -17.2822 25.8162 -15.2298 -12.3863 30.1114 -16.061 -7.59065 34.5096 -16.9373 -2.68319 38.8023 -17.7133 3.34652 39.6008 -16.2929 9.37713 40.231 -14.7937 15.4096 41.013 -13.3759 21.4376 41.6305 -11.8613 25.7962 39.1592 -9.41009 30.0413 36.5162 -6.93908 34.3887 34.024 -4.48926 38.6073 31.3465 -2.01018 40.326 26.3945 0.280637 41.8481 21.3502 2.5083 43.5595 16.3691 4.74093 45.0366 11.335 7.02135 42.1502 6.26569 9.00861 39.0646 1.28112 10.909 36.1819 -3.81741 12.8253 33.0382 -8.73562 14.8012 28.2077 -9.3939 16.6252 23.3288 -9.69976 18.4132 18.4899 -10.2449 20.2525 13.6037 -10.5942 22.0125 8.98778 -7.03907 23.3448 4.49776 -3.32889 24.6847 -0.0593011 0.277413 26.0805 -4.60249 3.9546 27.3286 -7.83051 7.63605 26.2178 -10.9849 11.3288 24.9449 -14.1697 15.0571 23.8662 -17.3514 18.6853 22.4813 -20.086 20.4366 17.8867 -22.7049 21.9527 13.1434 -25.3973 23.7093 8.52593 -28.028 25.1558 3.76756 -28.3141 22.4801 -0.909997 -28.3583 19.5768 -5.45874 -28.5546 16.8849 -10.1318 -28.6491 13.9382 -14.6515 -27.222 9.0451 -16.149 -25.6705 4.10972 -17.3561 -24.1807 -0.786981 -18.7792 -22.6721 -5.73619 -19.9841 -21.0073 -10.6771 -18.1384 -19.351 -15.5392 -16.087 -17.6939 -20.467 -14.1994 -16.031 -25.3253 -12.1445 -14.4777 -28.6057 -7.33559 -12.9565 -31.7492 -2.42607 -11.4349 -35.0421 2.38433 -9.87987 -38.1339 7.3158 -8.52089 -37.7383 11.7967 -7.17598 -37.0714 16.2497 -5.84622 -36.6405 20.7361 -4.46236 -35.8857 25.1628 -2.87044 -32.455 28.3652 -1.30356 -28.8042 31.3278 0.244659 -25.3097 34.4826 1.86104 -21.6457 37.4023 4.00509 -16.1369 37.0698 6.11618 -10.6371 36.4766 8.20654 -5.11087 36.0903 10.373 0.368964 35.5104 13.109 3.9731 31.1527 15.8135 7.43176 26.6595 18.5332 11.0307 22.2874 21.2564 14.4639 17.7863 23.0838 14.4731 13.4056 24.8721 14.2378 9.01501 26.7067 14.1911 4.63759 28.4618 13.9127 0.236319 29.3077 11.0337 -4.37413 30.0444 7.97509 -8.88668 30.8974 5.04781 -13.4654 31.5692 1.97056 -17.9755 29.9718 -2.20916 -20.6537 28.2111 -6.43428 -23.1523 26.6238 -10.6513 -25.7779 24.7818 -14.843 -28.2743 19.39 -18.4994 -28.1971 13.9173 -22.0245 -27.933 8.48899 -25.626 -27.837 -0.601112 -0.0417911 0.23703 0.411662 0.0338297 0.119365 0.144902 0.167976 -0.213165 -0.174727 -0.149355 -0.136819 -0.439801 -0.44007 -0.468797 -0.491018 -0.872317 -0.935753 -1.05681 -1.14729 -1.5066 -1.51379 -1.48499 -1.476 -1.73471 -1.67699 -1.60071 -1.50379 -1.60201 -1.28069 -0.909358 -0.494275 -0.405595 -0.133572 0.0176119 0.132244 0.24381 0.676575 0.804551 0.890348 1.98787 1.70659 1.62331 1.6608 1.54034 1.55905 1.58955 1.61907 1.41296 1.55188 1.65051 1.54613 2.21875 2.01665 1.9261 1.7562 2.24566 2.01596 1.89047 1.76484 1.94417 1.73352 1.57018 1.46758 1.30321 1.25719 1.20842 1.20964 1.13257 1.18822 1.1898 1.26451 1.03583 0.90293 0.674516 0.568042 -0.0495565 -0.167303 -0.335815 -0.509291 -0.949225 -1.20534 -1.57299 -1.98676 -2.12096 -2.28454 -2.3842 -2.47974 -2.31067 -2.3357 -2.31657 -2.34146 -1.89271 -1.84881 -1.75002 -1.80175 -0.861981 -0.800437 -0.406928 0.391732 -1.65631
5.80951 -26.309 -30.7277 1.64668 -25.9963 -29.2398 -2.53044 -25.4801 -27.8522 -6.73036 -25.183 -26.4695 -10.8669 -24.5744 -25.0012 -14.2684 -21.0795 -23.2395 -17.4537 -17.3596 -21.535 -20.7911 -13.7998 -19.7807 -23.947 -10.0474 -18.0936 -24.742 -6.18262 -17.5397 -25.2808 -2.25634 -17.127 -25.9907 1.63387 -16.6391 -26.4389 5.57228 -16.2342 -25.3193 9.72103 -16.3924 -23.9553 13.7906 -16.6575 -22.754 17.9128 -16.8975 -21.3371 21.9676 -17.1098 -16.3683 26.2583 -17.1905 -11.2859 30.4143 -17.2633 -6.29208 34.6752 -17.3946 -1.21394 38.8375 -17.4086 4.50314 39.6617 -15.032 10.2078 40.3281 -12.5773 15.9238 41.1367 -10.1927 21.6282 41.7915 -7.73457 25.8068 39.6167 -4.74761 29.8901 37.2844 -1.74764 34.0555 35.1041 1.25363 38.1214 32.7208 4.23688 40.1647 27.7842 6.28112 42.0457 22.7395 8.21428 44.1094 17.7897 10.2055 45.9219 12.7332 12.1726 43.3312 7.16631 12.6978 40.5326 1.68996 13.091 37.9631 -3.89437 13.5266 35.0823 -9.32068 14.0069 30.0492 -10.4201 14.75 24.9487 -11.1361 15.5023 19.8952 -12.126 16.2619 14.7968 -12.8754 16.9954 10.1067 -9.44664 18.3977 5.56131 -5.85565 19.8689 0.933059 -2.37809 21.3541 -3.66348 1.18769 22.7239 -6.69287 5.15222 22.1656 -9.63126 9.16541 21.4825 -12.6006 13.1843 20.9947 -15.5828 17.1376 20.1688 -18.2648 19.4113 15.7766 -20.8412 21.4412 11.2052 -23.4832 23.7385 6.80096 -26.0717 25.6768 2.19699 -26.3913 22.9699 -2.46028 -26.4496 19.9728 -6.94757 -26.667 17.2268 -11.588 -26.7876 14.2001 -16.0539 -25.4749 9.17569 -17.1731 -24.0425 4.12174 -17.9653 -22.6648 -0.906937 -18.9834 -21.2812 -5.97032 -19.8018 -19.8637 -10.9223 -17.7872 -18.4583 -15.7988 -15.5881 -17.0505 -20.737 -13.533 -15.6369 -25.6126 -11.3372 -14.2818 -29.1493 -6.65157 -12.9507 -32.5726 -1.8759 -11.6232 -36.138 2.79564 -10.2616 -39.4974 7.60782 -9.03227 -39.1965 12.1333 -7.81289 -38.6067 16.633 -6.60615 -38.2799 21.1627 -5.35681 -37.5852 25.6389 -4.03196 -33.9731 28.7623 -2.74654 -30.125 31.6085 -1.46748 -26.4433 34.6695 -0.135556 -22.5861 37.4818 1.52557 -16.9362 36.8702 3.14922 -11.3108 35.9897 4.75118 -5.65181 35.3065 6.43528 -0.0386973 34.4608 9.01535 3.80656 30.2155 11.5863 7.5222 25.8509 14.15 11.3638 21.5925 16.7443 15.0565 17.2225 18.8919 15.4908 13.0119 21.0394 15.7045 8.78428 23.2071 16.0948 4.57967 25.3218 16.2565 0.333377 26.8557 13.8314 -4.35985 28.2976 11.2157 -8.97942 29.8499 8.74839 -13.6446 31.2195 6.1005 -18.2678 30.1667 1.96904 -21.2705 28.931 -2.23424 -24.0991 27.8873 -6.40552 -27.0498 26.5678 -10.582 -29.8802 21.4305 -14.577 -30.1878 16.1916 -18.4484 -30.2974 11.016 -22.3955 -30.5794 -0.424198 0.0974442 0.368367 0.545384 0.176693 0.264322 0.295498 0.325797 -0.0683697 -0.0272445 0.00291398 0.0158162 -0.307478 -0.300145 -0.316051 -0.326217 -0.721527 -0.745597 -0.827665 -0.884606 -1.21703 -1.19594 -1.16103 -1.16763 -1.27892 -1.27191 -1.22277 -1.13769 -1.29562 -1.01965 -0.709441 -0.362088 -0.340682 -0.100174 0.0263979 0.136399 0.245463 0.614908 0.736346 0.772814 1.87705 1.62378 1.5243 1.5294 1.50924 1.50913 1.54431 1.5959 1.37532 1.53291 1.65547 1.57694 2.18374 2.00333 1.92296 1.75634 2.22031 1.99152 1.86478 1.73936 1.89332 1.68085 1.5182 1.41891 1.22102 1.1773 1.12368 1.11398 1.04511 1.09501 1.08991 1.16144 0.92218 0.766912 0.513325 0.385241 -0.268122 -0.381733 -0.536947 -0.693264 -1.1518 -1.39633 -1.76122 -2.17613 -2.32242 -2.48959 -2.59623 -2.70007 -2.53531 -2.5597 -2.53808 -2.56028 -2.10401 -2.05624 -1.95208 -1.9949 -1.03393 -0.916255 -0.470198 0.337452 -1.9038
6.00114 -23.9657 -33.257 1.98904 -24.4621 -31.4411 -2.0887 -24.7408 -29.7279 -6.15343 -25.2649 -28.0419 -10.1892 -25.4326 -26.2194 -13.6289 -22.3747 -23.8308 -16.8405 -19.0329 -21.5057 -20.2116 -15.8901 -19.1296 -23.4002 -12.5194 -16.8151 -24.176 -8.73289 -15.8479 -24.6817 -4.86212 -15.0494 -25.3618 -1.03761 -14.1628 -25.7924 2.84235 -13.365 -24.714 7.00057 -13.174 -23.3999 11.0946 -13.1062 -22.2357 15.2332 -13.0077 -20.8817 19.313 -12.8823 -16.2184 23.9204 -12.5201 -11.4469 28.4158 -12.1563 -6.76029 33.0035 -11.8424 -1.99232 37.4983 -11.4238 3.55191 38.8124 -8.86507 9.09595 39.9789 -6.23539 14.6383 41.2855 -3.66876 20.1854 42.4325 -1.03708 24.509 40.5489 1.9413 28.7535 38.4969 4.92217 33.072 36.613 7.90771 37.2953 34.5025 10.8775 39.4549 29.5726 12.8155 41.442 24.5241 14.6288 43.6302 19.5861 16.5132 45.5387 14.5192 18.3592 42.7322 9.03487 18.5079 39.6979 3.6711 18.5091 36.9046 -1.82149 18.5764 33.799 -7.14346 18.6519 28.6655 -7.98388 18.8342 23.4833 -8.43141 19.0316 18.3325 -9.15613 19.2265 13.1533 -9.63941 19.4124 8.28563 -6.26666 20.2187 3.55328 -2.72192 21.0902 -1.25455 0.71467 21.9812 -6.03279 4.22067 22.7528 -9.25022 7.91033 21.6389 -12.3838 11.6331 20.403 -15.5647 15.3766 19.3666 -18.7137 19.0333 17.9822 -20.932 20.842 13.1384 -22.9899 22.4012 8.13948 -25.1545 24.233 3.27997 -27.2284 25.7016 -1.73953 -26.8179 22.6723 -6.18638 -26.156 19.3882 -10.417 -25.6329 16.3349 -14.8357 -25.0502 13.0113 -19.0469 -23.6838 7.90823 -19.6052 -22.2581 2.79512 -19.8183 -20.8472 -2.30739 -20.2605 -19.4631 -7.43023 -20.5111 -18.5058 -12.3015 -18.073 -17.5906 -17.0923 -15.4649 -16.6698 -21.9465 -12.9791 -15.7224 -26.7386 -10.3849 -14.4144 -30.3165 -5.71739 -13.1039 -33.7971 -0.977527 -11.8256 -37.4075 3.6731 -10.4752 -40.8226 8.44904 -8.76825 -40.6869 12.8251 -7.02522 -40.2762 17.1696 -5.31023 -40.1255 21.5419 -3.56236 -39.5985 25.8717 -1.90955 -36.0792 28.9443 -0.328365 -32.312 31.7494 1.29065 -28.7247 34.7613 2.88794 -24.9409 37.5348 3.82416 -19.1148 37.0506 4.65994 -13.3 36.3122 5.52019 -7.4674 35.7659 6.42505 -1.65926 35.0552 7.59092 2.8728 30.8639 8.73428 7.2978 26.5538 9.86688 11.8317 22.3556 11.0545 16.2317 18.0321 12.603 17.3405 13.6843 14.2012 18.2332 9.30493 15.7742 19.3029 4.95619 17.3601 20.1364 0.56083 19.0717 18.315 -4.33953 20.7529 16.281 -9.16631 22.4974 14.4141 -14.038 24.1151 12.3397 -18.8692 23.8941 8.27514 -22.1288 23.5289 4.09352 -25.2233 23.3347 -0.00910286 -28.4368 22.874 -4.1853 -31.5259 18.7189 -9.17508 -32.0581 14.4412 -14.0784 -32.3828 10.2323 -19.025 -32.8947 -0.565456 -0.012262 0.269509 0.447755 0.107725 0.203574 0.248677 0.292496 -0.0715259 -0.026935 -0.000821467 0.0118829 -0.28473 -0.268928 -0.275838 -0.274289 -0.626731 -0.648006 -0.730426 -0.801904 -1.06528 -1.06132 -1.03496 -1.03932 -1.13727 -1.1425 -1.09452 -1.00881 -1.19089 -0.910684 -0.603428 -0.266744 -0.243181 -0.00725001 0.108953 0.199398 0.348143 0.672159 0.772278 0.828175 1.70191 1.52289 1.45006 1.46419 1.41906 1.41212 1.42423 1.44052 1.277 1.43739 1.57681 1.52507 2.202 2.02678 1.95794 1.81188 2.26166 2.03777 1.91685 1.80007 1.92166 1.71142 1.55028 1.45176 1.23713 1.20533 1.15835 1.14213 1.1295 1.18391 1.18227 1.26749 1.04528 0.894351 0.65142 0.537526 -0.160991 -0.28745 -0.465863 -0.643529 -1.18581 -1.45908 -1.8592 -2.30559 -2.51619 -2.68253 -2.77809 -2.87115 -2.73635 -2.74642 -2.71402 -2.72595 -2.28452 -2.20207 -2.06141 -2.07634 -1.10332 -0.971747 -0.524432 0.309342 -1.66685
13.6629 -23.3763 -34.2066 10.0154 -24.7165 -32.0756 6.24227 -25.8568 -30.0498 2.5265 -27.2354 -28.0668 -1.20802 -28.255 -25.9102 -4.78998 -26.0092 -22.9079 -8.18656 -23.4292 -19.9591 -11.7035 -21.0794 -16.9596 -15.0935 -18.467 -14.0322 -16.3999 -14.9376 -12.7241 -17.4776 -11.2666 -11.6109 -18.6953 -7.67449 -10.3907 -19.7224 -3.98468 -9.29196 -19.5816 0.300863 -8.96835 -19.24 4.58427 -8.79918 -19.0275 8.87412 -8.587 -18.6466 13.1515 -8.35596 -15.5255 18.9153 -7.97716 -12.2886 24.6154 -7.60373 -9.16472 30.3818 -7.28568 -5.90596 36.0649 -6.84472 -0.807559 38.3477 -4.05049 4.32522 40.4458 -1.1756 9.41824 42.7246 1.63155 14.5651 44.7921 4.50313 18.9943 42.8519 7.28339 23.3447 40.6818 10.0178 27.7609 38.7122 12.7979 32.1037 36.5068 15.5159 34.6265 31.4729 16.5248 36.9863 26.3315 17.3736 39.5258 21.2933 18.3181 41.8266 16.1318 19.2059 39.7997 10.3663 18.4142 37.5577 4.6981 17.5073 35.5604 -1.06575 16.6327 33.2299 -6.7103 15.807 28.2677 -8.28163 15.8229 23.2017 -9.47459 15.9009 18.21 -10.949 15.9513 13.1492 -12.1649 16.0017 8.08985 -9.16126 17.0507 3.16739 -5.9697 18.192 -1.84073 -2.92159 19.3523 -6.80128 0.253341 20.3677 -9.60419 4.24486 19.1772 -12.2524 8.2968 17.8452 -15.0071 12.3493 16.7521 -17.6649 16.3339 15.248 -18.5932 18.3724 10.0871 -19.3038 20.1088 4.78293 -20.1588 22.1721 -0.380966 -20.8997 23.8077 -5.71277 -19.6929 20.4426 -9.75478 -18.3106 16.7734 -13.4626 -17.0014 13.359 -17.431 -15.7058 9.67277 -21.1529 -14.7284 4.45876 -20.8725 -13.7877 -0.729157 -20.2229 -12.8075 -5.93367 -19.806 -11.8836 -11.1322 -19.22 -11.7813 -15.7916 -16.2418 -11.7393 -20.3595 -13.1236 -11.6878 -25.0013 -10.1166 -11.6013 -29.5708 -7.00169 -10.989 -32.6624 -1.867 -10.3585 -35.645 3.32959 -9.76807 -38.7851 8.4372 -9.10571 -41.6838 13.6769 -7.90647 -40.7238 18.1178 -6.66186 -39.4512 22.4667 -5.44097 -38.467 26.8963 -4.20806 -37.0829 31.2141 -3.19548 -32.8448 33.5745 -2.25493 -28.4132 35.5835 -1.27227 -24.1144 37.8453 -0.319039 -19.6808 39.8441 0.00911102 -13.9692 38.3195 0.262415 -8.32399 36.5522 0.517119 -2.62897 34.9525 0.839698 3.02707 33.2311 2.09872 7.20997 28.7163 3.36678 11.2918 24.1124 4.59376 15.4772 19.5912 5.91075 19.5342 14.9793 7.97188 20.5538 10.8269 10.1122 21.378 6.67117 12.2085 22.363 2.52808 14.3377 23.1263 -1.64484 16.8797 21.3942 -6.20541 19.4032 19.462 -10.6954 21.9785 17.692 -15.2228 24.4424 15.7095 -19.7239 25.089 11.6362 -22.9153 25.5844 7.43552 -25.9656 26.247 3.33612 -29.1203 26.6548 -0.882194 -32.1592 23.4817 -6.53987 -32.7665 20.1649 -12.1329 -33.1711 16.9087 -17.7447 -33.7637 -0.652435 -0.0522519 0.236049 0.407066 0.122263 0.217336 0.270335 0.324914 0.0143259 0.036306 0.024787 0.0140808 -0.251079 -0.228303 -0.215626 -0.188051 -0.470905 -0.500362 -0.597149 -0.692296 -0.918013 -0.936922 -0.914905 -0.897428 -1.06565 -1.0755 -1.02638 -0.945598 -1.2095 -0.964524 -0.708012 -0.414035 -0.506675 -0.281962 -0.160163 -0.0309702 0.0010227 0.355531 0.50512 0.559054 1.57352 1.38173 1.28712 1.27363 1.32425 1.29184 1.28552 1.29243 1.21501 1.4236 1.6455 1.69683 2.41872 2.28075 2.24123 2.124 2.53767 2.31366 2.1885 2.06579 2.13297 1.89893 1.70827 1.57895 1.32209 1.27705 1.22191 1.20334 1.16405 1.21958 1.21944 1.29906 1.02845 0.831405 0.525718 0.347973 -0.42663 -0.564111 -0.736256 -0.898814 -1.43985 -1.65791 -1.998 -2.38797 -2.55587 -2.70627 -2.80081 -2.89802 -2.74709 -2.75294 -2.71497 -2.7212 -2.2355 -2.12955 -1.96113 -1.95416 -0.945327 -0.834622 -0.41027 0.453256 -1.28372
17.2497 -14.6105 -40.9788 14.1045 -16.8924 -38.8473 10.7691 -18.9708 -36.7986 7.52016 -21.2731 -34.8534 4.2425 -23.2495 -32.62 1.04479 -22.0681 -28.7128 -1.97856 -20.501 -24.8024 -5.10014 -19.2099 -20.8685 -8.14199 -17.5992 -16.9905 -9.49284 -14.4064 -15.027 -10.6468 -11.006 -13.3001 -11.9108 -7.72263 -11.4302 -13.0526 -4.30044 -9.73873 -13.3958 -0.0526089 -9.16597 -13.589 4.22896 -8.81505 -13.8809 8.49877 -8.39558 -14.0487 12.7741 -7.96349 -12.2687 19.0702 -7.41917 -10.3971 25.3409 -6.88739 -8.64234 31.6525 -6.44578 -6.72632 37.8995 -5.80236 -2.61912 40.4663 -1.85848 1.53448 42.7851 2.18899 5.63358 45.3427 6.14718 9.80676 47.6273 10.1937 13.4054 45.155 13.6648 16.9067 42.3978 17.0189 20.4773 39.8549 20.4679 23.988 37.1018 23.8155 26.0904 31.8953 24.9086 28.0706 26.6052 25.8125 30.1891 21.3906 26.8341 32.1237 16.091 27.7796 30.6239 10.2043 26.7427 28.9659 4.38213 25.5893 27.5305 -1.51028 24.4961 25.758 -7.30766 23.3904 20.995 -9.24592 22.5847 16.0935 -10.8202 21.8163 11.2971 -12.691 21.0492 6.3986 -14.2547 20.2424 1.30041 -11.1631 19.8338 -3.64541 -7.82313 19.5153 -8.7141 -4.66895 19.238 -13.6664 -1.35587 18.7746 -15.2506 2.71863 16.3061 -16.5578 6.82124 13.7244 -18.1091 10.9665 11.3548 -19.3759 14.978 8.61511 -17.4319 16.3073 3.50579 -15.2306 17.2638 -1.5827 -13.2081 18.5884 -6.66294 -11.0396 19.4652 -11.7796 -8.26691 15.5509 -14.2512 -5.53598 11.3804 -16.3176 -2.72926 7.4144 -18.6657 -0.0491558 3.24152 -20.7927 0.608715 -1.89106 -19.591 1.08902 -6.97072 -18.1119 1.68054 -12.0846 -16.8004 2.19061 -17.1775 -15.3776 1.4715 -21.7302 -12.3204 0.671245 -26.2088 -9.17531 -0.108537 -30.76 -6.13067 -0.858132 -35.2251 -2.95401 -1.13407 -37.8498 2.46197 -1.38305 -40.3405 7.94208 -1.65849 -43.0316 13.3252 -1.90233 -45.4121 18.854 -1.70547 -43.5463 23.1622 -1.4675 -41.3219 27.2947 -1.23731 -39.3994 31.5763 -1.03039 -37.0942 35.6655 -1.1048 -32.369 37.1571 -1.21796 -27.5346 38.2411 -1.30841 -22.7674 39.5926 -1.41332 -17.9383 40.7015 -1.82193 -12.4625 38.4872 -2.25508 -7.07513 36.0696 -2.71871 -1.63556 33.7776 -3.09647 3.78009 31.4142 -1.86592 8.16329 27.0854 -0.595029 12.472 22.6939 0.610639 16.8615 18.3646 1.92872 21.144 13.9616 4.28918 22.6497 10.1287 6.75555 23.9867 6.29986 9.16636 25.4645 2.48746 11.616 26.738 -1.37349 14.6272 25.7485 -5.86954 17.6289 24.5624 -10.3243 20.6771 23.53 -14.7859 23.6159 22.2949 -19.2691 24.7178 18.8847 -23.0574 25.6653 15.3287 -26.7524 26.7712 11.8922 -30.5159 27.6391 8.30466 -34.2001 25.1217 2.56681 -35.9855 22.4545 -3.16137 -37.5739 19.8196 -8.85141 -39.3429 -1.25718 -0.566896 -0.229095 -0.0389629 -0.265894 -0.148091 -0.0749705 -0.00373321 -0.251429 -0.241298 -0.283064 -0.311037 -0.532042 -0.506668 -0.482318 -0.432518 -0.653592 -0.659186 -0.724039 -0.785901 -0.974674 -0.953928 -0.890645 -0.842988 -0.943755 -0.942857 -0.889757 -0.810211 -1.03384 -0.823606 -0.595471 -0.319486 -0.444329 -0.242822 -0.144138 -0.0366142 -0.0115652 0.284022 0.406962 0.474977 1.29151 1.16752 1.09756 1.08063 1.18474 1.11398 1.04373 0.998654 1.07416 1.37572 1.74794 1.96601 2.95093 2.84328 2.8221 2.73261 3.16166 2.92682 2.79844 2.67701 2.69109 2.42566 2.19384 2.01985 1.71079 1.63541 1.5582 1.5316 1.41696 1.4673 1.467 1.53402 1.17256 0.924551 0.551175 0.304855 -0.560866 -0.676629 -0.801431 -0.91211 -1.44378 -1.63911 -1.97692 -2.3738 -2.54602 -2.70871 -2.82103 -2.93709 -2.78986 -2.81537 -2.79629 -2.82177 -2.35085 -2.27708 -2.14375 -2.17112 -1.21386 -1.14376 -0.740206 0.184181 -0.829312
20.1184 -2.34569 -45.6801 18.1748 -5.75924 -43.6276 15.9879 -9.0268 -41.5827 13.9193 -12.4632 -39.698 11.7937 -15.646 -37.4644 9.33294 -16.1602 -32.9293 6.95263 -16.2639 -28.3238 4.55415 -16.6701 -23.7446 2.12458 -16.722 -19.1643 0.4365 -14.3469 -16.4471 -1.16213 -11.6687 -13.9677 -2.79928 -9.17376 -11.3276 -4.42086 -6.45737 -8.90555 -5.8031 -2.51088 -7.90355 -7.09509 1.52913 -7.19632 -8.45115 5.52572 -6.37159 -9.73022 9.55528 -5.58457 -10.3482 16.0882 -5.37755 -10.9091 22.6279 -5.22143 -11.5666 29.1603 -5.16575 -12.0778 35.6987 -4.85257 -9.84341 39.3943 -0.340284 -7.4997 42.8427 4.31003 -5.26851 46.5486 8.81533 -2.90289 49.9436 13.4935 -0.00918313 47.8461 17.7755 2.84602 45.3755 21.881 5.73222 43.1729 26.1152 8.59006 40.7306 30.2356 10.5743 35.5597 31.6662 12.4714 30.2974 32.8629 14.4691 25.1117 34.2198 16.3332 19.8466 35.4556 15.7617 13.9169 33.8775 15.0835 8.03925 32.1541 14.5766 2.10871 30.5578 13.799 -3.75515 28.83 10.1015 -6.20178 26.1031 6.2494 -8.3426 23.3334 2.51584 -10.7567 20.6268 -1.33417 -12.8519 17.8198 -5.74553 -10.4408 14.5883 -10.0497 -7.73064 11.4503 -14.4984 -5.2363 8.33504 -18.7301 -2.55641 5.07514 -18.7124 1.12129 1.65758 -18.3492 4.83133 -1.70554 -18.3173 8.59263 -5.03099 -17.8432 12.193 -8.4977 -13.2719 13.1877 -11.6235 -8.48697 13.8636 -14.5059 -3.79376 14.8055 -17.4637 0.892491 15.5104 -20.4979 4.73212 11.7223 -20.3051 8.54524 7.92822 -19.8657 12.4646 4.22681 -19.6113 16.1744 0.328181 -19.2081 16.694 -4.50513 -17.0651 16.9077 -9.30277 -14.7933 17.2929 -14.1252 -12.598 17.5466 -18.927 -10.3391 15.8646 -23.2401 -7.31253 14.0522 -27.4822 -4.26097 12.3078 -31.7953 -1.26993 10.5311 -36.017 1.83039 7.99365 -38.3953 6.7502 5.43152 -40.6461 11.7168 2.89266 -43.0818 16.6075 0.326174 -45.2299 21.6169 -1.48887 -43.3668 25.5304 -3.23727 -41.1757 29.3019 -5.03222 -39.2679 33.2031 -6.7788 -36.9878 36.9219 -7.80086 -32.3105 38.2009 -8.69559 -27.5208 39.1056 -9.67366 -22.8028 40.2653 -10.5721 -18.0145 41.1741 -10.4943 -12.627 38.7198 -10.351 -7.34076 36.0569 -10.2745 -1.9957 33.511 -10.1159 3.32131 30.9106 -8.4085 7.6365 26.6763 -6.66419 11.8829 22.3879 -4.96763 16.1894 18.1403 -3.18959 20.4257 13.8559 -0.842995 22.5782 10.3358 1.58699 24.6321 6.81332 3.97432 26.7708 3.31229 6.39728 28.7673 -0.247688 9.49001 29.3321 -4.76195 12.5946 29.7496 -9.28411 15.7215 30.3013 -13.7765 18.7789 30.6397 -18.3372 20.4515 28.4092 -22.7443 21.997 25.9876 -27.0967 23.6695 23.7417 -31.4962 25.151 21.2467 -35.8294 23.9741 15.376 -38.3979 22.6518 9.44287 -40.7426 21.3328 3.58178 -43.2638 -0.817325 -0.16624 0.112726 0.247253 0.0671028 0.179224 0.26994 0.368173 0.188024 0.173478 0.087901 0.0307866 -0.176837 -0.136527 -0.0789214 0.0131704 -0.103676 -0.05359 -0.0584583 -0.0761346 -0.0929162 -0.00408335 0.142751 0.264741 0.356476 0.381971 0.471301 0.587981 0.426656 0.653748 0.899185 1.1934 1.10267 1.32434 1.44964 1.59802 1.63834 1.90234 2.06158 2.20838 2.74289 2.80045 2.85502 2.91963 3.15241 3.12677 3.06096 2.95786 2.83093 2.37125 1.7462 0.995835 1.30628 0.955684 0.932507 0.928986 1.52706 1.36154 1.31782 1.28904 1.34397 1.1121 0.906236 0.769039 0.388173 0.357457 0.332845 0.367293 0.159881 0.24662 0.277899 0.350922 -0.043732 -0.272192 -0.633386 -0.872305 -1.70732 -1.77003 -1.82963 -1.87543 -2.35023 -2.51834 -2.84384 -3.23567 -3.4 -3.57468 -3.70433 -3.83734 -3.70346 -3.73408 -3.71379 -3.73361 -3.27787 -3.19124 -3.03884 -3.0344 -2.00167 -1.67946 -0.992063 0.140795 -1.15937
27.7084 4.21321 -46.0695 26.6622 0.215785 -44.4673 25.8512 -3.76097 -42.6873 25.0231 -7.83473 -41.1518 24.0322 -11.7115 -39.2478 22.1662 -13.3393 -34.6921 20.2903 -14.556 -30.0137 18.4659 -16.0983 -25.4117 16.5235 -17.2464 -20.7435 14.6666 -15.3504 -17.7719 12.8418 -13.0706 -15.0612 11.0283 -11.0276 -12.1609 9.144 -8.71462 -9.52019 7.13953 -5.01181 -8.64855 5.20589 -1.20406 -8.14608 3.25052 2.56591 -7.47141 1.28041 6.34372 -6.88899 -1.89724 12.0043 -7.87069 -5.07963 17.6476 -8.93413 -8.24918 23.2814 -10.0844 -11.4381 28.951 -10.9764 -13.7535 32.9635 -6.78725 -15.9844 36.815 -2.40549 -18.3246 40.8418 1.75596 -20.514 44.6507 6.195 -19.8536 43.8086 11.6689 -18.9934 42.6103 17.048 -18.266 41.6814 22.4995 -17.4346 40.4937 27.8853 -15.3266 36.1771 30.9909 -13.16 31.7236 33.8537 -10.9932 27.393 36.8991 -8.88153 22.9269 39.7831 -7.7177 16.9175 39.0695 -6.6079 10.9248 38.1571 -5.40754 4.9206 37.4603 -4.35347 -1.07285 36.4896 -5.44791 -4.27746 32.5367 -6.68017 -7.21022 28.4168 -7.82571 -10.3791 24.4495 -9.03353 -13.2759 20.2971 -10.7787 -12.0851 14.7066 -12.5127 -10.59 9.186 -14.3416 -9.29322 3.64591 -15.9643 -7.84743 -1.92142 -14.5397 -5.01492 -5.81428 -12.9044 -2.08395 -9.54834 -11.5057 0.86507 -13.3635 -9.74671 3.66821 -17.1392 -4.51166 4.65966 -18.9477 0.844456 5.48383 -20.4627 6.13596 6.49674 -22.087 11.4478 7.28931 -23.7667 15.5148 4.1673 -22.0808 19.5129 1.08135 -20.1778 23.6407 -1.92636 -18.4335 27.5524 -5.14178 -16.567 27.9874 -9.48302 -13.5358 28.0953 -13.803 -10.4454 28.4086 -18.1361 -7.3876 28.5294 -22.4643 -4.30929 26.0315 -26.3279 -1.23922 23.363 -30.1088 1.79009 20.8187 -33.9685 4.8268 18.1532 -37.7288 7.88414 13.337 -39.6024 10.9815 8.44739 -41.3507 14.0367 3.62543 -43.2613 17.1021 -1.27557 -44.9294 20.1833 -5.2234 -43.1802 22.0372 -9.10234 -41.171 23.7691 -13.0523 -39.3967 25.5942 -16.8893 -37.2919 27.3052 -19.0879 -32.8609 27.6063 -21.0138 -28.2958 27.7134 -23.1331 -23.8223 27.9546 -25.0399 -19.249 28.055 -24.1743 -13.682 26.2345 -23.1104 -8.18916 24.297 -22.1757 -2.65189 22.4202 -21.1443 2.86037 20.5203 -18.0691 7.5042 17.6144 -14.937 12.0831 14.6666 -11.8456 16.7136 11.7567 -8.71413 21.2876 8.80089 -5.83913 23.9018 6.0748 -2.92083 26.4384 3.32164 -0.0251904 29.047 0.612183 2.89081 31.5259 -2.19534 6.34808 32.7434 -6.29749 9.79728 33.8162 -10.4466 13.2603 35.028 -14.5456 16.6928 36.0115 -18.7304 19.0765 34.1466 -22.9772 21.3492 32.0626 -27.1829 23.7105 30.1705 -31.4304 25.9585 28.0164 -35.614 26.4553 22.1125 -38.324 26.8197 16.1136 -40.8397 27.343 10.17 -43.4562 3.18352 2.60459 2.24791 2.07958 1.74961 1.79015 1.86474 1.96493 1.80004 1.7608 1.64076 1.55876 1.34234 1.39981 1.49213 1.62889 1.60972 1.75754 1.85816 1.91624 2.16412 2.31307 2.51352 2.65998 3.01826 2.96606 2.96483 3.01334 2.86335 2.99599 3.1714 3.40174 3.24108 3.33548 3.32441 3.35109 3.15343 3.23012 3.23107 3.24669 3.3521 3.37515 3.38791 3.39054 3.41665 3.26155 3.02587 2.74249 2.52617 2.0466 1.45213 0.71507 1.18872 0.764177 0.660037 0.579593 1.15019 0.920852 0.826272 0.753748 0.73269 0.392759 0.075655 -0.153561 -0.774578 -0.912197 -1.03759 -1.08577 -1.59078 -1.57873 -1.62166 -1.64129 -2.22606 -2.49278 -2.88524 -3.15854 -4.02107 -4.03239 -4.02561 -4.01482 -4.43598 -4.64508 -5.0453 -5.52296 -5.73541 -5.96867 -6.15015 -6.32627 -6.20851 -6.25408 -6.23475 -6.25171 -5.7793 -5.68614 -5.51978 -5.45368 -4.02973 -2.93687 -1.62817 -1.08089 -8.37044
28.8853 9.33831 -46.5307 29.1275 5.47823 -44.3669 29.4785 1.72972 -42.029 29.8919 -2.11767 -39.8689 30.0725 -5.84698 -37.482 28.5607 -8.11424 -33.0703 26.9198 -10.1 -28.57 25.3962 -12.2941 -24.1257 23.689 -14.2353 -19.6309 21.3024 -13.7153 -16.4831 18.8132 -12.8966 -13.4815 16.3974 -12.2629 -10.3771 13.8668 -11.3826 -7.42817 10.8183 -9.03543 -5.50799 7.77832 -6.49413 -3.83716 4.73098 -4.05185 -2.03688 1.68958 -1.52048 -0.353196 -2.63037 3.41121 -0.00725119 -6.92253 8.37392 0.224611 -11.2172 13.3339 0.469534 -15.5289 18.2753 0.786131 -19.9322 22.1048 3.01191 -24.3393 25.894 5.29841 -28.7382 29.7707 7.45004 -33.151 33.4981 9.82543 -36.2158 33.4745 14.4855 -39.1588 33.1939 19.2152 -42.2344 33.1708 23.8682 -45.1282 32.818 28.6231 -44.9289 28.7276 32.6167 -44.4737 24.4523 36.3898 -44.2388 20.3394 40.3586 -43.7641 16.0477 44.1105 -40.1133 11.1127 43.5697 -36.3428 6.31152 42.7286 -32.6598 1.40573 42.1416 -28.9002 -3.40212 41.2903 -25.5996 -4.86966 37.5425 -22.3646 -6.0594 33.6421 -19.0814 -7.4356 29.8447 -15.8444 -8.6488 25.9532 -13.271 -7.36719 20.7134 -10.7893 -5.9251 15.471 -8.2881 -4.54652 10.2209 -5.73997 -3.17569 4.99141 -2.97212 -2.13619 0.933675 -0.162198 -1.10201 -3.09639 2.57648 0.00990442 -7.15469 5.44946 0.933668 -11.167 9.99098 -0.353329 -14.2288 14.5879 -1.7874 -17.139 19.1546 -3.04381 -20.1759 23.7371 -4.5686 -23.0625 27.1848 -8.71187 -22.8029 30.4876 -12.9471 -22.2769 33.9402 -17.082 -21.9539 37.1926 -21.3559 -21.4278 37.3421 -25.7298 -18.4165 37.2406 -29.9883 -15.2422 37.3447 -34.3329 -12.1866 37.2138 -38.5928 -9.01507 34.2652 -40.9294 -4.96085 31.1506 -43.055 -0.914453 28.1579 -45.3458 3.13375 25.0472 -47.4662 7.18591 20.3219 -46.5952 10.8209 15.5664 -45.5509 14.3698 10.8265 -44.654 17.9794 6.07808 -43.587 21.5309 2.62297 -40.824 23.1156 -0.781886 -37.9237 24.5574 -4.23325 -35.133 26.1012 -7.60795 -32.1827 27.5118 -10.1896 -27.9524 27.552 -12.6448 -23.6489 27.4305 -15.1916 -19.3972 27.422 -17.6137 -15.0759 27.2678 -18.5387 -9.62953 25.1374 -19.3272 -4.20935 22.8882 -20.2175 1.22412 20.71 -20.9963 6.65106 18.4735 -19.6009 11.4705 14.6928 -18.1278 16.2202 10.8539 -16.7111 21.0237 7.06089 -15.2284 25.7659 3.21642 -13.2496 28.4258 -0.1807 -11.1957 30.9982 -3.60057 -9.19174 33.6475 -6.99126 -7.12055 36.1625 -10.4431 -4.06962 37.3928 -14.8523 -0.978297 38.4769 -19.2718 2.07486 39.7012 -23.6811 5.18842 40.6946 -28.1062 8.37922 38.8108 -31.7758 11.5452 36.7064 -35.3456 14.7263 34.793 -39.0084 17.8928 32.6238 -42.5388 20.6875 26.8434 -43.645 23.3807 20.9787 -44.5386 26.1894 15.187 -45.5455 3.57963 2.97926 2.46087 2.10015 1.63702 1.58621 1.64318 1.75105 1.53434 1.44456 1.27203 1.12659 0.793959 0.819166 0.899346 1.02164 0.94451 1.07495 1.14169 1.154 1.49529 1.71593 2.02173 2.24792 2.83557 2.75442 2.68441 2.66143 2.48979 2.42673 2.39393 2.4396 2.05418 1.94804 1.77503 1.68095 1.0539 0.91433 0.693808 0.51189 0.196043 0.319127 0.499999 0.678182 0.670172 0.532415 0.281292 0.0362639 0.0904679 0.476697 1.02876 1.41801 2.78003 2.666 2.6074 2.48395 2.94022 2.66067 2.49845 2.3446 2.25419 1.81952 1.39606 1.06432 0.418766 0.278082 0.191289 0.199716 -0.25686 -0.204349 -0.204897 -0.189474 -0.802565 -1.12417 -1.59605 -1.95411 -2.96499 -3.07369 -3.16539 -3.24707 -3.77654 -4.02985 -4.45855 -4.95629 -5.20074 -5.42372 -5.58585 -5.74377 -5.63171 -5.6673 -5.64584 -5.6581 -5.13363 -4.93038 -4.63365 -4.45932 -2.8839 -1.83559 -0.578292 0.046557 -7.26132
29.8342 16.3746 -49.8275 31.2001 12.3382 -48.5997 32.0832 8.38247 -46.8004 32.4553 4.62342 -44.4773 32.3057 1.17157 -41.6974 31.4797 -2.34785 -37.9745 29.9946 -5.18397 -33.8905 27.9203 -7.24501 -29.6035 25.3474 -8.47932 -25.2693 23.0974 -8.85685 -21.999 20.6619 -8.74428 -18.8437 18.0896 -8.1599 -15.8535 15.4272 -7.13006 -13.0693 12.4913 -5.56839 -10.338 9.50538 -3.62429 -7.92479 6.50119 -1.37601 -5.81793 3.50374 1.1079 -3.98372 -1.03183 5.23631 -1.62833 -5.51974 9.59998 0.366688 -9.98945 14.0571 2.18857 -14.4846 18.481 4.02844 -18.8227 22.5382 5.9719 -23.245 26.316 8.25857 -27.7576 29.6447 11.0178 -32.3187 32.3186 14.35 -36.3445 33.9525 17.853 -40.1913 34.6941 21.828 -43.6758 34.3825 26.1764 -46.5757 32.9111 30.7122 -48.7007 30.188 35.2763 -49.7554 26.3635 39.4022 -49.618 21.7124 42.7354 -48.2939 16.6201 44.9887 -45.6951 11.125 46.0247 -42.167 6.08515 45.6051 -38.0462 1.83719 43.8737 -33.645 -1.44945 41.0717 -29.8909 -3.46256 38.0748 -26.2057 -4.8212 34.6543 -22.6443 -5.60881 30.9363 -19.2268 -5.92685 27.0188 -15.4734 -5.84666 22.3635 -11.862 -5.45442 17.6129 -8.31906 -4.90204 12.8266 -4.7627 -4.33844 8.05165 -1.70113 -3.97127 4.08542 1.47246 -3.79093 0.195073 4.79412 -3.8891 -3.57267 8.28596 -4.35827 -7.15399 12.4013 -5.43087 -10.8434 16.675 -7.19605 -14.0556 20.941 -9.74245 -16.7043 25.0624 -13.0338 -18.6741 28.739 -16.8167 -19.828 32.0042 -21.1026 -20.1896 34.7213 -25.7452 -19.7174 36.7688 -30.5674 -18.4076 38.0365 -35.2967 -16.3376 38.5039 -39.8117 -13.5707 38.1522 -43.924 -10.2204 37.0033 -47.4675 -6.42794 35.0247 -50.4103 -2.17873 32.3503 -52.4906 2.19739 29.1073 -53.6554 6.52831 25.4354 -53.8985 10.6622 21.1112 -53.154 14.7966 16.6159 -51.4406 18.4302 12.099 -48.8676 21.4838 7.68518 -45.5576 23.9144 4.37904 -42.5468 25.3691 1.2329 -39.2194 26.438 -1.72438 -35.6295 27.13 -4.47074 -31.8266 27.4585 -7.1206 -27.6348 27.4288 -9.50394 -23.3037 27.034 -11.6112 -18.8755 26.296 -13.4358 -14.3874 25.2365 -15.2386 -8.99284 23.5781 -16.6266 -3.6109 21.5263 -17.6023 1.70895 19.1079 -18.1769 6.91585 16.3403 -18.3595 12.2625 13.0397 -18.1137 17.368 9.3809 -17.4497 22.1717 5.38116 -16.3751 26.6095 1.06091 -15.2845 29.6826 -2.39239 -13.9515 32.4851 -5.98789 -12.3739 34.9872 -9.70397 -10.5513 37.1571 -13.5156 -8.1361 39.2137 -18.0143 -5.40375 40.7253 -22.5475 -2.37132 41.6372 -27.0501 0.93329 41.8972 -31.4447 4.27984 41.4991 -35.4286 7.78529 40.4436 -39.1471 11.3865 38.7149 -42.5044 15.0053 36.3167 -45.3996 19.4126 32.4284 -48.2204 23.4986 27.6644 -49.984 27.0436 22.2223 -50.5466 -58.4567 -58.2254 -58.0462 -57.8909 -57.9838 -57.9149 -57.8509 -57.7887 -58.0478 -58.0161 -57.9813 -57.9435 -58.1773 -58.1452 -58.112 -58.0773 -58.3067 -58.2794 -58.2554 -58.2342 -57.8619 -57.7972 -57.7137 -57.5986 -56.81 -56.6734 -56.5068 -56.3066 -56.189 -56.087 -55.9689 -55.8349 -56.2523 -56.2497 -56.2548 -56.2692 -57.0333 -57.1397 -57.2571 -57.3794 -57.8045 -57.8949 -57.9668 -58.0164 -58.1292 -58.1365 -58.1253 -58.0952 -57.9004 -57.7623 -57.6011 -57.4279 -55.8996 -55.9331 -55.9715 -56.0127 -55.3083 -55.5235 -55.7075 -55.8629 -55.8288 -56.0777 -56.2843 -56.4545 -57.059 -57.2232 -57.3348 -57.4096 -58.0434 -58.0523 -58.0573 -58.058 -58.6583 -58.6712 -58.6903 -58.717 -59.7007 -59.9188 -60.1989 -60.5774 -61.5108 -61.8735 -62.2423 -62.5998 -62.7085 -62.9022 -63.0906 -63.2724 -63.1922 -63.3585 -63.5218 -63.6803 -63.2686 -63.3844 -63.5051 -63.6334 -62.2532 -62.1859 -62.0898 -61.874 -6.26688
