Optimization finished after 59800 iterations.
NEB Energy: 0.637185
Max NEB Force: 0.00999753
Optimization took: 2226029 ms
Energies: 
0.58749, 0.637056, 0.688669, 0.711719, 0.724639, 0.6992, 0.665167, 0.641783, 0.659026, 0.678963, 0.679129, 0.694335, 0.698614, 0.713068, 0.722411, 0.760806, 0.771739, 0.826857, 0.86563, 0.877508, 0.886321, 0.639784, 0.587035, 
NEB Forces: 
0, 0.00252543, 0.00350623, 0.00406387, 0.0045424, 0.00436128, 0.00451505, 0.00474267, 0.00468594, 0.00470498, 0.00456855, 0.00452351, 0.0045952, 0.00463964, 0.00472023, 0.00495421, 0.0049308, 0.00513827, 0.00550597, 0.00845581, 0.00999753, 0.00793864, 0, 
Gradients: 
0.000784533, 0.00246219, 0.0035355, 0.00408176, 0.00456365, 0.00439708, 0.00445594, 0.00462675, 0.00465952, 0.00470651, 0.00456953, 0.00460247, 0.00462655, 0.00469886, 0.00480725, 0.00503041, 0.00500107, 0.00521204, 0.00553105, 0.0084596, 0.0100469, 0.00421801, 1.14164e-12, 
Spring Forces: 
0, 0.000258485, 8.46503e-05, 0.000157843, 0.000196488, 0.000148201, 7.60052e-05, 7.33233e-05, 4.25073e-05, 8.70778e-06, 1.08916e-05, 1.46946e-05, 2.57012e-05, 6.68281e-05, 6.34089e-05, 0.000121914, 0.000186065, 0.000238752, 0.000259576, 0.000210887, 0.000173973, 0.0067307, 0, 
Bend Energies: 
0.587095, 0.636436, 0.686748, 0.708561, 0.720412, 0.694465, 0.659684, 0.635924, 0.653121, 0.673167, 0.673641, 0.689373, 0.693356, 0.707957, 0.717447, 0.756069, 0.766996, 0.821927, 0.86231, 0.867227, 0.831273, 0.633621, 0.587035, 
Twist Energies: 
0.000395046, 0.000618682, 0.00191942, 0.00315659, 0.00422656, 0.00473518, 0.00548277, 0.00585889, 0.00590482, 0.00579574, 0.0054884, 0.00496134, 0.00525842, 0.00511053, 0.0049633, 0.00473583, 0.00474182, 0.00492841, 0.00331773, 0.0102786, 0.0550441, 0.0061621, 8.94921e-26, 
Stretch Energies: 
7.57831e-07, 9.76579e-07, 1.52783e-06, 1.29817e-06, 1.05758e-06, 5.07968e-07, 2.79712e-07, 2.59308e-07, 2.43048e-07, 2.97199e-07, 3.18232e-07, 4.39319e-07, 4.2236e-07, 5.43999e-07, 7.11473e-07, 1.17658e-06, 1.18992e-06, 1.29739e-06, 1.72216e-06, 2.17168e-06, 3.08542e-06, 8.18441e-07, 7.45073e-07, 
