# num_vectors 23
# vector_size 401
# Iterations: 900, stepsize: 0.031847, max step size: 1.000000, spring constant: 0.000100, global NEB Hessian: false, global NEB Linesearch: true, climbing image: false
-6.44725 -28.1278 -26.9512 -8.63275 -24.3021 -26.4484 -10.5859 -20.3955 -25.6806 -12.3019 -16.4347 -24.664 -13.7804 -12.4472 -23.4073 -15.2072 -7.7772 -21.651 -16.3042 -3.13272 -19.6129 -17.075 1.45385 -17.3111 -17.5281 5.94873 -14.7577 -17.6648 9.31991 -12.6325 -17.6201 12.6042 -10.3715 -17.3975 15.7866 -7.97932 -17.0002 18.8518 -5.46007 -16.3777 22.011 -2.60507 -15.5559 24.9965 0.383288 -14.5337 27.7897 3.49326 -13.3101 30.371 6.71169 -11.0519 33.8618 11.7987 -8.32022 36.7357 17.0372 -5.12384 38.9087 22.3499 -1.48296 40.2935 27.6403 2.35538 40.7975 32.5465 6.5003 40.4394 37.21 10.8738 39.1683 41.4894 15.3706 36.9615 45.2265 19.3722 34.2041 47.9709 23.2333 30.7469 50.0415 26.823 26.6727 51.331 30.001 22.1045 51.7556 32.6877 17.0765 51.2421 34.6626 11.9124 49.761 35.8206 6.84664 47.361 36.0964 2.11785 44.1478 35.3974 -2.34093 39.9461 33.7219 -5.90772 35.2033 31.1733 -8.41644 30.1799 27.8995 -9.77954 25.1353 24.7065 -10.0199 21.0274 21.2437 -9.44708 17.1794 17.6159 -8.11493 13.6877 13.9085 -6.10786 10.6292 9.60649 -3.14145 7.72097 5.33109 0.330176 5.38983 1.11686 4.13984 3.5211 -3.03856 8.15441 1.97801 -6.50483 11.6019 0.820921 -9.97192 15.0615 -0.296777 -13.4653 18.4786 -1.46272 -17.0074 21.795 -2.76408 -21.0529 25.3126 -4.48433 -25.1895 28.5014 -6.58636 -29.4019 31.2147 -9.15389 -33.6361 33.2783 -12.2379 -37.6016 34.4718 -15.7037 -41.3089 34.746 -19.6204 -44.5684 33.9645 -23.8542 -47.1647 32.0607 -28.1895 -48.8524 29.1353 -32.2946 -49.5156 25.3314 -35.9484 -49.0917 20.9067 -38.864 -47.6214 16.1885 -40.8224 -45.1206 11.3346 -41.7259 -41.856 6.87268 -41.4719 -38.0843 3.04004 -40.162 -34.0419 -0.0364638 -37.9655 -29.553 -2.49859 -34.7821 -25.1385 -4.10552 -31.0037 -20.8812 -4.98405 -26.8264 -16.8032 -5.29288 -22.3968 -13.7339 -5.2563 -18.8344 -10.7379 -5.05496 -15.2157 -7.77846 -4.76266 -11.5731 -4.81654 -4.45276 -7.93404 -1.64711 -4.18604 -4.12902 1.61333 -4.067 -0.394077 4.99991 -4.18472 3.22693 8.53483 -4.63033 6.67659 12.9619 -5.70413 10.4646 17.5737 -7.49806 13.7227 22.1945 -10.1143 16.3503 26.6485 -13.536 18.2359 31.0005 -17.9452 19.3 34.7544 -22.9872 19.3017 37.6961 -28.4324 18.2018 39.6475 -33.9977 16.0265 40.3824 -38.089 13.7286 40.4479 -41.9357 10.9435 39.8448 -45.4101 7.76184 38.6002 -48.4012 4.28871 36.4196 -51.1517 0.0483636 33.5517 -53.0482 -4.25037 30.1313 -54.0444 -8.44663 26.3037 -54.1382 -12.4016 22.4252 -53.4285 -15.8196 18.4153 -51.9996 -18.8375 14.3815 -49.9198 -21.4127 10.4174 -47.2633 -23.5243 5.6575 -43.2544 -25.4664 1.20748 -38.6414 -26.6574 -2.84159 -33.5557 -27.1481 1.91442 2.03226 2.20076 2.3751 2.30414 2.39211 2.47678 2.56751 2.34149 2.40728 2.47971 2.55744 2.36723 2.44457 2.51957 2.59078 2.39847 2.44323 2.44535 2.39781 2.65284 2.54922 2.3963 2.19802 2.63257 2.42892 2.29428 2.25611 2.20002 2.19003 2.25615 2.39634 2.04583 2.18134 2.37351 2.61594 2.12499 2.27805 2.40727 2.50685 2.28165 2.35648 2.40794 2.44514 2.38144 2.39458 2.39733 2.38123 2.47058 2.39532 2.19284 1.90327 2.96517 2.54899 2.22685 1.99612 2.59435 2.3409 2.17563 2.09125 2.25059 2.18555 2.21897 2.33307 2.0447 2.1939 2.36117 2.52858 2.08313 2.22677 2.36818 2.51298 2.06744 2.22688 2.40262 2.60387 1.92457 2.12365 2.33318 2.52122 2.18957 2.36526 2.41081 2.36061 2.45747 2.40873 2.3422 2.26214 2.43081 2.334 2.21097 2.05847 2.43751 2.24626 2.00047 1.6951 2.81522 2.47997 1.60009 4.35235 -1.09683
-9.88139 -27.4366 -25.7296 -11.8637 -23.5147 -25.1489 -13.4312 -19.419 -24.5028 -15.1512 -15.3745 -23.927 -16.5893 -11.273 -23.0562 -17.164 -6.45934 -21.2113 -17.3219 -1.72142 -19.1059 -17.6387 3.05485 -17.1079 -17.7246 7.75965 -14.9254 -17.2635 11.1541 -12.8881 -16.5925 14.4372 -10.7299 -15.9211 17.7192 -8.57039 -15.11 20.8724 -6.27117 -13.9008 23.9421 -3.51125 -12.5479 26.8617 -0.656592 -11.233 29.8328 2.16237 -9.73368 32.5105 5.17652 -6.60033 34.8782 10.4398 -3.31848 36.8553 15.7735 -0.198289 39.2565 21.0295 3.15049 41.0334 26.3919 6.9392 39.1391 30.9834 10.7047 36.657 35.3062 14.473 34.6988 39.8877 18.2545 32.072 44.1096 21.0403 27.5185 45.7303 23.5404 22.6359 46.7467 26.2225 17.9676 48.208 28.677 13.024 49.0194 29.831 7.73296 47.1734 30.5845 2.61583 44.7274 31.6547 -2.64674 42.7537 32.2774 -7.68601 40.1169 30.8279 -10.8813 35.0494 28.9807 -13.3955 29.7334 27.5214 -16.4731 24.5962 25.4906 -18.8121 19.2675 22.3844 -17.8957 15.1914 19.1121 -16.1705 11.5279 15.9529 -14.8794 7.59631 12.5979 -13.0465 4.06255 8.63137 -8.90406 2.37695 4.82586 -4.39504 1.41665 0.958603 -0.0203435 0.135442 -2.92969 4.36698 -1.03401 -6.17327 8.18742 -1.35167 -9.37431 12.056 -1.41948 -12.5351 15.9582 -1.43465 -15.8635 19.6908 -1.88884 -19.9905 23.01 -3.79202 -24.1614 26.0959 -5.97193 -28.2726 29.485 -7.78405 -32.4712 32.2448 -10.3188 -35.7615 32.3507 -14.5962 -38.5987 31.7777 -19.1523 -41.7633 31.7803 -23.525 -44.4117 30.7903 -28.1228 -44.6688 27.268 -32.0927 -44.0988 23.2607 -35.5354 -44.0573 19.5888 -39.376 -43.2483 15.3958 -42.5379 -40.186 10.7952 -42.7826 -36.6711 6.59157 -42.0209 -33.4144 2.12031 -41.9333 -29.8723 -2.01757 -40.9661 -25.8981 -3.85289 -36.8247 -22.1908 -4.7925 -32.1675 -18.3292 -6.24757 -27.7757 -14.5668 -7.27333 -23.1815 -12.243 -6.53735 -19.1625 -10.2163 -5.30758 -15.1038 -8.14548 -4.18095 -11.0373 -5.92481 -3.12602 -7.03109 -3.32859 -1.97162 -2.96892 -0.705203 -0.710092 1.04363 1.79581 0.673536 5.09393 4.70062 1.50883 9.02304 9.29733 0.486208 12.6142 14.0552 -0.971672 15.8251 18.6793 -1.93323 19.398 23.4641 -3.71702 22.3972 27.4679 -8.55759 22.2634 30.8889 -13.7573 21.4027 34.7687 -18.6924 21.1342 38.1153 -23.9188 20.153 38.4385 -27.8913 17.5738 38.0122 -31.5896 14.6276 37.9176 -35.4364 11.8469 37.2778 -39.009 8.7867 34.5801 -41.5718 4.73367 31.3738 -43.5287 0.713248 28.453 -45.8708 -3.31882 25.1723 -47.6643 -7.35534 21.1339 -47.2862 -10.6344 16.9458 -46.3514 -13.5994 12.814 -45.8028 -16.7352 8.67447 -44.6879 -19.706 3.936 -40.5713 -21.4559 -0.623712 -36.0975 -22.7433 -5.29509 -31.881 -24.4353 -1.58511 -0.857434 0.0250007 0.278853 -0.0870056 -0.0204565 0.160064 0.222317 -0.130165 -0.0961971 -0.00741047 0.0436714 -0.211498 -0.145904 -0.040131 0.00877401 -0.307455 -0.234578 -0.123721 -0.122629 -0.180746 -0.250372 -0.151341 -0.25167 -0.268182 -0.338742 -0.115308 -0.0777023 -0.384183 -0.303972 -0.0986752 0.0358036 -0.36072 -0.190782 -0.0826362 0.0778747 -0.196324 -0.0424997 -0.128113 -0.074049 0.0302143 0.110064 0.0199873 0.0188994 0.0522065 0.129067 0.212066 0.159881 -0.0642878 -0.0892673 0.00877791 -0.332231 0.540771 0.261042 -0.0441394 -0.289446 0.524896 0.301174 -0.0763072 -0.205298 0.310178 0.223271 -0.120347 -0.111016 0.040758 0.106391 0.0426981 0.175388 -0.128388 0.00609327 0.10328 0.243807 -0.155937 -0.00215715 0.108747 0.299803 -0.0777163 0.0770479 -0.173426 -0.179462 0.545873 0.449961 -0.156787 -0.301092 0.334609 0.258918 -0.0737193 -0.172573 0.269252 0.152389 -0.158771 -0.336298 0.3003 0.0914891 -0.350919 -0.627567 1.1514 1.08343 0.902169 0.784968 -2.71998
-8.72964 -31.8379 -27.4425 -12.0053 -28.9485 -26.6884 -14.8584 -25.6746 -25.8003 -17.9025 -22.5392 -25.0584 -20.5776 -19.1739 -23.9789 -22.152 -14.6526 -21.9831 -23.1079 -10.0377 -19.8169 -24.3241 -5.4549 -17.7138 -25.1602 -0.82683 -15.5262 -24.9294 2.72116 -13.725 -24.3501 6.22094 -11.9082 -23.7761 9.72154 -10.0907 -22.9634 13.1479 -8.22405 -21.5096 16.6224 -6.14627 -19.8074 19.9875 -4.07732 -18.1686 23.3955 -2.02714 -16.2322 26.5618 0.147208 -11.9139 29.8763 3.82029 -7.35386 32.8295 7.50963 -3.01285 36.1738 11.1289 1.60756 38.9441 14.8844 6.66948 38.0519 18.4348 11.6809 36.5448 21.8464 16.7418 35.5643 25.3751 21.7342 33.937 28.7591 25.2424 30.0258 30.6343 28.4045 25.6895 32.1576 31.8261 21.6649 33.9515 34.8587 17.1903 35.3309 35.9657 11.5979 34.8473 36.5552 5.98589 33.9018 37.6382 0.394617 33.3531 37.9027 -5.20361 32.2023 34.9454 -9.44376 28.8457 31.4222 -12.9337 25.185 28.4218 -17.0699 21.7378 24.6673 -20.3014 18.0701 20.2951 -19.5309 15.3511 15.9919 -17.6816 13.0777 11.6342 -16.3792 10.5442 7.33038 -14.4354 8.35263 3.54452 -9.8346 7.86819 0.289352 -4.82269 8.01142 -3.14879 0.0672481 7.9546 -6.6578 4.9042 7.79306 -9.67928 8.90555 7.51452 -12.686 12.9217 7.29497 -15.6127 17.0021 7.24762 -18.7888 20.8301 6.55839 -22.8104 23.6498 3.81115 -26.8488 25.9829 0.661719 -30.9024 28.7514 -2.0907 -34.8722 30.7854 -5.52179 -37.3244 29.9723 -10.2609 -39.1441 28.4556 -15.111 -41.3817 27.4505 -19.9192 -43.0414 25.6662 -24.7353 -42.3505 21.947 -28.4667 -40.9443 17.9159 -31.6302 -39.9563 14.11 -35.2042 -38.4207 9.93432 -38.1093 -35.2448 5.40608 -38.2156 -31.7912 1.15173 -37.4552 -28.4818 -3.27976 -37.3317 -25.0433 -7.48943 -36.3025 -21.7014 -9.92886 -31.9213 -18.6974 -11.6283 -26.9813 -15.4904 -13.825 -22.3763 -12.4505 -15.48 -17.4433 -10.954 -14.9438 -13.0199 -9.8663 -13.8351 -8.58356 -8.71704 -12.8979 -4.12323 -7.36927 -11.7937 0.242303 -5.65505 -9.92914 4.50363 -3.96774 -7.76605 8.63261 -2.48364 -5.60233 12.8386 -0.252566 -3.70904 16.84 4.60381 -2.58087 20.0361 9.82358 -1.73628 22.7033 14.6676 -0.475599 25.8689 20.0799 -0.0151237 28.2281 25.6006 -2.6381 26.7716 30.4661 -5.83853 24.4124 35.8212 -8.64953 22.7086 40.6389 -11.8662 20.2753 41.8038 -14.9571 16.8654 42.0196 -18.0289 13.2519 42.6159 -21.1364 9.71253 42.673 -24.1661 6.05801 40.5374 -27.01 1.85986 37.7845 -29.5463 -2.17278 35.3651 -32.2692 -6.2966 32.5337 -34.7354 -10.3183 28.5264 -35.9524 -13.4272 24.2503 -36.8589 -16.2728 20.1548 -38.0161 -19.2883 15.7941 -38.728 -22.0599 9.64734 -37.2431 -23.6326 3.52732 -35.3268 -24.7881 -2.59168 -33.7494 -26.3789 -0.805493 -0.609979 -0.0225665 0.13858 -0.244756 -0.111116 0.146909 0.236619 -0.115759 -0.0759141 0.0169321 0.0646159 -0.19415 -0.138425 -0.0579492 -0.0349239 -0.367983 -0.335958 -0.272868 -0.311363 -0.440906 -0.552777 -0.458778 -0.595746 -0.715807 -0.776778 -0.535293 -0.482685 -0.737383 -0.599882 -0.334931 -0.150373 -0.491471 -0.265278 -0.148845 0.0377154 0.0156029 0.289679 0.0885916 0.172668 0.509721 0.595621 0.476549 0.456155 0.367797 0.445307 0.604076 0.542409 0.208934 0.166755 0.266793 0.00177482 0.988239 0.724774 0.444136 0.220264 1.01154 0.793581 0.461694 0.33397 0.789096 0.686961 0.395377 0.401172 0.422935 0.457348 0.399818 0.529496 0.213963 0.324439 0.387616 0.522964 0.144923 0.241562 0.257941 0.432488 0.0932178 0.163859 -0.12172 -0.152843 0.0875182 -0.025521 -0.54482 -0.752784 -0.306077 -0.390284 -0.685897 -0.79923 -0.424679 -0.525592 -0.753948 -0.885451 -0.306848 -0.461677 -0.724039 -0.897454 0.55787 0.4142 0.481816 0.510414 -2.76912
-6.18637 -34.2573 -26.8884 -10.1263 -32.5619 -25.7706 -13.745 -30.3093 -24.5546 -17.537 -28.2894 -23.4646 -20.9598 -25.8415 -22.0724 -23.3279 -21.7489 -19.9403 -25.0077 -17.3554 -17.754 -27.0074 -13.092 -15.5795 -28.5412 -8.64034 -13.4039 -28.6333 -4.97836 -11.8334 -28.2902 -1.29729 -10.3443 -27.9661 2.38395 -8.85128 -27.3269 6.04084 -7.40073 -25.8726 9.83716 -5.99536 -24.0935 13.5326 -4.69876 -22.404 17.2678 -3.39634 -20.3395 20.8034 -2.07737 -15.4593 24.7662 -0.17873 -10.2804 28.3653 1.65205 -5.36936 32.3405 3.44282 -0.129263 35.795 5.37522 5.71568 35.6749 7.5767 11.5235 34.9447 9.75886 17.3773 34.7459 11.9309 23.1574 33.9006 14.1446 27.2601 30.5142 15.8244 30.9904 26.649 17.3301 35.031 23.1549 18.9388 38.5664 19.1045 20.4279 39.6665 13.5277 21.0782 40.1196 7.83474 21.4265 41.2097 2.24219 21.9476 41.225 -3.46799 22.3053 37.1842 -8.07116 21.6165 32.4589 -11.9101 20.6541 28.3202 -16.408 19.8574 23.3907 -19.991 18.934 18.2827 -19.3004 18.2031 13.4456 -17.4496 17.6713 8.43336 -16.1797 17.0631 3.62377 -14.2674 16.5021 -0.0338928 -9.53985 16.4254 -2.9897 -4.34568 16.5649 -6.17938 0.707754 16.7197 -9.47042 5.69703 16.6146 -12.3365 9.7171 15.697 -15.1936 13.7132 14.6552 -17.9753 17.8147 13.8441 -20.9855 21.5616 12.3895 -24.7082 23.9002 8.87639 -28.4155 25.6306 5.01208 -32.1922 27.8511 1.47979 -35.7775 29.3127 -2.60418 -37.6223 27.9526 -7.49097 -38.8236 25.9357 -12.3514 -40.4586 24.376 -17.2534 -41.4856 22.1518 -22.0629 -40.1997 18.3587 -25.5547 -38.2525 14.3572 -28.4583 -36.6722 10.5205 -31.7776 -34.6433 6.38962 -34.4333 -31.2816 1.9969 -34.3562 -27.7262 -2.14737 -33.4682 -24.2352 -6.42849 -33.1683 -20.7494 -10.5754 -32.0478 -17.7647 -13.4737 -27.6882 -15.1606 -15.8087 -22.7808 -12.3243 -18.5341 -18.2154 -9.68826 -20.8242 -13.3041 -8.56425 -21.0689 -8.74675 -7.83718 -20.8471 -4.10828 -7.05091 -20.81 0.525677 -6.07186 -20.4401 5.10799 -4.76529 -18.9653 9.65677 -3.49462 -17.1316 14.0836 -2.42906 -15.4528 18.6245 -0.614135 -13.5348 22.8199 3.72164 -10.6646 25.6543 8.3987 -7.73628 27.8045 12.658 -4.73849 30.6232 17.6115 -1.99712 32.3608 23.1373 -1.1001 29.5075 28.1095 -0.846121 25.6742 33.4961 -0.104853 22.5252 38.4357 0.067275 18.6458 39.9662 -1.51233 14.4386 40.6033 -3.55662 10.2013 41.5975 -5.42944 5.9536 42.1004 -7.54094 1.7314 40.5798 -10.6691 -2.53184 38.4466 -13.8974 -6.44356 36.6485 -17.0999 -10.5404 34.4356 -20.2897 -14.4394 30.9094 -23.0484 -17.1152 27.0828 -25.6977 -19.4695 23.4966 -28.4916 -22.0265 19.5055 -30.9641 -24.2987 13.1364 -32.0302 -25.1702 6.66754 -32.6616 -25.6352 0.294374 -33.6808 -26.5325 -0.801374 -0.572832 -0.0900756 0.0530601 -0.32831 -0.217685 0.0284249 0.105783 -0.256471 -0.222349 -0.136809 -0.0992459 -0.366752 -0.326424 -0.274138 -0.27298 -0.610974 -0.619638 -0.608158 -0.682812 -0.855042 -0.997576 -0.896946 -1.07317 -1.3506 -1.39914 -1.12036 -1.03458 -1.19668 -0.987498 -0.654542 -0.388468 -0.630808 -0.367513 -0.256067 -0.0769583 0.245428 0.751697 0.434759 0.586444 1.03177 1.08258 0.98597 0.963018 0.788566 0.85122 1.01805 0.965457 0.662387 0.617455 0.704101 0.491162 1.5239 1.2615 0.990293 0.778402 1.56643 1.35345 1.04281 0.921561 1.35365 1.25617 1.01054 1.01117 0.924845 0.945038 0.9165 1.03348 0.661032 0.750933 0.800999 0.9366 0.567439 0.628565 0.586654 0.758558 0.367325 0.35392 0.0673495 -0.0279275 -0.213868 -0.417416 -0.871558 -1.15797 -0.961128 -1.08656 -1.32106 -1.43432 -1.14907 -1.2344 -1.37373 -1.45812 -0.936298 -1.05436 -1.21091 -1.34706 -0.0450572 -0.100069 0.112998 0.324435 -2.41371
-2.55514 -35.411 -27.2873 -6.72682 -34.8672 -25.8917 -10.7257 -33.6667 -24.4032 -14.8453 -32.7645 -23.0387 -18.6751 -31.2791 -21.3735 -21.698 -27.7765 -19.0289 -24.0465 -23.784 -16.6948 -26.7334 -20.0302 -14.3298 -28.9199 -15.9158 -12.0509 -29.3977 -12.2245 -10.6258 -29.3766 -8.43879 -9.3794 -29.388 -4.65712 -8.12068 -29.0422 -0.844126 -7.01308 -27.7833 3.19463 -6.23501 -26.1423 7.13167 -5.67917 -24.6073 11.1062 -5.08837 -22.6807 14.9178 -4.57583 -17.8677 19.3777 -4.31218 -12.735 23.4721 -4.18221 -7.9012 27.9165 -4.09437 -2.6989 31.9136 -3.80175 3.38128 32.5795 -2.53204 9.47042 32.6723 -1.13965 15.5611 33.2966 0.100927 21.632 33.2469 1.5723 26.0493 30.3512 3.36812 30.0658 26.9028 5.12854 34.4169 23.8739 6.8651 38.223 20.2295 8.69649 39.3548 14.8691 10.3458 39.7293 9.33802 11.7611 40.767 3.89846 13.2001 40.7744 -1.59389 14.8028 36.671 -5.99278 16.1453 31.8671 -9.70625 17.2066 27.6357 -14.0269 18.3985 22.6781 -17.4981 19.5659 17.5845 -16.802 20.3871 12.7644 -15.017 21.2151 7.78301 -13.7936 22.1061 2.97058 -11.9474 22.838 -0.805441 -7.32405 23.1553 -3.90971 -2.2204 23.3826 -7.21921 2.74112 23.7894 -10.6691 7.62294 23.8091 -13.7496 11.3618 22.4868 -16.8361 14.9942 20.9068 -19.8631 18.7825 19.6015 -23.0513 22.1326 17.645 -26.6637 23.7399 13.6404 -30.1617 24.6554 9.32796 -33.8168 26.0815 5.29346 -37.1455 26.7807 0.810134 -38.3406 24.9295 -4.1172 -38.8295 22.5445 -8.93461 -39.7798 20.5296 -13.8512 -40.1117 17.9822 -18.5982 -38.1896 14.2795 -21.8889 -35.6577 10.4751 -24.6002 -33.4367 6.78832 -27.7162 -30.8818 2.84173 -30.1922 -27.3483 -1.41208 -30.0423 -23.7175 -5.48678 -29.1375 -20.0899 -9.64765 -28.7742 -16.54 -13.744 -27.6691 -13.7379 -17.0431 -23.4764 -11.3458 -19.9267 -18.7565 -8.73103 -23.1362 -14.3773 -6.25778 -25.9306 -9.64567 -5.07663 -26.6206 -5.1489 -4.2201 -26.8753 -0.534332 -3.31931 -27.3417 4.05518 -2.24244 -27.3304 8.63038 -0.863954 -25.8752 13.1641 0.494165 -23.9784 17.538 1.70194 -22.3496 22.0615 3.43846 -20.1692 26.1606 6.89102 -15.9958 28.555 10.5018 -11.5904 30.176 13.8577 -7.3162 32.5302 17.6782 -2.96026 33.755 21.7527 0.305799 30.2606 25.3936 2.90659 25.8491 29.3335 6.04391 22.092 32.989 8.52868 17.6265 34.2931 8.05466 13.0863 34.9993 6.81417 8.55839 35.9469 5.88401 4.00032 36.5618 4.49127 -0.49637 35.7705 1.26143 -4.87985 34.5228 -2.3526 -8.83657 33.5471 -5.79044 -13.0202 32.2 -9.38727 -16.9599 29.6003 -13.1378 -19.4857 26.7161 -16.9124 -21.6393 24.0974 -20.7434 -24.0207 20.9908 -24.3829 -26.0961 15.2205 -27.3639 -26.6249 9.23881 -29.9462 -26.7362 3.4567 -32.8978 -27.2985 -0.94278 -0.675309 -0.2403 -0.0885681 -0.429403 -0.334485 -0.113953 -0.0500397 -0.415294 -0.391304 -0.320608 -0.292805 -0.563799 -0.538057 -0.513589 -0.528977 -0.862755 -0.903514 -0.928641 -1.03117 -1.25153 -1.39263 -1.26043 -1.4487 -1.83513 -1.8725 -1.56884 -1.44979 -1.51772 -1.25483 -0.878739 -0.540277 -0.679771 -0.403551 -0.311791 -0.192009 0.326484 1.16266 0.769363 1.00853 1.43012 1.44699 1.38708 1.36155 1.10278 1.15057 1.32523 1.2688 0.980636 0.928686 0.984248 0.799512 1.90995 1.6539 1.37747 1.17439 1.9726 1.7698 1.48212 1.37187 1.77921 1.68525 1.48128 1.48343 1.31923 1.32717 1.30492 1.41919 1.0656 1.14984 1.1764 1.31373 0.962425 1.00729 0.939681 1.07783 0.540599 0.467857 0.207518 0.039716 -0.420184 -0.68483 -1.10482 -1.44124 -1.41332 -1.57391 -1.75654 -1.86735 -1.65812 -1.73125 -1.80078 -1.85192 -1.36287 -1.44684 -1.53596 -1.64436 -0.361888 -0.340205 -0.0778491 0.204285 -2.1508
-0.123066 -32.7309 -24.5133 -4.34837 -32.9038 -23.1854 -8.54201 -32.4676 -21.8177 -12.7838 -32.3533 -20.5365 -16.8766 -31.5319 -19.0464 -20.5884 -28.4332 -17.1694 -23.7309 -24.7113 -15.3873 -27.1955 -21.3196 -13.5445 -30.138 -17.4186 -11.8048 -31.098 -13.6691 -10.8539 -31.4926 -9.77348 -10.1097 -31.9338 -5.88596 -9.34934 -31.9383 -1.94782 -8.73609 -30.8574 2.20769 -8.48147 -29.3023 6.21784 -8.43067 -27.88 10.2763 -8.34034 -26.0086 14.1493 -8.3541 -21.0484 18.4191 -8.89158 -15.7388 22.2297 -9.5345 -10.7445 26.4439 -10.186 -5.37606 30.1867 -10.731 0.860838 30.5057 -10.5779 7.09708 30.2393 -10.3263 13.3388 30.485 -10.2504 19.5633 30.1282 -9.86027 24.0991 27.1452 -8.57568 28.2317 23.6438 -7.23974 32.6867 20.4967 -6.06857 36.6318 16.882 -4.49013 37.9845 11.9617 -1.90244 38.5578 6.90951 0.721125 39.725 1.85768 3.1405 40.067 -3.0491 6.06303 36.6113 -6.50454 9.81924 32.4563 -9.34128 13.3804 28.8409 -12.6971 17.0763 24.6082 -15.3842 20.6616 19.994 -14.3502 22.8393 15.5782 -12.4036 24.7928 11.0854 -10.9363 26.9762 6.61166 -8.9685 28.7697 2.45047 -4.68883 29.0905 -1.27788 -0.0176497 28.9712 -5.13923 4.54094 29.1803 -9.08308 9.02682 28.9422 -12.375 12.3573 27.1289 -15.6079 15.5342 24.9673 -18.8379 18.8809 23.0744 -22.1193 21.7944 20.6331 -25.5044 23.0556 16.3179 -28.7015 23.7149 11.7338 -32.0696 24.8445 7.36905 -35.1444 25.2681 2.67489 -36.2831 23.2247 -2.18946 -36.8033 20.6786 -6.9204 -37.7312 18.4968 -11.7695 -38.1044 15.7691 -16.4121 -36.4185 11.8251 -19.5484 -34.1732 7.75159 -22.1174 -32.2244 3.79729 -25.0839 -29.9349 -0.392353 -27.416 -26.6134 -4.80916 -27.1664 -23.1642 -9.0217 -26.1855 -19.7452 -13.3477 -25.7374 -16.3613 -17.5598 -24.5496 -13.5125 -20.7417 -20.2983 -11.015 -23.4524 -15.5307 -8.3211 -26.5313 -11.106 -5.76201 -29.1417 -6.31537 -4.49819 -29.5237 -1.80439 -3.55937 -29.4208 2.80002 -2.56853 -29.5494 7.39287 -1.43591 -29.169 11.9387 -0.101849 -27.2542 16.312 1.18145 -24.8774 20.4686 2.34512 -22.7648 24.7995 3.95869 -20.1374 28.6809 7.05914 -15.5576 30.7982 10.2904 -10.7861 32.1633 13.3089 -6.11866 34.207 16.7185 -1.39249 35.26 20.5271 2.31956 31.9142 24.049 5.4346 27.746 27.792 9.02567 24.1999 31.291 12.0506 19.9472 32.6914 12.1249 15.4116 33.6011 11.4635 10.7992 34.731 11.1231 6.20071 35.5053 10.2585 1.59734 34.8672 7.42598 -3.07622 33.7504 4.14284 -7.3479 32.9106 1.10659 -11.8589 31.7137 -2.22551 -16.0705 29.3041 -6.10498 -18.59 26.6084 -10.0735 -20.6367 24.1506 -14.0403 -22.9667 21.2877 -17.9277 -24.9404 16.041 -21.7895 -25.0789 10.6035 -25.3669 -24.7671 5.3824 -29.2642 -24.8752 -0.959373 -0.670453 -0.286345 -0.131845 -0.448409 -0.379022 -0.185275 -0.150934 -0.556532 -0.55047 -0.481434 -0.473724 -0.785111 -0.781284 -0.76047 -0.791076 -1.17192 -1.24222 -1.29445 -1.41019 -1.60498 -1.7721 -1.63064 -1.88247 -2.44594 -2.44963 -2.13046 -1.93278 -1.82846 -1.50289 -1.08332 -0.654523 -0.683903 -0.427663 -0.422369 -0.451904 0.328762 1.90416 1.44059 1.61549 1.63048 1.61382 1.62657 1.62369 1.3599 1.39053 1.52904 1.4732 1.25239 1.20764 1.24336 1.0675 2.16665 1.9042 1.6369 1.42514 2.18222 1.96453 1.67893 1.5593 1.94548 1.83995 1.62047 1.61352 1.4803 1.48983 1.4517 1.56778 1.23747 1.32526 1.34833 1.47824 1.10721 1.14366 1.07986 1.19267 0.598079 0.522699 0.288053 0.106638 -0.409845 -0.686093 -1.10176 -1.45615 -1.4705 -1.64904 -1.83218 -1.94663 -1.74772 -1.81673 -1.86563 -1.90888 -1.44968 -1.5195 -1.56599 -1.6691 -0.442146 -0.39019 -0.118514 0.198561 -1.97371
-0.67668 -29.6696 -22.9504 -4.93088 -29.8609 -21.7209 -9.17091 -29.495 -20.4817 -13.4437 -29.4399 -19.3037 -17.6063 -28.6801 -17.9841 -21.5361 -25.6629 -16.4493 -24.9569 -22.0289 -15.0368 -28.6832 -18.7401 -13.553 -31.8866 -14.8982 -12.1816 -33.0285 -11.1383 -11.5157 -33.5932 -7.22078 -11.0468 -34.21 -3.31313 -10.5618 -34.3339 0.656378 -10.2261 -33.2611 4.82168 -10.2548 -31.6641 8.81027 -10.4624 -30.2181 12.858 -10.6264 -28.2717 16.6818 -10.931 -23.0719 20.5602 -11.9524 -17.5158 23.8796 -13.0646 -12.2592 27.6585 -14.1666 -6.66909 30.9408 -15.2172 -0.446518 30.7361 -15.729 5.73447 29.9397 -16.1607 11.94 29.6051 -16.797 18.1308 28.8028 -17.0297 22.7238 25.8913 -15.785 26.9522 22.5377 -14.3718 31.4533 19.4433 -13.2369 35.5396 16.0718 -11.4883 37.3439 11.973 -7.92745 38.4103 7.82501 -4.1336 40.0003 3.59327 -0.626339 40.9219 -0.359249 3.40642 38.2781 -2.76856 8.42604 34.932 -4.69823 13.2294 32.1274 -6.99459 18.2147 28.7152 -8.85874 22.9972 24.3095 -7.95625 25.62 19.8991 -6.33104 27.8586 15.5419 -5.07827 30.4179 11.0453 -3.4493 32.4747 6.13856 -0.0352088 32.5137 1.4758 3.66497 31.9644 -3.28941 7.27117 31.8149 -8.03299 10.8509 31.1689 -11.5856 13.547 28.861 -14.9428 16.1146 26.1492 -18.3786 18.8283 23.6901 -21.7396 21.1671 20.7832 -24.7787 22.1421 16.1482 -27.5269 22.6644 11.2651 -30.4542 23.5978 6.55021 -33.1644 23.8441 1.62438 -34.2872 21.6746 -3.18876 -34.9091 19.0215 -7.84804 -35.8557 16.7617 -12.6577 -36.3657 13.8554 -17.1773 -35.1961 9.46675 -19.935 -33.5603 4.88056 -22.0624 -32.194 0.434917 -24.6323 -30.476 -4.23789 -26.4888 -27.7162 -8.94369 -25.5712 -24.8111 -13.3389 -23.8841 -21.9722 -17.9436 -22.7255 -19.086 -22.284 -20.8722 -16.3239 -24.9162 -16.208 -13.7947 -26.9239 -11.12 -11.1461 -29.3779 -6.29536 -8.55443 -31.32 -1.21347 -6.98986 -31.0631 3.21125 -5.65969 -30.2993 7.65419 -4.299 -29.7586 12.1206 -2.79943 -28.7666 16.4633 -1.05898 -26.3762 20.4419 0.643247 -23.579 24.1636 2.24311 -20.9974 28.0814 4.22361 -18.0199 31.5142 7.5447 -13.3845 33.1124 10.9498 -8.62452 34.0178 14.1902 -3.91037 35.5505 17.7464 0.783736 36.1746 21.554 4.35565 32.6786 25.0865 7.38486 28.4565 28.8406 10.8569 24.8053 32.3342 13.7893 20.4839 33.7113 13.9003 15.9419 34.6133 13.3249 11.3165 35.7388 13.0587 6.71202 36.4762 12.2659 2.08973 35.7134 9.53664 -2.62638 34.4519 6.36387 -6.94101 33.483 3.4434 -11.5023 32.1323 0.206854 -15.7418 29.5297 -3.59816 -18.1816 26.6309 -7.48414 -20.1054 23.9607 -11.3722 -22.3321 20.9204 -15.1804 -24.1915 15.6106 -18.9571 -24.1284 10.1404 -22.4596 -23.6078 4.86419 -26.2812 -23.4761 -0.964606 -0.675542 -0.31237 -0.15753 -0.46615 -0.408322 -0.228446 -0.209671 -0.638882 -0.64299 -0.574872 -0.580878 -0.920772 -0.933693 -0.916492 -0.957323 -1.36896 -1.45506 -1.51794 -1.63314 -1.80467 -1.99706 -1.85852 -2.19604 -2.73111 -2.69945 -2.41287 -2.1515 -1.88708 -1.51463 -1.07262 -0.580211 -0.487875 -0.226739 -0.291262 -0.411699 0.30633 2.15483 1.88626 2.01205 1.77845 1.73938 1.76523 1.76096 1.53177 1.53809 1.61301 1.54604 1.41006 1.37772 1.39581 1.23213 2.31202 2.04628 1.79989 1.57155 2.25047 2.0089 1.72627 1.5887 1.92772 1.79962 1.55745 1.52886 1.43322 1.45088 1.39324 1.50874 1.2266 1.33286 1.35649 1.48288 1.10928 1.15072 1.0966 1.19909 0.580595 0.508866 0.291503 0.112128 -0.410502 -0.680379 -1.08467 -1.4334 -1.44564 -1.62383 -1.80659 -1.92002 -1.71863 -1.78742 -1.83519 -1.87754 -1.42389 -1.49649 -1.53882 -1.64535 -0.441646 -0.395725 -0.132409 0.185611 -1.94163
-0.899899 -28.827 -25.6319 -5.16205 -29.0497 -24.4356 -9.40443 -28.7155 -23.1956 -13.683 -28.6825 -22.038 -17.8463 -27.9825 -20.6876 -21.79 -25.0957 -18.951 -25.2413 -21.604 -17.2779 -28.9872 -18.4582 -15.5529 -32.2279 -14.7455 -13.9352 -33.4344 -11.0461 -13.073 -34.0779 -7.16991 -12.405 -34.7725 -3.30557 -11.7196 -34.9771 0.644443 -11.2291 -33.9958 4.83213 -11.1886 -32.4876 8.85645 -11.3684 -31.1305 12.9364 -11.4894 -29.278 16.8053 -11.8087 -24.2193 20.7833 -13.1163 -18.8007 24.1981 -14.5665 -13.684 28.0602 -15.9912 -8.23357 31.4615 -17.3516 -2.02583 31.5291 -18.0471 4.17312 31.0327 -18.6401 10.3638 30.961 -19.4744 16.5817 30.4836 -19.8402 21.392 28.0604 -18.3874 25.874 25.2068 -16.6866 30.6003 22.5836 -15.307 34.9546 19.7497 -13.2745 37.1496 16.2965 -9.2754 38.6206 12.7757 -5.01201 40.5996 9.17762 -1.02773 41.9538 5.85153 3.42627 39.7694 3.75029 8.79328 36.8798 1.98003 13.942 34.5446 -0.0524694 19.2719 31.5611 -1.74902 24.3916 27.206 -1.30332 27.2091 22.6823 -0.24797 29.56 18.2948 0.515894 32.2564 13.6774 1.55603 34.4247 8.23357 4.0255 34.4189 2.94966 6.74953 33.7909 -2.41306 9.38241 33.5823 -7.73637 12.0054 32.864 -11.6641 14.011 30.4626 -15.3491 15.9322 27.6437 -19.148 17.9717 25.0697 -22.8041 19.6882 22.086 -25.9078 20.263 17.4269 -28.6523 20.495 12.5194 -31.6085 21.0906 7.76783 -34.325 21.0271 2.83975 -35.3617 18.7235 -1.93022 -35.8855 16.0012 -6.56159 -36.7337 13.6625 -11.3518 -37.1588 10.643 -15.8055 -35.9647 6.13369 -18.3498 -34.3205 1.43893 -20.2181 -32.9349 -3.12566 -22.5589 -31.2125 -7.89797 -24.1374 -28.5328 -12.5578 -22.8304 -25.7401 -16.847 -20.7308 -23.013 -21.39 -19.1405 -20.2066 -25.6119 -16.9264 -17.3589 -27.923 -12.1448 -14.6998 -29.5909 -7.00067 -11.9705 -31.7078 -2.06263 -9.21491 -33.3263 3.04624 -7.24526 -32.8645 7.28879 -5.41775 -31.9208 11.5151 -3.58295 -31.1905 15.7804 -1.60978 -30.0243 19.8839 0.646909 -27.5136 23.5137 2.8811 -24.6215 26.8629 5.04404 -21.9358 30.424 7.46437 -18.8639 33.47 10.8347 -14.1221 34.5774 14.1741 -9.25107 35.0173 17.4493 -4.43064 36.0701 20.901 0.378714 36.2333 24.1045 4.18195 32.3925 26.9766 7.49143 27.8893 30.0877 11.2346 23.9156 32.9522 14.4091 19.3119 33.9876 14.6168 14.6833 34.6139 14.1133 10.0043 35.4285 13.9304 5.33076 35.9222 13.1984 0.666173 35.1404 10.4312 -4.02468 33.9472 7.17912 -8.29945 33.0122 4.18287 -12.8185 31.7092 0.896579 -17.0346 29.2019 -2.93103 -19.538 26.4122 -6.84788 -21.5581 23.8575 -10.7701 -23.859 20.9016 -14.594 -25.8198 15.5553 -18.3144 -26.011 10.0209 -21.7452 -25.7631 4.68824 -25.4871 -25.909 -1.02741 -0.740064 -0.366331 -0.207102 -0.509494 -0.439681 -0.255109 -0.227422 -0.642196 -0.644297 -0.583061 -0.5877 -0.918297 -0.934169 -0.930998 -0.972792 -1.35919 -1.45337 -1.53648 -1.66449 -1.83124 -2.01081 -1.8743 -2.20065 -2.67626 -2.65831 -2.39934 -2.13149 -1.81623 -1.42229 -0.971901 -0.455665 -0.295754 -0.00936726 -0.06285 -0.158496 0.34338 1.88925 1.81553 2.16277 1.96255 1.89731 1.88695 1.85202 1.62208 1.60505 1.63785 1.55137 1.44813 1.40936 1.39674 1.2247 2.32369 2.05732 1.80626 1.57089 2.23374 1.98855 1.70799 1.56863 1.89632 1.76636 1.52711 1.49521 1.4044 1.4264 1.36586 1.48307 1.23876 1.35832 1.37854 1.51059 1.15292 1.20018 1.14849 1.24373 0.590963 0.508118 0.297442 0.105354 -0.469056 -0.747679 -1.14025 -1.49184 -1.53181 -1.71116 -1.87823 -1.99075 -1.81061 -1.88105 -1.9221 -1.9632 -1.50809 -1.58304 -1.63458 -1.7401 -0.510661 -0.467659 -0.20803 0.104224 -1.98922
1.28742 -29.5892 -25.0772 -2.9387 -29.9255 -23.7836 -7.15384 -29.6517 -22.4401 -11.4015 -29.6978 -21.1741 -15.5462 -29.04 -19.7475 -19.4678 -26.1079 -18.037 -22.8726 -22.5403 -16.4297 -26.5722 -19.3242 -14.7349 -29.7907 -15.5466 -13.2272 -31.0181 -11.8089 -12.5885 -31.6896 -7.90012 -12.1936 -32.4092 -4.00204 -11.7781 -32.6789 -0.0316195 -11.559 -31.8432 4.17987 -11.8165 -30.509 8.23976 -12.3059 -29.3162 12.3485 -12.7506 -27.6526 16.2763 -13.3045 -22.8871 20.6039 -14.603 -17.7456 24.4514 -15.977 -12.9394 28.6927 -17.4044 -7.7408 32.5058 -18.6541 -1.52188 33.0955 -18.6914 4.72333 33.1248 -18.5448 10.9493 33.6254 -18.6557 17.1884 33.5923 -18.3458 21.8804 31.1093 -16.6306 26.1908 28.1079 -14.7505 30.7907 25.4133 -13.1062 34.9529 22.3768 -10.9668 36.7832 18.2418 -7.46143 37.8843 13.9469 -3.8452 39.4965 9.62969 -0.454135 40.4804 5.52833 3.41188 38.0245 2.61061 8.25413 34.9013 0.0763528 12.9249 32.3114 -2.8126 17.7143 29.0821 -5.18361 22.3985 24.7676 -4.72975 25.2765 20.3671 -3.51686 27.7803 16.0637 -2.68213 30.589 11.5603 -1.46244 32.8987 6.46569 1.64967 33.2052 1.60054 5.1116 32.9224 -3.34961 8.45976 33.0649 -8.31553 11.7627 32.6601 -12.1059 14.1588 30.3999 -15.6955 16.4048 27.7005 -19.3725 18.818 25.2771 -22.952 20.8107 22.3734 -26.0685 21.2488 17.708 -28.8249 21.1967 12.8019 -31.8052 21.5836 8.04391 -34.5149 21.2487 3.12304 -35.399 18.54 -1.46119 -35.7071 15.3839 -5.82913 -36.3614 12.588 -10.3996 -36.5961 9.20497 -14.5989 -35.2107 4.59853 -16.856 -33.3809 -0.126617 -18.4558 -31.7936 -4.77066 -20.4925 -29.9119 -9.54684 -21.8639 -27.1189 -14.1634 -20.6434 -24.2142 -18.467 -18.7341 -21.3841 -22.9938 -17.284 -18.4538 -27.2256 -15.257 -15.3401 -29.736 -10.7496 -12.3723 -31.6784 -5.8779 -9.34507 -34.0636 -1.24534 -6.31259 -35.8906 3.63108 -4.23629 -35.4313 7.82271 -2.34064 -34.4423 12.0085 -0.404381 -33.7001 16.2266 1.56275 -32.4337 20.3031 3.4765 -29.6067 23.8972 5.24734 -26.3426 27.1809 7.0094 -23.3149 30.6881 8.92055 -19.854 33.6785 11.3067 -14.5308 34.6986 13.5854 -9.07588 35.0481 15.814 -3.67358 36.0078 18.2585 1.71963 36.0968 20.8101 5.96977 32.2361 23.1574 9.66449 27.7284 25.6276 13.8458 23.7416 28.0073 17.3935 19.134 29.2007 17.6523 14.5463 30.1398 17.1243 9.92264 31.2053 16.9478 5.2996 32.0368 16.1792 0.689206 31.9314 13.1929 -3.93067 31.4813 9.67153 -8.1344 31.2744 6.43239 -12.5772 30.6822 2.87389 -16.7317 28.7565 -1.28334 -19.2244 26.513 -5.53553 -21.2469 24.5442 -9.78217 -23.5479 22.0948 -13.9531 -25.4993 17.0314 -18.0521 -25.6435 11.7189 -21.8125 -25.3296 6.6561 -25.9135 -25.4319 -0.880936 -0.598888 -0.230991 -0.0759985 -0.384265 -0.329948 -0.159074 -0.136243 -0.549496 -0.55685 -0.501404 -0.506418 -0.833181 -0.84196 -0.8285 -0.870314 -1.27863 -1.35759 -1.4012 -1.51848 -1.77624 -1.93733 -1.77697 -2.02277 -2.48249 -2.48885 -2.20792 -1.98361 -1.78516 -1.42369 -0.98369 -0.499513 -0.423654 -0.133202 -0.116308 -0.174406 0.00236499 1.82824 1.6807 2.11542 1.99154 1.92024 1.9126 1.87442 1.59519 1.5925 1.67299 1.59291 1.43304 1.3944 1.40713 1.23664 2.32251 2.05583 1.80646 1.57534 2.24009 1.99636 1.72542 1.58906 1.90638 1.77704 1.55018 1.52318 1.44037 1.46522 1.40161 1.53372 1.31354 1.43468 1.45564 1.58196 1.18618 1.21259 1.15958 1.22385 0.488671 0.380499 0.173519 -0.0381343 -0.670304 -0.952835 -1.33053 -1.681 -1.74201 -1.9188 -2.0711 -2.17696 -1.9972 -2.05809 -2.08848 -2.11534 -1.62833 -1.68276 -1.72289 -1.80811 -0.529961 -0.460859 -0.183016 0.143136 -2.0858
1.24144 -30.495 -24.6754 -2.90458 -30.7032 -23.1218 -7.00471 -30.216 -21.5096 -11.162 -30.0711 -19.9787 -15.1674 -29.2023 -18.2912 -18.7574 -26.0022 -16.3485 -21.7533 -22.1695 -14.5488 -25.0606 -18.6668 -12.6262 -27.9057 -14.6584 -10.9708 -28.8977 -10.8455 -10.369 -29.3612 -6.89851 -10.0657 -29.8673 -2.95873 -9.7378 -29.9781 1.02408 -9.63761 -29.0983 5.2091 -10.0992 -27.7805 9.23748 -10.8326 -26.5894 13.3128 -11.522 -24.9584 17.2174 -12.2941 -20.3557 21.6414 -13.8329 -15.3929 25.6332 -15.4335 -10.7744 29.9802 -17.1364 -5.72792 33.9322 -18.565 0.452227 34.7979 -18.2812 6.66767 35.106 -17.7349 12.8599 35.8948 -17.4925 19.0644 36.1145 -16.7996 23.6562 33.7451 -14.6962 27.8311 30.8273 -12.4205 32.3238 28.2495 -10.3485 36.3379 25.2628 -7.88099 37.896 20.9439 -4.46697 38.7164 16.4236 -1.05676 40.0707 11.923 2.20622 40.7455 7.56706 5.85388 37.9207 4.13326 10.1225 34.4472 1.05514 14.1787 31.4939 -2.39178 18.3488 27.9081 -5.25508 22.464 23.4262 -5.04206 25.1042 18.8863 -4.02211 27.4396 14.4158 -3.42239 30.0394 9.79063 -2.35779 32.1791 4.81929 0.943486 32.5273 0.160957 4.68631 32.3665 -4.61502 8.2723 32.6217 -9.40489 11.8325 32.282 -12.9862 14.4831 29.9658 -16.3436 16.9814 27.1903 -19.7996 19.6584 24.7191 -23.1422 21.8778 21.6997 -25.8875 22.3879 16.8137 -28.2274 22.333 11.6958 -30.8154 22.7563 6.71651 -33.1131 22.4236 1.59015 -33.5752 19.6239 -3.00132 -33.4526 16.3533 -7.2936 -33.6529 13.4449 -11.8363 -33.511 9.96437 -15.9593 -32.0401 5.27634 -17.9822 -30.2111 0.467989 -19.3122 -28.5619 -4.26092 -21.0876 -26.7211 -9.11742 -22.2098 -24.3 -13.878 -20.7682 -21.8426 -18.364 -18.6607 -19.4321 -23.0559 -16.9936 -16.9261 -27.4648 -14.7833 -14.2221 -30.2458 -10.1716 -11.6323 -32.4908 -5.21512 -9.02092 -35.1789 -0.496116 -6.34145 -37.279 4.47613 -4.33534 -36.9306 8.71238 -2.44123 -36.0196 12.9165 -0.52221 -35.3794 17.1591 1.42043 -34.1566 21.2606 3.29866 -31.2438 24.8045 5.03461 -27.8597 27.9837 6.78627 -24.7299 31.4055 8.60501 -21.1419 34.3022 10.5865 -15.6271 35.1564 12.393 -9.98969 35.3242 14.192 -4.40119 36.1016 16.1683 1.18095 36.0339 18.1916 5.63662 32.0928 20.0348 9.54689 27.5329 21.9537 13.9473 23.479 23.8748 17.6968 18.8176 25.0469 18.0458 14.2304 26.0649 17.5879 9.61592 27.1616 17.4942 4.99775 28.1099 16.7797 0.401219 28.4274 13.7384 -4.1729 28.4766 10.1253 -8.32219 28.7447 6.81588 -12.7097 28.6256 3.15903 -16.8189 27.1248 -1.17628 -19.3003 25.2966 -5.62296 -21.3226 23.7773 -10.0504 -23.6236 21.6855 -14.4203 -25.5557 16.7438 -18.6675 -25.6029 11.4981 -22.5083 -25.1642 6.53558 -26.7314 -25.1909 -0.830768 -0.551817 -0.17173 -0.0205023 -0.339755 -0.291693 -0.126397 -0.0985178 -0.491815 -0.497006 -0.450267 -0.450623 -0.759625 -0.76154 -0.752621 -0.797433 -1.20622 -1.27796 -1.3012 -1.41309 -1.73777 -1.88743 -1.70523 -1.92264 -2.31379 -2.32155 -2.04029 -1.84235 -1.7038 -1.36503 -0.943788 -0.49173 -0.454841 -0.157253 -0.0962909 -0.0841973 0.0957913 1.53718 1.32818 1.8887 2.01891 1.95166 1.90828 1.85285 1.57213 1.57088 1.6574 1.5799 1.42321 1.39761 1.43237 1.28576 2.38548 2.13188 1.90198 1.68008 2.32809 2.08532 1.83195 1.69332 1.96424 1.82002 1.60312 1.56224 1.43261 1.44377 1.36715 1.49066 1.30471 1.43198 1.43758 1.56173 1.17212 1.19382 1.13218 1.17978 0.406788 0.284373 0.0774084 -0.146931 -0.818474 -1.10461 -1.47063 -1.81985 -1.8978 -2.07199 -2.21076 -2.31297 -2.14027 -2.19413 -2.21294 -2.22841 -1.72196 -1.76114 -1.79048 -1.85828 -0.543848 -0.457868 -0.158378 0.17509 -2.12976
0.0403394 -30.4494 -26.1584 -4.04225 -30.6339 -24.4423 -8.04546 -30.0688 -22.625 -12.1289 -29.8581 -20.9137 -16.0098 -28.9125 -18.9926 -19.2821 -25.6092 -16.694 -21.8837 -21.672 -14.5415 -24.8161 -18.0495 -12.2649 -27.2949 -13.9608 -10.2548 -28.0365 -10.1398 -9.39772 -28.2692 -6.19853 -8.85218 -28.5399 -2.26319 -8.28181 -28.4674 1.70835 -7.95488 -27.5091 5.89326 -8.21887 -26.1677 9.94172 -8.77834 -24.9387 14.0325 -9.28539 -23.3057 17.9618 -9.91526 -18.8511 22.5288 -11.4719 -14.0619 26.7002 -13.142 -9.61822 31.2151 -14.8728 -4.71871 35.3224 -16.3732 1.45522 36.2746 -16.3589 7.68571 36.6513 -16.1052 13.8729 37.5125 -16.1535 20.0982 37.8118 -15.7292 24.7784 35.5 -13.7612 29.046 32.6306 -11.5985 33.6245 30.1023 -9.65744 37.7413 27.1717 -7.29408 39.4417 22.9174 -3.86703 40.4066 18.4626 -0.408692 41.9045 14.038 2.8952 42.7231 9.7298 6.57 40.0279 6.19666 10.8414 36.6764 2.98792 14.899 33.8542 -0.561977 19.0734 30.3786 -3.56411 23.1842 25.8692 -3.61901 25.7853 21.2428 -2.89596 28.0609 16.7089 -2.575 30.5996 12.0042 -1.80984 32.6936 6.8312 1.16462 33.0484 1.94119 4.60064 32.9215 -3.06264 7.85998 33.1911 -8.0619 11.1236 32.8913 -11.7681 13.6916 30.681 -15.2416 16.1634 28.0273 -18.8271 18.7773 25.6759 -22.2623 20.999 22.7641 -24.9837 21.7718 17.8993 -27.2724 22.0556 12.7659 -29.8349 22.7819 7.80838 -32.0634 22.7757 2.64087 -32.3141 20.3567 -2.17775 -31.9486 17.4809 -6.73094 -31.9154 14.9852 -11.5169 -31.5456 11.8517 -15.8962 -29.9205 7.31679 -18.1382 -27.962 2.61312 -19.6463 -26.1473 -1.97227 -21.6251 -24.2235 -6.75477 -22.9137 -22.0495 -11.6397 -21.4946 -19.9327 -16.2823 -19.357 -17.8047 -21.1054 -17.6796 -15.6445 -25.6871 -15.4558 -13.5724 -28.8404 -10.7572 -11.6585 -31.4958 -5.69757 -9.72355 -34.5658 -0.886628 -7.67191 -37.0855 4.18832 -5.96241 -37.1413 8.56624 -4.29597 -36.6546 12.9341 -2.64114 -36.441 17.3282 -0.880668 -35.6185 21.6079 1.06427 -33.0466 25.3727 2.96131 -29.9728 28.7676 4.83746 -27.1794 32.4077 6.82113 -23.8678 35.5174 9.12154 -18.5074 36.5395 11.2599 -12.9922 36.8247 13.4036 -7.54844 37.7422 15.6827 -2.08286 37.804 17.7676 2.40618 33.9335 19.6122 6.3758 29.4257 21.5802 10.8033 25.4253 23.4975 14.6355 20.83 24.5325 15.1982 16.2311 25.3877 15.0011 11.5653 26.3263 15.1473 6.91381 27.1238 14.7073 2.25459 27.3135 12.0442 -2.55631 27.2588 8.81074 -7.00778 27.4041 5.88732 -11.6668 27.1914 2.59523 -16.0702 25.7073 -1.52257 -18.9066 23.9285 -5.79907 -21.3051 22.4523 -10.0239 -23.9842 20.3877 -14.2379 -26.2611 15.4711 -18.5056 -26.5344 10.2496 -22.3949 -26.2673 5.31722 -26.6449 -26.5315 -0.88244 -0.603435 -0.200535 -0.0486624 -0.374131 -0.316926 -0.140058 -0.0987258 -0.46949 -0.465497 -0.420018 -0.409538 -0.694509 -0.689893 -0.691795 -0.7339 -1.11033 -1.19207 -1.24399 -1.36903 -1.65676 -1.81158 -1.6315 -1.85775 -2.30479 -2.31438 -2.02862 -1.82717 -1.6814 -1.34375 -0.927436 -0.478608 -0.438105 -0.136562 -0.0641535 -0.0219018 0.158181 1.35618 1.1734 1.78824 2.04424 1.97478 1.8998 1.83026 1.57034 1.56061 1.62331 1.54128 1.41487 1.39357 1.41571 1.27327 2.40922 2.16919 1.94394 1.73078 2.39075 2.15903 1.9168 1.78063 2.02971 1.87927 1.67147 1.62031 1.42908 1.42237 1.34366 1.44763 1.25524 1.3789 1.36814 1.49775 1.14666 1.17845 1.10714 1.16738 0.427631 0.312696 0.102834 -0.119472 -0.787629 -1.08134 -1.4586 -1.81979 -1.90998 -2.09305 -2.23876 -2.34956 -2.19094 -2.2515 -2.27234 -2.29528 -1.80873 -1.84936 -1.86897 -1.93592 -0.644087 -0.5476 -0.220516 0.118158 -2.17639
-1.44598 -30.2051 -28.2733 -5.35481 -30.289 -26.1851 -9.11404 -29.5912 -23.9425 -12.9939 -29.2457 -21.8272 -16.5983 -28.1842 -19.476 -19.3658 -24.8152 -16.6665 -21.4036 -20.8409 -14.029 -23.7741 -17.1638 -11.2428 -25.7342 -13.0409 -8.78057 -26.1777 -9.22871 -7.70556 -26.1578 -5.30623 -6.99894 -26.1697 -1.38897 -6.26373 -25.9058 2.56223 -5.81242 -24.898 6.7371 -6.05015 -23.5794 10.7885 -6.6415 -22.3559 14.8778 -7.17393 -20.7727 18.8222 -7.83526 -16.5782 23.5775 -9.54353 -12.0806 27.9896 -11.3956 -7.93415 32.7045 -13.3204 -3.28945 37.0482 -14.9591 2.81385 38.3696 -14.792 8.99867 39.12 -14.3334 15.1182 40.3692 -14.2074 21.3013 41.0095 -13.5883 25.9602 38.8154 -11.4431 30.1831 36.015 -9.10892 34.734 33.6035 -6.96482 38.8022 30.7032 -4.48301 40.3752 26.2101 -1.30924 41.1964 21.475 1.79571 42.569 16.8101 4.81081 43.2281 12.1947 8.12725 40.3355 8.14875 11.768 36.793 4.4194 15.1644 33.7699 0.335092 18.6532 30.1049 -3.15626 22.1702 25.5229 -3.48936 24.6193 20.8366 -3.00069 26.8339 16.2274 -2.94774 29.254 11.4744 -2.39614 31.3055 6.37259 0.642996 31.9899 1.58864 4.2132 32.3094 -3.31354 7.56472 32.9951 -8.23637 10.9547 33.0809 -11.9309 13.7291 31.1139 -15.402 16.4244 28.6841 -18.9819 19.255 26.589 -22.4082 21.6954 23.8466 -25.0492 22.6561 18.971 -27.2151 23.0814 13.7943 -29.6837 23.9712 8.81578 -31.782 24.113 3.59599 -31.7904 21.7904 -1.2763 -31.1462 18.9961 -5.84925 -30.8366 16.5863 -10.6692 -30.2212 13.5386 -15.0813 -28.4758 9.05386 -17.3339 -26.4371 4.3849 -18.8436 -24.5065 -0.153911 -20.8201 -22.5338 -4.91107 -22.1283 -20.5451 -9.89499 -20.7834 -18.6729 -14.6805 -18.7346 -16.7605 -19.6197 -17.1375 -14.837 -24.3485 -15.0061 -13.0985 -27.8245 -10.4009 -11.526 -30.8434 -5.4282 -9.94593 -34.2565 -0.719862 -8.20623 -37.1315 4.2822 -6.59418 -37.4768 8.68375 -4.97924 -37.2782 13.0934 -3.39839 -37.363 17.5189 -1.66665 -36.8017 21.8522 0.374868 -34.4072 25.6823 2.40918 -31.4785 29.1258 4.40777 -28.8528 32.825 6.52703 -25.6638 35.9732 8.98643 -20.3613 36.924 11.2653 -14.8977 37.0885 13.5686 -9.50403 37.9104 15.979 -4.09495 37.8594 18.0264 0.29139 33.8535 19.7913 4.14232 29.2128 21.7049 8.45048 25.0586 23.5502 12.184 20.3539 24.493 12.7536 15.736 25.2546 12.5976 11.0525 26.0985 12.7625 6.38353 26.8054 12.3925 1.70364 26.929 9.9442 -3.22218 26.8328 6.95643 -7.84147 26.9331 4.26551 -12.6397 26.6588 1.21212 -17.2086 25.084 -2.68239 -20.3 23.2129 -6.74244 -22.9871 21.6556 -10.7362 -25.9587 19.4742 -14.7525 -28.4717 14.4079 -18.8402 -28.7646 9.04776 -22.5315 -28.4414 3.9431 -26.5712 -28.7328 -0.945891 -0.66162 -0.233718 -0.074699 -0.390398 -0.325487 -0.152485 -0.0991403 -0.434157 -0.420621 -0.38474 -0.364687 -0.619085 -0.604503 -0.617039 -0.658875 -1.01166 -1.09256 -1.14588 -1.27556 -1.58594 -1.73125 -1.53978 -1.74099 -2.17724 -2.19596 -1.90162 -1.72509 -1.64001 -1.32313 -0.921179 -0.500153 -0.497633 -0.189191 -0.0721329 0.0198789 0.0825864 1.08331 0.901295 1.5494 2.06103 1.99544 1.88565 1.79577 1.52276 1.5145 1.58685 1.50427 1.37418 1.36005 1.39204 1.25922 2.41271 2.18325 1.96643 1.76196 2.4245 2.19857 1.96864 1.83425 2.05882 1.90222 1.70255 1.64544 1.42154 1.40434 1.31883 1.41372 1.23534 1.35867 1.33232 1.46737 1.14377 1.17849 1.09486 1.15787 0.429774 0.310933 0.0923835 -0.133541 -0.800883 -1.09416 -1.46907 -1.82787 -1.91844 -2.10152 -2.24781 -2.36148 -2.20866 -2.27346 -2.29939 -2.32576 -1.84017 -1.87959 -1.89286 -1.95983 -0.695934 -0.59543 -0.234054 0.106254 -2.18085
-1.42269 -31.7303 -25.8153 -5.34213 -31.5774 -23.7511 -9.10261 -30.6635 -21.5897 -12.9839 -30.0943 -19.526 -16.5923 -28.8251 -17.2865 -19.3969 -25.2864 -14.7342 -21.4995 -21.1743 -12.3733 -23.923 -17.339 -9.85932 -25.9435 -13.0927 -7.67076 -26.4553 -9.24089 -6.78385 -26.5149 -5.29224 -6.24521 -26.6044 -1.34775 -5.68078 -26.4167 2.62231 -5.3829 -25.4908 6.80806 -5.73506 -24.2531 10.8714 -6.41277 -23.1104 14.9711 -7.03651 -21.6023 18.9298 -7.78261 -17.4901 23.7322 -9.55808 -13.0655 28.1968 -11.4597 -8.99897 32.964 -13.4255 -4.42509 37.3533 -15.1402 1.67672 38.6915 -15.1811 7.87221 39.4559 -14.9425 13.9882 40.7266 -15.0169 20.1896 41.3747 -14.6341 24.9484 39.1077 -12.8076 29.2893 36.2263 -10.8133 33.9467 33.7478 -8.99986 38.1364 30.7528 -6.85553 39.8629 26.0971 -4.01328 40.8337 21.1962 -1.22489 42.3537 16.3752 1.45543 43.168 11.5811 4.47023 40.4281 7.32341 7.98535 37.0221 3.39378 11.2945 34.1387 -0.902329 14.6444 30.6189 -4.58531 18.114 26.1624 -5.02976 20.7683 21.5907 -4.62954 23.2268 17.1028 -4.68381 25.8651 12.4595 -4.21486 28.1723 7.48914 -1.09387 29.3073 2.84867 2.58466 30.1252 -1.90785 6.01169 31.2937 -6.70844 9.52846 31.8595 -10.3756 12.5656 30.2644 -13.8345 15.5576 28.1907 -17.3813 18.6693 26.4717 -20.8268 21.407 24.0532 -23.6442 22.6861 19.3525 -26.0143 23.4034 14.2989 -28.6612 24.6152 9.48267 -30.9781 25.021 4.37028 -31.2835 22.7395 -0.511833 -30.9257 19.9137 -5.09681 -30.9042 17.5083 -9.92888 -30.5803 14.4317 -14.3519 -29.0903 9.84547 -16.5834 -27.2848 5.06691 -18.0464 -25.6011 0.415072 -19.9855 -23.8558 -4.43975 -21.2575 -21.9905 -9.4597 -19.8704 -20.2037 -14.2601 -17.7805 -18.401 -19.2271 -16.1426 -16.559 -23.9701 -13.9712 -14.7562 -27.3777 -9.33965 -13.0861 -30.3096 -4.34678 -11.4273 -33.6537 0.383946 -9.59543 -36.4333 5.40698 -7.88233 -36.6296 9.77943 -6.16333 -36.258 14.1382 -4.47896 -36.1773 18.5255 -2.6434 -35.4469 22.7903 -0.50907 -32.8807 26.4552 1.60354 -29.7851 29.6996 3.68224 -26.9767 33.2159 5.88979 -23.6555 36.1603 8.47442 -18.3694 36.8281 10.88 -12.9591 36.7162 13.2973 -7.57908 37.2497 15.851 -2.24496 36.9389 18.1593 1.86782 32.7874 20.2012 5.4379 28.0371 22.3848 9.48219 23.7527 24.5 12.9178 18.936 25.6022 13.2034 14.3271 26.4986 12.7619 9.6859 27.4931 12.6469 5.04515 28.3131 11.9779 0.417179 28.4148 9.18409 -4.32172 28.2472 5.86659 -8.70806 28.3039 2.83643 -13.3003 27.9544 -0.540393 -17.6302 26.2073 -4.61587 -20.3766 24.137 -8.81012 -22.6848 22.385 -12.975 -25.2905 20.0236 -17.1002 -27.4377 14.8126 -21.0119 -27.3538 9.33154 -24.4729 -26.6898 4.08341 -28.3342 -26.5954 -0.820458 -0.53926 -0.122274 0.0326695 -0.289067 -0.231769 -0.065291 -0.0180587 -0.361674 -0.35261 -0.317041 -0.3002 -0.562598 -0.551258 -0.561154 -0.604196 -0.968288 -1.05624 -1.11881 -1.2547 -1.54658 -1.69699 -1.51002 -1.71068 -2.2295 -2.25806 -1.95131 -1.78079 -1.71656 -1.40473 -1.00197 -0.583631 -0.596169 -0.278949 -0.128125 -0.0210447 -0.114962 0.850614 0.67605 1.47012 2.14437 2.04715 1.90143 1.79307 1.51402 1.51317 1.60292 1.52289 1.37349 1.3635 1.41211 1.26853 2.38621 2.15212 1.93817 1.7263 2.37564 2.14431 1.90906 1.76791 1.99 1.82996 1.62274 1.56173 1.34986 1.33386 1.24159 1.33895 1.17633 1.30296 1.27408 1.40919 1.08599 1.11863 1.03162 1.09141 0.367128 0.250279 0.0328761 -0.186518 -0.829303 -1.10724 -1.47041 -1.81162 -1.87509 -2.04673 -2.19034 -2.29631 -2.12608 -2.18545 -2.21141 -2.23195 -1.73147 -1.76919 -1.78606 -1.85002 -0.571196 -0.47646 -0.126989 0.209834 -2.19155
1.05357 -31.2493 -26.7449 -2.91957 -31.0666 -24.7885 -6.73616 -30.1414 -22.7329 -10.6659 -29.5506 -20.7693 -14.3495 -28.2853 -18.6536 -17.3358 -24.7919 -16.2493 -19.6653 -20.732 -14.0144 -22.2987 -16.9498 -11.6346 -24.5414 -12.7501 -9.57636 -25.2472 -8.91196 -8.76692 -25.5103 -4.96347 -8.29181 -25.8036 -1.0202 -7.79163 -25.7932 2.95816 -7.55114 -25.0034 7.16809 -7.94427 -23.8793 11.2587 -8.65544 -22.8598 15.3847 -9.3177 -21.4348 19.372 -10.0753 -17.2823 24.1843 -11.7255 -12.7845 28.6376 -13.476 -8.6528 33.3934 -15.3301 -4.02573 37.7921 -16.8689 2.04497 39.212 -16.4752 8.19313 40.0631 -15.7674 14.2805 41.4096 -15.3722 20.4293 42.1525 -14.5571 25.1662 40.0625 -12.4798 29.5181 37.3808 -10.2454 34.1611 35.1106 -8.14517 38.3728 32.2749 -5.83373 40.3018 27.5569 -3.23478 41.5446 22.5424 -0.775895 43.3266 17.6742 1.64524 44.357 12.7125 4.30119 41.7552 7.85354 7.06034 38.4689 3.27539 9.55711 35.7381 -1.64041 12.0811 32.2973 -5.9618 14.8155 27.7422 -6.90864 17.1518 23.0304 -6.96168 19.3656 18.4073 -7.51967 21.6938 13.6476 -7.46167 23.8022 8.75741 -4.35863 25.2821 4.27909 -0.626128 26.6042 -0.359882 2.78899 28.2014 -5.02159 6.38503 29.2361 -8.51034 9.83676 28.1728 -11.7746 13.3436 26.6682 -15.1075 16.9249 25.5353 -18.4124 20.1756 23.6048 -21.2829 22.0589 19.1458 -23.7492 23.3445 14.2534 -26.4576 25.1733 9.67172 -28.8804 26.0888 4.67561 -29.3895 23.9319 -0.245992 -29.2084 21.0896 -4.83117 -29.3654 18.7263 -9.68151 -29.2366 15.6528 -14.1167 -27.9599 10.9719 -16.2827 -26.3598 6.08655 -17.6275 -24.8773 1.32171 -19.453 -23.3525 -3.62382 -20.6573 -21.7184 -8.73529 -19.3136 -20.1457 -13.6443 -17.3055 -18.5638 -18.7076 -15.7356 -16.9421 -23.5639 -13.6406 -15.328 -27.177 -9.0959 -13.8256 -30.3403 -4.19184 -12.3436 -33.9217 0.422422 -10.6886 -36.8973 5.3943 -9.12103 -37.1107 9.82021 -7.55203 -36.7037 14.2321 -6.01716 -36.6154 18.6738 -4.32783 -35.8224 22.9875 -2.35313 -33.0762 26.6111 -0.410123 -29.7674 29.7495 1.49413 -26.7452 33.1864 3.55585 -23.245 36.0272 6.08838 -17.9102 36.4698 8.47097 -12.501 36.1019 10.8284 -7.07447 36.3604 13.3857 -1.75657 35.8593 16.0512 2.17582 31.7471 18.525 5.57894 27.0803 21.092 9.44341 22.8428 23.6335 12.723 18.1244 25.1665 12.9884 13.6392 26.5209 12.5787 9.10738 27.9723 12.4815 4.58823 29.2257 11.835 0.0551262 29.7279 9.10101 -4.69316 29.9242 5.85531 -9.1317 30.3772 2.90547 -13.7542 30.364 -0.425066 -18.1337 28.7314 -4.49556 -20.9569 26.7139 -8.67969 -23.3293 25.0456 -12.8352 -26.004 22.7343 -16.9538 -28.2174 17.4723 -20.7973 -28.1818 11.9275 -24.1606 -27.5447 6.61986 -27.9401 -27.469 -0.696957 -0.423844 -0.0166846 0.138391 -0.179853 -0.125667 0.0340106 0.0771642 -0.271814 -0.266571 -0.233351 -0.223417 -0.497339 -0.488107 -0.490907 -0.534441 -0.914863 -0.989228 -1.02493 -1.14932 -1.47189 -1.61793 -1.4426 -1.62474 -2.02178 -2.06324 -1.78395 -1.64921 -1.65335 -1.37224 -0.994097 -0.61066 -0.658398 -0.342512 -0.16513 -0.0134649 -0.133838 0.597056 0.409156 1.0653 2.16688 2.08675 1.86797 1.7443 1.51852 1.53262 1.63449 1.55327 1.38012 1.3819 1.46606 1.31302 2.3825 2.14784 1.94656 1.73253 2.36912 2.13605 1.90314 1.75562 1.95791 1.78989 1.5812 1.51187 1.28367 1.25922 1.15527 1.24984 1.09778 1.22111 1.18043 1.31122 0.984722 1.00956 0.91169 0.96343 0.241888 0.131018 -0.0785779 -0.288447 -0.908881 -1.16957 -1.52143 -1.85078 -1.89349 -2.05994 -2.20989 -2.31423 -2.12662 -2.1848 -2.21964 -2.23899 -1.72165 -1.75769 -1.77709 -1.83797 -0.549618 -0.454874 -0.104699 0.23314 -2.29006
3.05442 -29.1275 -27.5772 -1.09632 -28.9204 -26.0361 -5.11806 -27.989 -24.4218 -9.23125 -27.3863 -22.8837 -13.1418 -26.1237 -21.2223 -16.5086 -22.651 -19.3495 -19.269 -18.6148 -17.6195 -22.3333 -14.8588 -15.7739 -24.9599 -10.6818 -14.175 -25.8689 -6.85079 -13.557 -26.3041 -2.90425 -13.2093 -26.7742 1.03647 -12.8415 -26.8614 5.01675 -12.6543 -26.0088 9.22409 -12.9247 -24.7505 13.3052 -13.438 -23.6155 17.4255 -13.925 -22.0154 21.3876 -14.4187 -17.395 25.9817 -15.2377 -12.3962 30.1567 -16.0788 -7.73589 34.6746 -17.0772 -2.67103 38.806 -17.7139 3.35142 39.8336 -16.4107 9.37614 40.2848 -14.8218 15.4067 41.2227 -13.4884 21.4222 41.5891 -11.8442 25.9357 39.3586 -9.44113 30.0971 36.6029 -6.94878 34.5233 34.2303 -4.51923 38.5552 31.304 -2.00883 40.5408 26.4908 0.362886 41.9431 21.3792 2.51724 43.8623 16.4476 4.69267 44.9855 11.3437 7.02144 42.4125 6.15143 9.12182 39.145 1.24216 10.9151 36.4793 -4.00415 12.749 32.9945 -8.65412 14.8043 28.2564 -9.75221 16.6613 23.3636 -9.87063 18.4365 18.5442 -10.5423 20.2876 13.6248 -10.5283 21.9912 8.80064 -7.28497 23.3848 4.47258 -3.37936 24.7072 -0.0605235 0.197435 26.2538 -4.59089 3.95886 27.284 -7.9137 7.61368 26.3796 -11.0076 11.353 25.0905 -14.1541 15.1573 24.1714 -17.3261 18.6277 22.4077 -20.2167 20.673 18.0338 -22.7463 22.0766 13.2065 -25.4931 24.0683 8.71659 -27.9743 25.0608 3.76402 -28.5705 22.7624 -1.08322 -28.4491 19.707 -5.53128 -28.6793 17.1533 -10.2812 -28.6088 13.8871 -14.5777 -27.3303 9.08992 -16.4713 -25.7069 4.13488 -17.4945 -24.2077 -0.732934 -19.0082 -22.6663 -5.73466 -19.9248 -20.984 -10.7682 -18.3638 -19.3476 -15.5778 -16.1745 -17.7006 -20.5545 -14.407 -16.032 -25.3117 -12.1292 -14.4345 -28.7792 -7.46688 -12.9574 -31.8046 -2.46898 -11.4784 -35.2672 2.23605 -9.87553 -38.0676 7.32537 -8.50838 -38.0073 11.8219 -7.18847 -37.2892 16.2755 -5.88227 -36.9115 20.7747 -4.45588 -35.781 25.1081 -2.85493 -32.6291 28.5828 -1.31584 -28.9188 31.4876 0.190046 -25.4813 34.7262 1.86365 -21.6102 37.3311 4.03984 -16.1027 37.3675 6.10843 -10.6123 36.5628 8.11202 -5.04317 36.3578 10.3715 0.36229 35.4939 13.138 4.18405 31.3443 15.8096 7.47471 26.706 18.5087 11.2179 22.4418 21.2423 14.4076 17.7694 23.1317 14.7185 13.4252 24.9085 14.4123 9.03342 26.7629 14.4056 4.66305 28.4267 13.8447 0.252248 29.422 11.2048 -4.47145 30.11 8.05301 -8.92865 31.0717 5.21766 -13.5449 31.5183 1.94436 -17.9448 30.1459 -2.1785 -20.8298 28.3278 -6.42821 -23.2464 26.8938 -10.6457 -25.9597 24.7706 -14.8252 -28.2463 19.5221 -18.6837 -28.4086 13.9526 -22.0382 -27.9717 8.65893 -25.8372 -28.0493 -0.548128 -0.293324 0.0911783 0.237602 -0.0942667 -0.0461839 0.119962 0.153076 -0.228909 -0.226803 -0.178054 -0.17615 -0.479651 -0.468905 -0.442521 -0.47969 -0.894429 -0.937925 -0.921344 -1.01676 -1.35505 -1.49329 -1.34297 -1.51007 -1.7376 -1.7817 -1.54099 -1.42933 -1.47957 -1.22739 -0.872008 -0.518555 -0.601615 -0.298054 -0.126713 0.0328507 -0.0340306 0.664115 0.455033 0.978946 2.10505 2.06236 1.83209 1.72049 1.53368 1.56104 1.67489 1.59164 1.39167 1.39592 1.50311 1.3402 2.37528 2.13592 1.93779 1.72122 2.35406 2.11929 1.88431 1.73503 1.93507 1.76646 1.55999 1.49078 1.2525 1.22647 1.12591 1.22431 1.05353 1.16905 1.12852 1.24625 0.886867 0.892947 0.782455 0.811209 0.0625383 -0.0534916 -0.257448 -0.466136 -1.08865 -1.3337 -1.66788 -1.98479 -2.01738 -2.1784 -2.32832 -2.42959 -2.22961 -2.2849 -2.32396 -2.34054 -1.80812 -1.84327 -1.86789 -1.92285 -0.602582 -0.506891 -0.171753 0.167452 -2.47609
5.80975 -26.2365 -30.6977 1.58754 -26.3491 -29.3534 -2.55198 -25.7314 -27.8938 -6.75791 -25.4458 -26.5241 -10.8113 -24.4893 -25.007 -14.4677 -21.2838 -23.2019 -17.5512 -17.4736 -21.5056 -20.9379 -13.9766 -19.7152 -23.8663 -10.001 -18.1272 -24.9472 -6.22559 -17.4471 -25.5245 -2.30491 -17.0223 -26.1428 1.60733 -16.5779 -26.3282 5.57686 -16.2718 -25.4654 9.79029 -16.3376 -24.1432 13.8732 -16.6276 -22.9561 17.9982 -16.9055 -21.2828 21.9554 -17.1137 -16.4823 26.4354 -17.2057 -11.2917 30.4577 -17.2779 -6.40029 34.8308 -17.5545 -1.20341 38.8428 -17.4059 4.52766 39.8823 -15.1479 10.2093 40.378 -12.5986 15.9305 41.3256 -10.2759 21.6145 41.7578 -7.72076 25.919 39.7976 -4.7625 29.9339 37.3727 -1.74211 34.1567 35.3349 1.28068 38.0775 32.6741 4.22515 40.3435 27.8981 6.41366 42.1382 22.7855 8.25113 44.4225 17.936 10.2514 45.8609 12.7375 12.1596 43.5973 7.04852 12.8691 40.6213 1.65607 13.1104 38.314 -4.04838 13.4695 35.0241 -9.23178 14.0171 30.1148 -10.8032 14.7466 24.9897 -11.3256 15.4986 19.9576 -12.4512 16.2173 14.8221 -12.7914 17.0006 9.88253 -9.70666 18.3491 5.52691 -5.90714 19.8747 0.906268 -2.47749 21.494 -3.65104 1.20225 22.6876 -6.79538 5.0973 22.2891 -9.65688 9.17066 21.628 -12.5673 13.2525 21.3347 -15.5626 17.0829 20.0806 -18.3906 19.6592 15.9533 -20.8806 21.5799 11.2861 -23.5602 24.1363 7.04857 -26.0147 25.5588 2.18842 -26.66 23.3016 -2.67187 -26.5441 20.1265 -7.03553 -26.7842 17.5204 -11.7564 -26.7469 14.1459 -15.9689 -25.5762 9.20482 -17.5336 -24.0738 4.14067 -18.1097 -22.6763 -0.869747 -19.1947 -21.2772 -5.96559 -19.7503 -19.8378 -11.0099 -17.9936 -18.4545 -15.8337 -15.6652 -17.0565 -20.8173 -13.7126 -15.6376 -25.6033 -11.3285 -14.2505 -29.2943 -6.77155 -12.9533 -32.6248 -1.91985 -11.668 -36.37 2.62271 -10.2574 -39.4274 7.62023 -9.02318 -39.4817 12.1551 -7.82159 -38.8464 16.6545 -6.62944 -38.5854 21.1935 -5.35374 -37.4717 25.578 -4.00567 -34.1595 29.0107 -2.74883 -30.2469 31.7828 -1.50336 -26.6206 34.9246 -0.1343 -22.5538 37.4063 1.56599 -16.8858 37.179 3.14214 -11.2859 36.0705 4.64818 -5.58337 35.5376 6.43522 -0.0426449 34.4526 9.01188 3.99843 30.3894 11.5756 7.55916 25.8918 14.0957 11.5304 21.7256 16.7373 15.0076 17.208 18.8958 15.7149 13.0392 21.0489 15.8689 8.81078 23.2364 16.3067 4.6201 25.2905 16.1884 0.341713 26.9487 14.0149 -4.43313 28.3558 11.3053 -9.01051 30.0206 8.95233 -13.6973 31.1602 6.06722 -18.2416 30.3566 2.02723 -21.4411 29.0561 -2.20983 -24.191 28.1758 -6.361 -27.2239 26.5469 -10.5633 -29.8493 21.5872 -14.7519 -30.4136 16.2286 -18.4589 -30.3369 11.2075 -22.5874 -30.7899 -0.379552 -0.133358 0.240527 0.385102 0.0540736 0.103118 0.274573 0.3058 -0.0875161 -0.0838194 -0.0260221 -0.026651 -0.340921 -0.324212 -0.277589 -0.307393 -0.734334 -0.751496 -0.695792 -0.772534 -1.10341 -1.21806 -1.09401 -1.22755 -1.27229 -1.3262 -1.13392 -1.0661 -1.19778 -0.994063 -0.677908 -0.380913 -0.518838 -0.231788 -0.0635624 0.119396 0.0639345 0.600663 0.418123 0.749309 1.90887 1.95818 1.674 1.57841 1.512 1.56101 1.6751 1.57982 1.35868 1.37834 1.52929 1.35369 2.34194 2.10366 1.92406 1.70783 2.32529 2.09095 1.86392 1.71259 1.88909 1.7155 1.5191 1.44379 1.16896 1.13359 1.02768 1.12432 0.963374 1.07658 1.02437 1.13731 0.763304 0.755792 0.633728 0.644359 -0.134892 -0.254681 -0.446973 -0.655088 -1.3006 -1.54012 -1.86356 -2.18215 -2.22828 -2.39296 -2.54463 -2.64897 -2.45055 -2.50558 -2.54522 -2.55875 -2.01599 -2.04231 -2.05686 -2.09862 -0.749585 -0.624702 -0.270083 0.085635 -2.70611
5.99156 -23.8897 -33.2119 1.97898 -24.851 -31.5927 -2.07093 -25.0208 -29.799 -6.14477 -25.5608 -28.1377 -10.1331 -25.3309 -26.2176 -13.8325 -22.6305 -23.7837 -16.9356 -19.1752 -21.4739 -20.3523 -16.1028 -19.0676 -23.3122 -12.4678 -16.8476 -24.387 -8.7961 -15.7303 -24.9233 -4.92994 -14.9237 -25.5038 -1.07523 -14.0932 -25.6821 2.84599 -13.4022 -24.8528 7.05586 -13.1008 -23.5713 11.1618 -13.0632 -22.4148 15.3045 -13.0102 -20.833 19.3024 -12.8814 -16.3297 24.0683 -12.5204 -11.4543 28.4534 -12.1625 -6.8668 33.149 -11.9825 -1.98757 37.5083 -11.4203 3.554 39.0196 -8.96455 9.08985 40.0279 -6.25114 14.6215 41.4833 -3.7398 20.1717 42.3994 -1.02321 24.5984 40.7442 1.94109 28.7891 38.5945 4.93088 33.1646 36.8734 7.93348 37.2463 34.4494 10.8636 39.6438 29.6976 12.9627 41.5406 24.577 14.6712 43.9696 19.7588 16.5742 45.4636 14.5254 18.3388 43.0159 8.87971 18.6941 39.7887 3.63056 18.5364 37.2591 -1.99029 18.5576 33.74 -7.04967 18.6567 28.7101 -8.38149 18.8273 23.513 -8.61947 19.0243 18.3755 -9.44647 19.1897 13.1759 -9.56523 19.4198 8.09328 -6.5072 20.1611 3.5222 -2.77068 21.0986 -1.28106 0.635039 22.1304 -6.02068 4.23041 22.7165 -9.34702 7.86948 21.7628 -12.4232 11.649 20.5503 -15.5816 15.4621 19.7121 -18.6786 18.9738 17.8975 -21.1087 21.0914 13.2844 -23.0484 22.5411 8.20433 -25.2779 24.6411 3.48286 -27.1629 25.5853 -1.73482 -27.0737 22.9697 -6.45546 -26.2352 19.5285 -10.5287 -25.7051 16.6155 -15.042 -25.0208 12.9612 -18.955 -23.7158 7.91313 -19.9784 -22.2594 2.80298 -19.9648 -20.8182 -2.28709 -20.4631 -19.4625 -7.42478 -20.4637 -18.4426 -12.3962 -18.2619 -17.5818 -17.1287 -15.5295 -16.7013 -22.0289 -13.1178 -15.7202 -26.7347 -10.3799 -14.4155 -30.443 -5.81264 -13.1156 -33.8459 -1.01227 -11.9148 -37.6299 3.52136 -10.4611 -40.7578 8.46253 -8.80172 -40.9598 12.8554 -7.04701 -40.5115 17.1927 -5.32566 -40.4352 21.5657 -3.56621 -39.4805 25.8182 -1.85627 -36.2727 29.1882 -0.295713 -32.441 31.9187 1.33435 -28.9201 35.004 2.86914 -24.9006 37.4656 3.93202 -19.076 37.3498 4.66944 -13.2786 36.392 5.46954 -7.42386 36.0008 6.42195 -1.65687 35.0494 7.60509 3.03603 31.0425 8.72269 7.33136 26.5949 9.7847 11.9801 22.5034 11.0568 16.1863 18.0125 12.5556 17.5625 13.7232 14.1685 18.3983 9.33702 15.7441 19.518 5.00082 17.3492 20.0648 0.566565 19.1039 18.5236 -4.41529 20.7832 16.3827 -9.19758 22.6084 14.6426 -14.0878 24.0703 12.2973 -18.8456 24.0486 8.38308 -22.2927 23.6408 4.15063 -25.3136 23.6045 0.108734 -28.6102 22.855 -4.17204 -31.4942 18.9078 -9.29472 -32.2941 14.4827 -14.0763 -32.4254 10.475 -19.1617 -33.1601 -0.53029 -0.251427 0.13428 0.290062 -0.011136 0.0497283 0.22644 0.26853 -0.102758 -0.089616 -0.03072 -0.0207878 -0.3123 -0.284564 -0.238855 -0.258152 -0.648188 -0.662891 -0.628843 -0.710459 -0.955398 -1.06065 -0.961377 -1.08271 -1.11274 -1.18319 -0.990745 -0.940632 -1.10446 -0.902639 -0.581686 -0.293054 -0.437094 -0.151334 0.000768984 0.183514 0.199211 0.73033 0.556806 0.830677 1.71 1.78606 1.56701 1.491 1.40258 1.43643 1.52453 1.43201 1.27764 1.30772 1.43741 1.3009 2.35716 2.13697 1.9715 1.76841 2.36837 2.1327 1.92373 1.77701 1.92093 1.74057 1.55643 1.47858 1.18653 1.15129 1.04154 1.14024 1.0423 1.1807 1.12479 1.25262 0.892976 0.892957 0.783926 0.787581 -0.0463366 -0.184951 -0.37678 -0.608839 -1.33915 -1.61233 -1.94786 -2.29447 -2.39788 -2.57386 -2.71259 -2.82181 -2.6542 -2.70184 -2.71491 -2.71948 -2.19055 -2.19534 -2.17751 -2.20557 -0.846877 -0.680849 -0.298055 0.0872688 -2.49207
13.6449 -23.3045 -34.1528 10.0592 -25.0982 -32.2628 6.30249 -26.1255 -30.1462 2.57296 -27.5175 -28.1967 -1.1694 -28.1407 -25.9048 -4.95089 -26.2992 -22.8698 -8.25424 -23.5878 -19.9304 -11.7915 -21.3139 -16.8938 -15.0216 -18.3951 -14.0742 -16.5765 -15.0404 -12.5866 -17.6716 -11.3772 -11.4609 -18.801 -7.73295 -10.3078 -19.6295 -3.95528 -9.34432 -19.7006 0.320024 -8.87686 -19.3914 4.60825 -8.74299 -19.1891 8.90206 -8.58554 -18.6014 13.1572 -8.36013 -15.6486 19.0099 -7.9693 -12.3086 24.653 -7.61504 -9.34861 30.513 -7.45291 -5.89776 36.0663 -6.83712 -0.853018 38.5997 -4.16192 4.30365 40.5099 -1.19793 9.334 42.9829 1.55986 14.5546 44.7357 4.50884 19.0861 43.1187 7.33248 23.372 40.7978 10.0468 27.8228 38.9809 12.8773 32.0554 36.4509 15.4861 34.8094 31.5871 16.7084 37.0713 26.3811 17.4274 39.8157 21.4573 18.4074 41.7592 16.1331 19.1888 40.0722 10.2382 18.5602 37.6454 4.66792 17.5227 35.933 -1.1771 16.5758 33.1576 -6.62906 15.825 28.3656 -8.66277 15.7628 23.2584 -9.6673 15.8774 18.3063 -11.274 15.8876 13.1645 -12.0785 16.0196 7.88273 -9.44301 16.9633 3.12975 -6.03502 18.2002 -1.88992 -3.07472 19.5323 -6.77799 0.274902 20.3202 -9.77523 4.17779 19.3197 -12.3361 8.29645 18.0173 -15.0876 12.4067 17.1495 -17.6058 16.264 15.1505 -18.817 18.6704 10.2096 -19.3761 20.2733 4.84398 -20.2981 22.6315 -0.182065 -20.8373 23.6657 -5.68742 -19.8487 20.7709 -10.1344 -18.3467 16.926 -13.6127 -16.9934 13.6381 -17.674 -15.7003 9.62595 -21.0451 -14.6563 4.42045 -21.2596 -13.7504 -0.738969 -20.368 -12.7413 -5.94181 -19.9851 -11.8855 -11.1232 -19.1757 -11.6939 -15.9024 -16.3962 -11.7242 -20.4034 -13.1801 -11.7269 -25.1 -10.2568 -11.5942 -29.5666 -6.9956 -11.0077 -32.8059 -1.94822 -10.3685 -35.7054 3.29566 -9.85009 -39.0589 8.27561 -9.08674 -41.604 13.6841 -7.9464 -41.0287 18.2074 -6.67674 -39.7096 22.5364 -5.43215 -38.7937 26.9754 -4.21452 -36.9692 31.1322 -3.14924 -32.9879 33.8863 -2.22375 -28.5029 35.7839 -1.22305 -24.2432 38.1133 -0.3378 -19.6567 39.7723 0.0837542 -13.8665 38.6042 0.259556 -8.28988 36.6189 0.426581 -2.56003 35.1316 0.833797 3.0341 33.2316 2.06587 7.36714 28.8514 3.34636 11.3244 24.1419 4.47542 15.6178 19.6955 5.9226 19.4941 14.9671 7.89559 20.7546 10.8371 10.0652 21.5288 6.68591 12.1647 22.5628 2.55535 14.337 23.0591 -1.63667 16.9049 21.5889 -6.27537 19.4319 19.5602 -10.722 22.0773 17.9224 -15.26 24.405 15.6636 -19.7044 25.2557 11.7533 -23.0496 25.6979 7.50641 -26.0453 26.5017 3.49856 -29.2852 26.6357 -0.872 -32.1285 23.7013 -6.6254 -32.994 20.2053 -12.1201 -33.2147 17.1481 -17.8109 -34.0689 -0.628477 -0.312852 0.0719747 0.250884 0.0127841 0.0862711 0.239408 0.290648 -0.0432033 -0.0312205 0.00467402 0.0175456 -0.247866 -0.215666 -0.180115 -0.187264 -0.524028 -0.538147 -0.529127 -0.623223 -0.80317 -0.912141 -0.809529 -0.913955 -1.02455 -1.14717 -0.931905 -0.90246 -1.15499 -0.98439 -0.671226 -0.413396 -0.647153 -0.380315 -0.186239 0.0176075 -0.121542 0.316126 0.203069 0.484331 1.54027 1.66541 1.37167 1.29886 1.30807 1.34206 1.39638 1.31962 1.26065 1.33995 1.51751 1.45736 2.56253 2.36653 2.24797 2.06962 2.63611 2.38856 2.19177 2.03568 2.1249 1.91522 1.71751 1.61647 1.28756 1.23797 1.12144 1.21285 1.08095 1.21543 1.15553 1.25028 0.83513 0.802429 0.662406 0.618368 -0.269221 -0.426977 -0.61629 -0.84317 -1.56966 -1.80395 -2.0932 -2.39998 -2.47272 -2.62759 -2.75596 -2.85491 -2.66531 -2.70288 -2.71651 -2.7075 -2.13511 -2.11647 -2.09283 -2.11173 -0.716066 -0.52842 -0.141464 0.266855 -2.13764
17.2308 -14.5546 -40.9059 14.1629 -17.2223 -39.1402 10.8455 -19.2065 -36.9709 7.57245 -21.5194 -35.0775 4.27311 -23.1245 -32.5907 0.895861 -22.392 -28.7229 -2.03054 -20.683 -24.7961 -5.14393 -19.489 -20.823 -8.0845 -17.5026 -17.0401 -9.64237 -14.5542 -14.8573 -10.7956 -11.1651 -13.1052 -11.978 -7.80516 -11.3167 -12.9823 -4.25214 -9.81575 -13.4865 -0.053271 -9.0301 -13.7046 4.23215 -8.72969 -14.005 8.5096 -8.38909 -14.0143 12.7908 -7.97151 -12.3708 19.1229 -7.39692 -10.4227 25.3754 -6.90914 -8.86302 31.7519 -6.71862 -6.709 37.8841 -5.77864 -2.67661 40.7913 -1.99549 1.50527 42.8685 2.15465 5.52148 45.661 6.04027 9.79404 47.5432 10.1907 13.5173 45.477 13.7949 16.9312 42.5226 17.0721 20.5197 40.0922 20.5847 23.9452 37.0559 23.7736 26.2242 31.9859 25.1284 28.1299 26.6434 25.8785 30.4122 21.5078 26.952 32.0747 16.094 27.7655 30.8265 10.1209 26.8965 29.0402 4.3619 25.6175 27.9091 -1.59554 24.5118 25.6762 -7.23126 23.3968 21.1238 -9.61115 22.5511 16.1656 -11.0193 21.8178 11.4329 -13.0499 21.0535 6.40795 -14.1509 20.2533 1.08225 -11.4844 19.7436 -3.69913 -7.9027 19.5306 -8.84354 -4.85874 19.4625 -13.6099 -1.32912 18.7164 -15.5444 2.69119 16.4117 -16.7398 6.85223 13.8672 -18.3738 11.0749 11.6952 -19.2775 14.8828 8.54901 -17.6714 16.6729 3.46121 -15.3157 17.4468 -1.5909 -13.3929 19.0681 -6.6255 -11.0089 19.3273 -11.7165 -8.1755 15.8298 -14.6953 -5.48439 11.5054 -16.4826 -2.60489 7.62972 -18.8957 -0.086218 3.21188 -20.7048 0.831392 -1.95581 -19.8764 1.1732 -6.99148 -18.2149 1.77675 -12.109 -16.9181 2.1837 -17.1683 -15.346 1.58233 -21.8193 -12.4117 0.693844 -26.2525 -9.22405 -0.138823 -30.8765 -6.30351 -0.848268 -35.2143 -2.94445 -1.16413 -38.0211 2.37874 -1.38588 -40.4162 7.90402 -1.68639 -43.373 13.1463 -1.88938 -45.31 18.8489 -1.7436 -43.8827 23.3247 -1.46777 -41.5921 27.4198 -1.19283 -39.7108 31.7184 -1.03824 -36.9992 35.5543 -1.09871 -32.4448 37.5098 -1.20885 -27.5783 38.4469 -1.27976 -22.8222 39.8421 -1.42534 -17.9319 40.6397 -1.80875 -12.3402 38.7281 -2.27282 -7.04483 36.1176 -2.8438 -1.58769 33.8896 -3.10892 3.78828 31.42 -1.94786 8.2769 27.1794 -0.622413 12.496 22.716 0.471553 16.9753 18.4478 1.94541 21.1104 13.9526 4.18529 22.8216 10.1325 6.6974 24.119 6.3188 9.11868 25.6457 2.53127 11.6177 26.6752 -1.37167 14.6411 25.9382 -5.90918 17.6539 24.6582 -10.3317 20.7742 23.7508 -14.7718 23.5781 22.2505 -19.2618 24.8833 19.0212 -23.1441 25.7722 15.4168 -26.8079 27.0045 12.0954 -30.6362 27.6179 8.31174 -34.1734 25.3465 2.5527 -36.2071 22.4854 -3.1304 -37.6136 20.0203 -8.79157 -39.6959 -1.20429 -0.851269 -0.43231 -0.219316 -0.392879 -0.283009 -0.12834 -0.055247 -0.340861 -0.31957 -0.300225 -0.276432 -0.503885 -0.459268 -0.430371 -0.422449 -0.704603 -0.689728 -0.652694 -0.72621 -0.871367 -0.953499 -0.81332 -0.890566 -0.923984 -1.03793 -0.82075 -0.761947 -0.970587 -0.823192 -0.547135 -0.307526 -0.562961 -0.329519 -0.1656 0.0319913 -0.0943946 0.270186 0.149816 0.427396 1.25311 1.37897 1.10886 1.06547 1.13005 1.14322 1.12074 1.09962 1.23518 1.38943 1.59452 1.69851 3.0302 2.8999 2.8121 2.68401 3.26243 3.00064 2.80759 2.64171 2.66991 2.42028 2.19854 2.06495 1.69091 1.61721 1.48915 1.55991 1.34178 1.45691 1.40131 1.44517 0.937992 0.861587 0.700137 0.610741 -0.337107 -0.499777 -0.66447 -0.873308 -1.60536 -1.81964 -2.09636 -2.40352 -2.47867 -2.64141 -2.78584 -2.89613 -2.70967 -2.76413 -2.80376 -2.81569 -2.26029 -2.26604 -2.26996 -2.31922 -0.966112 -0.790651 -0.396001 0.0282394 -1.78236
20.104 -2.31257 -45.5936 18.268 -6.01157 -43.9834 16.0928 -9.20251 -41.8075 13.9877 -12.6431 -39.9695 11.8001 -15.528 -37.4125 9.2665 -16.5018 -32.9926 6.95323 -16.459 -28.3503 4.60855 -16.9776 -23.7527 2.14231 -16.6031 -19.2052 0.367909 -14.5701 -16.2721 -1.21146 -11.9156 -13.7532 -2.80447 -9.30972 -11.1923 -4.38886 -6.38027 -9.00289 -5.8633 -2.54977 -7.71633 -7.17097 1.49455 -7.05583 -8.53252 5.50663 -6.31262 -9.71273 9.58183 -5.60341 -10.4216 16.1035 -5.29925 -10.9366 22.6503 -5.24883 -11.7639 29.1595 -5.52188 -12.0549 35.6823 -4.81812 -9.98743 39.7121 -0.515611 -7.54637 42.9274 4.25198 -5.43774 46.8873 8.59939 -2.89548 49.8275 13.4898 0.0293421 48.2453 17.969 2.84588 45.5265 21.9438 5.73885 43.4395 26.2332 8.55682 40.6757 30.1755 10.6695 35.6586 31.9361 12.5098 30.3359 32.9452 14.6249 25.2199 34.3904 16.297 19.8484 35.4321 15.9007 13.8496 34.0724 15.1378 8.02554 32.204 14.8908 2.05025 30.7115 13.7275 -3.69375 28.8027 10.2514 -6.51856 26.1493 6.32664 -8.52298 23.3774 2.65462 -11.0852 20.721 -1.33652 -12.7491 17.8217 -5.88606 -10.7749 14.4844 -10.1122 -7.8215 11.459 -14.7351 -5.44818 8.50389 -18.6302 -2.51629 5.04477 -19.0595 1.09806 1.58511 -18.5874 4.88038 -1.68445 -18.6858 8.7488 -4.88524 -17.7168 12.1118 -8.48636 -13.4702 13.4691 -11.9208 -8.52398 13.9715 -14.5584 -3.89613 15.2686 -17.4866 0.882175 15.4403 -20.4546 4.93824 11.8877 -20.704 8.61534 8.00161 -19.9867 12.6533 4.4266 -19.7618 16.0872 0.306212 -19.157 17.0038 -4.53658 -17.1716 17.0298 -9.31257 -14.8425 17.4334 -14.1434 -12.6663 17.5181 -18.9119 -10.3234 16.0162 -23.3154 -7.33058 14.0975 -27.5207 -4.29112 12.3598 -31.9138 -1.41262 10.5346 -36.0033 1.83517 8.02971 -38.5541 6.68625 5.44578 -40.7145 11.6833 2.93583 -43.4043 16.4561 0.332712 -45.1355 21.6078 -1.55979 -43.6816 25.6569 -3.27259 -41.4317 29.4115 -5.04579 -39.5722 33.3473 -6.74666 -36.8941 36.8151 -7.93919 -32.3916 38.5111 -8.7702 -27.5683 39.2974 -9.74557 -22.8647 40.5208 -10.5615 -18.0105 41.1067 -10.5884 -12.4937 38.9542 -10.3838 -7.30971 36.0986 -10.3902 -1.94455 33.5915 -10.1304 3.33201 30.9156 -8.48395 7.74213 26.7541 -6.68544 11.9007 22.4008 -5.0629 16.2596 18.1765 -3.18069 20.4085 13.8495 -0.923707 22.6764 10.3422 1.54169 24.715 6.83448 3.93481 26.8943 3.3614 6.40317 28.7244 -0.257508 9.48266 29.4665 -4.75634 12.6059 29.8348 -9.2712 15.7758 30.5284 -13.7147 18.7509 30.5841 -18.3428 20.5903 28.5827 -22.7943 22.0803 26.1117 -27.1395 23.8275 24.0383 -31.5953 25.1296 21.2358 -35.7971 24.2007 15.4472 -38.6417 22.6722 9.48221 -40.7737 21.4323 3.75473 -43.6233 -0.893897 -0.510816 -0.123951 0.100117 -0.00667384 0.109908 0.226087 0.306599 0.0630692 0.0877064 0.0868884 0.111786 -0.0979509 -0.0474923 -0.0127643 0.0336 -0.156512 -0.0916621 -0.0229429 -0.0397621 0.0156067 0.0185409 0.195985 0.197783 0.372594 0.302435 0.545127 0.642792 0.48778 0.655294 0.946931 1.21257 1.00224 1.26106 1.45242 1.71047 1.62387 1.9357 1.9312 2.1986 2.67886 2.87014 2.76927 2.83606 2.99326 2.98787 2.80766 2.60235 2.4413 2.08597 1.60274 1.12137 1.93817 1.49187 1.18633 1.02806 1.68778 1.4752 1.34229 1.24328 1.30049 1.09146 0.935486 0.834501 0.38954 0.344725 0.312296 0.395232 0.066588 0.180707 0.183768 0.230544 -0.29696 -0.356675 -0.489687 -0.554783 -1.46252 -1.57702 -1.69618 -1.85951 -2.54411 -2.72602 -2.9849 -3.28287 -3.35251 -3.51814 -3.67123 -3.79126 -3.6141 -3.67141 -3.70718 -3.71792 -3.1705 -3.1522 -3.10171 -3.09213 -1.6364 -1.30211 -0.755912 -0.199558 -2.17445
27.6633 4.23211 -45.9789 26.773 0.0458366 -44.8261 25.9053 -3.87391 -42.9472 25.1634 -7.97331 -41.4332 24.0105 -11.6143 -39.1837 22.1473 -13.6797 -34.8059 20.3246 -14.7584 -30.0711 18.5943 -16.4335 -25.4771 16.5071 -17.109 -20.7772 14.6361 -15.6288 -17.5845 12.8537 -13.3797 -14.8185 11.0676 -11.1961 -12.0029 9.14389 -8.626 -9.64083 7.0816 -5.05669 -8.41253 5.17327 -1.22962 -7.9493 3.25795 2.57618 -7.35731 1.27255 6.36711 -6.92129 -1.90613 12.054 -7.74698 -5.08811 17.669 -8.96171 -8.21897 23.2454 -10.4553 -11.4372 28.949 -10.9441 -13.8757 33.1745 -7.04225 -16.0214 36.8721 -2.48699 -18.485 41.0765 1.42201 -20.4573 44.5515 6.22389 -20.0737 44.1844 11.7772 -19.0688 42.7588 17.0765 -18.3845 41.9594 22.5552 -17.4081 40.426 27.8293 -15.3885 36.3235 31.2681 -13.1618 31.7835 33.9451 -10.9372 27.5696 37.1121 -8.89548 22.9167 39.7421 -7.63593 16.8972 39.33 -6.57612 10.9243 38.2375 -5.24274 4.92375 37.7812 -4.39695 -1.02738 36.4177 -5.29999 -4.56163 32.7033 -6.62015 -7.36776 28.5214 -7.75519 -10.6551 24.6471 -9.04199 -13.1795 20.2796 -10.7948 -12.4276 14.6143 -12.5549 -10.6727 9.17747 -14.5796 -9.45052 3.68718 -15.8883 -7.80182 -1.90782 -14.745 -5.1154 -5.99362 -13.0733 -2.0593 -9.61093 -11.8429 1.02133 -13.3813 -9.65771 3.61925 -17.0818 -4.61905 4.80465 -19.2906 0.820944 5.55793 -20.5209 6.02238 6.91341 -22.1888 11.4266 7.23845 -23.7249 15.759 4.29617 -22.4175 19.5884 1.14783 -20.282 23.8366 -1.70922 -18.5712 27.4472 -5.16744 -16.5366 28.3129 -9.49622 -13.5791 28.2332 -13.8043 -10.4695 28.6057 -18.1347 -7.41274 28.4777 -22.4481 -4.31228 26.2133 -26.4163 -1.19307 23.4339 -30.1517 1.79463 20.9786 -34.0894 4.80621 18.1462 -37.7139 7.87935 13.434 -39.763 11.0274 8.48057 -41.4121 14.037 3.73658 -43.5404 17.0832 -1.27166 -44.8543 20.166 -5.29793 -43.4452 22.1395 -9.15983 -41.3873 23.8551 -13.1222 -39.666 25.7068 -16.8171 -37.203 27.2471 -19.3397 -32.9656 27.7496 -21.1698 -28.3593 27.8137 -23.34 -23.9121 28.1073 -24.9887 -19.2383 28.0164 -24.4084 -13.5836 26.3561 -23.1631 -8.16375 24.3201 -22.3053 -2.60604 22.4636 -21.1561 2.87049 20.5253 -18.1693 7.60257 17.6678 -14.9529 12.0981 14.6806 -11.8905 16.7708 11.8056 -8.70905 21.2745 8.79334 -5.87885 23.977 6.10544 -2.94426 26.5093 3.36421 -0.0495759 29.1613 0.694709 2.89368 31.4847 -2.21689 6.36299 32.8716 -6.25593 9.80613 33.9018 -10.4222 13.2744 35.2653 -14.4702 16.6751 35.9462 -18.7416 19.2072 34.345 -23.0113 21.4033 32.1882 -27.2221 23.7661 30.4572 -31.538 25.954 28.0171 -35.5956 26.6655 22.2308 -38.5068 26.85 16.1553 -40.8558 27.4974 10.3522 -43.7482 2.61893 2.60542 2.53169 2.38886 1.99785 1.91937 1.90633 1.9295 1.66709 1.676 1.65895 1.68035 1.47294 1.52925 1.5828 1.67858 1.57659 1.70739 1.8187 1.891 2.22756 2.31111 2.43687 2.49431 2.98873 2.94752 3.05359 3.1097 2.96848 3.04142 3.22762 3.40758 3.10836 3.25065 3.31903 3.45558 3.13663 3.2574 3.19273 3.27796 3.31423 3.37415 3.279 3.23478 3.17825 3.04675 2.762 2.45769 2.24915 1.83781 1.29554 0.813189 1.74939 1.27749 0.894401 0.690744 1.33615 1.06651 0.859725 0.696714 0.669516 0.370479 0.144571 -0.0612013 -0.752381 -0.921748 -1.00108 -1.05571 -1.6782 -1.6803 -1.70726 -1.76343 -2.44683 -2.57259 -2.71839 -2.80807 -3.73274 -3.82155 -3.91464 -4.05675 -4.70894 -4.9082 -5.22 -5.57467 -5.67762 -5.89098 -6.09529 -6.24764 -6.08385 -6.16102 -6.21099 -6.21708 -5.63366 -5.56214 -5.42309 -5.2562 -3.51347 -2.98406 -2.46265 -2.12415 -7.86633
28.836 9.35723 -46.4612 29.3115 5.34362 -44.6414 29.5944 1.64698 -42.2119 30.0854 -2.19259 -40.0522 30.0248 -5.77902 -37.4482 28.6584 -8.36453 -33.1644 27.0026 -10.2302 -28.6168 25.5805 -12.4975 -24.1737 23.6439 -14.1342 -19.6489 21.3714 -13.9439 -16.3802 18.9128 -13.1522 -13.3447 16.4695 -12.4114 -10.2841 13.8432 -11.29 -7.5038 10.7985 -9.14874 -5.34836 7.76038 -6.60229 -3.67876 4.71945 -4.13359 -1.90101 1.68346 -1.4974 -0.372796 -2.68163 3.38109 0.1474 -6.93478 8.38395 0.233202 -11.193 13.3819 0.352116 -15.5342 18.2917 0.76822 -19.9394 22.1622 2.92174 -24.3436 25.9256 5.2592 -28.714 29.959 7.17143 -33.1444 33.4416 9.86713 -36.3689 33.7584 14.4085 -39.2387 33.3274 19.1731 -42.4333 33.5084 23.7431 -45.0593 32.7265 28.6025 -45.1955 28.9132 32.8656 -44.5922 24.5271 36.4898 -44.5425 20.5369 40.5901 -43.7223 16.0418 44.0333 -40.247 10.9521 43.9418 -36.3892 6.27599 42.826 -32.7798 1.2946 42.4376 -28.9069 -3.34418 41.2236 -25.5137 -5.16034 37.7177 -22.3376 -6.18449 33.7216 -19.0429 -7.59907 29.9469 -15.8665 -8.60269 25.9459 -13.1635 -7.55396 20.7182 -10.784 -5.9528 15.4732 -8.34623 -4.52902 10.2039 -5.72772 -3.17947 5.00224 -3.01044 -2.1371 0.909874 -0.214229 -1.04285 -3.11521 2.42864 0.191273 -7.20298 5.47868 0.879711 -11.1324 9.94721 -0.199132 -14.3787 14.5754 -1.69856 -17.2078 19.1107 -2.74614 -20.3708 23.7198 -4.63106 -22.9925 27.3789 -8.5981 -23.0797 30.5818 -12.8891 -22.3987 34.1438 -16.9393 -22.1893 37.1178 -21.3674 -21.3643 37.6294 -25.8605 -18.5744 37.376 -30.0502 -15.3159 37.5915 -34.4238 -12.306 37.157 -38.5577 -8.99607 34.44 -41.1701 -4.94691 31.2182 -43.1535 -0.910749 28.3044 -45.5493 3.13575 25.0381 -47.4447 7.17831 20.3591 -46.8204 10.9241 15.5804 -45.6144 14.3917 10.8503 -44.8453 18.0453 6.08944 -43.5461 21.5036 2.56669 -40.9707 23.2497 -0.81954 -38.0308 24.6579 -4.27532 -35.2545 26.2205 -7.56696 -32.1354 27.4566 -10.3074 -28.0105 27.6726 -12.7217 -23.6837 27.5218 -15.3037 -19.4525 27.5719 -17.5837 -15.0641 27.2319 -18.6914 -9.59388 25.2521 -19.3719 -4.19493 22.9157 -20.3587 1.24668 20.7977 -21.001 6.65658 18.4759 -19.7223 11.5638 14.7661 -18.1505 16.2369 10.8711 -16.7846 21.0846 7.11439 -15.218 25.7494 3.20738 -13.3211 28.5118 -0.155594 -11.2497 31.0745 -3.57328 -9.25991 33.7622 -6.9431 -7.10628 36.1191 -10.4567 -4.10148 37.526 -14.846 -1.00604 38.5636 -19.275 1.98967 39.9314 -23.6828 5.19179 40.6291 -28.1025 8.42775 39.0237 -31.8651 11.549 36.8274 -35.4203 14.6783 35.0407 -39.1916 17.8856 32.626 -42.5214 20.8504 26.979 -43.8574 23.3966 21.0229 -44.5679 26.3079 15.3281 -45.8154 2.81444 2.79497 2.63589 2.43597 1.99925 1.82898 1.73732 1.70177 1.36952 1.3263 1.27658 1.23812 0.942057 0.942943 0.982109 1.05052 0.883201 0.986866 1.07591 1.15587 1.59494 1.72552 1.85994 1.97322 2.66191 2.66401 2.67278 2.6817 2.53601 2.46867 2.47139 2.49853 1.95988 1.89291 1.82506 1.76226 0.984606 0.871402 0.750489 0.661522 0.334272 0.363117 0.411918 0.454724 0.373058 0.33258 0.272476 0.242334 0.432171 0.620106 0.855036 1.10048 2.68246 2.62952 2.52424 2.40878 3.0274 2.72969 2.47082 2.23541 2.14757 1.77745 1.46211 1.19636 0.50958 0.33118 0.252183 0.232092 -0.348488 -0.326582 -0.335041 -0.388963 -1.10186 -1.27355 -1.46595 -1.63071 -2.68544 -2.8781 -3.04865 -3.26909 -4.02564 -4.28084 -4.62093 -5.00025 -5.13443 -5.34878 -5.54048 -5.69026 -5.53436 -5.59561 -5.61886 -5.59381 -4.95033 -4.80742 -4.61064 -4.3762 -2.49251 -1.90171 -1.37613 -0.982048 -6.76311
29.8342 16.3746 -49.8275 31.2001 12.3382 -48.5997 32.0832 8.38247 -46.8004 32.4553 4.62342 -44.4773 32.3057 1.17157 -41.6974 31.4797 -2.34785 -37.9745 29.9946 -5.18397 -33.8905 27.9203 -7.24501 -29.6035 25.3474 -8.47932 -25.2693 23.0974 -8.85685 -21.999 20.6619 -8.74428 -18.8437 18.0896 -8.1599 -15.8535 15.4272 -7.13006 -13.0693 12.4913 -5.56839 -10.338 9.50538 -3.62429 -7.92479 6.50119 -1.37601 -5.81793 3.50374 1.1079 -3.98372 -1.03183 5.23631 -1.62833 -5.51974 9.59998 0.366688 -9.98945 14.0571 2.18857 -14.4846 18.481 4.02844 -18.8227 22.5382 5.9719 -23.245 26.316 8.25857 -27.7576 29.6447 11.0178 -32.3187 32.3186 14.35 -36.3445 33.9525 17.853 -40.1913 34.6941 21.828 -43.6758 34.3825 26.1764 -46.5757 32.9111 30.7122 -48.7007 30.188 35.2763 -49.7554 26.3635 39.4022 -49.618 21.7124 42.7354 -48.2939 16.6201 44.9887 -45.6951 11.125 46.0247 -42.167 6.08515 45.6051 -38.0462 1.83719 43.8737 -33.645 -1.44945 41.0717 -29.8909 -3.46256 38.0748 -26.2057 -4.8212 34.6543 -22.6443 -5.60881 30.9363 -19.2268 -5.92685 27.0188 -15.4734 -5.84666 22.3635 -11.862 -5.45442 17.6129 -8.31906 -4.90204 12.8266 -4.7627 -4.33844 8.05165 -1.70113 -3.97127 4.08542 1.47246 -3.79093 0.195073 4.79412 -3.8891 -3.57267 8.28596 -4.35827 -7.15399 12.4013 -5.43087 -10.8434 16.675 -7.19605 -14.0556 20.941 -9.74245 -16.7043 25.0624 -13.0338 -18.6741 28.739 -16.8167 -19.828 32.0042 -21.1026 -20.1896 34.7213 -25.7452 -19.7174 36.7688 -30.5674 -18.4076 38.0365 -35.2967 -16.3376 38.5039 -39.8117 -13.5707 38.1522 -43.924 -10.2204 37.0033 -47.4675 -6.42794 35.0247 -50.4103 -2.17873 32.3503 -52.4906 2.19739 29.1073 -53.6554 6.52831 25.4354 -53.8985 10.6622 21.1112 -53.154 14.7966 16.6159 -51.4406 18.4302 12.099 -48.8676 21.4838 7.68518 -45.5576 23.9144 4.37904 -42.5468 25.3691 1.2329 -39.2194 26.438 -1.72438 -35.6295 27.13 -4.47074 -31.8266 27.4585 -7.1206 -27.6348 27.4288 -9.50394 -23.3037 27.034 -11.6112 -18.8755 26.296 -13.4358 -14.3874 25.2365 -15.2386 -8.99284 23.5781 -16.6266 -3.6109 21.5263 -17.6023 1.70895 19.1079 -18.1769 6.91585 16.3403 -18.3595 12.2625 13.0397 -18.1137 17.368 9.3809 -17.4497 22.1717 5.38116 -16.3751 26.6095 1.06091 -15.2845 29.6826 -2.39239 -13.9515 32.4851 -5.98789 -12.3739 34.9872 -9.70397 -10.5513 37.1571 -13.5156 -8.1361 39.2137 -18.0143 -5.40375 40.7253 -22.5475 -2.37132 41.6372 -27.0501 0.93329 41.8972 -31.4447 4.27984 41.4991 -35.4286 7.78529 40.4436 -39.1471 11.3865 38.7149 -42.5044 15.0053 36.3167 -45.3996 19.4126 32.4284 -48.2204 23.4986 27.6644 -49.984 27.0436 22.2223 -50.5466 -58.4567 -58.2254 -58.0462 -57.8909 -57.9838 -57.9149 -57.8509 -57.7887 -58.0478 -58.0161 -57.9813 -57.9435 -58.1773 -58.1452 -58.112 -58.0773 -58.3067 -58.2794 -58.2554 -58.2342 -57.8619 -57.7972 -57.7137 -57.5986 -56.81 -56.6734 -56.5068 -56.3066 -56.189 -56.087 -55.9689 -55.8349 -56.2523 -56.2497 -56.2548 -56.2692 -57.0333 -57.1397 -57.2571 -57.3794 -57.8045 -57.8949 -57.9668 -58.0164 -58.1292 -58.1365 -58.1253 -58.0952 -57.9004 -57.7623 -57.6011 -57.4279 -55.8996 -55.9331 -55.9715 -56.0127 -55.3083 -55.5235 -55.7075 -55.8629 -55.8288 -56.0777 -56.2843 -56.4545 -57.059 -57.2232 -57.3348 -57.4096 -58.0434 -58.0523 -58.0573 -58.058 -58.6583 -58.6712 -58.6903 -58.717 -59.7007 -59.9188 -60.1989 -60.5774 -61.5108 -61.8735 -62.2423 -62.5998 -62.7085 -62.9022 -63.0906 -63.2724 -63.1922 -63.3585 -63.5218 -63.6803 -63.2686 -63.3844 -63.5051 -63.6334 -62.2532 -62.1859 -62.0898 -61.874 -6.26688
