# num_vectors 23
# vector_size 401
# Iterations: 5700, stepsize: 0.031847, max step size: 1.000000, spring constant: 0.000100, global NEB Hessian: false, global NEB Linesearch: true, climbing image: false
-6.44554 -28.1268 -26.9495 -8.62916 -24.299 -26.4542 -10.5827 -20.3926 -25.6866 -12.3009 -16.4341 -24.665 -13.7808 -12.4478 -23.4058 -15.2077 -7.77764 -21.6502 -16.3047 -3.13294 -19.6125 -17.0755 1.45363 -17.3107 -17.5279 5.94882 -14.7577 -17.6644 9.32014 -12.6327 -17.6201 12.6042 -10.3715 -17.3978 15.7864 -7.97897 -17.0002 18.8518 -5.45999 -16.3773 22.0113 -2.60543 -15.5561 24.9964 0.383465 -14.5345 27.7893 3.49394 -13.3107 30.3707 6.71227 -11.0524 33.8615 11.7992 -8.32077 36.7355 17.0376 -5.12387 38.9087 22.3499 -1.48345 40.2931 27.6408 2.354 40.7968 32.5476 6.50017 40.4394 37.2101 10.8754 39.1695 41.4881 15.3707 36.9614 45.2262 19.3706 34.2032 47.9724 23.2327 30.7465 50.0421 26.8228 26.6726 51.3311 30.0006 22.1043 51.7559 32.6874 17.0763 51.2424 34.6615 11.9117 49.7619 35.8185 6.84534 47.3628 36.0964 2.11792 44.1477 35.4003 -2.33927 39.9438 33.7231 -5.9069 35.2022 31.1725 -8.41713 30.1806 27.9007 -9.7785 25.1343 24.7098 -10.0181 21.0248 21.2446 -9.4467 17.1786 17.6149 -8.11562 13.6885 13.9089 -6.10755 10.6291 9.60689 -3.1412 7.72067 5.33036 0.329628 5.39043 1.11588 4.1391 3.52187 -3.03929 8.15385 1.97856 -6.50544 11.6014 0.821396 -9.97257 15.061 -0.296243 -13.4657 18.4782 -1.46237 -17.007 21.7953 -2.76456 -21.0507 25.3141 -4.48642 -25.1886 28.5024 -6.5868 -29.4036 31.2139 -9.15182 -33.6339 33.2784 -12.2407 -37.5959 34.4763 -15.7088 -41.308 34.7474 -19.6213 -44.5719 33.9623 -23.851 -47.1641 32.0602 -28.1895 -48.8487 29.138 -32.2983 -49.5148 25.3323 -35.9495 -49.0934 20.9056 -38.8625 -47.6222 16.1879 -40.8215 -45.1206 11.3346 -41.7259 -41.8565 6.87233 -41.4715 -38.085 3.0396 -40.1615 -34.044 -0.0378138 -37.9636 -29.5559 -2.50062 -34.7796 -25.1398 -4.10639 -31.0026 -20.8812 -4.98416 -26.8264 -16.8037 -5.29315 -22.3963 -13.7346 -5.25676 -18.8339 -10.7379 -5.05499 -15.2157 -7.77797 -4.76229 -11.5736 -4.81559 -4.452 -7.93487 -1.64593 -4.18495 -4.13008 1.61357 -4.06661 -0.394287 4.99906 -4.18548 3.22771 8.53493 -4.63072 6.67645 12.9622 -5.70352 10.4645 17.5736 -7.49811 13.7227 22.1927 -10.1157 16.3521 26.6477 -13.5366 18.2368 31.0011 -17.9447 19.2995 34.7544 -22.9872 19.3017 37.6963 -28.4322 18.2016 39.6472 -33.9979 16.0268 40.3816 -38.0896 13.7295 40.4471 -41.9362 10.9443 39.8437 -45.4109 7.76293 38.5977 -48.403 4.29123 36.4152 -51.1549 0.052776 33.5482 -53.051 -4.24675 30.1287 -54.0464 -8.44394 26.299 -54.1408 -12.3968 22.42 -53.4321 -15.8144 18.4144 -52.0014 -18.8372 14.385 -49.9181 -21.4166 10.4196 -47.2599 -23.5234 5.65954 -43.2535 -25.4705 1.21594 -38.6365 -26.6698 -2.83608 -33.552 -27.1496 2.11764 2.18816 2.29625 2.4203 2.31797 2.39454 2.47897 2.57101 2.3439 2.4067 2.47488 2.54773 2.35189 2.42246 2.48968 2.55226 2.34974 2.38889 2.39769 2.36665 2.63909 2.54667 2.3984 2.20169 2.63661 2.42748 2.28021 2.22844 2.16469 2.1563 2.23173 2.38607 2.05382 2.2115 2.42475 2.67912 2.18742 2.33402 2.45641 2.54898 2.31473 2.3804 2.42364 2.45161 2.37645 2.37571 2.36129 2.32556 2.39451 2.30448 2.1039 1.83858 2.93086 2.53186 2.21873 1.9924 2.58994 2.33301 2.16441 2.07931 2.24287 2.18692 2.23146 2.357 2.0827 2.24991 2.43269 2.60675 2.15865 2.29485 2.42486 2.55535 2.09235 2.23087 2.38346 2.56167 1.86033 2.05131 2.27071 2.48086 2.17153 2.36562 2.4216 2.37052 2.45385 2.38255 2.28482 2.16808 2.29447 2.15399 1.99572 1.82371 2.20601 2.04753 1.8706 1.67035 2.93914 2.77715 2.0055 4.83629 -0.823981
-9.73989 -27.2875 -25.5083 -12.1161 -23.5442 -25.44 -13.9905 -19.5587 -24.9248 -15.4347 -15.4522 -24.0798 -16.5123 -11.3006 -22.9542 -17.3262 -6.45115 -21.2971 -17.7282 -1.65748 -19.3515 -17.8444 3.07091 -17.2174 -17.6989 7.71163 -14.9004 -17.3584 11.1773 -12.9584 -16.8031 14.5264 -10.8672 -16.0535 17.7467 -8.63876 -15.1518 20.8454 -6.29718 -14.0445 24.0623 -3.6625 -12.7957 27.1182 -0.902392 -11.3565 29.9133 2.03561 -9.68027 32.3141 5.18875 -6.71503 35.1311 10.3296 -3.58059 37.5081 15.5908 -0.391651 39.7449 20.8807 3.21728 40.7059 26.2851 6.97431 39.6548 31.1666 10.7324 37.5428 35.6906 14.4923 35.1313 40.0608 18.221 31.7936 43.8034 21.2564 27.715 46.1044 23.9369 23.0523 47.5938 26.3969 18.1345 48.5466 28.5224 12.975 48.6245 30.1093 7.59177 47.5018 31.1995 2.31325 45.5763 31.9527 -2.81778 43.1548 32.0503 -7.48055 39.8371 31.1356 -11.3867 35.1548 29.6121 -14.3689 29.9775 27.8146 -16.962 24.6799 25.2921 -18.4938 19.2661 22.4856 -18.3705 14.8808 19.353 -17.193 10.8903 16.0523 -15.3722 7.2967 12.5829 -12.8799 4.31761 8.55215 -9.07824 2.06809 4.70149 -4.66684 0.854699 0.913038 -0.136108 -0.083659 -2.92412 4.37748 -0.898611 -6.12752 8.23347 -1.22241 -9.28962 12.1367 -1.25666 -12.5221 15.9797 -1.3914 -15.947 19.5971 -2.0397 -19.9759 23.2714 -3.44026 -24.0933 26.6677 -5.23107 -28.2721 29.7229 -7.4443 -32.4148 31.9143 -10.5637 -36.0491 32.8482 -14.4466 -39.2429 32.8728 -18.8006 -42.0169 32.1636 -23.3789 -44.0686 30.3952 -28.0502 -45.0427 27.5129 -32.4091 -45.1002 23.8941 -36.3024 -44.4483 19.8241 -39.6592 -42.9193 15.3595 -42.1057 -40.3316 10.6071 -43.2662 -37.1266 6.09529 -43.2721 -33.6211 1.88166 -42.5075 -29.8561 -1.71956 -40.6411 -25.7382 -4.31469 -37.0845 -21.9108 -5.69774 -32.637 -18.2106 -6.65667 -27.9754 -14.6692 -7.07819 -23.1151 -12.2225 -6.66951 -19.1207 -10.0707 -5.6914 -15.056 -8.0233 -4.45099 -11.009 -5.89634 -3.16484 -7.01771 -3.5375 -1.77867 -2.88188 -1.08059 -0.375374 1.19059 1.62602 0.775433 5.18313 4.80257 1.27385 8.95821 9.16753 0.88554 12.9447 13.8089 -0.0306312 16.5105 18.5654 -1.36001 19.7822 23.3514 -3.95054 22.1229 27.8422 -8.2895 22.8391 31.6091 -13.2982 22.3581 35.1091 -18.4541 21.5357 37.8226 -23.8788 19.8871 38.8314 -28.01 17.7725 38.9375 -31.9215 15.0809 38.3264 -35.5135 12.0345 37.0588 -38.6963 8.74518 34.8059 -41.7411 4.75126 31.9594 -44.1617 0.709389 28.7346 -46.0792 -3.31829 25.0795 -47.2816 -7.25434 21.221 -47.5605 -10.7559 17.1451 -47.1469 -13.9874 12.9642 -46.167 -16.9517 8.7555 -44.3899 -19.4725 3.75382 -40.8586 -21.7105 -0.886759 -36.5608 -23.2882 -5.47184 -32.1492 -24.7064 -0.427782 -0.747385 -0.693513 -0.53007 -0.574963 -0.418574 -0.236625 -0.0651651 -0.252924 -0.169681 -0.0846872 0.00649284 -0.170366 -0.087923 -0.0275868 0.00851938 -0.231575 -0.182133 -0.133086 -0.219382 -0.111553 -0.28434 -0.348587 -0.542587 -0.205192 -0.369885 -0.35222 -0.31172 -0.346898 -0.285661 -0.136079 0.0355555 -0.284869 -0.106408 0.0590236 0.263531 -0.202962 -0.0441728 0.0337729 0.112087 -0.0431567 0.100911 0.103505 0.0818791 0.0560686 0.133894 0.128564 0.000623428 -0.0258049 -0.0859077 -0.232725 -0.5463 0.566405 0.255792 -0.00872358 -0.207067 0.4344 0.18825 -0.017394 -0.110984 0.0912764 0.0186296 -0.0348816 0.0782605 -0.0924042 0.0958485 0.192614 0.34214 -0.0677663 0.0822907 0.205433 0.330699 -0.13357 -0.0108385 0.118898 0.308638 -0.337129 -0.218938 -0.210174 0.0240608 0.0846078 0.286257 0.0401094 -0.0453931 0.177161 0.182804 0.108707 0.0170242 0.189186 0.078009 -0.0669111 -0.172815 0.325286 0.265501 0.172262 0.122096 1.66805 1.69605 1.05989 -0.424622 -4.71661
-8.63107 -31.5647 -27.21 -12.2902 -29.0725 -26.9593 -15.4743 -26.07 -26.2451 -18.1766 -22.7144 -25.1953 -20.3944 -19.1088 -23.8746 -22.3437 -14.6684 -22.0281 -23.6817 -10.1031 -19.9558 -24.5789 -5.48239 -17.7715 -25.0474 -0.830735 -15.5201 -25.0275 2.73838 -13.7426 -24.6496 6.26945 -11.9295 -23.9452 9.73683 -10.0912 -22.9789 13.1333 -8.23964 -21.6996 16.7175 -6.23117 -20.1764 20.1859 -4.19008 -18.3422 23.4481 -2.06641 -16.129 26.3797 0.174955 -12.088 30.1111 3.76716 -7.72086 33.4352 7.37754 -3.26983 36.6187 11.0121 1.66061 38.6129 14.8681 6.71412 38.5872 18.5439 11.7612 37.4561 22.0509 16.7797 36.0067 25.4809 21.6293 33.6314 28.6259 25.5115 30.3309 30.9016 28.9447 26.3258 32.7227 32.0502 21.932 34.204 34.5984 17.0474 35.0937 36.3608 11.6025 35.1692 37.4859 6.01349 34.663 38.0841 0.397325 33.7359 37.5448 -5.02226 31.9766 35.345 -9.95806 29.0072 32.2573 -13.9869 25.5066 28.8015 -17.564 21.8623 24.4906 -19.859 18.0982 20.2361 -20.0428 15.1001 15.8791 -18.8886 12.491 11.5963 -16.9365 10.2614 7.49647 -14.2005 8.57934 3.36745 -9.97212 7.66728 -0.0227988 -5.04601 7.6642 -3.23572 -0.00516177 7.82993 -6.63744 4.91295 7.79845 -9.5582 8.99989 7.75822 -12.4856 13.0821 7.72039 -15.5384 17.0565 7.37307 -18.8631 20.6644 6.29403 -22.8425 24.0163 4.14364 -26.9132 26.7909 1.41852 -30.9554 29.0854 -1.75811 -34.7108 30.4192 -5.73467 -37.6688 30.4244 -10.2521 -39.961 29.4588 -15.045 -41.7202 27.8281 -19.8828 -42.7126 25.3836 -24.5942 -42.67 22.1401 -28.8055 -41.7843 18.3768 -32.4538 -40.3156 14.2944 -35.5254 -38.2157 9.92405 -37.7043 -35.3502 5.29537 -38.7006 -32.0735 0.835457 -38.6735 -28.6183 -3.41783 -37.8994 -25.1014 -7.22226 -35.9539 -21.5194 -10.3261 -32.2287 -18.3459 -12.4623 -27.5695 -15.3337 -14.1886 -22.6412 -12.6 -15.2153 -17.3672 -10.9331 -15.1471 -12.9711 -9.66102 -14.3866 -8.50881 -8.52726 -13.1961 -4.10356 -7.3233 -11.7232 0.196434 -5.96895 -9.86753 4.59112 -4.52438 -7.76158 8.8419 -2.66975 -5.65255 12.9288 0.0279284 -3.85107 16.6795 4.33738 -2.26581 20.4227 9.18647 -0.989122 23.5775 14.3555 -0.0527619 26.3162 20.0746 -0.307783 27.8399 26.0079 -2.31528 27.3175 31.2336 -5.23987 25.4076 36.1645 -8.38757 23.1082 40.29 -11.985 20.0184 42.2239 -15.0342 16.9332 43.073 -18.1446 13.446 43.089 -21.1786 9.79203 42.4033 -24.0653 6.08346 40.7654 -27.1355 1.81859 38.4347 -29.8972 -2.33346 35.644 -32.4013 -6.36329 32.3425 -34.5597 -10.2025 28.6974 -36.1774 -13.5676 24.6866 -37.4177 -16.6663 20.3807 -38.2725 -19.4868 15.7274 -38.4809 -21.8383 9.6051 -37.5707 -23.8841 3.46696 -35.9298 -25.3426 -2.66495 -34.1254 -26.6234 0.0928539 -0.2173 -0.327058 -0.31601 -0.483056 -0.408352 -0.272628 -0.12937 -0.33301 -0.256896 -0.173403 -0.0796557 -0.251515 -0.162538 -0.0954393 -0.0511983 -0.2777 -0.215568 -0.168109 -0.266515 -0.185573 -0.399531 -0.505525 -0.771895 -0.506678 -0.699308 -0.701763 -0.675355 -0.701183 -0.62642 -0.479433 -0.317851 -0.637378 -0.431765 -0.218918 0.0848224 -0.190757 0.163548 0.365989 0.549392 0.518811 0.74614 0.736312 0.633099 0.524838 0.546094 0.49695 0.310485 0.202234 0.0706593 -0.0591048 -0.256763 0.958231 0.713379 0.505683 0.346038 1.00731 0.777582 0.582615 0.480014 0.655356 0.556536 0.48795 0.56363 0.306675 0.416532 0.485256 0.622404 0.186893 0.317602 0.435923 0.564551 0.0961675 0.208127 0.345487 0.567602 -0.0661052 0.001864 -0.0487695 0.0446869 -0.214215 -0.160312 -0.405891 -0.541086 -0.36211 -0.358927 -0.423526 -0.510825 -0.333791 -0.425782 -0.547445 -0.655911 -0.189903 -0.283367 -0.408305 -0.54511 0.765035 0.522728 0.136758 -0.369051 -4.17404
-6.17897 -33.9155 -26.6651 -10.4228 -32.8164 -25.9977 -14.3113 -30.9761 -24.9221 -17.7721 -28.559 -23.5641 -20.7503 -25.6736 -21.9927 -23.5475 -21.8114 -19.9468 -25.6708 -17.6016 -17.7797 -27.2871 -13.1851 -15.5868 -28.3811 -8.59648 -13.4247 -28.7483 -4.96761 -11.8138 -28.6646 -1.2924 -10.2696 -28.1639 2.38209 -8.80471 -27.322 6.02581 -7.42158 -26.1 9.90417 -6.0138 -24.5576 13.6907 -4.6722 -22.6179 17.3026 -3.36516 -20.2006 20.6211 -2.07635 -15.6753 24.9888 -0.178568 -10.7274 28.9362 1.58008 -5.67465 32.7443 3.34789 -0.0609116 35.4628 5.40976 5.748 36.2108 7.58863 11.5947 35.8643 9.7674 17.4123 35.1936 11.9486 23.0371 33.5699 14.1342 27.5763 30.8738 15.9426 31.635 27.4042 17.5653 35.3011 23.474 19.0676 38.2382 18.9064 20.3541 40.1669 13.5931 21.2528 41.3128 8.01105 21.7877 41.7907 2.3186 22.1431 40.7848 -3.31535 22.2096 37.6382 -8.59784 21.749 33.3952 -12.9893 20.8936 28.7476 -16.9242 19.9262 23.2459 -19.523 18.9283 18.1074 -19.8474 18.1447 13.0636 -18.7302 17.4846 8.2689 -16.7727 16.9345 3.87169 -14.0107 16.5348 -0.260974 -9.69075 16.3964 -3.38617 -4.59574 16.5825 -6.28467 0.632601 16.7371 -9.44872 5.70123 16.4952 -12.2151 9.86223 15.9763 -15.0001 13.9723 15.2106 -17.8949 17.9033 14.0257 -21.0298 21.3372 12.1241 -24.7663 24.303 9.13459 -28.57 26.5386 5.63748 -32.2822 28.2301 1.75747 -35.574 28.9425 -2.75377 -37.9784 28.3625 -7.55378 -39.675 26.8437 -12.45 -40.8173 24.7239 -17.2832 -41.1672 21.9271 -21.889 -40.4914 18.5109 -25.9052 -39.0077 14.7071 -29.3092 -37.0085 10.663 -32.1209 -34.4939 6.39465 -34.0483 -31.3358 1.91616 -34.8215 -27.8616 -2.38696 -34.6181 -24.3004 -6.52556 -33.7134 -20.8525 -10.3629 -31.7099 -17.5547 -13.7841 -28.0001 -14.7553 -16.4577 -23.3787 -12.141 -18.8006 -18.4778 -9.84967 -20.5927 -13.1976 -8.55116 -21.2993 -8.73398 -7.64213 -21.4046 -4.12184 -6.86649 -21.0475 0.502039 -6.0299 -20.2992 5.06816 -5.07691 -19.0972 9.78394 -4.039 -17.5226 14.3703 -2.5976 -15.6339 18.723 -0.332236 -13.4591 22.5609 3.42758 -10.5997 26.1364 7.68644 -7.59631 28.954 12.2969 -4.63977 31.2123 17.644 -2.18171 31.8912 23.4732 -0.705443 30.0615 28.7484 -0.0923048 26.6991 33.7706 0.234108 22.9334 38.1284 -0.199476 18.4245 40.369 -1.36698 14.4031 41.5993 -3.11991 10.164 42.0475 -5.24131 5.93842 41.8437 -7.63377 1.8407 40.8101 -10.6731 -2.63061 39.096 -13.8619 -6.77696 36.9168 -17.0791 -10.6755 34.2208 -20.2593 -14.2695 31.1323 -23.1947 -17.2814 27.6408 -26.0228 -19.9344 23.7664 -28.6389 -22.252 19.3559 -30.7592 -24.0626 13.1886 -32.3831 -25.4133 6.78494 -33.3308 -26.1825 0.336788 -34.0927 -26.7636 -0.0879395 -0.228114 -0.301964 -0.312965 -0.519733 -0.486881 -0.388721 -0.278865 -0.507333 -0.448882 -0.379825 -0.298246 -0.480712 -0.399231 -0.335084 -0.287877 -0.504151 -0.433873 -0.390897 -0.493578 -0.417439 -0.649478 -0.7892 -1.14806 -0.991146 -1.22252 -1.22697 -1.18433 -1.17734 -1.07213 -0.900579 -0.719698 -1.02923 -0.812421 -0.5755 -0.201579 -0.225314 0.477625 0.879293 1.16339 1.16825 1.36421 1.31878 1.1648 0.989205 0.955722 0.883556 0.704624 0.605163 0.471894 0.367786 0.228551 1.48344 1.25782 1.06971 0.930723 1.60821 1.39224 1.20806 1.10979 1.28599 1.19091 1.1197 1.15756 0.831456 0.890365 0.936009 1.03663 0.557196 0.663919 0.777855 0.911032 0.442965 0.554893 0.709517 0.954278 0.297384 0.30391 0.197427 0.150751 -0.371978 -0.484738 -0.759723 -0.962578 -0.875923 -0.925661 -1.01354 -1.11521 -0.954368 -1.05279 -1.16608 -1.27555 -0.830461 -0.941812 -1.0712 -1.22437 0.0476401 -0.125865 -0.286922 -0.473621 -3.74599
-2.64862 -35.0651 -27.0548 -6.97787 -35.2253 -26.1085 -11.1424 -34.5244 -24.7558 -15.0122 -33.0956 -23.1288 -18.4854 -31.0283 -21.3046 -21.9276 -27.9016 -19.002 -24.7256 -24.2291 -16.6333 -27.0095 -20.1948 -14.3018 -28.7274 -15.8222 -12.0982 -29.5196 -12.2304 -10.5587 -29.8014 -8.49396 -9.19541 -29.6062 -4.68689 -8.02628 -29.0157 -0.866755 -7.04825 -28.0123 3.22887 -6.19022 -26.6428 7.25102 -5.50923 -24.8383 11.1213 -4.97878 -22.5233 14.7276 -4.58887 -18.1014 19.5755 -4.27091 -13.2311 23.9843 -4.24377 -8.23992 28.2556 -4.21149 -2.60042 31.5853 -3.6969 3.37191 33.0932 -2.64414 9.46763 33.59 -1.3608 15.5619 33.7604 0.0113 21.5249 32.8969 1.66904 26.3916 30.7579 3.36716 30.7607 27.7548 5.1095 34.7171 24.2485 6.89757 37.8778 20.0298 8.72973 39.8851 14.9476 10.4329 40.9773 9.51336 11.8593 41.3832 3.97969 13.2637 40.3346 -1.4357 14.7906 37.1308 -6.49216 16.2692 32.7905 -10.7271 17.3858 28.0532 -14.5385 18.4106 22.5318 -17.0441 19.5307 17.4192 -17.3469 20.4756 12.3991 -16.2629 21.3403 7.60724 -14.3719 22.1056 3.1827 -11.6962 22.7282 -1.02572 -7.48052 23.2554 -4.26329 -2.47065 23.6798 -7.30267 2.67388 23.9184 -10.6688 7.60648 23.6023 -13.658 11.5625 22.7956 -16.6862 15.3761 21.5618 -19.7933 18.9233 19.8299 -23.05 21.8677 17.3886 -26.7855 24.15 13.8484 -30.4786 25.5965 9.85288 -33.9817 26.4747 5.53401 -36.8863 26.44 0.711447 -38.7265 25.2727 -4.22908 -39.7452 23.2908 -9.14768 -40.173 20.8146 -13.9272 -39.8062 17.8187 -18.4047 -38.4434 14.3993 -22.2397 -36.3094 10.7357 -25.4462 -33.7318 6.89571 -28.0668 -30.7808 2.84086 -29.8294 -27.3511 -1.45306 -30.4833 -23.7286 -5.6283 -30.2124 -20.089 -9.69349 -29.2872 -16.6618 -13.5783 -27.3403 -13.5191 -17.2935 -23.7817 -10.9532 -20.4671 -19.3447 -8.56507 -23.3585 -14.6245 -6.39592 -25.7117 -9.51574 -5.08208 -26.8974 -5.1594 -4.07861 -27.4928 -0.60438 -3.17617 -27.5671 4.00971 -2.20487 -27.1352 8.59009 -1.09349 -26.1394 13.3193 0.101628 -24.6475 17.8951 1.58262 -22.6317 22.177 3.6153 -19.978 25.84 6.70381 -16.0831 29.063 10.059 -11.8104 31.4261 13.6284 -7.41645 33.1724 17.6781 -3.09364 33.2663 22.0005 0.741788 30.7936 25.8479 3.7434 26.8317 29.5108 6.42199 22.4822 32.7846 8.18044 17.4128 34.5764 8.36937 13.0186 35.6849 7.63776 8.4587 36.2568 6.23792 3.95648 36.3805 4.2769 -0.367388 35.965 1.35872 -5.01604 35.0526 -2.03126 -9.25564 33.7596 -5.65363 -13.1933 32.0005 -9.45381 -16.7658 29.849 -13.2105 -19.6787 27.3227 -17.04 -22.1647 24.3833 -20.8001 -24.2738 20.784 -24.2343 -25.848 15.3639 -27.7073 -26.876 9.53312 -30.59 -27.3108 3.6065 -33.2953 -27.5423 -0.329927 -0.373817 -0.402461 -0.402708 -0.615977 -0.601812 -0.529172 -0.444826 -0.692296 -0.647787 -0.590636 -0.51961 -0.711709 -0.637357 -0.576472 -0.527433 -0.73587 -0.658128 -0.621317 -0.740237 -0.674006 -0.895236 -1.03146 -1.44888 -1.37325 -1.62853 -1.62239 -1.55274 -1.51449 -1.38369 -1.18244 -0.968634 -1.25705 -1.03722 -0.814945 -0.479669 -0.400161 0.727014 1.37749 1.72757 1.70365 1.84359 1.76543 1.56682 1.33071 1.24842 1.14894 0.961612 0.858613 0.718826 0.628936 0.540716 1.85005 1.65974 1.49474 1.37437 2.06926 1.87008 1.69747 1.59953 1.7665 1.66283 1.58421 1.59297 1.21269 1.22567 1.25484 1.35838 0.886188 1.00148 1.1283 1.27855 0.827036 0.949101 1.09816 1.30421 0.570318 0.513346 0.355593 0.19129 -0.492421 -0.699398 -0.994322 -1.24317 -1.22602 -1.32417 -1.43898 -1.55911 -1.41862 -1.52823 -1.63501 -1.73828 -1.29424 -1.39882 -1.50992 -1.64415 -0.338677 -0.420708 -0.471465 -0.525201 -3.40677
-0.269188 -32.4163 -24.3186 -4.49556 -33.3373 -23.3421 -8.74092 -33.4062 -22.0629 -12.8631 -32.6911 -20.5931 -16.7392 -31.2236 -19.0162 -20.8143 -28.6268 -17.1247 -24.3629 -25.3292 -15.2644 -27.4395 -21.5474 -13.4867 -29.9231 -17.2907 -11.8621 -31.2474 -13.6857 -10.7901 -31.9897 -9.86724 -9.91417 -32.1733 -5.94125 -9.24207 -31.8792 -1.99445 -8.75723 -31.1081 2.22548 -8.41825 -29.8873 6.34831 -8.24758 -28.1526 10.2863 -8.23327 -25.8339 13.9086 -8.37081 -21.3004 18.6392 -8.84655 -16.2629 22.7985 -9.54069 -11.0985 26.7989 -10.2348 -5.28797 29.8367 -10.6423 0.849774 31.0103 -10.6794 7.09706 31.1268 -10.5839 13.3399 30.9389 -10.3752 19.4503 29.8099 -9.71241 24.4325 27.5016 -8.71639 28.9034 24.3674 -7.56222 32.988 20.8211 -6.1899 36.3176 16.7499 -4.32357 38.4847 11.9882 -2.00252 39.702 6.93072 0.384705 40.3116 1.86158 2.97129 39.6716 -2.8647 6.13513 37.0682 -6.98658 9.91007 33.3349 -10.2837 13.5448 29.2314 -13.2227 17.0863 24.4392 -14.981 20.5448 19.925 -14.8323 23.1377 15.4002 -13.4644 25.3237 10.9769 -11.4244 27.1669 6.70703 -8.77341 28.5323 2.28387 -4.82736 29.3231 -1.52702 -0.223465 29.5298 -5.20487 4.49061 29.4176 -9.07194 8.99457 28.6953 -12.3636 12.5695 27.4222 -15.6066 15.9569 25.6206 -18.8364 19.0434 23.3232 -22.0821 21.5452 20.4176 -25.6405 23.4332 16.4845 -29.0493 24.5935 12.1567 -32.2498 25.2199 7.56758 -34.9137 24.939 2.61573 -36.6319 23.5671 -2.31617 -37.6237 21.4181 -7.16967 -38.086 18.7814 -11.8593 -37.8279 15.5951 -16.2112 -36.6642 11.9435 -19.8947 -34.7948 8.01454 -22.9486 -32.501 3.90822 -25.4253 -29.8178 -0.380958 -27.0564 -26.6313 -4.87324 -27.5984 -23.2194 -9.21612 -27.2415 -19.7598 -13.4181 -26.2402 -16.4464 -17.3645 -24.2214 -13.3099 -21.0249 -20.6012 -10.6569 -24.0629 -16.1206 -8.16017 -26.7845 -11.3559 -5.88289 -28.9008 -6.19083 -4.47938 -29.8251 -1.79929 -3.38844 -30.0987 2.76632 -2.41576 -29.8077 7.35752 -1.40527 -28.9745 11.8736 -0.290066 -27.521 16.4818 0.869559 -25.5506 20.8823 2.25587 -23.0643 24.9429 4.10983 -19.98 28.3548 6.89599 -15.6415 31.2724 9.91339 -10.9781 33.3329 13.1081 -6.21376 34.8137 16.7307 -1.52628 34.7922 20.7016 2.73126 32.4231 24.3834 6.19571 28.6879 27.9246 9.36826 24.5764 31.1169 11.7327 19.7053 32.957 12.4754 15.3904 34.2195 12.3309 10.8141 34.9947 11.4903 6.20446 35.3078 10.0213 1.69882 35.0596 7.58401 -3.23033 34.2779 4.60636 -7.79339 33.1207 1.30771 -12.0453 31.5173 -2.33788 -15.8449 29.5166 -6.11685 -18.8355 27.1405 -10.0681 -21.2787 24.3948 -14.0315 -23.2738 21.0967 -17.8268 -24.6683 16.19 -22.0644 -25.3497 10.9353 -25.9224 -25.3124 5.56878 -29.6159 -25.0757 -0.431932 -0.407453 -0.400189 -0.389563 -0.608764 -0.616134 -0.576834 -0.532616 -0.817234 -0.804118 -0.776598 -0.733199 -0.950807 -0.897445 -0.852516 -0.81649 -1.04052 -0.978559 -0.938016 -1.02164 -0.910314 -1.12468 -1.3 -1.85376 -1.91072 -2.17718 -2.1126 -1.94618 -1.82452 -1.65041 -1.42237 -1.1832 -1.47363 -1.30401 -1.15061 -0.916529 -0.84193 1.3762 2.27578 2.43241 2.16337 2.14463 2.02032 1.81393 1.55745 1.45082 1.34232 1.17565 1.11329 1.00868 0.934021 0.843063 2.13974 1.93698 1.75973 1.62059 2.29063 2.06857 1.87956 1.76805 1.92038 1.80204 1.71293 1.72359 1.3589 1.38558 1.41923 1.53062 1.07017 1.19252 1.3199 1.46516 1.00649 1.11947 1.24977 1.42447 0.658178 0.58459 0.412677 0.216056 -0.503148 -0.728227 -1.02482 -1.2789 -1.27362 -1.38029 -1.49666 -1.61249 -1.46487 -1.56719 -1.67304 -1.78764 -1.36025 -1.47596 -1.5958 -1.74806 -0.464406 -0.534164 -0.533161 -0.492613 -3.16869
-0.815615 -29.3619 -22.7738 -5.04718 -30.289 -21.8259 -9.31981 -30.4027 -20.6444 -13.5054 -29.7561 -19.3303 -17.4901 -28.3678 -17.9666 -21.7564 -25.8698 -16.3897 -25.5547 -22.6698 -14.8864 -28.9095 -18.9686 -13.4812 -31.6734 -14.7579 -12.2334 -33.2011 -11.1589 -11.4506 -34.1232 -7.32504 -10.8591 -34.4504 -3.37097 -10.4628 -34.2547 0.605406 -10.2415 -33.5361 4.8476 -10.1728 -32.3135 8.97239 -10.2661 -30.5227 12.8765 -10.526 -28.0953 16.4031 -10.9587 -23.3272 20.822 -11.9055 -18.02 24.5236 -13.0408 -12.5921 28.0459 -14.1759 -6.60836 30.5822 -15.1339 -0.430802 31.2173 -15.8302 5.76643 30.7373 -16.4744 11.9501 29.993 -16.9841 18.0243 28.533 -16.835 23.0077 26.148 -16.047 27.5176 23.051 -14.9455 31.7076 19.6603 -13.4998 35.2717 15.9955 -11.2613 37.7993 11.9253 -8.13061 39.4326 7.68326 -4.65264 40.5359 3.50664 -0.898085 40.5459 -0.19635 3.46598 38.7544 -3.18783 8.55119 35.8292 -5.43898 13.4903 32.5298 -7.43318 18.3024 28.481 -8.57252 22.811 24.3805 -8.31948 26.0119 20.0172 -7.1489 28.6031 15.5671 -5.46212 30.7187 11.057 -3.31248 32.1892 6.01011 -0.167543 32.8215 1.27264 3.4782 32.658 -3.36373 7.21635 32.1173 -7.97665 10.825 30.9088 -11.6735 13.726 29.1329 -15.149 16.4803 26.7725 -18.473 18.9675 23.9438 -21.6505 20.9603 20.6018 -24.9206 22.4747 16.2764 -27.8868 23.4461 11.5909 -30.6329 23.9419 6.70119 -32.9708 23.5271 1.59645 -34.5576 22.0506 -3.34925 -35.5594 19.8267 -8.16682 -36.1336 17.0784 -12.7794 -36.1363 13.6486 -16.9501 -35.4146 9.60569 -20.3251 -34.1182 5.19007 -22.9858 -32.4373 0.572828 -25.0138 -30.3507 -4.19081 -26.1143 -27.7605 -9.08023 -26.0021 -24.9344 -13.7165 -24.9311 -22.022 -18.1025 -23.2254 -19.1203 -22.0084 -20.5888 -16.1897 -25.2728 -16.4538 -13.5663 -27.668 -11.5831 -11.0387 -29.6826 -6.49427 -8.6274 -31.0529 -1.14163 -6.98538 -31.3428 3.2549 -5.55249 -30.9573 7.71675 -4.18665 -30.0232 12.1181 -2.77053 -28.5989 16.3697 -1.22392 -26.5917 20.6325 0.367128 -24.1364 24.6364 2.15581 -21.2548 28.2544 4.33909 -17.9081 31.191 7.40824 -13.4272 33.5573 10.6436 -8.71514 35.1151 14.0175 -3.95261 36.1312 17.735 0.64321 35.7376 21.726 4.75413 33.153 25.421 8.10684 29.33 28.9743 11.1869 25.1589 32.1567 13.4937 20.2538 33.985 14.25 15.9362 35.2403 14.1681 11.3565 35.9998 13.4137 6.72935 36.2669 12.0352 2.19223 35.9192 9.70646 -2.78316 35.0088 6.8451 -7.39648 33.7067 3.65772 -11.6911 31.9304 0.101519 -15.4986 29.7321 -3.60613 -18.4393 27.1403 -7.48163 -20.7825 24.1932 -11.3601 -22.6532 20.7453 -15.0697 -23.9092 15.7398 -19.2185 -24.3884 10.4387 -23.0021 -24.1056 5.03439 -26.6174 -23.6355 -0.470208 -0.429706 -0.413078 -0.398308 -0.618642 -0.634931 -0.611672 -0.587892 -0.892564 -0.897539 -0.888098 -0.862052 -1.09569 -1.0552 -1.01934 -0.989696 -1.2205 -1.16549 -1.12099 -1.18136 -1.0394 -1.2571 -1.49006 -2.15672 -2.20364 -2.4122 -2.2893 -2.03828 -1.8427 -1.63519 -1.39548 -1.1346 -1.40329 -1.25006 -1.14773 -0.969178 -1.02417 1.55214 2.63753 2.72885 2.35788 2.26635 2.12364 1.92915 1.68 1.56873 1.4575 1.31094 1.29247 1.2296 1.17023 1.06847 2.34285 2.11982 1.91854 1.73988 2.36195 2.10023 1.88545 1.7535 1.88372 1.74393 1.63775 1.64518 1.30403 1.35863 1.39773 1.51523 1.07894 1.22246 1.35913 1.50396 1.04375 1.15668 1.28187 1.44382 0.664283 0.585928 0.413738 0.213222 -0.509454 -0.733483 -1.02431 -1.27234 -1.26316 -1.36644 -1.47825 -1.5885 -1.43512 -1.53315 -1.63741 -1.75373 -1.33153 -1.45453 -1.58252 -1.74574 -0.478434 -0.562148 -0.559033 -0.498266 -3.11213
-1.03999 -28.5195 -25.4398 -5.28857 -29.4488 -24.5738 -9.56863 -29.5852 -23.4219 -13.7545 -28.9849 -22.087 -17.7375 -27.6723 -20.6458 -22.0088 -25.2968 -18.9021 -25.8254 -22.2382 -17.1682 -29.2126 -18.6778 -15.5013 -32.0278 -14.5922 -13.9815 -33.6121 -11.07 -12.9902 -34.6053 -7.28998 -12.2003 -35.013 -3.36508 -11.6278 -34.9012 0.603979 -11.2632 -34.273 4.85723 -11.0827 -33.1404 9.00855 -11.1125 -31.4411 12.9537 -11.3666 -29.107 16.5343 -11.8647 -24.4814 21.046 -13.0501 -19.3145 24.8251 -14.5264 -14.0251 28.4278 -16.0095 -8.16422 31.1161 -17.2663 -2.04474 31.9829 -18.1888 4.14293 31.7649 -19.0352 10.3366 31.3062 -19.7271 16.4923 30.234 -19.6319 21.6405 28.2855 -18.7142 26.3748 25.6558 -17.3673 30.8247 22.769 -15.6326 34.6977 19.6868 -13.0552 37.5895 16.263 -9.49532 39.6064 12.6586 -5.53318 41.1168 9.11027 -1.30393 41.5764 5.99082 3.4726 40.2789 3.44162 8.93485 37.8226 1.4502 14.2282 34.9764 -0.35838 19.3904 31.3041 -1.51626 24.2062 27.3631 -1.55475 27.6107 22.9947 -0.871373 30.3627 18.42 0.223636 32.5982 13.6638 1.68661 34.1351 8.1518 3.91979 34.7617 2.80263 6.58347 34.5315 -2.47072 9.33429 33.9096 -7.66523 11.9958 32.6076 -11.7922 14.158 30.7288 -15.6435 16.2255 28.2532 -19.2824 18.0743 25.3244 -22.6836 19.5094 21.9173 -26.0776 20.548 17.5471 -29.0736 21.1793 12.8226 -31.8133 21.3884 7.90864 -34.1169 20.7239 2.81478 -35.6313 19.0871 -2.10311 -36.5325 16.7796 -6.90117 -37.0067 13.9622 -11.4833 -36.9345 10.427 -15.5644 -36.1703 6.25569 -18.7696 -34.8535 1.71673 -21.203 -33.1666 -3.00567 -22.9667 -31.1 -7.84007 -23.7504 -28.5792 -12.7406 -23.2413 -25.8687 -17.3238 -21.7326 -23.0725 -21.6032 -19.6121 -20.2315 -25.3253 -16.662 -17.2739 -28.2985 -12.3313 -14.5675 -30.3529 -7.35154 -11.9187 -32.0204 -2.19921 -9.25634 -33.0672 3.10733 -7.27225 -33.1337 7.36982 -5.38973 -32.5516 11.6391 -3.52123 -31.4419 15.8089 -1.58458 -29.863 19.7922 0.525478 -27.7197 23.7351 2.68425 -25.1537 27.3886 4.98191 -22.1801 30.6243 7.52299 -18.751 33.1493 10.7797 -14.169 35.0193 14.0508 -9.34939 36.1007 17.377 -4.47784 36.65 20.8501 0.247912 35.8129 24.314 4.56841 32.8392 27.3456 8.20452 28.7043 30.2267 11.5723 24.247 32.7928 14.1102 19.1008 34.2228 14.9913 14.6585 35.1509 14.9987 10.0007 35.6546 14.3071 5.32898 35.7514 12.9594 0.775812 35.3295 10.6101 -4.18413 34.4463 7.6754 -8.75648 33.2113 4.40653 -13.0095 31.5167 0.797832 -16.8048 29.4166 -2.93991 -19.779 26.9403 -6.84701 -22.1936 24.0998 -10.7562 -24.1624 20.7121 -14.4739 -25.5516 15.6969 -18.5774 -26.2627 10.3277 -22.2746 -26.2686 4.85435 -25.8111 -26.0868 -0.506406 -0.477462 -0.467222 -0.454604 -0.673341 -0.685301 -0.657094 -0.62753 -0.926271 -0.926399 -0.913034 -0.884287 -1.11642 -1.07494 -1.03647 -1.00088 -1.22109 -1.15979 -1.12388 -1.19507 -1.04837 -1.23937 -1.45053 -2.09027 -2.10637 -2.31304 -2.1963 -1.93795 -1.72631 -1.50753 -1.25981 -0.980246 -1.21919 -1.04768 -0.948224 -0.765917 -0.877614 1.05918 2.46045 2.72068 2.40559 2.32835 2.19104 2.00065 1.74993 1.62952 1.50511 1.35214 1.33827 1.27866 1.2109 1.10104 2.37677 2.15477 1.94585 1.75296 2.3617 2.09122 1.87106 1.7341 1.8587 1.71435 1.60435 1.60751 1.2676 1.32684 1.36766 1.4943 1.07996 1.24432 1.39635 1.55245 1.1026 1.22384 1.34978 1.5011 0.7026 0.61024 0.430055 0.211246 -0.538331 -0.77882 -1.07258 -1.32987 -1.33497 -1.44873 -1.56836 -1.68724 -1.54518 -1.65223 -1.75667 -1.86664 -1.43746 -1.55467 -1.67521 -1.82522 -0.539356 -0.61397 -0.619404 -0.57867 -3.17543
1.12785 -29.2668 -24.8777 -3.06225 -30.3499 -23.9113 -7.3079 -30.5818 -22.6524 -11.4701 -30.0271 -21.2267 -15.4336 -28.7202 -19.7275 -19.6773 -26.3107 -17.9634 -23.4543 -23.1894 -16.2547 -26.8009 -19.5557 -14.666 -29.5933 -15.3989 -13.3057 -31.1798 -11.8294 -12.505 -32.1961 -8.01293 -11.9571 -32.6525 -4.06282 -11.6618 -32.6193 -0.0761743 -11.5957 -32.1104 4.19406 -11.7487 -31.1292 8.36895 -12.1018 -29.6089 12.3598 -12.6297 -27.4747 16.0337 -13.3107 -23.1633 20.8237 -14.5858 -18.309 24.9982 -16.0579 -13.3191 29.0157 -17.5131 -7.64666 32.1688 -18.5314 -1.56586 33.5625 -18.8948 4.67166 33.9342 -18.9746 10.9195 34.0311 -18.894 17.0835 33.297 -18.175 22.1739 31.4166 -16.8731 26.7878 28.7262 -15.2555 31.0603 25.6874 -13.3436 34.6703 22.2689 -10.8088 37.2213 18.2587 -7.61997 38.8712 13.9289 -4.26001 40.0089 9.60606 -0.685555 40.1131 5.67301 3.47107 38.502 2.25044 8.34021 35.7943 -0.587013 13.098 32.7108 -3.18204 17.7645 28.8564 -4.88253 22.2668 24.8814 -5.07852 25.6261 20.5878 -4.33791 28.4792 16.1453 -3.0628 30.8797 11.571 -1.28259 32.6205 6.3727 1.52571 33.5438 1.44846 4.91666 33.6665 -3.39573 8.41268 33.3952 -8.26231 11.7381 32.3853 -12.2 14.3636 30.7007 -15.9191 16.8159 28.3787 -19.4728 18.9694 25.5557 -22.8412 20.5765 22.193 -26.2448 21.5898 17.8243 -29.2673 22.0142 13.0936 -32.0215 21.9371 8.18392 -34.2879 20.9241 3.13092 -35.6845 18.8755 -1.66605 -36.398 16.1126 -6.25033 -36.6579 12.8723 -10.5621 -36.373 9.02682 -14.3423 -35.4041 4.67712 -17.2402 -33.8858 0.0501348 -19.3718 -32.0152 -4.69333 -20.8743 -29.8057 -9.48619 -21.5097 -27.1741 -14.3295 -21.0138 -24.3625 -18.8945 -19.6412 -21.4535 -23.1875 -17.7082 -18.4622 -26.9651 -14.986 -15.2678 -30.1017 -10.9486 -12.2562 -32.4316 -6.27465 -9.2943 -34.3813 -1.39927 -6.35888 -35.6161 3.71952 -4.20658 -35.7462 7.89811 -2.21063 -35.1604 12.1151 -0.30935 -33.978 16.25 1.54311 -32.2426 20.2081 3.4192 -29.8413 24.1205 5.21288 -26.9464 27.7253 7.026 -23.5922 30.896 8.9431 -19.7328 33.35 11.2721 -14.5859 35.134 13.489 -9.18177 36.1233 15.7449 -3.72304 36.5819 18.2482 1.56977 35.6786 20.9189 6.40128 32.6732 23.3394 10.4582 28.5269 25.6775 14.2154 24.063 27.9224 17.0612 18.9277 29.3672 18.0643 14.5161 30.506 18.0977 9.90543 31.3535 17.3637 5.29026 31.8982 15.9193 0.798717 32.1132 13.3916 -4.08624 31.9513 10.22 -8.58222 31.4572 6.67612 -12.765 30.4757 2.76311 -16.5098 29.0094 -1.28115 -19.4629 27.1271 -5.50644 -21.8777 24.8255 -9.75363 -23.8503 21.8709 -13.8274 -25.2293 17.216 -18.3414 -25.9014 12.1005 -22.3822 -25.8603 6.85841 -26.2504 -25.6254 -0.398232 -0.366094 -0.352352 -0.336683 -0.555135 -0.569446 -0.541294 -0.508174 -0.803207 -0.800993 -0.785793 -0.755029 -0.984961 -0.942939 -0.909406 -0.885603 -1.12455 -1.07029 -1.03077 -1.13151 -1.05108 -1.27393 -1.42818 -1.94179 -1.92998 -2.16027 -2.07071 -1.86301 -1.70083 -1.50299 -1.25695 -0.98783 -1.24694 -1.07775 -0.959645 -0.799497 -1.05898 0.760394 2.46976 2.75435 2.46094 2.40709 2.26826 2.04976 1.77561 1.64697 1.51787 1.34883 1.30772 1.22805 1.15859 1.0542 2.33536 2.12229 1.92862 1.75253 2.37445 2.1146 1.90188 1.76452 1.88141 1.72894 1.61639 1.62128 1.28354 1.34458 1.39597 1.54749 1.15208 1.32338 1.47383 1.61952 1.15177 1.25236 1.35326 1.46964 0.63043 0.510762 0.315201 0.0705144 -0.709382 -0.964085 -1.2587 -1.5227 -1.53774 -1.65646 -1.77589 -1.89159 -1.74459 -1.84346 -1.93409 -2.02332 -1.56866 -1.66073 -1.75893 -1.8858 -0.569559 -0.61565 -0.605541 -0.55528 -3.25437
1.08328 -30.1444 -24.4492 -3.06667 -31.1463 -23.25 -7.23025 -31.2116 -21.7255 -11.255 -30.4367 -20.0327 -15.022 -28.8866 -18.2803 -18.9587 -26.1857 -16.2467 -22.3597 -22.7817 -14.3043 -25.3029 -18.8921 -12.5335 -27.7083 -14.5321 -11.0733 -29.0289 -10.857 -10.2681 -29.8184 -6.97955 -9.7772 -30.0954 -3.00618 -9.59176 -29.935 0.976973 -9.67877 -29.3478 5.22487 -10.0362 -28.3437 9.36838 -10.6195 -26.8482 13.3308 -11.3805 -24.7791 16.9961 -12.2758 -20.6238 21.8404 -13.8322 -15.9653 26.1277 -15.5859 -11.1678 30.272 -17.3083 -5.61798 33.6125 -18.4017 0.407339 35.2631 -18.549 6.61339 35.9297 -18.246 12.8319 36.3115 -17.76 18.9556 35.8091 -16.6209 23.9787 34.0856 -14.9057 28.4892 31.5211 -12.8508 32.6199 28.565 -10.5395 36.0345 25.1337 -7.76279 38.3455 20.9977 -4.55167 39.7415 16.4863 -1.31802 40.5981 11.9445 2.05785 40.3725 7.69629 5.88663 38.3847 3.79053 10.2239 35.3142 0.386374 14.3473 31.876 -2.76295 18.3821 27.6949 -4.93652 22.3586 23.5003 -5.44693 25.403 19.0366 -4.95352 28.0404 14.4634 -3.85813 30.2787 9.82879 -2.13877 31.9183 4.69645 0.786139 32.8485 -0.0443315 4.42311 33.0915 -4.67861 8.20002 32.949 -9.34206 11.8193 31.9926 -13.0894 14.7032 30.2966 -16.5921 17.4169 27.9293 -19.9094 19.8175 25.0191 -23.0168 21.6218 21.5084 -26.079 22.7581 16.9228 -28.7117 23.2185 11.9677 -31.0507 23.1379 6.8473 -32.8793 22.0875 1.62727 -33.8318 19.9586 -3.24291 -34.0906 17.0863 -7.80809 -33.928 13.7345 -12.0387 -33.3217 9.79126 -15.6776 -32.1715 5.35459 -18.3702 -30.5788 0.643569 -20.2482 -28.7202 -4.1816 -21.4814 -26.6498 -9.06301 -21.8591 -24.325 -14.031 -21.1222 -21.9304 -18.7599 -19.5311 -19.4716 -23.2359 -17.3984 -16.9229 -27.2132 -14.5149 -14.1771 -30.6099 -10.3597 -11.58 -33.2461 -5.60055 -9.00206 -35.5017 -0.639683 -6.35375 -36.9933 4.56657 -4.31761 -37.2753 8.7956 -2.35894 -36.7975 13.0436 -0.458792 -35.6763 17.196 1.39731 -33.947 21.1551 3.2748 -31.494 25.0346 5.06208 -28.5042 28.5644 6.8241 -25.0274 31.6302 8.5901 -21.0237 33.9633 10.5859 -15.6872 35.5871 12.3697 -10.0959 36.3952 14.1567 -4.45424 36.6706 16.1514 1.02421 35.6198 18.264 6.06581 32.5169 20.1347 10.3438 28.3087 21.9524 14.3181 23.7909 23.8241 17.3573 18.617 25.1464 18.4772 14.1951 26.2906 18.5988 9.5872 27.2455 17.9243 4.98395 27.9995 16.5053 0.514653 28.5867 13.9562 -4.32849 28.8934 10.7179 -8.76896 28.8978 7.07558 -12.896 28.411 3.03402 -16.601 27.4088 -1.1598 -19.5395 25.9823 -5.55886 -21.9563 24.091 -10.0049 -23.9267 21.4328 -14.2871 -25.2769 16.9633 -18.9951 -25.8724 11.9342 -23.1413 -25.7515 6.76565 -27.1002 -25.4188 -0.375403 -0.353335 -0.34252 -0.324966 -0.539951 -0.548944 -0.510112 -0.460556 -0.739421 -0.724455 -0.698315 -0.658056 -0.879787 -0.832314 -0.798092 -0.777568 -1.02134 -0.964756 -0.926681 -1.05852 -1.03008 -1.27533 -1.41008 -1.87046 -1.8033 -2.0162 -1.93971 -1.76409 -1.62988 -1.4445 -1.20368 -0.939318 -1.194 -1.00224 -0.857289 -0.673071 -0.899086 0.555019 2.04793 2.51978 2.36008 2.37222 2.24843 2.02867 1.76037 1.64021 1.51789 1.35287 1.31559 1.24363 1.18998 1.10521 2.40184 2.20204 2.0211 1.8515 2.4734 2.21404 2.00202 1.85603 1.95246 1.77867 1.64967 1.63146 1.26186 1.29631 1.33327 1.48668 1.10756 1.29436 1.45439 1.60524 1.14111 1.24256 1.33656 1.43684 0.577185 0.443427 0.238353 -0.0236878 -0.825202 -1.09145 -1.38763 -1.65782 -1.68141 -1.80462 -1.9252 -2.04117 -1.89372 -1.98784 -2.06731 -2.1406 -1.66797 -1.74206 -1.82254 -1.93006 -0.590415 -0.617268 -0.601284 -0.561152 -3.29853
-0.113063 -30.0948 -25.8912 -4.23986 -31.0824 -24.6037 -8.33763 -31.0967 -22.909 -12.2436 -30.2444 -20.9902 -15.8335 -28.6009 -18.9714 -19.4831 -25.781 -16.5932 -22.5252 -22.2605 -14.2955 -25.0773 -18.2731 -12.1708 -27.0972 -13.8494 -10.36 -28.1428 -10.1527 -9.29234 -28.6877 -6.2731 -8.55059 -28.7605 -2.3087 -8.12987 -28.4433 1.66378 -7.99773 -27.7416 5.90706 -8.1369 -26.6764 10.0581 -8.5261 -25.1693 14.0431 -9.13048 -23.1355 17.7513 -9.92359 -19.1098 22.7162 -11.4403 -14.6364 27.1814 -13.2316 -10.0248 31.5098 -15.0079 -4.59662 35.0029 -16.2277 1.39078 36.7511 -16.6091 7.59676 37.4838 -16.6091 13.8271 37.9324 -16.4276 19.9983 37.5044 -15.5422 25.0951 35.8407 -13.9938 29.6888 33.3243 -12.0678 33.912 30.4145 -9.8675 37.4411 27.0403 -7.16491 39.8901 22.977 -3.96342 41.4301 18.5451 -0.68537 42.4303 14.0723 2.74268 42.3473 9.84546 6.60078 40.5019 5.88144 10.9481 37.5624 2.37078 15.0777 34.2486 -0.903411 19.1172 30.1535 -3.26515 23.0759 25.9639 -4.01021 26.0785 21.4448 -3.79766 28.6585 16.7828 -3.00138 30.8394 12.0329 -1.58696 32.44 6.71759 0.994264 33.3596 1.74366 4.3042 33.6166 -3.12746 7.77138 33.5038 -7.99305 11.1323 32.6137 -11.8871 13.8726 31.0126 -15.5232 16.5108 28.7642 -18.9505 18.8989 25.9736 -22.122 20.775 22.5592 -25.1971 22.114 18.0374 -27.8071 22.872 13.1069 -30.0963 23.1292 7.96987 -31.8136 22.448 2.65174 -32.5814 20.7104 -2.40289 -32.606 18.2493 -7.20919 -32.2006 15.2853 -11.7046 -31.3673 11.6521 -15.6115 -30.0178 7.42995 -18.5457 -28.2528 2.87005 -20.6312 -26.2738 -1.85823 -22.0399 -24.1962 -6.72518 -22.5435 -22.0246 -11.7697 -21.8613 -19.9043 -16.6254 -20.2629 -17.7879 -21.259 -18.0996 -15.6698 -25.4537 -15.1762 -13.5208 -29.1804 -10.9528 -11.6092 -32.2035 -6.09997 -9.71559 -34.8676 -1.0343 -7.66323 -36.8123 4.29013 -5.99714 -37.4921 8.63434 -4.3214 -37.435 13.0274 -2.61997 -36.7308 17.354 -0.867674 -35.3941 21.5077 1.01243 -33.3209 25.6015 2.89984 -30.676 29.3478 4.82951 -27.4989 32.6303 6.81468 -23.7288 35.1675 9.1251 -18.5853 36.9852 11.259 -13.1399 37.9299 13.3868 -7.62492 38.3235 15.6397 -2.22689 37.3842 17.8833 2.80993 34.3667 19.7892 7.12336 30.2108 21.6142 11.1515 25.7439 23.4267 14.3166 20.6247 24.6365 15.6092 16.2177 25.6294 15.9605 11.5866 26.4218 15.5557 6.9213 27.0234 14.4388 2.34446 27.4596 12.2682 -2.69505 27.6399 9.41682 -7.39992 27.5408 6.15031 -11.8292 26.992 2.44917 -15.8664 25.9867 -1.47563 -19.1546 24.5999 -5.65955 -21.9473 22.7587 -9.94335 -24.2895 20.1358 -14.1323 -25.9626 15.6935 -18.8203 -26.8488 10.6969 -23.0061 -26.9494 5.55961 -27.0168 -26.8096 -0.412103 -0.405488 -0.401338 -0.38457 -0.59615 -0.5966 -0.54434 -0.478038 -0.74062 -0.711454 -0.671978 -0.620136 -0.832506 -0.777964 -0.736797 -0.707294 -0.93887 -0.879198 -0.849571 -0.975473 -0.921562 -1.14976 -1.29051 -1.78634 -1.76576 -1.9993 -1.92748 -1.74868 -1.6087 -1.41918 -1.17557 -0.905841 -1.15227 -0.954611 -0.806373 -0.610875 -0.830094 0.411351 1.7784 2.36282 2.27801 2.31891 2.20453 1.99679 1.74129 1.62715 1.50668 1.34738 1.32307 1.26258 1.21337 1.13834 2.45309 2.26818 2.09355 1.92633 2.55278 2.29969 2.09108 1.94183 2.02949 1.84734 1.70965 1.66915 1.26062 1.25947 1.27328 1.40635 1.01703 1.20459 1.37312 1.53994 1.09608 1.21566 1.32433 1.43892 0.592585 0.465403 0.259959 -0.00300225 -0.806115 -1.07707 -1.38007 -1.65735 -1.68745 -1.81659 -1.9434 -2.06577 -1.92445 -2.02293 -2.10655 -2.18657 -1.72064 -1.79768 -1.88045 -1.99593 -0.671114 -0.70562 -0.690297 -0.667805 -3.3937
-1.55985 -29.8533 -27.9496 -5.60812 -30.7222 -26.3621 -9.52052 -30.6121 -24.2777 -13.151 -29.6385 -21.9249 -16.3916 -27.8898 -19.454 -19.5523 -24.9788 -16.5449 -22.0477 -21.4011 -13.7341 -24.0438 -17.3794 -11.1325 -25.5493 -12.9399 -8.90721 -26.2532 -9.24549 -7.58256 -26.5155 -5.37919 -6.64361 -26.3708 -1.43405 -6.08356 -25.9022 2.51957 -5.86448 -25.1081 6.7477 -5.96172 -24.018 10.892 -6.35293 -22.5481 14.8855 -6.99178 -20.6106 18.6319 -7.84486 -16.8258 23.7385 -9.50461 -12.6636 28.4116 -11.5034 -8.36 32.9613 -13.4873 -3.14799 36.7407 -14.7938 2.7296 38.8431 -15.0835 8.87278 39.9722 -14.8895 15.054 40.8037 -14.4994 21.2046 40.6782 -13.4014 26.2913 39.1963 -11.6488 30.8579 36.8046 -9.51099 35.032 33.9617 -7.13623 38.4848 30.5407 -4.39429 40.8299 26.3003 -1.34843 42.2471 21.63 1.64134 43.1032 16.882 4.7206 42.8471 12.2961 8.13546 40.7991 7.83932 11.872 37.6602 3.79163 15.3045 34.1528 -0.00830766 18.6629 29.8889 -2.84466 22.0969 25.5944 -3.92489 24.838 20.9991 -3.98995 27.2881 16.2826 -3.4172 29.4214 11.5165 -2.13616 31.085 6.25124 0.438658 32.2716 1.38619 3.84852 32.954 -3.37493 7.45125 33.2913 -8.17512 10.983 32.795 -12.0452 13.9051 31.4833 -15.6735 16.7536 29.4939 -19.0985 19.3678 26.9109 -22.258 21.465 23.616 -25.2824 23.0122 19.1266 -27.8008 23.9311 14.1759 -29.9687 24.329 8.99537 -31.5159 23.7788 3.6103 -32.0552 22.1467 -1.50863 -31.8057 19.773 -6.35233 -31.1255 16.8903 -10.8674 -30.0599 13.3353 -14.7897 -28.5402 9.17811 -17.7334 -26.6529 4.66785 -19.8198 -24.6011 -0.0281864 -21.2322 -22.5374 -4.89818 -21.7626 -20.4958 -10.0044 -21.1405 -18.587 -14.9723 -19.6224 -16.7163 -19.7499 -17.5477 -14.8709 -24.1349 -14.7202 -13.0551 -28.1478 -10.6041 -11.5008 -31.5177 -5.85308 -9.95303 -34.5453 -0.874928 -8.17798 -36.8627 4.39977 -6.65747 -37.8414 8.74032 -5.06796 -38.0804 13.1592 -3.40205 -37.6532 17.5356 -1.63542 -36.5589 21.7536 0.313316 -34.6984 25.917 2.31282 -32.2282 29.7239 4.38109 -29.1894 33.0526 6.51642 -25.5143 35.6072 9.00102 -20.4383 37.3843 11.2958 -15.0424 38.2309 13.5687 -9.57833 38.5061 15.916 -4.2446 37.4393 18.1663 0.698635 34.2756 20.0087 4.88992 29.9688 21.7537 8.79635 25.364 23.4717 11.8748 20.1601 24.5952 13.1408 15.7226 25.4949 13.5032 11.0734 26.1939 13.1515 6.38888 26.7114 12.1414 1.77708 27.0752 10.1609 -3.34576 27.2098 7.54006 -8.18434 27.0677 4.51507 -12.7808 26.4563 1.06114 -17.0229 25.3757 -2.62188 -20.5577 23.9078 -6.56777 -23.6402 21.9735 -10.6406 -26.2665 19.23 -14.661 -28.1469 14.6167 -19.1607 -29.13 9.45295 -23.1381 -29.24 4.16578 -26.9482 -29.0783 -0.494262 -0.498764 -0.490212 -0.460676 -0.655453 -0.638033 -0.56687 -0.477513 -0.716521 -0.667103 -0.609384 -0.542112 -0.741954 -0.67865 -0.632292 -0.599164 -0.82616 -0.762847 -0.740628 -0.888279 -0.856417 -1.08554 -1.21005 -1.6755 -1.64579 -1.88935 -1.83708 -1.69018 -1.57778 -1.39936 -1.15756 -0.889959 -1.13302 -0.91718 -0.749114 -0.555124 -0.827561 0.163782 1.3964 2.13163 2.18569 2.29549 2.19191 1.97249 1.71383 1.60206 1.48204 1.31924 1.29196 1.23275 1.19031 1.12794 2.45784 2.2869 2.12397 1.96512 2.59738 2.34965 2.14429 1.9908 2.06647 1.87211 1.72525 1.67053 1.23919 1.21633 1.21704 1.34524 0.958996 1.15318 1.33085 1.50996 1.07937 1.20921 1.32501 1.44577 0.604072 0.477448 0.268962 0.00276006 -0.802777 -1.07621 -1.38288 -1.66486 -1.69889 -1.83056 -1.95892 -2.08196 -1.94044 -2.03744 -2.11824 -2.19381 -1.72202 -1.79401 -1.87775 -2.00497 -0.70309 -0.754454 -0.747576 -0.756911 -3.43291
-1.51734 -31.3613 -25.5274 -5.58693 -32.0063 -23.8886 -9.50575 -31.669 -21.8409 -13.1394 -30.4819 -19.5934 -16.3892 -28.5425 -17.2822 -19.5784 -25.4401 -14.6116 -22.1235 -21.7002 -12.0695 -24.1843 -17.5432 -9.74554 -25.7647 -13.0019 -7.79468 -26.5345 -9.25487 -6.66966 -26.8698 -5.35441 -5.91291 -26.8028 -1.38775 -5.51312 -26.4138 2.5797 -5.43128 -25.7051 6.81832 -5.65234 -24.6978 10.9727 -6.1462 -23.306 14.9794 -6.87091 -21.4389 18.7447 -7.79438 -17.7438 23.8927 -9.52721 -13.6595 28.6201 -11.5588 -9.4322 33.2252 -13.5785 -4.27818 37.0453 -14.992 1.57918 39.1724 -15.4583 7.72113 40.3246 -15.4652 13.9096 41.1747 -15.2877 20.1021 41.0341 -14.4608 25.2687 39.5027 -13.0102 29.9406 37.0437 -11.2017 34.2344 34.1182 -9.16498 37.8236 30.5822 -6.76539 40.3176 26.1937 -4.06739 41.8811 21.368 -1.41655 42.8872 16.4558 1.34328 42.7888 11.6806 4.49681 40.8995 7.00616 8.04628 37.8972 2.75105 11.3477 34.5241 -1.24823 14.6107 30.4067 -4.27158 18.064 26.2397 -5.4884 20.9412 21.7658 -5.66813 23.6013 17.1619 -5.18259 25.9872 12.5045 -3.93762 27.9577 7.37255 -1.32874 29.5756 2.65719 2.15945 30.7416 -1.96054 5.86672 31.5749 -6.65319 9.57356 31.5671 -10.462 12.719 30.653 -14.0518 15.8429 29.0433 -17.475 18.7607 26.8063 -20.6933 21.1718 23.7953 -23.8528 23.0616 19.536 -26.5458 24.3044 14.7506 -28.9183 24.9961 9.6921 -30.7199 24.6614 4.36878 -31.541 23.1244 -0.742105 -31.582 20.7595 -5.59638 -31.1915 17.8426 -10.1239 -30.4131 14.221 -14.0528 -29.1637 9.96657 -16.9846 -27.5279 5.34336 -19.0358 -25.7085 0.539076 -20.4019 -23.8459 -4.41593 -20.8873 -21.963 -9.57759 -20.2236 -20.1684 -14.5757 -18.6655 -18.3822 -19.3677 -16.5501 -16.5772 -23.745 -13.6848 -14.733 -27.7129 -9.5378 -13.0952 -31.0124 -4.76548 -11.4476 -33.9547 0.231724 -9.56312 -36.1519 5.51991 -7.94677 -36.9989 9.85352 -6.25511 -37.0787 14.2401 -4.48528 -36.4779 18.5549 -2.61885 -35.2037 22.6784 -0.575988 -33.1508 26.7039 1.50588 -30.4946 30.3375 3.65446 -27.2996 33.4629 5.87797 -23.5271 35.79 8.47672 -18.416 37.2805 10.882 -13.0307 37.8386 13.2754 -7.61139 37.834 15.7935 -2.41077 36.5265 18.2892 2.2915 33.1846 20.407 6.21497 28.7539 22.4301 9.84382 24.0371 24.4176 12.6017 18.75 25.7261 13.5973 14.2944 26.7843 13.6788 9.66512 27.6076 13.0379 5.03176 28.2023 11.7271 0.50572 28.5857 9.39332 -4.46466 28.6816 6.42984 -9.10226 28.4665 3.07888 -13.4638 27.7429 -0.672065 -17.4268 26.5068 -4.59076 -20.6429 24.847 -8.72177 -23.3644 22.7137 -12.9203 -25.6113 19.7936 -16.9731 -27.1194 15.0099 -21.3652 -27.6864 9.7066 -25.1468 -27.4188 4.29001 -28.7368 -26.8996 -0.390924 -0.390395 -0.37983 -0.35008 -0.54672 -0.533203 -0.4668 -0.383299 -0.628953 -0.586322 -0.535963 -0.47622 -0.683576 -0.627218 -0.587065 -0.559926 -0.795009 -0.740772 -0.719867 -0.856086 -0.807028 -1.02867 -1.15353 -1.63726 -1.66601 -1.94371 -1.90227 -1.76223 -1.65409 -1.47433 -1.22731 -0.957776 -1.20515 -0.994611 -0.833218 -0.673195 -1.04418 -0.199784 1.16067 2.09181 2.22296 2.35287 2.24591 2.01719 1.75856 1.64991 1.52789 1.3553 1.31655 1.25104 1.20016 1.11833 2.42759 2.24408 2.07339 1.90658 2.53125 2.27806 2.06872 1.91188 1.98538 1.78961 1.64103 1.58661 1.16013 1.14261 1.14594 1.27996 0.901981 1.10176 1.28208 1.46178 1.03068 1.15944 1.27429 1.39566 0.557081 0.434399 0.229992 -0.028323 -0.820706 -1.0817 -1.37906 -1.64891 -1.66914 -1.78916 -1.90715 -2.02041 -1.86914 -1.95858 -2.03423 -2.10462 -1.62875 -1.69979 -1.78303 -1.90647 -0.598678 -0.65052 -0.645003 -0.645251 -3.4139
0.963529 -30.8759 -26.4736 -3.14613 -31.4786 -24.9208 -7.11485 -31.1167 -22.976 -10.816 -29.9251 -20.8439 -14.1614 -28.0028 -18.6582 -17.5089 -24.9426 -16.137 -20.2566 -21.2547 -13.7335 -22.5462 -17.1484 -11.5373 -24.3723 -12.6497 -9.70569 -25.3396 -8.92468 -8.66312 -25.8737 -5.03316 -7.97793 -25.9974 -1.06218 -7.63925 -25.7823 2.91922 -7.61125 -25.2374 7.17899 -7.8844 -24.3653 11.3586 -8.42013 -23.072 15.3945 -9.16544 -21.2565 19.188 -10.0765 -17.5493 24.3552 -11.7239 -13.3871 29.0621 -13.6416 -9.07872 33.6462 -15.534 -3.88203 37.491 -16.7034 1.96877 39.6849 -16.7745 8.07748 40.9111 -16.2934 14.2225 41.8348 -15.6329 20.3475 41.815 -14.3937 25.4661 40.4625 -12.6291 30.1247 38.2226 -10.5257 34.4264 35.4933 -8.24754 38.0753 32.0697 -5.77605 40.7424 27.6983 -3.21966 42.575 22.8332 -0.825696 43.8537 17.8178 1.61741 43.9685 12.769 4.31079 42.2475 7.57247 7.14852 39.3981 2.68671 9.60398 36.1548 -1.95926 12.0361 32.0639 -5.64821 14.8064 27.8204 -7.41982 17.2513 23.2145 -8.11569 19.5804 18.4715 -8.07266 21.7314 13.7212 -7.12906 23.6467 8.59998 -4.65534 25.4945 4.01121 -1.17236 27.0987 -0.445792 2.58602 28.4296 -4.95507 6.47695 28.9668 -8.57069 9.94368 28.5854 -11.9471 13.5181 27.5556 -15.1891 16.9653 25.8698 -18.3117 19.945 23.2993 -21.4664 22.4701 19.3793 -24.2154 24.3254 14.8299 -26.684 25.5846 9.92919 -28.6367 25.6818 4.64973 -29.6369 24.354 -0.487786 -29.8594 22.0393 -5.36131 -29.6526 19.1043 -9.8892 -29.0706 15.4282 -13.8014 -28.0224 11.0814 -16.676 -26.5881 6.34624 -18.62 -24.9777 1.43719 -19.8711 -23.3396 -3.6021 -20.2948 -21.6922 -8.84589 -19.6484 -20.1185 -13.9387 -18.1599 -18.5453 -18.8395 -16.1261 -16.949 -23.3505 -13.3457 -15.3097 -27.513 -9.30459 -13.845 -31.0532 -4.64994 -12.3618 -34.2323 0.252914 -10.6516 -36.6014 5.52606 -9.17982 -37.5123 9.89804 -7.63763 -37.5954 14.3393 -6.01845 -36.9443 18.7057 -4.30433 -35.5633 22.8608 -2.42914 -33.3377 26.8761 -0.522027 -30.4723 30.4461 1.46172 -27.0743 33.4645 3.55623 -23.145 35.6476 6.06013 -17.927 36.9127 8.40192 -12.4923 37.1928 10.7608 -7.06444 36.9235 13.3556 -1.94179 35.4669 16.128 2.5968 32.1166 18.6501 6.34006 27.7421 21.1045 9.79522 23.1001 23.5675 12.4204 17.9473 25.2915 13.374 13.6259 26.7997 13.4627 9.12321 28.0762 12.8552 4.58908 29.097 11.5896 0.126672 29.9231 9.32301 -4.82092 30.4185 6.44065 -9.4841 30.5641 3.15993 -13.9016 30.1245 -0.556473 -17.9381 29.0582 -4.46505 -21.2265 27.4909 -8.58707 -24.0157 25.4065 -12.7739 -26.3293 22.4978 -16.811 -27.9001 17.6773 -21.1556 -28.5188 12.3098 -24.8465 -28.2656 6.8268 -28.3373 -27.7672 -0.274692 -0.275388 -0.265163 -0.2342 -0.429794 -0.417734 -0.355147 -0.276233 -0.526419 -0.488419 -0.443227 -0.388476 -0.600111 -0.547589 -0.512288 -0.492077 -0.736365 -0.684054 -0.660458 -0.812107 -0.795209 -1.03877 -1.15694 -1.57206 -1.50835 -1.76065 -1.73998 -1.64079 -1.57036 -1.41421 -1.18341 -0.9258 -1.17454 -0.954091 -0.783743 -0.621076 -1.00858 -0.353023 0.64627 1.68202 2.07207 2.31642 2.2291 2.01798 1.79984 1.72325 1.61115 1.42837 1.37661 1.308 1.25106 1.14523 2.42798 2.23111 2.05685 1.88749 2.50937 2.25583 2.04632 1.88432 1.94828 1.74384 1.58812 1.52365 1.08327 1.05305 1.05 1.18608 0.811323 1.0117 1.19132 1.37034 0.938214 1.06452 1.17553 1.29439 0.457411 0.338395 0.134538 -0.123514 -0.909718 -1.16239 -1.45398 -1.71586 -1.72569 -1.83615 -1.94447 -2.04665 -1.88254 -1.96108 -2.02957 -2.09235 -1.60776 -1.6728 -1.75359 -1.87617 -0.570038 -0.629763 -0.628363 -0.626632 -3.51135
2.94156 -28.7435 -27.3529 -1.28836 -29.3245 -26.1554 -5.43494 -28.9469 -24.6299 -9.36047 -27.7505 -22.9498 -12.9737 -25.8365 -21.2335 -16.6927 -22.7987 -19.2668 -19.86 -19.1361 -17.4011 -22.5744 -15.0533 -15.7012 -24.7847 -10.5756 -14.2897 -25.9987 -6.86231 -13.4919 -26.7265 -2.97643 -12.9732 -26.9814 0.994793 -12.7219 -26.8293 4.97918 -12.708 -26.2757 9.2413 -12.9203 -25.3203 13.4184 -13.3152 -23.8719 17.4383 -13.8245 -21.831 21.1848 -14.3859 -17.6669 26.1849 -15.2892 -12.9557 30.6428 -16.3324 -8.10837 34.9635 -17.3285 -2.57083 38.4911 -17.5466 3.34392 40.3101 -16.6764 9.37515 41.1188 -15.2546 15.4039 41.6254 -13.6898 21.3236 41.268 -11.72 26.2106 39.7345 -9.50418 30.6541 37.3986 -7.06641 34.7621 34.5925 -4.53775 38.2793 31.0904 -1.98662 40.956 26.6509 0.43924 42.9338 21.7295 2.59016 44.3743 16.6231 4.7366 44.5887 11.3775 7.01593 42.926 5.87204 9.23942 40.1417 0.656925 10.9914 36.9342 -4.31894 12.7151 32.7431 -8.32745 14.8092 28.3206 -10.3024 16.7234 23.5168 -11.1188 18.5622 18.5999 -11.131 20.2791 13.7353 -10.1732 21.8736 8.60563 -7.59256 23.5431 4.12762 -3.94988 25.105 -0.177914 -0.0189085 26.4359 -4.51133 4.05873 27.0324 -7.95082 7.71218 26.7909 -11.1412 11.5039 25.9658 -14.2236 15.1855 24.4891 -17.2513 18.3898 22.0803 -20.3837 21.1193 18.2813 -23.167 23.1333 13.8211 -25.6981 24.5084 8.9839 -27.7355 24.6261 3.73698 -28.822 23.193 -1.35452 -29.1203 20.6913 -6.13057 -28.9756 17.5468 -10.518 -28.4334 13.6743 -14.242 -27.3938 9.16967 -16.8659 -25.9459 4.324 -18.5031 -24.314 -0.648769 -19.4338 -22.6489 -5.69522 -19.5692 -20.9558 -10.8888 -18.6809 -19.3158 -15.8982 -16.994 -17.6783 -20.698 -14.7783 -16.0458 -25.0924 -11.8368 -14.3996 -29.1237 -7.66747 -12.9364 -32.5463 -2.92523 -11.4731 -35.5919 2.06752 -9.85892 -37.7528 7.45906 -8.54142 -38.4327 11.9214 -7.21501 -38.234 16.4282 -5.85731 -37.2597 20.8234 -4.44474 -35.5158 24.9555 -2.92964 -32.8763 28.8708 -1.41515 -29.5916 32.2635 0.166448 -25.8033 35.0455 1.87897 -21.5531 36.9416 3.98233 -16.0812 37.7971 5.96759 -10.5025 37.6089 8.00108 -4.98459 36.8908 10.3786 0.148759 35.132 13.1431 4.60561 31.6675 15.8239 8.22383 27.2821 18.4751 11.5563 22.6587 21.2043 14.1192 17.6097 23.2311 15.0987 13.4277 25.1243 15.2677 9.07523 26.8299 14.7629 4.67151 28.2917 13.6004 0.304739 29.627 11.4511 -4.58361 30.6292 8.68608 -9.23645 31.2639 5.49686 -13.6777 31.2511 1.80569 -17.761 30.5012 -2.1384 -21.094 29.1775 -6.32133 -23.9186 27.2859 -10.5716 -26.2816 24.5084 -14.6636 -27.945 19.7491 -19.0489 -28.7286 14.3821 -22.7479 -28.6279 8.8816 -26.2315 -28.3026 -0.105205 -0.10891 -0.109248 -0.0897697 -0.296816 -0.296263 -0.246439 -0.183701 -0.450348 -0.425826 -0.391957 -0.345375 -0.561517 -0.510612 -0.477539 -0.46358 -0.718722 -0.666758 -0.628301 -0.782095 -0.791681 -1.05841 -1.17268 -1.50604 -1.31549 -1.51378 -1.49239 -1.41247 -1.3676 -1.23495 -1.0272 -0.791357 -1.0545 -0.838916 -0.666665 -0.48663 -0.833129 -0.178758 0.660768 1.5537 1.97533 2.26927 2.1977 2.005 1.81492 1.76026 1.65607 1.46598 1.40142 1.32533 1.26166 1.13923 2.40409 2.19767 2.0217 1.85445 2.47958 2.23 2.02451 1.86548 1.93176 1.73008 1.57653 1.51096 1.06534 1.03038 1.02715 1.16084 0.773877 0.959573 1.12449 1.28847 0.841154 0.953404 1.05038 1.15546 0.308883 0.187103 -0.0208456 -0.288753 -1.08166 -1.33261 -1.61955 -1.87746 -1.88293 -1.98789 -2.08869 -2.18136 -2.00629 -2.07501 -2.13586 -2.19053 -1.69764 -1.75641 -1.83045 -1.94167 -0.621424 -0.680783 -0.680446 -0.660081 -3.70195
5.65702 -25.8692 -30.4682 1.42515 -26.7622 -29.4897 -2.79993 -26.7045 -28.1446 -6.86364 -25.8174 -26.6072 -10.664 -24.1916 -25.0014 -14.6558 -21.4565 -23.1274 -18.1353 -18.0573 -21.3203 -21.1709 -14.1954 -19.6475 -23.6816 -9.88267 -18.225 -25.0959 -6.25015 -17.3861 -25.9863 -2.40843 -16.7969 -26.3585 1.54602 -16.4469 -26.2741 5.53006 -16.3089 -25.739 9.7995 -16.3605 -24.7535 13.9836 -16.5578 -23.2375 18.0029 -16.8103 -21.1002 21.7309 -17.0342 -16.7461 26.6442 -17.2786 -11.792 30.9468 -17.5966 -6.71337 35.1061 -17.8507 -1.1425 38.5288 -17.213 4.56125 40.3271 -15.4008 10.2639 41.1517 -12.982 15.9484 41.6842 -10.4413 21.5196 41.4503 -7.62032 26.1351 40.1736 -4.75484 30.3708 38.184 -1.7143 34.3316 35.703 1.33531 37.8397 32.4225 4.177 40.7251 28.1176 6.60607 43.0705 23.2907 8.59572 44.8964 18.1908 10.4437 45.45 12.7309 12.0688 44.129 6.79289 13.0752 41.7088 1.12708 13.3202 38.816 -4.31549 13.4903 34.7223 -8.89366 14.0384 30.1926 -11.3765 14.7024 25.1901 -12.6515 15.3905 20.0473 -13.0508 16.109 14.9602 -12.3898 17.0079 9.64147 -10.0317 18.39 5.07456 -6.54405 20.0455 0.734844 -2.72714 21.5815 -3.54158 1.35118 22.4984 -6.82483 5.14708 22.7162 -9.78919 9.19668 22.4936 -12.6511 13.2334 21.6272 -15.5231 16.8784 19.7033 -18.5493 20.1505 16.2638 -21.2591 22.7148 12.0475 -23.7481 24.6016 7.36335 -25.7918 25.0811 2.13955 -26.9023 23.7711 -2.9798 -27.2134 21.2271 -7.73268 -27.0827 17.9676 -12.0358 -26.5805 13.9378 -15.5948 -25.6136 9.259 -17.9253 -24.2656 4.26437 -19.1475 -22.7629 -0.810819 -19.6395 -21.2714 -5.90815 -19.4147 -19.8045 -11.1195 -18.2665 -18.4134 -16.1374 -16.3915 -17.0313 -20.9507 -14.0354 -15.6473 -25.4001 -11.0495 -14.2343 -29.6075 -6.96958 -12.9592 -33.3233 -2.39663 -11.673 -36.6789 2.44379 -10.2348 -39.1035 7.77269 -9.04323 -39.947 12.2425 -7.83493 -39.8685 16.7861 -6.606 -38.9523 21.2314 -5.35435 -37.1793 25.4028 -4.05227 -34.4161 29.3094 -2.78893 -30.951 32.6245 -1.49659 -26.9647 35.2762 -0.121705 -22.5233 37.0013 1.51851 -16.8611 37.5911 3.00177 -11.149 37.0711 4.53459 -5.52027 36.0389 6.48073 -0.264492 34.1188 8.95314 4.37994 30.6799 11.4746 8.23713 26.4051 14.009 11.831 21.9139 16.7451 14.7434 17.0618 18.9382 16.0868 13.0691 21.1331 16.6877 8.90042 23.2371 16.6423 4.64274 25.1702 15.937 0.362254 27.1333 14.2989 -4.51232 28.8294 12.0213 -9.22769 30.1826 9.26523 -13.7962 30.8685 5.89051 -18.0903 30.7294 2.12012 -21.6947 29.9649 -1.97918 -24.8313 28.5854 -6.22538 -27.532 26.2391 -10.4266 -29.5496 21.8511 -15.0952 -30.7519 16.736 -19.1278 -31.0181 11.4586 -22.9547 -31.0542 0.0717086 0.0709737 0.0696358 0.0869568 -0.121955 -0.12365 -0.0780441 -0.0211801 -0.292911 -0.271567 -0.239486 -0.193119 -0.407608 -0.354011 -0.319808 -0.308691 -0.570844 -0.520292 -0.476442 -0.642145 -0.665574 -0.924525 -1.01704 -1.25441 -0.936673 -1.08806 -1.08461 -1.05112 -1.05641 -0.962968 -0.78992 -0.583524 -0.857895 -0.63535 -0.451902 -0.250466 -0.585689 -0.059953 0.488627 1.14573 1.62331 2.0526 2.02624 1.8858 1.7749 1.77812 1.69355 1.49377 1.41974 1.34775 1.28196 1.13507 2.37481 2.15832 1.98224 1.81537 2.44043 2.19453 1.99454 1.83532 1.89487 1.68703 1.52779 1.44676 0.975535 0.918752 0.907207 1.04364 0.660758 0.848894 1.01476 1.17794 0.727505 0.834005 0.920841 1.01108 0.148643 0.0167857 -0.19985 -0.484551 -1.29632 -1.55618 -1.84448 -2.10665 -2.11713 -2.22366 -2.32257 -2.41081 -2.22946 -2.29045 -2.34266 -2.38682 -1.88133 -1.92718 -1.98984 -2.09072 -0.757304 -0.802126 -0.790215 -0.756671 -3.96669
5.78081 -23.5644 -32.9208 1.87167 -25.3232 -31.7855 -2.17992 -26.1036 -30.1609 -6.17734 -25.9749 -28.2456 -9.97687 -24.9932 -26.1805 -14.0019 -22.8501 -23.704 -17.5133 -19.9005 -21.2756 -20.5717 -16.3906 -18.9833 -23.0946 -12.3383 -16.9483 -24.5041 -8.83812 -15.6594 -25.3763 -5.07999 -14.6522 -25.7251 -1.17627 -13.9187 -25.6236 2.77909 -13.4251 -25.0863 7.0374 -13.1163 -24.1253 11.2293 -12.9709 -22.6763 15.2804 -12.8929 -20.6613 19.0813 -12.7956 -16.5822 24.226 -12.5707 -11.939 28.8714 -12.4349 -7.17484 33.3907 -12.2462 -1.92081 37.2025 -11.2356 3.5355 39.4513 -9.18074 9.05807 40.7944 -6.5829 14.5902 41.8489 -3.87448 20.0965 42.0815 -0.928595 24.7762 41.1606 1.96888 29.1632 39.4861 4.98465 33.3067 37.2741 7.99839 36.9976 34.1691 10.8056 40.0475 29.9441 13.1732 42.5321 25.148 15.066 44.4626 20.0414 16.7847 45.0229 14.5283 18.2164 43.5585 8.58093 18.9249 40.9058 3.01561 18.8292 37.77 -2.28906 18.6139 33.4467 -6.68524 18.6471 28.7521 -8.9356 18.7874 23.6389 -9.91484 18.9302 18.4349 -10.0316 19.0989 13.3057 -9.19354 19.436 7.88182 -6.79052 20.1889 3.11864 -3.33873 21.2653 -1.43587 0.4163 22.2231 -5.92453 4.35634 22.5219 -9.42326 7.94667 22.1987 -12.6359 11.731 21.4278 -15.6904 15.4575 20.007 -18.5731 18.7465 17.5354 -21.3403 21.5821 13.5358 -23.6003 23.6928 8.83113 -25.5373 25.1093 3.73829 -26.9047 25.1139 -1.72294 -27.2628 23.405 -6.83259 -26.7979 20.5479 -11.391 -25.9512 17.0267 -15.3963 -24.9081 12.7722 -18.5538 -23.6634 7.93469 -20.372 -22.2487 2.85081 -21.0125 -20.8013 -2.26327 -20.9189 -19.4887 -7.35662 -20.1493 -18.3904 -12.5204 -18.4885 -17.5211 -17.4576 -16.1439 -16.6708 -22.1782 -13.3831 -15.6768 -26.5486 -10.1364 -14.4688 -30.7311 -5.9661 -13.2672 -34.4913 -1.40963 -11.9868 -37.9184 3.38202 -10.3656 -40.451 8.6071 -8.8241 -41.4276 12.9407 -7.12451 -41.5187 17.3241 -5.35578 -40.7808 21.618 -3.59143 -39.168 25.6672 -1.80982 -36.5438 29.4793 -0.142005 -33.1884 32.7278 1.41096 -29.2715 35.3429 2.77665 -24.8311 37.0779 3.98721 -19.0714 37.7546 4.7614 -13.2099 37.3773 5.47429 -7.39524 36.4945 6.41499 -1.82827 34.6996 7.55453 3.36905 31.3532 8.59442 7.92389 27.1482 9.65964 12.2475 22.7118 11.0993 15.9495 17.8401 12.4897 17.9454 13.7609 14.0401 19.2236 9.45753 15.6599 19.8544 5.03769 17.304 19.7978 0.582297 19.198 18.8471 -4.4978 21.0363 17.1873 -9.41355 22.6776 14.9866 -14.1845 23.8464 12.063 -18.6994 24.3802 8.57373 -22.5423 24.4392 4.61407 -25.94 23.9595 0.348663 -28.907 22.5382 -4.12867 -31.1785 19.2422 -9.5533 -32.6636 15.13 -14.5825 -33.2062 10.8163 -19.4624 -33.4811 -0.080387 -0.0487023 -0.0266684 0.00469294 -0.192839 -0.183468 -0.128223 -0.0614263 -0.321926 -0.289008 -0.244866 -0.187535 -0.392698 -0.331334 -0.289336 -0.269693 -0.522471 -0.473083 -0.436502 -0.582495 -0.551247 -0.763368 -0.84195 -1.06102 -0.737843 -0.907923 -0.931264 -0.929974 -0.961626 -0.881694 -0.715394 -0.513815 -0.785792 -0.54954 -0.344899 -0.103108 -0.373157 0.190619 0.690759 1.19849 1.49128 1.85842 1.84136 1.7087 1.58405 1.57432 1.49392 1.32254 1.28895 1.24701 1.20936 1.10883 2.39444 2.20789 2.05003 1.89044 2.51214 2.26149 2.06084 1.89812 1.94508 1.72244 1.5534 1.46242 0.980545 0.91651 0.903629 1.05731 0.713338 0.939652 1.13348 1.31333 0.872091 0.981688 1.06145 1.13027 0.234868 0.0752753 -0.157262 -0.466155 -1.31675 -1.60762 -1.91069 -2.19383 -2.22945 -2.35473 -2.46871 -2.57157 -2.40354 -2.46954 -2.52048 -2.56513 -2.05862 -2.09529 -2.14422 -2.23169 -0.872988 -0.866857 -0.813917 -0.750166 -3.77148
13.4038 -23.0341 -33.8241 10.01 -25.5685 -32.5115 6.3462 -27.1921 -30.613 2.60642 -27.922 -28.3446 -1.05781 -27.778 -25.8513 -5.06561 -26.5475 -22.7934 -8.68121 -24.4189 -19.7398 -11.9546 -21.6441 -16.8222 -14.8375 -18.22 -14.1969 -16.647 -15.0978 -12.501 -18.0274 -11.613 -11.1411 -18.9852 -7.88075 -10.1155 -19.584 -4.00597 -9.39023 -19.8929 0.257328 -8.89422 -19.8542 4.55129 -8.61615 -19.3863 8.82547 -8.44561 -18.3938 13.0095 -8.28665 -15.9124 19.0866 -8.02528 -12.9158 24.9319 -7.92226 -9.75929 30.6911 -7.76368 -5.73389 35.7635 -6.65819 -0.976932 39.1236 -4.39295 4.0657 41.4639 -1.53883 9.19479 43.4545 1.42452 14.5298 44.3516 4.55248 19.241 43.6137 7.45139 23.6926 41.8313 10.3061 27.9307 39.4307 13.0302 31.815 36.1636 15.3501 35.1602 31.8105 16.9683 37.9596 26.9145 17.9439 40.2469 21.7183 18.6692 41.3214 16.1107 19.0667 40.604 9.99639 18.7218 38.7795 4.19937 17.6802 36.451 -1.40203 16.5749 32.7995 -6.32133 15.8782 28.487 -9.23221 15.6498 23.582 -10.9828 15.6225 18.449 -11.8584 15.722 13.2566 -11.6624 16.075 7.64522 -9.81129 16.9948 2.66537 -6.79954 18.3703 -2.08229 -3.38769 19.6275 -6.62984 0.466831 20.1005 -9.96367 4.21386 19.815 -12.8016 8.27953 19.007 -15.3003 12.3552 17.4638 -17.4202 16.0202 14.7601 -19.0717 19.2164 10.4298 -20.0267 21.5792 5.40973 -20.5838 23.1497 0.032069 -20.6102 23.1387 -5.59767 -19.8813 21.2002 -10.5844 -18.5793 17.9787 -14.7179 -17.0945 14.0659 -18.1302 -15.6957 9.46687 -20.5899 -14.5048 4.3884 -21.6134 -13.4845 -0.823527 -21.3847 -12.5994 -5.97635 -20.4241 -11.9402 -11.0216 -18.885 -11.6291 -16.0464 -16.5865 -11.638 -20.7879 -13.7321 -11.6837 -25.2744 -10.492 -11.5184 -29.3536 -6.75547 -11.08 -33.1398 -2.08464 -10.5457 -36.4628 2.91702 -9.92119 -39.3938 8.14805 -8.97287 -41.2436 13.8069 -7.93874 -41.5123 18.386 -6.73006 -40.782 22.8711 -5.46789 -39.1691 27.1039 -4.25378 -36.6772 30.9021 -3.09314 -33.1763 34.2172 -2.06173 -29.0469 36.7621 -1.14795 -24.5104 38.5449 -0.412373 -19.6785 39.3836 0.0952569 -13.7908 38.9647 0.227355 -8.05505 37.4873 0.35869 -2.45526 35.5577 0.895722 2.83369 32.943 1.92347 7.68037 29.0748 3.0656 11.8829 24.5422 4.29193 15.8629 19.8341 6.02738 19.2709 14.8457 7.80074 21.1103 10.8422 9.85372 22.2896 6.72502 12.053 22.868 2.55544 14.3264 22.8043 -1.61402 16.9972 21.9058 -6.34245 19.6516 20.3446 -10.9049 22.1479 18.2496 -15.3408 24.208 15.4116 -19.5835 25.588 11.9856 -23.2694 26.4797 8.07017 -26.6012 26.8534 3.77998 -29.5477 26.3219 -0.886009 -31.8219 24.0864 -6.81249 -33.3632 20.9144 -12.4674 -34.0395 17.5293 -18.0243 -34.4387 -0.208525 -0.136327 -0.0795016 -0.0204534 -0.193652 -0.16652 -0.100498 -0.0224392 -0.27028 -0.227065 -0.175203 -0.113903 -0.319289 -0.261408 -0.221639 -0.199629 -0.445742 -0.398426 -0.373421 -0.505029 -0.427414 -0.605119 -0.66489 -0.876472 -0.613441 -0.861003 -0.914544 -0.932064 -0.992875 -0.929134 -0.763193 -0.569481 -0.863621 -0.649431 -0.45613 -0.255112 -0.647985 -0.247994 0.174826 0.711478 1.13038 1.6096 1.62813 1.54027 1.47228 1.49895 1.44696 1.31543 1.332 1.33591 1.34553 1.29335 2.60424 2.42814 2.28509 2.13651 2.75166 2.48771 2.27984 2.10949 2.13903 1.89501 1.70958 1.6043 1.10731 1.03027 1.00333 1.13458 0.764584 0.966516 1.13135 1.27896 0.80904 0.895758 0.952996 0.998889 0.0859117 -0.0808099 -0.318512 -0.637417 -1.49351 -1.77677 -2.06658 -2.33723 -2.35978 -2.47074 -2.56795 -2.65171 -2.46188 -2.50686 -2.53917 -2.56126 -2.02729 -2.0392 -2.07047 -2.14081 -0.750466 -0.7006 -0.622637 -0.53474 -3.3862
16.986 -14.3974 -40.4926 14.1035 -17.6304 -39.5429 10.9239 -20.1459 -37.7466 7.62575 -21.8664 -35.3329 4.3699 -22.7433 -32.4529 0.815266 -22.6809 -28.6729 -2.37327 -21.6461 -24.7119 -5.28367 -19.8588 -20.8052 -7.92465 -17.2601 -17.1721 -9.65591 -14.6245 -14.7318 -11.057 -11.4959 -12.6953 -12.1368 -8.00797 -11.0931 -12.9595 -4.29032 -9.90958 -13.6187 -0.124979 -9.0538 -14.035 4.12579 -8.52995 -14.1294 8.41376 -8.18227 -13.8181 12.695 -7.88119 -12.5939 19.1364 -7.47357 -11.0209 25.5139 -7.37526 -9.2809 31.8455 -7.17878 -6.51626 37.5734 -5.53495 -2.82254 41.4201 -2.27777 1.20594 44.0405 1.71668 5.3455 46.2314 5.85378 9.75975 47.1014 10.1906 13.6609 45.9853 14.0218 17.2452 43.5847 17.5621 20.6083 40.5528 20.8243 23.7194 36.8135 23.5598 26.4646 32.1543 25.4345 28.8075 27.0468 26.5221 30.731 21.7084 27.2708 31.6826 16.0743 27.6005 31.272 9.94183 27.1069 30.0703 4.01292 25.9138 28.3936 -1.77079 24.5883 25.2759 -6.95447 23.3932 21.2981 -10.2008 22.52 16.6256 -12.3636 21.7364 11.6329 -13.631 20.9681 6.47227 -13.6858 20.2687 0.78712 -11.8915 19.7992 -4.32278 -8.7852 19.7624 -9.11262 -5.20983 19.5726 -13.3353 -1.12074 18.4726 -15.9731 2.81891 16.812 -17.743 7.00276 14.6674 -18.7746 11.077 11.9155 -18.9359 14.5518 8.29113 -17.9377 17.2543 3.45425 -16.0565 18.892 -1.59309 -13.7062 19.643 -6.65352 -10.9104 18.8141 -11.4693 -7.96775 16.1703 -15.1447 -5.08481 12.3604 -17.6609 -2.43308 7.98854 -19.3969 -0.277934 3.12394 -20.3185 1.08069 -2.01106 -20.1116 1.76036 -7.15032 -18.9355 2.06982 -12.1712 -17.2172 2.08467 -17.0617 -15.1338 1.65978 -21.954 -12.5817 0.836109 -26.6248 -9.72957 -0.075958 -31.0448 -6.52649 -0.782766 -34.9678 -2.68731 -1.22996 -38.4278 2.22919 -1.49923 -41.3365 7.50281 -1.72276 -43.7766 13.011 -1.81439 -44.8855 18.9359 -1.70498 -44.3411 23.6051 -1.47137 -42.6736 27.9955 -1.23013 -40.1199 31.9364 -1.08632 -36.7786 35.2418 -1.06642 -32.5444 37.8232 -1.13205 -27.869 39.4752 -1.24719 -22.9838 40.3204 -1.44275 -18.0287 40.2937 -1.85806 -12.2598 39.0108 -2.46872 -6.80132 36.7903 -2.99384 -1.49429 34.2099 -2.96549 3.61364 31.2088 -2.17577 8.49712 27.331 -1.03603 12.9179 23.0104 0.241278 17.1599 18.5511 2.09561 20.9194 13.8674 4.07213 23.1428 10.1652 6.42213 24.7983 6.3845 8.97042 25.9157 2.53554 11.6123 26.4345 -1.377 14.729 26.2476 -5.91021 17.8559 25.4173 -10.3634 20.8395 24.069 -14.7882 23.3804 21.998 -19.2101 25.196 19.3004 -23.291 26.512 16.0889 -27.1874 27.3348 12.43 -30.8154 27.3065 8.21867 -33.8959 25.7249 2.49944 -36.595 23.1561 -3.17463 -38.5193 20.391 -8.84909 -40.1478 -0.71851 -0.638948 -0.569403 -0.494494 -0.64515 -0.590938 -0.498617 -0.390654 -0.606199 -0.53299 -0.451911 -0.364071 -0.546311 -0.470017 -0.415241 -0.378506 -0.604914 -0.538277 -0.510172 -0.64906 -0.563882 -0.722919 -0.760508 -0.935975 -0.624283 -0.839754 -0.84827 -0.801737 -0.820578 -0.749831 -0.589497 -0.399652 -0.703133 -0.514977 -0.344491 -0.140132 -0.542563 -0.205613 0.141058 0.595454 0.86926 1.24542 1.26757 1.23291 1.19375 1.23875 1.23845 1.20639 1.33085 1.41422 1.51116 1.5888 3.01517 2.90613 2.81143 2.7087 3.34652 3.07851 2.85973 2.67626 2.68041 2.40171 2.18704 2.06141 1.54788 1.45573 1.40643 1.49512 1.07213 1.22571 1.34093 1.43763 0.92203 0.97313 0.999693 1.01511 0.0749566 -0.107328 -0.354867 -0.689425 -1.56224 -1.85285 -2.14388 -2.41545 -2.43901 -2.55109 -2.64948 -2.73386 -2.54568 -2.59635 -2.63726 -2.66716 -2.13987 -2.15972 -2.20251 -2.28809 -0.91315 -0.869119 -0.799808 -0.733146 -3.08165
19.9155 -2.31202 -45.1162 18.241 -6.36197 -44.4398 16.2587 -9.95026 -42.7491 14.0825 -12.9222 -40.2801 11.8406 -15.1782 -37.19 9.29415 -16.8208 -32.9776 6.90416 -17.4978 -28.4216 4.57174 -17.3632 -23.7881 2.21021 -16.2911 -19.2936 0.423842 -14.6777 -16.1148 -1.27574 -12.4003 -13.3178 -2.86852 -9.58505 -10.9862 -4.37401 -6.3835 -9.14716 -5.91501 -2.63784 -7.69381 -7.33681 1.29993 -6.69921 -8.56638 5.36812 -6.02498 -9.54077 9.53506 -5.57386 -10.5561 16.0208 -5.32643 -11.3785 22.5245 -5.75276 -12.0713 29.0498 -6.0614 -11.8138 35.4229 -4.48937 -10.2823 40.2987 -0.893522 -8.09863 44.0943 3.5648 -5.71012 47.4491 8.26497 -2.8449 49.3273 13.4912 0.0513512 48.8143 18.2337 2.93417 46.763 22.5494 5.7295 43.9758 26.4943 8.37987 40.4105 29.8719 10.815 35.8312 32.2923 12.9735 30.7422 33.7764 14.8273 25.4225 34.7878 15.9819 19.8287 35.156 16.2208 13.7134 34.4038 15.9455 7.76172 32.816 15.2973 1.92131 30.9481 13.3615 -3.45736 28.6369 10.4607 -7.06649 26.253 6.8493 -9.74479 23.6245 2.88812 -11.6048 20.8007 -1.31599 -12.289 17.8038 -6.16906 -11.2124 14.4798 -10.7872 -8.77352 11.5667 -15.046 -5.82938 8.57407 -18.2509 -2.29813 4.96579 -19.6199 1.26061 1.69516 -19.895 5.09968 -1.53315 -19.2322 8.78336 -4.88388 -17.3541 11.7815 -8.45025 -13.7014 13.9549 -12.142 -9.10814 15.2725 -15.1187 -4.20242 15.9059 -17.8072 0.843292 14.9553 -20.1161 5.40301 12.2577 -21.1592 9.41566 8.64989 -20.9602 12.9733 4.67026 -20.1457 15.7716 0.208527 -18.9541 17.3442 -4.58639 -17.2831 17.8763 -9.4351 -15.1704 17.8315 -14.1878 -12.7899 17.3245 -18.8176 -10.2276 16.169 -23.4549 -7.43694 14.4745 -27.8933 -4.59831 12.5311 -32.0835 -1.54965 10.4611 -35.7563 2.0356 8.06249 -38.9385 6.55923 5.55117 -41.585 11.3585 2.96575 -43.7855 16.3402 0.329832 -44.7235 21.6802 -1.64074 -44.1286 25.9078 -3.46158 -42.471 29.9137 -5.14412 -39.9578 33.5141 -6.67361 -36.6713 36.5091 -8.04066 -32.5012 38.8188 -9.11374 -27.8832 40.2732 -9.91944 -23.0384 40.9594 -10.4547 -18.1124 40.7582 -10.7321 -12.3988 39.2168 -10.7567 -7.03294 36.7056 -10.599 -1.8342 33.8689 -9.99065 3.15882 30.7387 -8.67578 7.92942 26.8628 -7.00929 12.2281 22.5903 -5.23397 16.3835 18.2209 -3.07162 20.2864 13.7935 -1.02329 22.887 10.388 1.31274 25.1483 6.9259 3.81737 27.0562 3.37013 6.41915 28.5515 -0.311118 9.52124 29.7494 -4.69748 12.6871 30.5105 -9.13554 15.8007 30.8052 -13.6651 18.6179 30.2976 -18.3665 20.8226 28.9682 -22.9051 22.6209 27.0286 -27.403 24.0706 24.4785 -31.7183 24.8915 21.006 -35.5253 24.5683 15.5439 -39.0688 23.2213 9.75319 -41.7428 21.7305 3.86955 -44.1212 -0.578458 -0.440651 -0.318565 -0.194768 -0.296627 -0.203994 -0.0897139 0.036247 -0.160052 -0.0707367 0.022744 0.118133 -0.0598394 0.0219029 0.0909949 0.152858 -0.0369457 0.0589477 0.11321 0.0453885 0.259361 0.21968 0.255109 0.176837 0.623463 0.495267 0.539385 0.636858 0.664768 0.774358 0.975745 1.21644 0.969752 1.20626 1.42897 1.70686 1.33807 1.61961 1.85321 2.11854 2.12261 2.30521 2.2708 2.21119 2.09872 2.03383 1.90356 1.74936 1.74335 1.65505 1.55067 1.44888 2.72373 2.46282 2.21551 1.98678 2.52133 2.15822 1.85913 1.61812 1.58234 1.2806 1.05583 0.91293 0.370835 0.269827 0.225699 0.276463 -0.205869 -0.0893615 0.0130127 0.112798 -0.388347 -0.311882 -0.252818 -0.200759 -1.09711 -1.23265 -1.44125 -1.74181 -2.58104 -2.84141 -3.10842 -3.35864 -3.36377 -3.46054 -3.54467 -3.6151 -3.40988 -3.43802 -3.45563 -3.46504 -2.91606 -2.90802 -2.92105 -2.9826 -1.57993 -1.49356 -1.37512 -1.24746 -3.6692
27.4834 4.12927 -45.5504 27.0181 -0.2686 -45.2248 26.2434 -4.43238 -43.9108 25.1944 -8.16884 -41.7654 23.915 -11.3063 -38.9046 22.2375 -14.0497 -34.8319 20.4846 -15.8501 -30.2917 18.6074 -16.816 -25.5514 16.4837 -16.738 -20.8173 14.6969 -15.7538 -17.3913 12.849 -13.969 -14.342 10.9874 -11.5247 -11.8007 9.12793 -8.60065 -9.82817 7.13852 -5.08777 -8.33859 5.18033 -1.36414 -7.43474 3.23586 2.44981 -6.99945 1.26204 6.27331 -6.96357 -1.84216 12.0154 -7.70436 -4.95452 17.551 -9.38543 -8.10055 23.0957 -10.9714 -11.3515 28.7851 -10.5066 -14.1179 33.5694 -7.59002 -16.5153 37.6711 -3.53047 -18.7274 41.4638 0.916257 -20.2053 44.131 6.37077 -20.3758 44.726 11.9169 -19.6997 43.9697 17.4047 -18.6601 42.4789 22.6812 -17.2909 40.1053 27.5428 -15.4065 36.5824 31.6412 -13.1734 32.4088 34.8588 -10.9265 27.8767 37.5367 -8.99459 22.8029 39.3485 -7.41424 16.8614 39.8177 -6.1085 10.8598 39.2735 -4.98823 4.88334 38.2506 -4.59416 -0.864794 36.0546 -5.1199 -5.04149 32.9882 -6.21435 -8.43806 29.1949 -7.55595 -11.1239 24.9393 -9.03779 -12.7606 20.2224 -10.934 -12.8604 14.5519 -13.0056 -11.5662 9.09354 -14.8409 -9.82053 3.67646 -15.6172 -7.5847 -1.81519 -15.2173 -5.00864 -6.10925 -14.1067 -1.97121 -9.95318 -12.2946 1.00968 -13.5678 -9.38332 3.39907 -16.892 -4.81356 5.20131 -19.642 0.386528 6.56207 -21.3158 5.79207 7.44744 -22.616 11.3397 6.85431 -23.3677 16.2514 4.68078 -22.8139 20.4648 1.76681 -21.1071 24.1683 -1.47891 -18.8918 27.0807 -5.2814 -16.3987 28.7 -9.51331 -13.6193 29.2067 -13.8565 -10.5965 29.0237 -18.1481 -7.46509 28.1767 -22.3587 -4.33296 26.4548 -26.5669 -1.17791 24.0764 -30.5504 1.83935 21.2712 -34.2668 4.83076 17.9189 -37.4613 7.86149 13.5666 -40.1168 11.0786 8.80121 -42.2077 14.1222 3.85102 -43.8857 17.1262 -1.34345 -44.4941 20.1246 -5.46062 -43.8513 22.3032 -9.46215 -42.3033 24.2271 -13.2289 -39.9993 25.844 -16.6135 -36.9808 27.0865 -19.5988 -33.1128 27.9341 -21.9513 -28.7663 28.3432 -23.6909 -24.1224 28.3432 -24.6743 -19.2878 27.8409 -24.6933 -13.5146 26.5114 -23.8312 -7.95303 24.6607 -22.6211 -2.51911 22.6342 -20.9453 2.71639 20.4252 -18.3536 7.77907 17.7489 -15.2238 12.3953 14.8498 -11.9869 16.8815 11.8652 -8.63274 21.1751 8.73074 -5.91852 24.156 6.22004 -3.05862 26.875 3.57719 -0.0996785 29.2902 0.754358 2.9075 31.3175 -2.3122 6.39103 33.1551 -6.1575 9.85286 34.5844 -10.1913 13.2961 35.5475 -14.3763 16.5935 35.6311 -18.7829 19.3648 34.7356 -23.1124 21.7751 33.1413 -27.457 23.9489 30.9127 -31.6444 25.7523 27.7179 -35.3548 27.0232 22.3921 -38.8927 27.4155 16.5094 -41.674 27.6144 10.508 -44.2119 1.85773 2.0042 2.10488 2.18547 2.01968 2.02651 2.0439 2.07404 1.80136 1.83217 1.87476 1.92679 1.71213 1.76703 1.82346 1.88432 1.6942 1.7698 1.8193 1.82927 2.17263 2.22194 2.29968 2.354 3.01527 3.0243 3.09078 3.17628 3.17068 3.20073 3.29627 3.432 3.07316 3.18235 3.28745 3.45171 2.9321 3.03447 3.07374 3.10342 2.83033 2.79474 2.63639 2.457 2.21808 2.04954 1.84268 1.63678 1.58533 1.44349 1.29268 1.18067 2.46334 2.19157 1.91248 1.65493 2.16404 1.7641 1.41343 1.11181 1.00794 0.634263 0.326216 0.0635642 -0.634372 -0.875364 -1.04049 -1.16013 -1.82493 -1.8512 -1.86546 -1.86654 -2.45693 -2.45071 -2.44261 -2.42942 -3.35458 -3.50577 -3.7243 -4.03082 -4.87031 -5.13516 -5.41489 -5.6746 -5.68533 -5.7879 -5.87699 -5.94939 -5.74431 -5.77261 -5.78804 -5.78963 -5.22888 -5.20862 -5.20655 -5.2436 -3.80297 -3.68477 -3.55201 -3.38858 -8.20215
28.6602 9.32362 -46.0842 29.6654 5.17147 -44.8955 30.1917 1.23868 -42.9155 30.2489 -2.36243 -40.3284 29.8489 -5.53691 -37.2581 28.8645 -8.59275 -33.1813 27.4793 -10.9651 -28.7789 25.7442 -12.7589 -24.2293 23.5337 -13.8605 -19.6656 21.4549 -14.06 -16.2689 19.0964 -13.6457 -13.0807 16.5358 -12.6691 -10.1844 13.841 -11.2295 -7.62224 10.8423 -9.26215 -5.24427 7.80164 -6.95247 -3.26005 4.7599 -4.35384 -1.67509 1.75324 -1.49614 -0.530345 -2.68178 3.27875 0.299817 -6.896 8.3184 0.278866 -11.1104 13.3577 0.230703 -15.5551 18.1308 1.01763 -19.9183 22.2964 2.64926 -24.2864 26.3228 4.58826 -28.6817 30.1707 6.80819 -33.0879 33.0549 10.1725 -36.7047 34.2584 14.2485 -39.919 34.4669 18.806 -42.7482 33.9699 23.5907 -44.7981 32.3197 28.512 -45.6979 29.2003 33.2256 -45.6973 25.2272 37.3456 -45.1189 20.8441 40.9806 -43.5378 16.0145 43.6138 -40.5255 10.7149 44.5406 -36.8708 5.77606 44.0198 -33.0399 1.06115 42.9641 -28.9529 -3.06013 40.883 -25.4428 -5.52543 37.9291 -22.1075 -7.06094 34.2356 -18.9512 -7.99434 30.1994 -16.0099 -8.32456 25.914 -13.0966 -7.71282 20.7275 -10.6831 -6.26039 15.4523 -8.32016 -4.63307 10.2054 -5.64354 -3.15738 5.06543 -3.17532 -1.93103 0.865384 -0.556647 -0.705472 -3.24278 2.33091 0.264234 -7.23753 5.67532 0.61029 -10.97 9.92609 0.144931 -14.632 14.446 -0.886993 -17.8259 19.0726 -2.43571 -20.6353 23.6694 -4.98049 -22.6573 27.7344 -8.44384 -23.4565 31.3226 -12.4769 -23.325 34.4452 -16.8184 -22.5769 36.8008 -21.4437 -21.0882 38.0446 -26.0605 -18.7655 38.366 -30.4798 -15.8288 38.0202 -34.6374 -12.5345 36.8748 -38.375 -8.93232 34.7026 -41.5404 -4.94605 31.8445 -44.0075 -0.899568 28.6052 -45.963 3.13924 24.9229 -47.1495 7.09669 20.4112 -47.2118 11.0948 15.678 -46.3764 14.7339 10.9012 -45.1578 18.2039 6.12486 -43.3041 21.3811 2.48066 -41.1728 23.4518 -1.01527 -38.5056 25.1176 -4.33422 -35.4343 26.4069 -7.43797 -32.0218 27.3188 -10.4239 -28.1001 27.8642 -13.1041 -23.9307 28.0242 -15.4561 -19.5711 27.7916 -17.3547 -15.0509 27.0466 -18.9009 -9.56489 25.4307 -19.904 -4.11723 23.3294 -20.6277 1.2899 21.0191 -20.7787 6.56477 18.3263 -19.9667 11.7534 14.8726 -18.5239 16.5461 11.0701 -16.9407 21.2158 7.17173 -15.1267 25.6619 3.11563 -13.4506 28.7189 -0.109559 -11.5221 31.4802 -3.45807 -9.38554 33.9201 -6.92777 -7.06946 35.9665 -10.5339 -4.21788 37.8176 -14.8629 -1.2555 39.2508 -19.2752 1.86316 40.2282 -23.7043 5.19296 40.3312 -28.086 8.39714 39.4157 -32.1012 11.5264 37.76 -35.9343 14.6549 35.5032 -39.4481 17.7565 32.3737 -42.2431 21.1367 27.1898 -44.2917 23.8766 21.3797 -45.4019 26.4511 15.454 -46.2708 1.57702 1.78572 1.92678 2.02873 1.8645 1.84791 1.82224 1.79396 1.45697 1.42456 1.40036 1.38536 1.10435 1.09696 1.10037 1.11409 0.867717 0.884175 0.904556 0.924901 1.29169 1.34191 1.40004 1.47278 2.20093 2.26732 2.35311 2.4531 2.45253 2.44126 2.45825 2.49136 1.97725 1.90651 1.84903 1.79909 1.02164 0.915115 0.803162 0.693055 0.288981 0.222282 0.169266 0.137239 0.0411736 0.0471363 0.0691968 0.109416 0.313928 0.457446 0.61863 0.792267 2.31951 2.27572 2.21657 2.14712 2.81364 2.55018 2.31126 2.09514 2.06086 1.74186 1.46994 1.23579 0.566035 0.342832 0.181519 0.0601685 -0.6129 -0.653767 -0.688947 -0.71805 -1.34498 -1.3816 -1.42011 -1.46036 -2.45171 -2.67076 -2.94398 -3.30413 -4.20471 -4.52377 -4.84177 -5.13523 -5.17344 -5.29485 -5.39863 -5.48204 -5.282 -5.30654 -5.31334 -5.30132 -4.71748 -4.66747 -4.62899 -4.61129 -3.08534 -2.88314 -2.68965 -2.43255 -6.86746
29.8342 16.3746 -49.8275 31.2001 12.3382 -48.5997 32.0832 8.38247 -46.8004 32.4553 4.62342 -44.4773 32.3057 1.17157 -41.6974 31.4797 -2.34785 -37.9745 29.9946 -5.18397 -33.8905 27.9203 -7.24501 -29.6035 25.3474 -8.47932 -25.2693 23.0974 -8.85685 -21.999 20.6619 -8.74428 -18.8437 18.0896 -8.1599 -15.8535 15.4272 -7.13006 -13.0693 12.4913 -5.56839 -10.338 9.50538 -3.62429 -7.92479 6.50119 -1.37601 -5.81793 3.50374 1.1079 -3.98372 -1.03183 5.23631 -1.62833 -5.51974 9.59998 0.366688 -9.98945 14.0571 2.18857 -14.4846 18.481 4.02844 -18.8227 22.5382 5.9719 -23.245 26.316 8.25857 -27.7576 29.6447 11.0178 -32.3187 32.3186 14.35 -36.3445 33.9525 17.853 -40.1913 34.6941 21.828 -43.6758 34.3825 26.1764 -46.5757 32.9111 30.7122 -48.7007 30.188 35.2763 -49.7554 26.3635 39.4022 -49.618 21.7124 42.7354 -48.2939 16.6201 44.9887 -45.6951 11.125 46.0247 -42.167 6.08515 45.6051 -38.0462 1.83719 43.8737 -33.645 -1.44945 41.0717 -29.8909 -3.46256 38.0748 -26.2057 -4.8212 34.6543 -22.6443 -5.60881 30.9363 -19.2268 -5.92685 27.0188 -15.4734 -5.84666 22.3635 -11.862 -5.45442 17.6129 -8.31906 -4.90204 12.8266 -4.7627 -4.33844 8.05165 -1.70113 -3.97127 4.08542 1.47246 -3.79093 0.195073 4.79412 -3.8891 -3.57267 8.28596 -4.35827 -7.15399 12.4013 -5.43087 -10.8434 16.675 -7.19605 -14.0556 20.941 -9.74245 -16.7043 25.0624 -13.0338 -18.6741 28.739 -16.8167 -19.828 32.0042 -21.1026 -20.1896 34.7213 -25.7452 -19.7174 36.7688 -30.5674 -18.4076 38.0365 -35.2967 -16.3376 38.5039 -39.8117 -13.5707 38.1522 -43.924 -10.2204 37.0033 -47.4675 -6.42794 35.0247 -50.4103 -2.17873 32.3503 -52.4906 2.19739 29.1073 -53.6554 6.52831 25.4354 -53.8985 10.6622 21.1112 -53.154 14.7966 16.6159 -51.4406 18.4302 12.099 -48.8676 21.4838 7.68518 -45.5576 23.9144 4.37904 -42.5468 25.3691 1.2329 -39.2194 26.438 -1.72438 -35.6295 27.13 -4.47074 -31.8266 27.4585 -7.1206 -27.6348 27.4288 -9.50394 -23.3037 27.034 -11.6112 -18.8755 26.296 -13.4358 -14.3874 25.2365 -15.2386 -8.99284 23.5781 -16.6266 -3.6109 21.5263 -17.6023 1.70895 19.1079 -18.1769 6.91585 16.3403 -18.3595 12.2625 13.0397 -18.1137 17.368 9.3809 -17.4497 22.1717 5.38116 -16.3751 26.6095 1.06091 -15.2845 29.6826 -2.39239 -13.9515 32.4851 -5.98789 -12.3739 34.9872 -9.70397 -10.5513 37.1571 -13.5156 -8.1361 39.2137 -18.0143 -5.40375 40.7253 -22.5475 -2.37132 41.6372 -27.0501 0.93329 41.8972 -31.4447 4.27984 41.4991 -35.4286 7.78529 40.4436 -39.1471 11.3865 38.7149 -42.5044 15.0053 36.3167 -45.3996 19.4126 32.4284 -48.2204 23.4986 27.6644 -49.984 27.0436 22.2223 -50.5466 -58.4567 -58.2254 -58.0462 -57.8909 -57.9838 -57.9149 -57.8509 -57.7887 -58.0478 -58.0161 -57.9813 -57.9435 -58.1773 -58.1452 -58.112 -58.0773 -58.3067 -58.2794 -58.2554 -58.2342 -57.8619 -57.7972 -57.7137 -57.5986 -56.81 -56.6734 -56.5068 -56.3066 -56.189 -56.087 -55.9689 -55.8349 -56.2523 -56.2497 -56.2548 -56.2692 -57.0333 -57.1397 -57.2571 -57.3794 -57.8045 -57.8949 -57.9668 -58.0164 -58.1292 -58.1365 -58.1253 -58.0952 -57.9004 -57.7623 -57.6011 -57.4279 -55.8996 -55.9331 -55.9715 -56.0127 -55.3083 -55.5235 -55.7075 -55.8629 -55.8288 -56.0777 -56.2843 -56.4545 -57.059 -57.2232 -57.3348 -57.4096 -58.0434 -58.0523 -58.0573 -58.058 -58.6583 -58.6712 -58.6903 -58.717 -59.7007 -59.9188 -60.1989 -60.5774 -61.5108 -61.8735 -62.2423 -62.5998 -62.7085 -62.9022 -63.0906 -63.2724 -63.1922 -63.3585 -63.5218 -63.6803 -63.2686 -63.3844 -63.5051 -63.6334 -62.2532 -62.1859 -62.0898 -61.874 -6.26688
