Optimization finished after 900 iterations.
NEB Energy: 2.23679
Max NEB Force: 0.484239
Optimization took: 9901 ms
Energies: 
0.624479, 2.23667, 2.08581, 2.17148, 2.25644, 2.27101, 2.22499, 2.16323, 2.17169, 2.18799, 2.19774, 2.23151, 2.25215, 2.25289, 2.22595, 2.27739, 2.29182, 2.43041, 2.51357, 3.02672, 3.04531, 2.10499, 0.587035, 
NEB Forces: 
0, 0.484239, 0.315378, 0.31001, 0.318736, 0.353962, 0.372466, 0.342394, 0.339533, 0.324282, 0.319854, 0.318162, 0.320699, 0.317746, 0.313623, 0.316347, 0.316808, 0.326735, 0.338436, 0.371998, 0.375738, 0.333082, 0, 
Gradients: 
0.0568869, 0.455053, 0.323279, 0.319435, 0.327418, 0.341477, 0.343417, 0.331082, 0.328956, 0.324062, 0.322896, 0.323399, 0.324105, 0.323059, 0.320238, 0.323453, 0.323248, 0.332632, 0.343538, 0.374432, 0.375778, 0.333054, 1.42506e-06, 
Spring Forces: 
0, 0.000257234, 9.00194e-05, 0.000155189, 0.000192458, 0.000147835, 7.9314e-05, 7.42029e-05, 3.57134e-05, 9.37053e-06, 1.22661e-05, 1.43739e-05, 2.51514e-05, 6.55306e-05, 6.48905e-05, 0.000120353, 0.000183582, 0.000236387, 0.00025722, 0.000216678, 0.000159258, 0.00678354, 0, 
Bend Energies: 
0.586839, 1.73026, 1.86546, 1.91661, 1.93612, 1.85164, 1.74714, 1.67718, 1.72541, 1.78249, 1.78667, 1.83192, 1.84441, 1.88092, 1.90019, 1.99117, 2.0139, 2.16423, 2.26953, 2.25957, 2.1386, 1.65458, 0.587035, 
Twist Energies: 
0.0376393, 0.493825, 0.207538, 0.241888, 0.30714, 0.406014, 0.46446, 0.472676, 0.432884, 0.392109, 0.397699, 0.386253, 0.394405, 0.358627, 0.312411, 0.272894, 0.264564, 0.252876, 0.230805, 0.75422, 0.893802, 0.437158, 5.01607e-26, 
Stretch Energies: 
7.57768e-07, 0.0125833, 0.0128151, 0.0129863, 0.0131862, 0.0133532, 0.0133936, 0.0133792, 0.0133923, 0.0133938, 0.0133712, 0.0133309, 0.0133345, 0.0133479, 0.0133545, 0.013325, 0.0133582, 0.0132969, 0.013236, 0.0129335, 0.0129026, 0.0132605, 7.45073e-07, 
