Optimization finished after 9800 iterations.
NEB Energy: 0.661223
Max NEB Force: 0.0499807
Optimization took: 152776 ms
Energies: 
0.590337, 0.661093, 0.723081, 0.754865, 0.776084, 0.755798, 0.731169, 0.71599, 0.730003, 0.749378, 0.749027, 0.763477, 0.769469, 0.780467, 0.786281, 0.822837, 0.834786, 0.893825, 0.930776, 1.0651, 1.10276, 0.698633, 0.587035, 
NEB Forces: 
0, 0.0270853, 0.0274097, 0.0293129, 0.0309474, 0.033909, 0.0396332, 0.0386774, 0.0380936, 0.0348325, 0.0348739, 0.0348609, 0.035169, 0.0339317, 0.0322543, 0.0315429, 0.0317547, 0.0324472, 0.0317668, 0.0482711, 0.0499807, 0.0322939, 0, 
Gradients: 
0.00750892, 0.0260064, 0.0280892, 0.0298909, 0.0314243, 0.0326354, 0.0340974, 0.0351288, 0.0342132, 0.0338653, 0.0343862, 0.0347931, 0.0350097, 0.0340824, 0.0325695, 0.0320089, 0.0321421, 0.0328131, 0.0320746, 0.048387, 0.0500484, 0.0315849, 2.14684e-12, 
Spring Forces: 
0, 0.000260807, 8.69897e-05, 0.000157166, 0.000194563, 0.000148772, 7.94653e-05, 7.39812e-05, 3.75645e-05, 1.00184e-05, 1.21064e-05, 1.42645e-05, 2.56223e-05, 6.61155e-05, 6.52195e-05, 0.000121175, 0.000184908, 0.000238495, 0.000258552, 0.000216359, 0.000162966, 0.00676725, 0, 
Bend Energies: 
0.587065, 0.651583, 0.706692, 0.729896, 0.742063, 0.711513, 0.673804, 0.649205, 0.667214, 0.689265, 0.690042, 0.70774, 0.711338, 0.726809, 0.736471, 0.777544, 0.788818, 0.84571, 0.891546, 0.896562, 0.857168, 0.648453, 0.587035, 
Twist Energies: 
0.00327195, 0.00950339, 0.0163818, 0.0249625, 0.0340145, 0.0442812, 0.057362, 0.0667817, 0.0627856, 0.0601093, 0.0589814, 0.0557328, 0.0581274, 0.0536533, 0.0498052, 0.0452865, 0.0459624, 0.0481087, 0.0392218, 0.168526, 0.245579, 0.0501745, 7.95214e-26, 
Stretch Energies: 
7.5699e-07, 6.26161e-06, 7.53805e-06, 6.72611e-06, 6.03978e-06, 4.05686e-06, 3.39755e-06, 3.31455e-06, 3.32e-06, 3.67995e-06, 3.74943e-06, 4.52963e-06, 4.30594e-06, 4.70797e-06, 4.94605e-06, 6.09349e-06, 5.64132e-06, 6.00945e-06, 8.55511e-06, 1.19624e-05, 1.58179e-05, 5.51628e-06, 7.45073e-07, 
