# num_vectors 21
# vector_size 101
# Iterations: 70068, stepsize: 0.000100, max step size: 1.000000, spring constant: 0.001000, global NEB Hessian: false, global NEB Linesearch: true, climbing image: false
-9.9058 -27.4398 -25.7067 -16.6861 -11.2521 -23.1307 -17.79 7.80585 -14.9798 -15.1761 20.9506 -6.33211 -9.76682 32.5764 5.15179 3.13929 41.0565 26.415 18.2663 32.1331 44.2042 28.7198 13.0362 49.144 32.3153 -7.7214 40.1776 25.546 -18.9038 19.2608 12.6161 -13.103 3.98984 -2.92306 4.3686 -1.06199 -15.852 19.7321 -1.85331 -32.5032 32.3412 -10.2749 -44.5319 30.9204 -28.1595 -43.3701 15.4264 -42.6762 -29.9007 -2.06775 -41.0562 -14.5497 -7.33201 -23.2187 -5.94455 -3.11869 -7.03262 4.67046 1.59067 9.05005 23.4987 -3.70477 22.432 38.2176 -23.9699 20.2193 37.3847 -39.1408 8.81377 25.2161 -47.7891 -7.37087 8.66617 -44.738 -19.7182 0.135311 0.161878 -0.0225361 -0.0988858 -0.180155 -0.177742 -0.176875 -0.19278 -0.17569 -0.143799 0.014423 0.0753292 0.0964939 0.0385646 0.128628 0.117537 0.0167938 0.0020485 0.0324961 0.0848935 0.175845 0.00732834 0.0431362 0.0726302 -0.0348734 0.0707152
-8.75694 -31.8599 -27.436 -20.7176 -19.2101 -24.0341 -25.2809 -0.826458 -15.5443 -23.0903 13.1846 -8.24426 -16.2954 26.6038 0.125621 1.59919 38.9606 14.8802 21.7668 33.9954 28.7914 34.9333 17.2205 35.3958 37.9763 -5.25192 32.2441 24.7166 -20.4523 18.049 7.29365 -14.5188 8.28862 -6.6569 4.90779 7.80246 -18.7781 20.8934 6.63778 -34.9229 30.8802 -5.47731 -43.144 25.7517 -24.7822 -38.4893 9.94734 -38.2251 -25.0376 -7.53838 -36.3823 -12.4106 -15.5718 -17.473 -7.397 -11.861 0.271931 -0.34372 -3.66801 16.9043 20.0908 0.0506343 28.3156 40.7602 -11.8389 20.3392 42.8035 -24.1996 6.05706 32.6026 -34.7782 -10.3396 15.8135 -38.7627 -22.0834 0.104363 0.226647 0.0273628 -0.0434388 -0.237852 -0.50622 -0.606758 -0.634353 -0.18718 0.0238693 0.359203 0.437388 0.413355 0.474894 0.591121 0.627658 0.431375 0.342359 0.372482 0.110589 -0.0219779 -0.620277 -0.668173 -0.586914 -0.429521 -0.19261
-6.2088 -34.2951 -26.8841 -21.098 -25.9233 -22.1016 -28.6744 -8.67277 -13.3911 -27.4822 6.05159 -7.37683 -20.415 20.826 -2.07851 -0.142562 35.7997 5.36594 23.19 33.9598 14.1474 38.661 19.1517 20.4516 41.3212 -3.51165 22.3218 23.4266 -20.1432 18.9238 3.56286 -14.3514 16.4911 -9.47073 5.70717 16.6467 -20.9793 21.6423 12.4703 -35.8326 29.4012 -2.57458 -41.5836 22.2191 -22.1171 -34.6956 6.39685 -34.5416 -20.7331 -10.6106 -32.114 -9.64561 -20.9007 -13.333 -6.09519 -20.5426 5.1347 -0.700299 -13.57 22.9051 17.6097 -1.95183 32.4645 38.5422 0.153788 18.6949 42.2207 -7.49026 1.69552 34.5033 -20.287 -14.4755 19.5303 -30.9844 -24.3264 -0.0516351 0.123338 -0.0923554 -0.189147 -0.47517 -0.989597 -1.19316 -1.20442 -0.232187 0.239213 0.777382 0.916759 0.840744 1.00739 1.13157 1.20491 0.973012 0.824677 0.821791 0.345392 -0.120248 -1.28879 -1.38137 -1.21929 -0.768809 -0.235483
-2.56811 -35.4562 -27.2822 -18.7982 -31.3944 -21.3889 -29.0546 -15.9751 -12.0129 -29.2094 -0.852154 -6.9462 -22.7568 14.9267 -4.56048 -2.71512 31.9083 -3.8111 21.6604 33.3096 1.55339 38.3274 20.2861 8.6929 40.8661 -1.63327 14.8 22.7055 -17.6299 19.5614 2.91367 -12.0261 22.8651 -10.6666 7.642 23.8586 -23.0565 22.2264 17.7265 -37.2074 26.8556 0.830074 -40.2047 18.0307 -18.6559 -30.9184 2.84811 -30.2925 -16.5199 -13.7705 -27.7231 -6.22419 -26.0043 -9.67098 -2.26044 -27.4594 8.65828 3.38595 -20.2427 26.2522 17.6785 -2.93158 33.8462 33.0574 8.64609 17.6704 36.6442 4.594 -0.541019 32.2586 -9.35718 -17.0014 21.0173 -24.393 -26.124 -0.22372 -0.0154152 -0.232313 -0.381633 -0.726166 -1.42285 -1.64397 -1.61833 -0.241441 0.42112 1.12598 1.27899 1.14802 1.37109 1.5155 1.64346 1.40308 1.23482 1.23152 0.544289 -0.200105 -1.76335 -1.8608 -1.63466 -0.953122 -0.10906
-0.133097 -32.7682 -24.5013 -16.975 -31.6632 -19.0446 -30.2772 -17.4896 -11.7634 -32.1299 -1.95224 -8.67203 -26.0919 14.1639 -8.33536 -5.39635 30.1807 -10.7357 19.5874 30.1813 -9.88717 36.7367 16.9274 -4.53827 40.1483 -3.08989 6.03846 24.6246 -15.4702 20.6711 6.57433 -9.03042 28.8414 -9.08687 9.05132 29.0023 -22.1367 21.8819 20.7017 -35.1971 25.3381 2.68364 -38.1887 15.8203 -16.4744 -29.9751 -0.390076 -27.5162 -16.3485 -17.5924 -24.6017 -5.73168 -29.2219 -6.33748 -1.44795 -29.2996 11.9774 3.9134 -20.2018 28.77 16.7159 -1.3681 35.3285 31.3512 12.1565 19.9952 35.591 10.3669 1.5626 31.7707 -2.18529 -16.1196 21.3056 -17.9299 -24.9657 -0.264369 -0.0669443 -0.364079 -0.575854 -1.01116 -1.8503 -2.15984 -2.11383 -0.18644 0.683805 1.42238 1.56132 1.37059 1.63472 1.74022 1.80938 1.54983 1.39199 1.39975 0.594519 -0.125221 -1.82238 -1.96716 -1.72603 -0.924912 -0.0543922
-0.689575 -29.7009 -22.9387 -17.6965 -28.8063 -17.9777 -32.0269 -14.9701 -12.1419 -34.5394 0.655914 -10.1642 -28.3607 16.7049 -10.907 -6.69229 30.935 -15.2182 18.15 28.8466 -17.0641 35.6346 16.1023 -11.5649 40.9892 -0.390507 3.38561 28.7388 -8.91531 23.0232 11.0321 -3.49007 32.5665 -8.05272 10.8713 31.2365 -21.7753 21.2373 20.8414 -33.2077 23.9079 1.62306 -36.4366 13.9152 -17.2526 -30.5191 -4.24485 -26.5989 -19.0836 -22.3293 -20.9174 -8.53757 -31.4038 -1.22012 -2.81393 -28.8845 16.5192 4.18834 -18.0698 31.603 17.75 0.806549 36.2282 32.3968 13.8883 20.5262 36.5666 12.3707 2.05323 32.1917 0.244409 -15.7968 20.9355 -15.1845 -24.2178 -0.281334 -0.0954317 -0.445073 -0.684196 -1.20649 -2.11079 -2.41254 -2.35773 0.0843269 0.8656 1.64345 1.72465 1.4547 1.79346 1.8554 1.79812 1.46739 1.36479 1.4148 0.575341 -0.11389 -1.78809 -1.94427 -1.70302 -0.899168 -0.0686048
-0.912632 -28.8614 -25.6214 -17.9349 -28.1075 -20.6897 -32.3637 -14.8232 -13.8932 -35.1784 0.634996 -11.1511 -29.363 16.8242 -11.7738 -8.25346 31.4508 -17.3463 16.5993 30.5249 -19.8744 35.0448 19.7749 -13.3496 42.0089 5.82238 3.41437 31.5992 -1.81406 24.4311 13.675 1.51788 34.5138 -7.76095 12.0174 32.9304 -22.8495 19.7464 22.1406 -34.3702 21.087 2.83635 -37.2293 10.7072 -15.8895 -31.2523 -7.90534 -24.2563 -20.2048 -25.6529 -16.9712 -9.20691 -33.4037 3.04177 -1.62562 -30.1368 19.9427 7.44271 -18.914 33.556 20.907 0.397257 36.2791 33.0069 14.5108 19.3493 35.9977 13.3075 0.6264 31.7665 0.93132 -17.0862 20.9191 -14.6019 -25.8452 -0.349849 -0.135848 -0.435553 -0.691578 -1.20542 -2.14352 -2.40269 -2.3467 0.306858 0.915841 1.79743 1.79116 1.46505 1.79136 1.84745 1.76729 1.43345 1.36896 1.45539 0.604248 -0.161911 -1.87585 -2.01493 -1.77804 -1.0026 -0.0896104
1.27885 -29.632 -25.0676 -15.6346 -29.1746 -19.7408 -29.9211 -15.6247 -13.1717 -32.8684 -0.0413245 -11.4778 -27.733 16.2891 -13.2789 -7.75841 32.4991 -18.6509 17.2118 33.6491 -18.3742 35.0474 22.4198 -11.0146 40.5331 5.49939 3.40094 29.1163 -5.27344 22.4268 11.5512 -1.51414 32.98 -8.33356 11.7817 32.7272 -22.9934 20.8883 22.4326 -34.5646 21.316 3.11685 -36.6641 9.25789 -14.6811 -29.9461 -9.55636 -21.9645 -18.4517 -27.2616 -15.2936 -6.29687 -35.9769 3.62341 1.57537 -32.5629 20.3615 8.91408 -19.9104 33.7617 18.2574 1.73858 36.1387 28.0365 17.5069 19.1698 32.093 16.2987 0.648837 30.741 2.91345 -16.7815 22.1181 -13.9629 -25.5278 -0.204371 -0.0144953 -0.358821 -0.624584 -1.11072 -2.00665 -2.24193 -2.18869 0.0909324 0.84153 1.74917 1.79087 1.48953 1.8157 1.83922 1.77189 1.4844 1.42245 1.52815 0.516928 -0.360073 -2.08001 -2.19385 -1.90945 -1.04712 -0.237589
1.23484 -30.5468 -24.6678 -15.2686 -29.3411 -18.2779 -28.033 -14.7289 -10.9019 -30.1532 1.02099 -9.54355 -25.0362 17.2286 -12.2694 -5.7462 33.9282 -18.5638 19.0905 36.1748 -16.8319 36.4343 25.3103 -7.91421 40.7991 7.54033 5.84729 27.9447 -5.35296 22.4878 9.77597 -2.4172 32.2508 -9.42455 11.8508 32.3522 -23.1883 21.963 21.7635 -33.1648 22.4948 1.58036 -33.5686 10.0167 -16.0465 -26.7447 -9.12471 -22.3073 -16.9257 -27.4973 -14.815 -6.33457 -37.3675 4.47116 1.43272 -34.2926 21.3236 8.60824 -21.1995 34.3847 16.1689 1.19744 36.0701 23.8934 17.8127 18.8515 28.1535 16.9043 0.359168 28.6868 3.20231 -16.8682 21.7168 -14.4333 -25.5899 -0.123179 0.035396 -0.323623 -0.561288 -1.04453 -1.92624 -2.10001 -2.03538 0.0332545 0.737177 1.6966 1.77129 1.46226 1.89417 1.94002 1.85035 1.48237 1.40697 1.51743 0.44437 -0.509151 -2.2304 -2.32679 -2.01164 -1.07943 -0.263361
0.034694 -30.5085 -26.1553 -16.1235 -29.0559 -18.9826 -27.4192 -14.0282 -10.1831 -28.6266 1.70413 -7.8519 -23.3782 17.9713 -9.88506 -4.73701 35.3211 -16.373 20.1232 37.8721 -15.7633 37.8369 27.2187 -7.33126 42.7764 9.7054 6.56436 30.4232 -3.6598 23.2122 11.9937 -1.86823 32.7612 -8.08398 11.1354 32.9596 -22.3136 21.0731 22.8314 -32.1188 22.8448 2.6351 -31.6005 11.9127 -15.9872 -24.235 -6.75456 -23.0185 -15.6408 -25.7156 -15.4874 -7.67411 -37.1702 4.18175 -0.889018 -35.7601 21.6678 6.81874 -23.9325 35.6036 15.6846 -2.06903 37.8428 23.5196 14.7433 20.867 27.1647 14.8293 2.22172 27.2489 2.64321 -16.1168 20.4211 -14.2488 -26.3004 -0.15211 0.00896351 -0.304979 -0.507749 -0.950788 -1.87766 -2.0728 -2.01221 0.0511908 0.687422 1.70379 1.74704 1.43324 1.89213 2.00981 1.94031 1.48478 1.37637 1.45761 0.458055 -0.463309 -2.24851 -2.37476 -2.0982 -1.18764 -0.257605
-1.45391 -30.2682 -28.2751 -16.7253 -28.3265 -19.4626 -25.8488 -13.1061 -8.69425 -26.0408 2.55702 -5.68948 -20.8371 18.8286 -7.80072 -3.30704 37.0504 -14.9607 21.3282 41.078 -13.6226 38.9007 30.7603 -4.50554 43.2837 12.1739 8.12525 30.1517 -3.25937 22.1874 11.4623 -2.45885 31.3581 -8.25735 10.9637 33.1525 -22.4633 21.7732 23.9242 -31.8413 24.1855 3.5918 -30.2703 13.6019 -15.1723 -22.5359 -4.9055 -22.2299 -14.8322 -24.3733 -15.0354 -8.21503 -37.2157 4.2735 -1.68561 -36.9502 21.9111 6.52329 -25.7342 36.0646 15.9821 -4.08272 37.9013 23.5733 12.2855 20.3892 26.8444 12.5068 1.67581 26.7185 1.25977 -17.253 19.5117 -14.7639 -28.5211 -0.15437 -0.0112092 -0.28301 -0.453234 -0.859433 -1.78966 -1.95791 -1.8968 -0.042521 0.553204 1.65244 1.69447 1.39459 1.89447 2.04597 1.98487 1.4837 1.36016 1.43578 0.459894 -0.493318 -2.24503 -2.38798 -2.13919 -1.24588 -0.172438
-1.43304 -31.7899 -25.8134 -16.7169 -28.9616 -17.2664 -26.0576 -13.1536 -7.58578 -26.5526 2.61893 -5.26582 -21.6676 18.9368 -7.74843 -4.44277 37.3559 -15.1407 20.2145 41.442 -14.664 38.2348 30.8111 -6.87804 43.2235 11.5601 4.467 30.6679 -4.69246 18.1268 12.4486 -4.27341 28.2223 -6.72883 9.53546 31.9354 -20.8782 21.4865 24.1388 -31.0389 25.102 4.36863 -30.6318 14.4977 -14.445 -23.8616 -4.43686 -21.3589 -16.5551 -23.9962 -14.0004 -9.60412 -36.5207 5.39988 -2.66002 -35.595 22.8559 5.88648 -23.7209 36.2526 15.8542 -2.23268 36.9771 24.526 13.0211 18.9676 28.3589 12.0918 0.383014 28.0163 -0.49663 -17.6787 20.0577 -17.1148 -27.4848 -0.0366412 0.0875612 -0.217808 -0.395457 -0.801645 -1.76387 -1.98896 -1.94673 -0.170255 0.443813 1.63096 1.67013 1.41799 1.88355 2.00713 1.91191 1.40689 1.29245 1.38279 0.385617 -0.542199 -2.19043 -2.31351 -2.03481 -1.11849 -0.227339
1.04238 -31.3083 -26.7408 -14.4674 -28.4193 -18.6324 -24.6537 -12.8138 -9.49105 -25.9364 2.951 -7.43578 -21.5054 19.3787 -10.0429 -4.0445 37.7935 -16.8701 20.4525 42.2195 -14.5864 38.4619 32.3401 -5.84395 44.4181 12.6978 4.30024 32.3583 -6.07365 14.8157 13.6347 -7.52466 23.8355 -5.04404 6.3815 29.3098 -18.4566 20.256 23.7045 -28.9443 26.1917 4.67964 -29.2886 15.7262 -14.2127 -23.359 -3.61937 -20.751 -16.9401 -23.5871 -13.6665 -10.6985 -36.9907 5.38433 -4.34475 -35.9779 23.059 3.54893 -23.3064 36.1215 13.3863 -1.74717 35.8888 23.6571 12.8188 18.1528 29.2781 11.945 0.0259675 30.4351 -0.381324 -18.1821 22.7712 -16.9719 -28.2658 0.06415 0.189297 -0.122883 -0.331622 -0.748961 -1.65162 -1.83216 -1.82578 -0.262408 0.276838 1.58566 1.62785 1.44577 1.90915 2.01368 1.88389 1.3443 1.20704 1.29015 0.227551 -0.619553 -2.18861 -2.32936 -2.03259 -1.11978 -0.372373
3.0427 -29.1876 -27.5702 -13.2516 -26.2548 -21.203 -25.0819 -10.7461 -14.1049 -27.0307 5.0095 -12.5683 -22.0969 21.3986 -14.4 -2.69039 38.8052 -17.7165 21.4467 41.6508 -11.8677 38.634 31.3667 -2.00834 45.0509 11.3298 7.02192 33.0624 -8.77427 14.7988 13.6054 -10.6011 22.0182 -4.61347 3.95446 27.3525 -17.3642 18.7131 22.513 -28.0419 25.1784 3.76864 -28.6647 13.9593 -14.6788 -22.6746 -5.73382 -20.0133 -16.0298 -25.3337 -12.1522 -9.87933 -38.1663 7.31684 -4.46555 -35.9394 25.1919 1.85564 -21.6644 37.4301 10.3716 0.368307 35.5154 21.261 14.4949 17.793 28.4809 13.9517 0.228251 31.5988 1.98955 -17.9925 24.811 -14.8481 -28.2922 0.133214 0.279438 -0.0705821 -0.293662 -0.731771 -1.47958 -1.60295 -1.62889 -0.221712 0.295977 1.57072 1.62742 1.4735 1.92776 2.00028 1.85727 1.31659 1.16147 1.23282 0.014319 -0.797142 -2.28747 -2.44399 -2.11877 -1.21426 -0.679646
5.80267 -26.2994 -30.6936 -10.9121 -24.622 -24.997 -23.9932 -10.0699 -18.0705 -26.514 5.56883 -16.2071 -21.369 21.9703 -17.1124 -1.22069 38.8391 -17.4135 21.6377 41.8115 -7.74044 38.1435 32.7415 4.24566 45.9383 12.7279 12.1763 35.1109 -9.35848 14.0023 14.7981 -12.8868 16.9981 -3.67584 1.18328 22.7417 -15.5936 17.1624 20.2014 -26.0865 25.7057 2.19942 -26.8025 14.2231 -16.0817 -21.2831 -5.9676 -19.8274 -15.6358 -25.6197 -11.3416 -10.261 -39.5306 7.6096 -5.35788 -37.6421 25.67 -0.140347 -22.6055 37.5098 6.43326 -0.0413351 34.464 16.7451 15.0858 17.2287 25.3388 16.2959 0.328164 31.2511 6.12202 -18.2822 26.5977 -10.5853 -29.8957 0.245501 0.420948 0.0859394 -0.154021 -0.577649 -1.17779 -1.20563 -1.28628 -0.16435 0.237224 1.49301 1.54435 1.45175 1.93066 1.98806 1.8129 1.24672 1.06778 1.13012 -0.212882 -0.980412 -2.4807 -2.67359 -2.33125 -1.41041 -1.00586
5.99144 -23.9587 -33.2157 -10.2356 -25.4892 -26.2166 -23.4463 -12.546 -16.7928 -25.8656 2.83596 -13.3376 -20.9116 19.3148 -12.8872 -1.9968 37.5002 -11.4301 20.195 42.4524 -1.04226 37.3185 34.5234 10.8863 45.5577 14.5134 18.3639 33.8241 -7.1802 18.6496 13.1525 -9.65711 19.4128 -6.0425 4.21883 22.7677 -18.7301 19.0596 18.0144 -27.2446 25.7279 -1.73906 -25.0619 13.0342 -19.0789 -19.4625 -7.42748 -20.5369 -15.7237 -26.7444 -10.3887 -10.4797 -40.855 8.45117 -3.55954 -39.6583 25.9001 2.89152 -24.964 37.5605 6.4249 -1.66421 35.0577 11.0497 16.2598 18.0411 17.3652 20.1791 0.556923 24.1393 12.367 -18.8826 22.9046 -4.18121 -31.5433 0.14496 0.332967 0.0842201 -0.151028 -0.491159 -1.05018 -1.0771 -1.16634 -0.0680667 0.318668 1.41556 1.47015 1.30626 1.93958 2.04213 1.85355 1.26422 1.13433 1.25055 -0.0713463 -0.990434 -2.67665 -2.8546 -2.5098 -1.45044 -0.720131
13.655 -23.3725 -34.1575 -1.24679 -28.3248 -25.9078 -15.1311 -18.5057 -14.0055 -19.7827 -4.00805 -9.25379 -18.6726 13.1461 -8.35862 -5.91009 36.0688 -6.8504 14.5714 44.817 4.50216 32.1236 36.5282 15.5287 41.844 16.1278 19.2085 33.2609 -6.74323 15.7997 13.1496 -12.1772 16.0022 -6.81571 0.250092 20.3832 -17.6873 16.3618 15.2803 -20.9158 23.8398 -5.71526 -15.7096 9.6955 -21.1877 -11.8816 -11.1305 -19.2422 -11.605 -29.5758 -7.00268 -9.11268 -41.7178 13.6833 -4.20428 -37.1389 31.2538 -0.31443 -19.7002 39.8716 0.84064 3.02048 33.2333 5.89961 19.5619 14.9846 14.3382 23.1687 -1.65035 24.4647 15.7397 -19.7356 26.6857 -0.871859 -32.1769 0.136425 0.304053 0.172446 -0.172085 -0.331844 -0.920865 -0.982098 -1.13529 -0.327492 -0.00648685 1.25576 1.33242 1.18435 2.19443 2.34515 2.0856 1.34364 1.17326 1.2789 -0.359984 -1.25201 -2.69125 -2.87673 -2.48237 -1.26794 -0.239405
17.2493 -14.6217 -40.9188 4.20614 -23.3278 -32.6288 -8.16954 -17.6478 -16.9625 -13.0925 -4.3359 -9.6856 -14.0644 12.7636 -7.9649 -6.73029 37.9064 -5.80928 9.8116 47.6582 10.1958 24.003 37.1212 23.8318 32.1362 16.0865 27.7812 25.7886 -7.33961 23.3873 6.39656 -14.2745 20.2427 -13.6863 -1.35925 18.7879 -19.4086 15.0124 8.63699 -11.0508 19.4967 -11.7884 -0.0379839 3.25908 -20.8229 2.19642 -17.1784 -15.3934 -0.863058 -35.2331 -2.95253 -1.90805 -45.4518 18.8656 -1.02565 -37.1422 35.7165 -1.40905 -17.9527 40.7284 -3.09473 3.77453 31.416 1.91151 21.1708 13.9651 11.6149 26.7817 -1.37448 23.6404 22.3276 -19.2731 27.6726 8.32196 -34.2146 -0.352981 -0.10425 -0.0923233 -0.502558 -0.526363 -0.976922 -0.859084 -0.976386 -0.267521 -0.0329758 1.04562 1.18991 0.891465 2.74043 2.96827 2.67158 1.72753 1.444 1.48426 -0.530305 -1.2198 -2.67589 -2.92637 -2.59171 -1.52762 0.39951
20.131 -2.36196 -45.6238 11.7777 -15.7267 -37.4843 2.11849 -16.777 -19.1418 -4.43152 -6.50857 -8.84365 -9.73323 9.53994 -5.58283 -12.0817 35.704 -4.85806 -2.90726 49.9821 13.4955 8.59617 40.753 30.2544 16.3394 19.8449 35.46 13.8205 -3.78126 28.8384 -1.33683 -12.8834 17.8183 -18.7595 -2.56729 5.07964 -17.9044 12.2251 -8.49496 0.881509 15.4853 -20.4793 16.2296 0.337464 -19.2352 17.5684 -18.9338 -10.3477 10.529 -36.0282 1.83165 0.320105 -45.2679 21.6294 -6.79492 -37.0355 36.9717 -10.58 -18.029 41.2063 -10.1188 3.31455 30.9169 -3.20775 20.4465 13.8593 6.39381 28.8065 -0.242697 18.7998 30.6813 -18.3366 25.1792 21.2792 -35.8457 0.10272 0.145546 0.363126 -0.208174 0.002162 -0.144662 0.407608 0.479408 1.26878 1.60997 2.62389 3.1517 3.06298 0.598043 1.30349 1.36543 0.431661 0.249309 0.290676 -1.70252 -2.10321 -3.5209 -3.84766 -3.51267 -2.4167 0.0334509
27.6564 4.20182 -46.0399 24.0361 -11.7898 -39.2717 16.526 -17.3057 -20.7239 9.14814 -8.76864 -9.45109 1.28705 6.32815 -6.88531 -11.4381 28.9536 -10.9792 -20.5299 44.6858 6.18833 -17.4393 40.5202 27.9015 -8.87138 22.9286 39.7898 -4.33336 -1.09313 36.5119 -9.02922 -13.309 20.3022 -15.9906 -7.86345 -1.9268 -9.79895 3.69101 -17.1575 11.4365 7.26648 -23.748 27.6086 -5.12913 -16.5803 28.5583 -22.4689 -4.30874 18.1555 -37.7384 7.88676 -1.28301 -44.9613 20.1963 -16.9268 -37.3403 27.3361 -25.0676 -19.266 28.0779 -21.1504 2.85342 20.5267 -8.72185 21.3054 8.80975 2.89478 31.5641 -2.17923 16.7096 36.0567 -18.7255 25.9779 28.0505 -35.6271 2.51675 1.70625 1.99116 1.26627 1.67755 2.06168 3.02257 2.86229 3.43274 3.18424 3.31067 3.51487 2.63687 0.474035 0.893039 0.788987 -0.689069 -1.42146 -1.87313 -4.05017 -4.13839 -5.87685 -6.38297 -6.01795 -4.88997 -9.68923
28.85 9.32141 -46.5119 30.1066 -5.903 -37.4961 23.7138 -14.2893 -19.6171 13.889 -11.4484 -7.37789 1.69759 -1.54004 -0.342937 -15.5289 18.2734 0.789539 -33.1608 33.5225 9.81653 -45.1547 32.8492 28.6329 -43.7765 16.0524 44.1301 -28.9035 -3.42221 41.3174 -15.8359 -8.67563 25.9656 -5.7476 -3.17383 4.98457 5.43784 0.963939 -11.189 23.746 -4.55022 -23.0874 37.2204 -21.3529 -21.451 37.2427 -38.6091 -9.02601 25.0562 -47.4812 7.18746 6.07402 -43.6121 21.5491 -7.63372 -32.2156 27.5496 -17.6388 -15.0882 27.2973 -21.0076 6.65064 18.4823 -15.2447 25.7867 3.22357 -7.13106 36.2022 -10.4377 5.18664 40.7409 -28.115 17.8992 32.6553 -42.5606 3.25391 1.45511 1.78464 0.718109 1.03671 1.29906 2.86072 2.50684 2.22814 1.23999 0.105472 0.923569 -0.320587 2.58772 2.71971 2.32583 0.429641 -0.084803 -0.374544 -2.97393 -3.49521 -5.34847 -5.78254 -5.43534 -3.65973 -8.31607
