Optimization finished after 275710 iterations.
NEB Energy: 0.632215
Max NEB Force: 0.0067864
Optimization took: 12737284 ms
Energies: 
0.58717, 0.63209, 0.676056, 0.695761, 0.705581, 0.686968, 0.657811, 0.634628, 0.651239, 0.668253, 0.668608, 0.681742, 0.685556, 0.697807, 0.706163, 0.739275, 0.75041, 0.802289, 0.833297, 0.839168, 0.821618, 0.625033, 0.587035, 
NEB Forces: 
0, 0.00145327, 0.00217983, 0.00242459, 0.00259701, 0.00198458, 0.00124321, 0.00114074, 0.00124439, 0.00168772, 0.00168747, 0.00193668, 0.00199269, 0.00224068, 0.00234889, 0.00282021, 0.00279638, 0.00304989, 0.00355452, 0.00345698, 0.00418453, 0.0067864, 0, 
Gradients: 
0.000214718, 0.00158636, 0.00221095, 0.00242428, 0.00259232, 0.00204947, 0.0013841, 0.00115767, 0.00146496, 0.00173792, 0.0017106, 0.00203927, 0.00202172, 0.00227441, 0.00242533, 0.00287938, 0.00285975, 0.00311393, 0.0035597, 0.00345136, 0.00427512, 0.00173786, 1.11673e-12, 
Spring Forces: 
0, 0.000250264, 7.41111e-05, 0.000159909, 0.000203525, 0.000146715, 6.37378e-05, 7.10107e-05, 5.99049e-05, 4.20059e-06, 6.46225e-06, 1.62258e-05, 2.52966e-05, 6.99487e-05, 5.71294e-05, 0.00012492, 0.000189791, 0.000239183, 0.000266423, 0.000199123, 0.00021868, 0.00656332, 0, 
Bend Energies: 
0.587098, 0.631981, 0.675725, 0.695225, 0.704861, 0.686209, 0.657016, 0.633879, 0.650408, 0.667366, 0.66774, 0.680917, 0.684665, 0.696945, 0.705407, 0.738561, 0.74957, 0.801284, 0.832606, 0.838886, 0.809449, 0.624217, 0.587035, 
Twist Energies: 
7.14704e-05, 0.000107846, 0.000330618, 0.000534866, 0.000719154, 0.000758293, 0.000794731, 0.000748981, 0.000830875, 0.000886706, 0.000867411, 0.00082473, 0.000890494, 0.000862276, 0.000755885, 0.000713607, 0.000838955, 0.00100402, 0.000689892, 0.000280771, 0.0121669, 0.000815566, 8.94879e-26, 
Stretch Energies: 
7.57572e-07, 8.89542e-07, 1.26383e-06, 1.03014e-06, 7.78145e-07, 4.36551e-07, 2.7684e-07, 2.55614e-07, 2.26902e-07, 2.56402e-07, 2.75772e-07, 3.64459e-07, 3.49404e-07, 4.35519e-07, 5.72683e-07, 9.6069e-07, 1.0131e-06, 1.11856e-06, 1.35314e-06, 1.6673e-06, 2.25168e-06, 6.84577e-07, 7.45073e-07, 
