Optimization finished after 5600 iterations.
NEB Energy: 0.74378
Max NEB Force: 0.0994954
Optimization took: 73271 ms
Energies: 
0.59407, 0.74365, 0.815088, 0.853189, 0.878717, 0.859844, 0.836675, 0.823986, 0.833956, 0.852658, 0.855521, 0.872798, 0.88041, 0.887144, 0.885485, 0.919682, 0.93182, 0.995184, 1.02963, 1.24054, 1.28405, 0.793347, 0.587035, 
NEB Forces: 
0, 0.0801391, 0.0797563, 0.0812535, 0.0823769, 0.0873286, 0.0966299, 0.0930252, 0.0984636, 0.0861512, 0.0845449, 0.0839113, 0.0848687, 0.0825446, 0.0799818, 0.0790571, 0.0790748, 0.0809922, 0.0805881, 0.0989866, 0.0994954, 0.0786264, 0, 
Gradients: 
0.0132966, 0.0808245, 0.0825467, 0.0839871, 0.0851072, 0.0861366, 0.0860727, 0.0855394, 0.0851232, 0.0839705, 0.0845448, 0.0851752, 0.0858275, 0.084519, 0.0822168, 0.0812965, 0.0810296, 0.0828011, 0.0820405, 0.0996903, 0.0997579, 0.0783628, 1.68202e-12, 
Spring Forces: 
0, 0.00026071, 8.73508e-05, 0.000156915, 0.000194221, 0.00014868, 7.97079e-05, 7.40878e-05, 3.6988e-05, 1.00664e-05, 1.22381e-05, 1.42517e-05, 2.5534e-05, 6.6045e-05, 6.53606e-05, 0.000121074, 0.000184732, 0.000238261, 0.000258528, 0.000216973, 0.0001618, 0.00677076, 0, 
Bend Energies: 
0.587034, 0.721336, 0.78249, 0.805255, 0.814374, 0.776956, 0.734043, 0.706621, 0.725668, 0.748936, 0.750038, 0.770168, 0.773641, 0.789447, 0.799003, 0.842994, 0.853638, 0.915174, 0.96522, 0.978463, 0.936356, 0.702333, 0.587035, 
Twist Energies: 
0.00703562, 0.0220276, 0.0323425, 0.0477068, 0.0641366, 0.082697, 0.102444, 0.117178, 0.108103, 0.10354, 0.105299, 0.102441, 0.106582, 0.0975119, 0.0862987, 0.0765053, 0.0780072, 0.0798343, 0.0642335, 0.26188, 0.347485, 0.0908352, 6.73108e-26, 
Stretch Energies: 
7.57956e-07, 0.000285524, 0.000255468, 0.000227057, 0.000206013, 0.000191142, 0.000188385, 0.000187361, 0.000184645, 0.000182302, 0.000183941, 0.000188048, 0.000186908, 0.000185116, 0.000183301, 0.000182351, 0.000174881, 0.000175665, 0.000180439, 0.000200223, 0.000213411, 0.000179012, 7.45073e-07, 
