# num_vectors 23
# vector_size 401
# Iterations: 324500, stepsize: 0.029408, max step size: 1.000000, spring constant: 0.000010, global NEB Hessian: false, global NEB Linesearch: true, climbing image: false
-6.44497 -28.1262 -26.9487 -8.6278 -24.2977 -26.4553 -10.5813 -20.391 -25.6891 -12.3007 -16.4331 -24.6669 -13.7827 -12.4483 -23.4055 -15.2121 -7.78014 -21.6467 -16.3106 -3.13656 -19.6072 -17.0811 1.45015 -17.3056 -17.5319 5.9464 -14.7542 -17.6666 9.3189 -12.631 -17.6203 12.6042 -10.3716 -17.3962 15.7875 -7.98069 -16.9972 18.8538 -5.46296 -16.3736 22.0137 -2.60912 -15.5522 24.9989 0.37968 -14.5309 27.7915 3.49048 -13.3076 30.3726 6.7093 -11.0503 33.8627 11.7972 -8.31992 36.7359 17.0367 -5.12467 38.9081 22.3503 -1.48599 40.2914 27.6427 2.35065 40.7947 32.5502 6.49699 40.4374 37.2126 10.8723 39.1675 41.4905 15.3669 36.9589 45.2292 19.3663 34.2005 47.9758 23.2289 30.7442 50.0451 26.8206 26.6712 51.3329 29.9997 22.1038 51.7566 32.6869 17.0761 51.2427 34.661 11.9114 49.7624 35.8181 6.84511 47.3632 36.0964 2.11796 44.1477 35.4002 -2.33931 39.944 33.7213 -5.90784 35.2037 31.169 -8.41899 30.1834 27.8969 -9.7804 25.1372 24.7065 -10.0196 21.0273 21.2419 -9.44781 17.1807 17.6125 -8.11667 13.6903 13.9065 -6.1089 10.6307 9.60542 -3.14197 7.72147 5.33023 0.329869 5.39026 1.11692 4.14027 3.52095 -3.03731 8.15577 1.97707 -6.50279 11.6039 0.819493 -9.96939 15.0639 -0.298512 -13.4621 18.4814 -1.46495 -17.0031 21.7986 -2.7674 -21.0466 25.3176 -4.48963 -25.1834 28.5064 -6.59121 -29.3958 31.2195 -9.15897 -33.6225 33.2863 -12.2512 -37.5823 34.4858 -15.7213 -41.2948 34.7567 -19.6333 -44.5606 33.9703 -23.8614 -47.1546 32.0667 -28.1981 -48.8415 29.1428 -32.3047 -49.5113 25.3345 -35.9526 -49.0945 20.9046 -38.8614 -47.6271 16.1842 -40.8168 -45.1281 11.3291 -41.7186 -41.8655 6.86594 -41.4628 -38.095 3.03252 -40.1517 -34.0544 -0.0451839 -37.9534 -29.5657 -2.50756 -34.77 -25.1474 -4.11205 -30.9949 -20.8866 -4.98861 -26.8207 -16.808 -5.29725 -22.3917 -13.7389 -5.26124 -18.8292 -10.7427 -5.06009 -15.2106 -7.78339 -4.76797 -11.5679 -4.82159 -4.45807 -7.92872 -1.65231 -4.19117 -4.1236 1.60741 -4.07244 -0.388013 4.99398 -4.19016 3.233 8.53163 -4.63367 6.68014 12.9607 -5.70476 10.4666 17.572 -7.49964 13.7248 22.1907 -10.1176 16.3545 26.6454 -13.5386 18.2395 30.9986 -17.9468 19.3026 34.7513 -22.9898 19.3055 37.6925 -28.4353 18.2059 39.6435 -34.0009 16.0308 40.3787 -38.0918 13.7325 40.4455 -41.9374 10.9459 39.8437 -45.4108 7.76282 38.5993 -48.4017 4.28946 36.4191 -51.1518 0.0486749 33.5544 -53.0462 -4.25311 30.1369 -54.0401 -8.45236 26.3093 -54.1334 -12.4073 22.4318 -53.4239 -15.8264 18.4271 -51.9924 -18.85 14.397 -49.9092 -21.4284 10.4288 -47.2529 -23.5324 5.66518 -43.2494 -25.4766 1.21772 -38.6351 -26.6719 -2.83642 -33.552 -27.1481 2.16352 2.24179 2.3541 2.47864 2.37303 2.44248 2.51703 2.59721 2.35849 2.4107 2.46813 2.53041 2.32405 2.38449 2.44261 2.49731 2.28648 2.3177 2.3206 2.28573 2.55645 2.46393 2.3166 2.12184 2.55988 2.35468 2.21193 2.16526 2.10732 2.10539 2.18761 2.34864 2.02269 2.18572 2.40294 2.65939 2.16712 2.31075 2.42776 2.51272 2.26837 2.32127 2.35044 2.36381 2.27544 2.26342 2.23903 2.19512 2.25767 2.1638 1.96285 1.70019 2.79665 2.40349 2.09903 1.88385 2.49382 2.25011 2.09549 2.02483 2.20306 2.1615 2.21935 2.35673 2.09296 2.26876 2.45699 2.63297 2.18365 2.31655 2.4413 2.56482 2.09336 2.22248 2.3655 2.53428 1.82281 2.00344 2.2149 2.41927 2.10628 2.29922 2.35685 2.31059 2.40167 2.34075 2.25788 2.16115 2.31545 2.21234 2.09907 1.97942 2.41892 2.32062 2.20584 2.06688 3.40138 3.30313 2.5802 5.45256 -0.240207
-9.52068 -27.3761 -25.3067 -11.8288 -23.5914 -25.1859 -13.8006 -19.6439 -24.7446 -15.4232 -15.5843 -24.0015 -16.6938 -11.4605 -22.979 -17.7412 -6.6106 -21.459 -18.3382 -1.792 -19.6278 -18.5162 2.94643 -17.5196 -18.3116 7.5653 -15.1631 -17.919 11.0124 -13.1974 -17.3376 14.3562 -11.1045 -16.5808 17.5835 -8.88823 -15.6601 20.68 -6.55069 -14.4925 23.8567 -3.89287 -13.1525 26.8391 -1.09489 -11.646 29.6003 1.84196 -9.97712 32.1096 4.91393 -7.12618 35.3857 9.84367 -3.92374 37.866 15.0162 -0.402502 39.4172 20.3414 3.38308 39.9191 25.6874 7.15684 39.3403 30.6352 11.0086 37.6974 35.2744 14.8339 35.0098 39.4217 18.5211 31.3539 42.8996 21.6062 27.3764 45.31 24.4191 22.8521 46.9729 26.8953 17.9239 47.8271 28.979 12.7465 47.8385 30.6583 7.34439 46.9667 31.8285 2.02136 45.2178 32.4462 -3.04885 42.6344 32.4705 -7.69119 39.2862 31.7925 -12.0132 34.9406 30.3552 -15.418 30.0045 28.1628 -17.709 24.716 25.2698 -18.7385 19.3687 22.3631 -18.5733 15.0501 19.137 -17.4804 11.1099 15.7084 -15.5425 7.70164 12.1923 -12.8907 4.92105 8.16802 -9.16404 2.53739 4.23991 -4.94338 0.949646 0.429217 -0.431634 0.00744285 -3.29922 4.21743 -0.492595 -6.42353 8.14328 -0.747858 -9.59115 12.0349 -0.992951 -12.8491 15.8407 -1.36721 -16.2315 19.5003 -2.0045 -20.1832 23.3355 -3.17646 -24.2793 26.7536 -4.97556 -28.4386 29.5894 -7.49684 -32.5246 31.6648 -10.7672 -36.2055 32.7839 -14.5564 -39.469 32.934 -18.8561 -42.1328 32.0548 -23.4704 -44.0383 30.1538 -28.1517 -45.0599 27.3618 -32.5586 -45.175 23.7979 -36.5012 -44.3827 19.657 -39.7391 -42.7399 15.1731 -42.0747 -40.2443 10.4145 -43.4004 -37.1188 5.84867 -43.5256 -33.5681 1.73787 -42.4652 -29.806 -1.70702 -40.3182 -25.697 -4.54059 -36.9369 -21.7724 -6.34935 -32.7331 -18.1541 -7.1677 -27.9808 -14.8776 -7.11357 -22.9204 -12.5273 -6.58368 -18.8822 -10.3112 -5.7204 -14.8257 -8.16413 -4.62327 -10.7886 -6.01065 -3.39434 -6.79306 -3.64663 -2.0679 -2.6402 -1.09849 -0.834677 1.4317 1.70854 0.178096 5.39264 4.82461 0.842521 9.19301 8.9685 1.01945 13.4236 13.519 0.347953 17.1577 18.328 -1.28981 20.206 23.1662 -3.92372 22.3864 28.0235 -7.725 23.5988 32.2652 -12.3642 23.6025 35.6047 -17.5569 22.421 37.8431 -22.9821 20.1693 38.739 -27.0393 17.8683 38.9378 -30.9263 15.1462 38.4587 -34.5369 12.0977 37.3408 -37.783 8.81578 35.3157 -40.9992 4.83385 32.6056 -43.554 0.780585 29.3192 -45.3942 -3.2336 25.5693 -46.4889 -7.11187 21.6904 -46.8266 -10.5859 17.5929 -46.4841 -13.7988 13.3717 -45.4733 -16.6951 9.1202 -43.8163 -19.2265 3.90256 -40.8882 -21.8156 -1.0465 -37.0921 -23.712 -5.56698 -32.5419 -24.8788 -0.143405 -0.307797 -0.303911 -0.23453 -0.370669 -0.314486 -0.241761 -0.156665 -0.387369 -0.326944 -0.261019 -0.190782 -0.390148 -0.324652 -0.265276 -0.213655 -0.434284 -0.425941 -0.458075 -0.541247 -0.330455 -0.489229 -0.697181 -0.920017 -0.453419 -0.582698 -0.622276 -0.562492 -0.523782 -0.443872 -0.2959 -0.0840614 -0.372013 -0.184403 0.044876 0.305809 -0.182962 -0.0329862 0.0937427 0.191596 -0.0310927 0.048887 0.104159 0.138121 0.0597575 0.0477121 0.0122002 -0.0553759 -0.0315349 -0.174945 -0.414602 -0.671344 0.476782 0.149341 -0.100009 -0.279248 0.349026 0.110508 -0.0480743 -0.128914 0.0350302 -0.0224038 0.0211681 0.148817 -0.119349 0.0573315 0.247986 0.425358 -0.023325 0.107635 0.227687 0.344347 -0.135968 -0.0177468 0.111822 0.262609 -0.477892 -0.348699 -0.171381 0.0185945 -0.276716 -0.0412606 0.0585601 0.0420826 0.147972 0.0936687 0.0122823 -0.0872126 0.0602071 -0.05439 -0.182988 -0.321592 0.0960879 -0.0268224 -0.169724 -0.340838 0.951317 0.808802 0.291273 -1.7611 -5.96239
-8.18674 -31.25 -26.8255 -11.745 -28.6188 -26.5405 -14.9673 -25.6349 -25.9252 -17.7967 -22.3463 -25.0062 -20.1914 -18.808 -23.818 -22.4092 -14.4277 -22.1376 -23.9884 -9.87617 -20.2094 -24.943 -5.23441 -18.0948 -25.3042 -0.57168 -15.8459 -25.2059 2.9885 -14.0527 -24.8001 6.50461 -12.2164 -24.1052 9.956 -10.3442 -23.1379 13.3227 -8.439 -21.8045 16.8379 -6.34513 -20.1856 20.2035 -4.20732 -18.2941 23.39 -2.01926 -16.142 26.3647 0.225457 -12.3821 30.425 3.76661 -8.09899 33.7759 7.45295 -3.36768 36.2795 11.2621 1.7095 37.808 15.1413 6.74102 38.2619 18.8203 11.8363 37.6849 22.3927 16.8524 36.0628 25.7489 21.6436 33.4246 28.7724 25.6155 30.2661 31.0953 29.1993 26.4266 32.9827 32.3063 22.0011 34.3648 34.853 17.1026 35.1817 36.7991 11.7235 35.3825 37.9878 6.1451 34.9022 38.3381 0.554379 33.7259 37.7788 -4.83063 31.8681 36.1063 -10.1168 29.1695 33.3213 -14.5313 25.8863 29.5153 -17.7334 22.2414 24.8983 -19.4476 18.5309 20.6011 -19.6263 15.5935 16.1748 -18.6581 13.0249 11.8329 -16.6619 10.9539 7.73642 -13.8259 9.43644 3.44472 -9.80444 8.35277 -0.412218 -5.26247 7.84341 -3.9393 -0.434611 7.71508 -7.30032 4.5119 7.74101 -10.1321 8.66133 7.69635 -13.0621 12.7346 7.44777 -16.1524 16.6512 6.85716 -19.4256 20.313 5.80045 -23.2807 23.9738 3.94726 -27.2332 26.9914 1.30711 -31.1191 29.193 -2.12084 -34.7365 30.4386 -6.25125 -37.7589 30.6554 -10.721 -40.1766 29.8972 -15.4896 -41.8635 28.2037 -20.3318 -42.7421 25.6625 -25.0148 -42.7918 22.453 -29.2522 -42.0522 18.6827 -32.926 -40.582 14.5072 -35.8693 -38.4727 10.0918 -37.9463 -35.7244 5.42366 -39.0803 -32.5686 0.877043 -39.099 -29.1785 -3.35462 -37.9895 -25.7317 -7.09063 -35.8004 -22.106 -10.4187 -32.3185 -18.7864 -12.8384 -27.9058 -15.8845 -14.2868 -22.8238 -13.4308 -14.7814 -17.3392 -11.7897 -14.5638 -12.9379 -10.3322 -13.8793 -8.51992 -8.97579 -12.8028 -4.14805 -7.62023 -11.4159 0.135733 -6.07078 -9.71003 4.52701 -4.26327 -7.86045 8.75857 -2.06981 -5.98155 12.79 0.615807 -4.19846 16.5586 4.55226 -2.37262 20.5924 9.28899 -1.11085 23.9199 14.6852 -0.624394 26.3167 20.4555 -1.05786 27.588 26.5575 -2.56749 27.585 32.1549 -5.07086 26.2012 36.8253 -8.36611 23.5854 40.2815 -12.1881 19.9854 42.0012 -15.2546 16.7921 42.9376 -18.359 13.3216 43.1169 -21.4094 9.68543 42.587 -24.3316 5.97888 41.1623 -27.4833 1.69664 38.9676 -30.3198 -2.47928 36.1019 -32.7928 -6.47588 32.6577 -34.8651 -10.2367 28.9354 -36.4292 -13.5424 24.835 -37.5743 -16.5597 20.421 -38.2688 -19.2549 15.7608 -38.4773 -21.5933 9.70525 -38.0054 -23.9614 3.55499 -36.6597 -25.6537 -2.48553 -34.4049 -26.6172 0.65786 0.414957 0.267798 0.206294 -0.0374487 -0.0640309 -0.0481114 -0.000159172 -0.250814 -0.199908 -0.137408 -0.0655984 -0.258714 -0.182014 -0.108669 -0.0417413 -0.242113 -0.211731 -0.227091 -0.303495 -0.103106 -0.297089 -0.572347 -0.890698 -0.520138 -0.72509 -0.82157 -0.805127 -0.803008 -0.7568 -0.63998 -0.454575 -0.758961 -0.564598 -0.285077 0.0911136 -0.229358 0.105828 0.408236 0.642875 0.515179 0.6441 0.710054 0.727486 0.6159 0.563101 0.47975 0.361444 0.336237 0.164742 -0.0500049 -0.234222 1.00184 0.750228 0.557231 0.415739 1.0666 0.83884 0.681149 0.591904 0.73724 0.649088 0.649157 0.722376 0.392561 0.511118 0.657823 0.807287 0.346007 0.472596 0.593948 0.716875 0.247494 0.38117 0.528913 0.697542 -0.031597 0.0839862 0.192953 0.239864 -0.25493 -0.207624 -0.234295 -0.322633 -0.252642 -0.327718 -0.426222 -0.542495 -0.415159 -0.555791 -0.716885 -0.896234 -0.528146 -0.711208 -0.929356 -1.19571 -0.0422462 -0.374327 -0.93742 -1.66402 -5.95362
-5.89491 -33.3601 -26.3845 -10.082 -32.0781 -25.6846 -14.0051 -30.2661 -24.6888 -17.5757 -27.9546 -23.4345 -20.7195 -25.1922 -21.9678 -23.7841 -21.4701 -20.0487 -26.139 -17.3285 -17.992 -27.7681 -12.88 -15.874 -28.6831 -8.23057 -13.7587 -28.9217 -4.58235 -12.167 -28.7737 -0.90962 -10.6213 -28.258 2.75269 -9.13088 -27.393 6.37236 -7.69914 -26.0875 10.1962 -6.21842 -24.4156 13.898 -4.79711 -22.3964 17.4414 -3.42388 -20.0481 20.7897 -2.08475 -15.8712 25.4476 -0.0796846 -11.0513 29.4324 1.93363 -5.68476 32.6117 3.99643 0.106776 34.8617 6.13149 5.87416 36.0415 8.22964 11.7429 36.2168 10.3707 17.5495 35.351 12.5132 23.1224 33.442 14.6003 27.7574 30.8809 16.3625 31.9423 27.5601 17.9769 35.5553 23.5493 19.3942 38.4761 18.9411 20.5694 40.63 13.7174 21.4841 41.8101 8.14785 22.0754 41.9059 2.43041 22.329 40.8318 -3.19119 22.2492 38.3279 -8.81002 21.8219 34.4828 -13.5779 21.1104 29.4965 -17.0945 20.2197 23.7221 -19.0426 19.2793 18.5744 -19.3459 18.5471 13.4815 -18.4421 17.9375 8.68461 -16.4639 17.4861 4.3362 -13.612 17.1945 -0.0389048 -9.53868 17.0174 -3.82908 -4.91377 16.9183 -7.20475 0.0207205 16.7741 -10.3778 5.07878 16.4381 -13.0443 9.30012 15.8825 -15.8058 13.3983 14.9782 -18.7178 17.2645 13.6323 -21.7883 20.7768 11.7683 -25.3653 24.1373 9.00971 -28.9627 26.7202 5.5332 -32.4038 28.3834 1.39916 -35.4886 29.0367 -3.26511 -37.9308 28.6884 -8.06867 -39.7217 27.415 -13.0014 -40.759 25.2927 -17.8573 -40.9905 22.4319 -22.4314 -40.43 19.0237 -26.4723 -39.1315 15.166 -29.8916 -37.1777 10.9995 -32.5527 -34.6823 6.66306 -34.3493 -31.6554 2.11269 -35.2226 -28.3598 -2.3298 -35.0379 -24.9707 -6.52617 -33.7988 -21.6557 -10.3492 -31.557 -18.2977 -13.9606 -28.0889 -15.3403 -16.8887 -23.727 -12.8581 -19.0643 -18.6821 -10.8523 -20.4616 -13.1711 -9.56824 -21.0188 -8.68195 -8.47026 -21.125 -4.11084 -7.47568 -20.8032 0.47381 -6.48596 -20.0794 5.01346 -5.33002 -18.9113 9.69252 -3.92747 -17.3646 14.1908 -2.15274 -15.485 18.4231 0.101283 -13.3328 22.2807 3.51296 -10.5148 26.2203 7.73947 -7.61 29.1867 12.6801 -4.84794 30.9367 18.0983 -2.47799 31.2929 23.9883 -0.64461 30.0848 29.57 0.292047 27.3498 34.4201 0.242109 23.3514 38.2253 -0.772213 18.4519 40.2974 -2.11191 14.3936 41.6447 -3.87413 10.1939 42.2789 -5.98065 5.98451 42.2361 -8.35218 1.86959 41.4027 -11.3346 -2.68137 39.8139 -14.4631 -6.92277 37.5527 -17.6412 -10.807 34.6922 -20.7815 -14.308 31.4825 -23.647 -17.2602 27.8309 -26.3322 -19.8456 23.7748 -28.7621 -22.0532 19.3527 -30.8557 -23.8673 13.3873 -32.8755 -25.5514 7.05583 -34.0651 -26.5499 0.545707 -34.2659 -26.8298 0.53521 0.418181 0.30921 0.240597 -0.0296255 -0.0880722 -0.0997476 -0.0728177 -0.336441 -0.292779 -0.234056 -0.162926 -0.35345 -0.26997 -0.187188 -0.109199 -0.294068 -0.244925 -0.243235 -0.30786 -0.108745 -0.330204 -0.6786 -1.12118 -0.878116 -1.17013 -1.31547 -1.3232 -1.33393 -1.29732 -1.19122 -1.01977 -1.34162 -1.16205 -0.870869 -0.397761 -0.481679 0.171798 0.738816 1.10573 1.0143 1.12657 1.15835 1.14037 1.00139 0.929776 0.835413 0.7157 0.701837 0.561263 0.398051 0.268458 1.55059 1.33417 1.1683 1.04827 1.7165 1.50281 1.35592 1.27311 1.41839 1.31987 1.29575 1.32974 0.946678 1.0055 1.09859 1.20758 0.723893 0.84084 0.961895 1.093 0.639206 0.79395 0.963151 1.14651 0.414098 0.487656 0.502747 0.40817 -0.257286 -0.378359 -0.543962 -0.73707 -0.734717 -0.855842 -0.992955 -1.1437 -1.0518 -1.23028 -1.43047 -1.65047 -1.32293 -1.54543 -1.80089 -2.09843 -0.961426 -1.25068 -1.62097 -1.96213 -5.82674
-2.59846 -34.5919 -26.8661 -6.91635 -34.5499 -25.8564 -11.0995 -33.8759 -24.5477 -15.0402 -32.5711 -22.9877 -18.639 -30.6621 -21.2356 -22.3058 -27.7275 -19.0285 -25.2928 -24.1419 -16.7591 -27.5415 -20.0303 -14.5305 -29.03 -15.5238 -12.4319 -29.6629 -11.8749 -10.9537 -29.8621 -8.1234 -9.61709 -29.6446 -4.32098 -8.43629 -29.0304 -0.515277 -7.41682 -27.9464 3.54592 -6.49468 -26.4522 7.51109 -5.74398 -24.5743 11.3362 -5.14315 -22.338 14.9815 -4.66396 -18.2861 20.1227 -4.10454 -13.5422 24.6424 -3.6254 -8.19602 28.4253 -3.10408 -2.35384 31.355 -2.43416 3.54284 33.243 -1.58492 9.62696 34.1614 -0.490806 15.7288 34.0349 0.853914 21.6544 32.8182 2.42355 26.6228 30.803 3.97348 31.1252 27.9417 5.61338 35.0069 24.2992 7.29026 38.1212 19.9769 8.9537 40.3793 14.9822 10.6021 41.5683 9.60495 12.162 41.5951 4.06984 13.6195 40.4052 -1.36211 14.9762 37.7663 -6.76616 16.3384 33.8178 -11.3252 17.6223 28.784 -14.6698 18.8462 23.0172 -16.5133 20.0158 17.9019 -16.7933 20.9548 12.8416 -15.9236 21.829 8.05561 -14.0245 22.6128 3.67919 -11.2794 23.2749 -0.788166 -7.34381 23.8395 -4.73694 -2.86192 24.131 -8.32942 1.91882 24.0699 -11.7602 6.7906 23.559 -14.6544 10.8052 22.6958 -17.6316 14.6282 21.3691 -20.7201 18.1329 19.5209 -23.8984 21.1894 17.1136 -27.4808 23.934 13.7473 -30.9326 25.8206 9.71938 -34.0647 26.7569 5.13559 -36.6843 26.7113 0.152221 -38.5566 25.7712 -4.82482 -39.6898 24.0223 -9.80651 -40.0219 21.5644 -14.6032 -39.5427 18.5146 -19.0338 -38.3172 15.054 -22.8783 -36.422 11.2533 -26.0756 -33.9668 7.21998 -28.5176 -31.0827 3.05313 -30.1234 -27.7782 -1.32646 -30.8513 -24.3305 -5.64816 -30.5925 -20.8988 -9.81156 -29.3595 -17.6243 -13.7175 -27.2025 -14.3659 -17.5686 -23.9013 -11.5194 -20.8917 -19.754 -9.11758 -23.5959 -14.9306 -7.13335 -25.6112 -9.60632 -5.81863 -26.67 -5.21745 -4.65302 -27.2591 -0.700118 -3.56672 -27.3628 3.87384 -2.48181 -26.9682 8.43225 -1.25164 -26.0025 13.1385 0.159174 -24.47 17.6391 1.83242 -22.383 21.8151 3.83118 -19.7764 25.5305 6.68749 -16.073 29.1675 10.0536 -11.9018 31.6916 13.8473 -7.51251 32.8927 17.9111 -3.20858 32.6424 22.2801 0.909105 30.7797 26.4311 4.22025 27.4154 30.1011 6.46119 22.8304 33.085 7.48677 17.3937 34.8047 7.43764 12.9667 36.0315 6.7073 8.43676 36.762 5.35489 3.94278 37.0084 3.45731 -0.404284 36.7163 0.686969 -5.15197 35.8439 -2.56096 -9.50979 34.4281 -6.154 -13.4323 32.4973 -9.96802 -16.9002 30.2071 -13.681 -19.7635 27.476 -17.3923 -22.2123 24.3057 -21.0056 -24.2426 20.6992 -24.4197 -25.8445 15.6049 -28.2482 -27.2196 9.91862 -31.3711 -27.8635 3.77754 -33.556 -27.7457 0.332842 0.293787 0.232156 0.185321 -0.0800598 -0.144739 -0.166951 -0.150474 -0.421416 -0.38204 -0.325425 -0.254353 -0.442715 -0.354025 -0.264356 -0.178879 -0.354394 -0.295604 -0.286401 -0.346041 -0.146618 -0.379049 -0.765579 -1.28949 -1.13996 -1.49504 -1.67233 -1.69234 -1.70572 -1.66797 -1.56103 -1.39274 -1.72647 -1.57357 -1.32463 -0.878203 -0.838778 0.180506 1.05123 1.49917 1.3917 1.4617 1.45168 1.39695 1.22908 1.13507 1.02305 0.892379 0.877872 0.755485 0.634746 0.559162 1.89347 1.72093 1.59025 1.49758 2.18652 1.98797 1.85103 1.7724 1.91464 1.80379 1.75747 1.76141 1.34398 1.3715 1.4443 1.54717 1.07025 1.20045 1.33974 1.49114 1.05635 1.22367 1.39281 1.55849 0.783463 0.783707 0.705072 0.506995 -0.264484 -0.486309 -0.740541 -1.00957 -1.06376 -1.2277 -1.40282 -1.58754 -1.52841 -1.73734 -1.96291 -2.20243 -1.88716 -2.11415 -2.36513 -2.64677 -1.47319 -1.68797 -1.93663 -2.11826 -5.65105
-0.280713 -32.0955 -24.5156 -4.52835 -32.8325 -23.4764 -8.77827 -32.9271 -22.2135 -12.9328 -32.3455 -20.7756 -16.8875 -31.0801 -19.2186 -21.1255 -28.7606 -17.3244 -24.8004 -25.6144 -15.4469 -27.7915 -21.7611 -13.6766 -30.0143 -17.3485 -12.0903 -31.1697 -13.681 -11.0344 -31.8351 -9.85258 -10.1399 -32.0145 -5.93538 -9.41657 -31.7207 -1.99703 -8.8661 -30.8951 2.20682 -8.46016 -29.5723 6.29561 -8.23475 -27.7871 10.2106 -8.16884 -25.5762 13.902 -8.23656 -21.4616 19.0147 -8.54099 -16.5782 23.3878 -8.97793 -11.0577 26.9199 -9.43803 -5.03728 29.5223 -9.81834 1.01644 31.0613 -10.0203 7.24026 31.6275 -9.99798 13.4663 31.1786 -9.69535 19.5058 29.6993 -9.06876 24.5724 27.523 -8.20749 29.1743 24.5865 -7.0466 33.1623 20.9695 -5.57657 36.3962 16.7852 -3.79296 38.8004 12.0582 -1.63942 40.1723 7.08223 0.834521 40.4349 2.08258 3.60887 39.5543 -2.68836 6.64613 37.3529 -7.26786 10.1398 33.9663 -10.9425 13.7525 29.607 -13.4306 17.3343 24.5714 -14.5471 20.7136 20.0452 -14.3791 23.285 15.4735 -13.2402 25.5052 11.015 -11.244 27.3116 6.77181 -8.54441 28.6663 2.21988 -4.78996 29.6405 -2.01536 -0.581587 29.9835 -6.01323 3.85614 29.6853 -9.87557 8.32052 28.7278 -13.0876 11.9451 27.392 -16.3023 15.3402 25.5542 -19.5251 18.3939 23.2031 -22.7291 20.9977 20.3407 -26.2267 23.2623 16.5543 -29.5103 24.7258 12.2214 -32.4391 25.3117 7.44888 -34.8678 24.9885 2.3798 -36.6045 23.8381 -2.60222 -37.6705 21.9149 -7.53429 -38.0121 19.2994 -12.2463 -37.6162 16.093 -16.5733 -36.533 12.4701 -20.3096 -34.824 8.49754 -23.4011 -32.5802 4.28694 -25.7453 -29.9144 -0.0537637 -27.2654 -26.8257 -4.59949 -27.9193 -23.5653 -9.06045 -27.6025 -20.2784 -13.3262 -26.3258 -17.0967 -17.2896 -24.1351 -13.8759 -21.1452 -20.8024 -11.0048 -24.4054 -16.6221 -8.52814 -26.9728 -11.762 -6.4365 -28.7725 -6.40177 -5.02978 -29.6066 -1.993 -3.7757 -29.9222 2.52802 -2.6148 -29.7071 7.07971 -1.47926 -28.9549 11.5804 -0.232424 -27.5802 16.1794 1.14619 -25.6204 20.5213 2.72805 -23.1038 24.4911 4.5681 -20.0808 27.9652 7.14221 -15.9131 31.2977 10.1312 -11.3193 33.548 13.4777 -6.53566 34.5573 17.0677 -1.83372 34.2342 20.9668 2.75546 32.4315 24.7454 6.62954 29.2335 28.1865 9.54008 24.8516 31.1002 11.3222 19.5745 32.8607 11.8714 15.1976 34.1931 11.7325 10.6409 35.0741 10.9346 6.04244 35.4967 9.52791 1.52568 35.422 7.22086 -3.47157 34.7684 4.3029 -8.09314 33.5707 0.898149 -12.2493 31.8653 -2.86865 -15.883 29.8084 -6.66209 -18.817 27.3433 -10.5698 -21.2423 24.4822 -14.4906 -23.1583 21.2319 -18.3209 -24.57 16.6368 -22.8207 -25.6369 11.4679 -26.7806 -25.9561 5.78735 -29.9551 -25.5632 0.322806 0.337472 0.311638 0.280856 0.0138419 -0.0684417 -0.117747 -0.132807 -0.432939 -0.418592 -0.385962 -0.337274 -0.546269 -0.474854 -0.39863 -0.322895 -0.505895 -0.448347 -0.433755 -0.484344 -0.280412 -0.532226 -1.00074 -1.68393 -1.65269 -2.02615 -2.17374 -2.15581 -2.13827 -2.08166 -1.97005 -1.81271 -2.17708 -2.08262 -1.93083 -1.62424 -1.56535 0.363207 1.61906 1.94339 1.70278 1.68074 1.61494 1.52874 1.34829 1.25325 1.14941 1.03528 1.04583 0.955131 0.865463 0.810267 2.1521 1.97755 1.83917 1.73598 2.41346 2.20339 2.05519 1.96594 2.09865 1.98075 1.93168 1.93852 1.53034 1.57293 1.66354 1.78388 1.31989 1.45819 1.60149 1.75205 1.31085 1.4655 1.61624 1.75885 0.955214 0.922558 0.811838 0.584068 -0.214565 -0.460324 -0.734238 -1.01858 -1.08238 -1.25222 -1.43135 -1.61887 -1.5625 -1.77558 -2.00812 -2.25855 -1.95779 -2.2012 -2.46801 -2.76048 -1.5864 -1.77473 -1.96307 -2.05607 -5.49885
-0.791186 -28.9935 -22.8928 -5.04032 -29.7668 -21.8865 -9.31476 -29.9275 -20.7166 -13.5302 -29.4378 -19.4299 -17.592 -28.2814 -18.077 -22.0184 -26.0958 -16.4773 -25.9429 -23.0696 -14.9384 -29.2258 -19.3038 -13.5346 -31.7538 -14.9353 -12.3288 -33.1311 -11.2714 -11.5683 -33.9919 -7.42433 -10.969 -34.3279 -3.47434 -10.5393 -34.1426 0.500472 -10.2816 -33.3745 4.73375 -10.1922 -32.0467 8.82603 -10.2874 -30.1993 12.7037 -10.55 -27.8788 16.3048 -10.958 -23.5354 21.16 -11.8094 -18.4013 25.1285 -12.8362 -12.6595 28.1281 -13.9304 -6.48516 30.113 -14.9794 -0.363596 31.0414 -15.8288 5.85681 31.0339 -16.4317 12.0322 30.1079 -16.6854 18.0115 28.3008 -16.4886 23.0529 25.993 -15.8506 27.6873 23.0974 -14.7169 31.789 19.7036 -13.0416 35.2326 15.9275 -10.7987 37.9573 11.8056 -7.90936 39.755 7.60843 -4.45764 40.5435 3.53265 -0.516992 40.2801 -0.217332 3.79934 38.8287 -3.66932 8.69838 36.2453 -6.30105 13.6404 32.6786 -7.95416 18.3912 28.3328 -8.54498 22.7258 24.2308 -8.21342 25.918 19.8821 -7.16374 28.5852 15.4164 -5.4746 30.6663 10.9399 -3.24904 32.1275 5.88666 -0.179433 33.0262 0.993754 3.25845 33.1011 -3.70587 6.88477 32.3741 -8.20462 10.5275 30.8717 -11.8325 13.4751 29.0309 -15.3196 16.2237 26.6804 -18.6579 18.6818 23.8427 -21.8291 20.7614 20.5476 -25.1474 22.5433 16.3629 -28.1612 23.6432 11.7363 -30.8007 23.9761 6.77438 -32.9902 23.4821 1.61099 -34.5983 22.2046 -3.38323 -35.6676 20.1467 -8.25991 -36.1573 17.3486 -12.8524 -36.048 13.8839 -16.993 -35.3616 9.92426 -20.4728 -34.1337 5.54596 -23.2263 -32.4228 0.893512 -25.1464 -30.3096 -3.87797 -26.1596 -27.7866 -8.80364 -26.2145 -25.0529 -13.5195 -25.2564 -22.2275 -17.8739 -23.3363 -19.4189 -21.7389 -20.5426 -16.4818 -25.2757 -16.6425 -13.749 -28.0218 -12.0233 -11.259 -29.9223 -6.87215 -9.0089 -30.9522 -1.37464 -7.39025 -31.1494 3.03591 -5.85974 -30.8203 7.47 -4.37374 -29.9753 11.8506 -2.88193 -28.6287 16.1018 -1.24517 -26.6867 20.3614 0.517325 -24.24 24.2986 2.45821 -21.3323 27.8161 4.61677 -18.0231 30.8134 7.50412 -13.6513 33.5796 10.7246 -8.98975 35.3115 14.2242 -4.24419 35.8891 17.9024 0.355578 35.2455 21.8461 4.81605 33.2294 25.6425 8.5864 29.9302 29.0928 11.4492 25.5241 32.0143 13.2509 20.2581 33.7771 13.8556 15.8894 35.1041 13.7995 11.3293 35.9657 13.1015 6.71101 36.3488 11.8011 2.159 36.1972 9.6141 -2.8902 35.43 6.80319 -7.56041 34.0845 3.48868 -11.7442 32.2048 -0.203281 -15.3687 29.9696 -3.93545 -18.2503 27.3262 -7.78571 -20.5779 24.3007 -11.6481 -22.3548 20.9117 -15.4164 -23.5971 16.1926 -19.8359 -24.4332 10.9602 -23.7231 -24.5401 5.26664 -26.8516 -23.9953 0.369153 0.399259 0.385299 0.360865 0.0937456 0.00379013 -0.059184 -0.0918904 -0.409624 -0.411073 -0.394045 -0.360146 -0.582787 -0.52259 -0.454634 -0.384187 -0.569945 -0.509988 -0.489302 -0.534846 -0.337459 -0.628295 -1.19842 -1.99691 -1.96082 -2.26767 -2.35428 -2.29531 -2.25428 -2.18847 -2.07939 -1.93446 -2.32148 -2.26216 -2.16416 -1.95235 -2.04987 0.302128 1.73425 1.98494 1.69628 1.64859 1.57279 1.48774 1.31706 1.23762 1.15604 1.07067 1.11747 1.06753 1.01347 0.977422 2.31922 2.1299 1.96771 1.83705 2.48755 2.25325 2.08444 1.9786 2.0988 1.9734 1.92321 1.93646 1.54336 1.60919 1.72734 1.87521 1.4323 1.58538 1.73878 1.89439 1.45331 1.60316 1.74521 1.87653 1.05929 1.0119 0.888041 0.649468 -0.157765 -0.409922 -0.688115 -0.974959 -1.03968 -1.20962 -1.38833 -1.57521 -1.51837 -1.73187 -1.9667 -2.22212 -1.92935 -2.18335 -2.46255 -2.76739 -1.60435 -1.79694 -1.97833 -2.05363 -5.52282
-1.11074 -28.0498 -25.3826 -5.37356 -28.8345 -24.4454 -9.65539 -29.0271 -23.3077 -13.874 -28.5928 -22.0116 -17.9392 -27.5156 -20.6047 -22.3777 -25.4481 -18.886 -26.3318 -22.5561 -17.1742 -29.6674 -18.9251 -15.5561 -32.2721 -14.6753 -14.1128 -33.722 -11.0827 -13.1689 -34.6638 -7.28579 -12.3965 -35.0851 -3.36353 -11.815 -34.9859 0.60465 -11.436 -34.3082 4.85058 -11.2587 -33.0665 8.97046 -11.3166 -31.3003 12.8848 -11.595 -29.0574 16.5265 -12.0705 -24.8287 21.4449 -13.1147 -19.8089 25.4786 -14.416 -14.1797 28.556 -15.8318 -8.10706 30.6485 -17.2126 -2.05729 31.7255 -18.3516 4.13289 31.9275 -19.187 10.3364 31.2848 -19.5868 16.4155 29.844 -19.4253 21.6122 27.9386 -18.7104 26.4648 25.5169 -17.3928 30.8438 22.6669 -15.4306 34.6176 19.4975 -12.8113 37.7291 16.049 -9.46637 39.9555 12.5529 -5.51879 41.2069 9.17026 -1.07421 41.4303 6.05962 3.72542 40.511 3.17745 9.09864 38.4358 0.930178 14.4528 35.3094 -0.5733 19.5507 31.2864 -1.27499 24.171 27.3307 -1.2387 27.5589 22.9924 -0.652259 30.3806 18.3945 0.433134 32.5734 13.6508 1.94738 34.1005 8.15083 4.10995 35.0161 2.70902 6.59008 35.0475 -2.58528 9.24694 34.2249 -7.66834 11.9409 32.5908 -11.7421 14.1288 30.627 -15.6117 16.1674 28.1554 -19.2562 17.9788 25.21 -22.6526 19.4869 21.8293 -26.1315 20.7277 17.58 -29.2225 21.3956 12.9219 -31.8761 21.4007 7.95636 -34.0384 20.6685 2.80985 -35.6008 19.2244 -2.15342 -36.6197 17.0366 -6.98411 -37.0645 14.122 -11.5082 -36.9222 10.5379 -15.5448 -36.2187 6.45197 -18.8719 -34.9912 1.94543 -21.4103 -33.2998 -2.82076 -23.0479 -31.2255 -7.66922 -23.7179 -28.7613 -12.6127 -23.3712 -26.0973 -17.2659 -21.9993 -23.3391 -21.4721 -19.6905 -20.5756 -25.1115 -16.5682 -17.6359 -28.3359 -12.408 -14.8173 -30.731 -7.64712 -12.1345 -32.2717 -2.47268 -9.5714 -32.9574 2.9409 -7.62582 -32.9072 7.22157 -5.70297 -32.353 11.4769 -3.77275 -31.3065 15.6351 -1.80387 -29.7819 19.624 0.346223 -27.677 23.5661 2.60196 -25.0919 27.1471 4.98449 -22.069 30.2744 7.50371 -18.6655 32.8558 10.6841 -14.2026 35.1074 14.0215 -9.46214 36.3283 17.4548 -4.63471 36.4229 20.8973 0.0647947 35.3434 24.4404 4.66144 32.9287 27.7325 8.59924 29.2998 30.6323 11.6487 24.6301 33.0117 13.6355 19.1617 34.4002 14.3645 14.6785 35.3997 14.4115 10.0355 35.991 13.7916 5.36383 36.1663 12.5445 0.784241 35.8524 10.3923 -4.27244 35 7.59591 -8.93657 33.6328 4.28476 -13.116 31.7769 0.592838 -16.7528 29.588 -3.13707 -19.6726 26.9978 -6.98016 -22.0707 24.0186 -10.8293 -23.9516 20.6601 -14.5784 -25.3278 15.9513 -18.9669 -26.3616 10.7022 -22.8201 -26.6781 4.97744 -25.9195 -26.3292 0.348832 0.370847 0.351528 0.324989 0.0589104 -0.0271605 -0.0847076 -0.111403 -0.423642 -0.420249 -0.398215 -0.35904 -0.575906 -0.509291 -0.434208 -0.356055 -0.531672 -0.45974 -0.427968 -0.463789 -0.257915 -0.53831 -1.08719 -1.85402 -1.80383 -2.11266 -2.20599 -2.15478 -2.12191 -2.0646 -1.96417 -1.82781 -2.22317 -2.17097 -2.07774 -1.87252 -2.05287 -0.308459 1.37205 1.77476 1.54205 1.51898 1.45538 1.37784 1.21278 1.13886 1.06399 0.987208 1.04574 1.01116 0.975096 0.95505 2.30777 2.12395 1.96298 1.83106 2.47965 2.24414 2.07551 1.97134 2.09444 1.97263 1.92624 1.9436 1.55605 1.63055 1.7617 1.9272 1.50294 1.67353 1.84392 2.01446 1.58508 1.74184 1.88504 2.01181 1.18408 1.12035 0.977414 0.718919 -0.108445 -0.380257 -0.676977 -0.981486 -1.06122 -1.24381 -1.43487 -1.63356 -1.58842 -1.81239 -2.05458 -2.31338 -2.01964 -2.26906 -2.54127 -2.83861 -1.66924 -1.86068 -2.04841 -2.13596 -5.59673
1.21503 -28.8632 -24.7894 -2.99813 -29.7861 -23.7584 -7.25017 -30.0679 -22.5311 -11.4493 -29.6755 -21.1605 -15.4976 -28.5978 -19.7061 -19.9129 -26.4868 -17.9804 -23.8382 -23.5217 -16.3285 -27.1438 -19.8065 -14.8455 -29.7277 -15.4784 -13.613 -31.1774 -11.8374 -12.8771 -32.1404 -8.00473 -12.3448 -32.6107 -4.05806 -12.0247 -32.5932 -0.0721208 -11.9156 -32.0432 4.19457 -12.0233 -30.969 8.34945 -12.3421 -29.4043 12.327 -12.8414 -27.3869 16.0734 -13.4842 -23.5196 21.2522 -14.662 -18.8332 25.6788 -15.9293 -13.4648 29.2676 -17.1391 -7.5537 31.9497 -18.153 -1.56416 33.6048 -18.8186 4.63544 34.3425 -19.0969 10.8787 34.1363 -18.9077 16.9792 32.9854 -18.1889 22.1413 31.1879 -17.0621 26.8846 28.7203 -15.4621 31.0712 25.669 -13.3862 34.5773 22.1486 -10.8441 37.3576 18.1965 -7.7759 39.2254 14.0689 -4.27786 40.121 9.95172 -0.403701 40.0146 6.03908 3.77271 38.7849 2.27187 8.49707 36.4545 -0.80852 13.3038 33.1348 -3.01352 18.0092 28.9903 -4.21454 22.4142 24.9988 -4.40618 25.7546 20.6951 -3.85996 28.6368 16.2063 -2.63643 30.9778 11.6422 -0.829998 32.7193 6.41858 1.81557 33.9357 1.29503 4.87912 34.2949 -3.67866 8.16232 33.7967 -8.47626 11.4707 32.454 -12.3588 14.1262 30.6896 -16.0894 16.5586 28.3649 -19.6455 18.665 25.5089 -22.9941 20.3486 22.1636 -26.4473 21.6286 17.905 -29.5147 22.1664 13.2146 -32.1194 21.8869 8.23105 -34.1875 20.7493 3.11955 -35.6087 18.8503 -1.73161 -36.4406 16.1952 -6.35967 -36.6664 12.854 -10.5959 -36.2932 8.9273 -14.284 -35.371 4.61231 -17.2487 -33.9491 -0.0116592 -19.4524 -32.0945 -4.79989 -20.8281 -29.8854 -9.60756 -21.3433 -27.2982 -14.4856 -20.9665 -24.51 -19.0939 -19.6935 -21.6069 -23.309 -17.5874 -18.6634 -27.0265 -14.733 -15.4822 -30.41 -10.8889 -12.3836 -33.0129 -6.42008 -9.40634 -34.7666 -1.47975 -6.5711 -35.6212 3.77168 -4.45901 -35.6409 7.97294 -2.43299 -35.0858 12.18 -0.484476 -33.9579 16.3083 1.39911 -32.2688 20.272 3.33166 -29.9043 24.1795 5.2297 -26.9818 27.7081 7.11403 -23.5582 30.7613 9.0041 -19.7066 33.2488 11.2879 -14.6685 35.3707 13.6205 -9.332 36.4579 16.0054 -3.90864 36.43 18.4279 1.36785 35.2506 21.0003 6.53469 32.7606 23.5129 10.9753 29.089 25.883 14.4356 24.4068 28.0167 16.7205 18.9534 29.4127 17.5916 14.498 30.5794 17.7069 9.89538 31.4823 17.0838 5.27423 32.0917 15.7672 0.751686 32.4014 13.4599 -4.23641 32.259 10.4403 -8.83664 31.6452 6.849 -12.963 30.5462 2.8306 -16.5609 29.0458 -1.24266 -19.4569 27.0917 -5.45345 -21.8402 24.6782 -9.68544 -23.7095 21.803 -13.8222 -25.0696 17.575 -18.6834 -26.0661 12.672 -22.9728 -26.3153 7.17305 -26.4454 -25.865 0.444245 0.471691 0.456493 0.433243 0.170125 0.0870844 0.0324518 0.00852865 -0.301497 -0.296828 -0.274463 -0.236379 -0.456194 -0.394762 -0.327711 -0.26064 -0.454292 -0.409508 -0.408758 -0.475834 -0.292663 -0.569974 -1.05948 -1.72793 -1.64878 -1.98489 -2.11226 -2.08536 -2.06557 -2.01181 -1.90798 -1.764 -2.14986 -2.08982 -1.99644 -1.81384 -2.09368 -0.55258 1.45339 1.93229 1.70845 1.679 1.60348 1.51009 1.32693 1.23381 1.13713 1.03633 1.06814 1.00661 0.949883 0.918878 2.27082 2.09381 1.94409 1.8247 2.48447 2.25712 2.09283 1.98897 2.10875 1.98121 1.92909 1.94372 1.5594 1.64548 1.79482 1.98046 1.57108 1.74906 1.91986 2.08319 1.6389 1.77375 1.89028 1.9878 1.12738 1.02954 0.855345 0.568885 -0.283828 -0.578353 -0.894656 -1.2157 -1.30726 -1.4979 -1.69468 -1.89642 -1.85112 -2.07022 -2.30233 -2.54577 -2.23237 -2.45916 -2.70657 -2.9785 -1.78168 -1.94628 -2.1124 -2.18407 -5.73078
1.18715 -29.7227 -24.2762 -2.98272 -30.5468 -23.0118 -7.1611 -30.6694 -21.5314 -11.2415 -30.068 -19.9022 -15.1175 -28.7478 -18.1996 -19.2623 -26.336 -16.2166 -22.856 -23.0833 -14.3634 -25.7936 -19.1214 -12.75 -28.0047 -14.6061 -11.4652 -29.1869 -10.8671 -10.7424 -29.9127 -6.97516 -10.2671 -30.1872 -3.00346 -10.043 -30.022 0.980546 -10.0629 -29.3701 5.22528 -10.3384 -28.252 9.34991 -10.8445 -26.6959 13.3013 -11.5397 -24.73 17.0368 -12.3766 -20.9997 22.2469 -13.8268 -16.4781 26.7787 -15.3035 -11.2636 30.5488 -16.6293 -5.4695 33.4756 -17.6418 0.45164 35.3997 -18.1846 6.61794 36.4156 -18.2232 12.8449 36.4696 -17.6946 18.9212 35.5371 -16.5701 24.0345 33.8833 -15.0641 28.6878 31.5019 -13.1086 32.7342 28.474 -10.7408 36.0477 24.9121 -8.00574 38.5809 20.8487 -4.86976 40.1621 16.54 -1.44953 40.7452 12.1725 2.20384 40.3144 7.94276 6.03609 38.7349 3.76792 10.2905 36.0649 0.231469 14.5786 32.4245 -2.44542 18.7745 27.9888 -4.09171 22.729 23.7854 -4.60469 25.7613 19.3122 -4.30662 28.4124 14.7063 -3.24381 30.5996 10.0847 -1.50579 32.2568 4.87032 1.17069 33.4452 -0.169609 4.36777 33.8233 -4.99735 7.86689 33.3604 -9.59986 11.4494 32.0385 -13.2882 14.359 30.2583 -16.7991 17.0486 27.8753 -20.1085 19.3962 24.913 -23.1801 21.2871 21.416 -26.2814 22.7417 16.9479 -28.951 23.3814 12.0324 -31.1163 23.13 6.84139 -32.7177 21.956 1.57305 -33.6881 19.9774 -3.35685 -34.0934 17.2175 -7.9806 -33.9466 13.7629 -12.1284 -33.2835 9.72653 -15.6538 -32.1787 5.31279 -18.4029 -30.6896 0.598634 -20.3571 -28.8874 -4.27684 -21.4709 -26.844 -9.17746 -21.7314 -24.5338 -14.1686 -21.1131 -22.1044 -18.916 -19.6329 -19.6116 -23.3026 -17.3581 -17.0978 -27.2253 -14.3708 -14.371 -30.8663 -10.4142 -11.6788 -33.7483 -5.85429 -9.03543 -35.7822 -0.832134 -6.44915 -36.8925 4.49935 -4.47313 -37.0765 8.76237 -2.53886 -36.6438 13.0266 -0.649326 -35.5888 17.2013 1.19272 -33.92 21.193 3.08129 -31.5224 25.1019 4.91433 -28.5188 28.5965 6.69369 -24.9779 31.5782 8.42409 -20.9867 33.9593 10.4342 -15.7694 35.9191 12.4015 -10.255 36.826 14.3423 -4.661 36.6219 16.2691 0.780665 35.2889 18.3008 6.12312 32.6728 20.3099 10.7449 28.9157 22.2663 14.3903 24.1831 24.1203 16.8541 18.7054 25.4135 17.8462 14.2443 26.5773 18.0629 9.64462 27.5759 17.5158 5.03354 28.3724 16.246 0.526713 28.9976 13.9542 -4.43891 29.2519 10.908 -9.01672 29.0873 7.24877 -13.1257 28.4597 3.12275 -16.715 27.3995 -1.0865 -19.6111 25.8555 -5.4617 -21.9991 23.8019 -9.87879 -23.8702 21.2218 -14.2096 -25.2181 17.2618 -19.3017 -26.1611 12.5189 -23.7725 -26.2903 7.09922 -27.3364 -25.6375 0.384957 0.40913 0.394169 0.375595 0.122418 0.0549763 0.0193239 0.0161882 -0.274958 -0.254435 -0.21737 -0.166359 -0.375083 -0.304917 -0.23243 -0.163271 -0.358473 -0.321967 -0.335087 -0.420428 -0.256665 -0.546625 -1.02393 -1.64369 -1.5236 -1.85115 -1.98627 -1.97035 -1.95909 -1.90922 -1.80382 -1.65262 -2.02485 -1.94345 -1.81895 -1.5903 -1.82497 -0.548362 1.18677 1.80118 1.6551 1.6664 1.61264 1.53166 1.35547 1.26705 1.17469 1.07885 1.11757 1.06594 1.02104 1.00185 2.36406 2.19477 2.04984 1.932 2.58996 2.35744 2.18438 2.06787 2.17044 2.0209 1.94302 1.93001 1.51817 1.58184 1.71927 1.90498 1.50412 1.69317 1.87557 2.04865 1.61084 1.74779 1.86196 1.95332 1.08301 0.971974 0.7835 0.48262 -0.384448 -0.69289 -1.02209 -1.35491 -1.45572 -1.65332 -1.85588 -2.06189 -2.01909 -2.23784 -2.46607 -2.70193 -2.37787 -2.5919 -2.82538 -3.08369 -1.87399 -2.03 -2.195 -2.27186 -5.76537
0.0186754 -29.5979 -25.705 -4.12246 -30.4067 -24.3404 -8.23916 -30.4862 -22.6936 -12.2126 -29.8148 -20.8427 -15.9288 -28.4043 -18.8763 -19.818 -25.8759 -16.5504 -23.0942 -22.5147 -14.3375 -25.6758 -18.4689 -12.3636 -27.523 -13.9033 -10.7291 -28.4411 -10.1486 -9.74991 -28.9297 -6.25685 -9.0318 -29.0034 -2.29559 -8.58133 -28.6803 1.67436 -8.39399 -27.9088 5.90728 -8.47069 -26.723 10.0303 -8.80764 -25.1462 13.9951 -9.3669 -23.1996 17.7616 -10.1039 -19.5576 23.0549 -11.475 -15.162 27.7057 -12.9619 -10.0793 31.6189 -14.3816 -4.39664 34.6984 -15.5594 1.45393 36.7639 -16.3086 7.59175 37.9081 -16.5818 13.8325 38.0726 -16.2946 19.9602 37.233 -15.3982 25.145 35.6506 -14.0708 29.8889 33.3335 -12.2614 34.041 30.3659 -10.0027 37.4719 26.8613 -7.33916 40.1345 22.8522 -4.24076 41.8507 18.5887 -0.829037 42.5706 14.2507 2.83511 42.2733 10.0266 6.6862 40.828 5.82079 10.9577 38.2744 2.20338 15.2493 34.7235 -0.614254 19.4296 30.3397 -2.46625 23.3509 26.1431 -3.20227 26.3466 21.638 -3.16597 28.9598 16.9598 -2.39316 31.115 12.2278 -0.960103 32.7524 6.84768 1.36587 33.9396 1.61488 4.23272 34.3448 -3.41553 7.44148 33.9398 -8.21303 10.792 32.7056 -12.0471 13.5656 31.0187 -15.6796 16.1835 28.7405 -19.0809 18.5325 25.8852 -22.2103 20.5036 22.4851 -25.3329 22.1426 18.0964 -27.9754 23.0588 13.21 -30.0649 23.1579 7.98295 -31.5437 22.3824 2.60615 -32.3576 20.8016 -2.49276 -32.5775 18.4261 -7.33718 -32.2304 15.3166 -11.7384 -31.37 11.5662 -15.5272 -30.0952 7.36372 -18.5227 -28.4824 2.78624 -20.6917 -26.6233 -2.02569 -21.9756 -24.6077 -6.93003 -22.3552 -22.4286 -11.9879 -21.8077 -20.2388 -16.8579 -20.352 -18.0891 -21.417 -18.0662 -16.0072 -25.5596 -15.0438 -13.8255 -29.4944 -11.0308 -11.7185 -32.7284 -6.3996 -9.65786 -35.172 -1.28795 -7.60817 -36.7434 4.15962 -5.99089 -37.3133 8.53814 -4.34601 -37.279 12.9433 -2.66446 -36.6219 17.2852 -0.942207 -35.3367 21.4678 0.916531 -33.314 25.5967 2.81275 -30.6425 29.3198 4.73572 -27.3837 32.5255 6.67229 -23.6227 35.1138 8.98202 -18.6177 37.2855 11.2689 -13.2585 38.3581 13.5124 -7.77576 38.2747 15.6935 -2.41039 37.0269 17.9167 2.88769 34.4773 20.0224 7.51148 30.7759 21.9793 11.2214 26.0939 23.7501 13.829 20.6554 24.9388 14.9889 16.2056 25.9747 15.4241 11.5909 26.8344 15.1402 6.9284 27.4932 14.1683 2.32625 27.9727 12.2483 -2.81033 28.1077 9.58083 -7.62352 27.8569 6.28603 -12.026 27.1783 2.49148 -15.9556 26.1003 -1.44749 -19.2039 24.5627 -5.60441 -21.958 22.5322 -9.86034 -24.1926 19.9825 -14.0876 -25.8831 16.0576 -19.1244 -27.1972 11.3345 -23.6001 -27.5974 5.92022 -27.1947 -27.0822 0.296316 0.308381 0.28644 0.266717 0.0185658 -0.0372466 -0.0564901 -0.0399721 -0.312017 -0.27439 -0.220304 -0.152844 -0.345684 -0.260894 -0.17543 -0.0946615 -0.276595 -0.225238 -0.223171 -0.291749 -0.109876 -0.383532 -0.857858 -1.5049 -1.42315 -1.77328 -1.91805 -1.90603 -1.89707 -1.84941 -1.74632 -1.59717 -1.97049 -1.88798 -1.7589 -1.52273 -1.76898 -0.669894 0.919563 1.62423 1.53696 1.58141 1.54844 1.48306 1.31945 1.24233 1.16188 1.07915 1.13342 1.09974 1.07231 1.06874 2.4432 2.28249 2.14274 2.02703 2.68448 2.44911 2.27087 2.1465 2.23766 2.07207 1.97289 1.93313 1.48841 1.51535 1.61836 1.77797 1.36514 1.55344 1.74365 1.9311 1.51207 1.66972 1.80376 1.91276 1.05849 0.960841 0.782076 0.487981 -0.374412 -0.679872 -1.00747 -1.33977 -1.44085 -1.63913 -1.84275 -2.05023 -2.00945 -2.23098 -2.46267 -2.70271 -2.38352 -2.60315 -2.8433 -3.10973 -1.91145 -2.0842 -2.27063 -2.37184 -5.79616
-1.33136 -29.4858 -27.603 -5.38006 -30.1556 -25.9223 -9.32467 -30.093 -23.8971 -13.0454 -29.2829 -21.6244 -16.4355 -27.7452 -19.2143 -19.8695 -25.0919 -16.369 -22.6443 -21.6391 -13.6657 -24.7161 -17.5377 -11.2543 -26.0825 -12.9496 -9.25159 -26.6724 -9.19578 -8.04306 -26.881 -5.31652 -7.1443 -26.7311 -1.37473 -6.56143 -26.2458 2.57361 -6.28743 -25.3698 6.78674 -6.31726 -24.1505 10.9004 -6.64875 -22.605 14.8735 -7.23578 -20.7448 18.6729 -8.02496 -17.316 24.0778 -9.5059 -13.183 28.9271 -11.1075 -8.3627 33.1281 -12.6174 -2.90119 36.5708 -13.835 2.8009 39.0245 -14.5577 8.8555 40.5629 -14.7356 15.0671 41.0889 -14.2932 21.197 40.5426 -13.2055 26.3875 39.1413 -11.7081 31.122 36.9172 -9.7623 35.2356 33.9505 -7.43328 38.5919 30.3565 -4.79375 41.1397 26.1691 -1.83805 42.7084 21.6491 1.30387 43.2577 16.9868 4.57863 42.7785 12.3815 7.94368 41.1363 7.71492 11.6248 38.3949 3.60396 15.3137 34.6726 0.285902 18.9412 30.141 -2.04113 22.4158 25.8443 -3.13258 25.1497 21.2672 -3.39119 27.6215 16.5494 -2.84037 29.7584 11.8107 -1.55056 31.4927 6.45853 0.708231 32.9131 1.27882 3.60583 33.6478 -3.68994 6.93393 33.6281 -8.43227 10.4801 32.7915 -12.2317 13.4648 31.4149 -15.8394 16.3237 29.4025 -19.2198 18.9285 26.7518 -22.3216 21.1542 23.4862 -25.39 23.0586 19.1669 -27.9379 24.2032 14.2785 -29.883 24.4857 9.00261 -31.168 23.8493 3.55817 -31.7606 22.3683 -1.60085 -31.7422 20.0695 -6.48712 -31.162 17.0231 -10.9079 -30.0966 13.3272 -14.6981 -28.6668 9.17001 -17.6868 -26.9595 4.6249 -19.8516 -25.0752 -0.175021 -21.1436 -23.1062 -5.09605 -21.5506 -21.0486 -10.21 -21.0554 -19.0463 -15.1817 -19.6755 -17.1368 -19.8918 -17.4847 -15.3313 -24.2357 -14.5691 -13.4708 -28.4446 -10.6741 -11.6817 -32.0029 -6.14825 -9.91131 -34.8095 -1.11483 -8.10271 -36.766 4.29328 -6.62706 -37.6374 8.6722 -5.07692 -37.894 13.1043 -3.4401 -37.5063 17.4954 -1.71267 -36.4593 21.7418 0.201701 -34.6467 25.9422 2.19721 -32.1399 29.7275 4.25201 -29.0026 32.9724 6.33978 -25.3272 35.566 8.83665 -20.3926 37.6912 11.2963 -15.0905 38.6604 13.6799 -9.67156 38.4277 15.9558 -4.38996 37.0042 18.2234 0.793794 34.2656 20.3167 5.28664 30.3996 22.2128 8.87023 25.5959 23.8881 11.3837 20.0832 24.992 12.5115 15.6035 25.9395 12.9572 10.9708 26.7129 12.731 6.29004 27.2912 11.8634 1.6563 27.6866 10.1161 -3.54862 27.7458 7.66345 -8.47626 27.4227 4.60891 -13.0442 26.6686 1.06286 -17.1864 25.5089 -2.6467 -20.6683 23.8749 -6.58979 -23.6702 21.7305 -10.6528 -26.1445 19.0512 -14.7089 -28.0415 14.9538 -19.5566 -29.5284 10.0736 -23.8575 -29.9609 4.56063 -27.2745 -29.3044 0.102239 0.110363 0.0944868 0.0890342 -0.137271 -0.164941 -0.153463 -0.104967 -0.348391 -0.286371 -0.209061 -0.120295 -0.293833 -0.192711 -0.0947989 -0.00531757 -0.18069 -0.127377 -0.12731 -0.199266 -0.0182352 -0.284074 -0.73453 -1.35139 -1.26675 -1.63672 -1.80474 -1.81098 -1.81386 -1.77169 -1.66827 -1.51378 -1.87722 -1.78127 -1.63787 -1.39483 -1.68082 -0.801947 0.622821 1.47015 1.47904 1.56995 1.5583 1.50184 1.3401 1.26189 1.17894 1.09351 1.14587 1.11233 1.08748 1.08912 2.4702 2.31607 2.18176 2.06939 2.72741 2.48952 2.30546 2.17193 2.2504 2.06874 1.95099 1.89116 1.42545 1.43277 1.52117 1.67385 1.26293 1.4589 1.66146 1.86415 1.46169 1.63543 1.78339 1.90359 1.05851 0.967564 0.792811 0.500702 -0.361237 -0.667498 -0.996799 -1.33134 -1.43454 -1.63446 -1.83936 -2.04756 -2.00684 -2.22766 -2.45812 -2.69708 -2.3779 -2.59969 -2.84544 -3.1223 -1.9427 -2.14571 -2.369 -2.50457 -5.75311
-1.15989 -30.9517 -25.2233 -5.22921 -31.3967 -23.5181 -9.18684 -31.1124 -21.5377 -12.921 -30.0939 -19.3734 -16.3318 -28.3685 -17.1251 -19.8066 -25.5277 -14.5204 -22.6434 -21.9247 -12.0914 -24.7987 -17.7094 -9.96682 -26.2669 -13.0395 -8.24492 -26.9439 -9.24097 -7.2384 -27.2445 -5.32949 -6.52434 -27.1888 -1.36446 -6.10558 -26.7969 2.60152 -5.9735 -26.0181 6.83084 -6.13141 -24.8896 10.9607 -6.56658 -23.4267 14.9521 -7.23582 -21.6398 18.7726 -8.08975 -18.3043 24.215 -9.64467 -14.2439 29.1046 -11.3083 -9.47912 33.3436 -12.8865 -4.05862 36.817 -14.1967 1.61774 39.2899 -15.0452 7.66277 40.8361 -15.397 13.8869 41.3562 -15.1822 20.0581 40.7874 -14.3761 25.314 39.3488 -13.1705 30.1416 37.0678 -11.5458 34.3738 34.0216 -9.55652 37.8694 30.3243 -7.26337 40.5753 26.006 -4.65717 42.3108 21.3317 -1.84617 43.0299 16.4949 1.12886 42.7194 11.6991 4.23792 41.2547 6.81559 7.70631 38.6844 2.48344 11.263 35.126 -1.04979 14.8515 30.7509 -3.57349 18.3888 26.5813 -4.80615 21.2562 22.1279 -5.17468 23.9317 17.5318 -4.6956 26.3346 12.9141 -3.43441 28.3872 7.70023 -1.15182 30.223 2.65514 1.83203 31.41 -2.1894 5.30911 31.8633 -6.82862 9.06598 31.5045 -10.5682 12.2728 30.5196 -14.1494 15.3905 28.8782 -17.5443 18.2826 26.5654 -20.7073 20.8116 23.5925 -23.9023 23.0553 19.5359 -26.6355 24.5134 14.8346 -28.8162 25.0583 9.67265 -30.375 24.6144 4.28088 -31.2532 23.2432 -0.867806 -31.5313 20.9828 -5.76408 -31.2486 17.9137 -10.1981 -30.4733 14.1506 -13.9926 -29.3151 9.90225 -16.9708 -27.8596 5.25847 -19.11 -26.2015 0.366153 -20.3649 -24.4273 -4.63179 -20.7284 -22.5343 -9.80419 -20.1866 -20.6535 -14.8107 -18.7623 -18.8206 -19.532 -16.5304 -17.0477 -23.8637 -13.5768 -15.1759 -28.0312 -9.64307 -13.3329 -31.5161 -5.08177 -11.4745 -34.2127 -0.0200478 -9.55303 -36.0195 5.40122 -7.97874 -36.7465 9.77213 -6.32551 -36.8371 14.1733 -4.58529 -36.2671 18.5044 -2.75747 -35.0304 22.6567 -0.742836 -33.0214 26.7187 1.34658 -30.3363 30.3268 3.49038 -27.0522 33.3621 5.66569 -23.2728 35.7239 8.27175 -18.279 37.56 10.8555 -12.9919 38.2477 13.387 -7.65776 37.7588 15.8406 -2.52136 36.1162 18.3307 2.45433 33.1912 20.6752 6.69415 29.1862 22.8384 9.98692 24.288 24.7779 12.1757 18.7238 26.0658 13.037 14.234 27.1741 13.2002 9.61842 28.077 12.6782 4.98476 28.7472 11.5062 0.431136 29.1973 9.40276 -4.63579 29.2536 6.60157 -9.37402 28.8725 3.21907 -13.7 28.0115 -0.620375 -17.5494 26.7142 -4.56325 -20.7117 24.9181 -8.6845 -23.3609 22.5991 -12.8608 -25.461 19.7458 -16.9582 -26.9771 15.4499 -21.7527 -28.0063 10.4117 -25.8897 -28.041 4.79139 -29.0526 -27.0877 0.201886 0.215574 0.203418 0.199754 -0.0265945 -0.0562619 -0.0485563 -0.00551074 -0.25512 -0.199404 -0.129087 -0.0477472 -0.229015 -0.135388 -0.0442301 0.0395231 -0.14151 -0.0916805 -0.0913168 -0.158542 0.0320851 -0.220915 -0.664504 -1.3039 -1.26681 -1.6735 -1.8613 -1.87675 -1.88386 -1.84376 -1.7417 -1.5889 -1.95562 -1.86681 -1.7389 -1.53119 -1.89434 -1.13868 0.41038 1.46098 1.52635 1.6313 1.62439 1.56996 1.40855 1.32927 1.24335 1.15238 1.19545 1.1473 1.10291 1.0838 2.44552 2.27475 2.12672 2.00355 2.65348 2.40976 2.22169 2.0857 2.16315 1.98201 1.8665 1.81081 1.3516 1.368 1.46731 1.63161 1.2303 1.43315 1.64049 1.8458 1.44417 1.61753 1.76468 1.88425 1.03911 0.94908 0.776307 0.487172 -0.370822 -0.672235 -0.996017 -1.32451 -1.42218 -1.61733 -1.81761 -2.02146 -1.97658 -2.1937 -2.42143 -2.65868 -2.33871 -2.56034 -2.80614 -3.08275 -1.90181 -2.10067 -2.31645 -2.44205 -5.78166
1.40809 -30.3565 -26.3265 -2.70778 -30.7607 -24.726 -6.72376 -30.4576 -22.8698 -10.5367 -29.445 -20.8446 -14.0543 -27.7484 -18.7438 -17.695 -24.9626 -16.312 -20.7409 -21.4245 -14.0464 -23.1397 -17.2699 -12.0682 -24.8712 -12.6457 -10.4721 -25.7519 -8.86807 -9.54798 -26.2488 -4.96445 -8.90396 -26.3742 -0.995321 -8.54306 -26.142 2.98444 -8.45633 -25.5063 7.23624 -8.64798 -24.4871 11.3928 -9.0988 -23.0988 15.4116 -9.76237 -21.3533 19.258 -10.5854 -18.0239 24.7327 -12.0365 -13.9208 29.6463 -13.5139 -9.08983 33.9048 -14.8141 -3.60798 37.4017 -15.7541 2.09935 39.9126 -16.1765 8.13625 41.5243 -16.054 14.3149 42.1477 -15.3521 20.4205 41.7226 -14.0882 25.625 40.4383 -12.5354 30.4316 38.319 -10.6504 34.692 35.4169 -8.51161 38.2745 31.8169 -6.19772 41.1289 27.5213 -3.71535 43.0601 22.7676 -1.17842 44.0018 17.7344 1.37931 43.916 12.6194 3.94681 42.6668 7.26007 6.72903 40.2547 2.33464 9.54787 36.7746 -1.87275 12.4132 32.3894 -5.09778 15.3102 28.152 -6.89454 17.7481 23.5978 -7.76107 20.1219 18.8976 -7.68293 22.3645 14.204 -6.70707 24.4002 8.96929 -4.60255 26.3837 3.99249 -1.64198 27.8775 -0.699262 1.95715 28.7713 -5.12625 5.97379 28.9546 -8.67098 9.50103 28.4727 -12.068 13.027 27.3476 -15.3135 16.4036 25.5296 -18.3796 19.4716 22.995 -21.5392 22.3455 19.3268 -24.3129 24.4056 14.8814 -26.5955 25.4671 9.84545 -28.2968 25.4106 4.47886 -29.3319 24.2719 -0.697228 -29.7754 22.1151 -5.62794 -29.6631 19.0482 -10.0711 -29.0652 15.2226 -13.835 -28.0926 10.884 -16.7487 -26.8362 6.14613 -18.8062 -25.3903 1.16819 -19.9848 -23.8385 -3.90659 -20.2975 -22.1818 -9.1582 -19.7436 -20.5357 -14.2557 -18.352 -18.9304 -19.0909 -16.1899 -17.3742 -23.5645 -13.327 -15.7247 -27.9148 -9.49284 -14.0906 -31.5962 -5.00697 -12.4303 -34.4779 0.0215282 -10.6997 -36.4274 5.4576 -9.27169 -37.2158 9.86794 -7.76424 -37.313 14.321 -6.17032 -36.6907 18.701 -4.48954 -35.3464 22.8818 -2.62971 -33.1769 26.935 -0.691749 -30.3044 30.4829 1.30926 -26.8319 33.4038 3.35792 -22.888 35.6044 5.8459 -17.7557 37.2077 8.36485 -12.4119 37.6549 10.9019 -7.10384 36.9555 13.4454 -2.06185 35.1638 16.1328 2.76741 32.1689 18.7822 6.84917 28.1898 21.352 10.0069 23.4003 23.7845 12.1094 17.9989 25.4876 12.9456 13.6447 27.0348 13.1182 9.15752 28.386 12.6343 4.62999 29.499 11.5196 0.149246 30.4366 9.49316 -4.88218 30.9324 6.76453 -9.63712 30.9258 3.4388 -14.0235 30.3628 -0.364556 -17.9628 29.2727 -4.29059 -21.2227 27.6118 -8.40519 -23.9687 25.3633 -12.5755 -26.1554 22.5276 -16.6578 -27.7439 18.2017 -21.409 -28.8453 13.1053 -25.473 -28.9466 7.42129 -28.5442 -28.075 0.322344 0.335761 0.32318 0.318315 0.0892332 0.0545973 0.0551336 0.0889152 -0.170438 -0.124015 -0.0634692 0.00795531 -0.183382 -0.0996471 -0.017697 0.0574067 -0.13411 -0.0974029 -0.111857 -0.1961 -0.022016 -0.281831 -0.699338 -1.25719 -1.13616 -1.51134 -1.70409 -1.73728 -1.76275 -1.7368 -1.64278 -1.49151 -1.85328 -1.75334 -1.61058 -1.39211 -1.78017 -1.19794 -0.018638 1.13936 1.39662 1.60998 1.66389 1.6476 1.5093 1.44416 1.36624 1.27713 1.31519 1.25288 1.18517 1.13999 2.47794 2.28803 2.12554 1.99187 2.63394 2.38347 2.18845 2.04439 2.11202 1.91931 1.79131 1.72331 1.25276 1.26055 1.35545 1.51948 1.12051 1.32598 1.53546 1.74178 1.33988 1.51189 1.6571 1.77462 0.927517 0.835841 0.66219 0.373103 -0.483654 -0.782255 -1.10125 -1.4226 -1.51187 -1.69817 -1.88815 -2.08046 -2.02212 -2.22427 -2.43728 -2.66091 -2.32955 -2.54242 -2.78213 -3.0554 -1.87379 -2.07468 -2.29377 -2.42206 -5.88289
3.24952 -28.129 -27.4412 -0.9907 -28.5242 -26.2043 -5.17265 -28.2238 -24.7598 -9.19519 -27.2276 -23.1812 -12.964 -25.5593 -21.5446 -16.9423 -22.8163 -19.6532 -20.3529 -19.3229 -17.8945 -23.1168 -15.207 -16.3619 -25.1833 -10.61 -15.1265 -26.281 -6.84429 -14.4094 -26.9475 -2.94542 -13.9049 -27.1859 1.02409 -13.6116 -27.0039 5.00631 -13.5178 -26.3491 9.25839 -13.6169 -25.2367 13.4066 -13.8873 -23.6876 17.4018 -14.2849 -21.7248 21.2018 -14.7599 -17.9866 26.5489 -15.5324 -13.4454 31.2525 -16.1785 -8.21728 35.2156 -16.5298 -2.44182 38.3461 -16.4503 3.40863 40.4712 -15.8907 9.44398 41.6972 -14.8285 15.4926 41.9729 -13.281 21.3807 41.2678 -11.3085 26.3628 39.8028 -9.26397 30.9631 37.5654 -7.03254 35.0682 34.5925 -4.69637 38.569 30.9453 -2.33197 41.4229 26.5964 0.056521 43.4278 21.7564 2.36255 44.4924 16.5821 4.56609 44.5442 11.2606 6.67344 43.417 5.60852 8.86598 41.0579 0.338455 11.0303 37.5354 -4.22725 13.2144 33.0124 -7.77585 15.4444 28.6048 -9.78334 17.3602 23.8636 -10.7824 19.2706 18.9961 -10.7525 21.1236 14.1871 -9.74772 22.8528 8.91007 -7.53565 24.592 3.99328 -4.41616 25.9555 -0.552136 -0.628391 26.8256 -4.77787 3.59589 27.0781 -8.14036 7.31031 26.7099 -11.3664 11.0352 25.7318 -14.4715 14.6194 24.0733 -17.442 17.8948 21.6888 -20.5544 20.9812 18.1553 -23.3396 23.2032 13.796 -25.6757 24.3463 8.80262 -27.4501 24.2736 3.45994 -28.553 23.0299 -1.67785 -29.0483 20.7017 -6.52496 -28.9661 17.4308 -10.8208 -28.3769 13.4053 -14.3717 -27.396 8.90386 -17.0238 -26.1193 4.05513 -18.7899 -24.645 -0.975729 -19.671 -23.0596 -6.04967 -19.7013 -21.3648 -11.2547 -18.885 -19.6806 -16.2736 -17.2708 -18.0416 -21.011 -14.9253 -16.4623 -25.376 -11.9114 -14.8081 -29.5977 -7.93804 -13.2026 -33.1329 -3.32598 -11.6161 -35.8359 1.82409 -10.0158 -37.5554 7.37646 -8.73479 -38.1164 11.866 -7.41657 -37.9397 16.3763 -6.05408 -36.9985 20.7774 -4.64409 -35.299 24.9289 -3.10626 -32.7331 28.8844 -1.5176 -29.4664 32.2605 0.119688 -25.6281 34.9403 1.80495 -21.3705 36.8447 3.87996 -15.954 38.052 6.03368 -10.435 38.1019 8.27603 -5.05331 37.0479 10.614 -0.0174319 34.9803 13.1964 4.7526 31.8035 15.8672 8.7613 27.7649 18.5887 11.8689 23.0268 21.3003 13.9701 17.7594 23.2914 14.8446 13.5369 25.1852 15.0871 9.18795 26.9306 14.6967 4.788 28.4716 13.6867 0.41034 29.9268 11.7778 -4.54334 30.9373 9.14227 -9.26917 31.4163 5.87085 -13.6702 31.2869 2.0777 -17.6571 30.5443 -1.87544 -20.9813 29.161 -6.04205 -23.8018 27.119 -10.2745 -26.0703 24.4231 -14.4137 -27.7519 20.1899 -19.2117 -29.0008 15.1113 -23.287 -29.3164 9.37912 -26.3415 -28.7577 0.579671 0.586354 0.561294 0.539212 0.287586 0.225513 0.196529 0.199509 -0.0877162 -0.0652307 -0.0278292 0.0218766 -0.189923 -0.125071 -0.0596737 0.000907881 -0.206823 -0.188359 -0.222066 -0.327717 -0.173749 -0.44065 -0.826562 -1.2905 -1.05764 -1.36162 -1.52435 -1.55165 -1.58106 -1.56132 -1.47201 -1.32227 -1.68126 -1.57277 -1.41429 -1.17121 -1.53163 -0.955164 0.0692607 1.08682 1.35685 1.60904 1.69183 1.69488 1.56764 1.50797 1.43106 1.33827 1.36715 1.2892 1.20155 1.13715 2.46054 2.26193 2.096 1.96306 2.60861 2.36306 2.17334 2.03416 2.10578 1.91583 1.78926 1.72156 1.25039 1.2566 1.34842 1.50673 1.09942 1.29458 1.49128 1.68315 1.26577 1.42224 1.55296 1.65732 0.79743 0.693446 0.509028 0.210623 -0.654097 -0.958901 -1.28163 -1.60378 -1.69103 -1.87353 -2.05775 -2.24252 -2.17436 -2.36449 -2.56461 -2.77512 -2.43122 -2.63235 -2.86074 -3.12281 -1.92842 -2.1143 -2.31928 -2.43861 -6.15665
5.88617 -25.2827 -30.6923 1.64322 -26.0332 -29.6437 -2.60058 -26.0912 -28.3583 -6.74086 -25.4449 -26.9071 -10.6771 -24.1064 -25.3643 -14.9012 -21.7082 -23.5383 -18.5905 -18.5012 -21.7969 -21.6403 -14.6042 -20.2345 -23.9735 -10.1581 -18.9243 -25.2473 -6.46614 -18.1201 -26.0557 -2.61057 -17.5028 -26.3959 1.33875 -17.0703 -26.2734 5.31579 -16.8093 -25.6364 9.57015 -16.6939 -24.4988 13.7204 -16.7109 -22.8904 17.7105 -16.8124 -20.8456 21.4946 -16.9454 -16.9646 26.7932 -17.1047 -12.3075 31.4266 -17.0255 -7.03399 35.3158 -16.5488 -1.31515 38.3946 -15.5594 4.37549 40.5179 -14.0881 10.1589 41.8117 -12.1045 15.8964 42.239 -9.664 21.4643 41.7696 -6.8649 26.2019 40.5713 -4.16918 30.6376 38.628 -1.39496 34.6882 35.9414 1.34788 38.2591 32.5338 3.95254 41.3105 28.3444 6.38164 43.6168 23.5479 8.48806 45.0491 18.2865 10.2285 45.4894 12.7473 11.6015 44.7515 6.72764 12.7165 42.6967 0.974783 13.5568 39.3492 -4.15623 14.2569 34.8453 -8.30891 14.9595 30.3332 -10.8164 15.6521 25.4007 -12.2697 16.4799 20.2958 -12.6202 17.4517 15.2522 -11.9067 18.5379 9.76621 -9.91699 19.8453 4.7467 -6.91156 21.0851 0.216671 -3.14082 22.0977 -3.89146 1.16273 22.7042 -7.10194 5.02662 22.7481 -10.1526 8.98616 22.2438 -13.084 12.8942 21.0721 -15.9035 16.574 19.1361 -18.8893 20.1759 16.0041 -21.5964 22.9145 11.8968 -23.8913 24.4954 7.0048 -25.6415 24.7133 1.65813 -26.7226 23.5806 -3.50986 -27.1941 21.2131 -8.34021 -27.0944 17.7983 -12.5223 -26.5099 13.5838 -15.8473 -25.5707 8.90304 -18.1857 -24.3823 3.91431 -19.5855 -23.0452 -1.20564 -20.0932 -21.6411 -6.32353 -19.7849 -20.1714 -11.545 -18.686 -18.7353 -16.5758 -16.8805 -17.3528 -21.3465 -14.4392 -16.0251 -25.7872 -11.4145 -14.6269 -30.1543 -7.50038 -13.2495 -33.901 -2.9825 -11.8592 -36.864 2.08051 -10.4255 -38.8555 7.58732 -9.26084 -39.6027 12.0814 -8.05486 -39.5638 16.6263 -6.81112 -38.6928 21.0767 -5.53836 -36.9867 25.2697 -4.17785 -34.3359 29.234 -2.81052 -30.9238 32.5629 -1.44398 -26.908 35.132 -0.0777805 -22.469 36.8707 1.56328 -16.8585 37.8355 3.24796 -11.1818 37.6405 5.01605 -5.66855 36.384 6.90789 -0.501092 34.1886 9.08467 4.44363 30.9754 11.4567 8.69756 27.0016 14.0179 12.1449 22.4114 16.7314 14.6891 17.3441 18.8401 15.9621 13.2831 20.9535 16.648 9.08529 23.017 16.7309 4.80821 24.9666 16.2049 0.509248 26.9926 14.8428 -4.42437 28.6526 12.7054 -9.21774 29.829 9.85258 -13.776 30.4112 6.37445 -18.0026 30.3265 2.61098 -21.6163 29.5603 -1.47556 -24.7694 28.0755 -5.73333 -27.3953 25.8639 -9.99347 -29.442 22.1233 -15.0567 -31.1368 17.4085 -19.4991 -31.8687 11.9107 -22.9978 -31.6845 0.768811 0.776189 0.74819 0.719798 0.45832 0.383132 0.339641 0.327717 0.0275209 0.0394046 0.0670746 0.108126 -0.111531 -0.0540411 0.004726 0.0590256 -0.156721 -0.149405 -0.196007 -0.313428 -0.160803 -0.402353 -0.716621 -1.06493 -0.725842 -0.972472 -1.12197 -1.16269 -1.21564 -1.21898 -1.14621 -1.00391 -1.36013 -1.23783 -1.05643 -0.789634 -1.1572 -0.698914 -0.00782834 0.763138 1.0717 1.43824 1.61102 1.67656 1.58848 1.55363 1.4926 1.40767 1.43664 1.34893 1.24177 1.1547 2.45797 2.24442 2.06871 1.93021 2.5729 2.32546 2.13324 1.98962 2.05372 1.85249 1.71126 1.62654 1.13701 1.12645 1.20704 1.3617 0.957273 1.15744 1.35914 1.55388 1.13599 1.28807 1.41107 1.50534 0.632773 0.514135 0.315153 0.00293793 -0.874634 -1.19071 -1.52225 -1.85027 -1.93987 -2.12218 -2.30411 -2.48453 -2.40957 -2.59025 -2.77917 -2.97724 -2.62054 -2.80897 -3.02474 -3.27441 -2.06639 -2.23757 -2.42879 -2.53698 -6.43869
6.2776 -23.0668 -32.9551 2.34629 -24.7058 -31.7206 -1.69928 -25.6129 -30.1471 -5.73534 -25.7413 -28.3143 -9.63625 -25.0775 -26.3124 -13.8716 -23.3258 -23.8789 -17.5936 -20.6119 -21.4894 -20.673 -17.0722 -19.272 -23.0229 -12.8745 -17.3263 -24.3039 -9.31807 -16.0572 -25.1204 -5.56082 -15.0007 -25.478 -1.68035 -14.1557 -25.3903 2.25324 -13.5083 -24.8186 6.48848 -13.0036 -23.7814 10.6506 -12.6579 -22.311 14.688 -12.421 -20.4408 18.5594 -12.239 -16.8857 24.0773 -11.962 -12.601 29.0363 -11.5005 -7.71196 33.3508 -10.6974 -2.35276 36.9367 -9.43914 3.05096 39.5928 -7.7654 8.62612 41.4397 -5.62919 14.2499 42.41 -3.08191 19.8036 42.444 -0.21635 24.6072 41.6406 2.50915 29.1701 40.0261 5.28792 33.3903 37.5931 8.01163 37.1492 34.3595 10.5734 40.3846 30.2687 12.9314 42.8364 25.5004 14.9348 44.3493 20.2166 16.5333 44.786 14.6334 17.7166 43.9439 8.58388 18.5634 41.6964 2.86328 19.0601 38.1057 -2.14217 19.3361 33.3602 -6.07449 19.5357 28.6794 -8.34853 19.7489 23.6238 -9.56191 20.0583 18.4351 -9.70553 20.4864 13.3253 -8.84823 21.0177 7.75159 -6.78757 21.69 2.60336 -3.80722 22.3051 -2.10348 -0.139249 22.7012 -6.41771 4.0023 22.6878 -9.79243 7.69132 22.1967 -12.966 11.4395 21.1393 -15.942 15.094 19.3994 -18.6919 18.4708 16.8947 -21.4312 21.67 13.1586 -23.699 23.9453 8.53489 -25.3802 25.024 3.27108 -26.3961 24.7353 -2.25906 -26.7329 23.1472 -7.40922 -26.4974 20.3809 -12.0409 -25.7949 16.6402 -15.8715 -24.7592 12.1774 -18.73 -23.5472 7.32689 -20.5363 -22.2586 2.23709 -21.3685 -20.9795 -2.92231 -21.3067 -19.7642 -8.02712 -20.4561 -18.5919 -13.1913 -18.8474 -17.5103 -18.1359 -16.6086 -16.4912 -22.8091 -13.824 -15.4899 -27.1592 -10.5521 -14.3582 -31.4551 -6.47641 -13.1114 -35.1759 -1.89958 -11.6876 -38.1677 3.13712 -10.048 -40.2419 8.55521 -8.61381 -41.0828 12.9538 -7.0635 -41.1528 17.3927 -5.43295 -40.3924 21.7372 -3.77267 -38.7851 25.8325 -2.05342 -36.2129 29.7083 -0.431721 -32.8443 32.9666 1.04024 -28.8335 35.4848 2.3326 -24.3611 37.194 3.63357 -18.6613 38.1538 4.70976 -12.8376 37.9882 5.63101 -7.10857 36.7922 6.4859 -1.64041 34.678 7.4217 3.73342 31.5539 8.48927 8.54007 27.6462 9.76794 12.6598 23.0739 11.3038 15.9755 17.9591 12.6407 17.8753 13.8164 14.1115 19.2072 9.50112 15.6818 19.9367 5.07841 17.3015 20.0408 0.614757 19.1597 19.3683 -4.5229 20.8856 17.8552 -9.52613 22.3575 15.5392 -14.298 23.4524 12.4859 -18.7453 24.0336 8.99564 -22.5806 24.0795 5.02969 -25.9715 23.5141 0.714327 -28.8502 22.2816 -3.8018 -31.1556 19.7685 -9.47509 -33.1551 16.1815 -14.8326 -34.1197 11.6188 -19.4883 -34.0348 0.584495 0.616018 0.607276 0.593822 0.345295 0.282246 0.250876 0.252167 -0.0351014 -0.0112026 0.0289439 0.0825473 -0.124695 -0.0557936 0.0134026 0.0774409 -0.126514 -0.103783 -0.130851 -0.221101 -0.0317271 -0.228355 -0.496466 -0.813829 -0.472919 -0.739867 -0.918335 -0.985775 -1.05889 -1.07546 -1.01003 -0.870134 -1.22356 -1.09109 -0.888752 -0.585967 -0.908851 -0.427157 0.199381 0.810451 0.976879 1.27143 1.41357 1.46524 1.37194 1.33698 1.28099 1.20762 1.25759 1.2041 1.14311 1.10329 2.44631 2.2619 2.10562 1.97856 2.62675 2.38064 2.18673 2.03902 2.09686 1.8875 1.73686 1.64237 1.1439 1.12841 1.21257 1.38291 1.00261 1.2283 1.45432 1.66748 1.25967 1.41253 1.52837 1.60984 0.719435 0.579301 0.358313 0.0243528 -0.875095 -1.21319 -1.56654 -1.91636 -2.02487 -2.22312 -2.42055 -2.61575 -2.55546 -2.74987 -2.94964 -3.15486 -2.80076 -2.98686 -3.1948 -3.43059 -2.19915 -2.33522 -2.48356 -2.54608 -6.22856
14.1222 -22.4024 -33.813 10.663 -24.7956 -32.409 7.0008 -26.5063 -30.5849 3.24852 -27.4606 -28.4227 -0.477164 -27.6167 -26.0226 -4.65357 -26.7809 -23.0582 -8.48076 -24.9007 -20.1009 -11.8327 -22.0842 -17.3151 -14.623 -18.4804 -14.8341 -16.3561 -15.2855 -13.1942 -17.7209 -11.8035 -11.8111 -18.7194 -8.10984 -10.6888 -19.36 -4.27237 -9.81509 -19.6634 -0.0361593 -9.12139 -19.5806 4.23921 -8.63856 -19.1271 8.50586 -8.30871 -18.3151 12.725 -8.06781 -16.4031 19.0022 -7.74476 -13.6991 24.9691 -7.24686 -10.23 30.4798 -6.37537 -6.04721 35.3517 -4.98544 -1.48947 39.1983 -3.11818 3.51329 42.0914 -0.739257 8.81132 43.8735 2.05567 14.2351 44.4364 5.1089 19.0397 43.8677 7.89106 23.6748 42.2976 10.574 28.0134 39.7762 13.0169 31.9289 36.3889 15.1008 35.3745 32.1363 16.776 38.1111 27.2449 17.9366 40.0117 21.8848 18.5843 40.958 16.2427 18.7686 40.7952 10.0823 18.5523 39.316 4.1159 18.0647 36.4963 -1.33791 17.491 32.4178 -5.9387 17.0199 28.1475 -8.91436 16.828 23.3304 -10.8938 16.8877 18.2108 -11.7944 17.2131 13.0351 -11.6157 17.7665 7.28792 -10.1736 18.5761 1.952 -7.59828 19.389 -2.86997 -4.11133 19.9847 -7.15219 0.0611214 20.1205 -10.339 3.92008 19.683 -13.1454 7.9426 18.5958 -15.5523 11.9403 16.7346 -17.5213 15.6833 14.0231 -19.1461 19.2536 9.98453 -20.0982 21.7846 5.04637 -20.3575 22.9461 -0.456478 -19.9729 22.5489 -6.05934 -19.1142 20.7038 -11.0611 -17.9319 17.5898 -15.3114 -16.5968 13.4823 -18.5527 -15.2635 8.69775 -20.6719 -14.0672 3.61596 -21.6736 -13.0557 -1.60284 -21.6899 -12.2573 -6.79093 -20.8498 -11.6668 -11.8378 -19.2879 -11.2406 -16.8688 -17.0209 -10.953 -21.6232 -14.2025 -10.7393 -26.0597 -10.9004 -10.5311 -30.1265 -7.1522 -10.235 -34.0483 -2.5829 -9.79145 -37.299 2.47505 -9.14525 -39.6884 7.97227 -8.27158 -40.9949 13.7926 -7.43976 -41.112 18.4193 -6.50402 -40.3604 22.9658 -5.5066 -38.7127 27.2556 -4.49972 -36.204 31.1032 -3.48606 -32.7351 34.4992 -2.57313 -28.5966 37.0747 -1.79255 -23.9969 38.7563 -1.15065 -19.1422 39.5398 -0.542428 -13.2514 39.3658 -0.0378228 -7.47955 38.128 0.454253 -1.97761 35.9861 1.03501 3.15772 33.0891 1.85609 8.1288 29.3304 2.99086 12.5355 24.9936 4.51328 16.2962 20.1923 6.45776 19.3192 15.0354 8.20139 21.0521 10.9714 10.154 22.2681 6.81604 12.2713 22.9339 2.617 14.4937 23.0243 -1.57962 17.1085 22.3917 -6.38206 19.6419 20.9644 -11.056 21.962 18.7606 -15.5349 23.9366 15.8215 -19.7495 25.3738 12.4163 -23.4331 26.2898 8.48767 -26.743 26.6015 4.13634 -29.6062 26.2446 -0.513404 -31.9475 24.8062 -6.52003 -34.0336 22.2485 -12.4251 -35.0769 18.6351 -17.8508 -35.0036 0.405391 0.468618 0.490861 0.506493 0.286425 0.249995 0.241154 0.261183 -0.0123975 0.0210109 0.0683746 0.126749 -0.078309 -0.00972015 0.0581753 0.120947 -0.0837789 -0.0569516 -0.0720486 -0.140349 0.0801984 -0.080718 -0.317834 -0.625788 -0.307534 -0.617455 -0.84027 -0.940501 -1.03343 -1.06062 -1.00168 -0.868828 -1.23453 -1.12527 -0.96419 -0.733383 -1.16619 -0.827937 -0.329885 0.276026 0.556326 0.975991 1.20308 1.3115 1.25891 1.25856 1.23887 1.20583 1.30366 1.3055 1.29946 1.30471 2.67921 2.51363 2.36645 2.24133 2.88648 2.63389 2.43102 2.27261 2.31837 2.09622 1.93292 1.82633 1.31584 1.28783 1.35753 1.50838 1.10415 1.30402 1.50117 1.6849 1.24862 1.37538 1.46862 1.53067 0.62206 0.464795 0.229002 -0.117658 -1.02795 -1.37456 -1.73319 -2.08442 -2.19059 -2.38394 -2.57364 -2.7583 -2.68368 -2.85958 -3.03812 -3.21997 -2.84161 -3.0031 -3.18578 -3.39579 -2.13443 -2.2359 -2.3465 -2.36716 -5.83277
17.7414 -13.7562 -40.3038 14.7936 -16.8866 -39.2191 11.6233 -19.4723 -37.5077 8.33298 -21.3947 -35.2397 5.02926 -22.5607 -32.5211 1.2831 -22.8918 -28.9454 -2.1981 -22.0901 -25.1815 -5.30304 -20.2079 -21.4741 -7.95881 -17.3621 -18.0423 -9.67372 -14.6247 -15.7045 -11.0989 -11.4967 -13.6837 -12.2404 -8.06422 -12.0058 -13.1097 -4.40873 -10.671 -13.7582 -0.294374 -9.5893 -14.1238 3.9247 -8.82481 -14.2197 8.19523 -8.30314 -14.0522 12.4797 -7.93682 -13.2845 18.9895 -7.49532 -11.8597 25.3709 -6.85419 -9.70894 31.4679 -5.68664 -6.78956 37.0229 -3.74223 -3.32452 41.4797 -1.06135 0.699842 44.799 2.37999 5.09769 46.7142 6.3859 9.64305 47.0874 10.6587 13.6457 46.126 14.4273 17.455 44.039 17.9318 20.9659 40.977 21.0051 24.0974 37.1126 23.5365 26.8435 32.4954 25.5121 29.0469 27.3854 26.8521 30.6259 21.9333 27.5899 31.4836 16.2776 27.7892 31.4743 10.1182 27.4965 30.3526 4.09447 26.8032 28.0048 -1.52683 25.8479 24.4031 -6.4157 24.7757 20.4609 -9.70054 23.8834 15.8622 -12.0059 23.0687 10.8418 -13.199 22.3623 5.6694 -13.2363 21.7531 -0.127509 -11.9164 21.106 -5.46671 -9.32455 20.3712 -10.1236 -5.71043 19.363 -13.9446 -1.35687 17.8758 -16.4196 2.63776 16.0993 -18.1533 6.72458 13.7475 -19.0859 10.6612 10.7689 -19.1753 14.1746 7.17913 -18.2731 17.2649 2.56024 -16.4003 19.1051 -2.42011 -13.7569 19.4432 -7.37952 -10.6391 18.2032 -11.9005 -7.52923 15.6406 -15.4953 -4.59278 11.9728 -18.1569 -2.04932 7.50472 -19.8083 -0.0300117 2.54175 -20.4803 1.40103 -2.57422 -20.2844 2.29904 -7.73214 -19.3631 2.72619 -12.807 -17.8391 2.7679 -17.7214 -15.8126 2.50188 -22.6157 -13.2423 2.02482 -27.2415 -10.2414 1.43203 -31.5484 -6.81645 0.804648 -35.4611 -2.95274 0.154601 -39.1455 1.77478 -0.403292 -42.0288 7.03994 -0.838148 -43.8653 12.7657 -1.14644 -44.4026 18.7626 -1.31435 -43.7813 23.4206 -1.43796 -42.2096 27.8507 -1.54216 -39.7244 31.8412 -1.65188 -36.4361 35.2009 -1.7948 -32.2834 37.908 -1.97738 -27.655 39.6795 -2.19725 -22.7723 40.5193 -2.43753 -17.8189 40.4957 -2.71196 -11.9894 39.4749 -2.90388 -6.38283 37.5693 -2.93231 -1.0649 34.9577 -2.71078 3.93436 31.786 -2.11089 8.86346 27.9314 -1.04977 13.3644 23.6736 0.52991 17.3692 19.0931 2.6451 20.7864 14.2597 4.58022 22.9112 10.4783 6.76984 24.5945 6.61427 9.16156 25.7953 2.69043 11.6879 26.4797 -1.27285 14.6842 26.5971 -5.88904 17.6225 25.9694 -10.5013 20.3656 24.5951 -15.0715 22.7792 22.4921 -19.5496 24.648 19.8597 -23.6492 26.0139 16.6545 -27.5338 26.7992 12.9417 -31.1155 26.9451 8.80444 -34.292 26.1796 3.19656 -37.5271 24.344 -2.6571 -39.733 21.4875 -8.43596 -40.7054 -0.100656 -0.0322752 -0.000152603 0.0295049 -0.171698 -0.184916 -0.168453 -0.121692 -0.3709 -0.316469 -0.248938 -0.172095 -0.360906 -0.279431 -0.202011 -0.132758 -0.332991 -0.30462 -0.32139 -0.392387 -0.173533 -0.33245 -0.55816 -0.834231 -0.458318 -0.69635 -0.84588 -0.883815 -0.928722 -0.921468 -0.840133 -0.694771 -1.05561 -0.947022 -0.789044 -0.561706 -1.00123 -0.690509 -0.272479 0.193784 0.330059 0.667776 0.868559 0.982661 0.955764 0.992837 1.02465 1.05745 1.23983 1.34758 1.46035 1.58108 3.05654 2.97216 2.88587 2.80112 3.46781 3.22128 3.0127 2.84038 2.86686 2.62278 2.43744 2.30986 1.77832 1.72724 1.76832 1.87973 1.42861 1.58042 1.7264 1.85997 1.37645 1.46081 1.51798 1.54966 0.613301 0.431276 0.175498 -0.18689 -1.10918 -1.46377 -1.82594 -2.17634 -2.27819 -2.46547 -2.6472 -2.82243 -2.73656 -2.89986 -3.06598 -3.23624 -2.84794 -3.00146 -3.17833 -3.38516 -2.12358 -2.22945 -2.34718 -2.37351 -5.33326
20.8155 -1.95336 -44.7673 19.0808 -5.94401 -43.9123 17.1311 -9.58972 -42.3083 15.0226 -12.7444 -40.0132 12.8092 -15.2763 -37.1226 10.1521 -17.3092 -33.1557 7.48349 -18.23 -28.8015 4.85685 -17.9913 -24.3325 2.31522 -16.6196 -20.0212 0.439363 -14.8559 -16.9765 -1.35102 -12.5459 -14.2639 -3.04272 -9.77492 -11.9489 -4.62382 -6.63613 -10.0653 -6.19408 -2.94049 -8.51767 -7.61357 0.974414 -7.43274 -8.87407 5.02943 -6.73515 -9.96686 9.17127 -6.32337 -11.2871 15.5998 -6.0167 -12.1207 22.1056 -5.64086 -12.3688 28.6086 -4.73968 -11.9107 34.9027 -2.91313 -10.7252 40.3431 -0.0752796 -8.78995 44.8001 3.85488 -6.18987 47.8332 8.66066 -3.10798 49.1481 13.936 -0.140129 48.8116 18.6504 2.86096 47.1477 23.0519 5.7586 44.3501 26.9152 8.4498 40.6463 30.1069 10.9142 36.1342 32.623 13.0085 31.101 34.3675 14.6589 25.712 35.3663 15.7787 20.1063 35.6571 16.2764 13.9754 35.2223 15.9006 7.9312 34.0605 14.5264 2.20628 32.2273 12.0857 -2.90968 29.7996 9.21449 -6.50913 27.3651 5.70422 -9.25028 24.6649 1.72751 -10.988 21.7852 -2.4896 -11.6465 18.8003 -7.31156 -11.0783 15.3088 -11.7506 -9.21554 11.7606 -15.4718 -6.26458 8.12606 -18.1796 -2.4962 4.35354 -19.4744 1.05402 1.04324 -19.7464 4.71981 -2.38116 -18.9186 8.24056 -5.86792 -16.983 11.3379 -9.31741 -13.605 13.9808 -12.9645 -9.20864 15.4445 -16.1626 -4.18323 15.541 -18.6991 1.01666 14.24 -20.4214 5.75792 11.7909 -21.2477 9.9373 8.37164 -21.2846 13.3427 4.23483 -20.6136 15.8723 -0.365713 -19.3501 17.5 -5.13149 -17.6479 18.3284 -9.96509 -15.5962 18.4518 -14.7461 -13.2753 17.9791 -19.3919 -10.7352 16.9679 -24.0236 -7.87921 15.535 -28.3934 -4.79977 13.7688 -32.4438 -1.46728 11.7371 -36.0985 2.15854 9.28073 -39.508 6.48152 6.62323 -42.1415 11.209 3.82064 -43.7802 16.289 0.947788 -44.1978 21.5728 -1.27485 -43.547 25.6652 -3.41323 -41.9989 29.5565 -5.39982 -39.5761 33.063 -7.17078 -36.3688 36.0105 -8.7486 -32.2991 38.3647 -9.9933 -27.7358 39.855 -10.8932 -22.8973 40.4661 -11.4569 -17.975 40.2475 -11.7168 -12.184 39.0237 -11.5693 -6.63785 36.9453 -11.05 -1.4114 34.2038 -10.1813 3.47376 30.9662 -8.88863 8.28733 27.1357 -7.21606 12.7317 23.017 -5.16497 16.8068 18.6926 -2.74488 20.4938 14.2134 -0.687005 22.9968 10.7408 1.54853 25.2299 7.1948 3.93343 27.1608 3.56952 6.43005 28.7513 -0.144753 9.404 30.1152 -4.57151 12.3786 30.8947 -9.13714 15.2547 31.0195 -13.829 17.9242 30.4263 -18.6062 20.1627 29.1565 -23.1456 22.0267 27.1774 -27.5996 23.4388 24.4942 -31.8464 24.3403 21.1421 -35.7426 24.699 16.1246 -39.8894 24.1935 10.388 -42.9449 22.8662 4.23355 -44.6364 0.0340745 0.148922 0.228852 0.304766 0.149562 0.179164 0.23066 0.304175 0.071493 0.134943 0.206599 0.283061 0.0893963 0.162092 0.229774 0.289914 0.0798805 0.103462 0.0926595 0.0408701 0.294246 0.186609 0.0303584 -0.164243 0.284223 0.094683 -0.0301667 -0.0615881 -0.110761 -0.113851 -0.0463264 0.0834409 -0.293855 -0.201193 -0.0595721 0.141007 -0.355914 -0.161452 0.0545552 0.262711 0.149707 0.316899 0.430265 0.510786 0.485508 0.544201 0.615515 0.705102 0.965352 1.17426 1.40336 1.64178 3.22598 3.23495 3.22392 3.19362 3.8933 3.66007 3.44786 3.25778 3.25422 2.96906 2.73289 2.54419 1.93624 1.7895 1.71845 1.70576 1.14202 1.20145 1.26688 1.33477 0.7996 0.845671 0.876305 0.889922 -0.0598399 -0.251967 -0.515265 -0.883687 -1.8112 -2.17035 -2.53632 -2.88987 -2.99396 -3.18269 -3.3655 -3.54153 -3.45641 -3.62079 -3.78856 -3.96139 -3.57666 -3.73452 -3.91614 -4.12697 -2.86653 -2.96467 -3.05899 -3.0423 -6.08623
28.2769 4.44134 -45.3273 27.8317 0.0634073 -44.7786 27.1416 -4.12548 -43.497 26.2192 -7.97714 -41.5022 25.0755 -11.3412 -38.8487 23.4712 -14.4716 -35.0336 21.5938 -16.5449 -30.6627 19.4667 -17.423 -26.0116 17.1247 -17.0504 -21.396 15.2051 -15.9374 -18.0829 13.2142 -14.1662 -15.1167 11.1823 -11.8292 -12.6048 9.13963 -9.04081 -10.6168 6.95353 -5.66434 -9.08753 4.80747 -2.049 -8.16985 2.71026 1.68901 -7.7859 0.657694 5.47111 -7.82029 -2.4131 11.2489 -8.41124 -5.48225 17.015 -9.11482 -8.60158 22.7908 -9.38273 -11.7446 28.5187 -8.69297 -14.6236 33.7162 -6.75588 -17.1757 38.3229 -3.39117 -19.1467 41.9295 1.31661 -20.3299 44.1897 7.02165 -20.6407 44.92 12.5459 -20.2697 44.435 18.0934 -19.3092 42.839 23.3544 -17.8898 40.2854 28.1096 -16.1072 36.8401 32.3185 -14.1454 32.7146 35.7673 -12.1478 28.0423 38.4021 -10.25 22.9416 40.1754 -8.46395 17.1065 41.0615 -7.09852 11.0984 40.8119 -6.29153 5.1586 39.3659 -6.143 -0.405415 36.712 -6.55701 -4.54622 33.5801 -7.43457 -7.95749 29.7434 -8.68735 -10.472 25.3577 -10.1783 -11.9923 20.6045 -11.9721 -12.4936 14.9216 -13.5755 -11.766 9.20635 -14.7117 -9.99747 3.60758 -15.1208 -7.4329 -1.77948 -14.7213 -4.87964 -6.08759 -13.5308 -2.15187 -10.1349 -11.4775 0.543893 -13.8437 -8.54915 2.98808 -17.1131 -4.31233 5.16669 -20.1132 0.720704 6.48551 -22.2643 6.21719 6.7514 -23.4542 11.7767 5.88318 -23.6441 16.7945 4.02022 -22.9297 21.1995 1.27374 -21.4419 24.777 -2.17465 -19.3276 27.4087 -6.12182 -16.748 29.0443 -10.3044 -13.9038 29.7619 -14.6186 -10.8819 29.6288 -18.9325 -7.7783 28.7293 -23.143 -4.66028 27.0704 -27.3298 -1.44316 24.7627 -31.2405 1.72104 21.8805 -34.803 4.8247 18.4849 -37.9395 7.8683 14.2647 -40.7671 11.115 9.57211 -42.8435 14.2796 4.5038 -44.0125 17.3279 -0.799065 -44.1175 20.1941 -4.96786 -43.37 22.2372 -9.03622 -41.8621 24.05 -12.8683 -39.6005 25.5705 -16.3267 -36.6376 26.742 -19.4347 -32.8592 27.5532 -21.884 -28.5614 27.9044 -23.6161 -23.9156 27.7994 -24.6238 -19.0891 27.2674 -24.9247 -13.2811 26.1367 -24.3588 -7.59834 24.5597 -23.0638 -2.14927 22.6278 -21.177 3.01379 20.4178 -18.6613 8.16074 17.8306 -15.7352 12.9694 15.0324 -12.4914 17.4432 12.0364 -9.0006 21.5739 8.83249 -6.23554 24.4491 6.25434 -3.38206 27.0885 3.52495 -0.460296 29.4587 0.625973 2.50772 31.5161 -2.45894 5.97173 33.4435 -6.27819 9.41193 34.7912 -10.3586 12.7653 35.4675 -14.6711 15.9586 35.3899 -19.1541 18.766 34.5622 -23.4742 21.2937 32.9723 -27.7535 23.4854 30.6219 -31.8645 25.2987 27.5435 -35.6677 26.9934 22.7743 -39.7766 28.0432 17.1561 -42.9126 28.4601 10.9389 -44.8293 0.864321 1.02131 1.13774 1.24382 1.11412 1.16305 1.22606 1.30361 1.06842 1.12525 1.18632 1.2486 1.03682 1.08834 1.13433 1.17372 0.939849 0.945957 0.934363 0.905482 1.21228 1.19353 1.16815 1.14334 1.76928 1.73 1.70964 1.7261 1.67527 1.63518 1.64554 1.70875 1.25875 1.27406 1.33187 1.43025 0.807597 0.85027 0.88377 0.898053 0.591077 0.586907 0.565537 0.540784 0.438584 0.439889 0.465397 0.52108 0.759443 0.962803 1.20407 1.46679 3.08141 3.121 3.13673 3.12609 3.83637 3.60386 3.38195 3.1712 3.13455 2.80225 2.50443 2.23857 1.53293 1.26581 1.05783 0.896533 0.196418 0.138613 0.093611 0.0615488 -0.562803 -0.592697 -0.622392 -0.654636 -1.64041 -1.85785 -2.13557 -2.51063 -3.43943 -3.79621 -4.15771 -4.50593 -4.60522 -4.79009 -4.96934 -5.1422 -5.05414 -5.21576 -5.3809 -5.55058 -5.16132 -5.31211 -5.48239 -5.6757 -4.38628 -4.43874 -4.47436 -4.39108 -8.20817
29.0512 11.0538 -46.2423 30.1516 7.00173 -44.8156 30.859 3.09605 -42.838 31.1477 -0.565728 -40.3533 30.9982 -3.89024 -37.4223 30.2543 -7.23954 -33.529 28.8985 -9.89279 -29.2804 26.9556 -11.7588 -24.8451 24.476 -12.7807 -20.4027 22.2522 -12.98 -17.0989 19.7978 -12.6775 -13.9709 17.1613 -11.898 -11.0828 14.3937 -10.6797 -8.48351 11.316 -8.92842 -6.03823 8.19761 -6.79389 -3.9796 5.08144 -4.34926 -2.29674 1.99628 -1.66525 -0.956353 -2.62296 2.76464 0.527463 -7.14967 7.41154 1.56588 -11.6446 12.1268 2.41775 -16.1884 16.7795 3.34993 -20.621 21.0175 4.55327 -25.1872 24.9233 6.27143 -29.8578 28.3101 8.67384 -34.5332 30.955 11.868 -38.5666 32.4872 15.408 -42.2877 33.0713 19.5263 -45.4922 32.5844 24.0696 -47.9696 30.9715 28.8034 -49.56 28.1879 33.5452 -50.0476 24.4151 37.8219 -49.3804 19.9168 41.2979 -47.6112 15.035 43.7064 -44.6465 9.76852 44.9301 -40.8579 4.90867 44.7023 -36.5572 0.777334 43.1336 -32.038 -2.43408 40.4341 -28.2286 -4.38133 37.4637 -24.534 -5.64365 34.0164 -21.0158 -6.28279 30.2294 -17.6979 -6.38725 26.2159 -14.1254 -5.97602 21.4374 -10.7505 -5.16277 16.5676 -7.48785 -4.11429 11.6664 -4.23296 -2.99752 6.77517 -1.41895 -2.13754 2.70319 1.52961 -1.45207 -1.30623 4.66298 -1.04581 -5.21213 8.01143 -1.02248 -8.95731 12.0214 -1.56588 -12.8718 16.2594 -2.82526 -16.3579 20.6227 -4.8766 -19.2651 24.9543 -7.74025 -21.4411 28.8937 -11.2066 -22.7161 32.4272 -15.2708 -23.1125 35.3673 -19.7709 -22.5975 37.556 -24.504 -21.1949 38.8697 -29.175 -19.0234 39.2989 -33.6485 -16.1839 38.8498 -37.7399 -12.8197 37.5764 -41.3012 -9.08409 35.4708 -44.3327 -4.96007 32.6937 -46.6043 -0.745984 29.3781 -48.0854 3.43065 25.6544 -48.7767 7.46637 21.2735 -48.6566 11.6065 16.6908 -47.6727 15.3982 12.0279 -45.8806 18.7734 7.39262 -43.3415 21.6741 3.86086 -40.8852 23.5729 0.449523 -38.0472 25.1287 -2.79983 -34.8648 26.3228 -5.8479 -31.3788 27.1407 -8.80455 -27.4222 27.5858 -11.459 -23.2331 27.6001 -13.7793 -18.8694 27.1893 -15.7415 -14.3895 26.3683 -17.5956 -8.9625 24.881 -18.9088 -3.53882 22.8908 -19.6882 1.80449 20.4529 -19.9543 7.00295 17.6233 -19.7086 12.3018 14.2506 -18.9615 17.3275 10.5494 -17.7558 22.0352 6.56216 -16.1295 26.3795 2.31999 -14.6413 29.3874 -1.04106 -12.9401 32.1291 -4.52637 -11.0331 34.5704 -8.12668 -8.92566 36.6701 -11.8292 -6.24055 38.6169 -16.2225 -3.30684 39.9625 -20.6816 -0.146848 40.6258 -25.1398 3.20321 40.5347 -29.5066 6.50665 39.7028 -33.4594 9.87477 38.126 -37.1198 13.2379 35.8161 -40.373 16.5194 32.8189 -43.1075 20.3861 28.2275 -45.6507 23.8546 22.8956 -47.0791 26.7852 17.076 -47.2904 -6.65003 -6.42172 -6.2427 -6.08496 -6.17292 -6.0969 -6.02558 -5.9572 -6.21288 -6.18053 -6.14752 -6.11414 -6.35471 -6.3305 -6.30516 -6.27824 -6.51705 -6.4996 -6.48374 -6.46882 -6.10094 -6.03895 -5.95743 -5.84511 -5.06145 -4.93347 -4.78068 -4.60034 -4.50882 -4.43822 -4.35424 -4.25439 -4.70468 -4.73143 -4.76032 -4.79331 -5.57101 -5.68779 -5.8142 -5.94475 -6.37851 -6.47814 -6.55926 -6.6179 -6.73858 -6.75273 -6.74776 -6.72343 -6.53422 -6.40176 -6.24532 -6.07397 -4.54506 -4.57656 -4.61253 -4.65223 -3.94819 -4.1664 -4.35643 -4.52081 -4.49824 -4.76066 -4.98162 -5.16614 -5.78474 -5.96219 -6.08518 -6.16959 -6.8104 -6.82446 -6.83374 -6.83794 -7.44124 -7.45653 -7.47751 -7.50562 -8.4906 -8.70963 -8.99033 -9.36898 -10.3017 -10.6626 -11.0286 -11.3819 -11.4863 -11.676 -11.8605 -12.0384 -11.9546 -12.1182 -12.2805 -12.4404 -12.0328 -12.1553 -12.2853 -12.4254 -11.0604 -11.0111 -10.9317 -10.7293 -6.93621
29.8342 16.3746 -49.8275 31.2001 12.3382 -48.5997 32.0832 8.38247 -46.8004 32.4553 4.62342 -44.4773 32.3057 1.17157 -41.6974 31.4797 -2.34785 -37.9745 29.9946 -5.18397 -33.8905 27.9203 -7.24501 -29.6035 25.3474 -8.47932 -25.2693 23.0974 -8.85685 -21.999 20.6619 -8.74428 -18.8437 18.0896 -8.1599 -15.8535 15.4272 -7.13006 -13.0693 12.4913 -5.56839 -10.338 9.50538 -3.62429 -7.92479 6.50119 -1.37601 -5.81793 3.50374 1.1079 -3.98372 -1.03183 5.23631 -1.62833 -5.51974 9.59998 0.366688 -9.98945 14.0571 2.18857 -14.4846 18.481 4.02844 -18.8227 22.5382 5.9719 -23.245 26.316 8.25857 -27.7576 29.6447 11.0178 -32.3187 32.3186 14.35 -36.3445 33.9525 17.853 -40.1913 34.6941 21.828 -43.6758 34.3825 26.1764 -46.5757 32.9111 30.7122 -48.7007 30.188 35.2763 -49.7554 26.3635 39.4022 -49.618 21.7124 42.7354 -48.2939 16.6201 44.9887 -45.6951 11.125 46.0247 -42.167 6.08515 45.6051 -38.0462 1.83719 43.8737 -33.645 -1.44945 41.0717 -29.8909 -3.46256 38.0748 -26.2057 -4.8212 34.6543 -22.6443 -5.60881 30.9363 -19.2268 -5.92685 27.0188 -15.4734 -5.84666 22.3635 -11.862 -5.45442 17.6129 -8.31906 -4.90204 12.8266 -4.7627 -4.33844 8.05165 -1.70113 -3.97127 4.08542 1.47246 -3.79093 0.195073 4.79412 -3.8891 -3.57267 8.28596 -4.35827 -7.15399 12.4013 -5.43087 -10.8434 16.675 -7.19605 -14.0556 20.941 -9.74245 -16.7043 25.0624 -13.0338 -18.6741 28.739 -16.8167 -19.828 32.0042 -21.1026 -20.1896 34.7213 -25.7452 -19.7174 36.7688 -30.5674 -18.4076 38.0365 -35.2967 -16.3376 38.5039 -39.8117 -13.5707 38.1522 -43.924 -10.2204 37.0033 -47.4675 -6.42794 35.0247 -50.4103 -2.17873 32.3503 -52.4906 2.19739 29.1073 -53.6554 6.52831 25.4354 -53.8985 10.6622 21.1112 -53.154 14.7966 16.6159 -51.4406 18.4302 12.099 -48.8676 21.4838 7.68518 -45.5576 23.9144 4.37904 -42.5468 25.3691 1.2329 -39.2194 26.438 -1.72438 -35.6295 27.13 -4.47074 -31.8266 27.4585 -7.1206 -27.6348 27.4288 -9.50394 -23.3037 27.034 -11.6112 -18.8755 26.296 -13.4358 -14.3874 25.2365 -15.2386 -8.99284 23.5781 -16.6266 -3.6109 21.5263 -17.6023 1.70895 19.1079 -18.1769 6.91585 16.3403 -18.3595 12.2625 13.0397 -18.1137 17.368 9.3809 -17.4497 22.1717 5.38116 -16.3751 26.6095 1.06091 -15.2845 29.6826 -2.39239 -13.9515 32.4851 -5.98789 -12.3739 34.9872 -9.70397 -10.5513 37.1571 -13.5156 -8.1361 39.2137 -18.0143 -5.40375 40.7253 -22.5475 -2.37132 41.6372 -27.0501 0.93329 41.8972 -31.4447 4.27984 41.4991 -35.4286 7.78529 40.4436 -39.1471 11.3865 38.7149 -42.5044 15.0053 36.3167 -45.3996 19.4126 32.4284 -48.2204 23.4986 27.6644 -49.984 27.0436 22.2223 -50.5466 -58.4567 -58.2254 -58.0462 -57.8909 -57.9838 -57.9149 -57.8509 -57.7887 -58.0478 -58.0161 -57.9813 -57.9435 -58.1773 -58.1452 -58.112 -58.0773 -58.3067 -58.2794 -58.2554 -58.2342 -57.8619 -57.7972 -57.7137 -57.5986 -56.81 -56.6734 -56.5068 -56.3066 -56.189 -56.087 -55.9689 -55.8349 -56.2523 -56.2497 -56.2548 -56.2692 -57.0333 -57.1397 -57.2571 -57.3794 -57.8045 -57.8949 -57.9668 -58.0164 -58.1292 -58.1365 -58.1253 -58.0952 -57.9004 -57.7623 -57.6011 -57.4279 -55.8996 -55.9331 -55.9715 -56.0127 -55.3083 -55.5235 -55.7075 -55.8629 -55.8288 -56.0777 -56.2843 -56.4545 -57.059 -57.2232 -57.3348 -57.4096 -58.0434 -58.0523 -58.0573 -58.058 -58.6583 -58.6712 -58.6903 -58.717 -59.7007 -59.9188 -60.1989 -60.5774 -61.5108 -61.8735 -62.2423 -62.5998 -62.7085 -62.9022 -63.0906 -63.2724 -63.1922 -63.3585 -63.5218 -63.6803 -63.2686 -63.3844 -63.5051 -63.6334 -62.2532 -62.1859 -62.0898 -61.874 -6.26688
