# num_vectors 23
# vector_size 401
# Iterations: 9800, stepsize: 0.031095, max step size: 1.000000, spring constant: 0.000010, global NEB Hessian: false, global NEB Linesearch: true, climbing image: false
-6.03602 -27.8245 -27.3545 -8.17462 -23.9666 -26.898 -10.0906 -20.0356 -26.1616 -11.7786 -16.0583 -25.163 -13.2357 -12.059 -23.9187 -14.6447 -7.38035 -22.171 -15.733 -2.73419 -20.132 -16.5042 1.84704 -17.8197 -16.9665 6.33008 -15.2473 -17.1169 9.68755 -13.1014 -17.0923 12.9539 -10.8144 -16.8955 16.1147 -8.39138 -16.5292 19.155 -5.8375 -15.9469 22.2834 -2.94043 -15.1734 25.2333 0.0957556 -14.2063 27.9869 3.25821 -13.0437 30.5252 6.53301 -10.8911 33.9431 11.7144 -8.27969 36.7358 17.0571 -5.21663 38.8197 22.4828 -1.72207 40.108 27.8949 1.96807 40.5157 32.9222 5.96156 40.0597 37.7077 10.1818 38.6904 42.1091 14.5236 36.3847 45.9677 18.3927 33.544 48.8153 22.1348 30.0124 50.9767 25.6204 25.8737 52.3442 28.713 21.2535 52.8314 31.3364 16.1879 52.3624 33.2755 11.0038 50.9039 34.4284 5.93761 48.5024 34.7339 1.23037 45.2603 34.1008 -3.18429 41.002 32.5168 -6.6907 36.1833 30.0848 -9.1242 31.066 26.9513 -10.3972 25.91 23.8867 -10.5568 21.7017 20.552 -9.90319 17.7546 17.0533 -8.49008 14.1643 13.4757 -6.40188 11.0073 9.31254 -3.34741 7.99001 5.1644 0.206703 5.55556 1.06909 4.09505 3.58715 -2.97375 8.18545 1.94715 -6.3486 11.6953 0.709937 -9.7254 15.2169 -0.48778 -13.1273 18.6969 -1.73514 -16.5746 22.0784 -3.12069 -20.5083 25.6725 -4.93939 -24.5294 28.9402 -7.14191 -28.6199 31.7363 -9.81559 -32.7186 33.8899 -13.0189 -36.5512 35.1754 -16.5992 -40.1357 35.5329 -20.6221 -43.2789 34.8294 -24.9564 -45.7637 32.9998 -29.3879 -47.3642 30.1346 -33.5698 -47.9753 26.3663 -37.2692 -47.5327 21.9544 -40.2014 -46.0746 17.2284 -42.15 -43.6212 12.3433 -43.0143 -40.4355 7.82893 -42.6938 -36.7663 3.92805 -41.2973 -32.8439 0.771576 -38.999 -28.4956 -1.78439 -35.6965 -24.2239 -3.48629 -31.7975 -20.1109 -4.46075 -27.4986 -16.1784 -4.86583 -22.9469 -13.2214 -4.90355 -19.2908 -10.336 -4.77509 -15.5801 -7.48643 -4.55522 -11.8459 -4.63416 -4.3178 -8.11496 -1.58076 -4.12824 -4.21172 1.56216 -4.0884 -0.375707 4.83094 -4.28682 3.34856 8.25058 -4.81244 6.90161 12.541 -5.98187 10.8165 17.0206 -7.87214 14.202 21.5144 -10.581 16.9531 25.855 -14.0851 18.9485 30.1048 -18.5685 20.1113 33.7778 -23.6691 20.1908 36.6678 -29.1516 19.1404 38.599 -34.7314 16.9842 39.3415 -38.8171 14.6789 39.4345 -42.6438 11.8671 38.877 -46.0851 8.64148 37.6937 -49.032 5.10957 35.6021 -51.7182 0.784031 32.8418 -53.5374 -3.61724 29.5398 -54.4482 -7.92627 25.8343 -54.4537 -11.9969 22.0754 -53.6593 -15.5281 18.1892 -52.1434 -18.6631 14.2753 -49.9778 -21.3502 10.4187 -47.2426 -23.5581 5.78406 -43.1482 -25.6212 1.45122 -38.4539 -26.9214 -2.50591 -33.3037 -27.4851 -4.11262 -4.04805 -3.93722 -3.81539 -3.92931 -3.85555 -3.77603 -3.69005 -3.92185 -3.86356 -3.79968 -3.73133 -3.92795 -3.86092 -3.79639 -3.73519 -3.9327 -3.89073 -3.8772 -3.90134 -3.63164 -3.71444 -3.84962 -4.02865 -3.61442 -3.80746 -3.94135 -3.98471 -4.0484 -4.05133 -3.97206 -3.8154 -4.14446 -3.98762 -3.77939 -3.53544 -4.01692 -3.88133 -3.77121 -3.6911 -3.92135 -3.86749 -3.83443 -3.81532 -3.89589 -3.9013 -3.9185 -3.95497 -3.897 -3.9811 -4.16825 -4.41645 -3.36233 -3.73866 -4.03499 -4.24751 -3.63437 -3.88294 -4.04369 -4.1229 -3.95637 -4.01174 -3.97047 -3.85258 -4.11683 -3.96036 -3.788 -3.62283 -4.06011 -3.93087 -3.80758 -3.68351 -4.14424 -4.01101 -3.86183 -3.68478 -4.39951 -4.20555 -3.9762 -3.75126 -4.07627 -3.87485 -3.82195 -3.87961 -3.80247 -3.87995 -3.98283 -4.10304 -3.98501 -4.12469 -4.27705 -4.43737 -4.05763 -4.1964 -4.3476 -4.51652 -3.26598 -3.38631 -4.0273 -1.48566 -0.676097
-9.65953 -27.2397 -25.4262 -12.0453 -23.5017 -25.3968 -13.9886 -19.5415 -24.9438 -15.4707 -15.4464 -24.1078 -16.5374 -11.298 -22.9596 -17.3452 -6.44663 -21.3044 -17.7752 -1.64372 -19.3872 -17.8865 3.08376 -17.2501 -17.6951 7.70724 -14.9016 -17.3353 11.1639 -12.9466 -16.7906 14.5196 -10.8629 -16.0725 17.7636 -8.6582 -15.1984 20.8877 -6.33961 -14.0907 24.1044 -3.70438 -12.804 27.1112 -0.907694 -11.3215 29.8391 2.0721 -9.64504 32.237 5.22776 -6.78067 35.2763 10.2993 -3.70221 37.7976 15.5269 -0.394137 39.714 20.8697 3.26492 40.4466 26.2767 6.98312 39.716 31.2463 10.7531 37.8639 35.8737 14.51 35.1991 40.0976 18.1861 31.6591 43.7046 21.2565 27.6951 46.1555 24.0168 23.1261 47.7841 26.4366 18.1615 48.5873 28.4859 12.9706 48.5336 30.1461 7.57668 47.5791 31.3204 2.27025 45.7833 31.9536 -2.78347 43.1715 31.9454 -7.34142 39.7093 31.1913 -11.4293 35.1548 29.8002 -14.6352 30.0743 27.8465 -17.0083 24.7288 25.2361 -18.3135 19.2969 22.5061 -18.3316 14.8614 19.4081 -17.3366 10.7947 16.0677 -15.4512 7.27135 12.5907 -12.8065 4.4355 8.58045 -9.01792 2.12702 4.67878 -4.72163 0.683625 0.872424 -0.200247 -0.22938 -2.90617 4.3983 -0.812788 -6.08004 8.2832 -1.08232 -9.2799 12.1524 -1.2513 -12.5648 15.9431 -1.53299 -15.9843 19.5727 -2.14224 -19.9744 23.3616 -3.33413 -24.0899 26.7806 -5.08693 -28.2737 29.6818 -7.49027 -32.3962 31.8084 -10.6809 -36.0902 32.9124 -14.4619 -39.351 33.0378 -18.7644 -42.0417 32.1781 -23.3667 -44.0039 30.3114 -28.0384 -45.0768 27.5336 -32.442 -45.2362 23.9774 -36.39 -44.4871 19.8431 -39.6466 -42.8651 15.3564 -41.9913 -40.3656 10.599 -43.3142 -37.2423 6.03363 -43.4956 -33.691 1.89242 -42.5633 -29.8975 -1.56188 -40.4879 -25.7617 -4.2762 -37.0422 -21.8438 -5.93116 -32.7693 -18.1717 -6.79613 -28.0669 -14.7505 -6.96604 -23.1058 -12.3085 -6.55877 -19.108 -10.0698 -5.70485 -15.062 -7.96521 -4.52184 -11.0268 -5.8857 -3.16063 -7.03501 -3.6057 -1.6859 -2.88525 -1.11904 -0.344874 1.19053 1.69156 0.660826 5.15067 4.88792 1.16525 8.90866 9.15357 1.05743 13.0188 13.7482 0.249952 16.6709 18.5377 -1.39101 19.7479 23.3034 -4.17374 21.9029 27.9228 -8.32657 22.8659 31.8801 -13.2061 22.6589 35.2136 -18.4373 21.6415 37.7203 -23.8964 19.7902 38.7735 -28.0334 17.7083 38.9796 -31.9814 15.0761 38.3671 -35.575 12.0316 37.0566 -38.7298 8.73189 34.8382 -41.808 4.744 32.0366 -44.2743 0.698147 28.7567 -46.1087 -3.32402 25.0597 -47.2458 -7.24059 21.2326 -47.6201 -10.768 17.174 -47.275 -14.0295 12.9819 -46.1668 -16.9324 8.78489 -44.2612 -19.3782 3.73703 -40.8748 -21.7343 -1.01826 -36.7677 -23.472 -5.53081 -32.2391 -24.7479 -0.170107 -0.512309 -0.553682 -0.464012 -0.550648 -0.415643 -0.2683 -0.121942 -0.310615 -0.220107 -0.126363 -0.0299985 -0.202565 -0.120964 -0.0551195 -0.00114157 -0.206954 -0.156416 -0.142334 -0.219088 -0.051973 -0.217863 -0.375121 -0.56427 -0.165025 -0.326769 -0.378014 -0.329857 -0.313012 -0.24612 -0.116366 0.0714732 -0.230401 -0.0573355 0.131141 0.341363 -0.147468 -0.00348448 0.116184 0.214914 0.0276169 0.123948 0.164658 0.180398 0.119706 0.136944 0.114347 0.0358619 0.0400466 -0.0793825 -0.300486 -0.571195 0.517415 0.209786 -0.0293452 -0.205948 0.429219 0.188915 0.0246499 -0.0607104 0.0977508 0.0227369 0.0441944 0.175664 -0.0477482 0.123434 0.276098 0.433452 0.0100902 0.148724 0.272485 0.390719 -0.0797392 0.0414302 0.182907 0.363197 -0.351123 -0.22403 -0.0856016 0.148583 -0.0414938 0.179302 0.138836 0.0668371 0.228106 0.239857 0.21325 0.149665 0.31357 0.213954 0.104598 -0.000210917 0.444749 0.375482 0.303919 0.231932 1.59408 1.50305 0.915367 -0.83434 -4.96736
-8.57171 -31.4853 -27.1285 -12.2487 -29.015 -26.9214 -15.4922 -26.0627 -26.267 -18.2166 -22.7232 -25.2228 -20.4153 -19.1147 -23.8776 -22.3736 -14.6795 -22.0276 -23.7629 -10.1191 -19.9778 -24.6502 -5.49441 -17.7976 -25.0462 -0.84398 -15.5293 -24.997 2.72072 -13.7432 -24.636 6.25502 -11.9326 -23.9793 9.73889 -10.1075 -23.0545 13.1546 -8.2697 -21.7758 16.7381 -6.25928 -20.1983 20.1665 -4.19134 -18.2984 23.3729 -2.04008 -16.0773 26.3029 0.196049 -12.1677 30.2325 3.7223 -7.88573 33.6892 7.3109 -3.29076 36.583 11.0088 1.71851 38.3554 14.8723 6.75074 38.6365 18.5674 11.8146 37.7713 22.1262 16.7984 36.0742 25.4933 21.5876 33.4911 28.567 25.5341 30.3242 30.9214 29.0484 26.425 32.8172 32.0732 21.9443 34.2035 34.5493 17.01 35.0212 36.4573 11.6177 35.2346 37.6724 6.03965 34.8211 38.0473 0.434207 33.7254 37.361 -4.92746 31.8431 35.4117 -10.0397 28.999 32.5086 -14.2889 25.602 28.8562 -17.6172 21.9134 24.4369 -19.6546 18.1264 20.2287 -20.0119 15.0785 15.8628 -19.0896 12.3925 11.5804 -17.07 10.2227 7.55752 -14.1414 8.68458 3.44434 -9.8992 7.76276 -0.108459 -5.09272 7.56352 -3.37505 -0.0850355 7.69401 -6.64957 4.9167 7.85157 -9.4904 9.05979 7.90438 -12.4473 13.1191 7.77363 -15.5785 17.0144 7.2631 -18.9243 20.6034 6.18478 -22.884 24.0992 4.2359 -26.9423 26.9557 1.57734 -30.9388 29.0863 -1.7673 -34.6481 30.2978 -5.82577 -37.694 30.4398 -10.2825 -40.0862 29.5944 -15.0493 -41.7573 27.8638 -19.8838 -42.6356 25.3334 -24.5727 -42.6631 22.1533 -28.8324 -41.8744 18.4239 -32.5377 -40.3465 14.2931 -35.5143 -38.1734 9.91833 -37.6115 -35.3531 5.2998 -38.7716 -32.1271 0.804245 -38.8853 -28.663 -3.40238 -37.9182 -25.1521 -7.10845 -35.7808 -21.5223 -10.3345 -32.2084 -18.2373 -12.689 -27.7349 -15.2846 -14.2985 -22.7313 -12.7024 -15.1141 -17.3449 -11.0234 -15.0723 -12.9528 -9.63815 -14.4275 -8.50576 -8.4565 -13.2706 -4.10385 -7.34641 -11.731 0.198298 -6.10146 -9.82562 4.60438 -4.58075 -7.77736 8.85712 -2.54677 -5.756 12.9032 0.158528 -3.92574 16.6348 4.22549 -2.11461 20.5438 8.9766 -0.76272 23.8148 14.3096 -0.0935479 26.3071 20.0753 -0.52303 27.5999 26.0952 -2.31322 27.3399 31.5195 -5.04733 25.7231 36.2839 -8.30645 23.2346 40.1553 -12.0054 19.9418 42.131 -15.0492 16.8775 43.1235 -18.1631 13.4313 43.1707 -21.2006 9.78038 42.432 -24.0726 6.07032 40.7996 -27.1457 1.80521 38.5121 -29.9285 -2.35701 35.6742 -32.404 -6.37182 32.3383 -34.5414 -10.1933 28.7457 -36.2137 -13.5882 24.7543 -37.4773 -16.7029 20.3831 -38.2252 -19.4528 15.697 -38.3473 -21.7449 9.5978 -37.6161 -23.9279 3.44253 -36.1794 -25.5244 -2.66984 -34.2131 -26.6527 0.296608 -0.0413246 -0.23214 -0.282653 -0.48215 -0.429305 -0.335145 -0.222915 -0.430527 -0.349276 -0.258939 -0.161223 -0.3283 -0.236813 -0.158093 -0.0886315 -0.272029 -0.198381 -0.172191 -0.249411 -0.0989006 -0.303196 -0.518903 -0.783037 -0.454849 -0.665685 -0.750485 -0.722914 -0.716605 -0.659775 -0.545804 -0.374389 -0.680938 -0.485042 -0.237747 0.0850733 -0.229821 0.10923 0.405421 0.644877 0.571174 0.732922 0.770915 0.731094 0.598914 0.547637 0.455829 0.305147 0.234096 0.0621991 -0.137051 -0.31855 0.867818 0.637652 0.458505 0.32463 0.986485 0.761307 0.601887 0.509445 0.64938 0.548139 0.535448 0.613966 0.31475 0.413949 0.52231 0.653756 0.213247 0.341417 0.46026 0.577073 0.107997 0.238415 0.401122 0.606289 -0.100924 -0.00508279 0.0643435 0.147321 -0.282416 -0.221746 -0.32161 -0.431874 -0.297217 -0.29515 -0.322992 -0.384609 -0.217103 -0.312765 -0.424444 -0.545461 -0.131723 -0.244905 -0.380464 -0.556052 0.622964 0.321395 -0.16534 -0.79755 -4.49562
-6.14291 -33.8081 -26.594 -10.402 -32.7454 -25.9649 -14.3362 -30.9764 -24.9365 -17.8096 -28.5766 -23.5794 -20.7663 -25.6798 -21.9884 -23.5794 -21.8306 -19.9391 -25.7614 -17.6442 -17.7848 -27.3623 -13.2191 -15.5975 -28.3704 -8.61125 -13.4341 -28.7043 -4.97965 -11.8217 -28.6423 -1.30434 -10.2764 -28.1993 2.37807 -8.81236 -27.4079 6.03377 -7.43062 -26.1881 9.9114 -6.01827 -24.5817 13.6668 -4.66365 -22.5623 17.2323 -3.34948 -20.1332 20.5479 -2.07481 -15.7645 25.0924 -0.22434 -10.9224 29.1677 1.53881 -5.70199 32.7102 3.37173 0.0112841 35.2128 5.435 5.78908 36.258 7.5752 11.6416 36.1786 9.76548 17.4227 35.2583 11.9538 22.9957 33.4252 14.1073 27.6152 30.8802 15.9325 31.7516 27.5268 17.6036 35.3047 23.4836 19.0786 38.1683 18.852 20.3016 40.3025 13.6243 21.2391 41.5596 8.07441 21.8559 41.74 2.36214 22.1712 40.5429 -3.23502 22.1513 37.6994 -8.68942 21.719 33.6828 -13.3028 20.9393 28.8273 -16.9777 19.9691 23.2061 -19.2988 18.9501 18.0856 -19.8041 18.1435 12.9963 -18.9412 17.4502 8.22646 -16.9192 16.915 3.96199 -13.9477 16.5823 -0.148408 -9.60515 16.4787 -3.48693 -4.64454 16.5839 -6.46404 0.541371 16.6713 -9.48021 5.70299 16.5134 -12.148 9.9375 16.0772 -14.9534 14.0256 15.2675 -17.9283 17.8552 13.9551 -21.0971 21.2528 12.0438 -24.8283 24.3751 9.21049 -28.6119 26.7187 5.76242 -32.252 28.247 1.74843 -35.4959 28.8191 -2.81747 -38.0051 28.3583 -7.57683 -39.8044 26.9602 -12.4725 -40.8487 24.7653 -17.2945 -41.0803 21.8966 -21.8637 -40.4752 18.5262 -25.9298 -39.0938 14.7385 -29.3945 -37.0488 10.6526 -32.1115 -34.458 6.39323 -33.9567 -31.315 1.93357 -34.8856 -27.8829 -2.40769 -34.8161 -24.3496 -6.5261 -33.7274 -20.9282 -10.286 -31.5394 -17.555 -13.7891 -27.9763 -14.6267 -16.6292 -23.5373 -12.0847 -18.8907 -18.5604 -9.95203 -20.5292 -13.1647 -8.63805 -21.2476 -8.70728 -7.61844 -21.4274 -4.1204 -6.80017 -21.1001 0.498557 -6.05515 -20.3394 5.07872 -5.20095 -19.1382 9.81385 -4.08031 -17.5679 14.3824 -2.46425 -15.6536 18.6623 -0.205284 -13.4482 22.4868 3.28983 -10.5589 26.2995 7.45756 -7.56897 29.2645 12.2712 -4.70584 31.1963 17.6787 -2.31814 31.5924 23.5413 -0.647644 30.0588 28.9782 0.17243 27.0125 33.8672 0.333612 23.0648 37.9955 -0.278484 18.3642 40.2726 -1.41187 14.3532 41.6453 -3.10006 10.1314 42.1324 -5.22065 5.90959 41.8767 -7.63655 1.82838 40.8386 -10.6699 -2.64617 39.1635 -13.8388 -6.82385 36.9436 -17.0554 -10.7001 34.2242 -20.2573 -14.2572 31.1986 -23.2262 -17.3004 27.7188 -26.0455 -19.9783 23.7429 -28.57 -22.225 19.2793 -30.6318 -23.9727 13.1968 -32.4487 -25.4565 6.84275 -33.5964 -26.3559 0.363301 -34.1686 -26.7912 0.0766814 -0.0950529 -0.232789 -0.295065 -0.530865 -0.519494 -0.461992 -0.380969 -0.611628 -0.546676 -0.469093 -0.380744 -0.55365 -0.462656 -0.379076 -0.299869 -0.466423 -0.374968 -0.338492 -0.409495 -0.258051 -0.481256 -0.750508 -1.10939 -0.881313 -1.15163 -1.25886 -1.23171 -1.21474 -1.14304 -1.0152 -0.836578 -1.14346 -0.943026 -0.668086 -0.257152 -0.345143 0.327331 0.893919 1.26442 1.224 1.36017 1.35382 1.26268 1.07785 0.983248 0.863945 0.703692 0.633398 0.472297 0.307335 0.172877 1.39774 1.19396 1.03681 0.923492 1.6031 1.39176 1.24212 1.15578 1.29861 1.19427 1.16353 1.20092 0.843301 0.887108 0.950912 1.04031 0.566793 0.675744 0.7859 0.902278 0.440703 0.589867 0.779407 1.00228 0.282213 0.330606 0.323222 0.264897 -0.36758 -0.469833 -0.657263 -0.838123 -0.772195 -0.82163 -0.887204 -0.973893 -0.824432 -0.933241 -1.05603 -1.19103 -0.79605 -0.930762 -1.09018 -1.29195 -0.128021 -0.356462 -0.630298 -0.930978 -4.0903
-2.64174 -34.9495 -26.9847 -6.97754 -35.1496 -26.0759 -11.1681 -34.5274 -24.7656 -15.0431 -33.1152 -23.1359 -18.4977 -31.0338 -21.2926 -21.9597 -27.9322 -18.9853 -24.815 -24.2979 -16.6258 -27.0785 -20.2456 -14.3054 -28.7064 -15.8329 -12.1129 -29.466 -12.2327 -10.5763 -29.7736 -8.49994 -9.20816 -29.6406 -4.69274 -8.03032 -29.1029 -0.86689 -7.04368 -28.1023 3.22771 -6.1768 -26.6681 7.22654 -5.49058 -24.7823 11.0593 -4.96855 -22.4558 14.6611 -4.60431 -18.2003 19.6591 -4.33469 -13.4404 24.1871 -4.28349 -8.2613 28.2272 -4.15422 -2.51066 31.36 -3.62748 3.40246 33.1512 -2.68796 9.48178 33.9021 -1.44935 15.5598 33.8114 0.00162555 21.4837 32.7335 1.67562 26.4349 30.7688 3.34097 30.8898 27.9082 5.10679 34.7204 24.2737 6.91353 37.7819 19.9545 8.67974 40.0024 14.9505 10.3505 41.2428 9.57307 11.8694 41.3607 4.04114 13.3343 40.0963 -1.34989 14.7834 37.175 -6.59056 16.2061 33.069 -11.0348 17.3947 28.1411 -14.5843 18.4625 22.5002 -16.8223 19.5555 17.3988 -17.3046 20.488 12.3316 -16.4675 21.3532 7.56376 -14.5103 22.1036 3.274 -11.6251 22.7361 -0.901591 -7.38504 23.3278 -4.34636 -2.51504 23.7533 -7.47937 2.57681 23.9011 -10.7131 7.59815 23.5953 -13.6045 11.6412 22.8657 -16.6415 15.4448 21.6218 -19.8133 18.8803 19.7848 -23.1058 21.7699 17.3255 -26.8644 24.2037 13.9127 -30.5493 25.7749 9.95656 -33.9468 26.5075 5.52726 -36.7798 26.3321 0.665034 -38.7413 25.2584 -4.25017 -39.8839 23.3799 -9.18228 -40.2141 20.8512 -13.9422 -39.7159 17.8088 -18.3757 -38.4107 14.426 -22.2631 -36.3824 10.7568 -25.5314 -33.7838 6.86794 -28.058 -30.7666 2.82682 -29.7386 -27.3239 -1.43194 -30.5393 -23.7212 -5.63088 -30.3956 -20.1291 -9.69558 -29.2979 -16.756 -13.5356 -27.175 -13.5408 -17.3177 -23.7538 -10.8305 -20.6104 -19.4925 -8.49221 -23.4238 -14.7005 -6.47498 -25.6614 -9.47849 -5.1618 -26.861 -5.12554 -4.06777 -27.5096 -0.598517 -3.11849 -27.6042 4.00599 -2.20795 -27.185 8.60021 -1.17296 -26.22 13.3533 0.0743197 -24.7054 17.9079 1.67362 -22.6001 22.1035 3.69714 -19.9162 25.7499 6.60704 -16.1052 29.2298 9.91712 -11.8904 31.7556 13.624 -7.48603 33.1559 17.6901 -3.18183 32.9552 22.0223 0.820645 30.7816 25.9992 4.03958 27.1298 29.5853 6.52773 22.6063 32.6914 8.0616 17.3611 34.5008 8.30221 12.9763 35.7109 7.68029 8.42585 36.319 6.28466 3.92691 36.4128 4.27447 -0.375247 35.9946 1.36788 -5.03113 35.1013 -1.97428 -9.31278 33.7694 -5.61275 -13.2228 32.0073 -9.45753 -16.7461 29.9291 -13.2296 -19.6925 27.4027 -17.0369 -22.2126 24.3332 -20.7314 -24.2516 20.6692 -24.1272 -25.759 15.391 -27.7729 -26.9207 9.66378 -30.8354 -27.4867 3.65347 -33.3592 -27.5685 -0.193723 -0.27167 -0.353584 -0.397481 -0.63871 -0.646245 -0.611519 -0.552594 -0.800327 -0.747911 -0.680525 -0.600041 -0.778147 -0.687891 -0.6006 -0.513789 -0.667628 -0.563756 -0.525215 -0.602235 -0.452927 -0.671628 -0.952712 -1.36946 -1.2153 -1.52215 -1.63424 -1.5992 -1.56867 -1.47648 -1.32285 -1.12294 -1.42139 -1.22644 -0.971618 -0.587656 -0.580947 0.47685 1.37036 1.82263 1.761 1.84858 1.79601 1.65775 1.42491 1.28882 1.13769 0.957693 0.877113 0.718226 0.580517 0.492772 1.76591 1.60063 1.47266 1.38216 2.08041 1.88373 1.74284 1.65752 1.79404 1.67689 1.62398 1.62482 1.21903 1.2191 1.25822 1.34302 0.878561 1.00186 1.12997 1.26608 0.824065 0.986825 1.17298 1.36679 0.591928 0.57356 0.486216 0.316619 -0.440901 -0.636773 -0.879332 -1.11125 -1.10059 -1.19716 -1.30201 -1.41757 -1.28947 -1.41165 -1.54019 -1.67621 -1.27943 -1.4091 -1.55871 -1.74208 -0.53495 -0.673036 -0.829025 -0.991726 -3.74592
-0.283588 -32.3126 -24.2662 -4.50501 -33.2751 -23.3079 -8.75894 -33.4083 -22.0623 -12.8845 -32.6942 -20.601 -16.7522 -31.2113 -19.0177 -20.8517 -28.6602 -17.1166 -24.4474 -25.4178 -15.2493 -27.4943 -21.6081 -13.4797 -29.8879 -17.292 -11.8765 -31.1834 -13.6743 -10.8117 -31.9573 -9.86393 -9.92756 -32.2086 -5.94442 -9.23907 -31.9712 -1.99534 -8.74085 -31.2042 2.2251 -8.39719 -29.9151 6.32749 -8.23262 -28.0922 10.2257 -8.23287 -25.7587 13.838 -8.38667 -21.3976 18.7269 -8.87891 -16.4792 23.0306 -9.54968 -11.1278 26.7875 -10.1904 -5.20453 29.5988 -10.606 0.873078 31.048 -10.7425 7.10992 31.4384 -10.6674 13.3366 31.0082 -10.3517 19.4002 29.6453 -9.69492 24.4679 27.4866 -8.79702 29.0405 24.5106 -7.62132 33.0037 20.8738 -6.13328 36.2073 16.6869 -4.30172 38.5668 11.9466 -2.12822 39.9629 6.94943 0.288725 40.3287 1.94379 3.04041 39.4573 -2.7452 6.20516 37.0852 -7.08642 9.88618 33.5848 -10.6014 13.5488 29.317 -13.2777 17.105 24.408 -14.7632 20.5282 19.9186 -14.7633 23.1686 15.3626 -13.6186 25.4179 10.932 -11.5367 27.196 6.74904 -8.71143 28.4795 2.36682 -4.73665 29.3523 -1.57896 -0.253098 29.658 -5.31996 4.40811 29.4509 -9.09163 8.98145 28.6609 -12.3245 12.6294 27.4445 -15.5874 16.0094 25.6647 -18.8575 18.9996 23.2974 -22.1141 21.4612 20.3695 -25.6954 23.4908 16.5285 -29.1145 24.7496 12.2363 -32.2262 25.2272 7.56854 -34.8197 24.8268 2.58745 -36.6403 23.562 -2.33656 -37.7403 21.512 -7.20971 -38.1168 18.8116 -11.8708 -37.7465 15.5733 -16.1762 -36.6405 11.9627 -19.9178 -34.8655 8.03909 -23.0345 -32.5439 3.89244 -25.4167 -29.798 -0.386549 -26.9688 -26.6108 -4.85852 -27.6573 -23.2254 -9.23045 -27.4213 -19.8007 -13.4161 -26.2454 -16.5269 -17.3047 -24.0566 -13.3273 -21.0475 -20.5781 -10.5508 -24.2216 -16.2697 -8.10317 -26.8536 -11.4295 -5.96386 -28.8397 -6.15456 -4.55722 -29.7809 -1.76741 -3.37857 -30.1142 2.77255 -2.36115 -29.8427 7.35543 -1.40679 -29.0167 11.8852 -0.361837 -27.5921 16.519 0.843979 -25.6045 20.8996 2.33621 -23.037 24.8714 4.18483 -19.9242 28.2606 6.81534 -15.6577 31.4194 9.79089 -11.0404 33.6392 13.1075 -6.27007 34.7988 16.7571 -1.6126 34.5016 20.7281 2.79151 32.4166 24.4933 6.46329 28.9735 27.9697 9.47052 24.6858 31.0431 11.6275 19.6445 32.9079 12.413 15.3476 34.25 12.3647 10.7919 35.0383 11.5224 6.18462 35.316 10.0127 1.68998 35.0805 7.60756 -3.25574 34.3367 4.67515 -7.85448 33.1414 1.32988 -12.0593 31.5147 -2.36623 -15.8001 29.5693 -6.13236 -18.8432 27.2005 -10.0512 -21.3454 24.3529 -13.9802 -23.2646 21.0045 -17.7651 -24.565 16.2347 -22.1375 -25.3593 11.0738 -26.119 -25.4741 5.60503 -29.6505 -25.1247 -0.309511 -0.318089 -0.354947 -0.382683 -0.630732 -0.662059 -0.660078 -0.639022 -0.922539 -0.900949 -0.862641 -0.808322 -1.00942 -0.937541 -0.864365 -0.788564 -0.95259 -0.852659 -0.799719 -0.838554 -0.644768 -0.8541 -1.19856 -1.75775 -1.72047 -2.03699 -2.09522 -1.99124 -1.90312 -1.77018 -1.58795 -1.37472 -1.68755 -1.54163 -1.3626 -1.09018 -1.09794 0.924117 2.20599 2.47988 2.23057 2.18902 2.07446 1.91163 1.66359 1.5159 1.36255 1.19608 1.14309 1.0148 0.896547 0.809775 2.07115 1.88919 1.74223 1.63045 2.30597 2.08719 1.9265 1.82401 1.94519 1.81518 1.75508 1.7581 1.3637 1.37823 1.42969 1.52574 1.07074 1.20001 1.33038 1.46433 1.01481 1.16264 1.32594 1.4927 0.690808 0.64875 0.536229 0.336596 -0.44866 -0.661846 -0.912002 -1.14915 -1.14448 -1.24568 -1.35217 -1.46527 -1.33181 -1.44965 -1.57991 -1.72506 -1.34248 -1.48912 -1.65858 -1.86288 -0.66932 -0.789949 -0.889636 -0.962014 -3.50569
-0.830536 -29.2679 -22.7319 -5.05557 -30.233 -21.7922 -9.33466 -30.4033 -20.6409 -13.5247 -29.755 -19.3415 -17.5049 -28.3552 -17.9762 -21.7958 -25.9087 -16.3852 -25.6347 -22.7642 -14.8676 -28.9573 -19.0314 -13.4691 -31.635 -14.7582 -12.2453 -33.1357 -11.146 -11.4707 -34.0895 -7.3212 -10.87 -34.4847 -3.37526 -10.4539 -34.3484 0.602762 -10.2162 -33.6379 4.8464 -10.1445 -32.3466 8.95 -10.2523 -30.4622 12.8085 -10.5337 -28.0144 16.3197 -10.9785 -23.412 20.9127 -11.9191 -18.2262 24.7912 -13.0268 -12.6351 28.0591 -14.1328 -6.55084 30.3335 -15.1177 -0.416398 31.2199 -15.917 5.79627 31.0296 -16.5672 11.9644 30.0913 -16.9286 17.976 28.3896 -16.784 23.0276 26.1021 -16.1551 27.6417 23.1591 -15.0613 31.7352 19.7325 -13.4337 35.172 15.9612 -11.1724 37.8637 11.8537 -8.2321 39.6766 7.6547 -4.7906 40.5667 3.58379 -0.866642 40.345 -0.0648254 3.53792 38.7661 -3.25969 8.57012 36.0786 -5.70938 13.55 32.6051 -7.49686 18.3211 28.4162 -8.40597 22.7539 24.3722 -8.25242 26.0325 20.0264 -7.24999 28.7225 15.5458 -5.54035 30.7541 11.0586 -3.26682 32.1043 6.0355 -0.104592 32.8348 1.22481 3.44815 32.8165 -3.42282 7.15531 32.1671 -7.95614 10.825 30.8452 -11.6398 13.7743 29.1216 -15.1627 16.5102 26.8101 -18.504 18.921 23.9357 -21.6545 20.9025 20.5613 -24.94 22.5499 16.2964 -27.9497 23.5776 11.6505 -30.6406 23.9147 6.71662 -32.9047 23.4143 1.58613 -34.5558 22.072 -3.37696 -35.6431 19.9362 -8.21601 -36.1585 17.0913 -12.7768 -36.0811 13.599 -16.8949 -35.4098 9.61656 -20.3515 -34.1804 5.22875 -23.0892 -32.4604 0.578956 -25.0075 -30.3241 -4.18423 -26.0112 -27.7549 -9.08608 -26.0473 -24.9544 -13.7673 -25.1122 -22.0464 -18.0923 -23.2499 -19.164 -21.8962 -20.4476 -16.2054 -25.273 -16.424 -13.4994 -27.8593 -11.698 -10.9991 -29.7773 -6.55834 -8.68693 -30.9811 -1.12226 -7.0445 -31.2819 3.2736 -5.54508 -30.9667 7.71927 -4.14545 -30.062 12.1163 -2.77734 -28.641 16.3849 -1.28871 -26.6509 20.6765 0.344569 -24.1823 24.6555 2.22378 -21.2399 28.1775 4.39911 -17.8693 31.0931 7.33604 -13.4314 33.6971 10.5421 -8.7508 35.4041 14.0185 -4.00586 36.112 17.7519 0.548411 35.4635 21.7529 4.80884 33.1498 25.5309 8.3587 29.5948 29.0156 11.2799 25.2546 32.0863 13.3959 20.1943 33.9427 14.1944 15.8962 35.2717 14.1986 11.3364 36.0351 13.437 6.71093 36.2659 12.0218 2.18301 35.9418 9.73237 -2.81238 35.076 6.91444 -7.46107 33.7288 3.67347 -11.7015 31.9188 0.0657514 -15.4444 29.7738 -3.62598 -18.4442 27.1973 -7.46842 -20.858 24.1616 -11.3142 -22.6534 20.6677 -15.0153 -23.8039 15.7833 -19.2943 -24.38 10.561 -23.1946 -24.2549 5.06287 -26.6527 -23.6953 -0.355203 -0.34618 -0.37039 -0.392731 -0.642809 -0.683663 -0.696713 -0.694621 -0.997248 -0.992935 -0.971564 -0.932828 -1.14762 -1.08638 -1.02069 -0.949848 -1.11699 -1.01564 -0.95078 -0.962281 -0.735634 -0.94717 -1.37657 -2.04996 -2.00724 -2.25025 -2.2319 -2.06111 -1.92369 -1.7618 -1.56314 -1.33858 -1.65008 -1.52531 -1.39006 -1.18771 -1.33565 1.00147 2.49472 2.69932 2.38545 2.29875 2.16838 2.01021 1.77125 1.63241 1.49261 1.35016 1.33256 1.24133 1.14563 1.05755 2.29955 2.08879 1.90592 1.75232 2.38471 2.12684 1.93379 1.80532 1.90447 1.75537 1.68214 1.68541 1.30897 1.34907 1.41973 1.5318 1.0948 1.24028 1.38237 1.52161 1.07187 1.21461 1.36857 1.52369 0.71031 0.659682 0.540862 0.335528 -0.453545 -0.666967 -0.914082 -1.14679 -1.13805 -1.23546 -1.33753 -1.44566 -1.30703 -1.42069 -1.54915 -1.69554 -1.31756 -1.47183 -1.65162 -1.86851 -0.689544 -0.820194 -0.916339 -0.971111 -3.44687
-1.05337 -28.4259 -25.3908 -5.29762 -29.3892 -24.5402 -9.58451 -29.5831 -23.4221 -13.7743 -28.9863 -22.0976 -17.7522 -27.6651 -20.6496 -22.0461 -25.3392 -18.8944 -25.9015 -22.3329 -17.1545 -29.2581 -18.7397 -15.4959 -31.9906 -14.5914 -13.9951 -33.5489 -11.0556 -13.0101 -34.5722 -7.28537 -12.2114 -35.0456 -3.37065 -11.6194 -34.9923 0.597957 -11.2359 -34.3735 4.85247 -11.0494 -33.1751 8.98525 -11.0964 -31.3838 12.8876 -11.3811 -29.0286 16.4518 -11.8984 -24.5667 21.1291 -13.0719 -19.5212 25.0859 -14.5032 -14.0672 28.4506 -15.9507 -8.10136 30.8791 -17.2441 -2.03888 31.974 -18.2944 4.15039 32.0399 -19.1574 10.3471 31.4123 -19.6705 16.4561 30.0998 -19.5566 21.6621 28.2278 -18.8208 26.49 25.7544 -17.5091 30.8506 22.8524 -15.5827 34.6007 19.6615 -12.9554 37.6489 16.1874 -9.57887 39.8446 12.6317 -5.66757 41.1485 9.1887 -1.28492 41.3754 6.10731 3.53331 40.2956 3.38587 8.96016 38.0888 1.24224 14.3042 35.0544 -0.40248 19.4141 31.2191 -1.37958 24.1426 27.3497 -1.49428 27.627 23.028 -0.946154 30.4816 18.415 0.162552 32.6306 13.6516 1.72534 34.0427 8.15846 3.97351 34.775 2.76436 6.55492 34.7033 -2.50651 9.28293 33.9678 -7.63542 12.0056 32.5372 -11.7658 14.2045 30.7088 -15.6691 16.2439 28.2914 -19.3104 18.0267 25.3247 -22.6716 19.4686 21.8806 -26.0908 20.6324 17.5617 -29.1487 21.291 12.8804 -31.8308 21.3415 7.9305 -34.0462 20.62 2.8051 -35.6212 19.1271 -2.13966 -36.6157 16.8894 -6.95258 -37.0392 13.9582 -11.468 -36.8868 10.3644 -15.4956 -36.1652 6.2632 -18.7999 -34.9099 1.75454 -21.3208 -33.1891 -2.99949 -22.9631 -31.0834 -7.83447 -23.6325 -28.5851 -12.7594 -23.2661 -25.8862 -17.3958 -21.9059 -23.0796 -21.5992 -19.6509 -20.2608 -25.204 -16.5381 -17.3035 -28.2927 -12.2883 -14.5283 -30.5476 -7.43443 -11.8772 -32.1235 -2.25423 -9.28817 -33.0021 3.11897 -7.3152 -33.0747 7.38673 -5.38927 -32.5583 11.6453 -3.49231 -31.4785 15.8103 -1.58645 -29.9063 19.8113 0.482163 -27.7807 23.7858 2.66939 -25.1993 27.4116 5.02491 -22.1627 30.546 7.55235 -18.7091 33.0518 10.7282 -14.1745 35.1618 14.0028 -9.39153 36.3871 17.3852 -4.53339 36.6289 20.8302 0.16336 35.5461 24.3197 4.63465 32.8362 27.4608 8.45228 28.9539 30.2813 11.6511 24.3359 32.7301 14.0042 19.0464 34.1778 14.9388 14.6205 35.1716 15.0395 9.97716 35.6864 14.3361 5.3083 35.7595 12.9407 0.768941 35.3581 10.6272 -4.2097 34.5025 7.74839 -8.82283 33.2202 4.43628 -13.0283 31.5064 0.769577 -16.7591 29.4695 -2.96308 -19.7836 27.0044 -6.8375 -22.2616 24.0615 -10.7055 -24.1608 20.6197 -14.4078 -25.4553 15.7327 -18.6456 -26.2671 10.4553 -22.4699 -26.4212 4.89007 -25.8534 -26.1377 -0.39075 -0.394535 -0.427129 -0.45285 -0.702391 -0.740128 -0.748958 -0.74185 -1.03939 -1.03074 -1.00547 -0.963356 -1.17484 -1.10943 -1.03771 -0.958884 -1.115 -1.00491 -0.939749 -0.953733 -0.719966 -0.907984 -1.30534 -1.94699 -1.8837 -2.12229 -2.1043 -1.93105 -1.78833 -1.62074 -1.41543 -1.18087 -1.48011 -1.34755 -1.21201 -1.01215 -1.21771 0.532707 2.28378 2.63932 2.37809 2.31293 2.19409 2.04332 1.80691 1.66763 1.52697 1.3861 1.37318 1.28646 1.19281 1.10502 2.34727 2.13403 1.94312 1.77734 2.39743 2.12943 1.92815 1.79267 1.8856 1.73074 1.65191 1.6509 1.2741 1.31762 1.3939 1.51758 1.09916 1.26445 1.42519 1.57967 1.14163 1.29127 1.4449 1.59194 0.764657 0.698986 0.564995 0.340347 -0.470943 -0.702335 -0.961212 -1.20588 -1.21061 -1.32024 -1.43394 -1.55271 -1.42405 -1.54491 -1.67501 -1.81755 -1.43232 -1.57736 -1.7453 -1.94741 -0.752286 -0.875278 -0.978926 -1.05174 -3.51026
1.11379 -29.1684 -24.8183 -3.07204 -30.286 -23.8723 -7.32535 -30.5824 -22.6531 -11.4926 -30.0341 -21.2395 -15.4483 -28.7164 -19.7288 -19.7099 -26.3539 -17.944 -23.5266 -23.2853 -16.228 -26.8457 -19.6184 -14.6575 -29.5546 -15.3979 -13.3241 -31.1136 -11.8152 -12.5284 -32.1597 -8.00832 -11.9686 -32.6818 -4.06764 -11.6554 -32.7052 -0.0810535 -11.5755 -32.2017 4.19017 -11.7227 -31.1525 8.3483 -12.0798 -29.5419 12.3021 -12.6205 -27.3913 15.9632 -13.3198 -23.2592 20.8998 -14.6307 -18.5324 25.2229 -16.0902 -13.3479 29.0195 -17.4573 -7.5528 31.948 -18.4585 -1.54461 33.5903 -18.9689 4.6701 34.2335 -19.1099 10.914 34.1162 -18.8739 17.0403 33.1395 -18.1181 22.207 31.3837 -16.9478 26.9232 28.8683 -15.3423 31.0884 25.7733 -13.2881 34.5645 22.2183 -10.7531 37.2754 18.1881 -7.72485 39.1065 13.9331 -4.36261 40.042 9.7016 -0.623455 39.9214 5.78551 3.54925 38.5173 2.16267 8.33742 36.0416 -0.835127 13.1236 32.7838 -3.21841 17.7852 28.7903 -4.71233 22.2398 24.8745 -5.02618 25.6594 20.6011 -4.46031 28.5825 16.1215 -3.15037 30.8941 11.5657 -1.22805 32.5303 6.40068 1.60099 33.5711 1.40756 4.8815 33.8393 -3.45755 8.33664 33.4422 -8.24824 11.7334 32.3123 -12.1711 14.4193 30.6888 -15.9363 16.8544 28.4235 -19.5021 18.922 25.5515 -22.8384 20.5136 22.1493 -26.2678 21.6692 17.8363 -29.348 22.1561 13.1487 -32.0338 21.9144 8.20637 -34.2023 20.8115 3.12908 -35.6655 18.8934 -1.70208 -36.4864 16.2143 -6.3182 -36.6986 12.8829 -10.5629 -36.3228 8.97876 -14.2745 -35.3856 4.6789 -17.2564 -33.9295 0.0733301 -19.4763 -32.0353 -4.69163 -20.8785 -29.7922 -9.4814 -21.4128 -27.1817 -14.3473 -21.0401 -24.3795 -18.9536 -19.791 -21.4529 -23.1738 -17.728 -18.4757 -26.8561 -14.8631 -15.2858 -30.1166 -10.921 -12.2226 -32.6222 -6.37293 -9.26338 -34.4625 -1.45333 -6.3895 -35.542 3.73528 -4.24015 -35.6932 7.91489 -2.20299 -35.1761 12.1213 -0.283684 -34.0148 16.2541 1.53694 -32.2823 20.2284 3.38678 -29.9068 24.1691 5.21569 -27.0012 27.7477 7.06872 -23.578 30.8205 8.95293 -19.6894 33.2542 11.2038 -14.5941 35.272 13.447 -9.22882 36.4047 15.7795 -3.78498 36.5624 18.2573 1.47309 35.4164 20.8988 6.47154 32.6685 23.3808 10.7326 28.7703 25.7086 14.3034 24.1503 27.8859 16.9407 18.8761 29.3335 18.0029 14.4791 30.5112 18.1448 9.88006 31.3684 17.4032 5.26778 31.9042 15.9057 0.792444 32.1451 13.411 -4.10846 31.9992 10.2981 -8.646 31.4505 6.71164 -12.7857 30.4584 2.74315 -16.4691 29.0717 -1.29395 -19.4703 27.2036 -5.49235 -21.9427 24.7799 -9.70519 -23.8417 21.7569 -13.7593 -25.1279 17.2538 -18.408 -25.9105 12.2558 -22.5923 -26.0201 6.90719 -26.3032 -25.6712 -0.289048 -0.287905 -0.31623 -0.338458 -0.585072 -0.619794 -0.624642 -0.612292 -0.904798 -0.892361 -0.864321 -0.820966 -1.03336 -0.972125 -0.909045 -0.842749 -1.01684 -0.923302 -0.875852 -0.927406 -0.749918 -0.964697 -1.29481 -1.81396 -1.71741 -1.98692 -2.00965 -1.87572 -1.76304 -1.61042 -1.41002 -1.17996 -1.4845 -1.35161 -1.21445 -1.03878 -1.35056 0.226059 2.32375 2.72102 2.46804 2.40764 2.28067 2.10914 1.85119 1.69415 1.53586 1.37474 1.33881 1.23215 1.1286 1.04067 2.28997 2.08932 1.915 1.76648 2.40148 2.14506 1.95102 1.81679 1.90538 1.74424 1.6612 1.65899 1.28369 1.33337 1.42429 1.57027 1.17016 1.34384 1.50407 1.65019 1.19693 1.32463 1.45019 1.56542 0.704849 0.610245 0.451544 0.201558 -0.6333 -0.880336 -1.14774 -1.40024 -1.41285 -1.52792 -1.64413 -1.76191 -1.62851 -1.74004 -1.85588 -1.97883 -1.5703 -1.69069 -1.8336 -2.01042 -0.787082 -0.883736 -0.970134 -1.03198 -3.58493
1.07086 -30.032 -24.3794 -3.07871 -31.0713 -23.2106 -7.25683 -31.2143 -21.7315 -11.2878 -30.452 -20.0476 -15.0404 -28.887 -18.2774 -18.9897 -26.2244 -16.2176 -22.4368 -22.8701 -14.2695 -25.3593 -18.9525 -12.5261 -27.6797 -14.5354 -11.0999 -28.9693 -10.8483 -10.2988 -29.7861 -6.97839 -9.79254 -30.1279 -3.01092 -9.5874 -30.0231 0.974476 -9.66095 -29.4391 5.22363 -10.0102 -28.3655 9.3504 -10.5896 -26.7817 13.2776 -11.3559 -24.7006 16.9308 -12.273 -20.7319 21.9086 -13.8959 -16.1982 26.3287 -15.6481 -11.1891 30.2707 -17.2392 -5.51176 33.4066 -18.2858 0.434037 35.3023 -18.6171 6.61144 36.2272 -18.4164 12.8248 36.3845 -17.7637 18.9115 35.6464 -16.5541 24.0177 34.0622 -14.9528 28.6328 31.6713 -12.9201 32.6475 28.6393 -10.5041 35.9282 25.0684 -7.74126 38.4072 20.9379 -4.64999 39.9807 16.5117 -1.37968 40.6248 12.0382 2.13242 40.1771 7.78768 5.93956 38.4023 3.69299 10.1947 35.5615 0.151338 14.3673 31.9544 -2.77668 18.4218 27.6392 -4.75754 22.356 23.4922 -5.40942 25.4388 19.0393 -5.09799 28.1223 14.4422 -3.94311 30.2809 9.84548 -2.05894 31.8452 4.74094 0.872354 32.9016 -0.0948684 4.37218 33.2636 -4.75508 8.10921 32.9773 -9.32752 11.8148 31.9161 -13.0559 14.7672 30.2972 -16.6089 17.4627 27.9844 -19.9391 19.7663 25.0109 -23.0111 21.5453 21.4561 -26.1035 22.8329 16.9309 -28.803 23.373 12.0198 -31.0698 23.1252 6.87213 -32.7873 21.9711 1.63604 -33.798 19.9697 -3.27648 -34.1718 17.1873 -7.88934 -33.9811 13.7493 -12.0491 -33.2878 9.74576 -15.606 -32.1469 5.35713 -18.3804 -30.603 0.668893 -20.3543 -28.7416 -4.17846 -21.4933 -26.6587 -9.06157 -21.7688 -24.3442 -14.0502 -21.1465 -21.9362 -18.8109 -19.674 -19.4543 -23.2137 -17.4189 -16.9296 -27.1061 -14.4012 -14.2085 -30.6315 -10.3376 -11.5701 -33.4327 -5.69664 -8.9733 -35.5699 -0.693091 -6.36616 -36.9104 4.57493 -4.34065 -37.2201 8.80731 -2.35894 -36.8129 13.0521 -0.447563 -35.7087 17.2041 1.38754 -33.9808 21.1738 3.25221 -31.5583 25.0788 5.0683 -28.5612 28.5878 6.84911 -25.0133 31.5602 8.57548 -20.9788 33.8702 10.519 -15.6964 35.7196 12.3535 -10.1441 36.6723 14.2076 -4.51715 36.6557 16.1596 0.925881 35.3659 18.2255 6.13227 32.5132 20.1531 10.6116 28.5467 21.9912 14.3971 23.8772 23.8118 17.2284 18.5685 25.1226 18.4119 14.1595 26.2912 18.6455 9.56189 27.2622 17.9618 4.96322 28.0203 16.4866 0.512696 28.6299 13.9728 -4.3463 28.935 10.7973 -8.83221 28.8808 7.11245 -12.9212 28.3981 3.01699 -16.5674 27.49 -1.16626 -19.5515 26.0726 -5.54023 -22.0189 24.0329 -9.95498 -23.9105 21.2921 -14.2122 -25.1727 16.9983 -19.0636 -25.8988 12.1103 -23.3772 -25.9311 6.82534 -27.1648 -25.4586 -0.281438 -0.289469 -0.322261 -0.343024 -0.582768 -0.605662 -0.594908 -0.563721 -0.837946 -0.810131 -0.768395 -0.714017 -0.918383 -0.852671 -0.788957 -0.724692 -0.902884 -0.814745 -0.781505 -0.866295 -0.732944 -0.973246 -1.28691 -1.75125 -1.60414 -1.86001 -1.89554 -1.7839 -1.69043 -1.54979 -1.35603 -1.12752 -1.42425 -1.27124 -1.10753 -0.898584 -1.16782 0.13761 1.95434 2.51327 2.3571 2.3492 2.2435 2.07919 1.82733 1.67754 1.52676 1.37245 1.34417 1.2491 1.16214 1.09272 2.35861 2.17159 2.00777 1.86548 2.5025 2.24501 2.04628 1.90169 1.97351 1.79116 1.68429 1.65523 1.25119 1.27679 1.35479 1.5024 1.11583 1.3055 1.48013 1.63648 1.18893 1.31678 1.43602 1.53965 0.664441 0.555564 0.382843 0.116349 -0.735632 -0.995311 -1.2705 -1.53063 -1.55105 -1.672 -1.79223 -1.91184 -1.77774 -1.88455 -1.99092 -2.1001 -1.67521 -1.77794 -1.90203 -2.05929 -0.815359 -0.896519 -0.97962 -1.04978 -3.62268
-0.122966 -29.9783 -25.8101 -4.25131 -31.0072 -24.5598 -8.36913 -31.1037 -22.9169 -12.2814 -30.2636 -21.0054 -15.8511 -28.601 -18.9663 -19.5108 -25.815 -16.5636 -22.6063 -22.3443 -14.2613 -25.1427 -18.3325 -12.1633 -27.0743 -13.8554 -10.3878 -28.0858 -10.1475 -9.32562 -28.6566 -6.27451 -8.56796 -28.7942 -2.31422 -8.12417 -28.5317 1.66178 -7.9748 -27.8313 5.90569 -8.1054 -26.6964 10.0382 -8.49636 -25.1044 13.9881 -9.1146 -23.063 17.6872 -9.93204 -19.228 22.787 -11.4958 -14.8743 27.3773 -13.2672 -10.0387 31.5007 -14.9333 -4.47995 34.7915 -16.1302 1.41444 36.791 -16.6904 7.58315 37.7888 -16.7773 13.8184 38.0116 -16.4198 19.9582 37.3403 -15.4666 25.1339 35.8113 -14.0448 29.8321 33.4699 -12.1494 33.9433 30.4883 -9.83516 37.3379 26.9781 -7.1329 39.9503 22.9223 -4.05262 41.6661 18.573 -0.750865 42.4542 14.1586 2.80644 42.1491 9.9261 6.64763 40.5218 5.79052 10.9222 37.8173 2.15477 15.1043 34.3264 -0.913216 19.1571 30.0863 -3.09545 23.0663 25.9503 -3.97573 26.1069 21.4551 -3.937 28.7373 16.7697 -3.08077 30.8445 12.0462 -1.50475 32.3714 6.75272 1.077 33.4097 1.69406 4.24519 33.7804 -3.19491 7.68042 33.5312 -7.97647 11.134 32.5443 -11.8584 13.9344 31.0187 -15.5421 16.5471 28.8181 -18.9731 18.8475 25.959 -22.1083 20.7096 22.5033 -25.2265 22.1908 18.0557 -27.9094 23.0113 13.1744 -30.1137 23.1061 7.99462 -31.709 22.3394 2.64998 -32.5421 20.7374 -2.43919 -32.6945 18.3577 -7.28416 -32.2644 15.2912 -11.7082 -31.3352 11.597 -15.5356 -29.9826 7.43845 -18.5582 -28.2683 2.90693 -20.7458 -26.3075 -1.85782 -22.0541 -24.2278 -6.73442 -22.4447 -22.0428 -11.7879 -21.8796 -19.8859 -16.6686 -20.4111 -17.7616 -21.2405 -18.1272 -15.6944 -25.3592 -15.0623 -13.5731 -29.2009 -10.9286 -11.6006 -32.3764 -6.19871 -9.6702 -34.9318 -1.09085 -7.6612 -36.7368 4.29912 -6.01828 -37.442 8.64829 -4.32846 -37.4482 13.0365 -2.61132 -36.7576 17.3592 -0.872888 -35.4262 21.5206 0.990334 -33.3904 25.641 2.89768 -30.7368 29.3712 4.84761 -27.4781 32.5607 6.80278 -23.6729 35.069 9.0707 -18.5955 37.1129 11.2502 -13.1975 38.2141 13.426 -7.68788 38.3168 15.6273 -2.31756 37.1276 17.8488 2.86937 34.3575 19.8356 7.37582 30.4514 21.6643 11.2295 25.8343 23.406 14.1952 20.5727 24.6062 15.5449 16.18 25.6313 16.0029 11.5651 26.4448 15.5917 6.90382 27.0494 14.4231 2.34016 27.5005 12.2886 -2.71363 27.6752 9.49787 -7.45514 27.525 6.18437 -11.8482 26.9904 2.42882 -15.837 26.0779 -1.47713 -19.1746 24.6898 -5.63127 -22.011 22.6924 -9.89385 -24.2626 19.9899 -14.0676 -25.8453 15.7342 -18.8943 -26.8905 10.8809 -23.2383 -27.1638 5.62082 -27.0772 -26.8549 -0.321076 -0.345746 -0.388949 -0.412615 -0.648801 -0.662443 -0.638464 -0.590975 -0.848832 -0.806382 -0.750561 -0.683408 -0.876258 -0.800137 -0.726342 -0.652065 -0.819446 -0.725392 -0.689654 -0.764581 -0.611842 -0.836853 -1.15647 -1.65623 -1.55077 -1.82809 -1.86997 -1.75751 -1.66139 -1.51916 -1.32455 -1.09391 -1.38681 -1.23008 -1.06196 -0.84251 -1.10741 0.0260476 1.68481 2.34347 2.24781 2.27032 2.182 2.03214 1.79294 1.65366 1.51299 1.36988 1.35492 1.27358 1.19899 1.14357 2.42473 2.25025 2.0941 1.95601 2.59619 2.34091 2.14164 1.99252 2.05606 1.86202 1.73817 1.68351 1.245 1.23454 1.28219 1.40696 1.01063 1.20246 1.38789 1.56044 1.13191 1.27943 1.41689 1.53592 0.673069 0.571721 0.402045 0.136189 -0.717042 -0.980117 -1.26021 -1.52582 -1.55135 -1.67702 -1.80224 -1.92679 -1.79758 -1.90914 -2.02063 -2.13582 -1.71705 -1.82567 -1.9568 -2.12371 -0.892667 -0.9856 -1.07952 -1.16811 -3.72374
-1.55404 -29.7411 -27.8481 -5.61275 -30.6469 -26.3082 -9.55918 -30.6193 -24.2859 -13.1979 -29.6606 -21.9395 -16.4092 -27.8944 -19.4428 -19.5728 -25.0148 -16.5055 -22.127 -21.4816 -13.691 -24.1158 -17.4349 -11.1224 -25.5348 -12.9463 -8.93907 -26.2024 -9.24285 -7.62048 -26.4873 -5.38263 -6.66276 -26.4041 -1.43937 -6.07666 -25.9872 2.51908 -5.83865 -25.1918 6.74734 -5.92528 -24.0328 10.8732 -6.31547 -22.4835 14.8346 -6.96825 -20.5449 18.5735 -7.85167 -16.957 23.801 -9.57276 -12.907 28.5819 -11.5481 -8.36048 32.9481 -13.3994 -3.01489 36.5487 -14.6728 2.75337 38.9027 -15.1644 8.84773 40.2839 -15.0805 15.0428 40.8743 -14.5075 21.1675 40.5102 -13.3193 26.3339 39.1836 -11.6773 31.0061 36.9699 -9.57558 35.065 34.0318 -7.11793 38.382 30.4671 -4.39064 40.893 26.2582 -1.43395 42.4855 21.6794 1.60924 43.1251 16.9681 4.79611 42.6469 12.3615 8.15959 40.8182 7.7428 11.8129 37.9137 3.58104 15.3153 34.2342 -0.00956974 18.72 29.8264 -2.67395 22.1104 25.5765 -3.90566 24.8578 20.9998 -4.15163 27.3317 16.2687 -3.50187 29.4104 11.5412 -2.04177 31.0366 6.29871 0.522051 32.3436 1.33547 3.77008 33.1061 -3.45352 7.3471 33.2941 -8.16518 10.9856 32.7228 -12.0171 13.9716 31.5043 -15.6902 16.7938 29.5594 -19.1177 19.3167 26.8901 -22.2406 21.3945 23.5481 -25.3161 23.0865 19.1462 -27.9151 24.0785 14.2514 -29.9894 24.3159 9.02276 -31.4007 23.6726 3.61051 -32.005 22.1729 -1.54176 -31.8947 19.883 -6.43094 -31.1999 16.8991 -10.8777 -30.0351 13.2818 -14.7142 -28.4979 9.19009 -17.7398 -26.6571 4.70983 -19.9301 -24.6393 -0.028072 -21.2491 -22.5854 -4.91324 -21.6685 -20.5186 -10.0219 -21.1577 -18.557 -15.0061 -19.7646 -16.6818 -19.7286 -17.571 -14.9008 -24.0491 -14.6057 -13.1208 -28.1719 -10.5834 -11.5006 -31.6811 -5.95659 -9.90234 -34.602 -0.930657 -8.16698 -36.7892 4.41264 -6.67647 -37.7952 8.75753 -5.07936 -38.0943 13.1702 -3.39683 -37.6766 17.5412 -1.64061 -36.5885 21.7654 0.290376 -34.7708 25.956 2.30649 -32.293 29.7494 4.39441 -29.1661 32.9831 6.50202 -25.4516 35.5038 8.95125 -20.444 37.5104 11.2954 -15.0983 38.5247 13.6054 -9.64257 38.509 15.8903 -4.33972 37.1827 18.129 0.753241 34.2565 20.0692 5.14441 30.1986 21.8144 8.88076 25.4544 23.4521 11.7552 20.1095 24.563 13.0723 15.6835 25.4948 13.5408 11.0499 26.2181 13.1904 6.36885 26.7438 12.1332 1.76837 27.1237 10.1824 -3.36489 27.2452 7.61427 -8.23218 27.0461 4.54475 -12.7972 26.4542 1.04538 -17.0048 25.4758 -2.6151 -20.5927 24.0078 -6.53753 -23.7053 21.9093 -10.5992 -26.2209 19.0804 -14.603 -28.0083 14.6472 -19.2338 -29.1925 9.62366 -23.3774 -29.5009 4.23093 -27.0215 -29.1278 -0.418501 -0.454391 -0.495612 -0.507101 -0.724612 -0.716121 -0.668624 -0.595228 -0.827954 -0.763526 -0.687217 -0.60259 -0.781374 -0.694972 -0.614167 -0.535014 -0.698739 -0.605635 -0.580713 -0.677176 -0.546267 -0.775818 -1.07513 -1.54378 -1.42911 -1.72077 -1.78684 -1.69989 -1.62341 -1.49203 -1.302 -1.07153 -1.35762 -1.18566 -1.00248 -0.779891 -1.08077 -0.166617 1.3278 2.13711 2.14866 2.22638 2.15564 2.00504 1.76326 1.62344 1.48265 1.33894 1.32418 1.24628 1.17968 1.13667 2.43212 2.27132 2.12691 1.99767 2.64377 2.39167 2.19195 2.03743 2.0907 1.88343 1.74466 1.67237 1.21297 1.18216 1.21515 1.33344 0.939949 1.14039 1.33811 1.52428 1.10946 1.2697 1.4178 1.54474 0.686984 0.587315 0.416705 0.148808 -0.706899 -0.973009 -1.25698 -1.52707 -1.55635 -1.68463 -1.8116 -1.93684 -1.80715 -1.91681 -2.02508 -2.13605 -1.71326 -1.82048 -1.95585 -2.13445 -0.923387 -1.03931 -1.15687 -1.27668 -3.76158
-1.50642 -31.2422 -25.4382 -5.58652 -31.9263 -23.8414 -9.54006 -31.6744 -21.8487 -13.1833 -30.5038 -19.6078 -16.4062 -28.5467 -17.2738 -19.5993 -25.4732 -14.5745 -22.2015 -21.7767 -12.0264 -24.2545 -17.5975 -9.73538 -25.7508 -13.0098 -7.82678 -26.4856 -9.25378 -6.70787 -26.8436 -5.3588 -5.93282 -26.8377 -1.39407 -5.50779 -26.5003 2.57782 -5.40804 -25.7901 6.81683 -5.62013 -24.7133 10.9538 -6.11454 -23.2408 14.9294 -6.85245 -21.3722 18.6877 -7.80208 -17.8773 23.9563 -9.58829 -13.9077 28.7889 -11.6006 -9.432 33.2064 -13.5021 -4.14126 36.8486 -14.8819 1.59842 39.2338 -15.532 7.68681 40.6393 -15.6431 13.8978 41.2396 -15.2982 20.069 40.8589 -14.3886 25.3094 39.4907 -13.0416 30.0836 37.2114 -11.2644 34.2657 34.1832 -9.14598 37.7197 30.503 -6.76387 40.3776 26.1541 -4.1592 42.1198 21.4203 -1.45416 42.9124 16.5375 1.42552 42.5876 11.7414 4.53253 40.9148 6.90886 7.97805 38.1523 2.53893 11.339 34.6108 -1.25009 14.6743 30.3468 -4.10175 18.0962 26.2208 -5.47497 20.9628 21.7642 -5.83598 23.6338 17.1473 -5.26339 25.9753 12.5327 -3.83434 27.9221 7.42661 -1.2499 29.658 2.6068 2.06803 30.8932 -2.04526 5.76396 31.5739 -6.64301 9.58751 31.4965 -10.4267 12.7901 30.6806 -14.065 15.8795 29.1133 -17.5019 18.7048 26.7801 -20.6845 21.0999 23.7185 -23.8821 23.1429 19.5592 -26.6518 24.4613 14.8381 -28.9415 24.9784 9.72071 -30.611 24.5384 4.36189 -31.492 23.1435 -0.779905 -31.6711 20.877 -5.67797 -31.2673 17.857 -10.1363 -30.3889 14.1631 -13.976 -29.1226 9.97029 -16.9887 -27.5349 5.37946 -19.148 -25.746 0.538845 -20.4237 -23.8894 -4.42832 -20.7969 -21.9873 -9.59588 -20.241 -20.1469 -14.6144 -18.8062 -18.3489 -19.3485 -16.5732 -16.5977 -23.6567 -13.5726 -14.7938 -27.7389 -9.51955 -13.1018 -31.1824 -4.86923 -11.403 -34.0122 0.175869 -9.55146 -36.0732 5.53031 -7.96262 -36.9502 9.86829 -6.26336 -37.0945 14.2504 -4.47908 -36.5026 18.5606 -2.62605 -35.2293 22.6906 -0.601159 -33.2159 26.7453 1.50155 -30.558 30.3658 3.67314 -27.2853 33.3936 5.86549 -23.4724 35.6846 8.41909 -18.4097 37.4021 10.8743 -13.0668 38.1272 13.3173 -7.67704 37.8388 15.7777 -2.51818 36.279 18.2531 2.34925 33.1655 20.4625 6.47752 28.9716 22.4868 9.92763 24.1227 24.3964 12.4825 18.7061 25.695 13.5329 14.2599 26.7862 13.7183 9.64119 27.6295 13.0737 5.01176 28.2286 11.7159 0.500044 28.6342 9.41522 -4.4842 28.7255 6.50507 -9.15574 28.4485 3.11088 -13.4805 27.7339 -0.685618 -17.4018 26.5995 -4.58901 -20.6737 24.9478 -8.69865 -23.4326 22.6585 -12.8711 -25.5722 19.6537 -16.8964 -26.9856 15.0371 -21.4378 -27.7354 9.86431 -25.4046 -27.6538 4.35268 -28.8135 -26.9456 -0.320652 -0.35012 -0.388031 -0.398861 -0.617603 -0.611857 -0.568334 -0.500363 -0.739358 -0.681456 -0.612418 -0.535379 -0.721837 -0.642726 -0.568723 -0.496107 -0.667725 -0.581279 -0.555517 -0.641927 -0.496934 -0.716055 -1.01333 -1.5032 -1.43733 -1.76642 -1.85102 -1.77255 -1.69969 -1.569 -1.37877 -1.14969 -1.44007 -1.27546 -1.10581 -0.915884 -1.29382 -0.514311 1.1126 2.11393 2.18243 2.27618 2.20797 2.0566 1.81533 1.67557 1.53194 1.38214 1.35905 1.27065 1.18861 1.12603 2.40237 2.22641 2.07033 1.93166 2.57014 2.31224 2.10831 1.95084 2.00227 1.79425 1.65593 1.58587 1.1311 1.10655 1.14634 1.27265 0.887153 1.09369 1.29551 1.48363 1.0691 1.22874 1.37653 1.50431 0.648858 0.552659 0.386738 0.12586 -0.720204 -0.97587 -1.24997 -1.5094 -1.52778 -1.646 -1.76309 -1.87939 -1.74155 -1.84437 -1.94728 -2.05401 -1.6283 -1.7335 -1.86654 -2.04183 -0.827063 -0.94115 -1.05563 -1.16662 -3.73917
0.975218 -30.7568 -26.3849 -3.1437 -31.3955 -24.8712 -7.14687 -31.1193 -22.9835 -10.8604 -29.9474 -20.862 -14.1821 -28.0097 -18.6536 -17.5315 -24.9776 -16.1008 -20.3308 -21.3322 -13.6919 -22.6127 -17.2035 -11.5295 -24.359 -12.6572 -9.73768 -25.2924 -8.92219 -8.69953 -25.8483 -5.03669 -7.99695 -26.0325 -1.06986 -7.63639 -25.8707 2.91407 -7.59333 -25.3266 7.17473 -7.85639 -24.383 11.3397 -8.38649 -23.0027 15.3456 -9.13859 -21.1807 19.1296 -10.0771 -17.6769 24.4132 -11.8 -13.6403 29.2314 -13.7111 -9.08967 33.6367 -15.4567 -3.75162 37.3017 -16.5677 1.99623 39.7404 -16.8332 8.05939 41.2131 -16.479 14.217 41.8995 -15.6614 20.3161 41.6564 -14.3204 25.5008 40.4667 -12.632 30.2506 38.39 -10.5646 34.4523 35.5411 -8.24589 37.9903 31.9821 -5.80374 40.8203 27.6843 -3.29732 42.8045 22.9191 -0.823829 43.8556 17.8922 1.70343 43.7582 12.7984 4.31219 42.2817 7.47497 7.05164 39.6768 2.50039 9.59939 36.24 -1.95024 12.1299 31.9878 -5.48938 14.8532 27.7906 -7.43001 17.2499 23.2138 -8.30421 19.5769 18.4704 -8.14828 21.7222 13.7691 -7.00626 23.6509 8.65636 -4.58686 25.5928 3.93426 -1.29822 27.2211 -0.549175 2.47725 28.4083 -4.93317 6.5131 28.9155 -8.51446 10.0256 28.6408 -11.9539 13.5458 27.6324 -15.2309 16.8969 25.8242 -18.3192 19.8695 23.2042 -21.4929 22.5668 19.4161 -24.3105 24.5048 14.9435 -26.7082 25.5645 9.96096 -28.5336 25.5315 4.63513 -29.5888 24.3612 -0.52981 -29.9497 22.1732 -5.4535 -29.7323 19.1356 -9.91281 -29.0465 15.3685 -13.7206 -27.9763 11.0742 -16.6654 -26.5922 6.37414 -18.7277 -25.0171 1.43569 -19.9067 -23.3833 -3.61311 -20.2222 -21.7139 -8.86069 -19.6682 -20.0982 -13.9709 -18.2874 -18.5149 -18.8185 -16.1371 -16.9673 -23.2699 -13.2351 -15.3659 -27.5484 -9.30112 -13.854 -31.2211 -4.76555 -12.3238 -34.2768 0.201078 -10.644 -36.5127 5.54199 -9.19591 -37.4638 9.91351 -7.64351 -37.6173 14.3495 -6.01106 -36.9691 18.7114 -4.31463 -35.5799 22.8712 -2.45953 -33.3941 26.9179 -0.525915 -30.5379 30.4811 1.48949 -27.0729 33.401 3.55178 -23.1001 35.536 5.99148 -17.9074 37.014 8.37657 -12.5034 37.4708 10.8106 -7.12762 36.9438 13.3678 -2.06269 35.2386 16.0946 2.64477 32.0895 18.6793 6.59505 27.9388 21.1487 9.8792 23.1818 23.5564 12.3099 17.9084 25.2705 13.3137 13.5942 26.8022 13.4966 9.10217 28.09 12.8835 4.57186 29.1158 11.5783 0.121841 29.9765 9.35283 -4.8387 30.4733 6.51935 -9.53179 30.5438 3.18682 -13.9124 30.102 -0.573125 -17.9084 29.1467 -4.46094 -21.2553 27.6013 -8.56269 -24.0865 25.3593 -12.7258 -26.2934 22.3568 -16.7325 -27.7632 17.7 -21.2249 -28.5581 12.465 -25.1097 -28.4976 6.88982 -28.4198 -27.8188 -0.200237 -0.229148 -0.266646 -0.277014 -0.495697 -0.49122 -0.450711 -0.387347 -0.631654 -0.579134 -0.516003 -0.445171 -0.638291 -0.56656 -0.500672 -0.436587 -0.617853 -0.53842 -0.520802 -0.626533 -0.509728 -0.747045 -1.02841 -1.44848 -1.30053 -1.6005 -1.69821 -1.64814 -1.60275 -1.49374 -1.31998 -1.10057 -1.39079 -1.21809 -1.04062 -0.846059 -1.23901 -0.62843 0.598952 1.72793 2.00774 2.21206 2.19235 2.07311 1.86255 1.74593 1.61387 1.46434 1.43557 1.33839 1.23994 1.154 2.40769 2.21613 2.0511 1.9073 2.54264 2.28269 2.07623 1.91391 1.95781 1.74096 1.59344 1.51313 1.04689 1.01263 1.04832 1.17645 0.794795 1.00408 1.20754 1.39615 0.980641 1.13782 1.28289 1.40933 0.554236 0.458622 0.291985 0.03094 -0.812124 -1.06233 -1.33056 -1.5827 -1.59195 -1.70034 -1.80622 -1.91061 -1.76004 -1.85039 -1.94237 -2.03931 -1.60523 -1.70412 -1.83318 -2.00712 -0.794546 -0.914807 -1.03365 -1.14472 -3.83661
2.94358 -28.6193 -27.2784 -1.28912 -29.2367 -26.1088 -5.46163 -28.9468 -24.6353 -9.40077 -27.7727 -22.9711 -12.9986 -25.8442 -21.2386 -16.7242 -22.8331 -19.243 -19.9358 -19.213 -17.3698 -22.6349 -15.1089 -15.6966 -24.7659 -10.5829 -14.3169 -25.9483 -6.85863 -13.5225 -26.699 -2.97872 -12.991 -27.0157 0.987295 -12.7262 -26.9201 4.97354 -12.7048 -26.3721 9.23696 -12.9083 -25.3457 13.3989 -13.2869 -23.8038 17.3852 -13.7869 -21.7465 21.1196 -14.3703 -17.7692 26.2509 -15.3766 -13.1905 30.8405 -16.4408 -8.14309 34.9639 -17.2676 -2.47854 38.289 -17.4009 3.38046 40.3495 -16.7066 9.40123 41.4105 -15.4101 15.4129 41.6971 -13.7266 21.2855 41.1301 -11.6659 26.2344 39.7469 -9.48818 30.7601 37.5518 -7.06998 34.7815 34.6248 -4.53845 38.2181 31.0077 -2.03782 41.0572 26.6608 0.371732 43.1502 21.8328 2.62399 44.3462 16.6869 4.82645 44.3716 11.3902 6.99586 42.9886 5.7745 9.13454 40.4468 0.474348 10.9976 37.0126 -4.31152 12.8209 32.6521 -8.16731 14.856 28.285 -10.3187 16.7072 23.5153 -11.3246 18.5414 18.6048 -11.218 20.2741 13.7968 -10.0497 21.9003 8.66353 -7.52468 23.6432 4.02714 -4.08285 25.1996 -0.298742 -0.132054 26.4007 -4.4833 4.09834 26.9991 -7.88004 7.79736 26.8657 -11.1409 11.5294 26.0425 -14.2729 15.11 24.4277 -17.2709 18.3085 21.9741 -20.4114 21.2263 18.3243 -23.2541 23.332 13.9444 -25.7182 24.4906 9.01652 -27.6337 24.4607 3.72241 -28.7777 23.1916 -1.40013 -29.2152 20.83 -6.23662 -29.0554 17.5867 -10.5512 -28.4042 13.6185 -14.1553 -27.3442 9.15689 -16.844 -25.9512 4.33981 -18.6088 -24.3548 -0.655486 -19.4792 -22.6883 -5.70335 -19.5088 -20.9704 -10.9022 -18.7012 -19.2955 -15.9313 -17.1095 -17.656 -20.6768 -14.7808 -16.0689 -25.0143 -11.7315 -14.4465 -29.1681 -7.67436 -12.9344 -32.7177 -3.0419 -11.4393 -35.6279 2.02195 -9.86309 -37.6572 7.47571 -8.56226 -38.3858 11.9354 -7.21764 -38.2605 16.4396 -5.84687 -37.2832 20.8302 -4.45673 -35.5256 24.9642 -2.9632 -32.9263 28.9147 -1.41774 -29.6572 32.3086 0.201885 -25.812 34.9892 1.88274 -21.5215 36.8223 3.90597 -16.0533 37.874 5.92416 -10.4831 37.8733 8.05593 -5.03625 36.9305 10.4213 0.01446 34.9315 13.1129 4.63798 31.6313 15.8167 8.47123 27.4469 18.501 11.646 22.7323 21.2074 14.0222 17.5803 23.2225 15.0445 13.4027 25.1233 15.2953 9.05736 26.8315 14.7818 4.65544 28.3025 13.5889 0.299829 29.6846 11.4937 -4.59918 30.6901 8.77473 -9.27858 31.238 5.51889 -13.6831 31.2167 1.77994 -17.7229 30.5889 -2.13599 -21.1142 29.2982 -6.29325 -23.9917 27.2424 -10.5191 -26.2599 24.3607 -14.5814 -27.816 19.7739 -19.1198 -28.7454 14.5494 -23.0182 -28.8341 8.94455 -26.3141 -28.362 -0.00664835 -0.0363 -0.0825416 -0.105524 -0.338439 -0.349099 -0.324979 -0.280569 -0.543786 -0.507497 -0.459004 -0.400234 -0.603253 -0.540603 -0.484314 -0.430713 -0.623758 -0.549994 -0.53308 -0.64874 -0.554878 -0.809538 -1.07259 -1.40945 -1.15074 -1.38687 -1.46741 -1.42366 -1.39331 -1.30223 -1.14678 -0.942361 -1.24097 -1.06982 -0.888002 -0.676963 -1.03929 -0.433139 0.614745 1.60932 1.91692 2.16607 2.17344 2.07511 1.88373 1.78046 1.65325 1.49988 1.46184 1.353 1.23996 1.13701 2.37601 2.1758 2.00811 1.86592 2.50533 2.25068 2.04986 1.89265 1.94075 1.72717 1.58159 1.50096 1.032 0.994609 1.02849 1.15279 0.761275 0.957097 1.14535 1.31894 0.88845 1.03045 1.16126 1.27618 0.412608 0.310456 0.135936 -0.134334 -0.983931 -1.23565 -1.50249 -1.75209 -1.75743 -1.86042 -1.9588 -2.054 -1.89268 -1.97162 -2.05284 -2.13969 -1.69632 -1.78622 -1.90521 -2.06781 -0.843997 -0.957958 -1.06939 -1.16552 -4.04108
5.64697 -25.7516 -30.3875 1.41595 -26.6766 -29.4348 -2.82721 -26.7045 -28.1465 -6.90375 -25.8407 -26.6296 -10.6927 -24.2026 -25.0093 -14.6922 -21.4978 -23.1075 -18.2111 -18.1427 -21.2937 -21.2276 -14.2554 -19.645 -23.6597 -9.88885 -18.2499 -25.0435 -6.2441 -17.4129 -25.9573 -2.40945 -16.8127 -26.391 1.53812 -16.4546 -26.3642 5.52303 -16.3151 -25.8388 9.79392 -16.3576 -24.7872 13.9633 -16.5272 -23.178 17.9478 -16.7563 -21.0163 21.6606 -17.0016 -16.8238 26.7044 -17.3816 -12.0001 31.1502 -17.742 -6.76681 35.1215 -17.7966 -1.08783 38.3384 -17.0471 4.59645 40.3544 -15.4099 10.3175 41.4155 -13.1296 15.9748 41.7549 -10.4962 21.4838 41.3441 -7.57408 26.1397 40.2116 -4.71272 30.4431 38.3312 -1.69738 34.3492 35.7086 1.30459 37.8147 32.3357 4.09047 40.8482 28.1665 6.57603 43.264 23.4297 8.69463 44.837 18.2371 10.518 45.2352 12.7165 11.9758 44.2311 6.71164 12.954 42.0427 0.962152 13.3749 38.8768 -4.32308 13.6323 34.6067 -8.74906 14.0795 30.1595 -11.4003 14.644 25.208 -12.8667 15.3214 20.0677 -13.1437 16.1133 15.0285 -12.2688 17.0968 9.68621 -9.98005 18.5058 4.9389 -6.69911 20.0752 0.601223 -2.8394 21.5077 -3.49146 1.4054 22.5059 -6.73032 5.23102 22.8418 -9.7877 9.20861 22.578 -12.7193 13.1521 21.5325 -15.5568 16.804 19.5704 -18.573 20.2799 16.3271 -21.34 22.9368 12.2062 -23.7738 24.5804 7.4027 -25.6956 24.8916 2.11997 -26.8577 23.7653 -3.0318 -27.311 21.3867 -7.85845 -27.1712 18.0235 -12.0809 -26.557 13.8811 -15.4902 -25.5603 9.23662 -17.8765 -24.2648 4.26797 -19.2524 -22.8058 -0.823133 -19.712 -21.3175 -5.91551 -19.3773 -19.8215 -11.1291 -18.2765 -18.3921 -16.1649 -16.4797 -17.0066 -20.9324 -14.0339 -15.6639 -25.34 -10.9677 -14.2777 -29.6626 -7.0004 -12.9652 -33.4756 -2.51877 -11.6461 -36.6901 2.40803 -10.234 -39.0035 7.79324 -9.05669 -39.9086 12.2549 -7.8368 -39.9013 16.7962 -6.60177 -38.9689 21.2365 -5.3706 -37.1762 25.4057 -4.08104 -34.4614 29.3504 -2.78432 -31.0208 32.6783 -1.46191 -26.9794 35.2303 -0.125602 -22.4963 36.8764 1.43508 -16.8323 37.6406 2.96004 -11.1163 37.3196 4.60731 -5.55761 36.0997 6.55151 -0.39167 33.947 8.91954 4.39931 30.6376 11.4298 8.45785 26.5461 14.0265 11.9152 21.9835 16.7751 14.6603 17.0416 18.9483 16.0398 13.05 21.1299 16.7089 8.88456 23.2306 16.6507 4.62523 25.1812 15.9229 0.356298 27.1971 14.3526 -4.51925 28.8902 12.1184 -9.25659 30.1485 9.27646 -13.7998 30.825 5.85128 -18.0555 30.8193 2.12827 -21.7117 30.0969 -1.93922 -24.8995 28.5419 -6.18186 -27.5093 26.0753 -10.3658 -29.4169 21.8759 -15.1669 -30.7636 16.9286 -19.3867 -31.2309 11.5295 -23.0388 -31.1197 0.188326 0.161556 0.115028 0.0894326 -0.147599 -0.163706 -0.146265 -0.109705 -0.380414 -0.350055 -0.306395 -0.251088 -0.456691 -0.397107 -0.345474 -0.298473 -0.500634 -0.434299 -0.425223 -0.55796 -0.479386 -0.724176 -0.937915 -1.17472 -0.807877 -0.989292 -1.06859 -1.05274 -1.05844 -1.0022 -0.877419 -0.693962 -0.998127 -0.819275 -0.624818 -0.396201 -0.758129 -0.273861 0.423795 1.1815 1.54665 1.92242 2.01303 1.97905 1.84638 1.78601 1.68148 1.53323 1.49319 1.38037 1.25511 1.13133 2.35055 2.13852 1.96574 1.82215 2.46254 2.21078 2.01281 1.85553 1.8995 1.67852 1.52202 1.4252 0.935456 0.879372 0.904057 1.02911 0.642772 0.843404 1.03507 1.20969 0.776968 0.912595 1.03319 1.13577 0.258904 0.143653 -0.0451668 -0.332242 -1.19795 -1.46054 -1.73341 -1.98762 -1.99602 -2.0995 -2.19556 -2.2857 -2.11671 -2.18572 -2.25574 -2.33018 -1.87391 -1.95144 -2.05902 -2.21091 -0.974907 -1.07561 -1.17527 -1.26044 -4.324
5.74872 -23.4543 -32.8283 1.84402 -25.2461 -31.7294 -2.21415 -26.1103 -30.1644 -6.21861 -25.9983 -28.2626 -10.0046 -24.9978 -26.1816 -14.0371 -22.8913 -23.6857 -17.5918 -19.9969 -21.2534 -20.6321 -16.4566 -18.9837 -23.0718 -12.338 -16.9804 -24.4493 -8.82333 -15.6961 -25.3465 -5.0745 -14.6758 -25.7578 -1.17918 -13.9295 -25.7111 2.77685 -13.4321 -25.1806 7.03553 -13.115 -24.1572 11.2118 -12.943 -22.6229 15.231 -12.8414 -20.5857 19.0208 -12.7644 -16.6564 24.2851 -12.6689 -12.1348 29.0504 -12.5706 -7.2173 33.3908 -12.1956 -1.85519 37.0203 -11.0838 3.56351 39.4901 -9.18811 9.08465 41.055 -6.7134 14.613 41.904 -3.92533 20.0801 41.9658 -0.898366 24.7894 41.2063 1.99885 29.2247 39.6438 5.00445 33.3115 37.272 7.9743 36.9692 34.0716 10.7178 40.1821 30.0023 13.1426 42.7421 25.3008 15.1687 44.4009 20.0885 16.8545 44.79 14.5194 18.1173 43.6548 8.49932 18.8195 41.2512 2.82144 18.9044 37.8418 -2.31425 18.7494 33.3342 -6.52136 18.6793 28.7164 -8.92941 18.7356 23.6477 -10.1195 18.869 18.4447 -10.1426 19.1026 13.3604 -9.09512 19.5258 7.92341 -6.73124 20.3104 3.00689 -3.46953 21.287 -1.55055 0.308801 22.1347 -5.89435 4.40065 22.5258 -9.36413 8.02838 22.3293 -12.6435 11.7464 21.5168 -15.7238 15.3769 19.9137 -18.5638 18.673 17.4021 -21.3692 21.7153 13.5848 -23.723 23.9153 8.96773 -25.581 25.0872 3.78387 -26.7923 24.9348 -1.71222 -27.1917 23.4099 -6.87695 -26.8796 20.7019 -11.5384 -26.0583 17.0735 -15.4525 -24.9251 12.7179 -18.4366 -23.6219 7.9176 -20.3121 -22.2212 2.85394 -21.1222 -20.8303 -2.27548 -21.0057 -19.5644 -7.36147 -20.1172 -18.4493 -12.5302 -18.4825 -17.5034 -17.4896 -16.2154 -16.605 -22.1667 -13.396 -15.6522 -26.4986 -10.0858 -14.5274 -30.7877 -6.0011 -13.3219 -34.6284 -1.51302 -11.9645 -37.9215 3.35108 -10.3239 -40.3606 8.6146 -8.80923 -41.3998 12.9433 -7.13236 -41.5529 17.3337 -5.37272 -40.7922 21.6275 -3.60982 -39.1635 25.6711 -1.81071 -36.5967 29.5142 -0.118802 -33.2653 32.775 1.41449 -29.2816 35.2995 2.71908 -24.7961 36.9645 3.91306 -19.0552 37.8117 4.788 -13.1987 37.6194 5.57222 -7.42588 36.5423 6.45025 -1.92638 34.5211 7.48404 3.3857 31.3233 8.54171 8.10713 27.3104 9.69943 12.3128 22.7843 11.1496 15.8712 17.8096 12.4994 17.9054 13.7355 14.0256 19.2483 9.44297 15.6576 19.8612 5.02493 17.3313 19.7787 0.580811 19.2534 18.9018 -4.50222 21.0664 17.2913 -9.44387 22.6382 14.9952 -14.1934 23.8221 12.0194 -18.6704 24.4733 8.60184 -22.5595 24.5522 4.68032 -26.0011 23.8949 0.374609 -28.8746 22.3598 -4.11636 -31.0433 19.2849 -9.62096 -32.6999 15.374 -14.7825 -33.4504 10.9006 -19.5239 -33.5426 0.0378532 0.0384446 0.0160768 0.0076862 -0.217455 -0.224855 -0.199345 -0.153464 -0.414197 -0.3741 -0.320229 -0.254867 -0.450824 -0.382504 -0.322823 -0.26875 -0.464876 -0.39748 -0.384523 -0.495148 -0.373632 -0.572283 -0.751885 -0.966329 -0.597722 -0.799296 -0.908593 -0.92162 -0.949368 -0.907161 -0.790076 -0.608841 -0.908124 -0.714568 -0.494538 -0.225197 -0.533346 -0.0158772 0.621962 1.22034 1.43149 1.73982 1.81592 1.77549 1.63345 1.56846 1.47103 1.34351 1.33481 1.25919 1.17817 1.10331 2.36653 2.18646 2.03354 1.89916 2.54085 2.28633 2.08364 1.91903 1.95183 1.71689 1.54615 1.43629 0.935614 0.872711 0.898745 1.04128 0.68824 0.924878 1.14818 1.34421 0.922463 1.05855 1.16885 1.25215 0.349817 0.209385 -0.00155878 -0.313108 -1.20773 -1.4975 -1.79159 -2.06656 -2.09617 -2.21857 -2.33237 -2.43759 -2.28094 -2.35834 -2.43293 -2.50899 -2.05082 -2.1227 -2.22118 -2.35896 -1.09575 -1.15195 -1.20944 -1.26012 -4.14205
13.3613 -22.9421 -33.718 9.96761 -25.5022 -32.4553 6.30791 -27.2065 -30.6205 2.56938 -27.955 -28.3559 -1.07764 -27.7914 -25.8385 -5.08535 -26.5998 -22.7649 -8.74081 -24.5334 -19.7159 -12.0076 -21.7223 -16.8255 -14.8205 -18.2158 -14.2331 -16.6008 -15.0745 -12.5412 -18.0052 -11.6051 -11.1663 -19.0231 -7.89274 -10.1261 -19.6725 -4.02696 -9.39553 -19.9808 0.235241 -8.88855 -19.8749 4.52616 -8.57994 -19.3249 8.78973 -8.38549 -18.3243 12.973 -8.25344 -16.0375 19.1308 -8.13817 -13.1695 25.0412 -8.07055 -9.77372 30.6533 -7.70376 -5.60471 35.5839 -6.49165 -0.96814 39.2107 -4.39306 4.02251 41.8033 -1.66765 9.21092 43.521 1.36318 14.5366 44.176 4.567 19.2531 43.6258 7.49944 23.7589 42.0156 10.372 27.9628 39.471 13.0178 31.8028 36.085 15.2398 35.2712 31.8596 16.9362 38.1428 27.0404 18.0726 40.1954 21.7412 18.7561 41.1174 16.0963 18.9736 40.7175 9.95443 18.5991 39.1277 4.06278 17.7135 36.5053 -1.42602 16.704 32.6691 -6.19369 15.9449 28.4634 -9.24709 15.6062 23.6264 -11.1766 15.5256 18.4765 -11.9352 15.6959 13.3055 -11.5393 16.1763 7.67288 -9.78056 17.1483 2.53965 -6.9767 18.3945 -2.18759 -3.48864 19.5132 -6.57121 0.537438 20.0957 -9.9 4.2977 19.9614 -12.8336 8.28602 19.1096 -15.3449 12.2714 17.3637 -17.3963 15.9445 14.6181 -19.0911 19.3611 10.4766 -20.1636 21.8313 5.53231 -20.6563 23.135 0.0774432 -20.5318 22.9357 -5.5477 -19.805 21.1876 -10.6049 -18.6087 18.1367 -14.8968 -17.1848 14.1295 -18.2247 -15.762 9.43023 -20.4726 -14.5016 4.37495 -21.5282 -13.4381 -0.833254 -21.4778 -12.5984 -5.99543 -20.5259 -12.0198 -11.0204 -18.8905 -11.714 -16.0512 -16.6041 -11.634 -20.8177 -13.7925 -11.6062 -25.2544 -10.484 -11.4685 -29.2969 -6.70638 -11.1288 -33.2147 -2.13666 -10.6182 -36.624 2.8093 -9.91608 -39.3898 8.11999 -8.92276 -41.1335 13.8049 -7.9111 -41.4801 18.384 -6.73945 -40.825 22.8906 -5.49933 -39.1869 27.1202 -4.28204 -36.6684 30.9 -3.09007 -33.2127 34.2514 -2.03074 -29.11 36.8281 -1.14065 -24.5355 38.5238 -0.470425 -19.6794 39.2744 0.00440695 -13.7807 38.9907 0.22799 -8.00368 37.6958 0.469488 -2.45775 35.6256 0.978399 2.73274 32.8148 1.85547 7.68267 29.0409 2.96213 12.0485 24.6559 4.31213 15.9241 19.8946 6.0998 19.2007 14.8368 7.8272 21.0742 10.8287 9.83717 22.3105 6.70683 12.0395 22.8724 2.53643 14.3433 22.7898 -1.61616 17.0456 21.9651 -6.34034 19.6797 20.4429 -10.9279 22.1068 18.2496 -15.3549 24.1673 15.3747 -19.5727 25.6575 12.0364 -23.2961 26.5861 8.14837 -26.6502 26.7987 3.78092 -29.4978 26.1416 -0.91009 -31.6867 24.1193 -6.85896 -33.4249 21.1814 -12.6125 -34.3003 17.6358 -18.0801 -34.4852 -0.0990253 -0.0606535 -0.0448497 -0.0212908 -0.221096 -0.210086 -0.170657 -0.111708 -0.36056 -0.311459 -0.251137 -0.182787 -0.37909 -0.313029 -0.254671 -0.200308 -0.396438 -0.332661 -0.320528 -0.414894 -0.259205 -0.42089 -0.571883 -0.784282 -0.461513 -0.725702 -0.878016 -0.915357 -0.960787 -0.930712 -0.820914 -0.648413 -0.963681 -0.794369 -0.605977 -0.391539 -0.804524 -0.434526 0.0906134 0.70156 1.02634 1.44934 1.59554 1.6083 1.51446 1.4906 1.43294 1.34733 1.38504 1.35923 1.3284 1.29488 2.5824 2.41386 2.26761 2.13535 2.77189 2.50703 2.293 2.11664 2.13485 1.88241 1.69466 1.57071 1.0584 0.984667 0.998108 1.12255 0.745903 0.957139 1.15309 1.32248 0.875439 0.987504 1.07581 1.14082 0.224246 0.0732465 -0.147906 -0.469956 -1.37107 -1.66004 -1.94866 -2.21617 -2.23665 -2.34799 -2.44752 -2.53591 -2.35953 -2.41505 -2.46677 -2.51782 -2.03339 -2.07993 -2.15457 -2.26782 -0.971833 -0.988311 -1.01379 -1.03454 -3.7426
16.951 -14.3483 -40.3627 14.055 -17.5891 -39.4821 10.8805 -20.1653 -37.7644 7.59574 -21.9025 -35.3442 4.36935 -22.7668 -32.4273 0.819581 -22.7532 -28.6422 -2.41772 -21.7848 -24.7038 -5.33523 -19.9501 -20.8243 -7.91162 -17.2549 -17.2152 -9.61341 -14.5995 -14.7754 -11.0379 -11.4915 -12.7234 -12.1764 -8.02801 -11.1085 -13.044 -4.32194 -9.92038 -13.6955 -0.159351 -9.04483 -14.0474 4.09122 -8.47297 -14.0746 8.37768 -8.09378 -13.7697 12.6626 -7.83975 -12.7422 19.1487 -7.64895 -11.2751 25.5522 -7.58943 -9.27641 31.7905 -7.08876 -6.3745 37.411 -5.31435 -2.82164 41.563 -2.28241 1.14728 44.4765 1.56658 5.36178 46.335 5.79028 9.76623 46.879 10.1903 13.6654 45.9496 14.0736 17.3208 43.7714 17.6848 20.6728 40.6354 20.8592 23.7397 36.7605 23.4528 26.559 32.1753 25.3994 28.9373 27.124 26.6604 30.6725 21.7139 27.3552 31.5351 16.0575 27.5053 31.4218 9.91161 27.0166 30.387 3.92248 25.9759 28.3975 -1.7713 24.6929 25.1281 -6.84828 23.4447 21.2947 -10.2461 22.5035 16.7066 -12.5637 21.6637 11.6733 -13.6792 20.9238 6.49934 -13.5262 20.3467 0.767392 -11.8623 19.972 -4.47561 -8.9905 19.8024 -9.18674 -5.32444 19.4416 -13.2526 -1.05245 18.4498 -15.9464 2.91202 16.9448 -17.8207 7.02909 14.7597 -18.8007 10.9946 11.8352 -18.8741 14.4501 8.18933 -17.9607 17.3817 3.47028 -16.1987 19.1632 -1.5715 -13.7872 19.6567 -6.63498 -10.8974 18.6208 -11.3545 -7.91507 16.137 -15.109 -5.01731 12.4842 -17.8329 -2.44598 8.04789 -19.5263 -0.387151 3.10838 -20.2492 1.02208 -2.01273 -20.0317 1.82636 -7.16142 -18.9814 2.132 -12.1944 -17.2975 2.03632 -17.0728 -15.1877 1.57023 -21.9756 -12.6625 0.82923 -26.65 -9.79343 0.00158953 -30.9967 -6.46905 -0.710282 -34.8922 -2.60258 -1.24214 -38.5379 2.16942 -1.56138 -41.5537 7.37989 -1.73926 -43.777 12.9809 -1.76715 -44.7442 18.9315 -1.66385 -44.2939 23.611 -1.47709 -42.7258 28.0401 -1.27453 -40.1538 31.9715 -1.1247 -36.7729 35.2361 -1.06174 -32.5577 37.8481 -1.09887 -27.9008 39.5527 -1.23504 -23.0053 40.3332 -1.48766 -18.054 40.2111 -1.9539 -12.2717 39.0077 -2.50624 -6.74583 36.9435 -2.89244 -1.46532 34.2848 -2.84166 3.55395 31.1376 -2.22887 8.50071 27.3078 -1.18386 13.0377 23.0843 0.233048 17.1995 18.5916 2.18621 20.865 13.8732 4.1182 23.1216 10.1674 6.40458 24.8226 6.36776 8.94207 25.9183 2.50528 11.619 26.4175 -1.38615 14.7807 26.3024 -5.89065 17.8895 25.5128 -10.3642 20.7959 24.0728 -14.8116 23.3277 21.9696 -19.2238 25.2531 19.3632 -23.3138 26.6199 16.1703 -27.2082 27.296 12.4024 -30.7542 27.1333 8.15236 -33.7773 25.7427 2.48977 -36.693 23.4241 -3.22296 -38.8117 20.5209 -8.89631 -40.1847 -0.596972 -0.554938 -0.526669 -0.48562 -0.663989 -0.628668 -0.562701 -0.473118 -0.69069 -0.612838 -0.524236 -0.430075 -0.603695 -0.518889 -0.444956 -0.3771 -0.559287 -0.485701 -0.475411 -0.578438 -0.423905 -0.573322 -0.700572 -0.878861 -0.51255 -0.72738 -0.821071 -0.799697 -0.803233 -0.752912 -0.635169 -0.460336 -0.782139 -0.632342 -0.464773 -0.260917 -0.688933 -0.363424 0.0756824 0.569247 0.765125 1.10783 1.24188 1.27914 1.2192 1.23789 1.24276 1.23697 1.36442 1.43419 1.51173 1.59366 2.98152 2.88615 2.79302 2.69887 3.35521 3.09148 2.86678 2.6739 2.66966 2.3891 2.17403 2.02997 1.50407 1.41683 1.40846 1.49561 1.0695 1.22908 1.372 1.49223 1.00075 1.07272 1.12532 1.1597 0.216679 0.043988 -0.196531 -0.537817 -1.45572 -1.75584 -2.05051 -2.32113 -2.34246 -2.45333 -2.55143 -2.63783 -2.45958 -2.51421 -2.56616 -2.61803 -2.13509 -2.18492 -2.26577 -2.3874 -1.10027 -1.12414 -1.16189 -1.20074 -3.41952
19.8924 -2.29493 -44.9769 18.1808 -6.34054 -44.3699 16.2074 -9.97475 -42.769 14.0627 -12.9674 -40.2974 11.8624 -15.2154 -37.1716 9.334 -16.9018 -32.9654 6.90435 -17.6429 -28.4404 4.54449 -17.4584 -23.8224 2.21503 -16.2796 -19.3377 0.451208 -14.6422 -16.1586 -1.26098 -12.3905 -13.3483 -2.89416 -9.61117 -11.0015 -4.42955 -6.43186 -9.14844 -5.95949 -2.69369 -7.66404 -7.33214 1.24954 -6.62248 -8.51784 5.32909 -5.93741 -9.50474 9.5009 -5.56333 -10.6706 15.9663 -5.55402 -11.5646 22.4614 -5.97253 -12.0481 29.0129 -5.91095 -11.6615 35.3516 -4.22849 -10.3115 40.4976 -0.949745 -8.26125 44.5464 3.34661 -5.74209 47.5452 8.2166 -2.79309 49.0749 13.5099 0.082811 48.7734 18.2832 2.97612 46.9856 22.7081 5.76058 44.0848 26.5785 8.39319 40.3499 29.7827 10.8826 35.8345 32.268 13.0596 30.8104 33.9357 14.7752 25.4284 34.8591 15.8801 19.8151 35.0391 16.3595 13.703 34.3784 16.1941 7.70163 32.9715 15.2658 1.92351 31.0285 13.2062 -3.37119 28.6312 10.4615 -7.11219 26.2653 6.95809 -9.92163 23.6271 2.94616 -11.6341 20.7814 -1.3353 -12.1256 17.8567 -6.27739 -11.1954 14.6202 -10.9376 -9.00482 11.5792 -15.0254 -5.94523 8.46562 -18.1364 -2.19078 5.003 -19.6698 1.38644 1.82648 -20.0616 5.11798 -1.5142 -19.2437 8.6648 -4.97672 -17.2128 11.6741 -8.44912 -13.6883 14.1408 -12.0811 -9.26459 15.5839 -15.2506 -4.32811 15.881 -17.9415 0.78872 14.7433 -19.9961 5.4711 12.267 -21.046 9.6031 8.79063 -21.0839 13.0323 4.6907 -20.315 15.6359 0.149645 -18.9882 17.2628 -4.60663 -17.2591 17.9713 -9.44445 -15.1728 17.9262 -14.2075 -12.8127 17.2964 -18.8391 -10.2806 16.1221 -23.4983 -7.53404 14.5089 -27.9343 -4.6443 12.5818 -32.0368 -1.46849 10.4698 -35.6785 2.1244 8.05705 -39.0463 6.50418 5.56079 -41.7976 11.2524 2.98264 -43.7898 16.3249 0.365033 -44.5942 21.6958 -1.62244 -44.0861 25.927 -3.48714 -42.5181 29.9489 -5.18439 -39.9864 33.5295 -6.6887 -36.6656 36.4995 -8.0391 -32.5175 38.8582 -9.11963 -27.9161 40.3594 -9.91808 -23.0587 40.9612 -10.4479 -18.1376 40.6517 -10.7772 -12.4057 39.1896 -10.8294 -6.96211 36.8517 -10.5699 -1.794 33.9664 -9.89419 3.09492 30.6888 -8.69327 7.9021 26.8207 -7.1171 12.3171 22.6329 -5.25111 16.4376 18.2679 -3.00897 20.2687 13.8173 -0.98898 22.8744 10.3984 1.29827 25.1504 6.91317 3.7912 27.0469 3.34291 6.4169 28.5544 -0.316549 9.55075 29.8299 -4.65851 12.7037 30.5963 -9.10509 15.7576 30.7772 -13.6813 18.5542 30.2647 -18.3947 20.846 29.0774 -22.9298 22.7164 27.1596 -27.4078 24.0693 24.4269 -31.6422 24.7497 20.8678 -35.3969 24.5443 15.5648 -39.1832 23.4542 9.8306 -42.0867 21.8899 3.85999 -44.1855 -0.47936 -0.379639 -0.291499 -0.1952 -0.322963 -0.245099 -0.145649 -0.0272218 -0.221283 -0.125666 -0.0230298 0.0814481 -0.0836217 0.0110729 0.0997525 0.186661 0.029492 0.130591 0.176742 0.140922 0.398672 0.360797 0.333909 0.260966 0.740471 0.617087 0.590547 0.665945 0.710064 0.804829 0.967815 1.18968 0.912976 1.09986 1.30102 1.53639 1.10244 1.34255 1.59713 1.83582 1.7553 1.88555 1.89933 1.85922 1.72418 1.6636 1.58726 1.50687 1.55879 1.54409 1.53642 1.53764 2.85052 2.67658 2.49789 2.31617 2.8842 2.52966 2.21546 1.94234 1.869 1.5281 1.25729 1.05873 0.479062 0.343118 0.285267 0.306776 -0.187872 -0.0794666 0.0320403 0.141902 -0.342994 -0.251618 -0.170734 -0.101754 -1.0028 -1.13012 -1.32915 -1.63236 -2.51333 -2.77834 -3.04142 -3.28263 -3.27839 -3.36729 -3.44384 -3.50915 -3.30813 -3.33804 -3.3664 -3.39717 -2.89543 -2.9279 -2.99346 -3.10244 -1.7998 -1.79785 -1.79945 -1.78848 -4.06672
27.4745 4.12414 -45.4297 26.9925 -0.275593 -45.1557 26.2197 -4.46251 -43.9158 25.1755 -8.19995 -41.7696 23.9238 -11.3283 -38.8867 22.2878 -14.1309 -34.8373 20.5218 -16.0044 -30.3317 18.6038 -16.9103 -25.5958 16.482 -16.7135 -20.8643 14.7087 -15.7072 -17.4376 12.8546 -13.9557 -14.3727 10.9734 -11.5495 -11.8094 9.10754 -8.64475 -9.81439 7.13049 -5.14043 -8.28832 5.17885 -1.42341 -7.34348 3.22556 2.38688 -6.91443 1.24893 6.20885 -6.96984 -1.81111 11.9416 -7.93495 -4.89981 17.5027 -9.57636 -8.08953 23.1168 -10.7878 -11.3494 28.7927 -10.2256 -14.2197 33.7455 -7.71864 -16.7044 38.0074 -3.88225 -18.7416 41.5403 0.853099 -20.0452 43.9523 6.46894 -20.3281 44.7344 11.9875 -19.816 44.1974 17.5189 -18.7265 42.572 22.7456 -17.2121 40.0358 27.4808 -15.2944 36.6162 31.651 -13.141 32.525 35.0255 -10.9802 27.8753 37.5699 -9.03723 22.7441 39.2001 -7.30567 16.8642 39.8724 -5.93212 10.8617 39.5456 -4.98295 4.89859 38.2951 -4.70805 -0.79615 35.9461 -5.13877 -5.0751 33.0082 -6.11049 -8.59439 29.2938 -7.4613 -11.1591 24.9667 -9.05948 -12.6052 20.2253 -11.0833 -12.8295 14.6024 -13.1084 -11.8125 9.06801 -14.7545 -9.96616 3.62322 -15.557 -7.44412 -1.73956 -15.3537 -4.8413 -6.03165 -14.2839 -1.97208 -10.0142 -12.2668 0.849265 -13.6487 -9.24558 3.3071 -16.8219 -4.83747 5.43113 -19.6065 0.254413 6.84738 -21.5468 5.72133 7.3781 -22.7833 11.2875 6.66456 -23.2368 16.3048 4.74148 -22.7006 20.665 1.92487 -21.2123 24.2482 -1.47736 -19.0339 26.9593 -5.35322 -16.4286 28.6367 -9.52518 -13.5931 29.3047 -13.8528 -10.5791 29.089 -18.1636 -7.47581 28.1353 -22.3746 -4.37473 26.4578 -26.601 -1.21963 24.1525 -30.5891 1.84821 21.2675 -34.2218 4.86661 17.8373 -37.3745 7.85412 13.5653 -40.1941 11.0396 8.8796 -42.3965 14.1282 3.88765 -43.9007 17.1554 -1.33948 -44.3886 20.1194 -5.46967 -43.8147 22.2928 -9.49089 -42.34 24.2335 -13.2481 -40.0207 25.8508 -16.6119 -36.9789 27.0932 -19.6264 -33.1407 27.9733 -22.0065 -28.8105 28.3964 -23.6737 -24.1403 28.3367 -24.5757 -19.296 27.7773 -24.6909 -13.5108 26.5049 -23.9845 -7.8964 24.7497 -22.6813 -2.49671 22.6891 -20.841 2.64913 20.4011 -18.3027 7.74893 17.7436 -15.2992 12.4765 14.8901 -12.0408 16.9379 11.8913 -8.61613 21.1707 8.74993 -5.89416 24.1485 6.24343 -3.04947 26.8659 3.58223 -0.104235 29.2627 0.72931 2.8973 31.3097 -2.32993 6.39373 33.24 -6.11802 9.8743 34.6736 -10.1343 13.2907 35.5002 -14.3705 16.5385 35.5616 -18.8144 19.3509 34.8248 -23.1476 21.8468 33.2791 -27.4615 23.9866 30.8631 -31.5619 25.6737 27.5522 -35.2252 27.0037 22.3988 -38.9899 27.5858 16.6353 -41.9805 27.7193 10.5364 -44.2796 1.72777 1.85853 1.96169 2.05585 1.90893 1.95084 2.00341 2.06866 1.82545 1.87776 1.9373 2.00016 1.79516 1.85409 1.91322 1.9742 1.78326 1.84363 1.87835 1.88793 2.22865 2.2743 2.33401 2.39424 3.0451 3.06009 3.1011 3.18114 3.18617 3.20786 3.27741 3.398 3.01141 3.08042 3.16657 3.2826 2.70486 2.76351 2.79567 2.79422 2.46833 2.38608 2.24053 2.06974 1.82429 1.67237 1.51942 1.37875 1.38025 1.32308 1.28667 1.27527 2.58464 2.40299 2.20705 2.00185 2.54234 2.15337 1.79497 1.46871 1.33415 0.922029 0.563173 0.253114 -0.46098 -0.740131 -0.945922 -1.09405 -1.75696 -1.79243 -1.80931 -1.8082 -2.38551 -2.37107 -2.3508 -2.327 -3.26133 -3.41 -3.62112 -3.93055 -4.8135 -5.07912 -5.3437 -5.58619 -5.58155 -5.66956 -5.74516 -5.81028 -5.61046 -5.64285 -5.67378 -5.70639 -5.20522 -5.23563 -5.29352 -5.38649 -4.05697 -4.02192 -3.98841 -3.93003 -8.36385
28.6299 9.31163 -45.9596 29.6272 5.1453 -44.8141 30.1739 1.17833 -42.9091 30.2343 -2.43165 -40.3343 29.8449 -5.58902 -37.2449 28.9091 -8.66696 -33.1731 27.5435 -11.0926 -28.7937 25.7585 -12.8536 -24.2504 23.5022 -13.8599 -19.687 21.4235 -14.0287 -16.2884 19.0772 -13.6355 -13.0885 16.5242 -12.7005 -10.1717 13.8339 -11.2912 -7.58796 10.8422 -9.33261 -5.19383 7.80805 -7.00782 -3.21712 4.77129 -4.37621 -1.67738 1.7723 -1.48462 -0.599037 -2.65189 3.30939 0.178854 -6.89853 8.32139 0.264018 -11.1557 13.3242 0.363329 -15.575 18.1309 1.0891 -19.8886 22.4434 2.44953 -24.2508 26.5085 4.32105 -28.6644 30.1593 6.82055 -33.0538 32.9507 10.2841 -36.7377 34.3777 14.2262 -40.0008 34.7306 18.7401 -42.6908 34.0226 23.5785 -44.6267 32.2062 28.4877 -45.6899 29.2419 33.2673 -45.8261 25.3979 37.506 -45.0496 20.9192 40.9847 -43.3 16.0341 43.4005 -40.4274 10.7002 44.5495 -36.8966 5.64892 44.3447 -33.0082 1.03135 43.087 -28.8967 -2.931 40.7592 -25.3888 -5.49244 37.8852 -22.0123 -7.21057 34.3111 -18.8719 -8.1193 30.2567 -16.0243 -8.28766 25.8989 -13.1596 -7.65366 20.6878 -10.6507 -6.36151 15.4152 -8.23948 -4.76397 10.1808 -5.66702 -3.12809 5.03579 -3.28453 -1.81743 0.811517 -0.642918 -0.65763 -3.3013 2.33608 0.188394 -7.25709 5.70303 0.550593 -10.968 9.89006 0.287873 -14.7227 14.3773 -0.679343 -17.9826 19.0165 -2.41304 -20.6604 23.6194 -5.04109 -22.559 27.7583 -8.38806 -23.4685 31.4163 -12.3603 -23.4655 34.4441 -16.7531 -22.631 36.6942 -21.3915 -21.0243 38.0275 -26.0033 -18.7411 38.4581 -30.4562 -15.8697 38.0266 -34.5866 -12.5512 36.779 -38.2646 -8.92135 34.6888 -41.5013 -4.94827 31.925 -44.071 -0.899987 28.6163 -45.9242 3.13108 24.8545 -46.9771 7.05167 20.3742 -47.176 11.0807 15.6766 -46.5336 14.8044 10.8974 -45.2279 18.2397 6.1206 -43.2432 21.3364 2.46609 -41.1329 23.4107 -1.05387 -38.5218 25.1147 -4.38177 -35.4672 26.4211 -7.48269 -32.054 27.341 -10.4805 -28.1449 27.9118 -13.1598 -23.9745 28.0661 -15.4601 -19.5913 27.7664 -17.3242 -15.0627 26.985 -18.9681 -9.57745 25.4648 -20.066 -4.11339 23.4549 -20.6601 1.27206 21.058 -20.6592 6.49648 18.264 -19.9392 11.7355 14.8659 -18.6383 16.628 11.1397 -16.9992 21.2585 7.21733 -15.0888 25.6385 3.13324 -13.4052 28.6983 -0.0856786 -11.4903 31.4686 -3.4349 -9.35888 33.8937 -6.91827 -7.05545 35.954 -10.5249 -4.22475 37.8924 -14.8296 -1.23867 39.3367 -19.2225 1.91407 40.1752 -23.6562 5.20623 40.2343 -28.0674 8.38403 39.4727 -32.1356 11.5654 37.8974 -35.9599 14.7215 35.4824 -39.3416 17.7591 32.2174 -42.0509 21.1589 27.1502 -44.3454 24.0401 21.4609 -45.6985 26.5435 15.4761 -46.3425 1.50207 1.70121 1.85749 1.98493 1.85163 1.88554 1.91088 1.93128 1.6337 1.62931 1.62632 1.62475 1.35388 1.34673 1.34405 1.34652 1.08606 1.07723 1.07187 1.0682 1.40463 1.4419 1.49382 1.56915 2.26781 2.34417 2.44065 2.55952 2.58247 2.59572 2.62805 2.67999 2.1885 2.12721 2.0713 2.01744 1.25275 1.137 1.01603 0.894175 0.489284 0.403232 0.33418 0.28631 0.176319 0.169998 0.182025 0.212547 0.39389 0.528151 0.68454 0.854935 2.3297 2.30693 2.27096 2.22237 2.91247 2.66642 2.44251 2.23825 2.21462 1.90282 1.63153 1.39609 0.74614 0.518516 0.348572 0.220721 -0.437727 -0.480253 -0.513659 -0.537257 -1.14698 -1.17171 -1.19556 -1.21988 -2.20914 -2.41476 -2.67708 -3.03423 -3.96506 -4.27625 -4.57951 -4.85542 -4.87839 -4.98872 -5.08439 -5.16587 -4.97863 -5.01916 -5.05306 -5.08185 -4.56819 -4.57663 -4.60027 -4.64371 -3.24338 -3.12583 -3.01022 -2.85623 -6.9713
29.7591 16.3029 -49.8959 31.1201 12.2644 -48.6696 31.9998 8.30769 -46.8708 32.3699 4.54875 -44.5472 32.2198 1.09813 -41.7658 31.3952 -2.4185 -38.04 29.9135 -5.2505 -33.9518 27.8445 -7.30627 -29.6598 25.2785 -8.53439 -25.3197 23.0347 -8.90668 -22.0445 20.606 -8.78857 -18.8842 18.0411 -8.19845 -15.8887 15.3865 -7.16279 -13.0994 12.4593 -5.59481 -10.3623 9.48199 -3.64441 -7.94356 6.48637 -1.38991 -5.83115 3.49736 1.10012 -3.99148 -1.02566 5.23764 -1.62796 -5.50135 9.61021 0.375016 -9.95903 14.0761 2.20478 -14.4422 18.5089 4.0526 -18.7687 22.5748 6.0038 -23.1792 26.3614 8.29849 -27.6799 29.6993 11.066 -32.2291 32.3827 14.407 -36.2445 34.0252 17.9179 -40.0815 34.7752 21.9007 -43.5575 34.4714 26.2565 -46.4504 33.0069 30.7989 -48.5708 30.2893 35.3685 -49.6238 26.4681 39.4979 -49.4879 21.8179 42.8324 -48.1684 16.7239 45.0846 -45.5775 11.2244 46.1171 -42.0595 6.17798 45.6918 -37.9502 1.92189 43.9531 -33.5609 -1.37377 41.143 -29.8169 -3.39478 38.1389 -26.1414 -4.76134 34.7111 -22.5893 -5.55674 30.9859 -19.1806 -5.88239 27.0613 -15.4369 -5.81066 22.3981 -11.8348 -5.42666 17.6397 -8.30097 -4.88241 12.8458 -4.75366 -4.32696 8.06317 -1.69979 -3.96676 4.09036 1.46591 -3.79356 0.193275 4.77944 -3.8991 -3.58143 8.26285 -4.37589 -7.16994 12.3684 -5.45729 -10.8677 16.6321 -7.2314 -14.0883 20.8878 -9.78652 -16.745 24.999 -13.086 -18.7224 28.6663 -16.8761 -19.8827 31.9228 -21.1681 -20.2497 34.6324 -25.8156 -19.7816 36.6738 -30.641 -18.4746 37.9372 -35.372 -16.4056 38.4022 -39.8868 -13.6381 38.05 -43.9973 -10.2857 36.9026 -47.5374 -6.48957 34.9276 -50.4752 -2.23519 32.2586 -52.5491 2.14727 29.0226 -53.7064 6.48542 25.359 -53.9415 10.6271 21.0449 -53.1876 14.7704 16.5604 -51.4647 18.4128 12.0547 -48.8824 21.4751 7.65206 -45.5635 23.9138 4.35452 -42.5461 25.3745 1.21674 -39.2126 26.4488 -1.73248 -35.617 27.1458 -4.47117 -31.809 27.4788 -7.1134 -27.6123 27.4533 -9.48962 -23.277 27.062 -11.5903 -18.8452 26.3269 -13.4089 -14.3541 25.2697 -15.2053 -8.95685 23.6133 -16.5877 -3.57308 21.5626 -17.5588 1.74773 19.1444 -18.1297 6.95473 16.3762 -18.3094 12.3005 13.0741 -18.062 17.4044 9.41307 -17.3977 22.2054 5.41029 -16.324 26.6398 1.08626 -15.2351 29.7098 -2.37039 -13.9045 32.5086 -5.96966 -12.3301 35.0065 -9.68992 -10.5117 37.1718 -13.5061 -8.10217 39.2224 -18.0106 -5.37662 40.7274 -22.5501 -2.35202 41.6323 -27.0594 0.943787 41.8847 -31.4611 4.2812 41.4791 -35.4518 7.77685 40.4159 -39.1773 11.3678 38.6795 -42.5416 14.9761 36.2736 -45.4436 19.3703 32.3763 -48.2724 23.4438 27.6043 -50.043 26.9777 22.1555 -50.6111 -82.9736 -82.7602 -82.5853 -82.4351 -82.5394 -82.4702 -82.4062 -82.3438 -82.6015 -82.569 -82.5332 -82.495 -82.7248 -82.6917 -82.6572 -82.6207 -82.8418 -82.8088 -82.7781 -82.7493 -82.3809 -82.3099 -82.2201 -82.0992 -81.3473 -81.2114 -81.0464 -80.8495 -80.7407 -80.6406 -80.5253 -80.3954 -80.8159 -80.8195 -80.8323 -80.8558 -81.6043 -81.7137 -81.8334 -81.9574 -82.367 -82.4577 -82.5295 -82.579 -82.6904 -82.6977 -82.6865 -82.6571 -82.4769 -82.3426 -82.1847 -82.0131 -80.5359 -80.5517 -80.5741 -80.6015 -79.8816 -80.0894 -80.2671 -80.4184 -80.3822 -80.6293 -80.8347 -81.0046 -81.5882 -81.7519 -81.8643 -81.94 -82.5567 -82.5671 -82.5729 -82.5735 -83.1644 -83.175 -83.1902 -83.2116 -84.2041 -84.4204 -84.7016 -85.0879 -86.0609 -86.4276 -86.7977 -87.153 -87.2585 -87.4507 -87.638 -87.819 -87.7457 -87.9141 -88.0796 -88.2402 -87.8502 -87.9701 -88.0932 -88.2218 -86.9005 -86.8509 -86.7785 -86.6385 -6.26688
