Optimization finished after 1000000 iterations.
NEB Energy: 1.52547
Max NEB Force: 0.0111861
Optimization took: 1782352822486 ms
Energies: 
1.44404, 1.52574, 1.53355, 1.51947, 1.51459, 1.49112, 1.48087, 1.46857, 1.45099, 1.43424, 
NEB Forces: 
0, 0.00191717, 0.00206247, 0.00244982, 0.00286262, 0.00282808, 0.00299792, 0.00542207, 0.0111861, 0, 
Gradients: 
2.67814e-06, 0.00226427, 0.00206823, 0.00247872, 0.00287406, 0.00280442, 0.00278011, 0.00205118, 0.00122867, 5.30019e-09, 
Spring Forces: 
0, 0.000540248, 1.86965e-05, 0.000210395, 6.15256e-05, 0.000523457, 0.00112715, 0.00502385, 0.011119, 0, 