# num_vectors 8
# vector_size 101
-27.6011 -4.69384 20.3966 -24.397 -19.1763 20.1196 -11.7852 -20.5329 11.8972 -3.28523 -8.97916 5.51846 2.85777 5.44416 2.61915 15.4773 14.3421 4.15155 23.9755 13.063 16.5226 18.2547 3.59675 27.0203 5.44823 -5.11831 25.5347 -4.99916 -9.02238 14.4525 -8.00377 -8.21458 -0.977155 -4.26635 -1.64105 -14.8078 2.25231 11.0054 -21.5289 10.0318 24.0642 -17.8915 15.9372 28.7907 -4.52607 15.2221 19.2239 7.12823 8.68923 5.72224 3.9552 -2.40612 0.414971 -5.94685 -12.3528 -2.92607 -17.8065 -11.7907 -10.8165 -30.9323 1.30662 -17.602 -32.4669 9.32288 -14.6099 -19.953 5.01973 -6.61598 -7.113 -5.26298 0.798999 2.57404 -17.6491 3.51669 12.0558 0 0 0 0 0 0 0 0 0 0 0 0 0 0 0 0 0 0 0 0 0 0 0 0 0 0
-26.0257 -15.1538 28.3333 -21.0422 -29.2002 25.841 -9.29037 -27.9472 15.8689 -3.03658 -14.5298 9.87265 0.936654 1.02611 8.01049 12.6336 11.3128 9.07674 22.8416 9.54859 20.2232 19.6214 -1.94913 30.2517 7.72043 -12.0822 29.2785 -3.62606 -15.9068 19.016 -8.66451 -13.5426 4.06383 -7.48283 -4.76861 -9.41155 -3.39008 9.53623 -15.3651 3.20935 23.1138 -11.0665 10.1968 26.9059 2.15129 12.1397 15.7898 12.6969 6.90063 1.86727 8.65095 -4.77024 -3.58946 -0.526106 -15.7839 -6.69089 -11.5583 -15.8776 -12.8669 -25.7429 -2.12257 -17.8196 -29.7679 7.08635 -15.3908 -17.8834 3.3902 -9.54421 -3.50306 -6.60792 -4.63057 8.40072 -18.1468 -4.65196 19.7743 0 0 0 0 0 0 0 0 0 0 0 0 0 0 0 0 0 0 0 0 0 0 0 0 0 0
-25.5897 -8.36221 24.6346 -26.1479 -24.1266 20.7441 -18.5064 -27.1735 5.38769 -0.676153 -15.4403 7.69679 1.67456 0.523146 5.77675 13.1596 11.407 3.40608 24.4575 12.497 14.006 21.3169 4.69504 28.2973 12.4975 -9.15082 28.2992 4.16411 -19.4632 17.1231 -4.66501 -14.7049 3.8269 -4.70172 -5.66642 -9.5831 -1.11201 8.7432 -15.6307 -1.38383 25.1365 -9.67677 2.24051 31.3595 4.62148 8.92927 20.2749 14.3259 8.03954 4.81578 9.9355 -0.543801 -4.07112 -1.12851 -14.223 -5.73372 -9.90416 -17.8384 -10.667 -24.6065 -5.65876 -17.7479 -31.3966 6.31618 -16.7388 -21.3652 6.58926 -9.43422 -6.55743 -0.124299 -3.41606 7.64917 -13.8127 -0.155314 16.8482 0 0 0 0 0 0 0 0 0 0 0 0 0 0 0 0 0 0 0 0 0 0 0 0 0 0
-28.8793 -9.75495 21.0352 -25.2339 -26.037 18.6393 -16.9684 -28.4709 3.47176 0.0578264 -15.6343 6.38319 1.13296 0.710069 6.06889 11.5715 12.5783 3.14765 26.233 10.9235 10.4448 25.465 3.70579 25.5765 11.4056 -6.802 28.2793 3.61897 -18.9751 18.4125 -3.89415 -16.4729 3.43497 -3.62569 -7.57183 -10.0685 1.8508 6.16537 -16.5984 0.60368 23.1266 -12.2525 4.74281 31.082 1.16122 10.4714 20.8114 12.4573 10.243 5.00772 9.14627 -0.755401 -5.60832 1.34471 -14.0444 -5.70098 -8.33663 -17.2674 -10.3534 -23.2297 -6.28688 -21.2849 -28.1551 8.28018 -11.985 -22.052 7.01258 -8.50469 -5.32932 -1.85854 -1.36764 7.38371 -16.7682 0.0360151 15.4237 0 0 0 0 0 0 0 0 0 0 0 0 0 0 0 0 0 0 0 0 0 0 0 0 0 0
-30.7132 -4.90089 17.9569 -27.7348 -21.8104 18.8096 -22.5568 -28.0488 2.57009 -2.72361 -17.8138 0.537239 -0.615058 -1.40819 6.94433 7.84883 10.9927 -0.869113 23.0748 14.3643 6.43368 24.9219 5.67787 20.9975 9.49293 -2.31839 26.34 -2.2193 -13.2193 18.0015 -8.94687 -10.1703 2.72134 -2.39875 -6.68061 -14.2243 2.31532 6.59315 -22.3685 2.40759 23.7864 -18.5439 14.8784 33.2132 -8.57371 6.00485 21.3245 8.65622 9.79858 5.97518 2.89885 -0.452761 -7.00042 -2.74507 -14.5858 -9.97251 -11.2404 -17.418 -12.6049 -26.8491 -3.83023 -19.6904 -34.4979 8.27832 -10.0325 -23.0723 3.93132 -12.4163 -5.36262 -1.56987 0.317735 6.5598 -13.5684 2.92889 19.7876 0 0 0 0 0 0 0 0 0 0 0 0 0 0 0 0 0 0 0 0 0 0 0 0 0 0
-26.3492 2.31239 3.01638 -30.8767 -5.77468 -9.01012 -19.1608 -11.6313 -16.5826 -4.85002 -8.13422 -11.822 2.03312 -0.788802 0.427255 8.10792 9.45865 10.9262 21.1941 11.1548 18.5355 31.1463 -0.303886 16.608 25.8722 -13.9475 11.495 13.2203 -17.9458 2.99696 0.486921 -12.2289 -4.39137 -8.94837 0.210118 -7.1134 -12.0518 15.5026 -4.55053 -10.1565 27.6065 5.33283 0.309775 31.6075 16.0719 10.8368 21.8101 20.9855 11.6802 9.08583 12.7986 1.94411 3.93884 1.49595 -9.60309 -3.01121 -6.99432 -12.2614 -13.2359 -18.3965 -1.04174 -21.4069 -24.5274 12.4026 -17.0484 -19.1745 13.1847 -5.20108 -8.83927 3.28046 1.54865 1.53995 -11.3989 4.52371 6.71891 0 0 0 0 0 0 0 0 0 0 0 0 0 0 0 0 0 0 0 0 0 0 0 0 0 0
-26.3084 3.2644 3.03344 -31.2 -5.46238 -8.34593 -19.7906 -12.4427 -15.2927 -5.34314 -9.2386 -10.7606 1.87197 -1.57444 1.08004 8.32357 8.93287 11.0619 21.6422 10.7582 18.2048 31.0205 -1.22641 17.3367 26.0344 -14.3056 10.8616 12.8307 -18.2173 3.2799 -0.057196 -12.395 -3.73719 -8.78644 0.264583 -7.38356 -12.4271 15.3892 -4.61041 -10.849 27.4488 5.37667 -0.896428 31.2692 16.6312 10.1494 21.8698 21.0996 11.0163 9.0999 12.987 1.63696 4.14313 1.31686 -9.93856 -2.12614 -7.61458 -12.9226 -12.6738 -18.6189 -1.84785 -20.6142 -25.2666 11.7155 -16.3406 -20.1587 12.8099 -6.71208 -8.08265 3.2426 1.29673 1.58713 -11.2702 5.22407 6.49673 0 0 0 0 0 0 0 0 0 0 0 0 0 0 0 0 0 0 0 0 0 0 0 0 0 0
-26.4346 3.18081 2.85576 -31.3044 -5.50079 -8.56723 -19.8618 -12.2389 -15.6898 -5.51411 -9.88218 -10.4975 1.71942 -1.90041 1.1133 8.51595 8.7986 10.6335 21.8972 10.507 17.6859 30.4682 -1.97596 18.1937 25.5599 -14.9265 11.4166 12.8993 -18.4512 2.87063 -2.90946e-05 -12.4586 -3.97573 -8.58913 0.318092 -7.54018 -12.4982 15.2743 -4.31198 -10.1464 27.5169 5.2505 -0.622508 30.7854 17.0058 10.2422 21.1648 21.4382 11.1438 8.5989 13.0247 1.48963 3.63 1.59186 -10.1106 -2.93022 -7.08665 -13.0294 -12.924 -18.5888 -1.88703 -19.9714 -25.9856 11.634 -16.2525 -20.4054 12.7035 -6.62861 -8.32351 3.11685 1.15657 1.50455 -11.4042 5.1066 6.37102 0 0 0 0 0 0 0 0 0 0 0 0 0 0 0 0 0 0 0 0 0 0 0 0 0 0
