# num_vectors 10
# vector_size 401
# Iterations: 3000, stepsize: 0.028713, max step size: 1.000000, spring constant: 0.000010, global NEB Hessian: false, global NEB Linesearch: true, climbing image: false
-24.4442 -0.175799 20.3949 -26.6538 -3.13372 20.0453 -28.1665 -6.34651 18.9761 -28.8203 -9.55833 17.241 -28.5336 -12.4826 14.9783 -27.2996 -14.8922 12.3417 -25.249 -16.5207 9.61707 -22.5911 -17.2668 7.03646 -19.5621 -17.1353 4.78058 -16.2575 -16.1611 2.90108 -12.9827 -14.4792 1.54132 -9.86802 -12.2482 0.690526 -6.98491 -9.61415 0.300392 -4.31895 -6.65111 0.307864 -1.85637 -3.53261 0.620469 0.503669 -0.361978 1.13469 2.87734 2.77993 1.75215 5.31531 5.73552 2.3601 8.11756 8.29993 3.14745 11.0736 10.4159 4.50129 13.9872 11.9822 6.52772 16.6203 12.8536 9.0747 18.8946 12.994 12.0727 20.647 12.3588 15.3446 21.7409 10.9655 18.6676 22.0879 8.87093 21.8339 21.6454 6.24313 24.56 20.4583 3.28325 26.6487 18.6327 0.20843 27.9698 16.2649 -2.83783 28.469 13.5629 -5.61561 28.1249 10.6965 -7.9973 27.0083 7.8127 -9.90494 25.2249 5.00064 -11.3158 22.8686 2.38009 -12.2071 20.0776 0.0131207 -12.6015 16.9643 -2.06048 -12.5351 13.6256 -3.81893 -12.0492 10.1389 -5.24659 -11.187 6.57466 -6.33622 -9.9908 2.98759 -7.08322 -8.49945 -0.576561 -7.49919 -6.73194 -4.07409 -7.6308 -4.67474 -7.43272 -7.50658 -2.32147 -10.5913 -7.10908 0.306703 -13.5007 -6.42213 3.17865 -16.0998 -5.4293 6.2642 -18.329 -4.11894 9.51542 -20.1145 -2.48848 12.866 -21.3758 -0.56428 16.2039 -22.0272 1.63048 19.4366 -22.0035 4.03554 22.4219 -21.2472 6.55782 24.9947 -19.7351 9.02652 26.9514 -17.5403 11.3368 28.1856 -14.7333 13.3277 28.5771 -11.474 14.8467 28.0658 -7.98528 15.7614 26.7017 -4.58786 16.0332 24.5812 -1.47828 15.6505 21.8689 1.11732 14.6587 18.7704 3.02922 13.1225 15.4495 4.16988 11.1782 12.1607 4.47539 8.95846 9.07553 3.98105 6.57707 6.32335 2.7792 3.84189 3.94153 1.22055 0.943155 1.77696 -0.359273 -1.97784 -0.311722 -1.99911 -4.80732 -2.39988 -3.79284 -7.42348 -4.55851 -5.83467 -9.6575 -6.8244 -8.19007 -11.3633 -9.17901 -10.8769 -12.3904 -11.5621 -13.8666 -12.5945 -13.801 -16.9689 -11.9107 -15.845 -20.1364 -10.2908 -17.5387 -23.1672 -7.78528 -18.7213 -25.8133 -4.67836 -19.2525 -27.765 -1.15934 -19.1137 -28.9232 2.45163 -18.3134 -29.1777 5.83031 -16.9352 -28.5226 8.76333 -15.0731 -27.0085 10.9813 -12.9252 -24.8109 12.4017 -10.6549 -22.1293 13.0328 -8.39398 -19.1539 12.9272 -6.15533 -15.9238 12.1607 -4.08215 -12.6725 10.8565 -2.19647 -9.47883 9.13146 -0.49492 -6.3828 7.05674 1.06352 -3.35326 4.74701 2.48361 -0.427543 2.27986 3.80146 2.41637 -0.291064 4.96966 5.23364 -2.98191 5.90782 7.98133 -5.83869 6.54529 10.6465 -8.87287 6.79394 13.1768 -12.0714 6.56126 15.4975 -15.2857 5.79044 17.4534 -18.5203 4.41856 19.0048 -21.6361 2.41832 20.0259 36.5281 36.6365 36.7721 36.9073 37.2058 37.2465 37.3263 37.4379 37.1125 37.1689 37.2046 37.2294 37.0069 37.0504 37.0811 37.1034 37.0939 37.0906 37.0998 37.1121 37.1001 37.1106 37.1853 37.3187 36.8868 37.0201 37.1491 37.2291 36.8305 36.8711 36.863 36.8295 36.8097 36.8113 36.799 36.7775 36.9238 36.9153 36.8977 36.8693 37.0744 37.0468 37.0197 36.9913 37.2112 37.1607 37.1003 37.0333 37.2316 37.1437 37.063 37.0004 37.0686 36.9856 36.94 36.9506 36.7184 36.7744 36.9209 37.1238 36.6233 36.8063 36.923 36.9698 36.8354 36.8766 36.9044 36.9136 36.8832 36.8438 36.7882 36.7301 36.6685 36.647 36.6835 36.7945 36.8027 37.0128 37.2495 37.476 37.546 37.7057 37.8047 37.8522 37.9048 37.9135 37.9014 37.8807 37.9276 37.9102 37.8937 37.8775 37.9242 37.8971 37.8619 37.8217 37.962 37.948 37.9521 37.994 3.41345
-27.032 -4.80686 19.9349 -27.5753 -8.36147 20.8418 -27.1948 -12.0414 21.1002 -25.9769 -15.5265 20.7481 -23.9163 -18.4462 19.7573 -21.1237 -20.4213 18.1509 -18.02 -21.2987 16.1818 -14.8869 -21.2516 14.0695 -11.9092 -20.2906 11.9506 -9.2224 -18.2934 9.90293 -7.03988 -15.5593 8.12469 -5.14383 -12.4915 6.57714 -3.34682 -9.28341 5.20581 -1.65462 -5.88513 3.99182 -0.102772 -2.35906 2.96996 1.57052 1.17563 2.20088 3.70052 4.51993 1.79591 6.26372 7.43149 1.78216 9.14784 10.002 2.13119 12.2037 12.2219 3.01495 15.2745 13.8691 4.71903 18.0288 14.6859 7.15333 20.379 14.7467 10.0948 22.1756 14.148 13.3495 23.1379 12.8772 16.761 23.055 10.9683 20.0596 22.0503 8.66329 22.9249 20.3674 6.15683 25.2526 18.0794 3.57809 26.8797 15.2156 1.05418 27.6301 12.0651 -1.2261 27.5309 8.84557 -3.2744 26.7729 5.69985 -5.07939 25.3653 2.73007 -6.56379 23.2612 0.0360277 -7.69058 20.63 -2.36571 -8.52718 17.633 -4.3617 -9.07322 14.2911 -5.82237 -9.28821 10.6436 -6.79231 -9.1942 6.83108 -7.39041 -8.79399 2.9624 -7.58443 -7.99832 -0.886463 -7.29292 -6.77424 -4.62084 -6.58685 -5.21317 -8.16958 -5.60584 -3.33598 -11.4926 -4.39901 -1.03764 -14.4575 -2.98167 1.68835 -16.9141 -1.39593 4.70667 -18.8762 0.334427 7.91018 -20.3657 2.19953 11.2635 -21.2324 4.12199 14.663 -21.3559 6.05538 18.0163 -20.822 8.01335 21.1946 -19.6676 9.9815 23.9809 -17.7624 11.8131 26.127 -15.1587 13.452 27.6344 -12.0311 14.8529 28.4254 -8.54524 15.9025 28.2319 -4.8574 16.4614 26.9574 -1.34992 16.5349 24.8302 1.76602 16.1287 22.1095 4.34913 15.1835 18.931 6.14976 13.7167 15.471 6.90194 11.9298 12.0896 6.65446 9.90874 8.96639 5.73243 7.59874 6.27259 4.28468 4.95151 4.15292 2.26452 2.21512 2.65977 -0.157224 -0.478725 1.48783 -2.79392 -3.11229 0.450183 -5.54529 -5.72689 -0.413834 -8.38941 -8.28352 -1.11619 -11.3291 -10.5733 -1.91755 -14.4575 -12.2635 -3.10611 -17.8341 -13.1581 -4.65 -21.2244 -13.3656 -6.46748 -24.5906 -12.8064 -8.51867 -27.7777 -11.2238 -10.7522 -30.458 -8.73067 -12.872 -32.1999 -5.62482 -14.7342 -32.9937 -2.2275 -16.211 -32.8481 1.16307 -17.127 -31.6613 4.20984 -17.3211 -29.4161 6.56604 -16.8367 -26.4877 8.21775 -15.8657 -23.218 9.08432 -14.4901 -19.7947 9.01944 -12.6914 -16.2996 8.11976 -10.6759 -13.0463 6.71461 -8.60861 -10.0118 4.95132 -6.56802 -7.15129 2.78497 -4.54286 -4.48366 0.297033 -2.58592 -2.05648 -2.39453 -0.779039 0.267595 -5.2347 0.766696 2.60313 -8.19072 2.01553 4.92097 -11.2628 2.99555 7.21708 -14.4162 3.54751 9.54542 -17.569 3.36354 11.9319 -20.4931 2.37503 14.2174 -23.1811 0.697693 16.3882 -25.4729 -1.66887 18.3625 0.269314 0.189251 0.166636 0.139144 0.284782 0.214717 0.217429 0.276853 -0.0466209 0.0645065 0.143665 0.19098 0.00772752 0.111875 0.161124 0.142378 0.0796767 0.0712922 0.0768994 0.0750782 0.0538875 0.0575207 0.11355 0.239866 -0.153223 0.0317888 0.186475 0.312346 -0.0224377 0.0463673 0.0368375 0.00579624 -0.00718548 -0.00069637 -0.00343181 -0.0180626 0.118754 0.0948759 0.060952 -0.0133991 0.116523 0.0308935 -0.0318806 -0.113506 0.0474338 -0.0230664 -0.0746172 -0.135892 0.0777697 0.0284541 -0.013469 -0.0504455 0.0439606 -0.0124814 -0.0370263 0.009987 -0.163548 -0.0723846 0.0673142 0.276954 -0.202206 -0.0383371 0.0355388 0.0666788 -0.0640264 -0.0223184 -0.00752223 -0.00459222 -0.0308614 -0.0508066 -0.0598998 -0.051332 -0.0712117 -0.0831144 -0.0715174 -0.0217853 -0.120286 -0.0602609 0.000143156 0.0419027 -0.0694865 -0.0670516 -0.0858863 -0.125517 -0.139836 -0.169513 -0.187976 -0.200579 -0.14584 -0.154042 -0.15946 -0.168101 -0.111203 -0.117045 -0.12904 -0.165596 -0.0418243 -0.0753913 -0.119509 -0.215113 1.25778
-26.709 -12.5562 24.7755 -26.342 -16.1245 25.7164 -25.0814 -19.6024 25.9791 -23.0803 -22.7024 25.6061 -20.4145 -25.0652 24.575 -17.2734 -26.3517 22.9142 -14.0922 -26.5132 20.881 -11.1034 -25.7832 18.6868 -8.49545 -24.2103 16.4498 -6.44602 -21.7013 14.2351 -5.07624 -18.595 12.2664 -4.00857 -15.2394 10.5339 -2.92581 -11.7894 9.00874 -1.80588 -8.20225 7.68068 -0.708957 -4.53407 6.57307 0.594096 -0.861132 5.73821 2.4493 2.63956 5.304 4.84257 5.69234 5.3141 7.63127 8.35721 5.7254 10.6576 10.5921 6.67084 13.7724 12.129 8.39797 16.6186 12.6976 10.7969 19.0729 12.4014 13.6373 20.9864 11.3822 16.7162 22.1075 9.65828 19.8706 22.2372 7.28629 22.8521 21.4645 4.54826 25.3895 19.9781 1.68713 27.4235 17.7963 -1.09945 28.8402 14.9234 -3.63987 29.4937 11.673 -5.77544 29.3973 8.30465 -7.59012 28.6928 4.97709 -9.10361 27.3617 1.78966 -10.2342 25.3587 -1.14705 -10.9646 22.8502 -3.78782 -11.4102 19.9731 -5.9752 -11.6311 16.7148 -7.54412 -11.6225 13.1061 -8.55194 -11.3877 9.30955 -9.17703 -10.871 5.45901 -9.44167 -9.9359 1.64589 -9.27801 -8.54091 -2.03595 -8.7333 -6.79633 -5.52718 -7.91479 -4.74709 -8.79208 -6.85402 -2.30294 -11.6955 -5.56712 0.542886 -14.0871 -4.09537 3.65795 -15.9858 -2.42752 6.91569 -17.4282 -0.513121 10.2437 -18.285 1.59649 13.5288 -18.4454 3.8255 16.7047 -17.9843 6.14563 19.6629 -16.9196 8.5213 22.182 -15.1092 10.7775 24.0175 -12.6032 12.8359 25.1865 -9.58055 14.6076 25.645 -6.20554 15.9117 25.1671 -2.62646 16.5602 23.6945 0.786761 16.5822 21.4561 3.82464 16.0323 18.7049 6.34811 14.8725 15.5808 8.11841 13.1223 12.2574 8.88019 11.0134 9.06354 8.67877 8.6732 6.14821 7.83422 6.07933 3.66104 6.50206 3.18271 1.73088 4.64028 0.227338 0.391118 2.39235 -2.6516 -0.668416 -0.0919414 -5.40458 -1.65511 -2.74338 -8.05061 -2.55024 -5.5486 -10.5678 -3.34617 -8.49852 -12.7703 -4.23858 -11.6647 -14.3271 -5.45552 -15.095 -15.0458 -6.95497 -18.5465 -15.036 -8.66603 -21.9744 -14.2288 -10.5335 -25.2207 -12.3872 -12.4784 -27.9599 -9.66076 -14.234 -29.7566 -6.35872 -15.6954 -30.5962 -2.81384 -16.7744 -30.4797 0.655748 -17.3321 -29.2988 3.69436 -17.2425 -27.036 5.96223 -16.5784 -24.0733 7.46571 -15.5376 -20.7539 8.12704 -14.2272 -17.26 7.79203 -12.6556 -13.6721 6.59138 -10.9906 -10.3192 4.89077 -9.33682 -7.1841 2.86025 -7.74184 -4.21949 0.453503 -6.19297 -1.44117 -2.24883 -4.73177 1.103 -5.11457 -3.44621 3.56175 -8.05693 -2.46323 6.06908 -11.0295 -1.81761 8.60222 -14.0423 -1.47268 11.1467 -17.0405 -1.57648 13.7293 -19.8904 -2.42659 16.3417 -22.3627 -4.04732 18.7936 -24.4619 -6.30878 21.0805 -26.0239 -9.14938 23.1401 0.281243 0.15601 0.110155 0.0695215 0.207246 0.137615 0.148312 0.217216 -0.0883005 0.0642764 0.189567 0.25995 0.0797615 0.184885 0.230329 0.203742 0.131068 0.114114 0.113571 0.107755 0.0830947 0.0851024 0.138642 0.253244 -0.171634 -0.0377919 0.0662293 0.16039 -0.175572 -0.0886788 -0.0786606 -0.0910238 -0.0853621 -0.0629438 -0.0517621 -0.0496103 0.106026 0.0958189 0.067702 -0.00275084 0.135916 0.0621693 0.00947893 -0.0641619 0.103503 0.0369868 -0.0161576 -0.0890587 0.104227 0.0342777 -0.0266851 -0.0852421 -0.0127768 -0.0870165 -0.128572 -0.103821 -0.299213 -0.217874 -0.0757546 0.146617 -0.308275 -0.119691 -0.030326 0.0107858 -0.109887 -0.0603019 -0.0439635 -0.0388318 -0.0608476 -0.0774888 -0.0861523 -0.0764807 -0.0896635 -0.0915997 -0.0657842 0.00664212 -0.0628562 0.0248634 0.109346 0.17305 0.0788135 0.0890463 0.0694539 0.0221522 -0.0085564 -0.0599008 -0.0966489 -0.123429 -0.0826646 -0.103096 -0.114931 -0.12536 -0.0700452 -0.0790236 -0.0968054 -0.145748 -0.0448832 -0.107349 -0.183568 -0.325446 1.07572
-23.6586 -10.8358 26.8286 -24.5366 -14.4119 27.2686 -24.6303 -18.0963 26.8571 -23.9535 -21.559 25.7147 -22.4404 -24.4052 23.881 -20.1618 -26.2203 21.4742 -17.5069 -26.86 18.8622 -14.751 -26.547 16.2956 -12.0399 -25.3443 13.9539 -9.46034 -23.154 11.9667 -7.23776 -20.2792 10.4847 -5.27905 -17.0877 9.31028 -3.52069 -13.74 8.26051 -2.01685 -10.178 7.29294 -0.762126 -6.48511 6.47256 0.590919 -2.78551 5.86661 2.45137 0.724062 5.54042 4.82866 3.78875 5.48514 7.58523 6.50962 5.69792 10.5427 8.91446 6.41717 13.5281 10.8241 7.99416 16.2155 11.9718 10.3689 18.5422 12.3945 13.2993 20.4111 12.1145 16.5563 21.5936 11.0392 19.9658 21.8787 9.16259 23.2717 21.3359 6.74017 26.1647 20.1988 3.96858 28.5223 18.5777 0.926569 30.1503 16.5124 -2.29301 30.86 14.1936 -5.41241 30.6948 11.7252 -8.30414 29.87 9.15032 -10.8288 28.4103 6.53976 -12.8492 26.2765 4.02811 -14.3359 23.6437 1.64739 -15.3665 20.6906 -0.558032 -15.8655 17.4755 -2.50822 -15.7279 14.0605 -4.18086 -15.0425 10.5652 -5.57868 -13.9588 7.05002 -6.59846 -12.4902 3.54463 -7.13496 -10.6273 0.113808 -7.25709 -8.44798 -3.16713 -7.12376 -5.9659 -6.22499 -6.79205 -3.09919 -8.90842 -6.24691 0.130395 -11.0873 -5.50805 3.59866 -12.7902 -4.61632 7.2318 -14.0068 -3.60434 10.9964 -14.5343 -2.53521 14.7432 -14.2413 -1.42835 18.3569 -13.2495 -0.216082 21.7096 -11.6502 1.16005 24.5601 -9.35943 2.60053 26.6306 -6.46502 4.03413 27.9358 -3.15124 5.45828 28.4356 0.378858 6.86754 27.8939 3.90869 8.13563 26.2513 7.06036 9.16806 23.7473 9.68782 9.85734 20.6379 11.7116 10.0685 17.0699 12.9215 9.74313 13.2551 13.0948 8.97977 9.578 12.3303 7.83402 6.19133 10.9495 6.21245 3.25121 9.10164 4.04142 0.928727 6.76193 1.58073 -0.685331 4.13103 -0.98011 -1.90271 1.38473 -3.63652 -2.91325 -1.35465 -6.46171 -3.67081 -4.02216 -9.37703 -4.19032 -6.64936 -12.1078 -4.72634 -9.46478 -14.2869 -5.54085 -12.6678 -15.691 -6.61899 -16.0654 -16.4364 -7.90767 -19.5954 -16.4074 -9.4203 -23.1152 -15.2726 -11.1635 -26.3324 -13.0692 -12.9046 -28.7524 -10.1044 -14.5108 -30.2933 -6.7169 -15.8948 -30.8876 -3.20442 -16.9505 -30.3477 0.0904258 -17.5474 -28.5732 2.77924 -17.6421 -25.9042 4.82942 -17.3049 -22.7348 6.16876 -16.5223 -19.2771 6.6582 -15.2307 -15.5964 6.33219 -13.6105 -12.0293 5.49157 -11.8907 -8.5954 4.27524 -10.2071 -5.25744 2.63789 -8.56144 -2.01376 0.650222 -6.98002 1.06178 -1.55856 -5.52734 4.04871 -3.92855 -4.30232 7.01403 -6.43959 -3.33377 9.91691 -9.09106 -2.60336 12.7641 -11.843 -2.26658 15.5895 -14.6251 -2.5991 18.3858 -17.2525 -3.64524 20.9845 -19.7363 -5.32098 23.3875 -21.9622 -7.68084 25.4434 -0.00766844 -0.0349802 -0.00048144 0.031148 0.236596 0.219131 0.267426 0.375651 0.0998213 0.226698 0.285576 0.30925 0.116237 0.223814 0.273651 0.250793 0.182282 0.169285 0.173295 0.173757 0.15547 0.160075 0.217991 0.346855 -0.0579666 0.0915181 0.197787 0.261024 -0.144539 -0.126185 -0.156224 -0.194879 -0.215155 -0.213723 -0.218251 -0.23582 -0.0994063 -0.110983 -0.114091 -0.137335 0.0538441 0.0219702 0.00480515 -0.0250811 0.190846 0.163038 0.144132 0.115591 0.360644 0.336285 0.315634 0.299444 0.411674 0.368133 0.350516 0.388508 0.17211 0.186313 0.227648 0.317957 -0.278833 -0.192607 -0.157935 -0.14909 -0.292906 -0.25096 -0.225684 -0.213952 -0.234962 -0.250046 -0.250811 -0.225827 -0.227868 -0.217788 -0.176837 -0.0849751 -0.134926 -0.0316392 0.0622639 0.125481 0.0186506 0.00935496 -0.0288387 -0.0898689 -0.125089 -0.171537 -0.202943 -0.228863 -0.189686 -0.213243 -0.23266 -0.255497 -0.21164 -0.231581 -0.260203 -0.317796 -0.212687 -0.261676 -0.327421 -0.438325 1.33526
-26.4584 -10.5738 20.2997 -27.4314 -14.1507 20.1906 -27.518 -17.79 19.4825 -26.7899 -21.2098 18.2463 -25.2367 -24.0791 16.4835 -22.921 -26.0692 14.2571 -20.1648 -27.0364 11.8596 -17.1733 -27.1094 9.55188 -14.0504 -26.2731 7.59537 -10.8856 -24.4346 6.17966 -8.00343 -21.8992 5.3637 -5.42016 -18.9894 4.85255 -3.23603 -15.7534 4.45473 -1.73395 -12.0689 4.22571 -0.776932 -8.20031 4.17311 0.202372 -4.33703 4.18993 1.71322 -0.650007 4.10545 3.75682 2.63478 3.82267 6.19078 5.63286 3.45683 8.97298 8.33478 3.38404 12.1435 10.4831 3.99944 15.4379 11.7536 5.30735 18.6914 12.2283 7.14265 21.6421 12.0324 9.47378 23.9041 11.162 12.3555 25.1399 9.62706 15.6186 25.3557 7.6195 18.8521 24.7793 5.27621 21.8032 23.4378 2.66872 24.239 21.2828 -0.0777194 25.9558 18.5756 -2.71235 26.8856 15.6321 -5.24329 27.1413 12.6814 -7.73229 26.6589 9.86092 -10.1346 25.3459 7.25661 -12.3107 23.3629 4.81261 -14.1555 20.8984 2.53983 -15.4838 17.9794 0.536497 -16.1553 14.6598 -1.17296 -16.2411 11.1165 -2.60622 -15.8505 7.47265 -3.6031 -14.946 3.77503 -3.95692 -13.5169 0.119715 -3.86153 -11.6328 -3.34008 -3.54437 -9.37001 -6.55073 -3.08457 -6.68357 -9.39687 -2.44863 -3.59227 -11.7451 -1.64832 -0.223324 -13.6118 -0.796645 3.34722 -15.0262 -0.0511236 7.11789 -15.8634 0.482526 10.9855 -16.0193 0.867429 14.8476 -15.5683 1.30825 18.587 -14.5241 1.97903 21.9995 -12.7432 2.85564 24.8021 -10.27 3.86154 26.9746 -7.26865 4.99181 28.4039 -3.88945 6.27598 28.7543 -0.288489 7.60366 27.8525 3.12662 8.83782 25.9307 6.13042 9.83061 23.2672 8.61225 10.439 19.9818 10.3657 10.593 16.2318 11.1419 10.3275 12.4121 10.9749 9.62347 8.72724 10.1908 8.31381 5.33428 8.98207 6.28478 2.369 7.3475 3.80417 -0.0155341 5.41297 1.11666 -1.98188 3.29338 -1.74361 -3.53835 1.06226 -4.82351 -4.5396 -1.21423 -8.00357 -5.06091 -3.51344 -11.023 -5.52795 -6.03057 -13.5469 -6.32841 -8.97328 -15.331 -7.45908 -12.1695 -16.4808 -8.82282 -15.56 -16.8637 -10.396 -19.0322 -16.1214 -12.1845 -22.3378 -14.2366 -13.9745 -24.981 -11.4904 -15.6117 -26.8578 -8.17476 -16.8934 -27.9102 -4.52861 -17.5592 -27.9851 -0.879527 -17.4209 -26.972 2.30202 -16.5873 -25.0892 4.8821 -15.3555 -22.6016 6.70866 -13.924 -19.6056 7.60293 -12.3433 -16.1189 7.57095 -10.753 -12.5236 6.92581 -9.18255 -8.97774 5.7952 -7.63359 -5.54577 4.12809 -6.10337 -2.26099 2.0198 -4.65586 0.800141 -0.395066 -3.35973 3.69827 -3.09201 -2.29283 6.43667 -6.05731 -1.47112 8.92699 -9.24821 -0.884668 11.1951 -12.5769 -0.717995 13.3309 -15.9332 -1.29162 15.3497 -19.0654 -2.65244 17.1071 -21.9742 -4.66991 18.597 -24.5365 -7.29824 19.7272 0.171963 0.193961 0.251146 0.291931 0.494 0.459956 0.486505 0.57318 0.258301 0.319625 0.320407 0.321839 0.146659 0.266162 0.312912 0.287102 0.222877 0.212871 0.206707 0.181627 0.124127 0.0842409 0.0878277 0.141586 -0.346355 -0.244524 -0.12583 0.00946163 -0.284096 -0.168892 -0.15114 -0.178103 -0.199304 -0.199256 -0.205772 -0.232004 -0.110135 -0.135976 -0.155215 -0.20871 -0.0648675 -0.134806 -0.165267 -0.194576 0.0197138 -0.0104745 -0.0172786 -0.0105005 0.27915 0.287376 0.283223 0.277659 0.397702 0.355067 0.333944 0.370653 0.154299 0.164988 0.198413 0.27817 -0.33041 -0.253454 -0.219355 -0.199182 -0.322482 -0.260592 -0.224903 -0.214805 -0.242852 -0.268182 -0.284131 -0.280151 -0.308926 -0.322862 -0.301815 -0.225512 -0.286273 -0.187269 -0.0829536 0.0189083 -0.0187401 0.0497625 0.0740019 0.0556528 0.0400667 -0.011926 -0.0611168 -0.105191 -0.0809598 -0.114859 -0.141175 -0.170507 -0.132365 -0.148893 -0.163582 -0.197509 -0.0657066 -0.0834035 -0.0937918 -0.116806 1.56196
-26.8382 -4.62719 16.7462 -28.7224 -7.73753 16.0194 -29.7598 -11.1047 14.8621 -29.9981 -14.458 13.2963 -29.4005 -17.5267 11.3015 -27.9445 -20.0754 8.92155 -25.8123 -21.9241 6.40837 -23.1403 -23.0594 3.98936 -19.984 -23.3316 1.92949 -16.4323 -22.5856 0.436646 -12.9365 -21.0139 -0.405814 -9.65368 -18.9024 -0.811997 -6.73433 -16.2801 -0.81034 -4.38315 -13.1103 -0.255673 -2.64093 -9.6788 0.779965 -1.07934 -6.18499 1.89253 0.643919 -2.65564 2.56841 2.37004 0.817101 2.4954 4.15124 4.22877 2.01273 6.24177 7.47995 1.68923 8.91622 10.2745 1.97669 11.9919 12.2486 2.8828 15.2713 13.4791 4.26466 18.4829 13.9949 6.16155 21.2553 13.6277 8.68287 23.216 12.2816 11.662 24.2459 10.196 14.6821 24.4256 7.64603 17.5101 23.6354 4.81584 19.9386 21.7655 1.91423 21.7324 19.1333 -0.758482 22.7633 16.1372 -3.21125 23.1408 12.994 -5.48363 22.8389 9.79262 -7.50546 21.7835 6.66136 -9.18614 20.104 3.67103 -10.5376 17.9403 0.95009 -11.5013 15.2724 -1.35825 -11.9925 12.1237 -3.24564 -12.0482 8.67128 -4.74916 -11.7317 5.04866 -5.72598 -11.0006 1.30764 -6.00571 -9.84526 -2.44937 -5.69584 -8.35609 -6.08458 -5.09963 -6.49619 -9.50711 -4.41136 -4.08051 -12.5434 -3.66464 -1.09683 -14.9958 -2.84219 2.25621 -16.8813 -1.94509 5.82025 -18.2839 -1.01675 9.55162 -19.1143 -0.135361 13.3552 -19.2661 0.707024 17.1427 -18.8046 1.65497 20.7869 -17.7613 2.87179 24.0727 -16.0322 4.33083 26.7307 -13.6772 5.92495 28.7547 -10.8309 7.49948 30.0355 -7.5721 8.85056 30.2394 -3.98441 9.75694 29.2118 -0.468576 10.2187 27.2035 2.69257 10.3589 24.4952 5.31646 10.2716 21.1895 7.13391 9.99581 17.4367 7.86079 9.54491 13.6424 7.5639 8.80868 9.9907 6.66307 7.58723 6.57421 5.42858 5.7678 3.44065 3.86266 3.56611 0.722495 2.03346 1.15633 -1.67578 0.027716 -1.48905 -3.72853 -2.06266 -4.45111 -5.31519 -4.15537 -7.59622 -6.49207 -6.25159 -10.6004 -7.56747 -8.59453 -13.0764 -8.76629 -11.4411 -14.7808 -10.0119 -14.638 -15.827 -11.2764 -18.0999 -16.0683 -12.5977 -21.6878 -15.1262 -13.978 -25.1351 -13.0093 -15.2228 -27.9123 -10.0389 -16.2285 -29.8894 -6.5555 -16.9022 -30.9646 -2.85462 -17.1143 -30.9215 0.687954 -16.7628 -29.6224 3.61628 -15.9408 -27.3617 5.86787 -14.8424 -24.5181 7.35523 -13.5976 -21.2623 7.9199 -12.2486 -17.6132 7.59782 -10.9114 -13.9303 6.75691 -9.54053 -10.343 5.62048 -8.01044 -6.90454 4.18038 -6.22831 -3.63956 2.44659 -4.29988 -0.608869 0.434383 -2.4354 2.28676 -1.81869 -0.856517 5.17479 -4.3674 0.433707 7.915 -7.18361 1.49041 10.4883 -10.293 2.1742 12.8405 -13.7466 2.17762 14.7749 -17.2861 1.41019 16.0527 -20.7924 0.00987064 16.7569 -24.0729 -1.97332 16.9928 0.167763 0.27221 0.386437 0.47384 0.71007 0.684682 0.693978 0.746347 0.381727 0.392216 0.367484 0.360868 0.151153 0.224417 0.257965 0.267069 0.264168 0.286488 0.275674 0.241564 0.171405 0.11298 0.0997185 0.143724 -0.360313 -0.298089 -0.228255 -0.11578 -0.391535 -0.245232 -0.205238 -0.21136 -0.208263 -0.188098 -0.18051 -0.189505 -0.0476688 -0.0608536 -0.0764894 -0.13023 0.0109394 -0.0744317 -0.131204 -0.187493 0.00881604 -0.0267238 -0.0389573 -0.048491 0.218223 0.207646 0.189112 0.164856 0.259755 0.191592 0.148911 0.176398 -0.0168561 0.0516598 0.151088 0.28068 -0.308042 -0.236006 -0.216603 -0.212914 -0.350327 -0.295168 -0.255299 -0.240483 -0.266264 -0.297023 -0.330947 -0.348697 -0.385342 -0.397036 -0.364597 -0.260909 -0.281384 -0.143679 -0.0115287 0.102341 0.0549066 0.095536 0.0881239 0.0421507 0.00187884 -0.071341 -0.132025 -0.171292 -0.126423 -0.136522 -0.148746 -0.170784 -0.128855 -0.144532 -0.166156 -0.212726 -0.079936 -0.0695373 -0.0166777 0.0608148 1.85258
-26.7317 -2.42571 12.1218 -28.8853 -5.05939 10.6458 -30.2089 -7.95337 8.74138 -30.7066 -10.8796 6.5181 -30.2937 -13.6139 4.04701 -28.9167 -15.9576 1.42186 -26.7589 -17.7377 -1.11883 -23.9831 -18.9263 -3.39098 -20.6642 -19.388 -5.13761 -16.8951 -18.9873 -6.15428 -13.1471 -17.8561 -6.42555 -9.59558 -16.206 -6.17157 -6.42489 -14.0348 -5.37631 -3.89424 -11.3339 -3.89845 -2.07765 -8.39089 -1.91791 -0.532057 -5.34729 0.139121 1.08761 -2.12235 1.83024 2.64505 1.27853 2.85674 4.14869 4.80113 3.46997 5.92347 8.1836 4.14425 8.31575 11.0638 5.1576 11.2098 13.1159 6.41908 14.4314 14.4295 7.85927 17.7561 14.9438 9.55063 20.8895 14.3781 11.5607 23.4811 12.6185 13.7328 25.318 9.98278 15.7849 26.362 6.79918 17.6034 26.3823 3.27939 19.067 25.1871 -0.300976 20.0084 23.062 -3.54101 20.3559 20.4563 -6.42463 20.1836 17.5985 -8.95963 19.4472 14.5546 -11.042 18.0876 11.456 -12.6052 16.2423 8.39292 -13.733 14.0524 5.46749 -14.4258 11.5202 2.78199 -14.6382 8.6518 0.355532 -14.4093 5.56239 -1.83262 -13.7323 2.3627 -3.67826 -12.4615 -0.871918 -5.03338 -10.5549 -4.0432 -5.93078 -8.17845 -7.05582 -6.52309 -5.42254 -9.80952 -6.83502 -2.22064 -12.0852 -6.80106 1.37296 -13.685 -6.45198 5.16617 -14.667 -5.89415 9.02806 -15.1664 -5.20017 12.9 -15.1353 -4.41722 16.6744 -14.4959 -3.53923 20.2955 -13.3194 -2.4533 23.6724 -11.6809 -1.0121 26.6179 -9.55623 0.749994 28.9168 -7.03635 2.73308 30.5856 -4.20396 4.81696 31.5003 -1.11202 6.84212 31.3221 2.14462 8.54654 29.9381 5.21352 9.8549 27.6145 7.88344 10.7979 24.6321 9.9942 11.3658 21.125 11.2656 11.5125 17.299 11.4329 11.2528 13.5627 10.6197 10.5744 10.049 9.24795 9.33398 6.83328 7.57196 7.41585 4.00653 5.59415 5.0591 1.70142 3.423 2.5026 -0.282137 1.16211 -0.221541 -2.0624 -1.07203 -3.19455 -3.5898 -3.19315 -6.32781 -4.88024 -5.23971 -9.32125 -6.16131 -7.49116 -11.785 -7.62839 -10.2203 -13.4685 -9.19522 -13.2843 -14.492 -10.8324 -16.5933 -14.7397 -12.5561 -20.0058 -13.8661 -14.3424 -23.2804 -11.8664 -15.958 -25.9514 -9.01988 -17.294 -27.9152 -5.62744 -18.2386 -29.0741 -1.94453 -18.6359 -29.222 1.69983 -18.3684 -28.2178 4.85446 -17.5257 -26.2943 7.40072 -16.2828 -23.7775 9.18867 -14.7161 -20.8261 10.0347 -12.83 -17.4821 9.95067 -10.8334 -14.0966 9.27776 -8.82846 -10.7825 8.1835 -6.83685 -7.57436 6.62781 -4.83304 -4.49619 4.66124 -2.87159 -1.63335 2.37115 -1.04336 1.07287 -0.171427 0.473643 3.74578 -2.94837 1.63974 6.31457 -5.96225 2.52776 8.72241 -9.25645 3.07705 10.8475 -12.8859 3.08653 12.4275 -16.59 2.49219 13.2503 -20.2635 1.38604 13.4311 -23.733 -0.220857 13.069 0.259693 0.423446 0.590875 0.725808 0.998559 0.991287 1.00091 1.03599 0.633027 0.595867 0.532035 0.488276 0.232396 0.264098 0.286358 0.310078 0.326762 0.373489 0.387145 0.383185 0.33029 0.271624 0.246088 0.261143 -0.302699 -0.330275 -0.362415 -0.360447 -0.734977 -0.64042 -0.609677 -0.604604 -0.581476 -0.537895 -0.504238 -0.479348 -0.292994 -0.258051 -0.229307 -0.233297 -0.0230379 -0.0293324 -0.0178813 -0.0223494 0.21139 0.200709 0.211075 0.221106 0.496565 0.487962 0.472833 0.450257 0.538587 0.456352 0.390917 0.376645 0.116388 0.105627 0.13183 0.201371 -0.425399 -0.36878 -0.356467 -0.360328 -0.503241 -0.449211 -0.410801 -0.393389 -0.413329 -0.438072 -0.469776 -0.492526 -0.537207 -0.558401 -0.541134 -0.461302 -0.505042 -0.379948 -0.248738 -0.125408 -0.152515 -0.0838408 -0.0608655 -0.0735274 -0.0732425 -0.104027 -0.133605 -0.157955 -0.111696 -0.125632 -0.137006 -0.152919 -0.10369 -0.114728 -0.129038 -0.157431 0.00474225 0.0477991 0.13532 0.259031 2.01838
-26.2931 -0.224356 7.80173 -28.5788 -2.43535 5.89374 -30.0509 -4.92191 3.56914 -30.6691 -7.50727 0.983173 -30.2901 -10.0077 -1.72924 -28.8345 -12.2301 -4.41671 -26.5195 -13.9787 -6.83826 -23.5658 -15.1975 -8.85572 -20.0942 -15.7421 -10.2453 -16.221 -15.4729 -10.8169 -12.4239 -14.5048 -10.6025 -8.85854 -13.0625 -9.82246 -5.69831 -11.1844 -8.44916 -3.20209 -8.87938 -6.36599 -1.43993 -6.38134 -3.80888 0.0230737 -3.78268 -1.16484 1.52314 -0.988435 1.24891 2.98067 2.004 3.24066 4.40387 5.16457 4.98183 6.079 8.1996 6.72217 8.34853 10.7605 8.54892 11.1315 12.5882 10.3076 14.2895 13.7618 11.9895 17.6607 14.1616 13.6187 21.0379 13.4673 15.1323 24.1109 11.5729 16.3566 26.6024 8.80954 17.1863 28.3895 5.47909 17.6826 29.1733 1.7524 17.8528 28.6982 -2.10298 17.6427 27.1789 -5.63958 17.0781 25.0492 -8.77775 16.2114 22.4962 -11.4613 15.0216 19.5412 -13.5612 13.5021 16.3413 -15.0367 11.7604 13.0514 -16.0017 9.83807 9.79562 -16.4491 7.68161 6.67788 -16.3222 5.2841 3.73592 -15.6856 2.74951 0.952174 -14.5715 0.201202 -1.59677 -12.853 -2.25516 -3.77055 -10.488 -4.53773 -5.55831 -7.6523 -6.60928 -7.05177 -4.47937 -8.40674 -8.2182 -0.962192 -9.74743 -8.94773 2.83042 -10.4946 -9.27027 6.74418 -10.7252 -9.31355 10.673 -10.5331 -9.14226 14.5408 -9.83624 -8.77546 18.2181 -8.56702 -8.21045 21.6666 -6.8189 -7.33986 24.8425 -4.71566 -5.99411 27.602 -2.29883 -4.18982 29.7554 0.317863 -2.03384 31.3151 3.08537 0.377707 32.158 5.95128 2.95173 31.9696 8.79345 5.42956 30.6475 11.3137 7.66698 28.4226 13.3832 9.56782 25.5308 14.8878 10.9751 22.0987 15.5799 11.7259 18.3551 15.2494 11.8189 14.7155 14.052 11.349 11.3215 12.3348 10.2442 8.28794 10.2696 8.39815 5.77321 7.85104 6.06391 3.90698 5.27227 3.51899 2.37292 2.67384 0.826743 0.92235 0.177984 -2.08714 -0.431462 -2.13445 -5.15275 -1.6666 -4.3133 -8.08707 -2.99727 -6.61329 -10.5141 -4.6769 -9.25134 -12.1916 -6.64386 -12.0787 -13.2421 -8.83386 -15.0415 -13.5672 -11.1903 -18.0446 -12.8468 -13.6339 -20.9059 -11.0538 -15.8753 -23.2521 -8.42116 -17.8022 -25.0128 -5.19786 -19.2676 -26.1115 -1.58473 -20.0517 -26.3837 2.14413 -19.9861 -25.7108 5.54128 -19.1584 -24.2492 8.42933 -17.7833 -22.2168 10.5956 -15.9527 -19.7033 11.8282 -13.6743 -16.746 12.0964 -11.2186 -13.6877 11.6959 -8.75301 -10.6519 10.7213 -6.37266 -7.67862 9.10509 -4.11601 -4.81399 6.9629 -2.04729 -2.16027 4.45803 -0.182091 0.321168 1.63937 1.38826 2.66638 -1.43829 2.56158 4.86217 -4.74853 3.40837 6.86102 -8.29177 3.93275 8.54639 -12.0849 4.02604 9.67466 -15.8835 3.64112 10.091 -19.6331 2.83081 9.9041 -23.1874 1.57557 9.16758 0.376 0.576711 0.777016 0.942007 1.23772 1.23951 1.24388 1.26163 0.832548 0.769403 0.68438 0.616297 0.328683 0.332451 0.345871 0.374939 0.397631 0.454369 0.492601 0.522352 0.493636 0.442358 0.407379 0.386316 -0.248257 -0.366977 -0.494713 -0.598821 -1.07867 -1.05265 -1.04492 -1.03526 -0.990309 -0.913795 -0.843951 -0.781205 -0.554383 -0.478573 -0.405506 -0.352087 -0.0737409 -0.0174063 0.0477003 0.0990448 0.391823 0.427684 0.469556 0.504276 0.800464 0.808839 0.809964 0.801147 0.894253 0.806797 0.725178 0.673703 0.349854 0.262367 0.213032 0.211226 -0.471117 -0.442647 -0.440583 -0.452591 -0.606737 -0.562194 -0.528353 -0.508658 -0.522941 -0.539982 -0.564283 -0.589501 -0.649449 -0.693691 -0.707923 -0.672118 -0.761661 -0.670104 -0.557327 -0.435824 -0.443516 -0.33859 -0.273939 -0.242958 -0.196757 -0.186259 -0.186697 -0.193274 -0.137493 -0.146268 -0.15161 -0.159924 -0.102639 -0.104385 -0.103812 -0.105999 0.0882667 0.16005 0.273373 0.428405 2.10985
-25.9596 2.96137 2.50885 -28.3935 1.31601 0.245592 -30.061 -0.674864 -2.40196 -30.8671 -2.91415 -5.24615 -30.5901 -5.28337 -8.0857 -29.1164 -7.58279 -10.6974 -26.7031 -9.55241 -12.8368 -23.6329 -11.101 -14.404 -20.069 -12.0871 -15.1825 -16.1602 -12.3653 -14.9721 -12.4032 -11.9753 -13.9073 -8.92253 -11.1093 -12.3148 -5.83986 -9.77769 -10.2839 -3.36062 -7.93159 -7.76797 -1.54075 -5.76753 -4.95909 0.00181041 -3.47887 -2.08377 1.56137 -1.09176 0.700894 3.0732 1.3823 3.27775 4.566 3.95246 5.77026 6.30412 6.386 8.24078 8.61975 8.37174 10.6368 11.4378 9.70466 12.7488 14.625 10.4507 14.6102 18.0143 10.4885 16.2503 21.4025 9.52796 17.583 24.5037 7.48919 18.4533 27.0663 4.68964 18.8108 29.0043 1.40876 18.6991 30.0857 -2.19184 18.0681 30.0972 -5.89377 16.8724 29.1666 -9.31494 15.271 27.582 -12.3486 13.4215 25.4136 -14.8588 11.3887 22.6693 -16.6614 9.22779 19.5689 -17.7355 7.06362 16.3015 -18.2333 4.93595 12.9615 -18.1377 2.86575 9.63635 -17.3686 0.907085 6.40724 -16.0285 -0.898897 3.30038 -14.2581 -2.54144 0.382268 -12.0407 -3.97397 -2.24533 -9.34998 -5.15082 -4.56878 -6.3058 -6.08019 -6.65083 -3.02536 -6.73812 -8.46544 0.462929 -6.99903 -9.93145 4.10745 -6.79113 -11.0606 7.82768 -6.19123 -11.8808 11.5577 -5.24821 -12.326 15.2177 -3.87673 -12.3452 18.6721 -2.05065 -11.9836 21.8883 0.138634 -11.2238 24.8204 2.60711 -9.94893 27.3028 5.34199 -8.18631 29.1322 8.22062 -6.03343 30.3358 11.1628 -3.53552 30.8699 14.029 -0.704123 30.526 16.5988 2.23186 29.2438 18.5926 5.08679 27.1986 19.9732 7.68569 24.5605 20.6982 9.79316 21.4332 20.5674 11.1759 18.0418 19.4384 11.785 14.7676 17.5417 11.7241 11.7221 15.2158 10.8985 9.01107 12.6358 9.16589 6.81993 9.84687 6.80624 5.28029 7.08228 4.19373 4.0293 4.40061 1.46934 2.73797 1.85272 -1.42049 1.37961 -0.487073 -4.43476 0.0174541 -2.66184 -7.32199 -1.47841 -4.91953 -9.72828 -3.31614 -7.46969 -11.4217 -5.43766 -10.1731 -12.5226 -7.78767 -12.9915 -12.9452 -10.2775 -15.8724 -12.3921 -12.7922 -18.7093 -10.8162 -15.0529 -21.189 -8.40673 -16.9921 -23.2331 -5.36219 -18.5034 -24.7131 -1.83481 -19.4003 -25.418 1.94623 -19.5272 -25.1959 5.54003 -18.934 -24.1496 8.72807 -17.7778 -22.4579 11.2485 -16.1086 -20.1725 12.8567 -13.9335 -17.3198 13.4718 -11.5343 -14.2667 13.3481 -9.08475 -11.1942 12.5196 -6.68523 -8.19227 10.8942 -4.41061 -5.34715 8.63714 -2.35252 -2.78188 5.9756 -0.484203 -0.471797 2.9716 1.17779 1.55914 -0.335505 2.56594 3.23435 -3.88746 3.69058 4.57191 -7.62624 4.5478 5.55014 -11.5225 5.05289 6.03407 -15.3612 5.14553 5.94857 -19.1459 4.86293 5.35935 -22.7575 4.16983 4.25151 0.59541 0.831813 1.06124 1.24936 1.55488 1.54707 1.52508 1.50027 1.01343 0.89194 0.759179 0.648095 0.323653 0.307345 0.32078 0.358277 0.389346 0.456932 0.517524 0.576054 0.569516 0.527948 0.492053 0.458231 -0.201252 -0.350873 -0.514616 -0.672462 -1.22657 -1.27016 -1.30618 -1.32127 -1.28975 -1.21434 -1.13408 -1.05067 -0.793155 -0.681444 -0.568655 -0.464771 -0.128579 -0.0217137 0.0850217 0.181061 0.526912 0.609219 0.685037 0.747928 1.06691 1.0897 1.10103 1.10318 1.20767 1.1293 1.04974 0.981715 0.614668 0.467024 0.350155 0.270979 -0.490304 -0.521978 -0.55795 -0.597974 -0.772298 -0.73405 -0.697393 -0.668745 -0.67195 -0.679563 -0.698629 -0.723573 -0.786054 -0.834672 -0.853064 -0.817403 -0.898981 -0.792683 -0.661936 -0.521538 -0.511887 -0.392679 -0.315808 -0.274392 -0.220293 -0.203979 -0.199813 -0.20342 -0.146071 -0.152537 -0.152458 -0.15149 -0.0816174 -0.0649414 -0.0379089 -0.00186857 0.233871 0.340333 0.484638 0.676235 2.1795
-23.0495 12.3027 1.79343 -25.9392 11.0517 -0.165835 -28.2673 9.21349 -2.39172 -29.8504 6.85449 -4.77557 -30.5329 4.10451 -7.16839 -30.2054 1.09736 -9.43346 -28.8421 -1.87099 -11.3337 -26.5485 -4.54305 -12.7049 -23.5273 -6.69158 -13.4375 -19.9027 -8.19575 -13.481 -16.0925 -8.87213 -12.8278 -12.3776 -8.72164 -11.5712 -8.97586 -7.81382 -9.83737 -5.99237 -6.24761 -7.70836 -3.59661 -4.37979 -5.12795 -1.63307 -2.33485 -2.32619 0.121052 -0.185367 0.535634 1.86193 1.96287 3.25654 3.85746 4.12005 5.789 6.29897 6.20573 7.9656 9.20649 7.84944 9.93868 12.4176 8.80856 11.6559 15.895 9.05373 13.0801 19.4777 8.52989 14.1145 22.967 7.22977 14.675 26.1796 5.17761 14.701 28.8466 2.50742 14.1627 30.7775 -0.598774 13.0875 31.8418 -3.92015 11.5485 31.9785 -7.292 9.61272 31.181 -10.4217 7.44378 29.5421 -13.1277 5.1795 27.2007 -15.2848 2.94336 24.2845 -16.8372 0.813446 20.9796 -17.7394 -1.11373 17.4358 -18.0089 -2.79305 13.7806 -17.6874 -4.20269 10.1126 -16.8282 -5.33956 6.51565 -15.4904 -6.21 3.05035 -13.7317 -6.82965 -0.237849 -11.6052 -7.21833 -3.31851 -9.15427 -7.39769 -6.15905 -6.42277 -7.38879 -8.7355 -3.44607 -7.21286 -11.1093 -0.341615 -6.7055 -13.2296 2.86378 -5.86561 -15.048 6.14806 -4.68978 -16.5055 9.47445 -3.1777 -17.5376 12.7933 -1.33498 -18.0747 16.017 0.80682 -18.0603 19.0844 3.22733 -17.4378 21.8919 5.87288 -16.1704 24.3174 8.66187 -14.2925 26.1989 11.432 -11.8283 27.4566 14.094 -8.87372 27.9827 16.4885 -5.58371 27.7085 18.4482 -2.22424 26.6486 19.8012 1.03086 24.8621 20.474 3.95048 22.4722 20.4089 6.33111 19.6549 19.6117 8.04303 16.5667 18.1212 8.95776 13.4649 16.064 9.06043 10.5409 13.5883 8.39606 7.94472 10.8482 7.00103 5.72124 7.8997 5.00559 3.89458 5.0248 2.52621 2.15389 2.49373 -0.188051 0.453493 0.186095 -2.93763 -1.28637 -2.06908 -5.51227 -3.14117 -4.43634 -7.67717 -5.16929 -7.05795 -9.1475 -7.37787 -9.99617 -9.82384 -9.84609 -12.8473 -9.66504 -12.5597 -15.5472 -8.61179 -15.3727 -17.9255 -6.67585 -18.0955 -19.8009 -4.05777 -20.4407 -20.9799 -0.885623 -22.3074 -21.4243 2.59584 -23.5373 -21.0911 6.10804 -24.0324 -20.0123 9.44886 -23.7535 -18.245 12.2992 -22.7303 -15.9666 14.494 -21.0693 -13.3616 15.9488 -18.9086 -10.6088 16.6614 -16.2938 -7.76074 16.6069 -13.4463 -5.05055 15.8642 -10.4892 -2.56863 14.5278 -7.51646 -0.370112 12.6636 -4.55329 1.54183 10.3805 -1.68974 3.12264 7.76069 1.04573 4.37362 4.87402 3.63743 5.30182 1.80331 6.05988 5.91264 -1.49497 8.21572 6.29253 -4.99854 10.0552 6.40185 -8.67123 11.5182 6.19863 -12.3424 12.5119 5.66297 -16.0414 13.0171 4.76093 -19.6588 12.9661 3.47121 115.403 115.655 115.893 116.076 116.361 116.323 116.264 116.189 115.648 115.485 115.324 115.187 114.838 114.787 114.765 114.774 114.783 114.839 114.895 114.933 114.903 114.844 114.783 114.701 113.967 113.73 113.471 113.203 112.531 112.38 112.253 112.159 112.125 112.149 112.189 112.243 112.483 112.584 112.687 112.789 113.131 113.245 113.358 113.47 113.844 113.959 114.073 114.184 114.556 114.627 114.682 114.724 114.856 114.789 114.703 114.605 114.186 113.975 113.784 113.617 112.767 112.66 112.562 112.463 112.228 112.218 112.228 112.235 112.211 112.185 112.146 112.105 112.041 111.99 111.961 111.968 111.837 111.886 111.956 112.031 111.977 112.051 112.102 112.136 112.202 112.243 112.277 112.307 112.407 112.441 112.471 112.5 112.6 112.645 112.7 112.77 113.043 113.182 113.359 113.582 0.299598
