Optimization finished after 4200 iterations.
NEB Energy: 1.57762
Max NEB Force: 0.0491048
Optimization took: 1782327271122 ms
Energies: 
1.44427, 1.57808, 1.58899, 1.59251, 1.63969, 1.65302, 1.60659, 1.56493, 1.52245, 1.43424, 
NEB Forces: 
0, 0.0305466, 0.0311875, 0.0359283, 0.0435776, 0.0491048, 0.044252, 0.0392977, 0.045901, 0, 
Gradients: 
0.00364164, 0.0305823, 0.0311873, 0.0359295, 0.0435803, 0.0491078, 0.044262, 0.039313, 0.0367772, 0.0355012, 
Spring Forces: 
0, 0.000911931, 0.000159202, 1.42095e-05, 3.03555e-05, 5.97317e-05, 4.67145e-06, 0.0001467, 0.0274682, 0, 