# num_vectors 10
# vector_size 401
# Iterations: 916500, stepsize: 0.020365, max step size: 1.000000, spring constant: 0.000010, global NEB Hessian: false, global NEB Linesearch: true, climbing image: false
-24.4444 -0.17557 20.3943 -26.6543 -3.13314 20.0442 -28.1669 -6.34603 18.9751 -28.8203 -9.55817 17.2405 -28.5335 -12.4826 14.978 -27.2997 -14.892 12.3411 -25.2491 -16.5204 9.6164 -22.5906 -17.2669 7.03643 -19.561 -17.136 4.7815 -16.2561 -16.162 2.9023 -12.9818 -14.4796 1.54178 -9.86811 -12.2477 0.689834 -6.98564 -9.61314 0.299012 -4.31978 -6.65001 0.306444 -1.85709 -3.53162 0.619329 0.503047 -0.361101 1.1338 2.87694 2.7806 1.75145 5.31528 5.73585 2.35963 8.11803 8.29968 3.14704 11.0744 10.4153 4.50082 13.9878 11.9817 6.52728 16.6206 12.8536 9.07452 18.8947 12.9941 12.0726 20.6476 12.3583 15.3442 21.7421 10.9643 18.6666 22.089 8.86977 21.833 21.6454 6.24303 24.5599 20.4572 3.28413 26.6494 18.6318 0.209083 27.9703 16.2655 -2.83851 28.4685 13.5649 -5.61755 28.1235 10.699 -7.99967 27.0066 7.81501 -9.90714 25.2234 5.0026 -11.3178 22.8673 2.38175 -12.2088 20.0765 0.0143628 -12.6028 16.9635 -2.05979 -12.5359 13.6251 -3.81874 -12.0496 10.1387 -5.24674 -11.1872 6.5747 -6.33657 -9.99069 2.98777 -7.08372 -8.49911 -0.57626 -7.49977 -6.73142 -4.07368 -7.63144 -4.67412 -7.43226 -7.50751 -2.32067 -10.5907 -7.11034 0.307715 -13.4999 -6.42351 3.17974 -16.099 -5.43052 6.26521 -18.3283 -4.11998 9.51633 -20.1138 -2.48945 12.8669 -21.3751 -0.565104 16.2046 -22.0265 1.63002 19.4371 -22.003 4.03537 22.4222 -21.2469 6.55751 24.9952 -19.7347 9.02593 26.952 -17.5398 11.3364 28.1861 -14.7329 13.3282 28.5771 -11.4741 14.8477 28.0655 -7.98561 15.7616 26.7019 -4.58779 16.0318 24.5824 -1.4774 15.6482 21.8706 1.11859 14.657 18.7716 3.03003 13.1223 15.4497 4.16987 11.179 12.1603 4.47495 8.95911 9.07521 3.98066 6.57722 6.32348 2.77879 3.8416 3.94228 1.21994 0.942643 1.77802 -0.359893 -1.97845 -0.310647 -1.99957 -4.80803 -2.39892 -3.79301 -7.42425 -4.55782 -5.83449 -9.65803 -6.82428 -8.18956 -11.3635 -9.17956 -10.876 -12.3903 -11.5631 -13.8655 -12.5943 -13.8021 -16.9678 -11.9106 -15.8457 -20.1355 -10.2908 -17.5389 -23.1666 -7.78543 -18.721 -25.8131 -4.67872 -19.2516 -27.7653 -1.15987 -19.1121 -28.924 2.4511 -18.3119 -29.1785 5.83006 -16.9346 -28.5227 8.76352 -15.0742 -27.0076 10.9819 -12.9275 -24.809 12.4025 -10.6579 -22.1271 13.0336 -8.39677 -19.1519 12.9277 -6.15749 -15.9222 12.1611 -4.08357 -12.6714 10.8567 -2.19713 -9.47825 9.1314 -0.494863 -6.38272 7.05653 1.06414 -3.35358 4.74674 2.48453 -0.428052 2.27961 3.80239 2.41587 -0.291199 4.9704 5.23332 -2.98191 5.90835 7.98122 -5.83863 6.54566 10.6465 -8.87284 6.79425 13.1767 -12.0714 6.56148 15.4974 -15.2855 5.79041 17.4536 -18.5199 4.41827 19.0052 -21.6357 2.41809 20.0262 36.5529 36.6565 36.7852 36.912 37.201 37.2318 37.3022 37.4053 37.0725 37.1234 37.1557 37.1791 36.957 37.0026 37.0367 37.0635 37.0595 37.0624 37.0784 37.098 37.0934 37.1114 37.1932 37.333 36.9065 37.0438 37.1755 37.2563 36.8565 36.8945 36.883 36.8453 36.8213 36.8191 36.8036 36.7798 36.9248 36.9158 36.8984 36.8705 37.0764 37.0495 37.0228 36.9942 37.2135 37.1618 37.0999 37.0311 37.2276 37.138 37.056 36.9925 37.0605 36.9777 36.9328 36.9444 36.7132 36.7703 36.9178 37.121 36.6202 36.8025 36.9182 36.9639 36.8285 36.8689 36.8967 36.9068 36.8782 36.842 36.7906 36.7377 36.682 36.6667 36.7089 36.8249 36.8367 37.0484 37.2849 37.509 37.5747 37.7288 37.8214 37.8626 37.9093 37.9133 37.898 37.8758 37.9227 37.9066 37.8924 37.8789 37.9285 37.9038 37.8703 37.831 37.9712 37.9563 37.9587 37.9985 3.39076
-26.0962 -3.53239 20.0898 -27.1462 -7.01443 20.8154 -27.3105 -10.7192 20.8539 -26.5381 -14.2794 20.1599 -24.9037 -17.3121 18.787 -22.5491 -19.5383 16.8427 -19.7712 -20.7096 14.5641 -16.8447 -20.8029 12.175 -13.9893 -19.9224 9.86151 -11.2455 -18.1625 7.67586 -8.78736 -15.7543 5.78902 -6.60209 -12.8906 4.23138 -4.62684 -9.7288 3.00493 -2.74024 -6.33937 2.08865 -0.858814 -2.87615 1.49418 1.13944 0.561531 1.21783 3.37316 3.86234 1.26343 5.84957 6.82419 1.64228 8.55221 9.48061 2.47161 11.3776 11.7493 3.85687 14.1785 13.5256 5.86876 16.7061 14.6585 8.41986 18.8733 15.093 11.4685 20.5047 14.7568 14.8457 21.4518 13.6452 18.3166 21.6218 11.8062 21.6515 20.9857 9.40003 24.5392 19.6127 6.62613 26.7648 17.6349 3.69685 28.1931 15.1652 0.747944 28.7765 12.4221 -1.99682 28.4993 9.57194 -4.4221 27.4361 6.75326 -6.45757 25.6904 4.04652 -8.08259 23.3487 1.56224 -9.26343 20.5407 -0.643654 -10.0051 17.3729 -2.53479 -10.3209 13.9414 -4.09111 -10.227 10.3283 -5.2996 -9.74008 6.61513 -6.15746 -8.87649 2.873 -6.66743 -7.65161 -0.831719 -6.83597 -6.07799 -4.44074 -6.67094 -4.173 -7.88655 -6.18243 -1.95496 -11.107 -5.38119 0.553419 -14.0389 -4.28072 3.3176 -16.6126 -2.89229 6.30288 -18.7657 -1.23089 9.45768 -20.4278 0.683293 12.714 -21.5268 2.806 15.9616 -21.991 5.10658 19.1121 -21.7674 7.52242 22.0302 -20.8102 9.96545 24.5578 -19.104 12.2794 26.4935 -16.7294 14.3724 27.7257 -13.756 16.0967 28.1241 -10.3489 17.3111 27.6178 -6.7422 17.9015 26.251 -3.27477 17.841 24.1239 -0.15842 17.1399 21.4135 2.3718 15.8673 18.3408 4.15474 14.1029 15.0806 5.12813 11.9956 11.8825 5.27286 9.6584 8.90334 4.67932 7.155 6.2547 3.49291 4.43947 3.93345 1.81326 1.59322 2.04801 -0.168574 -1.30719 0.536543 -2.37917 -4.15064 -0.717104 -4.8137 -6.84576 -1.83427 -7.48978 -9.28099 -2.92468 -10.4145 -11.3361 -4.09015 -13.5911 -12.8658 -5.41372 -16.9942 -13.6863 -6.89626 -20.4304 -13.7006 -8.58432 -23.8697 -12.7834 -10.4301 -27.0993 -10.8899 -12.3214 -29.8409 -8.20881 -14.034 -31.7442 -4.91228 -15.4493 -32.679 -1.33306 -16.4033 -32.5266 2.14958 -16.7891 -31.3155 5.25568 -16.5689 -29.1555 7.65226 -15.7792 -26.3279 9.22234 -14.5252 -23.1147 9.96538 -12.9309 -19.7578 9.94185 -11.043 -16.3094 9.23273 -9.02545 -13.0104 7.96621 -6.96253 -9.91248 6.25666 -4.9181 -7.02207 4.16449 -2.91479 -4.27962 1.78613 -1.03031 -1.69048 -0.824026 0.686718 0.78953 -3.62604 2.18052 3.20381 -6.56488 3.37541 5.57157 -9.62999 4.20275 7.93617 -12.7809 4.56561 10.3049 -15.956 4.3543 12.6596 -18.969 3.49325 14.8804 -21.7854 1.90121 16.9504 -24.2309 -0.458072 18.7406 1.54943 1.50754 1.49933 1.51188 1.71139 1.67645 1.70589 1.79687 1.48451 1.58471 1.67915 1.75993 1.57975 1.65504 1.69309 1.70309 1.67425 1.68533 1.70544 1.72862 1.72678 1.74876 1.83907 1.99599 1.59924 1.77704 1.94774 2.05394 1.66457 1.70348 1.68899 1.64777 1.62061 1.61542 1.59612 1.56617 1.70119 1.67714 1.63924 1.5863 1.76487 1.71068 1.65622 1.59982 1.79343 1.72131 1.64619 1.57249 1.77143 1.68959 1.61823 1.56622 1.64568 1.57475 1.54369 1.57375 1.36786 1.45746 1.63907 1.86721 1.37493 1.55201 1.65783 1.69756 1.55635 1.59853 1.62187 1.62794 1.60598 1.5929 1.58257 1.58424 1.57132 1.58467 1.633 1.72235 1.66945 1.78126 1.89154 1.97853 1.91031 1.94602 1.94437 1.91792 1.92173 1.90458 1.88506 1.86924 1.92735 1.9224 1.91478 1.90404 1.96032 1.94781 1.92789 1.89866 2.03773 2.00002 1.94574 1.88679 2.14968
-26.3693 -11.6037 25.0104 -26.3652 -15.21 25.8755 -25.4574 -18.8033 26.0061 -23.709 -22.0085 25.355 -21.3056 -24.4768 23.9824 -18.4603 -25.9866 22.0062 -15.5144 -26.3911 19.6742 -12.7163 -25.7504 17.2163 -10.2235 -24.2251 14.8204 -8.02418 -21.9156 12.5331 -6.20181 -19.0777 10.5263 -4.67794 -15.8837 8.82947 -3.33941 -12.4637 7.44598 -2.03556 -8.85838 6.35556 -0.642226 -5.20576 5.57833 0.986181 -1.59684 5.119 2.98453 1.84949 4.99137 5.38532 4.88921 5.20333 8.12476 7.54748 5.89436 11.0515 9.73821 7.19186 13.9614 11.3611 9.17854 16.581 12.2608 11.7297 18.8031 12.3906 14.767 20.4401 11.7088 18.089 21.3456 10.2531 21.4417 21.4394 8.11105 24.5937 20.7114 5.48092 27.2555 19.2454 2.57734 29.2437 17.1801 -0.389358 30.4546 14.6254 -3.2953 30.86 11.7946 -5.93408 30.461 8.84663 -8.20829 29.3328 5.91406 -10.0618 27.5721 3.07344 -11.4819 25.2558 0.437218 -12.4438 22.5033 -1.93506 -12.9578 19.4115 -4.00151 -13.042 16.0688 -5.73562 -12.7171 12.5513 -7.11707 -12.0052 8.93608 -8.13591 -10.9285 5.29082 -8.78811 -9.50848 1.67922 -9.07407 -7.76366 -1.84265 -8.99597 -5.71733 -5.20958 -8.55936 -3.39251 -8.36145 -7.7715 -0.815319 -11.2367 -6.64372 1.97779 -13.767 -5.18662 4.95191 -15.89 -3.41639 8.05645 -17.5343 -1.35678 11.2255 -18.6255 0.94005 14.3525 -19.0886 3.4344 17.3521 -18.8671 6.05012 20.0932 -17.9119 8.68236 22.4235 -16.2064 11.154 24.154 -13.8322 13.3601 25.1812 -10.8627 15.1412 25.3896 -7.46798 16.3519 24.7244 -3.88588 16.8849 23.2454 -0.455377 16.7269 21.0569 2.6147 15.9065 18.334 5.09519 14.5118 15.2872 6.83059 12.6377 12.0759 7.76053 10.4489 8.93138 7.86445 8.05151 6.00666 7.24107 5.48236 3.42162 6.05491 2.66414 1.18952 4.42427 -0.30812 -0.58685 2.52852 -3.30181 -2.00936 0.384219 -6.20951 -3.1895 -2.01085 -8.94012 -4.23921 -4.67825 -11.379 -5.25614 -7.62627 -13.4014 -6.32782 -10.8565 -14.858 -7.52216 -14.3386 -15.5683 -8.83239 -17.8681 -15.4381 -10.2928 -21.4077 -14.3536 -11.8545 -24.7338 -12.2884 -13.4164 -27.5577 -9.45823 -14.791 -29.5184 -6.04897 -15.8825 -30.4827 -2.40789 -16.5627 -30.3279 1.07833 -16.755 -29.0816 4.1273 -16.438 -26.8532 6.41013 -15.6577 -23.9305 7.81828 -14.5111 -20.6041 8.36161 -13.1089 -17.1254 8.10278 -11.4936 -13.5505 7.14159 -9.80837 -10.131 5.61709 -8.12594 -6.92137 3.65338 -6.5019 -3.92753 1.31655 -4.96042 -1.08596 -1.28346 -3.5701 1.60075 -4.08125 -2.37798 4.18198 -7.02336 -1.43918 6.70668 -10.0372 -0.82422 9.19849 -13.0924 -0.603924 11.7062 -16.122 -0.870144 14.2401 -19.0344 -1.72139 16.7826 -21.6271 -3.19368 19.2037 -23.8369 -5.35529 21.4831 -25.4809 -8.19574 23.4782 -0.112814 -0.220926 -0.273791 -0.28495 -0.0949487 -0.130018 -0.092199 0.0176152 -0.263679 -0.124065 0.00759676 0.115038 -0.0503515 0.034496 0.0691884 0.0674934 0.0199453 0.0165961 0.0277814 0.045077 0.0399066 0.0609384 0.151081 0.305798 -0.0993862 0.0608785 0.208655 0.294756 -0.107379 -0.0743012 -0.0898882 -0.12935 -0.152979 -0.153382 -0.166829 -0.189845 -0.0467201 -0.0614936 -0.0891833 -0.131461 0.0574376 0.0123077 -0.0352559 -0.0880673 0.106158 0.0311283 -0.0503463 -0.133105 0.0553737 -0.036977 -0.117952 -0.178187 -0.105546 -0.182225 -0.218276 -0.192348 -0.400669 -0.310456 -0.124446 0.110047 -0.377443 -0.199112 -0.0940683 -0.0538192 -0.191394 -0.145143 -0.121359 -0.114161 -0.13446 -0.145062 -0.151217 -0.142239 -0.143531 -0.113453 -0.0428891 0.073191 0.0486374 0.187141 0.319789 0.422472 0.362058 0.397246 0.38761 0.347563 0.334067 0.298017 0.260005 0.227152 0.270044 0.251865 0.23296 0.212627 0.260676 0.240851 0.211694 0.169168 0.28771 0.217634 0.113421 -0.014451 1.83385
-22.567 -10.3256 27.0795 -23.6685 -13.8385 27.5271 -24.0357 -17.5046 27.1051 -23.6034 -20.9516 25.807 -22.413 -23.7993 23.751 -20.5712 -25.7763 21.1091 -18.3183 -26.658 18.2061 -15.8887 -26.4451 15.3195 -13.4766 -25.2627 12.6615 -11.1262 -23.21 10.2817 -8.99641 -20.5391 8.34957 -7.08776 -17.4464 6.86813 -5.35577 -14.088 5.80784 -3.7033 -10.5268 5.11905 -2.06267 -6.91057 4.77544 -0.328952 -3.32174 4.73595 1.61408 0.150247 4.97456 3.77808 3.32294 5.52212 6.18431 6.21197 6.47719 8.77895 8.70897 7.91988 11.4716 10.6804 9.8977 14.0534 11.9525 12.3258 16.4478 12.4694 15.1858 18.481 12.1479 18.339 19.9862 10.9709 21.5839 20.8397 8.97521 24.7178 20.9488 6.32154 27.4525 20.3193 3.22168 29.5803 19.0267 -0.0878847 30.9619 17.1533 -3.44814 31.5399 14.8767 -6.59287 31.2887 12.3542 -9.37575 30.2747 9.72627 -11.7029 28.5971 7.08126 -13.5402 26.3434 4.53715 -14.8429 23.645 2.15948 -15.6144 20.6115 -0.00723366 -15.8712 17.3419 -1.93671 -15.6348 13.9204 -3.60999 -14.9293 10.4293 -5.01875 -13.779 6.93965 -6.1597 -12.2077 3.51703 -7.03485 -10.2345 0.219977 -7.6447 -7.8847 -2.88425 -7.99064 -5.18442 -5.73356 -8.07216 -2.16541 -8.2651 -7.88696 1.12617 -10.4114 -7.43046 4.64365 -12.1128 -6.69661 8.32001 -13.305 -5.68028 12.0691 -13.9268 -4.39024 15.7575 -13.926 -2.82871 19.2786 -13.2692 -1.01869 22.4761 -11.9395 0.995 25.1731 -9.95471 3.10147 27.1553 -7.43006 5.23563 28.3101 -4.45487 7.27244 28.5112 -1.20665 9.071 27.7003 2.08691 10.4719 25.9489 5.12168 11.399 23.3761 7.72194 11.7828 20.1854 9.6998 11.6021 16.6258 10.9392 10.8656 12.8937 11.4072 9.63149 9.27645 11.121 7.97619 5.95043 10.179 5.97638 3.02906 8.71055 3.62565 0.503296 6.79273 1.0324 -1.51775 4.60777 -1.76605 -3.05145 2.28396 -4.62628 -4.21003 -0.177862 -7.43931 -5.11883 -2.81112 -10.0874 -5.89671 -5.6494 -12.451 -6.65805 -8.73266 -14.3865 -7.50423 -12.081 -15.6858 -8.48136 -15.5502 -16.2432 -9.65824 -19.1534 -15.8914 -11.0354 -22.7112 -14.5248 -12.5552 -25.9517 -12.2503 -14.0487 -28.4697 -9.20477 -15.4129 -30.0845 -5.69367 -16.4884 -30.5941 -2.10312 -17.1477 -29.9481 1.25957 -17.3242 -28.2094 4.01082 -17.0024 -25.623 5.98634 -16.2439 -22.479 7.15014 -15.1406 -19.0452 7.55648 -13.735 -15.3962 7.26026 -12.1607 -11.8059 6.38895 -10.4987 -8.35112 5.06244 -8.81535 -5.05515 3.35611 -7.14368 -1.86055 1.37362 -5.56453 1.21962 -0.815177 -4.13716 4.23348 -3.15165 -2.93009 7.23271 -5.60012 -2.01397 10.2053 -8.16278 -1.45644 13.1706 -10.8157 -1.35121 16.1069 -13.5169 -1.80367 18.9651 -16.1164 -2.87718 21.5808 -18.5927 -4.65284 23.9188 -20.8026 -7.15703 25.8154 -0.495123 -0.504707 -0.464087 -0.39673 -0.14075 -0.116815 -0.0238278 0.135442 -0.109104 0.0459607 0.173018 0.266621 0.0883328 0.165901 0.207162 0.223079 0.203451 0.219399 0.240765 0.266427 0.263401 0.277347 0.349149 0.471061 0.0166088 0.116863 0.209495 0.258092 -0.163875 -0.139671 -0.15946 -0.201959 -0.228765 -0.232564 -0.249025 -0.273691 -0.129621 -0.139511 -0.157123 -0.183188 0.0285024 0.0126057 -9.38126e-05 -0.0113154 0.231939 0.211909 0.188817 0.164334 0.407149 0.362235 0.320222 0.289962 0.383646 0.319085 0.284258 0.294415 0.042744 0.050942 0.115972 0.214027 -0.391406 -0.292543 -0.23182 -0.216441 -0.371227 -0.3359 -0.312981 -0.308908 -0.33271 -0.345359 -0.350387 -0.335642 -0.334966 -0.302273 -0.227746 -0.106869 -0.127039 0.0141563 0.147075 0.247541 0.182965 0.213031 0.198461 0.154553 0.138698 0.101907 0.0645017 0.0331058 0.0777753 0.0611275 0.0429141 0.0217898 0.0652052 0.0325624 -0.0129905 -0.0739678 0.028014 -0.0492486 -0.139218 -0.218221 2.09555
-25.4855 -10.4947 21.3308 -26.8493 -13.9426 21.2594 -27.4022 -17.5345 20.52 -27.055 -20.9577 19.1363 -25.8193 -23.8783 17.2137 -23.7739 -26.0388 14.8836 -21.1592 -27.1817 12.4063 -18.2431 -27.252 10.0038 -15.2788 -26.3232 7.85172 -12.357 -24.4711 5.99838 -9.72277 -21.931 4.58034 -7.42131 -18.9108 3.58836 -5.43156 -15.5834 2.97865 -3.66224 -12.0235 2.6903 -2.03791 -8.38369 2.66531 -0.403629 -4.75165 2.82152 1.40194 -1.20772 3.08108 3.46327 2.06137 3.41671 5.82368 5.09027 3.96709 8.46211 7.7913 4.85679 11.3223 10.0473 6.19036 14.211 11.677 7.97342 17.0638 12.6201 10.2433 19.6932 12.7656 12.9349 21.8938 12.0569 15.9073 23.4927 10.4937 18.9948 24.3204 8.19353 21.92 24.3204 5.34372 24.452 23.5225 2.17059 26.4084 21.9892 -1.16612 27.6932 19.8812 -4.39443 28.2125 17.3663 -7.35358 27.9802 14.6059 -9.93304 27.0516 11.7127 -12.085 25.4866 8.8364 -13.7449 23.3836 6.07443 -14.9006 20.8367 3.50198 -15.5548 17.9374 1.17325 -15.7197 14.7696 -0.867097 -15.4119 11.4189 -2.58933 -14.6532 7.96293 -3.97273 -13.468 4.47485 -5.00414 -11.8811 1.01833 -5.69124 -9.91323 -2.32609 -6.0619 -7.5785 -5.47909 -6.14276 -4.89635 -8.36513 -5.95779 -1.89961 -10.907 -5.52621 1.37821 -13.0389 -4.86191 4.88559 -14.692 -3.97428 8.55431 -15.8002 -2.87777 12.2711 -16.3015 -1.57313 15.9514 -16.1549 -0.0703659 19.4615 -15.3247 1.61057 22.6421 -13.7995 3.40007 25.2704 -11.6478 5.26816 27.2237 -8.92109 7.1306 28.3304 -5.75145 8.87811 28.4586 -2.33537 10.3625 27.5738 1.01929 11.4979 25.7262 4.1075 12.1887 23.0565 6.6833 12.3777 19.7877 8.55931 12.0435 16.1277 9.6465 11.2085 12.396 9.90561 9.92889 8.81652 9.41657 8.26913 5.54256 8.31378 6.22299 2.57595 6.70261 3.88008 0.0434763 4.78405 1.26543 -2.07747 2.7228 -1.60588 -3.83974 0.665228 -4.5838 -5.35457 -1.45854 -7.52403 -6.71287 -3.73519 -10.287 -8.00645 -6.25823 -12.7094 -9.31207 -9.10432 -14.5395 -10.6353 -12.1992 -15.6528 -12.027 -15.5907 -15.8374 -13.4505 -19.1429 -14.9355 -14.8168 -22.6067 -12.9956 -15.9599 -25.5519 -10.1387 -16.7932 -27.7628 -6.65895 -17.2072 -28.9727 -2.953 -17.147 -29.053 0.648789 -16.6076 -28.005 3.7179 -15.6563 -25.9956 6.04234 -14.3969 -23.2801 7.54227 -12.9381 -20.1203 8.24709 -11.3157 -16.6093 8.17271 -9.66498 -13.0419 7.43324 -8.04676 -9.53603 6.14515 -6.50432 -6.15692 4.3859 -5.04949 -2.88585 2.26552 -3.73233 0.225505 -0.137562 -2.57743 3.19246 -2.76296 -1.62787 6.04151 -5.56687 -0.966242 8.75648 -8.54144 -0.668853 11.3515 -11.6465 -0.826579 13.8019 -14.8199 -1.53164 16.0609 -17.8749 -2.81861 18.0006 -20.7833 -4.75081 19.6003 -23.3843 -7.33267 20.7493 -0.323434 -0.278755 -0.205962 -0.127199 0.123795 0.128931 0.189475 0.302342 8.65356e-05 0.0964146 0.176352 0.239198 0.0445933 0.117101 0.158033 0.174465 0.148814 0.154766 0.159556 0.159807 0.122989 0.0966972 0.121142 0.189567 -0.319206 -0.260812 -0.181782 -0.115066 -0.498561 -0.430081 -0.408648 -0.415339 -0.411225 -0.38812 -0.381193 -0.385848 -0.225469 -0.223404 -0.234167 -0.25912 -0.052439 -0.0787384 -0.104883 -0.126787 0.105829 0.0765701 0.0466259 0.0180012 0.259015 0.213682 0.171406 0.139875 0.230509 0.160975 0.119777 0.123641 -0.131731 -0.121788 -0.0477616 0.0654354 -0.522424 -0.407437 -0.333951 -0.308818 -0.455279 -0.41013 -0.373055 -0.358603 -0.381868 -0.404923 -0.43053 -0.44296 -0.471076 -0.460141 -0.392503 -0.255791 -0.234026 -0.0283905 0.183904 0.368487 0.384706 0.485542 0.526824 0.522131 0.529629 0.501857 0.462308 0.421527 0.452984 0.422229 0.391608 0.360858 0.3963 0.36135 0.31908 0.27017 0.396965 0.360928 0.330532 0.324067 2.53679
-26.7952 -5.38421 17.8224 -28.9694 -8.37605 17.5478 -30.4323 -11.6598 16.6365 -31.023 -14.9937 15.1232 -30.6563 -18.0899 13.1151 -29.3193 -20.7061 10.7385 -27.1463 -22.5388 8.24848 -24.3603 -23.4501 5.86356 -21.2206 -23.4186 3.76066 -17.8462 -22.4694 1.9959 -14.5669 -20.7405 0.707772 -11.518 -18.4101 -0.114291 -8.76016 -15.6476 -0.520616 -6.25886 -12.5448 -0.579098 -4.01635 -9.25706 -0.358628 -1.95281 -5.87299 0.0618821 0.0567398 -2.47241 0.595514 2.08863 0.786063 1.14555 4.33477 3.8963 1.72002 6.81088 6.78509 2.47658 9.50969 9.35114 3.56299 12.295 11.4024 5.05108 15.1415 12.867 7.03414 17.8863 13.5871 9.50953 20.3165 13.4385 12.3821 22.2233 12.356 15.5006 23.3738 10.4002 18.5639 23.6536 7.74795 21.2878 23.0578 4.65252 23.4316 21.645 1.32087 24.8597 19.5882 -1.92703 25.4563 17.0818 -4.89472 25.2411 14.3118 -7.45508 24.2886 11.4069 -9.55881 22.6803 8.52461 -11.1506 20.5334 5.76293 -12.2313 17.9534 3.19397 -12.8162 15.0363 0.867704 -12.9273 11.8643 -1.17473 -12.5879 8.51788 -2.90528 -11.8223 5.06763 -4.30289 -10.6544 1.57933 -5.35216 -9.1066 -1.88953 -6.05237 -7.19647 -5.26457 -6.42309 -4.93239 -8.46867 -6.483 -2.32821 -11.4258 -6.24935 0.588303 -14.0554 -5.73634 3.78724 -16.2868 -4.95529 7.2191 -18.044 -3.91601 10.8155 -19.2529 -2.63823 14.4607 -19.8425 -1.12966 18.0644 -19.7647 0.587476 21.4852 -18.9785 2.47664 24.5554 -17.471 4.445 27.0482 -15.3142 6.44516 28.8368 -12.5683 8.37284 29.7549 -9.37748 10.1041 29.6846 -5.95147 11.4884 28.6162 -2.60751 12.4477 26.6199 0.44771 12.9054 23.8557 2.97543 12.8301 20.5551 4.8031 12.2238 16.9211 5.85931 11.1356 13.2555 6.12206 9.63571 9.7561 5.68164 7.79259 6.54957 4.67624 5.59249 3.61542 3.21549 3.1226 1.06054 1.49627 0.398493 -1.14783 -0.316453 -2.48059 -3.10378 -2.17892 -5.3992 -4.88497 -4.17444 -8.22677 -6.5619 -6.3803 -10.8274 -8.20351 -8.87329 -13.0376 -9.8609 -11.7089 -14.6175 -11.5005 -14.7902 -15.4469 -13.1554 -18.1446 -15.3353 -14.7592 -21.6222 -14.156 -16.198 -24.9714 -11.9979 -17.2962 -27.7786 -8.99669 -17.9754 -29.8464 -5.4562 -18.146 -30.9326 -1.76654 -17.7847 -30.9283 1.75867 -16.9138 -29.8435 4.71619 -15.639 -27.846 6.91837 -14.0856 -25.1815 8.30437 -12.3721 -22.0983 8.91294 -10.5277 -18.6801 8.77157 -8.69113 -15.2068 7.99593 -6.91301 -11.7873 6.70016 -5.22571 -8.48114 4.95714 -3.62949 -5.26783 2.87012 -2.16919 -2.19808 0.509188 -0.86541 0.740901 -2.06951 0.245172 3.57434 -4.84031 1.10093 6.26898 -7.81513 1.64538 8.82333 -10.9772 1.80269 11.1998 -14.2907 1.49047 13.343 -17.589 0.660719 15.1276 -20.8726 -0.749612 16.5347 -24.0024 -2.77182 17.4658 -0.314198 -0.217448 -0.102827 0.00426454 0.26968 0.275056 0.320738 0.403042 0.0561617 0.101388 0.135097 0.163699 -0.0523137 0.00589011 0.0538213 0.0902613 0.0902323 0.105879 0.112471 0.108372 0.0617494 0.0221485 0.0322089 0.0882307 -0.426945 -0.364217 -0.268511 -0.178205 -0.539944 -0.456858 -0.428089 -0.432375 -0.428442 -0.406372 -0.400164 -0.404546 -0.242627 -0.237833 -0.245058 -0.266268 -0.0563464 -0.0809513 -0.107798 -0.132359 0.0946501 0.0568935 0.0160739 -0.0249019 0.203421 0.146123 0.0934196 0.0535809 0.138391 0.0656409 0.0240045 0.0306591 -0.218107 -0.197471 -0.109494 0.0184339 -0.556576 -0.431906 -0.351393 -0.320519 -0.461134 -0.409958 -0.367449 -0.350407 -0.373178 -0.399595 -0.433123 -0.458073 -0.496772 -0.496482 -0.438967 -0.309884 -0.290714 -0.0810247 0.141941 0.342094 0.376558 0.496223 0.555315 0.56664 0.5883 0.57271 0.543363 0.511157 0.549944 0.525468 0.500113 0.474254 0.51465 0.485421 0.451723 0.416426 0.564333 0.559316 0.57169 0.618262 2.87838
-26.9023 -2.74905 12.2421 -29.368 -5.33367 11.2451 -31.1158 -8.21786 9.70214 -31.9717 -11.2159 7.694 -31.8255 -14.0961 5.36225 -30.6314 -16.6546 2.85052 -28.4843 -18.6014 0.425615 -25.5894 -19.7728 -1.70241 -22.2156 -20.0988 -3.37326 -18.5027 -19.5679 -4.52845 -14.8434 -18.2586 -5.07378 -11.4302 -16.3217 -5.05335 -8.37005 -13.9166 -4.55045 -5.65569 -11.1412 -3.64676 -3.30938 -8.15047 -2.44802 -1.24727 -5.03674 -1.05541 0.663983 -1.86892 0.427476 2.52095 1.21667 1.86954 4.52532 4.23705 3.25103 6.76139 7.07157 4.67021 9.27001 9.57741 6.24377 11.9678 11.5275 8.00424 14.8675 12.8163 10.0318 17.839 13.2594 12.3019 20.6789 12.7197 14.7151 23.1645 11.1341 17.1317 25.0061 8.60315 19.3078 26.0188 5.36051 21.0376 26.1272 1.72246 22.1714 25.3452 -2.05934 22.642 23.7911 -5.6194 22.4275 21.6389 -8.751 21.5929 19.0677 -11.3339 20.2317 16.2073 -13.3332 18.4228 13.2192 -14.7114 16.2727 10.2115 -15.4869 13.8638 7.26831 -15.6892 11.2661 4.45354 -15.351 8.53696 1.82514 -14.5049 5.73321 -0.570569 -13.1835 2.90486 -2.69278 -11.4191 0.0997633 -4.50676 -9.24274 -2.63934 -5.97459 -6.69459 -5.26272 -7.09586 -3.80454 -7.69585 -7.87161 -0.608645 -9.86707 -8.30255 2.84251 -11.7054 -8.39089 6.49985 -13.1516 -8.13633 10.2969 -14.1481 -7.53805 14.1533 -14.6443 -6.60327 17.947 -14.6008 -5.33185 21.5917 -13.994 -3.73347 24.9554 -12.8114 -1.83081 27.8869 -11.0637 0.292838 30.1839 -8.83786 2.59826 31.7382 -6.19035 4.98092 32.4004 -3.25363 7.30056 32.064 -0.212907 9.35712 30.7296 2.65587 11.0277 28.4684 5.17302 12.1716 25.4515 7.12985 12.6978 21.9302 8.38019 12.5733 18.1307 8.86804 11.8225 14.3816 8.60383 10.5271 10.89 7.69807 8.78607 7.7737 6.30274 6.62417 4.9906 4.52398 4.16638 2.60196 2.56511 1.46523 0.522066 0.574793 -1.37475 -1.36071 -1.41853 -4.24347 -3.12808 -3.49694 -7.01519 -4.85436 -5.73536 -9.55881 -6.61188 -8.20803 -11.717 -8.45471 -10.9683 -13.2588 -10.3412 -13.9251 -14.0714 -12.3072 -17.1115 -13.9724 -14.2778 -20.3956 -12.8382 -16.1228 -23.5559 -10.7463 -17.6262 -26.222 -7.81308 -18.6902 -28.2241 -4.31342 -19.1894 -29.3408 -0.610079 -19.0679 -29.4621 3.0008 -18.3276 -28.5814 6.11339 -17.0612 -26.8291 8.52106 -15.4032 -24.4173 10.1362 -13.4937 -21.5699 10.9788 -11.3774 -18.3656 11.0433 -9.22907 -15.0736 10.4276 -7.12571 -11.8097 9.2342 -5.12145 -8.64497 7.52892 -3.22959 -5.57507 5.40856 -1.51369 -2.66454 2.94069 -0.00555125 0.0825574 0.179856 1.2601 2.66854 -2.82144 2.23591 5.05825 -6.06599 2.88654 7.23086 -9.5262 3.15714 9.13463 -13.1555 2.98709 10.7061 -16.7674 2.34314 11.8426 -20.3646 1.18168 12.5227 -23.8041 -0.520784 12.6748 0.17838 0.337613 0.507861 0.659016 0.954219 0.972717 1.01285 1.0704 0.681063 0.672022 0.648957 0.625169 0.364377 0.387799 0.415792 0.447399 0.455266 0.488359 0.510447 0.522722 0.4858 0.444724 0.439229 0.460101 -0.118189 -0.152726 -0.180947 -0.217127 -0.683325 -0.671883 -0.685385 -0.711276 -0.715197 -0.691259 -0.675624 -0.664078 -0.480212 -0.447748 -0.421945 -0.40531 -0.153489 -0.133682 -0.115517 -0.0983983 0.171407 0.175946 0.175151 0.170153 0.428778 0.394951 0.358126 0.325886 0.409373 0.325638 0.261828 0.232866 -0.0667027 -0.111503 -0.0983097 -0.0432567 -0.678638 -0.597208 -0.544979 -0.532592 -0.686361 -0.645229 -0.610432 -0.596654 -0.61992 -0.646557 -0.682707 -0.715557 -0.767286 -0.786971 -0.757243 -0.662733 -0.680725 -0.504924 -0.307292 -0.120399 -0.0869737 0.0417714 0.116662 0.147184 0.18908 0.192585 0.179441 0.159882 0.207709 0.188814 0.165921 0.140363 0.182551 0.15909 0.135965 0.118239 0.292758 0.324993 0.38646 0.492461 2.32423
-26.3113 0.0413422 7.80849 -28.8943 -2.16126 6.31502 -30.7662 -4.67688 4.33475 -31.7458 -7.35927 1.96854 -31.704 -10.0129 -0.621831 -30.5716 -12.4558 -3.27334 -28.4209 -14.4062 -5.69222 -25.4539 -15.684 -7.65311 -21.9571 -16.1925 -8.99254 -18.0977 -15.9044 -9.64387 -14.3124 -14.8725 -9.5539 -10.8231 -13.2386 -8.80732 -7.74998 -11.16 -7.52757 -5.08399 -8.74127 -5.81617 -2.83322 -6.1322 -3.81276 -0.889568 -3.41685 -1.63652 0.898057 -0.646527 0.603277 2.64586 2.06891 2.75277 4.5565 4.7577 4.79447 6.7442 7.28234 6.76647 9.25191 9.46779 8.76241 11.9969 11.0712 10.7809 15.0088 11.9979 12.8425 18.1807 12.0906 14.8699 21.3323 11.2397 16.7469 24.2599 9.39841 18.3504 26.6611 6.67562 19.5137 28.3133 3.29619 20.132 29.0826 -0.437437 20.1607 28.9307 -4.28476 19.6038 27.9061 -7.88082 18.5296 26.1474 -11.0156 17.0412 23.8191 -13.5634 15.2459 21.0527 -15.4842 13.2189 18.017 -16.7397 11.0604 14.8345 -17.3498 8.83546 11.6042 -17.3488 6.5957 8.40301 -16.775 4.38028 5.30072 -15.6682 2.22714 2.35376 -14.068 0.167948 -0.388114 -12.0139 -1.76802 -2.88288 -9.54216 -3.55592 -5.08348 -6.69802 -5.16774 -6.95782 -3.52786 -6.57013 -8.49391 -0.0827763 -7.71098 -9.67821 3.5754 -8.54211 -10.5011 7.39191 -9.02466 -10.9483 11.2991 -9.12377 -11.004 15.2202 -8.81169 -10.6549 19.0417 -8.07544 -9.88665 22.69 -6.90566 -8.68756 26.048 -5.30752 -7.05629 28.9804 -3.30552 -5.04995 31.299 -0.99489 -2.69091 32.9056 1.573 -0.0672203 33.6536 4.27426 2.68416 33.43 6.94257 5.33458 32.2181 9.33973 7.72806 30.0711 11.315 9.66498 27.1419 12.6963 10.9859 23.6722 13.3716 11.6054 19.8906 13.3032 11.4885 16.1392 12.5269 10.6982 12.6483 11.1563 9.3415 9.56183 9.33343 7.47925 6.86676 7.13071 5.2526 4.60714 4.78132 2.73729 2.6616 2.44215 0.0316073 0.892646 0.176375 -2.74057 -0.796307 -2.08979 -5.44792 -2.48632 -4.43225 -7.95932 -4.25896 -6.92696 -10.1222 -6.18044 -9.62934 -11.7112 -8.21711 -12.4588 -12.6198 -10.4191 -15.4595 -12.6681 -12.7211 -18.5216 -11.7226 -14.9931 -21.458 -9.82881 -16.9868 -23.9446 -7.07195 -18.5855 -25.8388 -3.68552 -19.6172 -26.9396 -0.00047092 -19.972 -27.1364 3.70096 -19.6107 -26.4077 7.00046 -18.5811 -24.8535 9.65895 -17.0086 -22.6576 11.5497 -15.0448 -20.0249 12.667 -12.7519 -17.0331 12.9652 -10.3394 -13.9432 12.5236 -7.9184 -10.8773 11.4354 -5.57289 -7.91567 9.76375 -3.33504 -5.06805 7.60537 -1.29188 -2.40756 5.0331 0.511929 0.0503115 2.10924 2.03369 2.29679 -1.08675 3.22436 4.30642 -4.53956 4.06679 6.04971 -8.20478 4.52526 7.4733 -12.023 4.55963 8.51743 -15.7961 4.14825 9.10604 -19.5326 3.26623 9.21655 -23.0955 1.89481 8.79577 0.614925 0.816282 1.0257 1.2103 1.5309 1.56407 1.60562 1.65019 1.23393 1.18717 1.12129 1.05438 0.753325 0.742919 0.747571 0.767806 0.775784 0.819378 0.857358 0.88705 0.863532 0.825041 0.805382 0.789546 0.147661 0.023148 -0.112153 -0.256927 -0.818843 -0.881124 -0.944549 -1.00015 -1.01814 -0.996276 -0.973416 -0.947195 -0.742383 -0.683494 -0.626409 -0.574203 -0.283094 -0.220934 -0.15886 -0.0987147 0.21665 0.26816 0.314312 0.354516 0.654628 0.656777 0.648818 0.636676 0.729837 0.64397 0.564531 0.504445 0.157147 0.0488465 -0.0132574 -0.0366262 -0.743971 -0.720855 -0.711389 -0.729149 -0.905355 -0.880721 -0.855206 -0.845469 -0.869033 -0.894315 -0.930042 -0.966465 -1.02808 -1.06584 -1.06367 -1.00593 -1.0666 -0.934092 -0.774892 -0.616348 -0.598824 -0.473705 -0.392584 -0.349312 -0.29092 -0.269648 -0.265851 -0.270341 -0.209638 -0.217872 -0.232072 -0.250386 -0.200481 -0.212895 -0.221421 -0.219921 -0.0209313 0.0413459 0.138735 0.285538 1.72366
-25.6232 4.30744 2.63218 -28.3145 2.78152 0.58693 -30.3195 0.837597 -1.85336 -31.4441 -1.43471 -4.55995 -31.5362 -3.88564 -7.3417 -30.5026 -6.35762 -10.0066 -28.3954 -8.56435 -12.236 -25.4186 -10.2842 -13.8049 -21.8796 -11.3614 -14.5763 -17.9734 -11.7337 -14.5054 -14.1647 -11.3795 -13.6277 -10.6867 -10.4048 -12.0929 -7.65484 -8.9479 -10.0712 -5.04702 -7.11545 -7.67779 -2.85327 -5.0503 -5.06829 -0.955279 -2.84129 -2.3471 0.806354 -0.543141 0.39192 2.55208 1.73841 2.99879 4.48217 4.01544 5.47641 6.72221 6.10143 7.85959 9.30846 7.77445 10.2177 12.1415 8.83341 12.4612 15.2359 9.21615 14.5726 18.4818 8.82387 16.4408 21.7136 7.60415 17.9402 24.7573 5.547 18.9583 27.3393 2.77362 19.3761 29.2492 -0.517607 19.147 30.3382 -4.06843 18.2877 30.5371 -7.67406 16.8403 29.8394 -10.9978 14.9427 28.344 -13.8354 12.7411 26.1944 -16.0562 10.3783 23.5202 -17.6106 7.95273 20.4984 -18.4644 5.5883 17.267 -18.6473 3.35769 13.9399 -18.2104 1.31068 10.6036 -17.2126 -0.52213 7.33221 -15.7169 -2.11766 4.17996 -13.7831 -3.46271 1.18949 -11.4671 -4.5484 -1.60847 -8.81609 -5.36891 -4.17974 -5.88035 -5.91646 -6.49875 -2.70527 -6.18266 -8.56403 0.650522 -6.12704 -10.3413 4.13929 -5.7455 -11.8006 7.72235 -5.03295 -12.9048 11.3497 -3.98484 -13.613 14.9628 -2.59926 -13.8806 18.4675 -0.892321 -13.6698 21.8035 1.13121 -12.9397 24.8677 3.44337 -11.6607 27.5372 5.9941 -9.8617 29.6397 8.65555 -7.55312 31.0859 11.361 -4.81096 31.7449 13.966 -1.76972 31.5199 16.2985 1.3242 30.4033 18.148 4.29822 28.4474 19.4008 6.92012 25.7887 19.946 8.98612 22.6376 19.7415 10.3703 19.1895 18.8012 10.9716 15.748 17.2252 10.8078 12.5254 15.1569 9.95796 9.66703 12.7492 8.48382 7.18203 10.0594 6.53435 5.17693 7.27329 4.22519 3.53238 4.52615 1.64727 2.04872 1.93061 -1.0657 0.551068 -0.533104 -3.76438 -1.0165 -2.96886 -6.30536 -2.7137 -5.48599 -8.52532 -4.5878 -8.17531 -10.2087 -6.60567 -10.9633 -11.2653 -8.8247 -13.9024 -11.5229 -11.1957 -16.9009 -10.8412 -13.6084 -19.7978 -9.22756 -15.8228 -22.2952 -6.7309 -17.7289 -24.2644 -3.53389 -19.1397 -25.5025 0.0726404 -19.9121 -25.8775 3.82346 -19.9719 -25.3391 7.28711 -19.314 -23.9489 10.185 -18.0342 -21.8688 12.3427 -16.2724 -19.2991 13.721 -14.0977 -16.3281 14.2314 -11.7244 -13.2357 13.9367 -9.2809 -10.1699 12.9266 -6.86528 -7.23713 11.2705 -4.51572 -4.47158 9.07607 -2.32019 -1.96652 6.43103 -0.315389 0.246135 3.41232 1.47186 2.14469 0.113412 3.00924 3.7017 -3.43568 4.29247 4.89665 -7.18497 5.28043 5.69505 -11.0734 5.92753 6.05798 -14.9044 6.1823 5.95406 -18.6963 6.02315 5.36416 -22.3231 5.40787 4.2599 7.49375 7.74751 8.00279 8.22168 8.55997 8.58944 8.60395 8.60062 8.12104 8.00423 7.87126 7.74593 7.39729 7.35057 7.33366 7.34476 7.35403 7.40778 7.46379 7.51473 7.51053 7.48508 7.46761 7.43855 6.76502 6.59046 6.39112 6.17551 5.54306 5.41695 5.3007 5.20445 5.15751 5.16131 5.17593 5.20259 5.41546 5.48909 5.56672 5.64449 5.9655 6.0613 6.15995 6.25724 6.61432 6.71129 6.80565 6.89558 7.24529 7.29521 7.33135 7.35719 7.47913 7.40973 7.33115 7.25275 6.86581 6.6969 6.55648 6.44455 5.64754 5.58922 5.53205 5.46415 5.25236 5.25384 5.26483 5.26677 5.24239 5.21932 5.18614 5.15164 5.089 5.04673 5.04016 5.08468 5.00726 5.12122 5.26197 5.40422 5.40881 5.52481 5.60029 5.64054 5.69772 5.71907 5.724 5.7217 5.78592 5.78293 5.77618 5.76808 5.83155 5.83889 5.85616 5.89007 6.1279 6.23504 6.38317 6.58494 1.19978
-23.0495 12.3027 1.79343 -25.9392 11.0517 -0.165844 -28.2673 9.21348 -2.39173 -29.8504 6.85448 -4.77559 -30.5329 4.1045 -7.16841 -30.2054 1.09735 -9.43347 -28.8421 -1.871 -11.3337 -26.5485 -4.54306 -12.7049 -23.5272 -6.69157 -13.4375 -19.9027 -8.19572 -13.4809 -16.0924 -8.87208 -12.8278 -12.3775 -8.72159 -11.5711 -8.97578 -7.81383 -9.83733 -5.99228 -6.24773 -7.70827 -3.59654 -4.37983 -5.12789 -1.63304 -2.33483 -2.32614 0.121082 -0.185319 0.535648 1.86198 1.96293 3.25654 3.85751 4.1201 5.78899 6.299 6.20574 7.96567 9.20651 7.84945 9.93875 12.4177 8.80859 11.656 15.895 9.05376 13.0801 19.4777 8.52991 14.1145 22.967 7.22978 14.675 26.1796 5.17761 14.7011 28.8467 2.50742 14.1627 30.7775 -0.598783 13.0875 31.8418 -3.92016 11.5485 31.9785 -7.29201 9.61272 31.181 -10.4217 7.44378 29.5421 -13.1277 5.1795 27.2007 -15.2848 2.94336 24.2845 -16.8372 0.813442 20.9796 -17.7394 -1.11374 17.4358 -18.0089 -2.79305 13.7806 -17.6874 -4.20269 10.1126 -16.8281 -5.33956 6.51564 -15.4904 -6.20999 3.05034 -13.7317 -6.82965 -0.237859 -11.6052 -7.21832 -3.31852 -9.15423 -7.39768 -6.15904 -6.42272 -7.38883 -8.73553 -3.44605 -7.21286 -11.1093 -0.341603 -6.70551 -13.2296 2.86379 -5.86561 -15.048 6.14808 -4.68978 -16.5055 9.47447 -3.1777 -17.5377 12.7933 -1.33498 -18.0748 16.017 0.806825 -18.0603 19.0844 3.22734 -17.4378 21.8919 5.87289 -16.1704 24.3174 8.66188 -14.2925 26.1989 11.432 -11.8283 27.4566 14.094 -8.87371 27.9827 16.4885 -5.58369 27.7085 18.4482 -2.22423 26.6486 19.8012 1.03087 24.862 20.474 3.95049 22.4722 20.4089 6.3311 19.6549 19.6116 8.04301 16.5666 18.1211 8.9577 13.4649 16.064 9.06035 10.5409 13.5882 8.396 7.94468 10.8481 7.0011 5.72112 7.89962 5.00582 3.89434 5.02467 2.52633 2.15372 2.49366 -0.188029 0.453436 0.186055 -2.93766 -1.28637 -2.0691 -5.51231 -3.14117 -4.43636 -7.67721 -5.1693 -7.05796 -9.14752 -7.37789 -9.99617 -9.82385 -9.84611 -12.8473 -9.66505 -12.5597 -15.5472 -8.6118 -15.3727 -17.9255 -6.67584 -18.0955 -19.8009 -4.05777 -20.4407 -20.9799 -0.885615 -22.3074 -21.4243 2.59585 -23.5373 -21.0911 6.10805 -24.0324 -20.0123 9.44887 -23.7535 -18.245 12.2992 -22.7303 -15.9666 14.494 -21.0693 -13.3615 15.9488 -18.9086 -10.6088 16.6614 -16.2938 -7.76072 16.6069 -13.4463 -5.05053 15.8642 -10.4891 -2.56863 14.5278 -7.51643 -0.370109 12.6635 -4.55327 1.54183 10.3805 -1.68971 3.12264 7.76066 1.04577 4.37363 4.87397 3.63742 5.30189 1.80324 6.05986 5.91264 -1.49502 8.21573 6.29253 -4.99858 10.0552 6.40187 -8.67127 11.5183 6.19865 -12.3424 12.5119 5.66298 -16.0415 13.0171 4.76094 -19.6589 12.9662 3.47121 115.403 115.655 115.893 116.076 116.361 116.323 116.264 116.189 115.648 115.485 115.324 115.187 114.838 114.787 114.765 114.774 114.783 114.839 114.895 114.933 114.903 114.844 114.783 114.701 113.967 113.73 113.471 113.203 112.531 112.38 112.253 112.159 112.125 112.149 112.189 112.243 112.483 112.584 112.687 112.789 113.131 113.245 113.358 113.47 113.844 113.959 114.073 114.184 114.556 114.627 114.682 114.724 114.856 114.789 114.703 114.605 114.186 113.975 113.784 113.617 112.767 112.66 112.562 112.463 112.228 112.218 112.228 112.235 112.211 112.185 112.146 112.105 112.041 111.99 111.961 111.968 111.837 111.886 111.956 112.031 111.977 112.051 112.102 112.136 112.202 112.243 112.277 112.307 112.407 112.441 112.471 112.5 112.6 112.645 112.7 112.77 113.043 113.182 113.359 113.582 0.299598
