Optimization finished after 1200 iterations.
NEB Energy: 2.31705
Max NEB Force: 0.494865
Optimization took: 1782327242770 ms
Energies: 
1.44516, 2.32172, 2.34023, 2.343, 2.42093, 2.43939, 2.37592, 2.32754, 2.27513, 1.43424, 
NEB Forces: 
0, 0.40986, 0.411272, 0.40963, 0.412824, 0.410936, 0.410023, 0.410231, 0.494865, 0, 
Gradients: 
0.0105744, 0.409754, 0.411414, 0.409642, 0.412828, 0.410946, 0.410027, 0.410233, 0.408705, 0.036277, 
Spring Forces: 
0, 0.00933277, 0.00161608, 9.57009e-05, 0.000265562, 0.000668177, 7.85109e-05, 0.000553962, 0.279028, 0, 