Optimization finished after 3000 iterations.
NEB Energy: 1.60284
Max NEB Force: 0.0973029
Optimization took: 1782327259811 ms
Energies: 
1.44444, 1.60329, 1.61479, 1.62176, 1.67648, 1.69533, 1.64363, 1.59757, 1.55269, 1.43424, 
NEB Forces: 
0, 0.0831655, 0.0838485, 0.08677, 0.093515, 0.0973029, 0.0934298, 0.090593, 0.0924693, 0, 
Gradients: 
0.00517646, 0.0831739, 0.0838491, 0.0867704, 0.0935165, 0.0973056, 0.0934361, 0.0906011, 0.0882868, 0.0357644, 
Spring Forces: 
0, 0.000912793, 0.000159711, 1.29416e-05, 2.98546e-05, 6.18582e-05, 5.45773e-06, 0.000139667, 0.0274998, 0, 