# num_vectors 10
# vector_size 401
# Iterations: 4200, stepsize: 0.028713, max step size: 1.000000, spring constant: 0.000100, global NEB Hessian: false, global NEB Linesearch: true, climbing image: false
-24.3946 -0.274109 20.4531 -26.5994 -3.23531 20.1012 -28.1086 -6.44836 19.0276 -28.7603 -9.65711 17.2862 -28.4736 -12.575 15.0152 -27.2417 -14.9753 12.3692 -25.1948 -16.5927 9.63515 -22.5416 -17.3272 7.04632 -19.5181 -17.1844 4.78379 -16.2198 -16.1992 2.899 -12.9515 -14.5076 1.53552 -9.8433 -12.2684 0.682745 -6.96608 -9.62798 0.292451 -4.30556 -6.66006 0.30131 -1.84806 -3.53778 0.616126 0.507095 -0.363907 1.13276 2.87609 2.78109 1.75244 5.3098 5.73987 2.36201 8.10913 8.30752 3.14913 11.0646 10.4256 4.50111 13.98 11.9923 6.52447 16.6175 12.8624 9.06744 18.8986 12.9996 12.0604 20.6602 12.3594 15.3264 21.7651 10.9593 18.6429 22.1239 8.85732 21.8029 21.6926 6.22213 24.5237 20.5157 3.2551 26.608 18.6991 0.173459 27.9257 16.3387 -2.87887 28.4226 13.6413 -5.66106 28.0779 10.7765 -8.04519 26.9622 7.89187 -9.95358 25.1811 5.0768 -11.3639 22.8279 2.45136 -12.2531 20.041 0.0777301 -12.6442 16.9323 -2.00404 -12.5733 13.5988 -3.77178 -12.0819 10.1176 -5.20959 -11.2135 6.5589 -6.31008 -10.0103 2.97749 -7.06851 -8.51139 -0.58106 -7.49623 -6.73584 -4.07309 -7.63972 -4.67049 -7.42623 -7.5275 -2.30906 -10.5791 -7.14201 0.327234 -13.4828 -6.46676 3.20704 -16.0763 -5.48506 6.30004 -18.3001 -4.18513 9.55823 -20.0805 -2.56417 12.9152 -21.3371 -0.647978 16.2584 -21.9847 1.54077 19.4952 -21.9581 3.94208 22.483 -21.2001 6.46298 25.0569 -19.6875 8.93294 27.0129 -17.4935 11.2475 28.2445 -14.6888 13.2458 28.6314 -11.4335 14.7745 28.1139 -7.94997 15.6999 26.743 -4.55817 15.9827 24.6155 -1.45437 15.6111 21.8962 1.13541 14.6301 18.7907 3.04168 13.1034 15.4637 4.17737 11.166 12.1705 4.47925 8.95061 9.08262 3.98264 6.57142 6.32903 2.77964 3.83712 3.94588 1.22147 0.938863 1.77971 -0.357017 -1.98202 -0.310408 -1.99523 -4.81182 -2.39935 -3.78752 -7.4288 -4.55772 -5.8286 -9.66416 -6.82189 -8.18437 -11.3719 -9.17302 -10.873 -12.4016 -11.5506 -13.8662 -12.6089 -13.7822 -16.9736 -11.9288 -15.8169 -20.1478 -10.3129 -17.5 -23.1867 -7.81141 -18.6714 -25.8415 -4.70816 -19.1918 -27.802 -1.19224 -19.0431 -28.9684 2.41652 -18.2351 -29.2296 5.79412 -16.852 -28.5791 8.72722 -14.9882 -27.0673 10.9463 -12.8416 -24.8696 12.3688 -10.5752 -22.1858 13.0027 -8.32047 -19.2064 12.9005 -6.09013 -15.9704 12.138 -4.02671 -12.712 10.8379 -2.15168 -9.51041 9.11703 -0.461291 -6.40593 7.04662 1.08551 -3.36749 4.74123 2.4938 -0.432653 2.2784 3.79972 2.42049 -0.287973 4.95587 5.24686 -2.97396 5.88192 8.0034 -5.82553 6.50718 10.677 -8.85413 6.74368 13.2152 -12.0467 6.49909 15.5428 -15.2548 5.71716 17.5045 -18.4829 4.33507 19.0604 -21.5923 2.32624 20.084 -0.376544 -0.269626 -0.135653 -0.00195675 0.293315 0.332911 0.412299 0.524018 0.196553 0.253585 0.289868 0.315287 0.0932148 0.13789 0.169657 0.192995 0.184579 0.1824 0.19219 0.204796 0.193453 0.20447 0.279382 0.412483 -0.017632 0.114277 0.241576 0.319943 -0.0790869 -0.0401503 -0.0495402 -0.0842284 -0.105345 -0.104388 -0.116948 -0.138238 0.00797966 0.000506633 -0.0157741 -0.0427034 0.162733 0.136635 0.110791 0.0833101 0.302681 0.252854 0.192912 0.126227 0.323771 0.235993 0.155304 0.0924148 0.160497 0.0772261 0.0312211 0.0413741 -0.190341 -0.135055 0.0101631 0.211284 -0.288422 -0.107194 0.00825268 0.0541554 -0.0811014 -0.0406953 -0.0136832 -0.00503718 -0.0354894 -0.0743518 -0.128797 -0.184993 -0.244892 -0.263516 -0.223896 -0.109616 -0.100766 0.111166 0.348748 0.574831 0.642477 0.800398 0.896932 0.941879 0.993621 1.00053 0.987251 0.966076 1.01437 0.997592 0.982057 0.966767 1.01524 0.988565 0.953239 0.912425 1.05303 1.03775 1.0405 1.08126 3.40492
-26.9897 -4.823 19.9052 -27.5936 -8.35975 20.8433 -27.2531 -12.0413 21.1322 -25.9914 -15.5079 20.7519 -23.8976 -18.3929 19.7289 -21.1276 -20.4104 18.1363 -18.0349 -21.3623 16.1843 -14.904 -21.2837 14.0696 -11.9531 -20.2396 11.9524 -9.26357 -18.2479 9.90261 -7.01424 -15.5826 8.10302 -5.09175 -12.535 6.54787 -3.35684 -9.28966 5.18403 -1.72134 -5.86308 3.97142 -0.129705 -2.35161 2.96004 1.62185 1.14925 2.20994 3.75711 4.48756 1.78247 6.2688 7.44321 1.72128 9.12426 10.0432 2.08822 12.1855 12.2239 3.04785 15.2699 13.8344 4.76286 18.0584 14.6904 7.14419 20.4253 14.7921 10.0712 22.1685 14.1647 13.3495 23.0846 12.8611 16.7614 23.0487 10.9656 20.0687 22.0992 8.67146 22.9615 20.3882 6.15963 25.2628 18.0576 3.58915 26.8419 15.2013 1.06474 27.6192 12.0696 -1.2431 27.5719 8.85798 -3.2942 26.7884 5.7161 -5.07137 25.3372 2.72997 -6.55443 23.2553 0.0163367 -7.70526 20.6548 -2.36045 -8.53926 17.6371 -4.32283 -9.07105 14.273 -5.80921 -9.2987 10.6366 -6.82185 -9.21143 6.83498 -7.40124 -8.78318 2.96638 -7.55471 -7.97828 -0.882473 -7.27506 -6.78908 -4.62909 -6.60392 -5.23856 -8.1893 -5.62292 -3.32082 -11.4892 -4.40117 -1.0037 -14.4333 -2.98454 1.69244 -16.9232 -1.39856 4.69224 -18.9135 0.337205 7.91046 -20.3646 2.19248 11.2761 -21.2048 4.10568 14.6789 -21.3742 6.05312 18.0281 -20.8661 8.02223 21.1815 -19.663 9.97871 23.9607 -17.7353 11.8091 26.1555 -15.1716 13.4605 27.6869 -12.0623 14.8536 28.415 -8.55955 15.8931 28.1813 -4.8711 16.4746 26.9629 -1.3473 16.5619 24.8832 1.80024 16.1272 22.1352 4.34956 15.1709 18.9253 6.08799 13.7373 15.4581 6.87051 11.9577 12.0677 6.70495 9.8973 8.97026 5.78295 7.56579 6.32715 4.27713 4.94225 4.19362 2.24044 2.22825 2.62146 -0.156574 -0.472515 1.42998 -2.77756 -3.1376 0.459981 -5.52344 -5.77271 -0.357365 -8.36261 -8.29745 -1.10446 -11.319 -10.5292 -1.96929 -14.4724 -12.2305 -3.14471 -17.8483 -13.2041 -4.6397 -21.2388 -13.4277 -6.45157 -24.6071 -12.7899 -8.52616 -27.7642 -11.1731 -10.7604 -30.4236 -8.72217 -12.8857 -32.218 -5.63727 -14.7637 -33.0551 -2.23274 -16.2179 -32.8586 1.14913 -17.098 -31.6206 4.21623 -17.3119 -29.405 6.62017 -16.8673 -26.5092 8.2464 -15.882 -23.2309 9.0438 -14.4692 -19.8059 8.98846 -12.6694 -16.3111 8.15683 -10.6744 -13.0271 6.75861 -8.61285 -9.98545 4.95168 -6.55841 -7.16218 2.77538 -4.52061 -4.5122 0.309746 -2.5756 -2.05273 -2.37648 -0.79011 0.294106 -5.22541 0.772979 2.60748 -8.18186 2.06352 4.90196 -11.2505 3.02817 7.20924 -14.4023 3.51473 9.55436 -17.5599 3.33391 11.9351 -20.5076 2.41957 14.2212 -23.2005 0.758906 16.3988 -25.448 -1.66645 18.3526 0.269664 0.185813 0.144251 0.120325 0.280601 0.214496 0.215412 0.278775 -0.0504827 0.0501573 0.136779 0.199177 0.0139021 0.103492 0.145359 0.135785 0.0815345 0.0684006 0.0676247 0.065549 0.0416955 0.0434659 0.108146 0.238637 -0.168346 0.0120843 0.194261 0.327023 -0.0258061 0.0381498 0.0370128 0.00758415 -0.00665983 0.00175739 -0.00264867 -0.0183266 0.124449 0.101622 0.0558457 -0.019815 0.122185 0.0331378 -0.049445 -0.132412 0.0406189 -0.0331772 -0.0961415 -0.151625 0.0714726 0.019948 -0.0247018 -0.0563674 0.0412026 -0.0139147 -0.0319684 0.0141027 -0.172884 -0.0811465 0.0820729 0.292344 -0.209413 -0.0511291 0.035892 0.0688975 -0.0718795 -0.0355184 -0.0207831 -0.0199451 -0.0463366 -0.0629958 -0.0712879 -0.0656964 -0.0866947 -0.0934933 -0.0757266 -0.0240548 -0.123269 -0.0598608 0.00223171 0.0445196 -0.0650369 -0.0619387 -0.0868093 -0.131077 -0.141709 -0.170122 -0.193652 -0.209759 -0.150853 -0.156159 -0.162335 -0.170252 -0.108953 -0.116158 -0.133176 -0.166322 -0.0331204 -0.0749369 -0.138024 -0.228267 1.26652
-26.6657 -12.5691 24.7469 -26.3593 -16.1352 25.7177 -25.1329 -19.6227 26.0131 -23.091 -22.6928 25.6147 -20.3993 -25.0134 24.5551 -17.2682 -26.3467 22.9123 -14.0802 -26.584 20.8971 -11.1048 -25.823 18.6951 -8.55003 -24.171 16.4535 -6.50162 -21.6631 14.2364 -5.04149 -18.6089 12.2509 -3.92662 -15.2698 10.516 -2.91046 -11.7962 8.9982 -1.86935 -8.1875 7.66409 -0.745217 -4.52578 6.56196 0.642455 -0.878669 5.74986 2.50804 2.61458 5.29918 4.84473 5.71079 5.26014 7.60398 8.40475 5.68125 10.642 10.5925 6.69728 13.7694 12.0872 8.43887 16.6434 12.701 10.7932 19.1163 12.4515 13.622 20.9857 11.4005 16.7173 22.0663 9.63706 19.8641 22.2409 7.27417 22.8505 21.5159 4.55102 25.418 19.9909 1.69914 27.4364 17.7614 -1.06926 28.8141 14.9034 -3.62094 29.4897 11.6815 -5.80068 29.4333 8.31991 -7.61704 28.7011 4.9879 -9.08911 27.335 1.77889 -10.211 25.3616 -1.17499 -10.971 22.8821 -3.78245 -11.4268 19.9762 -5.92876 -11.6418 16.6902 -7.52619 -11.641 13.094 -8.58874 -11.3996 9.31272 -9.20417 -10.8469 5.46554 -9.42664 -9.90521 1.65127 -9.26536 -8.55268 -2.04659 -8.74654 -6.82498 -5.55021 -7.92611 -4.73682 -8.78997 -6.85677 -2.26926 -11.6704 -5.57728 0.552721 -14.0942 -4.10006 3.64691 -16.0227 -2.41155 6.9091 -17.4308 -0.50106 10.2457 -18.2629 1.58836 13.5413 -18.4662 3.82056 16.7182 -18.0269 6.15425 19.6473 -16.9124 8.52659 22.1544 -15.0808 10.7873 24.0394 -12.6159 12.8559 25.2364 -9.61123 14.6074 25.6366 -6.21824 15.893 25.1192 -2.63785 16.5732 23.696 0.79023 16.6221 21.4995 3.85825 16.0413 18.7249 6.34904 14.8587 15.5751 8.05771 13.137 12.2429 8.84624 11.0399 9.0372 8.72415 8.66572 6.14822 7.8835 6.04842 3.71464 6.49894 3.16782 1.77582 4.62112 0.233269 0.36015 2.39231 -2.64385 -0.725331 -0.0830441 -5.42147 -1.65404 -2.72991 -8.09316 -2.50145 -5.52577 -10.5853 -3.32862 -8.48856 -12.728 -4.27424 -11.6803 -14.2914 -5.48345 -15.1105 -15.0888 -6.94491 -18.5611 -15.0968 -8.65011 -21.9919 -14.2127 -10.5312 -25.2104 -12.3386 -12.4744 -27.9287 -9.65359 -14.2409 -29.7766 -6.37114 -15.7215 -30.6583 -2.82214 -16.78 -30.4899 0.635187 -17.3036 -29.2583 3.69763 -17.2303 -27.0271 6.01789 -16.6036 -24.0969 7.49228 -15.5587 -20.7657 8.07802 -14.2224 -17.2681 7.75271 -12.6455 -13.6815 6.62546 -10.9899 -10.2985 4.93483 -9.3395 -7.15613 2.85696 -7.73357 -4.23038 0.434266 -6.1728 -1.47251 -2.2445 -4.72505 1.10423 -5.09826 -3.46478 3.59001 -8.05122 -2.46451 6.07814 -11.0347 -1.77209 8.58615 -14.044 -1.43965 11.1365 -17.0295 -1.61186 13.7302 -19.8857 -2.4652 16.3348 -22.3951 -4.01876 18.7927 -24.4987 -6.26135 21.0942 -26.0023 -9.14685 23.1349 0.286504 0.156847 0.087528 0.0499464 0.205208 0.140189 0.146337 0.219083 -0.0883132 0.0549399 0.187482 0.275231 0.0950295 0.18521 0.220796 0.20271 0.139348 0.117959 0.111334 0.106707 0.0814321 0.0826205 0.144882 0.264182 -0.173199 -0.0454639 0.0806283 0.179883 -0.175871 -0.0963631 -0.0779126 -0.0886359 -0.0854311 -0.0610363 -0.049941 -0.0487818 0.111174 0.101819 0.0636881 -0.00679007 0.143125 0.0654746 -0.00557921 -0.079246 0.10101 0.031137 -0.0337703 -0.0996344 0.105885 0.0339923 -0.0314933 -0.0843335 -0.00710661 -0.0810023 -0.118394 -0.0941537 -0.301736 -0.221826 -0.0575001 0.166832 -0.311937 -0.130878 -0.0272552 0.0175534 -0.113013 -0.0692462 -0.0523303 -0.0486002 -0.07118 -0.0850555 -0.0928466 -0.0867548 -0.102472 -0.0996266 -0.0668126 0.00678343 -0.065305 0.0262946 0.1149 0.180188 0.0878641 0.0999679 0.075497 0.0236689 -0.00219872 -0.050582 -0.0933047 -0.125454 -0.0800994 -0.0961704 -0.109156 -0.120586 -0.0616919 -0.0723671 -0.0969174 -0.144398 -0.0339428 -0.105451 -0.205463 -0.344244 1.07773
-23.6324 -10.8649 26.782 -24.5604 -14.4213 27.2763 -24.6823 -18.1095 26.9083 -23.9577 -21.5514 25.7328 -22.4114 -24.3563 23.8634 -20.16 -26.2129 21.4625 -17.5203 -26.9325 18.8558 -14.7573 -26.594 16.3001 -12.0559 -25.3119 13.9895 -9.47315 -23.1246 12.0027 -7.20806 -20.3105 10.469 -5.24688 -17.1321 9.26346 -3.5545 -13.746 8.22797 -2.0945 -10.1595 7.28351 -0.785016 -6.48183 6.47977 0.653831 -2.81396 5.87759 2.51932 0.689352 5.51324 4.83873 3.79706 5.41181 7.55903 6.55179 5.65538 10.5174 8.92777 6.46185 13.5147 10.8075 8.05251 16.2382 11.9913 10.3678 18.5905 12.4422 13.2736 20.4166 12.1197 16.5509 21.5475 11.0131 19.9679 21.8617 9.168 23.289 21.3728 6.76264 26.2058 20.2279 3.96474 28.5283 18.5791 0.910664 30.1053 16.5166 -2.3035 30.8473 14.1994 -5.42675 30.7407 11.7198 -8.30198 29.8923 9.14793 -10.8019 28.3852 6.54371 -12.847 26.2671 4.0232 -14.3718 23.6646 1.64416 -15.375 20.7007 -0.550368 -15.8307 17.4716 -2.51484 -15.7151 14.0639 -4.20496 -15.0689 10.5695 -5.57527 -13.9727 7.04729 -6.55926 -12.4856 3.53939 -7.11431 -10.6417 0.101163 -7.27867 -8.46687 -3.18102 -7.14745 -5.9519 -6.21208 -6.79257 -3.07686 -8.88372 -6.24197 0.123523 -11.104 -5.50913 3.5822 -12.8291 -4.62063 7.23299 -13.9943 -3.61993 11.0049 -14.4912 -2.55721 14.7574 -14.2518 -1.4292 18.3741 -13.2952 -0.195998 21.6969 -11.6502 1.1635 24.5313 -9.32949 2.5822 26.6536 -6.46187 4.02729 27.9908 -3.16585 5.47235 28.4294 0.363934 6.88414 27.8469 3.88633 8.15268 26.2577 7.06516 9.18052 23.7944 9.73263 9.84538 20.6567 11.7208 10.0531 17.0678 12.8682 9.76896 13.2511 13.0714 9.0216 9.55564 12.3829 7.828 6.18587 11.0011 6.17152 3.29946 9.10011 4.03326 0.96672 6.74025 1.61088 -0.728868 4.12491 -0.966803 -1.96448 1.40243 -3.67492 -2.90501 -1.31136 -6.51808 -3.61915 -3.97197 -9.38646 -4.18272 -6.64166 -12.0564 -4.77096 -9.50485 -14.2566 -5.56484 -12.6987 -15.7492 -6.59794 -16.0726 -16.5094 -7.88811 -19.5991 -16.3911 -9.4276 -23.1054 -15.2158 -11.1669 -26.3103 -13.063 -12.9023 -28.7797 -10.1286 -14.5243 -30.3615 -6.73076 -15.907 -30.8971 -3.22303 -16.9446 -30.2945 0.0880842 -17.5548 -28.5549 2.82487 -17.6731 -25.936 4.85796 -17.3112 -22.7583 6.13138 -16.4875 -19.2852 6.62482 -15.2021 -15.6028 6.3638 -13.6202 -12.0131 5.52993 -11.9164 -8.56949 4.26811 -10.2143 -5.25782 2.6202 -8.54701 -2.03045 0.658135 -6.97372 1.06575 -1.54459 -5.54142 4.06707 -3.9276 -4.30046 7.01541 -6.4417 -3.29597 9.9035 -9.08834 -2.58367 12.7598 -11.8364 -2.30487 15.5955 -14.6186 -2.62564 18.3932 -17.2603 -3.60075 21.0051 -19.7492 -5.27065 23.4068 -21.9464 -7.69488 25.4185 -0.0145286 -0.0478165 -0.0282933 0.0085119 0.226726 0.215931 0.271724 0.390244 0.10622 0.221253 0.2921 0.333498 0.137297 0.228094 0.26929 0.253617 0.191239 0.172062 0.168474 0.167085 0.14501 0.148643 0.216354 0.348827 -0.0676422 0.081361 0.211492 0.279319 -0.137873 -0.120426 -0.145531 -0.186109 -0.208189 -0.206477 -0.2162 -0.236163 -0.0930641 -0.102867 -0.117038 -0.143906 0.0553968 0.0226167 -0.00762138 -0.0387807 0.184547 0.153613 0.12624 0.102584 0.354824 0.329487 0.308824 0.299347 0.416552 0.377616 0.369119 0.408128 0.183107 0.199547 0.255896 0.34317 -0.270748 -0.190937 -0.149972 -0.143108 -0.297286 -0.261318 -0.237971 -0.229901 -0.251389 -0.263785 -0.264764 -0.244019 -0.248423 -0.231883 -0.181686 -0.0872078 -0.138431 -0.0301768 0.067793 0.132404 0.0285264 0.0215991 -0.022648 -0.0888852 -0.120035 -0.165406 -0.202998 -0.232763 -0.188624 -0.209283 -0.230184 -0.251714 -0.202903 -0.225888 -0.260823 -0.313667 -0.200239 -0.263563 -0.350859 -0.453292 1.34732
-26.4198 -10.5949 20.2748 -27.4378 -14.1603 20.2038 -27.5631 -17.8028 19.5181 -26.8032 -21.2033 18.2483 -25.2264 -24.0405 16.4546 -22.9394 -26.069 14.2331 -20.1917 -27.0981 11.8515 -17.1749 -27.1379 9.57597 -14.0464 -26.2374 7.65719 -10.8744 -24.4278 6.22009 -7.95424 -21.9629 5.32621 -5.37975 -19.0513 4.78162 -3.26883 -15.7623 4.42407 -1.79159 -12.065 4.24058 -0.758453 -8.21588 4.18978 0.295428 -4.37211 4.16724 1.7704 -0.671854 4.03289 3.72661 2.66543 3.74454 6.13969 5.68787 3.44556 8.97041 8.34013 3.44511 12.1755 10.4443 4.03428 15.4831 11.7582 5.26405 18.7304 12.285 7.09639 21.626 12.0664 9.49371 23.8446 11.1615 12.3986 25.1386 9.63555 15.6434 25.4277 7.62924 18.872 24.8164 5.26721 21.8011 23.4032 2.67144 24.2089 21.2483 -0.0536649 25.9598 18.5817 -2.71268 26.9364 15.6617 -5.27408 27.1557 12.7163 -7.75934 26.6234 9.87705 -10.156 25.3407 7.24034 -12.3296 23.3979 4.79658 -14.14 20.9077 2.54613 -15.444 17.9606 0.526315 -16.1531 14.6587 -1.22096 -16.2707 11.1347 -2.64127 -15.8421 7.48998 -3.59835 -14.904 3.79011 -3.96146 -13.5067 0.123349 -3.90131 -11.6524 -3.35336 -3.57858 -9.36604 -6.54681 -3.07799 -6.66516 -9.37245 -2.41983 -3.60022 -11.7491 -1.63504 -0.242525 -13.6426 -0.819471 3.34902 -15.025 -0.102519 7.13004 -15.8406 0.440939 10.9944 -16.0388 0.87364 14.8538 -15.6075 1.34918 18.5748 -14.514 1.99858 21.9815 -12.7138 2.8348 24.8324 -10.2821 3.84009 27.0293 -7.29832 5.00137 28.3905 -3.90148 6.29977 28.6948 -0.301332 7.62168 27.8559 3.13208 8.84294 25.9888 6.17548 9.81715 23.292 8.62856 10.4323 19.9722 10.3139 10.6293 16.2278 11.1071 10.3716 12.4048 11.0191 9.60708 8.72874 10.2499 8.2592 5.36642 8.99805 6.27758 2.38095 7.34187 3.85171 -0.0660287 5.41565 1.14485 -2.01739 3.30662 -1.77604 -3.48692 1.09491 -4.87524 -4.46334 -1.16643 -8.01444 -5.06615 -3.50187 -10.9806 -5.60361 -6.06802 -13.5245 -6.37223 -9.00224 -15.3922 -7.43755 -12.1732 -16.5539 -8.79155 -15.5637 -16.8477 -10.3992 -19.0288 -16.0696 -12.2071 -22.3157 -14.2438 -14.0065 -24.9939 -11.5271 -15.6419 -26.9145 -8.18358 -16.8798 -27.9309 -4.52902 -17.5022 -27.9582 -0.870558 -17.3911 -26.9757 2.34537 -16.6155 -25.1268 4.90092 -15.3964 -22.6078 6.66262 -13.9441 -19.583 7.57127 -12.3468 -16.1075 7.61118 -10.7472 -12.5164 6.96582 -9.17245 -8.9724 5.78528 -7.62316 -5.55735 4.11655 -6.09467 -2.27249 2.03678 -4.65814 0.813323 -0.385019 -3.37344 3.71086 -3.10259 -2.2837 6.41984 -6.06158 -1.42339 8.90475 -9.238 -0.858238 11.1985 -12.5623 -0.761487 13.3457 -15.923 -1.33563 15.3571 -19.0802 -2.62535 17.1236 -22.0013 -4.62277 18.6165 -24.5251 -7.30119 19.7154 0.153643 0.174003 0.222708 0.271553 0.487639 0.462669 0.498199 0.591907 0.266631 0.320266 0.335652 0.353422 0.170983 0.27371 0.317418 0.304302 0.24701 0.227159 0.209577 0.180465 0.117719 0.0720577 0.077054 0.129427 -0.372429 -0.277789 -0.136096 0.00950301 -0.29776 -0.185519 -0.156301 -0.175304 -0.189862 -0.183999 -0.193018 -0.219124 -0.0884301 -0.11418 -0.149339 -0.2082 -0.0536355 -0.124664 -0.174776 -0.212228 0.00843029 -0.0199693 -0.030772 -0.0212912 0.270041 0.276264 0.275146 0.276611 0.399035 0.360086 0.348345 0.384378 0.157313 0.169935 0.218582 0.295096 -0.329821 -0.257193 -0.215458 -0.197819 -0.332832 -0.275665 -0.237768 -0.227733 -0.255827 -0.279866 -0.296105 -0.294694 -0.325018 -0.334062 -0.307063 -0.232433 -0.297896 -0.193364 -0.0804737 0.0253193 -0.0119516 0.0585852 0.0829893 0.0646861 0.0556636 0.00746951 -0.0470182 -0.0959656 -0.0681402 -0.10187 -0.133779 -0.164838 -0.12292 -0.143666 -0.167511 -0.201022 -0.0614676 -0.0869297 -0.113253 -0.132544 1.57953
-26.8005 -4.66198 16.7547 -28.7194 -7.7539 16.0397 -29.7994 -11.1073 14.8813 -30.0174 -14.4472 13.2839 -29.399 -17.5021 11.2743 -27.9769 -20.0827 8.90823 -25.8607 -21.9715 6.41123 -23.1503 -23.0723 4.01914 -19.9746 -23.299 1.98347 -16.431 -22.6009 0.448328 -12.9251 -21.0959 -0.470756 -9.65975 -18.9556 -0.867609 -6.79668 -16.2732 -0.778613 -4.44353 -13.1133 -0.17658 -2.60327 -9.72006 0.815616 -0.980299 -6.2294 1.84807 0.68451 -2.66367 2.47929 2.32662 0.850311 2.43766 4.12034 4.26705 2.04392 6.2817 7.47664 1.77263 8.97696 10.2568 2.00199 12.0348 12.2949 2.82328 15.295 13.5642 4.21569 18.4701 14.0197 6.18822 21.22 13.596 8.72539 23.242 12.2769 11.6756 24.3306 10.222 14.6963 24.4499 7.66123 17.5177 23.5776 4.832 19.9192 21.7272 1.93135 21.735 19.1528 -0.779887 22.8106 16.1674 -3.24968 23.1609 13.0073 -5.49242 22.8154 9.78921 -7.50177 21.7872 6.64947 -9.19946 20.1408 3.67738 -10.5415 17.9462 0.975362 -11.4846 15.2517 -1.36381 -11.9947 12.1288 -3.28733 -12.0721 8.69672 -4.75203 -11.7364 5.05986 -5.66584 -10.9995 1.30399 -5.96199 -9.88081 -2.46296 -5.72196 -8.39257 -6.10393 -5.15201 -6.47398 -9.49853 -4.43631 -4.03404 -12.5091 -3.65834 -1.08971 -14.9992 -2.82539 2.23708 -16.9263 -1.94119 5.81622 -18.2986 -1.04268 9.5622 -19.0958 -0.174658 13.3676 -19.2788 0.698041 17.1507 -18.8377 1.68847 20.7726 -17.7566 2.90942 24.0528 -16.0196 4.34584 26.7612 -13.7084 5.92254 28.8099 -10.87 7.47797 30.023 -7.57627 8.81088 30.184 -3.97951 9.7358 29.2229 -0.449626 10.2366 27.2699 2.74013 10.3922 24.5241 5.32386 10.3084 21.1778 7.06601 10.04 17.4286 7.81412 9.566 13.6307 7.61222 8.77405 9.98362 6.74003 7.53595 6.59043 5.4584 5.77169 3.44444 3.85438 3.61758 0.686563 2.0277 1.1764 -1.69592 0.0409319 -1.53723 -3.68807 -2.0207 -4.51428 -5.26658 -4.09856 -7.60446 -6.50728 -6.2395 -10.5481 -7.62018 -8.6413 -13.0514 -8.78147 -11.4798 -14.848 -9.98964 -14.6406 -15.9049 -11.2658 -18.0949 -16.0497 -12.6103 -21.6795 -15.0686 -13.988 -25.1171 -13.012 -15.2359 -27.9379 -10.0733 -16.2515 -29.957 -6.56984 -16.9041 -30.9788 -2.86856 -17.0868 -30.8736 0.688881 -16.7477 -29.6121 3.66657 -15.9565 -27.4054 5.89905 -14.8654 -24.544 7.31122 -13.6187 -21.2556 7.87538 -12.2735 -17.6048 7.63059 -10.9235 -13.9206 6.81815 -9.52085 -10.3389 5.6475 -7.96719 -6.92247 4.17887 -6.19215 -3.66623 2.42657 -4.29687 -0.625167 0.393147 -2.45711 2.27159 -1.84328 -0.854406 5.15957 -4.34646 0.48232 7.91951 -7.1556 1.52712 10.5054 -10.301 2.14345 12.8284 -13.7698 2.13787 14.7355 -17.3106 1.4359 16.0473 -20.8169 0.0578291 16.7945 -24.0652 -1.979 17.0201 0.144252 0.250983 0.364656 0.460071 0.704326 0.685309 0.704026 0.761613 0.387637 0.397154 0.388471 0.390766 0.170021 0.23103 0.268049 0.289399 0.288988 0.299437 0.279528 0.242034 0.167371 0.106102 0.0951351 0.133191 -0.389346 -0.333784 -0.240042 -0.119169 -0.414259 -0.272914 -0.216771 -0.212019 -0.203914 -0.178035 -0.169218 -0.176187 -0.025923 -0.0372241 -0.065909 -0.124237 0.0272729 -0.0602038 -0.138385 -0.202149 0.00101098 -0.0355249 -0.0542203 -0.0594875 0.212268 0.199542 0.180518 0.16108 0.258195 0.192759 0.158692 0.186715 -0.0186694 0.0496364 0.168455 0.299363 -0.303431 -0.235434 -0.210409 -0.21083 -0.359816 -0.309075 -0.267765 -0.253961 -0.281923 -0.314473 -0.349844 -0.370061 -0.409742 -0.416585 -0.375041 -0.27094 -0.295894 -0.150616 -0.00687243 0.112114 0.0667853 0.112151 0.104917 0.0563923 0.0205962 -0.0487976 -0.113809 -0.158635 -0.113894 -0.126339 -0.141114 -0.160428 -0.115567 -0.140795 -0.174322 -0.218238 -0.0752311 -0.0693358 -0.0291447 0.0479383 1.87236
-26.6998 -2.45745 12.1137 -28.8869 -5.07199 10.6527 -30.2475 -7.9536 8.75562 -30.7174 -10.8709 6.51455 -30.2806 -13.5933 4.0344 -28.9435 -15.9596 1.40886 -26.8088 -17.7714 -1.12907 -23.9951 -18.9336 -3.36802 -20.6559 -19.3616 -5.08472 -16.8966 -19.0048 -6.15311 -13.1393 -17.9265 -6.50215 -9.60508 -16.2436 -6.22263 -6.49194 -14.0253 -5.33468 -3.95421 -11.3472 -3.82722 -2.03121 -8.43656 -1.89965 -0.430625 -5.37871 0.093566 1.1192 -2.11204 1.77046 2.59922 1.30927 2.84329 4.12709 4.80908 3.5245 5.97537 8.14888 4.21482 8.37519 11.044 5.1668 11.231 13.1796 6.37601 14.4318 14.5177 7.8401 17.7436 14.9459 9.58021 20.8706 14.3261 11.5844 23.5159 12.6195 13.7344 25.3995 10.0254 15.797 26.3759 6.82004 17.615 26.3098 3.29264 19.0591 25.1443 -0.292933 20.0182 23.0941 -3.57784 20.3939 20.4969 -6.4673 20.1915 17.6079 -8.95589 19.4196 14.5457 -11.0278 18.085 11.4449 -12.6212 16.2692 8.39584 -13.7458 14.058 5.48578 -14.4225 11.5037 2.78453 -14.6577 8.65188 0.33365 -14.4391 5.58098 -1.83336 -13.7173 2.3766 -3.64123 -12.428 -0.87214 -5.01534 -10.5704 -4.06439 -5.96067 -8.21814 -7.0814 -6.54936 -5.41994 -9.793 -6.82346 -2.19203 -12.0368 -6.78355 1.38187 -13.6802 -6.45476 5.16362 -14.7124 -5.90836 9.03057 -15.1851 -5.22411 12.9039 -15.1154 -4.44917 16.6834 -14.497 -3.54838 20.3064 -13.3434 -2.42334 23.6607 -11.6847 -0.980998 26.6032 -9.55651 0.751942 28.9531 -7.06348 2.72135 30.638 -4.23105 4.80202 31.4795 -1.11617 6.81634 31.2637 2.14503 8.53546 29.9478 5.23572 9.87673 27.6742 7.93229 10.8219 24.6584 9.99405 11.3801 21.1239 11.192 11.5459 17.2999 11.3886 11.2901 13.5443 10.6685 10.56 10.032 9.31927 9.28235 6.85678 7.59459 7.40506 4.03029 5.57729 5.10301 1.669 3.40757 2.53027 -0.325245 1.17443 -0.259079 -2.05019 -1.02261 -3.25554 -3.54774 -3.1323 -6.33782 -4.87987 -5.22926 -9.2679 -6.20018 -7.54087 -11.7544 -7.64329 -10.2624 -13.5289 -9.17842 -13.291 -14.5678 -10.8249 -16.5907 -14.7253 -12.5685 -19.9985 -13.8128 -14.3517 -23.2643 -11.8691 -15.9725 -25.9733 -9.0525 -17.3184 -27.9732 -5.63731 -18.2381 -29.0844 -1.94972 -18.6082 -29.1781 1.70596 -18.3642 -28.2094 4.89814 -17.5535 -26.3346 7.41975 -16.2974 -23.7996 9.13892 -14.7076 -20.8198 9.99573 -12.8257 -17.4761 9.9884 -10.8377 -14.0844 9.32799 -8.83011 -10.7693 8.18936 -6.82882 -7.58259 6.61592 -4.8121 -4.52184 4.64899 -2.84826 -1.66079 2.34281 -1.03398 1.04124 -0.191328 0.483176 3.72218 -2.92983 1.67308 6.32124 -5.93932 2.55586 8.73659 -9.26726 3.05906 10.8203 -12.9058 3.06195 12.3794 -16.6062 2.51637 13.2516 -20.2814 1.42352 13.4744 -23.7262 -0.230173 13.0871 0.225872 0.394017 0.566271 0.711866 0.993983 0.997151 1.02005 1.06151 0.651531 0.615001 0.561622 0.519483 0.251782 0.272853 0.295363 0.324419 0.339501 0.377793 0.387603 0.383753 0.331028 0.27414 0.25276 0.263382 -0.31346 -0.345126 -0.362297 -0.35764 -0.748814 -0.661259 -0.619859 -0.607639 -0.582162 -0.534528 -0.499743 -0.473611 -0.281963 -0.247059 -0.228422 -0.234559 -0.0178624 -0.0290541 -0.0350535 -0.0446429 0.196299 0.186265 0.189693 0.202232 0.485012 0.479019 0.466094 0.450466 0.544554 0.466747 0.408616 0.395677 0.128096 0.117662 0.156287 0.223196 -0.418409 -0.368436 -0.352051 -0.35894 -0.512912 -0.464885 -0.4257 -0.408762 -0.429578 -0.454554 -0.486393 -0.509929 -0.556441 -0.574167 -0.549981 -0.469514 -0.517403 -0.386851 -0.246879 -0.120555 -0.147889 -0.0759272 -0.0513672 -0.0641461 -0.0593966 -0.0874492 -0.119963 -0.147094 -0.0978348 -0.111746 -0.126561 -0.143003 -0.0924298 -0.112287 -0.137878 -0.165517 0.00330042 0.0414451 0.119757 0.244434 2.04509
-26.2645 -0.248074 7.78096 -28.5871 -2.4382 5.89341 -30.0909 -4.9167 3.58054 -30.6701 -7.50149 0.98494 -30.2617 -9.99366 -1.73094 -28.8521 -12.2332 -4.42872 -26.5687 -14.0079 -6.86132 -23.5816 -15.2002 -8.84528 -20.0906 -15.7092 -10.1997 -16.2227 -15.4774 -10.8218 -12.4093 -14.5614 -10.6794 -8.8607 -13.0964 -9.86531 -5.7633 -11.1794 -8.40496 -3.26231 -8.89074 -6.30915 -1.39602 -6.41066 -3.80879 0.113056 -3.79072 -1.21177 1.53696 -0.96613 1.21309 2.92205 2.02999 3.25082 4.37665 5.15826 5.02444 6.12911 8.15307 6.75869 8.39965 10.7399 8.54767 11.1335 12.65 10.2961 14.2741 13.8352 12.0024 17.6528 14.1445 13.6358 21.0338 13.4091 15.1216 24.1473 11.5825 16.3469 26.6727 8.86008 17.2092 28.3936 5.49519 17.7077 29.0973 1.75154 17.8565 28.6632 -2.10887 17.6483 27.2272 -5.68134 17.0909 25.0937 -8.81194 16.2062 22.4926 -11.4457 15.009 19.5264 -13.547 13.5132 16.3408 -15.062 11.7791 13.0641 -16.0172 9.82938 9.81631 -16.4392 7.65568 6.68579 -16.3384 5.2735 3.72154 -15.7206 2.76021 0.949016 -14.5616 0.219575 -1.57088 -12.8154 -2.24733 -3.76009 -10.4919 -4.55778 -5.58669 -7.68564 -6.63567 -7.06898 -4.48423 -8.39157 -8.19588 -0.94453 -9.70682 -8.92891 2.83892 -10.4964 -9.28298 6.74763 -10.7643 -9.33489 10.6746 -10.538 -9.16484 14.5356 -9.80338 -8.80794 18.2215 -8.55648 -8.22463 21.6817 -6.83745 -7.31069 24.8401 -4.72629 -5.9634 27.5941 -2.30382 -4.19906 29.7902 0.304724 -2.05781 31.3605 3.0777 0.368982 32.135 5.95011 2.9452 31.9161 8.78821 5.43089 30.6595 11.3342 7.68641 28.4769 13.4291 9.57232 25.5511 14.8859 10.958 22.0987 15.5187 11.7435 18.3589 15.2252 11.8734 14.6963 14.1039 11.3604 11.3074 12.3887 10.1999 8.32845 10.2749 8.3804 5.81881 7.83078 6.10334 3.87393 5.25877 3.55073 2.30582 2.68814 0.795989 0.916497 0.225587 -2.14591 -0.381362 -2.08375 -5.16405 -1.64766 -4.31077 -8.03501 -3.0358 -6.65658 -10.4812 -4.70836 -9.28158 -12.2454 -6.6369 -12.0828 -13.3125 -8.82068 -15.0443 -13.5544 -11.1921 -18.0437 -12.7978 -13.6391 -20.8928 -11.0588 -15.8951 -23.2656 -8.4543 -17.834 -25.0549 -5.20356 -19.2638 -26.1191 -1.58017 -20.0121 -26.3542 2.15486 -19.9799 -25.7134 5.57679 -19.1972 -24.2851 8.43729 -17.804 -22.2262 10.5449 -15.9379 -19.6889 11.8014 -13.6595 -16.7416 12.1439 -11.2162 -13.6808 11.7343 -8.75878 -10.6394 10.7034 -6.38139 -7.68277 9.0885 -4.11153 -4.82778 6.97439 -2.02525 -2.16521 4.45798 -0.162022 0.306094 1.6279 1.4031 2.64112 -1.4255 2.58161 4.86789 -4.73111 3.42912 6.87419 -8.29811 3.92631 8.51728 -12.0957 4.01393 9.63114 -15.8918 3.66278 10.098 -19.6443 2.85909 9.94231 -23.1774 1.5653 9.17096 0.335813 0.542441 0.751487 0.929331 1.23562 1.25057 1.27072 1.29627 0.861657 0.798205 0.718251 0.646798 0.346733 0.339625 0.348612 0.376703 0.396199 0.448801 0.488106 0.521262 0.497556 0.452948 0.424454 0.402724 -0.236997 -0.357828 -0.479657 -0.586342 -1.08018 -1.0633 -1.05236 -1.0406 -0.996795 -0.91933 -0.849111 -0.785492 -0.555082 -0.47879 -0.412637 -0.362031 -0.0816924 -0.0291347 0.0251932 0.0728769 0.369205 0.40567 0.444023 0.482672 0.786706 0.80019 0.805924 0.805334 0.906451 0.825237 0.750211 0.700646 0.37324 0.285629 0.241692 0.234327 -0.461075 -0.440532 -0.437621 -0.453437 -0.617238 -0.578196 -0.544279 -0.525603 -0.539383 -0.554395 -0.577724 -0.602281 -0.661882 -0.70391 -0.714805 -0.678775 -0.772046 -0.67786 -0.559574 -0.436313 -0.446123 -0.339716 -0.272094 -0.239088 -0.188537 -0.175527 -0.177038 -0.184293 -0.124009 -0.131811 -0.14154 -0.152728 -0.0949359 -0.103781 -0.112921 -0.11629 0.0813898 0.148449 0.25577 0.413037 2.14103
-25.8883 3.16337 2.38139 -28.3724 1.55813 0.143975 -30.0798 -0.421737 -2.48641 -30.8523 -2.67336 -5.33019 -30.5599 -5.04315 -8.16782 -29.1573 -7.36173 -10.8017 -26.7971 -9.37502 -12.9596 -23.7039 -10.9326 -14.4719 -20.1247 -11.9141 -15.1833 -16.2188 -12.2507 -15.0034 -12.4367 -11.9342 -14.0049 -8.96812 -11.0624 -12.3891 -5.94785 -9.69673 -10.2879 -3.46448 -7.87667 -7.75687 -1.5424 -5.76015 -4.9798 0.0482803 -3.47125 -2.13075 1.53718 -1.04758 0.661258 2.98527 1.42971 3.27166 4.52364 3.94255 5.79498 6.35403 6.3102 8.26315 8.68488 8.30266 10.6391 11.4636 9.6961 12.7643 14.6375 10.4342 14.6515 18.035 10.3742 16.2742 21.426 9.36827 17.566 24.5641 7.38507 18.4327 27.1631 4.61942 18.7921 29.0535 1.31307 18.6278 30.078 -2.29303 17.9356 30.1384 -5.99003 16.7259 29.282 -9.42809 15.1191 27.6804 -12.4343 13.2395 25.4689 -14.8871 11.1832 22.7354 -16.6995 9.01664 19.6559 -17.8167 6.84426 16.3834 -18.2829 4.71715 13.0334 -18.1281 2.66675 9.69415 -17.3668 0.728891 6.44276 -16.0515 -1.05537 3.33356 -14.2479 -2.65702 0.425056 -11.9927 -4.04973 -2.22679 -9.31854 -5.21005 -4.59464 -6.29969 -6.10978 -6.68823 -3.01375 -6.70066 -8.50137 0.478566 -6.91501 -10.0022 4.10946 -6.71582 -11.1731 7.81653 -6.114 -11.9998 11.5312 -5.11737 -12.4561 15.1748 -3.70616 -12.5177 18.6355 -1.89291 -12.1714 21.8594 0.287711 -11.3812 24.7617 2.78172 -10.1043 27.2225 5.53529 -8.37798 29.0868 8.41357 -6.22487 30.3089 11.348 -3.6858 30.7907 14.1872 -0.835954 30.4208 16.7331 2.1071 29.1916 18.7499 4.98199 27.1816 20.1408 7.57991 24.5226 20.789 9.68475 21.3978 20.578 11.1305 18.0262 19.4684 11.8061 14.7353 17.6238 11.7082 11.6988 15.2873 10.8162 9.05192 12.6629 9.11376 6.87663 9.84292 6.83221 5.25332 7.06047 4.22835 3.9484 4.39589 1.44174 2.70399 1.89207 -1.48539 1.40614 -0.43597 -4.45547 0.0242853 -2.65888 -7.27182 -1.53403 -4.96367 -9.68019 -3.38803 -7.5003 -11.4387 -5.49156 -10.1763 -12.5396 -7.841 -12.9952 -12.8681 -10.3441 -15.877 -12.2635 -12.8665 -18.6966 -10.7221 -15.1503 -21.177 -8.3242 -17.1087 -23.2164 -5.23839 -18.5909 -24.6395 -1.69262 -19.4541 -25.2926 2.08862 -19.606 -25.0894 5.69233 -19.0426 -24.0608 8.84393 -17.8554 -22.3229 11.3039 -16.147 -20.0008 12.9365 -13.9712 -17.1624 13.6179 -11.5751 -14.121 13.4642 -9.11941 -11.0546 12.564 -6.71641 -8.07613 10.9445 -4.42236 -5.24313 8.72612 -2.32894 -2.67264 6.05269 -0.447453 -0.387011 3.02391 1.21719 1.60467 -0.277128 2.63389 3.26802 -3.82565 3.79045 4.5875 -7.57711 4.65386 5.51032 -11.4749 5.17681 5.96226 -15.3126 5.31659 5.89649 -19.0989 5.05953 5.30514 -22.6925 4.35669 4.14615 1.1019 1.34774 1.59147 1.79579 2.11473 2.12355 2.1179 2.09961 1.60718 1.48166 1.34435 1.22301 0.88471 0.855223 0.858599 0.889877 0.917115 0.984689 1.05018 1.11297 1.11342 1.08252 1.05681 1.02633 0.366333 0.215145 0.0516862 -0.112932 -0.679517 -0.73404 -0.776557 -0.798535 -0.773394 -0.701676 -0.625017 -0.543713 -0.285731 -0.173854 -0.0645051 0.037425 0.373432 0.479244 0.582811 0.678477 1.02592 1.1099 1.18718 1.25629 1.5833 1.61349 1.63256 1.6449 1.75933 1.68953 1.6176 1.5527 1.1852 1.03636 0.917337 0.82809 0.0541269 0.0109546 -0.0320847 -0.0804334 -0.265115 -0.233864 -0.199123 -0.172802 -0.175784 -0.181052 -0.198922 -0.223317 -0.285525 -0.332345 -0.347763 -0.312191 -0.398591 -0.290542 -0.154256 -0.0122279 -0.00475565 0.116646 0.197145 0.240841 0.299777 0.319185 0.322409 0.318195 0.380368 0.37502 0.370082 0.366886 0.436757 0.449007 0.469342 0.503293 0.740566 0.844784 0.98821 1.1842 2.18732
-23.0694 12.2685 1.77144 -25.9595 11.0037 -0.178422 -28.2873 9.15163 -2.39312 -29.8693 6.77942 -4.76453 -30.5501 4.01782 -7.14444 -30.2202 1.00145 -9.39686 -28.854 -1.97266 -11.2861 -26.5574 -4.64649 -12.6488 -23.5333 -6.79269 -13.3762 -19.9061 -8.29045 -13.418 -16.0937 -8.95706 -12.7671 -12.3774 -8.79436 -11.5163 -8.97498 -7.87281 -9.79105 -5.99151 -6.29198 -7.67287 -3.59561 -4.40856 -5.10396 -1.63198 -2.34791 -2.31379 0.122105 -0.182826 0.536261 1.86277 1.98039 3.24543 3.85781 4.15221 5.7657 6.29846 6.25175 7.92993 9.20565 7.9093 9.89186 12.4174 8.88171 11.6005 15.8962 9.13939 13.0189 19.4812 8.62656 14.0506 22.9737 7.33524 14.612 26.1901 5.28906 14.6426 28.8612 2.6214 14.1123 30.7963 -0.485927 13.0479 31.8645 -3.81203 11.5219 32.0048 -7.19201 9.60062 31.21 -10.3325 7.4464 29.573 -13.0513 5.19614 27.2325 -15.2224 2.9726 24.3163 -16.7894 0.853436 21.0103 -17.706 -1.06529 17.4648 -17.9892 -2.73857 13.8071 -17.6804 -4.1446 10.136 -16.8328 -5.28019 6.53544 -15.5054 -6.15151 3.0661 -13.7557 -6.77407 -0.226493 -11.6369 -7.16749 -3.31187 -9.19238 -7.3533 -6.15731 -6.46599 -7.35249 -8.73898 -3.49327 -7.18589 -11.1177 -0.390964 -6.68877 -13.2427 2.81419 -5.85992 -15.0655 6.10025 -4.69589 -16.527 9.43053 -3.1963 -17.5627 12.7555 -1.36661 -18.1028 15.9875 0.761893 -18.0906 19.0654 3.16903 -17.4697 21.8855 5.8015 -16.2029 24.3254 8.57819 -14.3247 26.2224 11.3375 -11.8592 27.4961 13.9907 -8.90231 28.038 16.3788 -5.60915 27.7783 18.3352 -2.24593 26.7304 19.6882 1.01334 24.9527 20.3643 3.93723 22.5679 20.3056 6.3219 19.7515 19.5174 8.03744 16.6599 18.038 8.95504 13.5509 15.9931 9.05967 10.6163 13.53 8.39629 8.00708 10.8021 7.00129 5.76829 7.86522 5.0053 3.9256 5.00092 2.52562 2.16936 2.48091 -0.188648 0.45399 0.184394 -2.93809 -1.30068 -2.05944 -5.51255 -3.17045 -4.41511 -7.67732 -5.21388 -7.0249 -9.14759 -7.43787 -9.9515 -9.82331 -9.91969 -12.791 -9.66323 -12.6448 -15.4793 -8.60809 -15.4661 -17.8467 -6.66974 -18.1935 -19.7129 -4.049 -20.5391 -20.8853 -0.874059 -22.4019 -21.326 2.61009 -23.624 -20.9921 6.12465 -24.1081 -19.916 9.46735 -23.8154 -18.1545 12.3189 -22.7772 -15.8845 14.5142 -21.1008 -13.2897 15.9688 -18.9255 -10.5483 16.6805 -16.2971 -7.71261 16.6245 -13.438 -5.01475 15.8798 -10.4714 -2.5447 14.541 -7.49159 -0.357291 12.674 -4.52354 1.5443 10.3878 -1.6573 3.11577 7.76472 1.07883 4.35843 4.87455 3.6692 5.27941 1.8003 6.08878 5.88379 -1.50137 8.24027 6.2588 -5.00814 10.0738 6.36491 -8.68377 11.5293 6.16035 -12.3575 12.5139 5.62539 -16.0586 13.0085 4.72622 -19.6777 12.9454 3.44168 34.1206 34.3714 34.6079 34.7903 35.0727 35.0342 34.9747 34.9004 34.3574 34.1955 34.0356 33.8993 33.5502 33.5004 33.4797 33.4885 33.4978 33.5536 33.6089 33.6458 33.6161 33.5559 33.4936 33.4105 32.6787 32.4411 32.1819 31.9151 31.2448 31.094 30.968 30.8752 30.8417 30.8666 30.9069 30.9615 31.202 31.3031 31.4067 31.5082 31.8492 31.9633 32.0772 32.1891 32.5615 32.6769 32.7912 32.9022 33.2724 33.3433 33.3985 33.4397 33.5713 33.5035 33.4161 33.3169 32.8983 32.6861 32.4946 32.3281 31.4799 31.3727 31.2753 31.1767 30.9432 30.9333 30.9445 30.9511 30.9276 30.9014 30.8621 30.8202 30.7559 30.7042 30.6748 30.6807 30.5474 30.5967 30.6674 30.7423 30.6885 30.7632 30.8156 30.8502 30.9182 30.9606 30.9943 31.0254 31.1269 31.1609 31.1913 31.22 31.3212 31.3659 31.42 31.4901 31.7638 31.9025 32.0781 32.3007 0.299598
