Optimization finished after 900 iterations.
NEB Energy: 2.7663
Max NEB Force: 0.496987
Optimization took: 4919 ms
Energies: 
1.44547, 2.76794, 2.79053, 2.78824, 2.87193, 2.88652, 2.81789, 2.76757, 2.7208, 1.43424, 
NEB Forces: 
0, 0.493497, 0.495294, 0.49368, 0.496987, 0.495116, 0.49259, 0.491684, 0.490303, 0, 
Gradients: 
0.0129383, 0.499981, 0.50233, 0.498798, 0.501557, 0.499573, 0.494999, 0.492668, 0.490535, 0.0363943, 
Spring Forces: 
0, 0.00326866, 1.67668e-05, 8.05507e-07, 2.47069e-06, 6.84346e-06, 8.2321e-07, 1.09433e-08, 0.0109006, 0, 
Bend Energies: 
1.44401, 2.74572, 2.76698, 2.76197, 2.84257, 2.85277, 2.78389, 2.72307, 2.65418, 1.43423, 
Twist Energies: 
0.00144507, 0.00576171, 0.00701928, 0.00999408, 0.0134563, 0.0179796, 0.017919, 0.0281919, 0.0500103, 2.34276e-12, 
Stretch Energies: 
5.32853e-06, 0.0164578, 0.0165216, 0.0162724, 0.0159001, 0.015772, 0.0160718, 0.016313, 0.0166121, 4.04331e-06, 
