# num_vectors 10
# vector_size 401
# Iterations: 1000000, stepsize: 0.000100, max step size: 1.000000, spring constant: 0.000100, global NEB Hessian: false, global NEB Linesearch: true, climbing image: false
-24.395 -0.273743 20.4523 -26.6001 -3.23461 20.0999 -28.1092 -6.44767 19.0263 -28.7607 -9.65664 17.2852 -28.4737 -12.5748 15.0146 -27.2417 -14.9751 12.3686 -25.1945 -16.5927 9.63493 -22.5409 -17.3277 7.04672 -19.5168 -17.1853 4.78488 -16.2184 -16.2002 2.90025 -12.9506 -14.5081 1.53617 -9.84315 -12.2682 0.682428 -6.96663 -9.62714 0.291386 -4.3064 -6.65897 0.299944 -1.8489 -3.53668 0.614832 0.506424 -0.362977 1.13168 2.87581 2.78168 1.7516 5.30997 5.74003 2.36143 8.10971 8.30721 3.14862 11.0653 10.425 4.50066 13.9806 11.9919 6.52411 16.6178 12.8623 9.06724 18.8988 12.9996 12.0602 20.6608 12.3589 15.326 21.7659 10.9586 18.6423 22.1244 8.85676 21.8024 21.6923 6.2223 24.5238 20.5147 3.25586 26.6086 18.6983 0.174008 27.9261 16.3391 -2.87934 28.4222 13.6429 -5.66265 28.0767 10.7789 -8.04741 26.9606 7.89427 -9.95586 25.1795 5.0789 -11.3659 22.8265 2.45306 -12.2549 20.0398 0.0789725 -12.6455 16.9314 -2.00331 -12.5742 13.5983 -3.77153 -12.0824 10.1174 -5.20971 -11.2137 6.55893 -6.31041 -10.0103 2.97765 -7.06893 -8.51112 -0.580802 -7.49671 -6.7354 -4.07274 -7.64034 -4.6699 -7.42578 -7.52845 -2.30826 -10.5785 -7.14324 0.328206 -13.4821 -6.46809 3.20808 -16.0756 -5.48631 6.30105 -18.2993 -4.18622 9.55916 -20.0798 -2.56509 12.916 -21.3365 -0.648659 16.259 -21.9841 1.54037 19.4956 -21.9577 3.94184 22.4834 -21.1998 6.46269 25.0573 -19.6871 8.93263 27.0133 -17.4931 11.2475 28.2448 -14.6887 13.2463 28.6313 -11.4336 14.7751 28.1139 -7.9501 15.6997 26.7434 -4.55792 15.9814 24.6166 -1.45356 15.6092 21.8975 1.13648 14.6285 18.7918 3.04245 13.1029 15.4641 4.17755 11.1665 12.1703 4.47897 8.95132 9.08224 3.98218 6.57179 6.32901 2.77905 3.83698 3.94654 1.22073 0.938368 1.78075 -0.357644 -1.98266 -0.309347 -1.99561 -4.81255 -2.39849 -3.78756 -7.42953 -4.55722 -5.82823 -9.66463 -6.822 -8.18367 -11.372 -9.17375 -10.872 -12.4015 -11.5517 -13.865 -12.6087 -13.7832 -16.9724 -11.9287 -15.8176 -20.1469 -10.3129 -17.5 -23.1862 -7.81164 -18.6707 -25.8416 -4.70862 -19.1903 -27.8026 -1.19284 -19.0413 -28.9694 2.41598 -18.2335 -29.2305 5.79387 -16.8514 -28.5793 8.72741 -14.9892 -27.0665 10.9469 -12.8439 -24.8679 12.3696 -10.5782 -22.1836 13.0035 -8.32346 -19.2042 12.9012 -6.09254 -15.9687 12.1384 -4.02829 -12.7108 10.838 -2.15243 -9.50978 9.11698 -0.461279 -6.40584 7.04642 1.0861 -3.36779 4.74096 2.49467 -0.433153 2.27816 3.80062 2.42 -0.288092 4.9566 5.24656 -2.97398 5.88245 8.00326 -5.82549 6.50757 10.677 -8.85408 6.74397 13.2151 -12.0466 6.49923 15.5429 -15.2545 5.71709 17.5048 -18.4826 4.33487 19.0607 -21.5921 2.32618 20.084 -0.360748 -0.257262 -0.128318 -0.000875449 0.287299 0.319437 0.391525 0.496492 0.163094 0.215433 0.248574 0.272386 0.0501556 0.096089 0.130409 0.157429 0.1536 0.156725 0.172402 0.191249 0.186175 0.203265 0.283889 0.422043 -0.00384679 0.131404 0.261002 0.34038 -0.0588863 -0.0211552 -0.0324377 -0.0694722 -0.0931455 -0.0946984 -0.109496 -0.132604 0.0122911 0.00398212 -0.0127287 -0.0398037 0.165639 0.139565 0.113634 0.085846 0.304631 0.253942 0.192915 0.125003 0.321276 0.232295 0.150587 0.086942 0.154557 0.0710977 0.0251414 0.0355003 -0.195913 -0.140237 0.00535518 0.20658 -0.293357 -0.112485 0.00264707 0.0483459 -0.0869492 -0.0462612 -0.0184288 -0.00828789 -0.036507 -0.0723948 -0.123202 -0.175253 -0.230801 -0.245169 -0.201646 -0.0841542 -0.0731248 0.139765 0.376987 0.601386 0.666157 0.820314 0.912636 0.953331 1.00107 1.00455 0.988701 0.965926 1.01358 0.997027 0.982381 0.968397 1.01832 0.992974 0.958668 0.918405 1.05901 1.04317 1.04488 1.08425 3.39049
-26.4507 -4.81111 20.4742 -27.2237 -8.33021 21.3528 -27.0825 -12.0308 21.5509 -26.0076 -15.5389 21.0113 -24.1081 -18.4749 19.7763 -21.5511 -20.5704 17.9456 -18.6549 -21.5975 15.7462 -15.694 -21.5517 13.3985 -12.8753 -20.5499 11.0894 -10.2253 -18.6886 8.87227 -7.89616 -16.2029 6.92326 -5.85659 -13.2803 5.2797 -4.02961 -10.0711 3.95089 -2.28614 -6.63784 2.92124 -0.533652 -3.12905 2.21115 1.35361 0.360247 1.82372 3.49578 3.72106 1.76901 5.91733 6.7384 2.0526 8.59602 9.44348 2.79804 11.4225 11.7496 4.11751 14.2407 13.5479 6.08535 16.7866 14.6869 8.61544 18.9644 15.1122 11.6578 20.592 14.7559 15.0348 21.5186 13.6213 18.5038 21.6535 11.765 21.8307 20.9741 9.35461 24.705 19.5558 6.59201 26.9162 17.5355 3.68706 28.3348 15.0277 0.770393 28.9173 12.2516 -1.94198 28.6498 9.37259 -4.34113 27.6053 6.52823 -6.36101 25.8833 3.79854 -7.98298 23.5662 1.29511 -9.17336 20.7793 -0.924633 -9.93549 17.626 -2.82243 -10.28 14.201 -4.37637 -10.2202 10.5862 -5.57202 -9.76972 6.86427 -6.40581 -8.94217 3.10857 -6.88051 -7.75087 -0.611749 -7.00346 -6.20694 -4.23541 -6.7843 -4.32695 -7.69191 -6.23564 -2.12915 -10.9166 -5.37138 0.363209 -13.8442 -4.20866 3.11461 -16.4042 -2.76229 6.08904 -18.534 -1.05077 9.23361 -20.1643 0.902736 12.4793 -21.225 3.05164 15.7153 -21.6475 5.36456 18.8535 -21.3819 7.77922 21.7595 -20.3856 10.2092 24.2765 -18.6456 12.5016 26.2049 -16.2443 14.5677 27.4336 -13.2507 16.2629 27.8318 -9.82904 17.4482 27.3266 -6.21247 18.0107 25.9598 -2.74037 17.9227 23.8302 0.373596 17.1941 21.1151 2.89099 15.8939 18.0386 4.64717 14.1026 14.7803 5.57705 11.9717 11.5957 5.66221 9.61043 8.65005 5.00104 7.08211 6.05758 3.74541 4.33906 3.81859 2.00009 1.46144 2.0391 -0.0337008 -1.45258 0.639787 -2.29956 -4.29668 -0.496449 -4.79031 -6.98444 -1.49254 -7.52103 -9.40982 -2.46214 -10.496 -11.4587 -3.51291 -13.7164 -12.9922 -4.73641 -17.1551 -13.8315 -6.14686 -20.617 -13.8834 -7.79959 -24.073 -13.0233 -9.65943 -27.3103 -11.2032 -11.6237 -30.0501 -8.60092 -13.4657 -31.9421 -5.38131 -15.0612 -32.8546 -1.86791 -16.2296 -32.6679 1.56558 -16.8417 -31.4106 4.63908 -16.8411 -29.1935 7.01659 -16.2405 -26.304 8.5747 -15.1347 -23.0311 9.30694 -13.6465 -19.6235 9.26922 -11.8288 -16.1377 8.54073 -9.84964 -12.8197 7.24919 -7.80265 -9.72159 5.50947 -5.76029 -6.84778 3.38233 -3.75225 -4.13586 0.965869 -1.86206 -1.58646 -1.68381 -0.142954 0.849806 -4.52423 1.34564 3.22206 -7.49631 2.52514 5.55579 -10.5843 3.32439 7.90021 -13.7399 3.64444 10.2688 -16.8914 3.37461 12.6492 -19.8424 2.44285 14.9241 -22.5465 0.770676 17.0789 -24.8198 -1.66928 18.9841 -0.0800618 -0.149691 -0.182265 -0.188315 -0.00420828 -0.0491698 -0.0266921 0.0605269 -0.253904 -0.148894 -0.0467023 0.0423297 -0.131033 -0.0493611 -0.00839927 0.00181836 -0.0306208 -0.0232711 -0.0065911 0.0138923 0.0106658 0.0319629 0.12234 0.280027 -0.11265 0.067071 0.239291 0.346526 -0.0408399 -0.0011691 -0.0144326 -0.053991 -0.0796198 -0.0828755 -0.100362 -0.128912 0.00592655 -0.0185223 -0.0579897 -0.113642 0.0600472 0.00163118 -0.0570293 -0.117624 0.0710802 -0.00353826 -0.0797877 -0.153265 0.0461051 -0.0336202 -0.102775 -0.152853 -0.0717946 -0.141532 -0.171638 -0.140484 -0.343333 -0.250812 -0.0656964 0.165481 -0.32257 -0.145564 -0.0402351 -0.0011081 -0.143016 -0.101867 -0.0805901 -0.0751743 -0.0960488 -0.106376 -0.112367 -0.105309 -0.114653 -0.0989427 -0.0511551 0.0335849 -0.0306945 0.0679452 0.162091 0.231479 0.144797 0.164864 0.150163 0.113718 0.112054 0.0906916 0.0689073 0.0521005 0.111354 0.106601 0.0993172 0.0889196 0.146512 0.134483 0.114682 0.0846866 0.222486 0.178743 0.112795 0.0345983 1.90155
-26.4318 -11.6451 24.9489 -26.3973 -15.2449 25.8401 -25.4552 -18.8282 26.0002 -23.6722 -22.0202 25.3793 -21.2376 -24.4736 24.0351 -18.3674 -25.9681 22.0835 -15.4052 -26.3589 19.7696 -12.6 -25.7076 17.3228 -10.108 -24.175 14.9307 -7.91607 -21.8614 12.6405 -6.10593 -19.022 10.6247 -4.59724 -15.8282 8.91412 -3.27528 -12.4087 7.51325 -1.98839 -8.80353 6.40259 -0.61092 -5.14956 5.60376 1.0038 -1.53731 5.12282 2.9916 1.91432 4.97516 5.38584 4.96029 5.17086 8.12404 7.6233 5.84842 11.0554 9.81449 7.13448 13.976 11.4312 9.11055 16.6067 12.3206 11.6538 18.838 12.4372 14.6849 20.4802 11.7416 18.0015 21.3858 10.2745 21.3492 21.4747 8.12591 24.497 20.738 5.49567 27.1563 19.2608 2.59822 29.1451 17.1827 -0.357634 30.3606 14.6142 -3.25004 30.7752 11.7691 -5.87531 30.3889 8.80675 -8.13816 29.2756 5.86019 -9.98382 27.5301 3.00653 -11.4003 25.2277 0.3593 -12.363 22.4861 -2.02097 -12.8818 19.4012 -4.09146 -12.9741 16.0612 -5.82494 -12.6596 12.5425 -7.20068 -11.9597 8.92273 -8.20875 -10.8957 5.27074 -8.84553 -9.48846 1.65144 -9.11222 -7.75573 -1.87791 -9.01212 -5.72045 -5.25094 -8.55215 -3.4054 -8.40669 -7.74103 -0.83663 -11.283 -6.59161 1.94937 -13.8114 -5.11578 4.91755 -15.9297 -3.33083 8.01723 -17.5673 -1.26127 11.1825 -18.6506 1.04049 14.3071 -19.1059 3.5351 17.3059 -18.8774 6.14727 20.0486 -17.9172 8.77352 22.3835 -16.2087 11.2384 24.1216 -13.8331 13.4384 25.1592 -10.8627 15.2147 25.3797 -7.4662 16.4223 24.7268 -3.88078 16.953 23.2582 -0.445447 16.7926 21.0775 2.63006 15.9687 18.3598 5.11501 14.5688 15.3164 6.85236 12.6878 12.1087 7.78076 10.4908 8.96969 7.87949 8.0835 6.05468 7.24916 5.50522 3.48294 6.05394 2.68098 1.26718 4.41148 -0.293004 -0.491282 2.50179 -3.28482 -1.89546 0.342834 -6.18794 -3.05787 -2.06642 -8.91224 -4.09141 -4.74655 -11.3442 -5.09482 -7.7049 -13.3603 -6.15684 -10.9423 -14.8125 -7.34674 -14.4277 -15.5216 -8.65918 -17.9566 -15.394 -10.1296 -21.4922 -14.3159 -11.7105 -24.8114 -12.2605 -13.3008 -27.6264 -9.44108 -14.7106 -29.5777 -6.04214 -15.8422 -30.5321 -2.40942 -16.5636 -30.3672 1.07085 -16.7937 -29.1106 4.11564 -16.5084 -26.8723 6.39505 -15.7507 -23.941 7.79944 -14.6175 -20.6084 8.338 -13.2206 -17.1268 8.07298 -11.6041 -13.5529 7.10446 -9.91326 -10.1383 5.57177 -8.22259 -6.93687 3.59925 -6.58921 -3.95393 1.25303 -5.03824 -1.12529 -1.35667 -3.63915 1.54744 -4.16427 -2.43948 4.11448 -7.11605 -1.49461 6.6256 -10.1389 -0.875178 9.10537 -13.2018 -0.651953 11.6033 -16.2369 -0.916639 14.1309 -19.1512 -1.76744 16.6713 -21.7408 -3.23987 19.0957 -23.9412 -5.40144 21.3842 -25.5682 -8.24068 23.3949 -0.0911522 -0.20321 -0.259988 -0.274455 -0.0889423 -0.126187 -0.089943 0.0187428 -0.265593 -0.126041 0.0060591 0.114291 -0.0504611 0.0355748 0.0709265 0.0693913 0.0216386 0.0176187 0.0277527 0.043693 0.0375179 0.0572885 0.146012 0.299169 -0.104864 0.0545008 0.202003 0.288582 -0.111444 -0.077423 -0.0918161 -0.129945 -0.152629 -0.151833 -0.164199 -0.186349 -0.043546 -0.058276 -0.0863566 -0.129441 0.0570955 0.0105971 -0.0383058 -0.0924513 0.0994067 0.0237962 -0.0577319 -0.140068 0.0482671 -0.0431056 -0.123305 -0.183145 -0.110412 -0.187353 -0.223973 -0.198708 -0.406191 -0.315751 -0.129094 0.106248 -0.377903 -0.199282 -0.0938801 -0.0533634 -0.190895 -0.144902 -0.121615 -0.114632 -0.134619 -0.144608 -0.149949 -0.140139 -0.141674 -0.111753 -0.0420396 0.0723209 0.0429078 0.178076 0.307085 0.406145 0.341519 0.374325 0.362795 0.321359 0.30858 0.272357 0.23441 0.201735 0.246225 0.228286 0.209576 0.189369 0.238496 0.218842 0.189856 0.147492 0.267461 0.197219 0.0923742 -0.0370316 1.78714
-22.6685 -10.367 27.1069 -23.7322 -13.8881 27.5802 -24.0499 -17.5618 27.1847 -23.5612 -21.0107 25.9118 -22.3151 -23.8511 23.8789 -20.4258 -25.8108 21.2577 -18.1411 -26.6686 18.3724 -15.6983 -26.4297 15.4991 -13.29 -25.2237 12.8483 -10.9576 -23.1515 10.4675 -8.85464 -20.4667 8.52538 -6.97636 -17.3646 7.02479 -5.27376 -13.9999 5.93752 -3.64631 -10.4338 5.21541 -2.02292 -6.81337 4.83546 -0.296552 -3.22157 4.76012 1.65221 0.249131 4.96888 3.82943 3.41641 5.49494 6.25278 6.29579 6.43576 8.86467 8.77906 7.871 11.5708 10.7333 9.84735 14.1589 11.9868 12.2785 16.5502 12.4852 15.1444 18.5699 12.1475 18.3046 20.0517 10.9594 21.5561 20.8735 8.95946 24.6958 20.9464 6.30927 27.4351 20.28 3.21978 29.5667 18.953 -0.0746133 30.952 17.0496 -3.41732 31.534 14.7497 -6.54532 31.2868 12.2108 -9.3146 30.2764 9.57337 -11.6327 28.6014 6.9252 -13.4661 26.3482 4.38384 -14.77 23.6478 2.01426 -15.5471 20.6093 -0.139606 -15.8127 17.3319 -2.05206 -15.5874 13.9002 -3.70479 -14.8939 10.3969 -5.09019 -13.7554 6.89407 -6.20585 -12.1946 3.45831 -7.05447 -10.2301 0.149148 -7.63721 -7.88689 -2.96523 -7.95622 -5.19102 -5.82185 -8.01191 -2.1745 -8.35706 -7.80307 1.11603 -10.5028 -7.32617 4.63327 -12.1991 -6.5763 8.30953 -13.3816 -5.54941 12.0581 -13.9895 -4.2552 15.7449 -13.9715 -2.69638 19.2635 -13.2951 -0.896077 22.4577 -11.9446 1.10139 25.1513 -9.93883 3.18677 27.1306 -7.39451 5.29654 28.2837 -4.40129 7.30792 28.4842 -1.13722 9.08234 27.6735 2.16945 10.4627 25.9222 5.21373 11.3737 23.3491 7.8193 11.7463 20.1572 9.79738 11.559 16.596 11.0313 10.82 12.863 11.488 9.58652 9.24687 11.1853 7.93402 5.92531 10.2229 5.9382 3.01274 8.73174 3.59195 0.501362 6.78969 1.00283 -1.49941 4.58131 -1.79032 -3.00785 2.2347 -4.64403 -4.13805 -0.247792 -7.44966 -5.0172 -2.89896 -10.0901 -5.76617 -5.75211 -12.4465 -6.50138 -8.84721 -14.3758 -7.32651 -12.2043 -15.6706 -8.29053 -15.6789 -16.2252 -9.46391 -19.2837 -15.8725 -10.8493 -22.8382 -14.5072 -12.3901 -26.0693 -12.2367 -13.9157 -28.5717 -9.19842 -15.3208 -30.1649 -5.69819 -16.4425 -30.6489 -2.12146 -17.1489 -29.9765 1.22563 -17.3703 -28.2129 3.96196 -17.0872 -25.6063 5.92512 -16.3599 -22.4472 7.08015 -15.2798 -19.0031 7.48125 -13.8905 -15.3472 7.18299 -12.3257 -11.7529 6.31166 -10.6676 -8.2963 4.98587 -8.98369 -5.00036 3.27974 -7.30763 -1.80796 1.29569 -5.72073 1.26723 -0.89762 -4.2823 4.27254 -3.24289 -3.06049 7.25891 -5.70288 -2.12721 10.2167 -8.27819 -1.55118 13.1674 -10.9432 -1.42741 16.0919 -13.654 -1.86292 18.9437 -16.2582 -2.92333 21.5601 -18.732 -4.69102 23.9068 -20.9293 -7.19368 25.8199 -0.474349 -0.488893 -0.452798 -0.389045 -0.13761 -0.115715 -0.024003 0.134589 -0.11241 0.0432024 0.171152 0.26575 0.088058 0.16655 0.207822 0.222758 0.202278 0.2175 0.238189 0.262924 0.259502 0.273028 0.344647 0.466852 0.0161459 0.11851 0.213441 0.263991 -0.155451 -0.130553 -0.149702 -0.191534 -0.218109 -0.221462 -0.237628 -0.262239 -0.119293 -0.12988 -0.148491 -0.17578 0.0333491 0.0160725 0.00212942 -0.010294 0.230697 0.210098 0.186864 0.162682 0.40533 0.361612 0.320935 0.292002 0.387046 0.32376 0.290112 0.301453 0.0523311 0.0619663 0.127999 0.22635 -0.376934 -0.279264 -0.219749 -0.2054 -0.361021 -0.326445 -0.304604 -0.301234 -0.325029 -0.33712 -0.341081 -0.324925 -0.323766 -0.290372 -0.215844 -0.0960757 -0.120948 0.0165337 0.14495 0.240587 0.170422 0.196738 0.17907 0.132801 0.116911 0.0793795 0.0416099 0.0100515 0.0560348 0.0393888 0.0211811 5.36302e-05 0.0446198 0.0124188 -0.0325208 -0.0928138 0.0110092 -0.066369 -0.157542 -0.239262 2.04994
-25.5475 -10.5124 21.2337 -26.8936 -13.9674 21.1639 -27.4229 -17.5647 20.4342 -27.0478 -20.992 19.068 -25.7823 -23.9153 17.1689 -23.7072 -26.0766 14.8662 -21.066 -27.2184 12.4164 -18.1293 -27.2852 10.039 -15.1519 -26.3509 7.90757 -12.2251 -24.4915 6.06954 -9.59424 -21.9432 4.65998 -7.30339 -18.9145 3.66946 -5.3299 -15.5784 3.05436 -3.58107 -12.0093 2.75386 -1.97735 -8.36063 2.70969 -0.359152 -4.72036 2.83959 1.43922 -1.17049 3.06586 3.50112 2.10153 3.36779 5.86848 5.13085 3.88493 8.51889 7.8301 4.74392 11.3941 10.0822 6.05147 14.2976 11.7062 7.81559 17.162 12.6422 10.0737 19.7966 12.7802 12.7607 21.9934 12.0657 15.7345 23.5789 10.501 18.8281 24.3853 8.20561 21.763 24.3595 5.36757 24.3081 23.5349 2.21159 26.2811 21.9766 -1.10536 27.5867 19.8472 -4.31563 28.1303 17.3151 -7.26201 27.924 14.5414 -9.83621 27.021 11.6381 -11.9912 25.4789 8.75534 -13.6619 23.3934 5.99071 -14.8346 20.8572 3.42014 -15.51 17.9611 1.0987 -15.6982 14.7893 -0.928245 -15.414 11.4283 -2.63047 -14.6777 7.95766 -3.98713 -13.5128 4.45225 -4.98523 -11.944 0.977748 -5.63561 -9.99083 -2.38261 -5.96934 -7.66692 -5.5477 -6.01623 -4.99146 -8.44069 -5.80317 -1.99743 -10.9835 -5.35176 1.28117 -13.1102 -4.67783 4.79211 -14.7517 -3.79205 8.46642 -15.8427 -2.70923 12.1901 -16.3224 -1.42978 15.8781 -16.1507 0.0375738 19.3967 -15.2936 1.67516 22.5866 -13.7409 3.41746 25.225 -11.5629 5.23765 27.1892 -8.81177 7.05581 28.3071 -5.62043 8.76691 28.4458 -2.18637 10.2266 27.5694 1.18129 11.3505 25.7271 4.27689 12.0433 23.0589 6.85377 12.2463 19.7879 8.72435 11.9359 16.1223 9.7998 11.1305 12.383 10.0419 9.88211 8.79539 9.53183 8.25174 5.51467 8.40553 6.23094 2.54454 6.76905 3.90628 0.0141931 4.82567 1.30159 -2.09677 2.74169 -1.57095 -3.83771 0.667721 -4.55708 -5.32268 -1.46557 -7.51026 -6.64612 -3.746 -10.2898 -7.90372 -6.26898 -12.7318 -9.17633 -9.11328 -14.5827 -10.4745 -12.2065 -15.7165 -11.8518 -15.597 -15.9193 -13.2744 -19.1486 -15.0312 -14.6548 -22.6103 -13.0994 -15.8252 -25.5502 -10.2465 -16.6964 -27.7515 -6.76786 -17.1546 -28.9487 -3.06119 -17.1398 -29.0156 0.543361 -16.643 -27.9561 3.61815 -15.7266 -25.9391 5.95183 -14.4918 -23.2203 7.46433 -13.0463 -20.0603 8.18443 -11.4264 -16.5512 8.12569 -9.76859 -12.9868 7.40028 -8.13605 -9.48468 6.12314 -6.57484 -6.11004 4.37088 -5.09905 -2.84461 2.253 -3.76131 0.259653 -0.151767 -2.58798 3.21801 -2.78292 -1.62373 6.05679 -5.59621 -0.952097 8.75956 -8.58276 -0.649634 11.3402 -11.7007 -0.807116 13.7742 -14.8858 -1.51616 16.0154 -17.9488 -2.81004 17.9377 -20.8602 -4.7509 19.5216 -23.4574 -7.34189 20.6584 -0.302123 -0.258338 -0.186956 -0.109912 0.137375 0.140527 0.19927 0.310465 0.00437742 0.0996977 0.179145 0.242029 0.0475803 0.120897 0.161919 0.177574 0.150928 0.155694 0.159045 0.157461 0.119239 0.0915032 0.11469 0.18223 -0.324052 -0.264613 -0.183733 -0.114782 -0.495037 -0.42504 -0.402195 -0.407526 -0.402559 -0.378461 -0.37079 -0.375072 -0.215674 -0.214381 -0.226483 -0.253292 -0.0501013 -0.0788372 -0.107154 -0.1309 0.099173 0.0695099 0.0400197 0.0126322 0.254614 0.211672 0.17189 0.142756 0.235717 0.168336 0.129119 0.134836 -0.117618 -0.106429 -0.032394 0.0793214 -0.508564 -0.39682 -0.326114 -0.303034 -0.450871 -0.40654 -0.370205 -0.3565 -0.379989 -0.402764 -0.427512 -0.438553 -0.46631 -0.454535 -0.386403 -0.250018 -0.232127 -0.0295269 0.178806 0.359142 0.370556 0.468644 0.507927 0.501942 0.510378 0.482697 0.443446 0.402992 0.436078 0.405467 0.374833 0.343843 0.37988 0.344595 0.302084 0.25312 0.381435 0.345773 0.315939 0.310017 2.50184
-26.8717 -5.23644 17.5967 -29.0621 -8.21269 17.2835 -30.5385 -11.4813 16.3402 -31.1398 -14.8035 14.8055 -30.7803 -17.8953 12.7893 -29.4455 -20.5173 10.4178 -27.2675 -22.3669 7.94477 -24.468 -23.3041 5.58576 -21.307 -23.3033 3.51486 -17.9046 -22.3863 1.78725 -14.5954 -20.686 0.538018 -11.5189 -18.3787 -0.245437 -8.73933 -15.6329 -0.615524 -6.22403 -12.5411 -0.641791 -3.97667 -9.25845 -0.395883 -1.91648 -5.87439 0.0408026 0.0847123 -2.4695 0.578398 2.10693 0.79674 1.11786 4.34466 3.91692 1.67076 6.81605 6.81725 2.39808 9.51608 9.39585 3.45123 12.3097 11.4591 4.90691 15.1711 12.9337 6.86082 17.9353 13.6599 9.31274 20.3854 13.5121 12.1684 22.3086 12.4257 15.2755 23.4684 10.4639 18.3314 23.7499 7.80722 21.0508 23.1498 4.71148 23.193 21.7291 1.38424 24.6234 19.663 -1.8563 25.2277 17.1469 -4.8167 25.0257 14.3669 -7.37266 24.0908 11.4512 -9.47674 22.5026 8.55723 -11.0742 20.3755 5.78337 -12.165 17.8129 3.20248 -12.7632 14.9091 0.865711 -12.8887 11.7454 -1.18437 -12.5631 8.40227 -2.91835 -11.8091 4.95116 -4.31396 -10.65 1.45918 -5.35491 -9.10758 -2.01462 -6.04174 -7.19901 -5.39329 -6.39601 -4.93232 -8.5974 -6.43862 -2.32167 -11.5491 -6.18908 0.604326 -14.1667 -5.66374 3.81457 -16.3789 -4.87593 7.25816 -18.11 -3.83705 10.8653 -19.2867 -2.56784 14.5193 -19.8399 -1.07635 18.129 -19.7235 0.615703 21.5532 -18.8989 2.47332 24.6248 -17.3555 4.40691 27.1179 -15.1678 6.37198 28.9069 -12.3969 8.26823 29.8257 -9.18749 9.97568 29.7564 -5.74951 11.347 28.6886 -2.40004 12.3054 26.6912 0.65475 12.7738 23.9231 3.17625 12.7194 20.6156 4.99203 12.1414 16.9718 6.0306 11.0854 13.2953 6.27074 9.61822 9.78548 5.80372 7.80569 6.57084 4.76903 5.63271 3.6323 3.27686 3.18382 1.07827 1.52661 0.473444 -1.1231 -0.314975 -2.40135 -3.0662 -2.19741 -5.32233 -4.82964 -4.20519 -8.15736 -6.48579 -6.41717 -10.7697 -8.10595 -8.91188 -12.9955 -9.74406 -11.7466 -14.5933 -11.3701 -14.8258 -15.442 -13.0193 -18.1782 -15.3493 -14.6279 -21.6541 -14.1863 -16.0832 -25.0019 -12.0393 -17.2083 -27.8071 -9.04392 -17.9226 -29.8713 -5.50396 -18.1331 -30.9523 -1.81062 -17.8118 -30.9413 1.72121 -16.9777 -29.8492 4.68678 -15.7323 -27.845 6.89731 -14.1991 -25.1756 8.29123 -12.4965 -22.0901 8.90711 -10.6541 -18.6721 8.77192 -8.81128 -15.2019 8.00135 -7.02024 -11.788 6.70968 -5.31498 -8.48944 4.97008 -3.69689 -5.28522 2.8861 -2.21248 -2.22498 0.528333 -0.883597 0.705281 -2.04647 0.251669 3.53247 -4.81566 1.13093 6.22118 -7.79322 1.6973 8.76756 -10.9634 1.87444 11.1317 -14.2906 1.57978 13.2562 -17.6062 0.765178 15.0154 -20.9098 -0.631084 16.3897 -24.0599 -2.63918 17.2818 -0.290775 -0.190993 -0.0737168 0.0353096 0.299894 0.305142 0.349712 0.429826 0.07745 0.119143 0.149517 0.1755 -0.0425256 0.015104 0.0631424 0.0998876 0.0999752 0.115173 0.120508 0.1145 0.0660525 0.0242838 0.0321138 0.0859754 -0.428448 -0.366992 -0.272129 -0.182114 -0.542526 -0.459132 -0.429607 -0.432811 -0.428028 -0.404735 -0.397341 -0.40071 -0.238954 -0.233961 -0.241442 -0.26336 -0.0557722 -0.0817768 -0.109969 -0.135793 0.0890898 0.0512055 0.0110202 -0.0285943 0.200786 0.14593 0.0957138 0.0581731 0.145085 0.0741059 0.0338788 0.0416048 -0.205219 -0.184441 -0.0975653 0.0279443 -0.547734 -0.426665 -0.349123 -0.320438 -0.462575 -0.412345 -0.370572 -0.354 -0.376765 -0.402847 -0.435686 -0.459635 -0.498354 -0.497647 -0.440003 -0.311391 -0.295888 -0.0886913 0.131069 0.327762 0.358099 0.475488 0.532809 0.542858 0.565335 0.549686 0.520567 0.488768 0.529443 0.505538 0.480723 0.4553 0.496797 0.467467 0.433627 0.398354 0.548027 0.544053 0.55838 0.607855 2.84827
-26.9088 -2.60337 11.9266 -29.3753 -5.16321 10.8696 -31.1196 -8.02042 9.27347 -31.9694 -10.9923 7.22419 -31.8155 -13.8513 4.86705 -30.6124 -16.3978 2.34744 -28.4545 -18.3452 -0.0674011 -25.5459 -19.5298 -2.16914 -22.1548 -19.8793 -3.79997 -18.4216 -19.3792 -4.90211 -14.7422 -18.1026 -5.38596 -11.3125 -16.1968 -5.29907 -8.24296 -13.819 -4.72809 -5.52863 -11.0666 -3.75678 -3.19323 -8.09341 -2.49464 -1.15046 -4.992 -1.04713 0.736484 -1.83005 0.478787 2.56858 1.25742 1.94839 4.55135 4.28607 3.34288 6.77033 7.13245 4.76514 9.27003 9.65096 6.33264 11.9698 11.6111 8.0789 14.8831 12.9042 10.084 17.8789 13.3433 12.3228 20.7502 12.7901 14.6954 23.2699 11.1833 17.0622 25.1433 8.62797 19.1819 26.183 5.36355 20.8537 26.3131 1.70997 21.934 25.5484 -2.08058 22.3606 24.0073 -5.6444 22.1163 21.8639 -8.77814 21.2672 19.2965 -11.3646 19.9053 16.4341 -13.3704 18.1069 13.4375 -14.7584 15.9752 10.4143 -15.5458 13.5894 7.44962 -15.7603 11.0174 4.60811 -15.4324 8.31484 1.94937 -14.5929 5.53789 -0.478376 -13.2724 2.73653 -2.63223 -11.5026 -0.0408828 -4.47536 -9.3142 -2.75081 -5.96775 -6.74829 -5.34284 -7.10942 -3.83618 -7.7399 -7.90235 -0.615845 -9.86839 -8.34841 2.85972 -11.6564 -8.45121 6.53905 -13.0448 -8.2119 10.3534 -13.977 -7.63098 14.2206 -14.4048 -6.71655 18.0179 -14.2925 -5.46901 21.6592 -13.6197 -3.8976 25.0142 -12.3776 -2.02347 27.9341 -10.5805 0.0734022 30.22 -8.31814 2.35718 31.7665 -5.64738 4.72785 32.4259 -2.70034 7.04941 32.0916 0.339147 9.12397 30.762 3.19718 10.8283 28.5052 5.6955 12.0185 25.4892 7.62604 12.5978 21.9644 8.84268 12.5282 18.1585 9.28905 11.8275 14.4033 8.9773 10.5746 10.9099 8.02021 8.86744 7.79872 6.57251 6.73212 5.02914 4.74133 4.29376 2.66148 2.73333 1.60617 0.607804 0.697937 -1.2293 -1.24834 -1.32653 -4.10044 -2.98934 -3.42378 -6.8805 -4.69106 -5.67064 -9.43811 -6.42787 -8.14351 -11.6159 -8.25641 -10.8979 -13.1818 -10.138 -13.8451 -14.0225 -12.1105 -17.0202 -13.9538 -14.1012 -20.2929 -12.849 -15.9802 -23.4436 -10.7816 -17.5287 -26.1029 -7.86572 -18.6457 -28.1015 -4.37434 -19.2006 -29.2179 -0.669724 -19.1317 -29.3415 2.95124 -18.4367 -28.4653 6.08051 -17.2035 -26.7191 8.50868 -15.5655 -24.3142 10.1455 -13.6631 -21.4744 11.0096 -11.5425 -18.2786 11.093 -9.38065 -14.996 10.4925 -7.25705 -11.7423 9.3104 -5.22833 -8.58898 7.61243 -3.30946 -5.53183 5.49548 -1.56611 -2.63517 3.02763 -0.0314505 0.0972253 0.264128 1.25872 2.66821 -2.74251 2.25642 5.04211 -5.99611 2.92664 7.19515 -9.46909 3.21483 9.0729 -13.1139 3.06095 10.6097 -16.7418 2.43226 11.703 -20.3537 1.28692 12.3307 -23.8043 -0.397087 12.4229 0.222514 0.385686 0.559886 0.714586 1.01065 1.0305 1.07054 1.12636 0.731477 0.718368 0.690998 0.663277 0.398965 0.420435 0.44739 0.478716 0.486711 0.519774 0.54142 0.552894 0.515074 0.472213 0.46412 0.481466 -0.098693 -0.13848 -0.172535 -0.214233 -0.683736 -0.675483 -0.690498 -0.716576 -0.720188 -0.695046 -0.677856 -0.664606 -0.479905 -0.445935 -0.41876 -0.400898 -0.149209 -0.128463 -0.10931 -0.0912565 0.178506 0.184798 0.186279 0.184066 0.445008 0.414768 0.381466 0.352385 0.438524 0.356627 0.293626 0.264302 -0.0355934 -0.0831097 -0.073985 -0.0239236 -0.661968 -0.585634 -0.537526 -0.528265 -0.684375 -0.64493 -0.611519 -0.59848 -0.62167 -0.647785 -0.683147 -0.715163 -0.767458 -0.787655 -0.759077 -0.666521 -0.689585 -0.517348 -0.323531 -0.140222 -0.110625 0.0164723 0.0904191 0.120557 0.164125 0.168298 0.155926 0.137133 0.18705 0.168807 0.146452 0.121306 0.164775 0.14155 0.118746 0.101619 0.278542 0.312456 0.376464 0.485921 2.27791
-26.1276 1.14693 6.4471 -28.743 -0.901179 4.79826 -30.6505 -3.28048 2.68772 -31.6669 -5.85894 0.223504 -31.6578 -8.45384 -2.42605 -30.5473 -10.8911 -5.09196 -28.4003 -12.8901 -7.4742 -25.4176 -14.262 -9.34563 -21.8909 -14.8961 -10.5459 -17.9964 -14.7565 -11.0096 -14.1835 -13.8789 -10.7032 -10.6824 -12.3976 -9.72849 -7.61495 -10.4664 -8.22408 -4.96883 -8.19053 -6.29917 -2.74441 -5.71726 -4.10331 -0.827101 -3.12931 -1.75526 0.93655 -0.477685 0.641698 2.66524 2.12957 2.93573 4.56123 4.71859 5.11538 6.74515 7.14635 7.20944 9.26232 9.22923 9.30085 12.0309 10.7269 11.3678 15.0807 11.5465 13.4189 18.3038 11.5398 15.366 21.5195 10.6086 17.09 24.5258 8.71558 18.4725 27.0202 5.97534 19.3677 28.7787 2.60895 19.6962 29.661 -1.09081 19.4396 29.6215 -4.89317 18.6176 28.695 -8.4418 17.32 27.0111 -11.5299 15.6576 24.7299 -14.0314 13.7409 21.9822 -15.9039 11.6444 18.9387 -17.1077 9.46745 15.7253 -17.662 7.27254 12.4448 -17.6016 5.10786 9.17691 -16.9664 3.0096 5.99351 -15.7988 1.01262 2.95176 -14.1411 -0.854273 0.101051 -12.0354 -2.56447 -2.51807 -9.52014 -4.09527 -4.86045 -6.64184 -5.42131 -6.89198 -3.44763 -6.51662 -8.59677 0.00914772 -7.33766 -9.95699 3.66538 -7.845 -10.9592 7.46603 -8.00704 -11.585 11.3441 -7.79653 -11.814 15.2247 -7.19314 -11.6268 18.9974 -6.19297 -11.0052 22.5917 -4.79195 -9.93114 25.8952 -3.00261 -8.39653 28.7777 -0.856853 -6.45007 31.0573 1.5421 -4.10851 32.6402 4.14046 -1.45288 33.3845 6.81139 1.38467 33.179 9.3894 4.17298 32.0051 11.6448 6.75098 29.9109 13.436 8.90556 27.0418 14.6046 10.4576 23.6316 15.0537 11.303 19.9051 14.7568 11.3834 16.2035 13.7666 10.75 12.7605 12.2063 9.50737 9.7249 10.2238 7.72385 7.0884 7.88897 5.55125 4.90101 5.42349 3.07749 3.03189 2.98004 0.401191 1.33073 0.629043 -2.35094 -0.30748 -1.69798 -5.04614 -1.96404 -4.07804 -7.5531 -3.72088 -6.58835 -9.72026 -5.64512 -9.28531 -11.3238 -7.70375 -12.0906 -12.2592 -9.94889 -15.0508 -12.3479 -12.3177 -18.0607 -11.4552 -14.6816 -20.9405 -9.61896 -16.7874 -23.3773 -6.91665 -18.5163 -25.2354 -3.57036 -19.6875 -26.3193 0.0988427 -20.1785 -26.5195 3.81416 -19.9393 -25.8114 7.15594 -19.0033 -24.2887 9.87727 -17.4896 -22.1287 11.8409 -15.5492 -19.5322 13.0334 -13.247 -16.5769 13.3976 -10.7974 -13.5234 13.0072 -8.31932 -10.4964 11.9527 -5.903 -7.57993 10.2967 -3.58438 -4.78831 8.13669 -1.45457 -2.19805 5.54741 0.440652 0.171579 2.59358 2.05938 2.30839 -0.641512 3.35095 4.189 -4.13759 4.30251 5.78356 -7.84666 4.88012 7.04044 -11.7067 5.04551 7.90278 -15.5167 4.77391 8.30465 -19.2866 4.04399 8.2237 -22.8806 2.83451 7.6136 1.65173 1.86647 2.08802 2.28237 2.6073 2.64172 2.67906 2.71402 2.28135 2.21803 2.13536 2.0531 1.73869 1.71838 1.71702 1.73472 1.74309 1.78951 1.83192 1.86627 1.84644 1.80862 1.78543 1.76064 1.10648 0.961858 0.803016 0.634207 0.0514239 -0.0291271 -0.105763 -0.169835 -0.192777 -0.172405 -0.148533 -0.119327 0.0892105 0.153967 0.218149 0.278578 0.577732 0.650098 0.723149 0.794314 1.12041 1.18485 1.24456 1.29863 1.61158 1.62698 1.63104 1.62895 1.72945 1.64729 1.56699 1.5006 1.14236 1.01631 0.931656 0.883267 0.153827 0.155019 0.14735 0.117306 -0.0672544 -0.0479754 -0.0261834 -0.0183579 -0.0419068 -0.0662152 -0.100827 -0.136805 -0.200249 -0.241085 -0.244144 -0.193894 -0.26611 -0.143859 0.00535475 0.155407 0.165888 0.287963 0.368329 0.412541 0.474647 0.498985 0.506019 0.504716 0.569902 0.56475 0.553656 0.538607 0.593105 0.585595 0.583291 0.592576 0.8023 0.875541 0.985574 1.14636 1.56229
-24.8725 7.45414 1.25615 -27.6033 6.18928 -0.91111 -29.686 4.43012 -3.4254 -30.9253 2.24577 -6.15422 -31.1626 -0.22922 -8.90591 -30.2954 -2.84605 -11.4906 -28.3554 -5.30973 -13.5994 -25.5272 -7.37431 -15.0205 -22.1018 -8.8488 -15.6312 -18.2671 -9.6487 -15.3928 -14.4826 -9.70175 -14.3551 -10.9909 -9.09085 -12.6707 -7.92251 -7.94619 -10.5081 -5.27161 -6.38301 -7.9751 -3.04592 -4.55348 -5.22083 -1.12547 -2.54862 -2.36085 0.660292 -0.417179 0.494861 2.44274 1.74333 3.17887 4.43257 3.95017 5.67271 6.74871 5.96538 8.04401 9.44528 7.50203 10.3712 12.4013 8.39499 12.5263 15.6165 8.59759 14.4761 18.9658 8.03611 16.1031 22.275 6.68489 17.2878 25.3707 4.5552 17.9312 27.985 1.78076 17.9461 29.9177 -1.4445 17.3173 31.0262 -4.8791 16.0896 31.242 -8.33718 14.3203 30.5523 -11.505 12.1699 29.0479 -14.192 9.7925 26.8663 -16.2739 7.33444 24.1347 -17.7012 4.89485 21.0328 -18.4411 2.59659 17.7044 -18.5238 0.507243 14.2693 -18.0027 -1.33111 10.8191 -16.9402 -2.8973 7.4312 -15.4031 -4.17967 4.16074 -13.4549 -5.17674 1.04947 -11.1538 -5.89099 -1.87421 -8.54754 -6.32633 -4.57851 -5.68542 -6.48403 -7.03961 -2.61002 -6.36258 -9.26859 0.608071 -5.90936 -11.2285 3.92911 -5.1314 -12.8857 7.32309 -4.03129 -14.1971 10.7495 -2.61148 -15.1133 14.159 -0.876218 -15.5785 17.4676 1.14997 -15.5444 20.6208 3.45746 -14.9583 23.5215 6.00896 -13.7792 26.0523 8.74268 -12.0274 28.0477 11.5157 -9.71106 29.4214 14.2521 -6.90667 30.05 16.7977 -3.75334 29.8447 18.9782 -0.50761 28.8023 20.5963 2.65178 26.9752 21.5554 5.48471 24.4917 21.7708 7.77863 21.5449 21.2285 9.40031 18.3118 19.961 10.2313 15.0715 18.0903 10.2747 12.0229 15.7678 9.59697 9.30806 13.1486 8.25548 6.94611 10.2842 6.39125 5.05335 7.36433 4.12743 3.52285 4.51541 1.58453 2.07736 1.8644 -1.10243 0.536431 -0.601128 -3.7628 -1.13779 -3.00789 -6.23305 -2.98713 -5.48796 -8.3276 -5.03646 -8.14992 -9.83063 -7.23545 -10.9038 -10.6552 -9.6379 -13.7721 -10.6464 -12.1812 -16.6374 -9.69225 -14.7407 -19.3238 -7.84346 -17.0622 -21.5458 -5.17059 -19.0367 -23.1893 -1.87524 -20.4798 -24.0851 1.74997 -21.2539 -24.1392 5.45151 -21.2897 -23.3271 8.81883 -20.5848 -21.7375 11.5943 -19.2351 -19.5381 13.6183 -17.3806 -16.9253 14.8547 -15.0865 -13.9817 15.2247 -12.5736 -10.981 14.7944 -9.97406 -8.06318 13.6581 -7.38931 -5.32745 11.8891 -4.85591 -2.8048 9.60382 -2.46202 -0.578109 6.89694 -0.238376 1.32964 3.8511 1.79796 2.90684 0.563223 3.62568 4.1397 -2.94435 5.23866 5.01487 -6.63379 6.58785 5.50304 -10.4553 7.61848 5.57068 -14.2246 8.25622 5.20003 -17.9678 8.47825 4.36878 -21.5681 8.22688 3.05491 11.7652 12.0328 12.2966 12.5168 12.8456 12.8577 12.8469 12.8135 12.3 12.1537 11.9958 11.8509 11.4869 11.4282 11.4042 11.4128 11.4229 11.479 11.5369 11.5887 11.5835 11.5536 11.527 11.4835 10.7927 10.594 10.3682 10.1263 9.47075 9.32419 9.19291 9.08722 9.0356 9.03949 9.05789 9.09113 9.31177 9.39533 9.4838 9.57291 9.90427 10.0116 10.1218 10.2303 10.5988 10.7098 10.8194 10.9254 11.2909 11.3574 11.4093 11.4489 11.5812 11.5172 11.4376 11.3504 10.9478 10.7548 10.5845 10.4396 9.61185 9.52259 9.43949 9.3515 9.12502 9.11688 9.12185 9.12196 9.09813 9.07489 9.03904 8.99905 8.93063 8.88198 8.86655 8.89883 8.8035 8.89921 9.02073 9.14501 9.13399 9.24042 9.31135 9.35153 9.4139 9.44193 9.45527 9.46245 9.53831 9.54622 9.55088 9.55481 9.63212 9.65376 9.68667 9.73771 9.99517 10.1214 10.2894 10.5108 0.872142
-23.0694 12.2685 1.77143 -25.9595 11.0037 -0.178434 -28.2873 9.15162 -2.39313 -29.8694 6.7794 -4.76454 -30.5501 4.0178 -7.14445 -30.2202 1.00143 -9.39687 -28.854 -1.97268 -11.2861 -26.5574 -4.6465 -12.6488 -23.5332 -6.79268 -13.3761 -19.906 -8.29041 -13.418 -16.0936 -8.957 -12.7671 -12.3773 -8.79431 -11.5162 -8.97487 -7.87283 -9.791 -5.99135 -6.29207 -7.67285 -3.59552 -4.40862 -5.10389 -1.63194 -2.34789 -2.31374 0.122148 -0.182768 0.536282 1.86282 1.98045 3.24543 3.85786 4.15224 5.76576 6.29849 6.25176 7.93001 9.20568 7.90932 9.89195 12.4174 8.88175 11.6006 15.8962 9.13943 13.0189 19.4813 8.62659 14.0507 22.9737 7.33525 14.6121 26.1901 5.28905 14.6426 28.8613 2.62139 14.1123 30.7963 -0.485938 13.0479 31.8645 -3.81204 11.5219 32.0048 -7.19202 9.60062 31.21 -10.3325 7.44639 29.573 -13.0513 5.19613 27.2325 -15.2224 2.97259 24.3163 -16.7894 0.85343 21.0103 -17.7059 -1.06529 17.4648 -17.9892 -2.73858 13.8071 -17.6804 -4.1446 10.136 -16.8328 -5.28018 6.53542 -15.5054 -6.15151 3.06608 -13.7557 -6.77406 -0.226508 -11.6369 -7.16749 -3.31188 -9.19233 -7.35329 -6.15735 -6.46597 -7.35243 -8.73903 -3.49325 -7.18587 -11.1178 -0.390945 -6.68877 -13.2428 2.81421 -5.85992 -15.0655 6.10027 -4.6959 -16.527 9.43056 -3.1963 -17.5627 12.7555 -1.3666 -18.1028 15.9875 0.7619 -18.0906 19.0655 3.16904 -17.4697 21.8855 5.80151 -16.2029 24.3255 8.5782 -14.3247 26.2224 11.3376 -11.8592 27.4961 13.9907 -8.9023 28.038 16.3788 -5.60913 27.7783 18.3352 -2.24591 26.7303 19.6882 1.01335 24.9527 20.3643 3.93724 22.5678 20.3056 6.32189 19.7514 19.5174 8.0374 16.6599 18.0379 8.95495 13.5508 15.993 9.05956 10.6163 13.5298 8.39623 8.00702 10.802 7.00138 5.76813 7.86511 5.00553 3.92525 5.00085 2.52579 2.16913 2.48082 -0.188602 0.453898 0.184339 -2.93812 -1.30069 -2.05947 -5.5126 -3.17044 -4.41513 -7.67735 -5.21388 -7.02493 -9.14763 -7.4379 -9.95151 -9.82333 -9.91972 -12.791 -9.66324 -12.6448 -15.4793 -8.6081 -15.4662 -17.8468 -6.66974 -18.1935 -19.7129 -4.049 -20.5391 -20.8853 -0.874049 -22.4019 -21.326 2.6101 -23.624 -20.9921 6.12466 -24.1081 -19.916 9.46736 -23.8154 -18.1544 12.3189 -22.7771 -15.8845 14.5142 -21.1008 -13.2896 15.9688 -18.9255 -10.5483 16.6805 -16.2971 -7.71259 16.6245 -13.438 -5.01473 15.8797 -10.4714 -2.54469 14.5409 -7.49156 -0.357287 12.6739 -4.5235 1.5443 10.3878 -1.65725 3.11577 7.76467 1.07888 4.35843 4.87453 3.66929 5.27936 1.80022 6.08879 5.88378 -1.50145 8.24028 6.2588 -5.00821 10.0739 6.36493 -8.68383 11.5294 6.16037 -12.3575 12.514 5.62541 -16.0587 13.0085 4.72623 -19.6777 12.9454 3.44168 34.1206 34.3714 34.6079 34.7903 35.0727 35.0342 34.9747 34.9004 34.3574 34.1955 34.0356 33.8993 33.5502 33.5004 33.4797 33.4885 33.4978 33.5536 33.6089 33.6458 33.6161 33.5559 33.4936 33.4105 32.6787 32.4411 32.1819 31.9151 31.2448 31.094 30.968 30.8752 30.8417 30.8666 30.9069 30.9615 31.202 31.3031 31.4067 31.5082 31.8492 31.9633 32.0772 32.1891 32.5615 32.6769 32.7912 32.9022 33.2724 33.3433 33.3985 33.4397 33.5713 33.5035 33.4161 33.3169 32.8983 32.6861 32.4946 32.3281 31.4799 31.3727 31.2753 31.1767 30.9432 30.9333 30.9445 30.9511 30.9276 30.9014 30.8621 30.8202 30.7559 30.7042 30.6748 30.6807 30.5474 30.5967 30.6674 30.7423 30.6885 30.7632 30.8156 30.8502 30.9182 30.9606 30.9943 31.0254 31.1269 31.1609 31.1913 31.22 31.3212 31.3659 31.42 31.4901 31.7638 31.9025 32.0781 32.3007 0.299598
