Optimization finished after 916500 iterations.
NEB Energy: 1.50982
Max NEB Force: 0.00999991
Optimization took: 22857827 ms
Energies: 
1.44404, 1.51134, 1.53143, 1.51636, 1.5108, 1.48812, 1.47769, 1.47005, 1.46143, 1.43424, 
NEB Forces: 
0, 0.00381967, 0.00207018, 0.0024147, 0.00277289, 0.00269893, 0.0027013, 0.00211025, 0.00999991, 0, 
Gradients: 
2.2192e-06, 0.00234407, 0.00206858, 0.00245252, 0.00278678, 0.00272813, 0.00270459, 0.0020894, 0.0013911, 4.3326e-06, 
Spring Forces: 
0, 0.00302825, 8.67014e-05, 2.8945e-05, 2.32705e-06, 4.75054e-05, 1.30422e-05, 0.00033387, 0.00990273, 0, 
Bend Energies: 
1.44402, 1.51129, 1.53138, 1.51632, 1.51077, 1.4881, 1.47768, 1.47005, 1.46141, 1.43422, 
Twist Energies: 
4.71436e-09, 3.70308e-05, 3.78282e-05, 2.39505e-05, 2.52048e-05, 1.55146e-05, 3.75524e-06, 5.24156e-07, 1.48436e-05, 3.7765e-18, 
Stretch Energies: 
5.3304e-06, 7.22321e-06, 7.09619e-06, 7.3169e-06, 6.69406e-06, 7.08385e-06, 6.88606e-06, 6.409e-06, 6.02738e-06, 4.03399e-06, 
