Optimization finished after 200 iterations.
NEB Energy: 4.9075
Max NEB Force: 0.94238
Optimization took: 1782327233421 ms
Energies: 
1.45656, 4.91231, 4.9524, 4.93702, 5.05325, 5.06633, 4.94753, 4.86622, 4.78539, 1.4343, 
NEB Forces: 
0, 0.914935, 0.919291, 0.917509, 0.924745, 0.928006, 0.914562, 0.906324, 0.94238, 0, 
Gradients: 
0.134716, 0.915027, 0.919712, 0.917558, 0.924758, 0.928021, 0.91457, 0.906331, 0.899285, 0.165184, 
Spring Forces: 
0, 0.00960418, 0.00178779, 7.50614e-05, 0.000187489, 0.0007082, 9.15625e-05, 0.000100749, 0.281864, 0, 