# num_vectors 10
# vector_size 401
# Iterations: 900, stepsize: 0.028713, max step size: 1.000000, spring constant: 0.000010, global NEB Hessian: false, global NEB Linesearch: true, climbing image: false
-24.4447 -0.175297 20.3942 -26.6538 -3.1337 20.0452 -28.1671 -6.34598 18.9753 -28.8215 -9.55723 17.2395 -28.5344 -12.482 14.9774 -27.2993 -14.8924 12.3421 -25.2478 -16.5216 9.61852 -22.5897 -17.2681 7.0382 -19.5616 -17.1359 4.78121 -16.2577 -16.161 2.90089 -12.9821 -14.4798 1.54213 -9.86687 -12.2493 0.692079 -6.98458 -9.61449 0.301047 -4.31936 -6.65079 0.307414 -1.85663 -3.5324 0.619954 0.503661 -0.361988 1.13437 2.87745 2.77983 1.75184 5.31592 5.735 2.35984 8.11852 8.29914 3.14681 11.0743 10.4153 4.50088 13.987 11.9824 6.52793 16.62 12.8539 9.07502 18.8957 12.9931 12.0721 20.6485 12.3576 15.3437 21.7398 10.9666 18.6685 22.0848 8.87376 21.8361 21.6444 6.24401 24.5607 20.4596 3.28206 26.6478 18.6327 0.2084 27.9699 16.263 -2.83613 28.4703 13.5617 -5.61458 28.1257 10.6969 -7.99768 27.008 7.81357 -9.90572 25.2244 5.00118 -11.3163 22.8682 2.38026 -12.2072 20.0775 0.0131748 -12.6015 16.9642 -2.06014 -12.5354 13.6254 -3.81845 -12.0496 10.1386 -5.24657 -11.1871 6.57465 -6.33647 -9.99054 2.98776 -7.08298 -8.49961 -0.576674 -7.49866 -6.73233 -4.07435 -7.63087 -4.67467 -7.43268 -7.50722 -2.32103 -10.591 -7.10914 0.30674 -13.5007 -6.42163 3.17833 -16.1001 -5.42951 6.26436 -18.3289 -4.11982 9.51602 -20.1141 -2.48853 12.866 -21.3758 -0.563396 16.2033 -22.0276 1.63083 19.4364 -22.0036 4.03504 22.4222 -21.2469 6.55755 24.9949 -19.735 9.02714 26.9509 -17.5406 11.3382 28.1847 -14.734 13.3287 28.5764 -11.4745 14.8455 28.0666 -7.98464 15.7591 26.7031 -4.58669 16.0334 24.5809 -1.47845 15.6528 21.8674 1.1161 14.6588 18.7703 3.02931 13.1199 15.451 4.17116 11.177 12.1613 4.47589 8.95956 9.07473 3.98053 6.57796 6.32275 2.77863 3.84204 3.94149 1.22041 0.943095 1.77711 -0.359272 -1.97778 -0.311718 -1.99914 -4.80722 -2.40006 -3.79271 -7.42343 -4.55888 -5.83428 -9.65736 -6.82507 -8.18947 -11.3631 -9.17978 -10.8762 -12.3902 -11.5626 -13.8663 -12.5944 -13.8012 -16.9687 -11.9106 -15.8454 -20.1361 -10.2908 -17.5388 -23.167 -7.78562 -18.72 -25.8141 -4.67899 -19.2502 -27.7666 -1.1598 -19.112 -28.9244 2.45145 -18.3128 -29.1782 5.83012 -16.9345 -28.5231 8.76306 -15.0722 -27.0091 10.9812 -12.9249 -24.811 12.4018 -10.6556 -22.1288 13.0331 -8.39509 -19.1532 12.9275 -6.15639 -15.9231 12.1609 -4.08287 -12.672 10.8566 -2.19687 -9.47855 9.13155 -0.49519 -6.3826 7.0568 1.06333 -3.35312 4.747 2.4836 -0.427538 2.27985 3.80152 2.41633 -0.290982 4.96964 5.23372 -2.98183 5.90776 7.98143 -5.83892 6.54548 10.6462 -8.87331 6.79433 13.1762 -12.0715 6.5613 15.4974 -15.2855 5.79024 17.4537 -18.5208 4.41894 19.0042 -21.6371 2.41929 20.0245 36.5036 36.6169 36.7583 36.8992 37.2029 37.2493 37.3359 37.4546 37.1346 37.1923 37.2252 37.2453 37.0182 37.0579 37.0859 37.1069 37.0977 37.0957 37.1059 37.1177 37.1033 37.1106 37.1819 37.3118 36.8761 37.0037 37.1269 37.2054 36.8111 36.8594 36.8599 36.8334 36.8186 36.8229 36.8111 36.7883 36.9322 36.9212 36.9011 36.8701 37.0724 37.0425 37.0137 36.9842 37.204 37.1551 37.0973 37.0331 37.2338 37.1481 37.069 37.0069 37.0748 36.9911 36.9449 36.9543 36.719 36.7704 36.9122 37.1137 36.6159 36.8021 36.9213 36.9704 36.8383 36.882 36.9123 36.9235 36.8947 36.8564 36.8009 36.7412 36.6758 36.6484 36.6773 36.7805 36.782 36.9873 37.2225 37.4517 37.5287 37.6981 37.8069 37.8628 37.9216 37.9336 37.9219 37.899 37.9414 37.9185 37.8963 37.8749 37.9176 37.8878 37.8511 37.8104 37.9515 37.94 37.9478 37.9935 3.44054
-27.2938 -4.61799 20.0946 -27.3428 -8.27463 20.6985 -26.5271 -11.8899 20.6232 -25.7918 -15.523 20.6027 -24.087 -18.7411 19.9129 -21.1303 -20.2955 18.1505 -17.9926 -20.5265 16.0605 -14.8556 -20.9096 13.992 -11.7516 -20.5358 11.8728 -9.17849 -18.3124 9.91851 -7.3067 -15.256 8.32479 -5.33988 -12.3015 6.65508 -3.30316 -9.31841 5.1262 -1.49265 -5.93122 4.06909 0.03721 -2.36096 3.18514 1.51255 1.20777 2.20723 3.55071 4.58763 1.66834 6.31768 7.2791 2.03016 9.3179 9.66632 2.60607 12.2603 12.1547 3.03296 15.3001 14.0764 4.48104 17.8161 14.5127 7.24567 19.9042 14.1941 10.3607 22.0865 13.9854 13.4201 23.436 13.0512 16.8067 22.9331 10.9448 19.9413 21.4644 8.49905 22.467 20.1439 6.09547 25.112 18.2135 3.52894 27.1619 15.226 1.06795 27.529 12.0001 -1.02117 26.9394 8.7917 -3.18413 26.5581 5.61505 -5.1986 25.5746 2.79578 -6.53024 23.1851 0.310481 -7.4305 20.2791 -2.28639 -8.4359 17.5083 -4.53285 -9.18704 14.3746 -5.74322 -9.20058 10.633 -6.42944 -8.90884 6.77163 -7.25895 -8.73009 2.93161 -7.73442 -8.13297 -0.926176 -7.2475 -6.65864 -4.5454 -6.32657 -4.90472 -7.94919 -5.51018 -3.27366 -11.4397 -4.47718 -1.17383 -14.6072 -2.95056 1.73947 -16.7607 -1.27466 4.88324 -18.4233 0.350192 7.95415 -20.2634 2.1649 11.2267 -21.4688 4.14609 14.5774 -21.1582 6.07064 17.8537 -20.2574 7.9874 21.1856 -19.5682 10.0013 24.1448 -18.0074 11.7515 25.8791 -15.0661 13.2512 27.008 -11.7194 14.8095 28.3156 -8.46581 16.0369 28.5474 -4.8379 16.3335 26.8318 -1.49247 16.1397 24.3186 1.31316 16.027 21.9119 4.21498 15.3145 18.9624 6.45468 13.6362 15.541 6.84071 11.709 12.3233 6.0618 9.83937 9.03816 5.44034 7.64215 6.07012 4.42267 4.95599 4.14182 2.2707 2.23149 2.97809 -0.334812 -0.504477 1.69417 -2.87089 -3.14152 0.391304 -5.50036 -5.58389 -0.562264 -8.46352 -8.04573 -1.21262 -11.4919 -10.5989 -1.82764 -14.4514 -12.4601 -2.97894 -17.7475 -12.8362 -4.75931 -21.1166 -12.7017 -6.67287 -24.4308 -12.7359 -8.53274 -27.7779 -11.5192 -10.7333 -30.6655 -8.6922 -12.7602 -31.9417 -5.39709 -14.4274 -32.2487 -2.12854 -16.1286 -32.6416 1.30299 -17.3349 -31.9357 4.10622 -17.2702 -29.3895 5.97985 -16.4308 -26.2062 7.98197 -15.6785 -23.08 9.36845 -14.5761 -19.7322 9.00846 -12.7131 -16.2917 7.66436 -10.6256 -13.2463 6.49198 -8.55398 -10.1203 5.07847 -6.53906 -7.05762 2.77497 -4.6105 -4.4373 0.11323 -2.71965 -2.15003 -2.46445 -0.766363 0.180638 -5.17259 0.873802 2.60291 -8.19803 1.81584 4.97158 -11.3345 2.60459 7.2502 -14.4372 3.55474 9.51341 -17.5784 3.62456 11.9174 -20.315 2.11159 14.1436 -22.8442 0.1039 16.2191 -25.4625 -1.73859 18.337 0.220824 0.128664 0.286934 0.208062 0.211708 0.140873 0.185869 0.235174 -0.0235158 0.128651 0.111009 0.137646 0.00991778 0.116337 0.167964 0.144941 0.0435988 0.0571271 0.106222 0.0951085 0.0831076 0.0971595 0.0708384 0.172039 -0.0588404 0.158212 0.0368392 0.158938 0.017506 0.0898758 0.00145006 -0.0134672 -0.0056493 -0.0104622 0.00731353 -0.00607676 0.0531061 0.0148849 0.0865495 0.0276777 0.0256092 -0.0452277 0.0538534 -0.0177611 0.00405617 -0.0529419 0.0112296 -0.0703598 0.0428977 0.00181232 0.00572133 -0.0495951 0.0354042 -0.00868459 -0.0887554 -0.0512217 -0.0983027 0.00775945 -0.0680493 0.140545 -0.146997 0.0247053 -0.00990037 0.0264081 -0.0456406 -0.00546124 -0.00398315 0.00411844 -0.0132583 -0.0315085 -0.054652 -0.0378578 -0.0323728 -0.0516431 -0.0765857 -0.0284477 -0.123606 -0.0815345 -0.0295139 0.0121293 -0.12296 -0.12275 -0.0894018 -0.109794 -0.15421 -0.182105 -0.163084 -0.17026 -0.146223 -0.163406 -0.156735 -0.170368 -0.150749 -0.158515 -0.123054 -0.155665 -0.117276 -0.132443 -0.0126979 -0.129701 1.17405
-27.0038 -12.4294 24.9366 -26.1426 -15.9791 25.5657 -24.4891 -19.2956 25.4777 -22.9094 -22.6489 25.4474 -20.5084 -25.3796 24.7287 -17.3137 -26.2238 22.8999 -14.2543 -25.7545 20.7349 -11.1581 -25.4315 18.5957 -8.28487 -24.3969 16.3734 -6.37231 -21.7069 14.2544 -5.35771 -18.3649 12.4691 -4.24893 -15.0965 10.6053 -2.92903 -11.8108 8.91814 -1.61052 -8.23252 7.76651 -0.482759 -4.53424 6.80752 0.555189 -0.837383 5.74695 2.26848 2.71069 5.16073 4.9184 5.51403 5.54824 7.85945 7.95544 6.19761 10.7253 10.5183 6.69844 13.7877 12.3812 8.17548 16.4235 12.5231 10.858 18.6144 11.799 13.8314 20.8967 11.1965 16.7629 22.4003 9.8346 19.9327 22.0986 7.29765 22.759 20.8479 4.45382 24.9649 19.756 1.6328 27.2816 17.9601 -1.20296 29.084 14.9239 -3.61241 29.388 11.5564 -5.47979 28.8484 8.22295 -7.45082 28.5007 4.89797 -9.23194 27.558 1.86379 -10.2114 25.2633 -0.868234 -10.7077 22.4845 -3.71406 -11.3048 19.8432 -6.1651 -11.7119 16.8005 -7.47166 -11.526 13.096 -8.1776 -11.1203 9.24851 -9.03081 -10.8175 5.42147 -9.58061 -10.068 1.60034 -9.23214 -8.42237 -1.96058 -8.47867 -6.48867 -5.3077 -7.8279 -4.67554 -8.74271 -6.93567 -2.4271 -11.8504 -5.50296 0.574061 -13.9471 -3.91791 3.79312 -15.5538 -2.40493 6.95558 -17.3331 -0.582761 10.2321 -18.5162 1.64383 13.4295 -18.2565 3.91454 16.5005 -17.4426 6.1528 19.6424 -16.8353 8.53747 22.3598 -15.3596 10.6932 23.7788 -12.5203 12.5976 24.5632 -9.28272 14.5732 25.5262 -6.13726 16.1006 25.4607 -2.6181 16.4269 23.592 0.641435 16.1106 21.0147 3.37697 15.8955 18.531 6.20718 15.0256 15.5924 8.40518 13.0641 12.3286 8.81957 10.8011 9.32087 8.1081 8.59488 6.23933 7.55099 6.11177 3.47107 6.63262 3.20508 1.71011 4.62895 0.282368 0.671332 2.19087 -2.66636 -0.474047 -0.166764 -5.4554 -1.68816 -2.67919 -7.89234 -2.67954 -5.63434 -10.2827 -3.44104 -8.69395 -12.7855 -4.16574 -11.6714 -14.5457 -5.34601 -15.0125 -14.7209 -7.02633 -18.4487 -14.3457 -8.80355 -21.8197 -14.1493 -10.5438 -25.2251 -12.6775 -12.4905 -28.1755 -9.6308 -14.1321 -29.499 -6.16269 -15.3914 -29.8423 -2.71719 -16.6852 -30.2741 0.826944 -17.5134 -29.58 3.58671 -17.2154 -27.0032 5.32888 -16.2633 -23.7773 7.21067 -15.3764 -20.6118 8.42478 -14.2654 -17.2004 7.79071 -12.6762 -13.6635 6.14075 -10.9931 -10.5197 4.65979 -9.30497 -7.29559 2.97533 -7.69772 -4.13062 0.461757 -6.26261 -1.38945 -2.39506 -4.88284 1.02441 -5.18531 -3.43081 3.47349 -8.02345 -2.33572 6.04979 -10.9948 -2.01799 8.64234 -14.0281 -1.88033 11.1785 -17.0642 -1.57241 13.6963 -19.9564 -2.15914 16.331 -22.1329 -4.24836 18.7042 -24.0061 -6.80233 20.873 -26.0033 -9.21506 23.0924 0.229098 0.0918758 0.266179 0.168791 0.133953 0.0598283 0.139103 0.197717 -0.0564554 0.135866 0.147749 0.194061 0.0679059 0.178299 0.242543 0.21616 0.100806 0.108876 0.156899 0.135887 0.106623 0.110504 0.0816555 0.166349 -0.115214 0.0538256 -0.0709092 0.0220382 -0.119399 -0.0224714 -0.102395 -0.0991835 -0.0608413 -0.049926 -0.0316879 -0.0310115 0.057615 0.0318553 0.100674 0.0451869 0.0612355 0.00181798 0.0988509 0.034184 0.0663021 0.0114975 0.0758271 -0.0161017 0.062385 0.000919383 0.00239136 -0.0788966 -0.0368064 -0.0985834 -0.174319 -0.158905 -0.240503 -0.134611 -0.199959 0.0153857 -0.238026 -0.0386055 -0.0707727 -0.028046 -0.0837503 -0.0358429 -0.0387435 -0.0307031 -0.0411503 -0.0560057 -0.0800984 -0.0600442 -0.03919 -0.0450656 -0.0647264 0.00939387 -0.0404987 0.027598 0.0827394 0.144515 0.0327648 0.0348839 0.0596377 0.0322308 -0.0342929 -0.0860637 -0.0737155 -0.0895402 -0.0850754 -0.11553 -0.112825 -0.128452 -0.113796 -0.128032 -0.0950655 -0.133231 -0.119122 -0.158737 -0.0429647 -0.196543 0.998581
-23.854 -10.6392 27.0674 -24.3051 -14.3181 27.0895 -24.0192 -17.9238 26.2777 -23.7987 -21.5473 25.5279 -22.6245 -24.7173 24.0078 -20.153 -26.102 21.51 -17.4203 -26.0705 18.9027 -14.7026 -26.1872 16.2821 -11.9285 -25.5743 13.7934 -9.4437 -23.1679 11.9443 -7.48564 -19.9879 10.7446 -5.43981 -16.9033 9.44648 -3.44359 -13.7674 8.19501 -1.86066 -10.2145 7.335 -0.647512 -6.48517 6.63532 0.522672 -2.7564 5.86329 2.29445 0.786905 5.44606 4.89252 3.6497 5.73902 7.78135 6.20295 6.14832 10.6045 8.84646 6.42042 13.5423 11.003 7.74291 16.0402 11.7593 10.4544 18.1374 11.8068 13.5793 20.315 11.9708 16.6447 21.8493 11.2612 20.0071 21.795 9.08768 23.1358 20.8327 6.43982 25.701 19.9977 3.87074 28.388 18.694 0.937624 30.4404 16.4881 -2.24831 30.7573 14.062 -5.2142 30.0972 11.6801 -8.25416 29.6463 9.13717 -11.0061 28.6086 6.55451 -12.7562 26.2215 4.14333 -13.9049 23.3407 1.68394 -15.2243 20.5762 -0.649848 -16.0643 17.5301 -2.43813 -15.6439 14.053 -3.91133 -14.6666 10.54 -5.49021 -13.8385 7.03475 -6.73787 -12.6249 3.50833 -7.08977 -10.5317 0.191022 -7.00651 -8.16437 -2.95522 -7.02232 -5.91195 -6.18578 -6.86733 -3.22197 -9.05798 -6.2204 0.182884 -10.9138 -5.37859 3.75591 -12.3214 -4.58976 7.26395 -13.9113 -3.63851 10.9768 -14.786 -2.47738 14.6324 -14.0528 -1.34574 18.1124 -12.6894 -0.246573 21.677 -11.5336 1.12321 24.7658 -9.57611 2.62997 26.3694 -6.43281 4.03114 27.2335 -2.9667 5.43354 28.3006 0.441942 6.89511 28.2226 3.98874 8.02796 26.1206 6.90787 8.89284 23.2318 9.17331 9.81343 20.4519 11.5503 10.2172 17.0929 13.217 9.62055 13.3135 13.0391 8.62347 9.83389 11.7851 7.72296 6.28026 10.6739 6.32487 3.03379 9.19789 4.02157 0.931133 6.7816 1.45663 -0.301551 4.04885 -1.06723 -1.67602 1.34572 -3.6151 -3.00072 -1.35975 -6.32721 -3.78977 -4.13049 -9.2132 -4.21013 -6.8044 -12.157 -4.62473 -9.41548 -14.4509 -5.45312 -12.531 -15.3366 -6.7416 -16.0264 -15.7563 -8.10265 -19.5809 -16.3411 -9.41638 -23.13 -15.599 -11.1229 -26.4763 -12.9999 -12.8555 -28.4693 -9.77494 -14.3379 -29.5344 -6.58672 -15.8366 -30.6838 -3.09924 -17.0881 -30.6754 0.000701425 -17.4824 -28.5352 2.24684 -17.2793 -25.4919 4.60841 -17.1547 -22.533 6.44334 -16.6409 -19.2596 6.65185 -15.2563 -15.5885 5.8729 -13.5146 -12.1537 5.26847 -11.8061 -8.66746 4.4166 -10.1831 -5.19214 2.63327 -8.63211 -1.98188 0.452424 -7.09816 0.98168 -1.63654 -5.50941 3.98232 -3.8585 -4.20543 7.02437 -6.44715 -3.51829 9.93607 -9.17287 -2.95517 12.7476 -11.8594 -2.24393 15.5634 -14.6162 -2.35509 18.3987 -17.1351 -3.92155 20.835 -19.52 -5.90456 23.0966 -21.9621 -7.72802 25.4306 -0.0215981 -0.0419506 0.135761 0.119747 0.22199 0.200516 0.227285 0.302512 0.114345 0.275577 0.223503 0.227473 0.0975582 0.21192 0.264738 0.245184 0.149072 0.164152 0.213865 0.210617 0.208819 0.219416 0.18105 0.285273 0.0338056 0.197468 0.0600972 0.127094 -0.125812 -0.105816 -0.184112 -0.206519 -0.225502 -0.23532 -0.200551 -0.209048 -0.145163 -0.162598 -0.0766127 -0.0883965 0.00233464 -0.0216545 0.0745344 0.0506173 0.164555 0.147866 0.219899 0.178883 0.352747 0.337373 0.346488 0.312657 0.418974 0.373608 0.282208 0.302161 0.180259 0.195479 0.091372 0.195596 -0.256748 -0.151465 -0.181619 -0.163306 -0.263721 -0.224986 -0.208378 -0.191194 -0.208588 -0.220777 -0.231547 -0.195885 -0.160321 -0.155 -0.167383 -0.0753635 -0.10847 -0.0310346 0.031786 0.0909178 -0.0431836 -0.0589981 -0.0328286 -0.0692656 -0.143126 -0.187545 -0.172365 -0.191055 -0.192027 -0.223888 -0.221356 -0.251009 -0.259347 -0.279832 -0.246899 -0.305812 -0.306807 -0.319392 -0.18981 -0.328164 1.26637
-26.6988 -10.4169 20.4903 -27.2198 -14.0609 20.0567 -26.8771 -17.6153 19.0622 -26.6197 -21.1922 18.1241 -25.4369 -24.353 16.5916 -22.8677 -25.9299 14.3164 -19.9596 -26.301 11.9347 -17.0904 -26.8196 9.53351 -13.9798 -26.5306 7.41092 -10.9224 -24.4105 6.16899 -8.32612 -21.515 5.65776 -5.61739 -18.7448 5.04518 -3.16119 -15.7477 4.43644 -1.65189 -12.0679 4.2098 -0.799553 -8.17643 4.20852 0.0666489 -4.28803 4.18762 1.57411 -0.601026 4.12986 3.9297 2.47633 4.01288 6.53271 5.33187 3.69179 9.03496 8.26859 3.30776 12.0362 10.6708 3.8109 15.2631 11.5678 5.52743 18.421 11.6574 7.57339 21.6247 11.8511 9.53935 24.1807 11.3414 12.2542 24.9769 9.56199 15.5276 24.6572 7.35071 18.6141 24.5067 5.20403 21.7584 23.6482 2.67715 24.4776 21.3028 -0.116437 25.8236 18.3771 -2.63738 26.2751 15.5152 -5.18426 26.939 12.6345 -7.79536 26.9133 9.88898 -10.0568 25.2462 7.40964 -12.0124 22.9092 4.86926 -14.0857 20.7459 2.43316 -15.6756 18.106 0.602047 -16.0272 14.6435 -0.852658 -15.8072 10.9963 -2.43406 -15.7528 7.39595 -3.66723 -15.167 3.70791 -3.88408 -13.4377 0.176249 -3.60032 -11.2935 -3.11505 -3.42215 -9.2797 -6.49491 -3.14622 -6.81207 -9.55181 -2.48375 -3.52908 -11.6107 -1.62676 -0.0307292 -13.1867 -0.780332 3.39058 -14.9288 -0.011795 7.06951 -16.0824 0.547886 10.9256 -15.8249 0.900696 14.7331 -15.0319 1.24039 18.5776 -14.4368 1.91509 22.1399 -12.9861 2.93684 24.5356 -10.1684 3.98638 26.3234 -6.93949 5.00309 28.2909 -3.80581 6.25104 29.1029 -0.269514 7.51266 27.6908 2.99201 8.65246 25.2997 5.677 9.82775 23.0366 8.45595 10.5754 20.0617 10.6501 10.4391 16.2612 11.1082 9.9242 12.5243 10.4415 9.51966 8.7517 9.91438 8.48221 5.15883 9.08513 6.23948 2.41775 7.34688 3.56912 0.397368 5.2604 0.97672 -1.77703 3.23123 -1.71681 -3.69429 1.07837 -4.70235 -4.65283 -1.33465 -7.85642 -5.00298 -3.69787 -11.0611 -5.37712 -5.98819 -13.685 -6.23252 -8.82337 -14.9691 -7.58254 -12.1687 -15.8072 -9.02374 -15.616 -16.8071 -10.4162 -19.0402 -16.4596 -12.1419 -22.4405 -14.1068 -13.8351 -24.7484 -11.0406 -15.3235 -26.2028 -8.02393 -16.8427 -27.7271 -4.48268 -17.7802 -28.2835 -0.981658 -17.4077 -26.8873 1.80281 -16.2564 -24.5917 4.69718 -15.17 -22.4031 7.01665 -13.9385 -19.6738 7.57312 -12.3593 -16.1194 7.0196 -10.7737 -12.5672 6.67869 -9.1777 -8.99301 5.97724 -7.6002 -5.4636 4.0949 -6.15091 -2.26243 1.73423 -4.78043 0.642839 -0.495609 -3.34893 3.62112 -2.98684 -2.19317 6.51062 -6.07622 -1.66639 8.92499 -9.37269 -1.26864 11.0759 -12.6134 -0.710346 13.2754 -15.9334 -1.03187 15.4026 -18.91 -2.87551 16.9757 -21.667 -5.19901 18.2932 -24.5076 -7.36739 19.6949 0.195575 0.210672 0.380496 0.372679 0.473295 0.426413 0.422096 0.48265 0.248429 0.344111 0.261263 0.249504 0.131959 0.25792 0.296738 0.2652 0.161272 0.171155 0.215513 0.180471 0.120116 0.098687 0.0721417 0.131274 -0.208161 -0.0578992 -0.178419 -0.0629395 -0.185062 -0.0883848 -0.172932 -0.204862 -0.234908 -0.252275 -0.216095 -0.235969 -0.201998 -0.234052 -0.134211 -0.167141 -0.138846 -0.192695 -0.0835245 -0.100332 0.0115497 -0.0125361 0.049695 0.0393393 0.279434 0.292199 0.293484 0.275888 0.416482 0.378383 0.274833 0.300093 0.185404 0.194408 0.0784535 0.171302 -0.294649 -0.201164 -0.233713 -0.204717 -0.277566 -0.224338 -0.213121 -0.202483 -0.225069 -0.246711 -0.274309 -0.261937 -0.255281 -0.269913 -0.297874 -0.214966 -0.239519 -0.155541 -0.097769 0.000465507 -0.0370311 0.0172841 0.044787 0.0340491 -0.0140694 -0.0693209 -0.0640717 -0.0954761 -0.118583 -0.156161 -0.14147 -0.166899 -0.178313 -0.185808 -0.133888 -0.160981 -0.114046 -0.111959 0.0197894 -0.0249959 1.47179
-27.0498 -4.4509 16.9064 -28.5286 -7.70312 15.9195 -29.129 -11.0952 14.5509 -29.828 -14.4885 13.233 -29.6493 -17.7048 11.3996 -27.8117 -19.9354 8.96816 -25.3433 -21.34 6.4781 -22.9724 -22.8744 3.97 -20.0083 -23.6044 1.74609 -16.4615 -22.4868 0.499054 -13.122 -20.4835 0.0294196 -9.71084 -18.6459 -0.581865 -6.54389 -16.3562 -0.917948 -4.32533 -13.0984 -0.339845 -2.85054 -9.57078 0.778739 -1.2905 -6.08121 1.90116 0.574326 -2.63551 2.62241 2.54051 0.706008 2.58112 4.41057 4.06375 2.06928 6.2225 7.45322 1.55731 8.74209 10.3867 1.83708 11.8969 11.9651 3.14892 15.2063 12.848 4.70927 18.5208 13.8332 6.19601 21.4587 13.8847 8.54752 22.9874 12.2072 11.6078 23.4953 9.81083 14.5264 24.1728 7.49794 17.4777 23.9126 4.79689 20.1521 21.7593 1.91313 21.6231 18.8138 -0.56264 22.1834 15.9679 -3.10094 22.9425 12.9876 -5.59396 23.0823 9.8355 -7.4728 21.6803 6.78935 -8.89772 19.6498 3.68778 -10.4396 17.7963 0.80857 -11.6498 15.4137 -1.26091 -11.8977 12.0789 -2.86404 -11.7024 8.49303 -4.61494 -11.6414 4.97209 -5.91461 -11.1378 1.29475 -5.9881 -9.70101 -2.37135 -5.41683 -7.99401 -5.87431 -4.95236 -6.42698 -9.45754 -4.4492 -4.24688 -12.6985 -3.67604 -1.0442 -14.8435 -2.80334 2.45457 -16.41 -1.94897 5.87167 -18.1565 -1.01864 9.50518 -19.3346 -0.0516263 13.2806 -19.0896 0.803668 17.0055 -18.2873 1.62377 20.7748 -17.679 2.79649 24.2194 -16.2617 4.317 26.4616 -13.5446 5.91274 28.1035 -10.4653 7.51124 29.9215 -7.48797 8.9492 30.5753 -3.99125 9.70693 29.053 -0.624974 9.95726 26.5947 2.22454 10.2551 24.2556 5.1683 10.3302 21.2456 7.43946 9.88443 17.4627 7.84291 9.29217 13.7645 7.03833 8.77039 10.0294 6.36735 7.73008 6.44222 5.51715 5.70099 3.48266 3.87735 3.32151 1.03335 1.90124 1.02662 -1.53513 -0.0229051 -1.43151 -3.86492 -2.04661 -4.32156 -5.37256 -4.2893 -7.47248 -6.38182 -6.45923 -10.6652 -7.43226 -8.54702 -13.2248 -8.73532 -11.2683 -14.3975 -10.0846 -14.6545 -15.1226 -11.3315 -18.2017 -16.0137 -12.5687 -21.7145 -15.4781 -13.9846 -25.2315 -12.9056 -15.1347 -27.6375 -9.63474 -15.9677 -29.167 -6.40612 -16.8256 -30.7709 -2.75875 -17.26 -31.2576 0.592236 -16.7475 -29.5683 3.0506 -15.7167 -26.8771 5.62858 -14.7265 -24.2846 7.64835 -13.6031 -21.2838 7.93277 -12.2112 -17.6206 7.13851 -10.8628 -14.0165 6.51758 -9.53041 -10.3727 5.72862 -8.04504 -6.82178 4.1404 -6.2757 -3.62201 2.23798 -4.35785 -0.690384 0.434458 -2.40984 2.28355 -1.6679 -0.785122 5.25536 -4.47053 0.237174 7.85369 -7.45872 1.12641 10.2892 -10.3355 2.16338 12.7993 -13.6621 2.40652 14.9266 -17.1673 1.19918 15.9215 -20.5805 -0.505281 16.3455 -24.0485 -2.05811 16.8903 0.213022 0.30777 0.478078 0.524756 0.701562 0.664486 0.621025 0.657556 0.378336 0.414731 0.306919 0.294279 0.150293 0.230205 0.234184 0.227948 0.209466 0.24317 0.264046 0.226864 0.162597 0.120064 0.073534 0.131253 -0.224649 -0.118613 -0.267279 -0.172278 -0.268597 -0.135353 -0.225064 -0.238448 -0.221164 -0.217873 -0.191992 -0.199959 -0.134399 -0.159709 -0.0715247 -0.106502 -0.0859153 -0.15535 -0.0469697 -0.0877861 -0.00375951 -0.0309853 0.0366533 0.00859843 0.20712 0.200008 0.202316 0.165718 0.269704 0.214215 0.111043 0.127668 0.0422522 0.11215 0.0178727 0.15078 -0.290109 -0.199314 -0.230726 -0.214395 -0.308381 -0.261641 -0.241493 -0.227742 -0.250871 -0.275305 -0.311489 -0.316301 -0.307947 -0.312463 -0.343846 -0.23524 -0.20782 -0.0958879 -0.0438402 0.0595951 0.00927353 0.0322027 0.0405865 0.0125491 -0.0573596 -0.128118 -0.133317 -0.16163 -0.152314 -0.16978 -0.160801 -0.186619 -0.188867 -0.185401 -0.125855 -0.163716 -0.105412 -0.0829468 0.0628947 0.121775 1.76628
-26.933 -2.26275 12.3044 -28.6762 -5.04339 10.582 -29.558 -7.97522 8.49244 -30.5465 -10.9035 6.44607 -30.5806 -13.7467 4.06855 -28.7729 -15.8409 1.49741 -26.2287 -17.2542 -0.910126 -23.8007 -18.7773 -3.36995 -20.7122 -19.6258 -5.37142 -16.9263 -18.8764 -6.07075 -13.3173 -17.3484 -5.90892 -9.64006 -15.9832 -5.91795 -6.21437 -14.1181 -5.50413 -3.85809 -11.2931 -3.97581 -2.3649 -8.24387 -1.89186 -0.765421 -5.24271 0.182986 1.05713 -2.12704 1.86854 2.82375 1.18055 2.85431 4.37986 4.68441 3.43268 5.87099 8.21494 4.02011 8.12578 11.1833 5.08616 11.2009 12.7575 6.57976 14.5169 13.7278 8.0727 17.8124 14.8158 9.52954 21.0139 14.699 11.5045 23.2369 12.5105 13.6918 24.6137 9.51282 15.599 26.1478 6.61784 17.5444 26.6994 3.24586 19.23 25.1659 -0.262206 19.9071 22.6376 -3.2163 19.8907 20.2414 -6.2755 20.026 17.639 -9.13724 19.6324 14.5873 -11.0037 18.0093 11.4979 -12.225 15.9124 8.39023 -13.601 13.9424 5.38375 -14.5962 11.6182 2.83653 -14.5082 8.62333 0.587588 -13.9884 5.43928 -1.75387 -13.634 2.2995 -3.81851 -12.6502 -0.899699 -4.97753 -10.4267 -3.9365 -5.62957 -7.80177 -6.79929 -6.39786 -5.3219 -9.76083 -6.9404 -2.33731 -12.2723 -6.77718 1.37841 -13.5461 -6.27395 5.22329 -14.1944 -5.84249 9.04169 -15.0252 -5.25325 12.9161 -15.3381 -4.32444 16.584 -14.3726 -3.3604 20.0737 -12.909 -2.46603 23.6438 -11.6033 -1.12494 26.7892 -9.71726 0.780168 28.6409 -6.94884 2.82433 29.9295 -3.96812 4.8417 31.401 -1.05453 6.89987 31.6596 2.17334 8.46376 29.7829 5.04659 9.55281 27.0439 7.39982 10.7002 24.4179 9.85202 11.4941 21.1541 11.5668 11.3956 17.328 11.4132 10.8767 13.7571 10.1272 10.4603 10.1308 8.96502 9.49019 6.67271 7.63333 7.37978 4.01008 5.62792 4.83385 2.00864 3.37432 2.36564 -0.10824 1.13986 -0.17573 -2.14591 -1.0862 -3.06069 -3.6766 -3.31986 -6.2002 -4.86735 -5.41297 -9.38248 -6.06288 -7.4377 -11.9347 -7.56755 -10.0601 -13.1019 -9.25645 -13.2923 -13.8061 -10.907 -16.6751 -14.6777 -12.539 -20.0278 -14.2054 -14.3507 -23.3678 -11.748 -15.8441 -25.7045 -8.58961 -16.9878 -27.2692 -5.48154 -18.1654 -28.9077 -1.88994 -18.8208 -29.5399 1.59781 -18.3163 -28.1519 4.34743 -17.1919 -25.8017 7.21021 -16.1372 -23.5568 9.49794 -14.7692 -20.8659 10.0209 -12.8316 -17.4882 9.42468 -10.8181 -14.1672 9.03255 -8.80609 -10.8152 8.3454 -6.80596 -7.50393 6.58693 -4.8842 -4.48637 4.40163 -3.01553 -1.72523 2.34636 -1.08397 1.09191 -0.0226477 0.556039 3.84675 -3.04531 1.49244 6.22108 -6.22016 2.20275 8.47208 -9.28641 3.05118 10.8237 -12.803 3.278 12.6216 -16.4897 2.31444 13.0835 -20.0747 0.948959 12.9501 -23.7099 -0.28417 12.9604 0.351757 0.50264 0.680533 0.769066 0.995489 0.960725 0.896029 0.914389 0.584654 0.567085 0.448042 0.414888 0.218252 0.268945 0.280857 0.302684 0.320482 0.373976 0.39979 0.383987 0.319857 0.25513 0.19247 0.210091 -0.252257 -0.250411 -0.412807 -0.40632 -0.641182 -0.54121 -0.609228 -0.610324 -0.573476 -0.547875 -0.506544 -0.484266 -0.357665 -0.329224 -0.21953 -0.208259 -0.0780086 -0.0661516 0.0618478 0.073456 0.223325 0.218372 0.300864 0.297273 0.502507 0.488713 0.492437 0.451189 0.523948 0.442698 0.335157 0.308143 0.120634 0.111367 0.0035802 0.0840875 -0.41281 -0.329888 -0.360959 -0.353563 -0.454115 -0.405086 -0.386082 -0.372809 -0.394272 -0.418099 -0.452876 -0.468255 -0.484077 -0.499498 -0.527593 -0.443935 -0.445977 -0.337651 -0.271745 -0.154557 -0.172913 -0.115582 -0.0887293 -0.0906483 -0.110272 -0.143949 -0.138834 -0.158359 -0.150759 -0.172206 -0.155624 -0.170673 -0.161556 -0.151418 -0.0868436 -0.104795 -0.000314473 0.0564952 0.212954 0.321192 1.9208
-26.4855 -0.0707915 7.99646 -28.3446 -2.45153 5.84861 -29.3767 -4.99891 3.36163 -30.5195 -7.53512 0.911839 -30.6061 -10.1037 -1.75878 -28.6957 -12.1221 -4.31622 -25.9726 -13.5444 -6.51356 -23.3684 -15.063 -8.78911 -20.1257 -15.9662 -10.5018 -16.2536 -15.382 -10.7234 -12.6283 -14.0439 -10.0506 -8.92202 -12.8566 -9.56107 -5.4789 -11.2558 -8.57768 -3.1658 -8.84116 -6.41265 -1.74519 -6.25132 -3.73971 -0.208224 -3.70734 -1.08724 1.53375 -1.03469 1.29859 3.19262 1.89295 3.22459 4.63796 5.06238 4.92701 6.01675 8.25393 6.64329 8.15911 10.8764 8.53119 11.1877 12.2228 10.3144 14.4737 13.0848 11.9345 17.7211 14.0671 13.564 21.0988 13.7913 15.2008 23.8748 11.4317 16.3154 25.9738 8.30775 16.9097 28.2176 5.29862 17.5648 29.5105 1.73659 17.9597 28.6348 -2.03318 17.5874 26.6276 -5.27321 16.8177 24.7965 -8.63359 16.1295 22.604 -11.6785 15.1107 19.5554 -13.5002 13.4317 16.2656 -14.5802 11.576 13.0038 -15.8433 9.78791 9.74943 -16.6466 7.73973 6.71222 -16.1909 5.28349 3.89047 -15.231 2.71786 1.00642 -14.4495 0.160996 -1.70846 -13.0423 -2.31178 -3.70652 -10.3883 -4.42685 -5.26676 -7.31869 -6.33836 -6.93959 -4.37818 -8.35471 -8.34547 -1.04834 -9.91848 -8.89894 2.81821 -10.3646 -9.01753 6.74751 -10.3098 -9.23602 10.6715 -10.4157 -9.22866 14.5829 -10.0202 -8.65701 18.1266 -8.48261 -7.94448 21.4148 -6.50014 -7.33546 24.7948 -4.64152 -6.15316 27.7667 -2.40132 -4.10398 29.4947 0.344074 -1.80703 30.6941 3.17408 0.422186 32.072 5.97697 2.94061 32.2956 8.86307 5.32539 30.4772 11.1499 7.3868 27.8494 12.9023 9.50467 25.3385 14.7558 11.1708 22.1395 15.8575 11.5995 18.3894 15.2057 11.3084 14.9306 13.585 11.1539 11.4112 12.0803 10.4104 8.09343 10.316 8.37999 5.74264 7.88365 5.83719 4.22216 5.27811 3.37149 2.58759 2.6676 0.867596 0.881369 0.140634 -1.95408 -0.568552 -2.22396 -5.02863 -1.76575 -4.40787 -8.14462 -2.92595 -6.55269 -10.6574 -4.55632 -9.13778 -11.8481 -6.70587 -12.0744 -12.5957 -8.97682 -15.0656 -13.5063 -11.2065 -18.0426 -13.1706 -13.6354 -20.9835 -10.913 -15.7194 -23.0545 -7.95431 -17.432 -24.4845 -5.05627 -19.1914 -25.9802 -1.58362 -20.2961 -26.6502 2.04018 -19.9108 -25.6182 5.11845 -18.6984 -23.7736 8.2948 -17.5867 -22.0351 10.9086 -16.0373 -19.774 11.7722 -13.6961 -16.7392 11.4886 -11.2104 -13.7095 11.4404 -8.7229 -10.6684 10.936 -6.30382 -7.61381 9.06122 -4.16902 -4.81761 6.63469 -2.24723 -2.30563 4.36248 -0.232308 0.276678 1.7666 1.50358 2.75434 -1.51345 2.4594 4.74886 -4.9624 3.10775 6.57516 -8.31638 3.88801 8.5228 -12.0212 4.1873 9.87758 -15.7947 3.48541 9.91173 -19.4577 2.44772 9.42214 -23.1691 1.52927 9.08036 0.501415 0.685843 0.865342 0.977338 1.23038 1.19296 1.11318 1.11314 0.746472 0.70122 0.582105 0.536661 0.30439 0.339261 0.366487 0.409123 0.442683 0.504185 0.537949 0.546039 0.489423 0.40659 0.327593 0.293759 -0.291434 -0.390718 -0.568003 -0.649622 -1.02591 -0.977317 -1.02372 -1.01576 -0.95639 -0.896927 -0.834136 -0.778297 -0.590807 -0.518648 -0.391612 -0.324027 -0.0873061 -0.0150796 0.12059 0.185377 0.428916 0.467897 0.55639 0.579922 0.822764 0.821145 0.82775 0.797255 0.865486 0.767858 0.653803 0.587869 0.305308 0.218679 0.0934048 0.110724 -0.467834 -0.408954 -0.43538 -0.435305 -0.554384 -0.51217 -0.491261 -0.476165 -0.497502 -0.520684 -0.55068 -0.574965 -0.628293 -0.669824 -0.699876 -0.661299 -0.725377 -0.638342 -0.564481 -0.445188 -0.433909 -0.334055 -0.284805 -0.251834 -0.214606 -0.211141 -0.195239 -0.201905 -0.182645 -0.199146 -0.17349 -0.175252 -0.151415 -0.132809 -0.0627245 -0.0527975 0.100203 0.186049 0.349127 0.491371 2.00238
-26.1346 3.11272 2.70935 -28.135 1.22892 0.22185 -29.3807 -0.875249 -2.56385 -30.7352 -2.95239 -5.31897 -30.9319 -5.31668 -8.16658 -28.9826 -7.50569 -10.5483 -26.1403 -9.21379 -12.3567 -23.4146 -10.9927 -14.2732 -20.0753 -12.2945 -15.4641 -16.1921 -12.2837 -14.9128 -12.6536 -11.5197 -13.4024 -9.01951 -10.9109 -12.0576 -5.62926 -9.88963 -10.3701 -3.31389 -7.92052 -7.79529 -1.81969 -5.62405 -4.90341 -0.214915 -3.38469 -2.02607 1.57408 -1.12791 0.726302 3.28599 1.25731 3.25848 4.80242 3.83557 5.72526 6.24997 6.44345 8.2023 8.43701 8.49642 10.6586 11.4906 9.37652 12.6748 14.7998 9.83415 14.4084 18.0705 10.4096 16.1794 21.4596 9.82482 17.7076 24.3001 7.36909 18.3533 26.509 4.265 18.4115 28.854 1.26582 18.5662 30.3941 -2.20157 18.2187 29.9878 -5.81433 16.8405 28.568 -8.96226 15.0535 27.3501 -12.2301 13.3342 25.5675 -15.0991 11.4085 22.6525 -16.5699 9.22433 19.4121 -17.1993 7.09463 16.2301 -18.0375 4.94883 12.9444 -18.354 2.81919 9.66101 -17.279 0.940674 6.52408 -15.6174 -0.751886 3.33936 -14.1177 -2.50524 0.289016 -12.1851 -4.06259 -2.19446 -9.29596 -5.05999 -4.33565 -6.07925 -5.8203 -6.56956 -2.95315 -6.6847 -8.57546 0.404511 -7.14504 -9.84303 4.09684 -6.6809 -10.7706 7.82854 -5.86231 -11.8126 11.5565 -5.17494 -12.4647 15.2615 -4.03323 -12.2028 18.5718 -1.9785 -11.6233 21.6209 0.391426 -11.1805 24.7673 2.6617 -10.1204 27.4823 5.26045 -8.06167 28.9123 8.1654 -5.73147 29.7556 11.095 -3.4924 30.7712 14.041 -0.768357 30.8066 16.7429 2.14682 29.0849 18.4044 4.88383 26.6927 19.4101 7.66323 24.4057 20.537 10.0117 21.4692 20.8283 11.0214 18.062 19.3986 11.1694 14.966 17.1476 11.4813 11.8156 14.9907 11.0985 8.8281 12.624 9.15963 6.76802 9.87407 6.54523 5.55001 7.18184 4.0186 4.23925 4.44972 1.50572 2.73816 1.80426 -1.28116 1.241 -0.572147 -4.30604 -0.128011 -2.72421 -7.37392 -1.4421 -4.84954 -9.86797 -3.19385 -7.37257 -11.1034 -5.47078 -10.1924 -11.9158 -7.90195 -13.0371 -12.8869 -10.2968 -15.8628 -12.703 -12.808 -18.7475 -10.6534 -14.9124 -21.0057 -7.90476 -16.6465 -22.7858 -5.22731 -18.4285 -24.6261 -1.88476 -19.6246 -25.6869 1.84728 -19.4311 -25.0705 5.20437 -18.4618 -23.6083 8.6407 -17.5979 -22.2692 11.5572 -16.2147 -20.2878 12.7639 -13.9397 -17.3205 12.7924 -11.4892 -14.2491 13.0804 -9.05166 -11.181 12.7724 -6.62056 -8.10984 10.8461 -4.43922 -5.38553 8.26082 -2.5344 -3.02347 5.84917 -0.546066 -0.549269 3.09904 1.27603 1.68844 -0.377965 2.49464 3.12914 -4.05288 3.44651 4.24257 -7.65029 4.50684 5.50167 -11.4796 5.18796 6.22455 -15.2868 4.99825 5.7745 -18.9966 4.51211 4.91704 -22.7488 4.13691 4.19932 0.750824 0.962113 1.13473 1.26012 1.51402 1.44792 1.34126 1.29965 0.852334 0.753654 0.634397 0.562951 0.286369 0.312985 0.359372 0.419963 0.463875 0.530884 0.571672 0.602175 0.56541 0.478656 0.38961 0.333284 -0.305241 -0.449754 -0.638539 -0.771821 -1.25574 -1.27145 -1.30826 -1.31002 -1.27015 -1.20149 -1.11779 -1.03835 -0.804073 -0.694188 -0.55445 -0.441363 -0.118496 -0.000423174 0.136702 0.241106 0.569004 0.652328 0.745621 0.7998 1.08841 1.10138 1.10801 1.08875 1.16887 1.06849 0.949002 0.860966 0.506285 0.353111 0.206572 0.151525 -0.539823 -0.534751 -0.558929 -0.579875 -0.729945 -0.69072 -0.661756 -0.639791 -0.654365 -0.672788 -0.698567 -0.723754 -0.78302 -0.826699 -0.854289 -0.814931 -0.86719 -0.765201 -0.68269 -0.546268 -0.513657 -0.402286 -0.345795 -0.30355 -0.259448 -0.251512 -0.228647 -0.231406 -0.209769 -0.221645 -0.18744 -0.177117 -0.130379 -0.0948909 -0.0175119 0.0314985 0.250015 0.370656 0.541908 0.725664 2.05278
-23.0495 12.3027 1.79343 -25.9392 11.0517 -0.165842 -28.2673 9.21349 -2.39173 -29.8504 6.85449 -4.77558 -30.5329 4.1045 -7.1684 -30.2054 1.09735 -9.43347 -28.8421 -1.871 -11.3337 -26.5485 -4.54306 -12.7049 -23.5273 -6.69157 -13.4375 -19.9027 -8.19572 -13.4809 -16.0925 -8.87209 -12.8278 -12.3776 -8.72162 -11.5712 -8.9758 -7.81383 -9.83735 -5.99231 -6.24766 -7.70834 -3.59656 -4.37982 -5.12792 -1.63304 -2.33485 -2.32616 0.121069 -0.185339 0.535642 1.86195 1.9629 3.25655 3.85749 4.12006 5.78902 6.29899 6.20573 7.96564 9.20651 7.84944 9.93872 12.4176 8.80858 11.656 15.895 9.05375 13.0801 19.4777 8.5299 14.1145 22.967 7.22977 14.675 26.1796 5.17761 14.7011 28.8467 2.50742 14.1627 30.7775 -0.59878 13.0875 31.8418 -3.92016 11.5485 31.9785 -7.29201 9.61272 31.181 -10.4217 7.44378 29.5421 -13.1277 5.1795 27.2007 -15.2848 2.94336 24.2845 -16.8372 0.813443 20.9796 -17.7394 -1.11374 17.4358 -18.0089 -2.79305 13.7806 -17.6874 -4.20269 10.1126 -16.8282 -5.33956 6.51564 -15.4904 -6.21 3.05034 -13.7317 -6.82965 -0.237856 -11.6052 -7.21833 -3.31852 -9.15424 -7.39768 -6.15906 -6.42275 -7.38877 -8.73552 -3.44606 -7.21286 -11.1093 -0.341605 -6.70551 -13.2296 2.86379 -5.86561 -15.048 6.14807 -4.68978 -16.5055 9.47447 -3.1777 -17.5376 12.7933 -1.33498 -18.0748 16.017 0.806824 -18.0603 19.0844 3.22734 -17.4378 21.8919 5.87289 -16.1704 24.3174 8.66188 -14.2925 26.1989 11.432 -11.8283 27.4566 14.094 -8.87371 27.9827 16.4885 -5.5837 27.7085 18.4482 -2.22423 26.6486 19.8012 1.03087 24.862 20.474 3.95049 22.4722 20.4089 6.3311 19.6549 19.6116 8.04301 16.5666 18.1211 8.95772 13.4649 16.064 9.06037 10.5409 13.5882 8.39604 7.94468 10.8481 7.0011 5.72116 7.89964 5.0057 3.89445 5.02474 2.5263 2.15378 2.49368 -0.188022 0.453442 0.186066 -2.93765 -1.28637 -2.06909 -5.5123 -3.14117 -4.43635 -7.67719 -5.16929 -7.05796 -9.14751 -7.37788 -9.99617 -9.82385 -9.8461 -12.8473 -9.66504 -12.5597 -15.5472 -8.61179 -15.3727 -17.9255 -6.67584 -18.0955 -19.8009 -4.05777 -20.4407 -20.9799 -0.885617 -22.3074 -21.4243 2.59584 -23.5373 -21.0911 6.10804 -24.0324 -20.0123 9.44886 -23.7535 -18.245 12.2992 -22.7303 -15.9666 14.494 -21.0693 -13.3615 15.9488 -18.9086 -10.6088 16.6614 -16.2938 -7.76072 16.6069 -13.4463 -5.05054 15.8642 -10.4892 -2.56863 14.5278 -7.51644 -0.37011 12.6635 -4.55327 1.54183 10.3805 -1.68972 3.12264 7.76066 1.04575 4.37363 4.87399 3.63744 5.30182 1.80328 6.05989 5.91265 -1.495 8.21573 6.29253 -4.99857 10.0552 6.40186 -8.67126 11.5183 6.19864 -12.3424 12.5119 5.66298 -16.0415 13.0171 4.76093 -19.6589 12.9661 3.47121 115.403 115.655 115.893 116.076 116.361 116.323 116.264 116.189 115.648 115.485 115.324 115.187 114.838 114.787 114.765 114.774 114.783 114.839 114.895 114.933 114.903 114.844 114.783 114.701 113.967 113.73 113.471 113.203 112.531 112.38 112.253 112.159 112.125 112.149 112.189 112.243 112.483 112.584 112.687 112.789 113.131 113.245 113.358 113.47 113.844 113.959 114.073 114.184 114.556 114.627 114.682 114.724 114.856 114.789 114.703 114.605 114.186 113.975 113.784 113.617 112.767 112.66 112.562 112.463 112.228 112.218 112.228 112.235 112.211 112.185 112.146 112.105 112.041 111.99 111.961 111.968 111.837 111.886 111.956 112.031 111.977 112.051 112.102 112.136 112.202 112.243 112.277 112.307 112.407 112.441 112.471 112.5 112.6 112.645 112.7 112.77 113.043 113.182 113.359 113.582 0.299598
