# num_vectors 10
# vector_size 401
# Iterations: 200, stepsize: 0.028713, max step size: 1.000000, spring constant: 0.000010, global NEB Hessian: false, global NEB Linesearch: true, climbing image: false
-24.4452 -0.174893 20.3938 -26.6534 -3.13399 20.0456 -28.1674 -6.34573 18.9749 -28.8221 -9.55668 17.2387 -28.534 -12.4823 14.9779 -27.2992 -14.8926 12.3422 -25.2488 -16.5207 9.61727 -22.5887 -17.2687 7.03946 -19.5608 -17.1369 4.78217 -16.2577 -16.1608 2.90107 -12.9813 -14.4805 1.54307 -9.86628 -12.2498 0.692753 -6.98484 -9.61426 0.300626 -4.31974 -6.65045 0.30684 -1.85648 -3.53254 0.620072 0.503746 -0.36206 1.13435 2.87742 2.77987 1.75168 5.31577 5.73509 2.35995 8.11889 8.29875 3.14663 11.0751 10.4146 4.50031 13.9875 11.9819 6.5276 16.6194 12.8545 9.07546 18.8946 12.9941 12.0729 20.65 12.3558 15.3425 21.7409 10.9664 18.6681 22.0829 8.87507 21.8371 21.6442 6.24435 24.561 20.4598 3.28167 26.6473 18.6314 0.209772 27.9714 16.2612 -2.83454 28.4712 13.5627 -5.61545 28.125 10.6977 -7.9984 27.0075 7.81362 -9.90577 25.2243 5.00141 -11.3165 22.8681 2.3807 -12.2077 20.0772 0.0131628 -12.6015 16.9643 -2.06015 -12.5355 13.6254 -3.81817 -12.0499 10.1384 -5.24657 -11.1871 6.57464 -6.33678 -9.9902 2.98797 -7.08304 -8.49963 -0.576669 -7.49835 -6.73253 -4.07448 -7.63089 -4.6746 -7.43263 -7.50771 -2.32067 -10.5907 -7.10938 0.306834 -13.5006 -6.42129 3.17814 -16.1002 -5.42955 6.26437 -18.3289 -4.12042 9.51646 -20.1138 -2.48853 12.866 -21.3758 -0.562723 16.2028 -22.0279 1.63082 19.4364 -22.0037 4.03488 22.4223 -21.2468 6.558 24.9946 -19.7352 9.02715 26.9509 -17.5406 11.3373 28.1852 -14.7335 13.33 28.5755 -11.4752 14.847 28.0659 -7.98537 15.7579 26.7038 -4.58612 16.0321 24.5818 -1.47771 15.6537 21.8663 1.11508 14.6584 18.771 3.03042 13.1177 15.4524 4.1717 11.1786 12.1603 4.47517 8.9602 9.07431 3.98029 6.57796 6.32273 2.77871 3.84177 3.9417 1.22062 0.943199 1.77713 -0.359501 -1.97771 -0.311756 -1.99923 -4.80725 -2.4001 -3.79264 -7.4234 -4.55898 -5.83424 -9.65733 -6.82529 -8.18931 -11.3629 -9.18035 -10.8758 -12.39 -11.5633 -13.8657 -12.5943 -13.8015 -16.9685 -11.9106 -15.8453 -20.1362 -10.2906 -17.5394 -23.1666 -7.78568 -18.7198 -25.8143 -4.67942 -19.2486 -27.7677 -1.16012 -19.1108 -28.9252 2.45125 -18.3121 -29.1786 5.82984 -16.9333 -28.5239 8.76282 -15.0714 -27.0096 10.9814 -12.9256 -24.8105 12.4021 -10.6563 -22.1283 13.0333 -8.39565 -19.1528 12.9276 -6.15698 -15.9227 12.161 -4.08332 -12.6717 10.8567 -2.19707 -9.47841 9.13158 -0.495306 -6.38251 7.05682 1.06327 -3.35307 4.74701 2.48367 -0.427568 2.27979 3.80162 2.41623 -0.291028 4.96969 5.23365 -2.98174 5.90768 7.98154 -5.83884 6.54541 10.6463 -8.87367 6.79463 13.1757 -12.0717 6.56158 15.4971 -15.2853 5.79006 17.4539 -18.5208 4.41897 19.0042 -21.6379 2.41996 20.0234 36.4844 36.6004 36.7627 36.9117 37.199 37.2398 37.3221 37.4531 37.1789 37.2294 37.2227 37.2283 37.0268 37.0688 37.0826 37.0966 37.0932 37.0995 37.1147 37.1293 37.1144 37.1083 37.1571 37.2967 36.9185 37.0262 37.0831 37.1433 36.8054 36.8748 36.8675 36.8354 36.8219 36.8312 36.8261 36.7989 36.9229 36.9147 36.9128 36.8825 37.0581 37.0307 37.0226 36.9923 37.1819 37.1379 37.108 37.0499 37.2228 37.1396 37.0811 37.0236 37.0737 36.9821 36.9366 36.9612 36.7551 36.7842 36.8694 37.0624 36.6388 36.8322 36.9155 36.9509 36.8398 36.8924 36.9177 36.9242 36.8968 36.861 36.8079 36.7515 36.6884 36.6549 36.6709 36.7693 36.781 36.9776 37.1942 37.4212 37.5192 37.7014 37.8148 37.8729 37.9311 37.9451 37.9371 37.9126 37.9452 37.9189 37.8977 37.873 37.9072 37.8804 37.8532 37.8105 37.9334 37.9273 37.9542 38.0011 3.45133
-27.439 -4.53957 20.1876 -27.0148 -8.21047 20.4461 -25.9647 -11.7555 20.2087 -25.4442 -15.4204 20.3655 -24.1884 -18.8865 20.0033 -21.1045 -19.8708 18.0621 -17.9677 -19.9341 15.9624 -14.8406 -20.5707 13.9456 -11.7011 -20.6823 11.8526 -9.40267 -18.0716 10.0445 -7.46334 -15.0623 8.44683 -5.36208 -12.237 6.72302 -3.28232 -9.3473 5.08182 -1.55261 -5.88462 4.14891 0.100785 -2.36062 3.31206 1.68902 1.16159 2.35066 3.50841 4.62065 1.59113 6.39998 7.13492 2.16834 9.40982 9.45937 2.91296 12.3215 11.9775 3.35797 15.3364 14.1893 4.37408 17.6149 14.2289 7.36663 19.5523 13.7756 10.5591 21.8188 13.7155 13.5609 23.5796 13.1464 16.8355 22.6116 10.8454 19.711 21.0404 8.36888 22.1403 19.8734 6.0123 24.8948 18.2845 3.51657 27.2922 15.1667 1.19901 27.196 11.9526 -0.892726 26.5652 8.77709 -3.11712 26.2968 5.58983 -5.24842 25.6632 2.9323 -6.37392 23.0009 0.46473 -7.27776 20.0833 -2.15258 -8.32914 17.3515 -4.58746 -9.23409 14.407 -5.54605 -9.07534 10.5981 -6.23631 -8.74917 6.74201 -7.10864 -8.57347 2.91309 -7.78485 -8.18114 -0.939282 -7.09227 -6.53858 -4.44907 -6.18469 -4.74093 -7.83162 -5.41083 -3.09835 -11.3245 -4.50983 -1.21494 -14.6617 -2.895 1.82565 -16.5563 -1.19875 4.97982 -18.1739 0.424069 8.04069 -20.0287 2.14861 11.2214 -21.5619 4.12762 14.522 -20.9102 6.08177 17.7513 -19.9158 8.02007 21.0741 -19.254 10.0161 24.2279 -18.1123 11.6436 25.6041 -14.9241 13.1045 26.5715 -11.5124 14.7007 27.9596 -8.31325 16.1153 28.6981 -4.82615 16.1472 26.5627 -1.7202 15.8328 23.9442 0.973354 15.8103 21.6812 3.98822 15.3928 18.9951 6.59944 13.5539 15.6399 6.46968 11.5672 12.4695 5.65641 9.70844 9.14959 5.22973 7.65971 5.99591 4.51232 4.95513 4.39062 2.13379 2.24736 3.1487 -0.44996 -0.477623 1.737 -2.92613 -3.16634 0.369776 -5.46605 -5.55009 -0.494262 -8.50086 -7.90136 -1.26901 -11.5847 -10.391 -1.98415 -14.573 -12.5739 -2.92909 -17.7321 -12.5789 -4.8254 -21.0564 -12.2311 -6.81176 -24.3093 -12.3462 -8.6539 -27.6622 -11.6611 -10.7419 -30.7952 -8.55778 -12.6064 -31.5736 -5.19853 -14.1655 -31.6149 -2.02801 -15.9705 -32.2531 1.36529 -17.4438 -32.0876 3.79261 -17.0285 -29.2128 5.53911 -16.119 -25.9792 7.72269 -15.506 -22.9478 9.5064 -14.6287 -19.7261 8.69431 -12.6536 -16.4305 7.38397 -10.5903 -13.3565 6.34596 -8.55529 -10.1621 5.1332 -6.5288 -7.02435 2.65114 -4.64094 -4.5441 0.0135695 -2.79084 -2.19955 -2.52878 -0.871664 0.194132 -5.14908 0.91666 2.605 -8.23427 1.71014 4.94769 -11.3694 2.37895 7.26296 -14.4634 3.26724 9.55958 -17.5986 3.74321 11.9218 -20.182 1.88064 14.061 -22.5903 -0.306409 16.0951 -25.2341 -2.08047 18.2361 0.195457 0.1323 0.268972 0.218309 0.120529 0.123546 0.161676 0.193043 0.0453208 0.133263 0.107985 0.133106 0.0516776 0.0976368 0.123705 0.150375 0.0329455 0.075849 0.117881 0.106972 0.104074 0.113647 0.0751277 0.10248 0.0436925 0.142596 0.00859697 0.0471086 0.0719497 0.0622773 0.00132989 -0.00226499 0.0155351 0.00323277 0.0113473 0.0119214 0.00913402 -0.00539374 0.0460455 0.0568284 -0.0270028 -0.025668 0.0453297 0.0447751 -0.0250465 -0.0221569 0.0229088 -0.0160437 0.0109462 -0.00698249 -0.00310044 -0.0455229 0.0162845 -0.0102965 -0.0680112 -0.0886218 -0.032225 1.1871e-05 -0.0933274 0.0236193 -0.0563621 0.0167618 -0.0202032 0.002322 -0.0150672 -0.00595511 -0.00833422 -0.00410236 -0.0165917 -0.0207176 -0.0353773 -0.037114 -0.0124991 -0.0370627 -0.0624447 -0.0279757 -0.100681 -0.0871266 -0.0677896 -0.027629 -0.14999 -0.130146 -0.100787 -0.10411 -0.163474 -0.156543 -0.143737 -0.152925 -0.15165 -0.159073 -0.157409 -0.164626 -0.167302 -0.177335 -0.158296 -0.146832 -0.163873 -0.123371 0.024765 0.0236215 1.04273
-27.1635 -12.3785 25.0255 -25.8556 -15.8341 25.2917 -23.9983 -19.0298 25.0387 -22.6068 -22.46 25.1955 -20.5726 -25.5326 24.8181 -17.3929 -25.8003 22.8018 -14.3744 -25.1742 20.6226 -11.2293 -25.0979 18.536 -8.20431 -24.5212 16.3528 -6.64608 -21.5194 14.3707 -5.52745 -18.2111 12.5891 -4.23579 -15.0408 10.6787 -2.91757 -11.8251 8.86467 -1.63042 -8.19639 7.85052 -0.37328 -4.52937 6.94212 0.773049 -0.862938 5.89518 2.21132 2.75744 5.07281 5.02598 5.34747 5.69351 7.99407 7.70383 6.50274 10.8232 10.304 7.00518 13.8192 12.5169 8.07356 16.2246 12.2121 10.9492 18.2732 11.3417 13.9817 20.6465 10.9067 16.8678 22.5474 9.93027 19.9631 21.7761 7.22205 22.5263 20.4052 4.37572 24.6528 19.4579 1.60203 27.0843 18.0401 -1.23015 29.1984 14.8321 -3.42036 29.0856 11.4782 -5.29403 28.4989 8.19016 -7.35029 28.2451 4.87209 -9.28039 27.6388 1.98884 -10.0343 25.0824 -0.71558 -10.5488 22.2824 -3.57302 -11.2073 19.671 -6.2284 -11.7464 16.8292 -7.25606 -11.4207 13.049 -7.982 -10.9649 9.21262 -8.89637 -10.6474 5.40269 -9.63276 -10.1068 1.57943 -9.08588 -8.29461 -1.87213 -8.33714 -6.325 -5.19731 -7.72029 -4.50583 -8.63343 -6.96797 -2.46024 -11.9115 -5.43428 0.653759 -13.7535 -3.80905 3.86915 -15.3227 -2.28268 7.0127 -17.1202 -0.601305 10.2346 -18.6149 1.67125 13.3537 -18.03 3.97203 16.3729 -17.121 6.22102 19.5093 -16.537 8.56209 22.4461 -15.4745 10.5871 23.499 -12.3927 12.4323 24.1304 -9.09022 14.4434 25.1811 -5.99811 16.2083 25.6004 -2.6194 16.2019 23.3573 0.409803 15.7572 20.6925 3.03882 15.6577 18.334 5.97792 15.1193 15.6145 8.53179 12.976 12.4434 8.45002 10.6638 9.48142 7.71534 8.47805 6.35978 7.34599 6.12559 3.40691 6.71019 3.21542 1.9484 4.48471 0.316448 0.824158 2.05942 -2.61679 -0.447317 -0.249095 -5.48634 -1.69872 -2.64685 -7.83082 -2.62672 -5.69332 -10.1102 -3.49112 -8.80716 -12.5536 -4.29714 -11.8104 -14.6613 -5.30363 -15.0015 -14.4454 -7.06799 -18.3907 -13.8527 -8.89323 -21.7021 -13.7421 -10.6209 -25.1156 -12.811 -12.5092 -28.3112 -9.51033 -13.9754 -29.1288 -5.99222 -15.1308 -29.2005 -2.63186 -16.5318 -29.8806 0.90843 -17.608 -29.7371 3.25139 -17.0157 -26.8236 4.85451 -16.0181 -23.5421 6.93249 -15.251 -20.4718 8.57321 -14.2961 -17.1966 7.47349 -12.6538 -13.8032 5.86456 -10.989 -10.631 4.5259 -9.31847 -7.33851 3.02772 -7.67576 -4.10127 0.347929 -6.29447 -1.49607 -2.47516 -4.96016 0.979056 -5.22219 -3.54493 3.49449 -8.01187 -2.28042 6.04302 -11.0059 -2.12547 8.62137 -14.0164 -2.10823 11.1852 -17.0346 -1.85917 13.7279 -20.0076 -2.03753 16.3288 -21.9611 -4.44132 18.5927 -23.6738 -7.13462 20.7218 -25.7085 -9.48173 22.974 0.201719 0.103361 0.247843 0.182371 0.0285391 0.0502639 0.124426 0.170397 0.0188259 0.141699 0.13431 0.177981 0.0967998 0.151923 0.19133 0.225631 0.0972312 0.140005 0.180212 0.161559 0.132798 0.121072 0.0632795 0.0741183 -0.0437133 0.031244 -0.0964302 -0.0781203 -0.0555329 -0.044194 -0.0942202 -0.0846389 -0.0307837 -0.0326708 -0.0194759 -0.010809 0.0212688 0.0107553 0.0629643 0.0765788 0.0144764 0.0215319 0.0935971 0.0975824 0.0401262 0.0386357 0.0815335 0.0431014 0.0327498 -0.00154693 -0.00946864 -0.0713031 -0.0652187 -0.105895 -0.166802 -0.200412 -0.183365 -0.137275 -0.214556 -0.0927785 -0.13805 -0.05057 -0.0819743 -0.0504899 -0.0472828 -0.0359082 -0.0420853 -0.0396131 -0.0442431 -0.0477439 -0.0623858 -0.0633449 -0.0205315 -0.0267815 -0.0385261 0.0145475 -0.00692782 0.0254815 0.0492265 0.107373 0.0117958 0.0228149 0.039466 0.030114 -0.0530645 -0.0612526 -0.0559446 -0.0736211 -0.093978 -0.106633 -0.108456 -0.120485 -0.130863 -0.15292 -0.144044 -0.138481 -0.179951 -0.14238 0.0154027 -0.0022974 0.858931
-23.9725 -10.5587 27.1961 -24.0158 -14.24 26.7857 -23.4955 -17.7669 25.7772 -23.4728 -21.4336 25.2464 -22.7316 -24.872 24.0846 -20.1003 -25.6598 21.4955 -17.3495 -25.455 18.9179 -14.6561 -25.8496 16.3022 -11.8947 -25.7221 13.7317 -9.62169 -22.9482 12.1483 -7.63218 -19.8062 10.9077 -5.4948 -16.8378 9.49706 -3.41977 -13.7982 8.14643 -1.95102 -10.1733 7.40128 -0.595929 -6.48831 6.73995 0.705776 -2.80389 5.97609 2.24795 0.817341 5.37547 4.99639 3.50843 5.84472 7.89081 6.01605 6.43707 10.6722 8.69639 6.74789 13.5667 11.1156 7.63334 15.8612 11.4786 10.5917 17.8487 11.3624 13.7835 20.1058 11.661 16.778 21.9737 11.379 20.0306 21.4978 8.93616 22.9125 20.4643 6.22122 25.375 19.7839 3.71152 28.1573 18.7677 0.944561 30.5681 16.4247 -2.15202 30.4162 13.9767 -5.08896 29.7194 11.6092 -8.15313 29.3888 9.13855 -11.0713 28.6942 6.62718 -12.5286 26.051 4.21444 -13.6619 23.1678 1.73529 -15.0317 20.4484 -0.679644 -16.1357 17.5558 -2.30847 -15.4389 14.0468 -3.76487 -14.4617 10.5288 -5.35661 -13.6797 7.0206 -6.77639 -12.6803 3.49392 -6.93029 -10.4211 0.273938 -6.87164 -8.01204 -2.83894 -6.93782 -5.74916 -6.05947 -6.8972 -3.2633 -9.11153 -6.14747 0.244237 -10.7169 -5.29828 3.838 -12.061 -4.52547 7.34732 -13.6517 -3.66103 10.9779 -14.8819 -2.47536 14.5348 -13.7968 -1.28931 17.9611 -12.3513 -0.162202 21.528 -11.2364 1.10573 24.8683 -9.66522 2.59223 26.0505 -6.33352 4.01957 26.7466 -2.84246 5.44897 27.9142 0.519569 6.92466 28.3856 4.02764 7.90324 25.8572 6.64626 8.66628 22.8535 8.79255 9.63938 20.211 11.2987 10.2972 17.1266 13.3631 9.4735 13.4473 12.6995 8.39669 10.0059 11.4126 7.53285 6.3938 10.4821 6.37922 2.94854 9.27501 3.94849 1.21565 6.69864 1.39958 -0.0893851 3.9875 -1.09319 -1.6043 1.33398 -3.6156 -3.04072 -1.33511 -6.34551 -3.69528 -4.12046 -9.111 -4.22482 -6.89732 -11.9729 -4.73657 -9.57824 -14.561 -5.41464 -12.4904 -15.0871 -6.79508 -16.0209 -15.2795 -8.23973 -19.5598 -15.9387 -9.54518 -23.0968 -15.7623 -11.1145 -26.5826 -12.8116 -12.7548 -28.1042 -9.48778 -14.1855 -28.8933 -6.43804 -15.7598 -30.2855 -3.06117 -17.1703 -30.851 -0.28913 -17.2866 -28.2759 1.84833 -17.0042 -25.1638 4.38369 -16.9844 -22.3523 6.57732 -16.697 -19.2805 6.33499 -15.1525 -15.678 5.59044 -13.4539 -12.2163 5.12194 -11.81 -8.68058 4.47546 -10.1784 -5.16737 2.49719 -8.6546 -2.06244 0.346222 -7.15926 0.939852 -1.70129 -5.60432 3.9839 -3.83075 -4.16728 7.02965 -6.49223 -3.60923 9.90041 -9.21649 -3.15954 12.7311 -11.8907 -2.51166 15.5711 -14.6184 -2.23966 18.4209 -17.0411 -4.13119 20.7169 -19.3477 -6.30988 22.8742 -21.8077 -8.07488 25.231 -0.0414368 -0.0202129 0.153378 0.155224 0.172181 0.196123 0.211393 0.246961 0.177533 0.242762 0.196869 0.212544 0.135866 0.186302 0.214689 0.24634 0.135224 0.186205 0.233615 0.228948 0.241492 0.244464 0.191922 0.21463 0.132237 0.176158 0.0175404 0.0222244 -0.0799075 -0.109353 -0.177153 -0.201107 -0.227969 -0.234434 -0.206964 -0.191378 -0.184624 -0.162903 -0.0875215 -0.0552441 -0.0346978 -0.00729863 0.0738602 0.0993154 0.136279 0.164023 0.230687 0.226839 0.329252 0.334814 0.355569 0.334647 0.423996 0.375104 0.287827 0.249694 0.214065 0.161073 0.0293781 0.07384 -0.183039 -0.132056 -0.171435 -0.173104 -0.234505 -0.221188 -0.212718 -0.199638 -0.214583 -0.206707 -0.208641 -0.198993 -0.138479 -0.130685 -0.130854 -0.0611023 -0.0657348 -0.0352913 -0.01312 0.0450685 -0.0763465 -0.0717938 -0.0500819 -0.064816 -0.157516 -0.160057 -0.153017 -0.170395 -0.197455 -0.216046 -0.222687 -0.240848 -0.277474 -0.3009 -0.290984 -0.293141 -0.360179 -0.32219 -0.166388 -0.171754 1.17843
-26.8298 -10.354 20.5919 -26.8906 -13.9817 19.8445 -26.339 -17.4653 18.7105 -26.2857 -21.0812 17.9051 -25.5634 -24.4881 16.643 -22.7814 -25.5216 14.3105 -19.8135 -25.7321 11.987 -16.9839 -26.4864 9.60453 -13.9654 -26.6864 7.34666 -11.0991 -24.187 6.39556 -8.51527 -21.2918 5.83667 -5.74538 -18.6188 5.09321 -3.12495 -15.7864 4.40046 -1.84261 -12.019 4.27749 -0.806416 -8.1747 4.24513 0.238586 -4.33329 4.1754 1.51532 -0.562686 4.102 4.04806 2.36847 4.00089 6.73068 5.16143 3.86031 9.22059 8.11536 3.55714 12.019 10.7917 3.70178 15.1842 11.2715 5.67658 18.2276 11.2362 7.88743 21.4481 11.5938 9.79841 24.319 11.4574 12.2247 24.603 9.42303 15.431 24.1639 7.13274 18.4419 24.2037 5.046 21.6273 23.7595 2.69238 24.5876 21.1371 -0.0260171 25.5013 18.2345 -2.58091 25.8905 15.4661 -5.19862 26.6565 12.6359 -7.8368 27.0205 9.99209 -9.92628 25.0051 7.49512 -11.8325 22.6493 4.91416 -13.9119 20.5439 2.39217 -15.7449 18.157 0.747616 -15.8047 14.5872 -0.688717 -15.5594 10.9362 -2.28537 -15.5496 7.3441 -3.69854 -15.245 3.6887 -3.70283 -13.2827 0.276145 -3.46382 -11.1036 -2.9936 -3.35827 -9.10099 -6.38115 -3.1706 -6.85811 -9.61078 -2.42607 -3.44717 -11.4145 -1.60077 0.0743758 -12.9509 -0.799373 3.495 -14.7115 -0.0178262 7.05729 -16.1748 0.497056 10.8831 -15.5976 0.931452 14.6591 -14.7092 1.33471 18.4987 -14.1341 1.89143 22.2197 -13.0957 2.96237 24.2517 -10.0246 4.06086 25.8656 -6.72334 5.08183 27.9184 -3.64864 6.2598 29.2768 -0.261386 7.4434 27.3606 2.76103 8.4947 24.826 5.3459 9.69699 22.74 8.24661 10.6529 20.1266 10.7891 10.2887 16.3158 10.7529 9.66771 12.6003 10.0679 9.28837 8.80462 9.73954 8.5555 5.09087 9.16631 6.10617 2.67099 7.24428 3.45543 0.623987 5.16248 0.915754 -1.64489 3.17435 -1.70587 -3.74942 1.11324 -4.71903 -4.47969 -1.34174 -7.76819 -4.9793 -3.8101 -10.9013 -5.49928 -6.16657 -13.7918 -6.19934 -8.77307 -14.7246 -7.64041 -12.1936 -15.3328 -9.15276 -15.6564 -16.402 -10.5341 -19.062 -16.638 -12.1506 -22.5226 -13.8728 -13.7235 -24.418 -10.6533 -15.0828 -25.6446 -7.80172 -16.6709 -27.3951 -4.46628 -17.8785 -28.4577 -1.2346 -17.176 -26.616 1.42933 -15.9951 -24.1988 4.47446 -15.0619 -22.152 7.16119 -13.9699 -19.719 7.21186 -12.3647 -16.1354 6.68077 -10.7784 -12.5822 6.48589 -9.17874 -9.00075 6.05118 -7.58358 -5.43854 3.92498 -6.19077 -2.37001 1.58231 -4.85174 0.561838 -0.611794 -3.44228 3.57451 -2.95009 -2.14958 6.5305 -6.14635 -1.76135 8.82607 -9.43612 -1.48851 11.0031 -12.6568 -0.998751 13.2446 -15.9439 -0.921827 15.4411 -18.7823 -3.08823 16.8447 -21.4481 -5.55835 18.0743 -24.3147 -7.66779 19.5074 0.198397 0.238922 0.39406 0.405244 0.423085 0.412252 0.390047 0.402135 0.286819 0.317666 0.251269 0.24121 0.179885 0.225851 0.247288 0.27868 0.152603 0.181042 0.206081 0.176363 0.112413 0.0937995 0.0525313 0.0623819 -0.088138 -0.00426241 -0.136487 -0.119426 -0.095248 -0.113175 -0.190695 -0.206394 -0.24091 -0.25672 -0.237264 -0.229373 -0.264873 -0.25448 -0.171834 -0.137665 -0.187652 -0.158123 -0.0693453 -0.0479158 -0.0162849 0.0165893 0.0786748 0.0734736 0.250883 0.265462 0.29201 0.28981 0.431123 0.386838 0.294073 0.258306 0.234854 0.168553 0.0183717 0.0498959 -0.225541 -0.173232 -0.208479 -0.209154 -0.241884 -0.227104 -0.223983 -0.215903 -0.230597 -0.239233 -0.259022 -0.266206 -0.235508 -0.245065 -0.263337 -0.212406 -0.207005 -0.147741 -0.107211 -0.01964 -0.0402294 -0.00414279 0.0117994 0.0199347 -0.0402398 -0.060826 -0.0632379 -0.0863289 -0.139335 -0.15666 -0.155006 -0.165357 -0.20593 -0.196845 -0.154247 -0.130413 -0.138849 -0.0892443 0.0522874 0.088447 1.36804
-27.161 -4.38273 17.0055 -28.189 -7.72193 15.7744 -28.6129 -11.0905 14.2918 -29.5016 -14.4651 13.0477 -29.8015 -17.7907 11.4438 -27.6 -19.6221 8.98459 -25.0095 -20.8862 6.54682 -22.7389 -22.5804 4.05167 -20.0465 -23.7556 1.68136 -16.5637 -22.2101 0.759993 -13.2463 -20.1739 0.291648 -9.80278 -18.4487 -0.440529 -6.48143 -16.438 -0.9836 -4.55612 -13.043 -0.196578 -2.95929 -9.53551 0.804337 -1.25325 -6.07314 1.78171 0.536756 -2.61645 2.6189 2.5488 0.691853 2.46345 4.57724 3.97885 2.14951 6.45029 7.34888 1.75936 8.69486 10.5075 1.73547 11.9128 11.684 3.28795 15.164 12.393 5.04237 18.4507 13.5276 6.47863 21.5799 14.0324 8.50359 22.6304 11.984 11.5367 22.9538 9.50228 14.4074 23.8148 7.31698 17.4052 24.0514 4.80882 20.2606 21.5249 2.0498 21.312 18.5845 -0.442292 21.8098 15.8582 -3.07002 22.6851 12.9986 -5.65229 23.1923 9.89101 -7.30599 21.4529 6.86327 -8.72072 19.3914 3.76072 -10.3082 17.5824 0.760762 -11.7107 15.4728 -1.07689 -11.7256 11.9979 -2.65808 -11.5045 8.4058 -4.43718 -11.4737 4.90059 -5.97642 -11.2021 1.29382 -5.77322 -9.58135 -2.28782 -5.26436 -7.7999 -5.76124 -4.90135 -6.2052 -9.34206 -4.47627 -4.29972 -12.7603 -3.64349 -0.937628 -14.6164 -2.76303 2.56951 -16.1551 -1.91876 5.96783 -17.9388 -1.03161 9.49449 -19.428 -0.0686337 13.2338 -18.8577 0.8625 16.9193 -17.9711 1.7345 20.6795 -17.3909 2.77959 24.2996 -16.3726 4.32803 26.1762 -13.4081 5.89505 27.6412 -10.2288 7.47245 29.548 -7.29865 8.99035 30.7458 -3.98689 9.53725 28.7409 -0.842208 9.74571 26.1453 1.88374 10.1565 23.973 4.93717 10.3938 21.3022 7.58639 9.81707 17.5192 7.47207 9.13021 13.8371 6.67862 8.58923 10.074 6.22547 7.78416 6.38456 5.59445 5.58111 3.66508 3.77768 3.20936 1.20278 1.81242 0.947043 -1.42294 -0.0684785 -1.41661 -3.91117 -2.01063 -4.36821 -5.22078 -4.29367 -7.39377 -6.33117 -6.58556 -10.4946 -7.48706 -8.75082 -13.3353 -8.72771 -11.2065 -14.1459 -10.0664 -14.6991 -14.6227 -11.3686 -18.2663 -15.5882 -12.628 -21.7493 -15.6598 -14.0103 -25.317 -12.6881 -15.0053 -27.2899 -9.28392 -15.7384 -28.5514 -6.21641 -16.6906 -30.3957 -2.72333 -17.3367 -31.4415 0.293223 -16.5917 -29.2795 2.62794 -15.533 -26.4934 5.39189 -14.6423 -24.0643 7.79209 -13.6267 -21.3187 7.59141 -12.2213 -17.6573 6.8523 -10.8412 -14.0555 6.3926 -9.47504 -10.4024 5.78768 -8.0416 -6.79653 4.02291 -6.23917 -3.71217 2.11364 -4.39291 -0.741881 0.321691 -2.51116 2.27881 -1.61384 -0.757777 5.28808 -4.55445 0.138818 7.7751 -7.60218 0.920181 10.1704 -10.5 1.90392 12.6747 -13.6467 2.50477 14.9927 -17.0973 0.983746 15.6989 -20.4434 -0.856592 16.069 -23.9166 -2.35771 16.7048 0.227122 0.340355 0.50064 0.55394 0.671485 0.634384 0.573776 0.570224 0.41741 0.408221 0.308046 0.272734 0.19005 0.213257 0.214611 0.232564 0.198437 0.21889 0.236244 0.220145 0.163616 0.127114 0.0587791 0.0488372 -0.114689 -0.059208 -0.213041 -0.218827 -0.1733 -0.166885 -0.240605 -0.240433 -0.214187 -0.220982 -0.202717 -0.1898 -0.186836 -0.185654 -0.117378 -0.0876881 -0.148197 -0.131674 -0.0429284 -0.0279245 -0.0287623 0.00216569 0.0639221 0.0531542 0.180684 0.178245 0.191434 0.170996 0.2667 0.225064 0.143883 0.103643 0.110102 0.0860644 -0.050254 0.0205135 -0.22502 -0.178854 -0.211118 -0.214547 -0.271733 -0.255024 -0.248033 -0.242565 -0.261076 -0.275999 -0.303224 -0.323801 -0.285682 -0.27309 -0.279987 -0.210954 -0.152515 -0.0888742 -0.0671385 0.0246178 -0.0121846 -0.00180724 -0.00145231 -0.00938968 -0.0915853 -0.112083 -0.115432 -0.144202 -0.160348 -0.179789 -0.1861 -0.196774 -0.226147 -0.206238 -0.145339 -0.11394 -0.109158 -0.0447189 0.0892254 0.176593 1.68571
-27.041 -2.19789 12.3986 -28.3347 -5.07153 10.4516 -29.0277 -7.99855 8.28884 -30.1979 -10.903 6.30894 -30.7445 -13.8077 4.07587 -28.5226 -15.5737 1.58745 -25.8492 -16.8731 -0.739809 -23.5411 -18.5294 -3.22588 -20.7628 -19.7527 -5.46939 -17.0234 -18.62 -5.78676 -13.4371 -17.047 -5.5998 -9.7307 -15.776 -5.73004 -6.14591 -14.1956 -5.58612 -4.13188 -11.2398 -3.83707 -2.51738 -8.18264 -1.86194 -0.748246 -5.19062 0.0801198 1.05705 -2.13561 1.886 2.81056 1.21081 2.74834 4.52715 4.61222 3.45604 6.1047 8.08467 4.14214 8.05853 11.3084 5.03989 11.2646 12.4798 6.62042 14.5788 13.2239 8.2371 17.8282 14.4349 9.69538 21.0999 14.8731 11.4987 22.9172 12.2579 13.5862 24.1069 9.15597 15.4479 25.8 6.40314 17.4627 26.853 3.25067 19.321 24.8704 -0.0732815 19.6694 22.3406 -3.02255 19.5866 20.097 -6.18839 19.8052 17.6727 -9.22427 19.7121 14.5915 -10.7756 17.8367 11.5143 -11.997 15.7256 8.41767 -13.441 13.7906 5.3606 -14.6694 11.6545 2.95885 -14.3303 8.56116 0.716291 -13.7536 5.38456 -1.6462 -13.4014 2.26251 -3.86418 -12.7219 -0.910924 -4.79389 -10.2695 -3.84651 -5.4663 -7.60001 -6.66051 -6.29549 -5.12532 -9.60761 -6.9844 -2.37442 -12.3378 -6.65904 1.4199 -13.307 -6.1635 5.26666 -13.9393 -5.77342 9.07751 -14.8157 -5.28816 12.9305 -15.4164 -4.29065 16.4933 -14.1727 -3.2504 19.9381 -12.6604 -2.31832 23.5077 -11.3857 -1.16507 26.8798 -9.79395 0.820859 28.3666 -6.86935 2.87405 29.4698 -3.82359 4.86819 31.0116 -0.932853 6.92575 31.8267 2.199 8.28686 29.4939 4.82829 9.3143 26.6239 7.0461 10.5679 24.1521 9.60148 11.583 21.1974 11.7103 11.2429 17.4384 11.0697 10.6331 13.8819 9.78946 10.2508 10.1949 8.83066 9.56005 6.60354 7.69806 7.24331 4.23113 5.56412 4.72473 2.17894 3.32904 2.31244 -0.0389347 1.13544 -0.163194 -2.17903 -1.06482 -3.1066 -3.58233 -3.30227 -6.12083 -4.86463 -5.51799 -9.2106 -6.14514 -7.62824 -12.0404 -7.54725 -10.0084 -12.852 -9.25673 -13.3349 -13.3287 -10.9596 -16.7292 -14.2671 -12.6041 -20.0554 -14.3796 -14.3797 -23.4435 -11.5191 -15.6966 -25.3919 -8.22032 -16.7233 -26.7264 -5.2713 -17.9996 -28.5681 -1.87045 -18.9184 -29.7095 1.33689 -18.1215 -27.8637 3.96897 -16.9323 -25.4159 6.9846 -15.9872 -23.3313 9.63995 -14.8054 -20.9057 9.66039 -12.8142 -17.521 9.09935 -10.805 -14.1936 8.86129 -8.79935 -10.8255 8.4156 -6.79142 -7.47999 6.43112 -4.91698 -4.57745 4.25109 -3.08531 -1.79012 2.21693 -1.18345 1.05977 0.0244275 0.592373 3.87329 -3.11738 1.37573 6.14303 -6.35402 2.01814 8.32208 -9.44847 2.84244 10.642 -12.7856 3.36111 12.6986 -16.4187 2.13656 12.8413 -19.9499 0.651686 12.6278 -23.5937 -0.546065 12.723 0.39276 0.558879 0.726827 0.805387 0.976432 0.914359 0.823337 0.805598 0.598862 0.54955 0.430382 0.376393 0.236793 0.266406 0.285578 0.319369 0.331053 0.367162 0.394729 0.402035 0.34115 0.258161 0.146766 0.0963677 -0.199491 -0.222714 -0.393183 -0.457242 -0.554899 -0.540318 -0.599456 -0.600845 -0.562723 -0.548423 -0.511574 -0.479303 -0.405776 -0.357067 -0.251773 -0.183594 -0.118028 -0.0508455 0.0702578 0.13343 0.21269 0.259931 0.3363 0.346407 0.483611 0.477122 0.48718 0.464405 0.519276 0.439505 0.333688 0.263327 0.15537 0.0838655 -0.0638916 -0.0403784 -0.348507 -0.304003 -0.338812 -0.348213 -0.413119 -0.393724 -0.385467 -0.378443 -0.39798 -0.417856 -0.450259 -0.476844 -0.470788 -0.472168 -0.482975 -0.431726 -0.400838 -0.327305 -0.284293 -0.183039 -0.181767 -0.138567 -0.11543 -0.100411 -0.12633 -0.13388 -0.132774 -0.149267 -0.167898 -0.183231 -0.182162 -0.186026 -0.202616 -0.167781 -0.0938149 -0.0512374 0.00350352 0.0887466 0.234076 0.364043 1.85938
-26.5915 -0.00442339 8.08785 -28.0028 -2.49404 5.73573 -28.8262 -5.06413 3.19764 -30.1456 -7.57149 0.810611 -30.7776 -10.1496 -1.77322 -28.4246 -11.8851 -4.16058 -25.5753 -13.1991 -6.25965 -23.1083 -14.8383 -8.60028 -20.1708 -16.0814 -10.6187 -16.3712 -15.1352 -10.4307 -12.7668 -13.7669 -9.71892 -9.01964 -12.676 -9.34639 -5.40579 -11.3196 -8.66149 -3.44932 -8.79715 -6.28211 -1.90508 -6.19649 -3.69262 -0.196719 -3.65234 -1.15057 1.53659 -1.04165 1.30565 3.17732 1.9401 3.15868 4.78056 4.99576 4.92198 6.2497 8.11564 6.68969 8.08465 10.9881 8.53299 11.2744 11.9743 10.2656 14.6008 12.6003 11.907 17.803 13.6701 13.5662 21.1543 13.9619 15.2489 23.5975 11.1825 16.146 25.5264 7.94516 16.6965 27.8937 5.06126 17.4599 29.6691 1.74137 18.0311 28.2839 -1.8428 17.4514 26.2591 -5.05817 16.6351 24.594 -8.51019 15.991 22.6633 -11.7766 15.1509 19.4883 -13.2346 13.3591 16.2154 -14.3125 11.4764 12.9873 -15.65 9.68508 9.74236 -16.7278 7.75471 6.80208 -15.9898 5.25231 3.9767 -14.982 2.71182 1.07139 -14.2114 0.178452 -1.74505 -13.1104 -2.33296 -3.54092 -10.2326 -4.33038 -5.11027 -7.1402 -6.19345 -6.82873 -4.21832 -8.19509 -8.39325 -1.076 -9.97675 -8.74166 2.83349 -10.1682 -8.8716 6.76023 -10.0864 -9.14003 10.6786 -10.2159 -9.27642 14.6037 -10.0837 -8.57965 18.0112 -8.31216 -7.78235 21.2656 -6.30993 -7.14063 24.6579 -4.48883 -6.215 27.8544 -2.44914 -4.01087 29.2372 0.368227 -1.66633 30.2631 3.22477 0.533021 31.6972 6.02049 2.9403 32.4554 8.90781 5.17923 30.1941 10.9281 7.16488 27.4275 12.5449 9.35629 25.0635 14.4994 11.2768 22.1845 15.993 11.3498 18.5137 14.9087 10.972 15.0763 13.2652 10.9158 11.4893 11.9274 10.4997 8.01561 10.3724 8.22874 6.00801 7.85027 5.71979 4.40155 5.2667 3.32534 2.61718 2.69131 0.880292 0.858147 0.146237 -2.00267 -0.515817 -2.18609 -4.95626 -1.8186 -4.47042 -7.98036 -3.06682 -6.69216 -10.7563 -4.51506 -9.10778 -11.6133 -6.75863 -12.0875 -12.1556 -9.07442 -15.0859 -13.1188 -11.2896 -18.0547 -13.3376 -13.6621 -21.0494 -10.6715 -15.5506 -22.7925 -7.56171 -17.1257 -24.0435 -4.81977 -18.9841 -25.7002 -1.58653 -20.4186 -26.7962 1.82995 -19.6469 -25.3606 4.80096 -18.347 -23.4069 8.09148 -17.383 -21.8018 11.0468 -16.09 -19.8208 11.3936 -13.6643 -16.7521 11.1157 -11.1944 -13.7114 11.2132 -8.72971 -10.6553 11.0197 -6.28182 -7.59048 8.8638 -4.25704 -4.92054 6.4532 -2.34879 -2.38584 4.22041 -0.337143 0.230435 1.81164 1.54291 2.78774 -1.58545 2.32413 4.6548 -5.07585 2.93796 6.40896 -8.44731 3.71856 8.32229 -12.0078 4.25792 9.95559 -15.7209 3.33083 9.68646 -19.3359 2.18741 9.09927 -23.0566 1.29353 8.82137 0.56401 0.758323 0.926673 1.01788 1.21244 1.13145 1.01975 0.989299 0.742693 0.671931 0.545923 0.484765 0.305587 0.346299 0.388552 0.442113 0.475142 0.528435 0.5679 0.591458 0.53244 0.400141 0.244725 0.154195 -0.292781 -0.395177 -0.588147 -0.715052 -0.961905 -0.947788 -0.986461 -0.991009 -0.937016 -0.893848 -0.833816 -0.776888 -0.634158 -0.542449 -0.404867 -0.2997 -0.110394 -0.00241167 0.141942 0.241783 0.432439 0.501583 0.592283 0.628832 0.813443 0.815156 0.829786 0.816577 0.86475 0.753172 0.623894 0.529285 0.315005 0.18846 0.0198727 -0.0103437 -0.409084 -0.373239 -0.410275 -0.427859 -0.514752 -0.493907 -0.480756 -0.470379 -0.492869 -0.517222 -0.553278 -0.582267 -0.624649 -0.655929 -0.682216 -0.664038 -0.700223 -0.624308 -0.562008 -0.461949 -0.42662 -0.344882 -0.296909 -0.252668 -0.215307 -0.20688 -0.197687 -0.199361 -0.205483 -0.212044 -0.200234 -0.193591 -0.192065 -0.141351 -0.056362 -0.000764337 0.107454 0.211024 0.368188 0.530596 1.95078
-26.2349 3.19047 2.79742 -27.8029 1.14716 0.134892 -28.8211 -1.03728 -2.6788 -30.3449 -3.07011 -5.37535 -31.1119 -5.33354 -8.20568 -28.6919 -7.31298 -10.3208 -25.7212 -8.93404 -11.9937 -23.1544 -10.8221 -14.0182 -20.1114 -12.4008 -15.5982 -16.334 -12.0358 -14.6157 -12.8097 -11.2424 -13.0925 -9.11651 -10.7271 -11.8821 -5.55616 -9.95408 -10.4345 -3.57648 -7.82587 -7.71356 -1.96451 -5.55845 -4.86513 -0.20502 -3.35853 -2.05135 1.57468 -1.12964 0.726641 3.27351 1.288 3.23368 4.94146 3.7573 5.71091 6.47823 6.29952 8.19927 8.36908 8.59606 10.6824 11.5763 9.15463 12.5668 14.9183 9.39599 14.2765 18.1475 10.0366 16.0967 21.5063 9.97072 17.7884 24.0422 7.15327 18.1506 26.1197 3.96174 18.1191 28.5723 1.05945 18.3739 30.539 -2.2004 18.2981 29.6501 -5.63354 16.7092 28.1829 -8.74457 14.9001 27.0944 -12.0834 13.2354 25.6395 -15.1984 11.4235 22.5519 -16.2666 9.24584 19.3163 -16.89 7.11034 16.1675 -17.8148 4.95437 12.9431 -18.4354 2.80132 9.72338 -17.0608 1.01367 6.58599 -15.3935 -0.668421 3.38828 -13.936 -2.42986 0.260642 -12.2338 -4.09493 -2.06245 -9.17542 -4.95859 -4.21165 -5.95754 -5.68176 -6.4769 -2.85306 -6.5348 -8.61543 0.386164 -7.19084 -9.70396 4.10494 -6.53656 -10.6101 7.83279 -5.68523 -11.6654 11.5557 -5.00065 -12.5202 15.2804 -4.08512 -12.059 18.4524 -1.85783 -11.4084 21.4639 0.538656 -10.961 24.6206 2.79057 -10.1944 27.5669 5.23317 -7.94805 28.65 8.14675 -5.53522 29.3575 11.0428 -3.31601 30.4427 13.9765 -0.788653 30.9489 16.816 2.04329 28.8423 18.139 4.71118 26.3208 18.9966 7.53372 24.1538 20.2409 10.122 21.5103 20.9624 10.7151 18.1895 19.1524 10.765 15.1079 16.8806 11.2037 11.8837 14.8629 11.2101 8.75477 12.6567 8.96408 7.02816 9.91388 6.40185 5.70782 7.22273 3.97914 4.22838 4.48561 1.51946 2.72456 1.79518 -1.32722 1.25138 -0.521091 -4.23813 -0.201598 -2.76931 -7.21701 -1.58187 -4.97393 -9.95999 -3.1556 -7.34835 -10.8833 -5.52935 -10.2048 -11.5116 -7.98361 -13.0735 -12.5216 -10.3565 -15.9015 -12.864 -12.835 -18.7971 -10.4 -14.7473 -20.7933 -7.49049 -16.3663 -22.415 -4.96579 -18.2401 -24.3724 -1.91019 -19.7413 -25.8292 1.68481 -19.1729 -24.789 4.94848 -18.1013 -23.1973 8.4666 -17.3762 -22.0014 11.691 -16.2752 -20.3519 12.368 -13.8958 -17.3021 12.3736 -11.4517 -14.2279 12.806 -9.03474 -11.1628 12.8698 -6.60117 -8.08119 10.6145 -4.54236 -5.52168 8.04978 -2.62681 -3.1489 5.69181 -0.613987 -0.645773 3.14066 1.31058 1.7342 -0.454489 2.38053 2.98581 -4.14605 3.30814 4.05758 -7.74357 4.37079 5.30875 -11.4699 5.24574 6.30121 -15.2191 4.85396 5.58755 -18.8858 4.2733 4.61928 -22.6447 3.91707 3.93755 0.839626 1.04808 1.20457 1.30108 1.48522 1.36007 1.2086 1.14464 0.810876 0.709359 0.581368 0.507371 0.275423 0.333171 0.397553 0.466967 0.512739 0.576123 0.6206 0.651026 0.610477 0.460462 0.290888 0.190703 -0.324695 -0.47705 -0.700005 -0.866919 -1.23979 -1.24702 -1.27487 -1.28734 -1.25912 -1.19187 -1.10697 -1.03245 -0.837648 -0.710454 -0.550677 -0.419951 -0.130667 0.00551681 0.163224 0.285987 0.577363 0.669321 0.775542 0.841404 1.08383 1.09562 1.11573 1.11149 1.17287 1.04413 0.898704 0.793543 0.496196 0.30699 0.103027 0.0143341 -0.51207 -0.498171 -0.533638 -0.567641 -0.691872 -0.664113 -0.644635 -0.631294 -0.650719 -0.675063 -0.711062 -0.739835 -0.789996 -0.817895 -0.838369 -0.819776 -0.841642 -0.751838 -0.679585 -0.56576 -0.506878 -0.418076 -0.364395 -0.311644 -0.267473 -0.25555 -0.240347 -0.236381 -0.240936 -0.237646 -0.21523 -0.200285 -0.172426 -0.101529 -0.00368752 0.0702697 0.252907 0.383737 0.561839 0.763245 2.00241
-23.0496 12.3027 1.79339 -25.9391 11.0517 -0.165798 -28.2674 9.21343 -2.39179 -29.8504 6.85454 -4.77553 -30.5329 4.10444 -7.16845 -30.2054 1.0974 -9.43344 -28.8421 -1.87104 -11.3337 -26.5485 -4.54303 -12.7049 -23.5272 -6.69159 -13.4375 -19.9027 -8.19571 -13.4809 -16.0924 -8.87208 -12.8278 -12.3776 -8.7216 -11.5711 -8.97577 -7.81383 -9.83733 -5.99227 -6.24769 -7.70833 -3.59654 -4.37983 -5.12789 -1.63305 -2.33485 -2.32616 0.121087 -0.185312 0.535656 1.86196 1.9629 3.25653 3.85752 4.1201 5.78901 6.29897 6.20572 7.96564 9.20654 7.84946 9.93875 12.4176 8.80858 11.656 15.895 9.05376 13.0802 19.4776 8.52992 14.1145 22.9671 7.22976 14.675 26.1796 5.17763 14.7011 28.8467 2.50739 14.1627 30.7775 -0.598763 13.0875 31.8418 -3.92018 11.5485 31.9785 -7.292 9.61273 31.181 -10.4217 7.44377 29.5421 -13.1277 5.1795 27.2007 -15.2848 2.94336 24.2845 -16.8372 0.813444 20.9796 -17.7394 -1.11374 17.4358 -18.0089 -2.79305 13.7806 -17.6874 -4.20269 10.1126 -16.8282 -5.33956 6.51564 -15.4904 -6.20999 3.05034 -13.7317 -6.82965 -0.237859 -11.6052 -7.21833 -3.31852 -9.15424 -7.39768 -6.15907 -6.42275 -7.38877 -8.73553 -3.44606 -7.21286 -11.1093 -0.341602 -6.70551 -13.2296 2.86379 -5.86561 -15.048 6.14808 -4.68978 -16.5055 9.47447 -3.1777 -17.5376 12.7933 -1.33498 -18.0748 16.017 0.806826 -18.0603 19.0844 3.22734 -17.4378 21.8919 5.87289 -16.1704 24.3174 8.66188 -14.2925 26.1989 11.432 -11.8283 27.4566 14.094 -8.8737 27.9827 16.4885 -5.58369 27.7085 18.4482 -2.22423 26.6486 19.8012 1.03087 24.862 20.474 3.95049 22.4722 20.4089 6.3311 19.6549 19.6116 8.04301 16.5666 18.1211 8.9577 13.4649 16.064 9.06035 10.5409 13.5882 8.39601 7.94468 10.8481 7.0011 5.72113 7.89962 5.00578 3.89437 5.0247 2.52633 2.15374 2.49366 -0.188032 0.453434 0.186055 -2.93765 -1.28636 -2.06909 -5.51232 -3.14117 -4.43637 -7.67719 -5.16928 -7.05794 -9.14752 -7.37791 -9.9962 -9.82385 -9.84608 -12.8473 -9.66503 -12.5598 -15.5473 -8.61183 -15.3727 -17.9255 -6.67578 -18.0956 -19.8009 -4.05786 -20.4407 -20.9799 -0.885505 -22.3074 -21.4243 2.59573 -23.5373 -21.0911 6.10815 -24.0324 -20.0123 9.44879 -23.7535 -18.245 12.2993 -22.7303 -15.9666 14.494 -21.0693 -13.3616 15.9488 -18.9085 -10.6087 16.6614 -16.2938 -7.76075 16.6069 -13.4463 -5.05052 15.8642 -10.4892 -2.56863 14.5278 -7.51642 -0.370101 12.6635 -4.55327 1.54183 10.3805 -1.68971 3.12264 7.76066 1.04576 4.37363 4.87398 3.63745 5.30187 1.80326 6.05988 5.91265 -1.49503 8.21573 6.29253 -4.99857 10.0552 6.40186 -8.6713 11.5183 6.19864 -12.3424 12.5119 5.66299 -16.0415 13.0171 4.76092 -19.6588 12.9662 3.47123 115.403 115.655 115.893 116.076 116.361 116.323 116.264 116.189 115.648 115.485 115.324 115.187 114.838 114.787 114.765 114.774 114.783 114.839 114.895 114.933 114.903 114.844 114.783 114.701 113.967 113.73 113.471 113.203 112.531 112.38 112.253 112.159 112.125 112.149 112.189 112.243 112.483 112.584 112.687 112.789 113.131 113.245 113.358 113.47 113.844 113.959 114.073 114.184 114.556 114.627 114.682 114.724 114.856 114.789 114.703 114.605 114.186 113.975 113.784 113.617 112.767 112.66 112.562 112.463 112.228 112.218 112.228 112.235 112.211 112.185 112.146 112.105 112.041 111.99 111.961 111.968 111.837 111.886 111.956 112.031 111.977 112.051 112.102 112.136 112.202 112.243 112.277 112.307 112.407 112.441 112.471 112.5 112.6 112.645 112.7 112.77 113.043 113.182 113.359 113.582 0.299598
