# num_vectors 21
# vector_size 401
# Iterations: 649500, stepsize: 0.002662, max step size: 1.000000, spring constant: 0.000100, global NEB Hessian: false, global NEB Linesearch: true, climbing image: false
-9.22396 -27.1013 -25.2084 -11.4451 -23.265 -25.089 -13.3474 -19.2822 -24.6594 -14.9215 -15.2 -23.9361 -16.1661 -11.0623 -22.9378 -17.211 -6.20308 -21.4462 -17.8316 -1.37924 -19.6367 -18.0532 3.36147 -17.5377 -17.9051 7.97873 -15.1739 -17.5604 11.4204 -13.1898 -17.0281 14.7539 -11.0675 -16.32 17.9648 -8.81161 -15.4465 21.038 -6.42579 -14.3279 24.1817 -3.70836 -13.0352 27.1235 -0.845868 -11.5749 29.8376 2.15746 -9.95218 32.2954 5.29509 -7.17331 35.4896 10.3188 -4.04607 37.895 15.5721 -0.601011 39.3888 20.9631 3.11305 39.8595 26.3619 6.83079 39.2792 31.3517 10.6464 37.6619 36.0296 14.4625 35.0219 40.2158 18.1717 31.4276 43.7343 21.3032 27.5091 46.181 24.1851 23.041 47.8777 26.7468 18.1614 48.7587 28.9246 13.0229 48.785 30.6994 7.65171 47.9116 31.954 2.35499 46.1415 32.6369 -2.68626 43.5181 32.7023 -7.28914 40.1164 32.0428 -11.5509 35.7089 30.6054 -14.8783 30.7203 28.4071 -17.0859 25.3989 25.5152 -18.046 20.0381 22.6201 -17.8501 15.7129 19.4131 -16.7612 11.7562 16.0041 -14.8632 8.30609 12.499 -12.2804 5.44779 8.46681 -8.65395 2.9268 4.50542 -4.53739 1.15866 0.640707 -0.120366 0.0102058 -3.15126 4.44909 -0.70127 -6.32582 8.31992 -1.12275 -9.53382 12.1663 -1.51337 -12.8179 15.9364 -2.00398 -16.2111 19.5708 -2.72209 -20.1609 23.3943 -3.93818 -24.2501 26.8231 -5.73249 -28.4117 29.6965 -8.20694 -32.524 31.8362 -11.4021 -36.2628 33.0357 -15.1092 -39.6185 33.2728 -19.3333 -42.4033 32.4719 -23.89 -44.445 30.6264 -28.536 -45.5986 27.8584 -32.9254 -45.8272 24.2883 -36.8575 -45.1182 20.1201 -40.0796 -43.5238 15.6032 -42.3849 -41.0436 10.823 -43.6609 -37.9065 6.26387 -43.725 -34.3268 2.19399 -42.6059 -30.525 -1.1816 -40.4192 -26.3615 -3.92527 -37.0304 -22.3652 -5.65485 -32.861 -18.6488 -6.42805 -28.1773 -15.2411 -6.37768 -23.2042 -12.7654 -5.88862 -19.2364 -10.4064 -5.09853 -15.2461 -8.10543 -4.10409 -11.2676 -5.79533 -3.00323 -7.32253 -3.27419 -1.83409 -3.21506 -0.589483 -0.77441 0.817764 2.32235 0.056031 4.74534 5.50313 0.537414 8.51961 9.66708 0.505187 12.734 14.1787 -0.35467 16.4767 18.9031 -2.15467 19.5654 23.6302 -4.92552 21.8189 28.3607 -8.84976 23.1363 32.4819 -13.5947 23.2561 35.7145 -18.8779 22.1833 37.8604 -24.3753 20.0183 38.6946 -28.4713 17.7633 38.8374 -32.3807 15.0699 38.3074 -35.9953 12.0347 37.1434 -39.2257 8.75325 35.0706 -42.3979 4.76057 32.3192 -44.8802 0.690092 28.9994 -46.619 -3.34179 25.227 -47.584 -7.23257 21.3405 -47.7743 -10.7093 17.2533 -47.2646 -13.9132 13.0646 -46.0734 -16.788 8.87052 -44.2311 -19.287 3.75948 -41.0794 -21.8255 -1.05181 -37.0862 -23.6713 -5.41886 -32.379 -24.7989 -0.018955 -0.0191491 -0.0193247 -0.0194761 -0.0202116 -0.019961 -0.0196167 -0.0192849 -0.0185328 -0.0180396 -0.0174991 -0.0169812 -0.0158695 -0.0153548 -0.0147973 -0.0142516 -0.0134294 -0.0130409 -0.0126486 -0.0121417 -0.0109612 -0.0110538 -0.0113788 -0.0115284 -0.0130431 -0.0137527 -0.0146622 -0.015471 -0.0191324 -0.0192485 -0.0193779 -0.0195929 -0.0198218 -0.01727 -0.0143722 -0.0118003 -0.00667182 -0.00462285 -0.00247658 -0.000651134 -0.000911296 -0.000512769 0.000162181 0.000786202 -0.000614964 9.81304e-05 0.00112718 0.00231495 0.0050306 0.00606669 0.00728622 0.00856005 0.00939884 0.00925376 0.00898539 0.00876095 0.00610559 0.00554994 0.00482109 0.0042221 0.00139334 0.00127559 0.00111881 0.000973961 0.00119422 0.00273184 0.00426014 0.00538133 0.00731294 0.00846595 0.00957085 0.01039 0.0105678 0.0113328 0.01221 0.0129044 0.0128685 0.0143655 0.0163563 0.0182456 0.0191804 0.0197524 0.0206192 0.0212662 0.0185397 0.0181554 0.0178092 0.0174732 0.0156783 0.0154707 0.0152002 0.0150235 0.0157246 0.0158937 0.0159844 0.0161655 0.0174112 0.0172016 0.016866 0.0166291 0.121614
-8.34785 -30.4766 -26.5661 -11.6787 -27.5563 -26.3602 -14.6776 -24.3321 -25.8335 -17.2989 -20.8518 -25.0081 -19.5098 -17.1671 -23.9121 -21.5503 -12.6666 -22.3278 -22.9947 -8.04124 -20.4707 -23.8541 -3.36505 -18.3914 -24.1542 1.29801 -16.1343 -24.0276 4.83733 -14.302 -23.6076 8.31523 -12.3973 -22.911 11.7118 -10.4281 -21.9536 15.008 -8.39854 -20.6441 18.4305 -6.14241 -19.0635 21.6881 -3.81684 -17.2258 24.7533 -1.41972 -15.1437 27.5959 1.05079 -11.5226 31.4393 4.9596 -7.41491 34.5645 9.02447 -2.88903 36.8428 13.2064 1.96355 38.1544 17.4366 6.77602 38.4145 21.4152 11.6592 37.6592 25.2416 16.4812 35.8768 28.7951 21.1055 33.0987 31.9504 24.9572 29.8355 34.3302 28.4522 25.9134 36.2144 31.5041 21.4305 37.5326 34.0311 16.5029 38.2257 35.9942 11.1262 38.2391 37.2364 5.58597 37.514 37.676 0.0723198 36.0412 37.2412 -5.1954 33.8447 35.7431 -10.3137 30.7493 33.1756 -14.5317 27.0561 29.6261 -17.5374 23.0076 25.287 -19.0938 18.9121 21.2162 -19.197 15.6648 16.98 -18.2177 12.7974 12.7661 -16.2709 10.4353 8.72035 -13.5289 8.63517 4.39136 -9.64418 7.24466 0.418707 -5.24323 6.46071 -3.26472 -0.545283 6.10469 -6.7823 4.28914 5.96281 -9.72007 8.36235 5.83171 -12.7209 12.3817 5.55109 -15.8442 16.2757 4.98472 -19.1194 19.9571 4.00578 -22.9584 23.702 2.29218 -26.9023 26.8731 -0.175195 -30.8133 29.2883 -3.42613 -34.5065 30.7844 -7.40357 -37.6529 31.2461 -11.7679 -40.238 30.709 -16.4784 -42.1222 29.1909 -21.3059 -43.2126 26.7675 -26.0068 -43.47 23.6155 -30.2797 -42.9247 19.8507 -33.9929 -41.6251 15.6411 -36.9677 -39.6545 11.1684 -39.0585 -37.0113 6.43748 -40.182 -33.9186 1.84778 -40.1644 -30.5504 -2.38655 -38.9998 -27.0873 -6.07162 -36.7509 -23.4035 -9.28125 -33.219 -19.9841 -11.5319 -28.7932 -16.9376 -12.7883 -23.7447 -14.2916 -13.1009 -18.3367 -12.4674 -12.7689 -14.0153 -10.8005 -12.0053 -9.68524 -9.2144 -10.8926 -5.4006 -7.61779 -9.51792 -1.19669 -5.81395 -7.8816 3.12337 -3.76693 -6.16321 7.30082 -1.3645 -4.47894 11.299 1.48504 -2.95357 15.0603 5.54397 -1.51338 19.1288 10.3144 -0.709819 22.549 15.6598 -0.734804 25.1037 21.3104 -1.70886 26.5947 27.2336 -3.79458 26.8753 32.6229 -6.8457 25.7989 37.0752 -10.6319 23.4848 40.3172 -14.866 20.1569 41.8838 -18.1828 17.1398 42.6778 -21.4812 13.8158 42.7268 -24.6683 10.2947 42.0788 -27.6701 6.6715 40.5316 -30.8431 2.44791 38.2274 -33.6248 -1.70589 35.264 -35.9661 -5.7105 31.7345 -37.829 -9.50167 27.9466 -39.1236 -12.8491 23.802 -39.9329 -15.9145 19.3739 -40.2318 -18.6589 14.7393 -39.9965 -21.0451 8.78366 -38.9256 -23.4709 2.81693 -36.9702 -25.2245 -2.96256 -34.1381 -26.2623 -0.0423054 -0.0312357 -0.0209297 -0.0112103 0.0287168 0.0320072 0.0348976 0.0375613 0.040293 0.0380858 0.0360541 0.0341039 0.0184839 0.0125627 0.00663555 0.000449112 -0.0543163 -0.0722042 -0.0911086 -0.111556 -0.228008 -0.246949 -0.266331 -0.286166 -0.36071 -0.364462 -0.368598 -0.372918 -0.365318 -0.349984 -0.334196 -0.317522 -0.194187 -0.151146 -0.106159 -0.0594409 0.120269 0.151934 0.181738 0.208849 0.266501 0.271008 0.274064 0.275716 0.269886 0.27088 0.272823 0.275657 0.291389 0.296547 0.302397 0.308533 0.338479 0.344814 0.351268 0.358027 0.39586 0.401748 0.40765 0.414293 0.426256 0.422777 0.419135 0.415684 0.362502 0.347547 0.334168 0.32192 0.273729 0.267341 0.262559 0.258831 0.249629 0.245483 0.241469 0.23678 0.182638 0.153371 0.121761 0.0871544 -0.130865 -0.184833 -0.235778 -0.284696 -0.448224 -0.46574 -0.481958 -0.497123 -0.54206 -0.539906 -0.538114 -0.536449 -0.503103 -0.489864 -0.477176 -0.464596 -0.377273 -0.354084 -0.33194 -0.310169 -0.0964287
-6.84981 -32.3737 -26.2336 -10.8517 -30.5376 -25.7054 -14.5581 -28.2443 -24.8873 -17.8958 -25.5306 -23.8098 -20.8048 -22.4464 -22.5096 -23.6073 -18.4452 -20.7588 -25.7247 -14.1198 -18.8259 -27.1464 -9.57095 -16.7726 -27.8858 -4.89279 -14.652 -28.0101 -1.26422 -13.0034 -27.7656 2.35727 -11.3526 -27.1708 5.94081 -9.70814 -26.2442 9.45797 -8.0738 -24.892 13.1486 -6.3218 -23.1944 16.6978 -4.57818 -21.1706 20.0728 -2.83684 -18.8386 23.24 -1.09049 -14.7249 27.6019 1.59546 -10.0107 31.2724 4.32792 -4.7869 34.1234 7.11115 0.830969 36.0353 9.93015 6.41066 36.8905 12.6121 12.0766 36.747 15.2451 17.6741 35.5801 17.7677 23.0429 33.4016 20.11 27.5127 30.6378 21.9892 31.561 27.1572 23.6152 35.0787 23.0318 24.9403 37.9558 18.3512 25.9212 40.1243 13.0893 26.5313 41.3775 7.50715 26.7102 41.5955 1.79376 26.4416 40.6784 -3.81119 25.7304 38.3648 -9.39532 24.5105 34.7187 -14.1051 22.9144 29.9336 -17.5407 21.0916 24.3572 -19.4005 19.2294 19.3635 -19.6454 17.7701 14.3958 -18.7145 16.5125 9.67789 -16.7481 15.5117 5.35076 -13.9436 14.7783 0.929058 -9.95479 14.2282 -2.96376 -5.42737 13.8913 -6.46619 -0.586757 13.6331 -9.75607 4.39597 13.295 -12.4922 8.5819 12.8152 -15.2896 12.6841 12.0501 -18.2053 16.609 10.8959 -21.2588 20.2478 9.26063 -24.8139 23.8384 6.77724 -28.4154 26.736 3.56301 -31.9109 28.7721 -0.352812 -35.1135 29.8164 -4.864 -37.7294 29.8193 -9.58808 -39.7456 28.8412 -14.5012 -41.0476 26.9368 -19.3836 -41.5691 24.2081 -24.0142 -41.3046 20.8479 -28.125 -40.2984 16.9671 -31.6158 -38.6197 12.7222 -34.3401 -36.3694 8.27236 -36.1825 -33.5541 3.5922 -37.0775 -30.4174 -0.963455 -36.883 -27.1304 -5.228 -35.6026 -23.8609 -9.05026 -33.2935 -20.4924 -12.5646 -29.737 -17.4684 -15.2919 -25.2914 -14.8707 -17.1765 -20.1879 -12.7069 -18.2208 -14.6585 -11.2749 -18.486 -10.1874 -10.0107 -18.306 -5.66178 -8.83585 -17.7249 -1.14583 -7.65628 -16.7897 3.30903 -6.29446 -15.4724 7.89211 -4.68446 -13.8752 12.3025 -2.70293 -12.0642 16.4723 -0.242145 -10.1165 20.3123 3.42203 -7.73524 24.3128 7.9162 -5.48209 27.4476 13.1458 -3.57263 29.4739 18.8689 -2.22054 30.1939 25.0756 -1.58427 29.4286 30.9265 -1.87893 27.1498 35.958 -3.09895 23.585 39.8332 -5.13501 19.0738 41.8832 -7.10716 15.2703 43.15 -9.36282 11.2871 43.655 -11.8172 7.25233 43.4438 -14.3925 3.26715 42.3774 -17.4401 -1.19105 40.5248 -20.4664 -5.3994 37.9771 -23.3924 -9.30431 34.8155 -26.1468 -12.8706 31.3161 -28.5363 -15.9159 27.3824 -30.6498 -18.6156 23.0663 -32.4236 -20.9509 18.4234 -33.7907 -22.9013 12.2631 -34.8296 -24.7645 5.8557 -35.0011 -25.9549 -0.595757 -34.2019 -26.4451 -0.171863 -0.150507 -0.131004 -0.113015 -0.0340705 -0.0315976 -0.0298105 -0.0283522 -0.0266899 -0.0337854 -0.040467 -0.0468643 -0.0789066 -0.0926847 -0.106389 -0.120421 -0.226943 -0.26398 -0.302391 -0.343081 -0.575954 -0.612783 -0.649336 -0.686058 -0.839175 -0.844465 -0.849801 -0.855215 -0.845066 -0.809447 -0.771705 -0.731046 -0.452437 -0.346805 -0.236391 -0.121171 0.295951 0.36828 0.434326 0.493033 0.603192 0.612269 0.618236 0.622054 0.613514 0.617102 0.622942 0.631042 0.672457 0.685404 0.69959 0.714173 0.774997 0.786378 0.797644 0.808857 0.867345 0.876122 0.885149 0.8954 0.915534 0.911367 0.907053 0.903284 0.819761 0.794292 0.770979 0.749648 0.659588 0.645772 0.63489 0.62629 0.615312 0.606155 0.597196 0.587288 0.504902 0.440162 0.368125 0.288238 -0.206173 -0.342101 -0.467877 -0.585047 -0.957795 -0.990956 -1.02061 -1.04755 -1.13455 -1.12321 -1.11337 -1.1044 -1.03145 -1.00036 -0.970402 -0.94056 -0.752125 -0.700205 -0.650577 -0.602294 -0.163034
-4.49081 -34.5049 -27.1557 -8.76703 -33.7469 -26.2586 -12.8228 -32.4095 -25.0639 -16.5615 -30.5147 -23.6156 -19.8989 -28.1045 -21.9668 -23.2077 -24.7079 -19.8589 -25.8082 -20.798 -17.6501 -27.6678 -16.4934 -15.4274 -28.7863 -11.9108 -13.2645 -29.1582 -8.27043 -11.6804 -29.1225 -4.57461 -10.1839 -28.6995 -0.86425 -8.78595 -27.9104 2.82355 -7.49075 -26.6721 6.73957 -6.20615 -25.0574 10.5509 -5.02925 -23.0894 14.221 -3.94478 -20.7898 17.7149 -2.9332 -16.6843 22.6363 -1.48841 -11.9288 26.9448 -0.079317 -6.60737 30.5148 1.36991 -0.824458 33.2204 2.91928 4.98396 34.8807 4.52003 10.9507 35.5601 6.25019 16.912 35.1924 8.08975 22.6853 33.744 9.99469 27.5207 31.5394 11.6996 31.906 28.5097 13.3542 35.6977 24.719 14.9041 38.755 20.2631 16.299 40.9882 15.1375 17.525 42.1768 9.62635 18.5136 42.2118 3.95041 19.2518 41.0214 -1.62641 19.7462 38.358 -7.18035 20.0354 34.3557 -11.8704 20.1288 29.2455 -15.3212 20.0994 23.3899 -17.2525 20.0252 18.1936 -17.6039 19.9813 13.0459 -16.8115 19.9818 8.16373 -14.9982 20.0343 3.68318 -12.3443 20.1254 -0.905181 -8.51026 20.2356 -4.95815 -4.11286 20.2731 -8.61681 0.615812 20.1349 -12.0586 5.48687 19.6968 -14.9143 9.55902 18.9886 -17.8141 13.5097 17.8831 -20.8 17.2264 16.299 -23.8711 20.5852 14.1717 -27.356 23.7685 11.1025 -30.7632 26.1687 7.31728 -33.9219 27.6451 2.89674 -36.6432 28.1114 -2.00989 -38.6772 27.59 -6.98494 -40.0222 26.1593 -12.0153 -40.6014 23.906 -16.8884 -40.3899 20.9497 -21.4023 -39.4342 17.4863 -25.3203 -37.8025 13.6105 -28.5722 -35.5932 9.45518 -31.0443 -32.9274 5.14673 -32.6536 -29.8122 0.626541 -33.3568 -26.5092 -3.80343 -33.0467 -23.1747 -8.02296 -31.74 -19.9508 -11.9202 -29.4932 -16.6998 -15.6834 -26.0849 -13.8213 -18.843 -21.8332 -11.3611 -21.3253 -16.9207 -9.30521 -23.0875 -11.5343 -7.93337 -23.9511 -7.12019 -6.71302 -24.365 -2.59788 -5.5758 -24.3326 1.96474 -4.44234 -23.8589 6.50377 -3.1578 -22.8883 11.1944 -1.67804 -21.4452 15.7024 0.0960897 -19.5491 19.9275 2.25023 -17.2351 23.7484 5.39661 -14.0057 27.5919 9.20032 -10.4294 30.3923 13.5873 -6.74272 31.8968 18.3672 -3.24233 31.9236 23.5468 -0.0807244 30.284 28.4456 2.18932 27.0649 32.6956 3.35549 22.5827 36.0331 3.35172 17.256 37.8665 2.61067 12.9377 39.0876 1.29644 8.53993 39.7133 -0.510647 4.19236 39.7768 -2.72453 -0.00920793 39.1969 -5.69043 -4.61006 37.975 -8.96404 -8.86344 36.1613 -12.4317 -12.7347 33.7933 -15.9878 -16.2056 31.0597 -19.3471 -19.1163 27.8657 -22.6068 -21.6466 24.2252 -25.6753 -23.7819 20.1582 -28.4551 -25.5026 14.5335 -31.3737 -27.034 8.41491 -33.4765 -27.8353 1.98828 -34.5706 -27.8749 -0.321655 -0.2877 -0.257306 -0.229943 -0.107205 -0.10508 -0.104336 -0.104336 -0.100308 -0.112454 -0.123952 -0.134906 -0.179394 -0.200626 -0.221489 -0.242522 -0.391043 -0.44384 -0.497572 -0.553719 -0.879143 -0.924667 -0.969382 -1.01427 -1.21611 -1.2154 -1.21489 -1.21435 -1.18637 -1.12965 -1.07067 -1.00857 -0.609292 -0.460472 -0.305841 -0.144984 0.454837 0.554048 0.643844 0.722878 0.883606 0.897193 0.905757 0.910928 0.905375 0.909464 0.916054 0.925156 0.973281 0.988884 1.0053 1.02127 1.1028 1.11823 1.1332 1.14803 1.24373 1.25865 1.27417 1.29163 1.33885 1.33754 1.33617 1.33541 1.24389 1.2143 1.1872 1.16225 1.053 1.03588 1.02197 1.01051 0.999762 0.985661 0.971043 0.954589 0.843588 0.746062 0.633378 0.504108 -0.315912 -0.547544 -0.752897 -0.933302 -1.47484 -1.50665 -1.53412 -1.55853 -1.66912 -1.64517 -1.62427 -1.60527 -1.51494 -1.46622 -1.4183 -1.36981 -1.09727 -1.01046 -0.927533 -0.84786 -0.157765
-1.40972 -33.9654 -26.1756 -5.71618 -34.2406 -25.1537 -9.9438 -33.878 -23.8649 -13.989 -32.8634 -22.3574 -17.7495 -31.2084 -20.6886 -21.6656 -28.5095 -18.6128 -24.9431 -25.0836 -16.5034 -27.4957 -21.0568 -14.4545 -29.276 -16.5716 -12.5461 -30.1116 -12.9071 -11.2146 -30.4889 -9.12121 -10.0209 -30.422 -5.2739 -8.97514 -29.9304 -1.4195 -8.07967 -28.9486 2.69273 -7.27691 -27.5283 6.70316 -6.63041 -25.6992 10.565 -6.12081 -23.4901 14.2366 -5.72437 -19.4447 19.3948 -5.28688 -14.6756 23.9011 -4.95231 -9.28221 27.6383 -4.6253 -3.37796 30.4912 -4.22061 2.5869 32.2816 -3.69922 8.74535 33.085 -3.00282 14.9256 32.8359 -2.10847 20.9313 31.4999 -1.01171 25.9709 29.3915 0.130615 30.5429 26.4581 1.41116 34.4922 22.772 2.81281 37.6718 18.4401 4.32022 39.9951 13.4742 5.96473 41.2472 8.1667 7.70412 41.3345 2.74505 9.53731 40.2049 -2.52577 11.4621 37.6384 -7.69925 13.6235 33.7868 -11.9728 15.8427 28.8918 -15.0001 18.0559 23.3093 -16.5386 20.1754 18.3683 -16.6122 21.8211 13.4689 -15.6092 23.2759 8.79607 -13.659 24.4958 4.45901 -10.9369 25.4482 -0.0653256 -7.09529 26.1811 -4.16256 -2.75023 26.4947 -7.95433 1.87205 26.3456 -11.5847 6.57682 25.6741 -14.6107 10.4537 24.6482 -17.6661 14.1507 23.1531 -20.7696 17.5534 21.146 -23.9017 20.5435 18.5988 -27.3738 23.266 15.1016 -30.679 25.185 10.9675 -33.6556 26.1951 6.29656 -36.1338 26.2427 1.24143 -37.8993 25.3881 -3.78977 -38.9628 23.704 -8.80901 -39.2666 21.2806 -13.6252 -38.8014 18.2331 -18.0587 -37.6283 14.7461 -21.8959 -35.8178 10.897 -25.0843 -33.4703 6.79977 -27.5257 -30.7047 2.55959 -29.1479 -27.5203 -1.90131 -29.9165 -24.174 -6.30542 -29.7229 -20.8119 -10.5491 -28.5748 -17.566 -14.5296 -26.5132 -14.2886 -18.4511 -23.3152 -11.3755 -21.8272 -19.2578 -8.87181 -24.5609 -14.5034 -6.76746 -26.5783 -9.22629 -5.36002 -27.619 -4.8619 -4.11179 -28.1735 -0.362305 -2.96167 -28.2288 4.19687 -1.83937 -27.7756 8.74076 -0.604974 -26.7412 13.4312 0.769222 -25.1367 17.918 2.3637 -22.9762 22.0875 4.24442 -20.2938 25.8106 6.91875 -16.4922 29.4844 10.0775 -12.2052 32.0815 13.6628 -7.67363 33.3896 17.5405 -3.19586 33.2696 21.7556 1.13973 31.5527 25.808 4.69732 28.3223 29.4356 7.20535 23.8431 32.4287 8.51145 18.472 34.1841 8.6795 14.0619 35.4672 8.16604 9.5179 36.2704 7.02444 4.97807 36.6014 5.32437 0.555544 36.4166 2.75608 -4.30968 35.6566 -0.329998 -8.80403 34.3554 -3.81057 -12.8652 32.5414 -7.56753 -16.4562 30.3656 -11.2803 -19.4076 27.7555 -15.0445 -21.9071 24.7156 -18.7631 -23.9466 21.2501 -22.3338 -25.518 16.3438 -26.4279 -26.8097 10.8456 -29.8896 -27.3446 4.8665 -32.4784 -27.1232 -0.433244 -0.397001 -0.365978 -0.339141 -0.186774 -0.19504 -0.204199 -0.21356 -0.213464 -0.235506 -0.256392 -0.276275 -0.334988 -0.367705 -0.39952 -0.43106 -0.6208 -0.693711 -0.76651 -0.841133 -1.25912 -1.31801 -1.37467 -1.43031 -1.67924 -1.67588 -1.67178 -1.66696 -1.63 -1.55682 -1.48067 -1.40057 -0.863552 -0.654313 -0.433339 -0.201001 0.65062 0.776288 0.885725 0.978206 1.16467 1.17763 1.1849 1.1886 1.1854 1.18875 1.19452 1.20264 1.24958 1.26389 1.27844 1.29194 1.37416 1.38857 1.40242 1.41617 1.52155 1.53739 1.55397 1.57266 1.63154 1.63112 1.63052 1.63042 1.54234 1.5111 1.48227 1.45542 1.34257 1.32345 1.3074 1.29353 1.27922 1.26063 1.24079 1.21839 1.08604 0.973456 0.843434 0.694461 -0.303499 -0.578088 -0.817197 -1.02342 -1.68542 -1.71508 -1.74082 -1.76384 -1.91273 -1.88091 -1.85256 -1.82664 -1.74092 -1.67834 -1.61693 -1.55525 -1.22519 -1.11117 -1.00494 -0.905727 -0.021702
-0.465901 -30.8328 -23.2008 -4.72863 -31.5035 -22.1786 -8.99517 -31.5507 -20.9703 -13.1761 -30.9403 -19.6241 -17.1734 -29.6604 -18.1925 -21.4846 -27.3339 -16.4811 -25.2543 -24.1805 -14.8154 -28.3509 -20.3118 -13.2749 -30.6759 -15.873 -11.9259 -31.8985 -12.1799 -11.0508 -32.6158 -8.32401 -10.3314 -32.8285 -4.38148 -9.77358 -32.5475 -0.423795 -9.37647 -31.7123 3.78992 -9.12035 -30.3564 7.87304 -9.02792 -28.5168 11.763 -9.07914 -26.2331 15.4064 -9.25052 -21.9809 20.3949 -9.69294 -16.945 24.5762 -10.2583 -11.2787 27.8482 -10.85 -5.14069 30.1315 -11.3735 0.982472 31.3316 -11.725 7.22669 31.5508 -11.8614 13.4266 30.7782 -11.7167 19.4068 29.0292 -11.2315 24.4107 26.679 -10.466 28.9603 23.6433 -9.35535 32.9241 20.0047 -7.87317 36.1751 15.8732 -5.99979 38.6454 11.2694 -3.662 40.1292 6.47688 -0.906573 40.5399 1.71249 2.23896 39.8303 -2.77873 5.71572 37.8262 -7.01819 9.71997 34.6409 -10.3346 13.8283 30.4779 -12.4828 17.8381 25.6189 -13.3237 21.5403 21.2073 -13.0051 24.2903 16.6989 -11.8053 26.606 12.237 -9.83641 28.4341 7.91806 -7.2389 29.7481 3.19909 -3.66822 30.6123 -1.25734 0.315978 30.7904 -5.48593 4.51466 30.2851 -9.54103 8.74526 29.0919 -12.8547 12.1912 27.548 -16.1005 15.4348 25.5026 -19.2789 18.3737 22.9533 -22.3698 20.9068 19.9089 -25.6786 23.1477 15.943 -28.7405 24.6393 11.4599 -31.4517 25.2881 6.56839 -33.7022 25.0373 1.41371 -35.3321 23.9385 -3.61584 -36.3712 22.0265 -8.55801 -36.7734 19.3646 -13.2391 -36.5243 16.0459 -17.4917 -35.6608 12.2495 -21.1112 -34.2309 8.05214 -24.0433 -32.3076 3.58494 -26.189 -29.9835 -1.01915 -27.4774 -27.2518 -5.81692 -27.8646 -24.3279 -10.4781 -27.2684 -21.3375 -14.8684 -25.7149 -18.3957 -18.8655 -23.2656 -15.3575 -22.6485 -19.6872 -12.5791 -25.7282 -15.312 -10.106 -28.0239 -10.316 -7.93869 -29.4849 -4.88328 -6.42999 -30.028 -0.462789 -5.04634 -30.0437 4.03134 -3.73959 -29.5346 8.51967 -2.4532 -28.5079 12.9245 -1.05287 -26.8778 17.394 0.463759 -24.7079 21.5875 2.16186 -22.0322 25.4022 4.0942 -18.902 28.7281 6.75058 -14.6676 31.9085 9.80101 -10.0607 34.0467 13.2017 -5.30136 34.9878 16.8512 -0.647558 34.6353 20.8281 3.87452 32.8331 24.7019 7.6711 29.6562 28.2522 10.4986 25.3071 31.282 12.1982 20.0683 33.1299 12.6901 15.7207 34.5457 12.501 11.191 35.5023 11.6616 6.61511 35.9888 10.2222 2.11511 35.9679 7.88704 -2.86958 35.3402 4.94951 -7.48234 34.1363 1.53277 -11.6269 32.391 -2.23743 -15.238 30.2671 -6.02325 -18.1338 27.7118 -9.90884 -20.5006 24.7453 -13.7891 -22.337 21.3842 -17.5579 -23.6518 16.659 -21.9515 -24.5839 11.3864 -25.7808 -24.7752 5.63798 -28.817 -24.2868 -0.408375 -0.384413 -0.365957 -0.351523 -0.2031 -0.229064 -0.254687 -0.279438 -0.295225 -0.330517 -0.364268 -0.396725 -0.477501 -0.525776 -0.572835 -0.619289 -0.862234 -0.960658 -1.05678 -1.15242 -1.64718 -1.71393 -1.77511 -1.83224 -2.08804 -2.07732 -2.06466 -2.05047 -1.99795 -1.9088 -1.81437 -1.71318 -1.01112 -0.725348 -0.425856 -0.120153 0.939701 1.05545 1.15174 1.23019 1.4264 1.42925 1.4286 1.42609 1.42542 1.42384 1.42478 1.42837 1.4763 1.48968 1.50492 1.5217 1.60805 1.62336 1.6393 1.65642 1.71798 1.72605 1.73482 1.74514 1.73179 1.72218 1.71273 1.70371 1.5836 1.55535 1.52922 1.50456 1.40855 1.39407 1.3815 1.37001 1.35174 1.33355 1.3132 1.28948 1.11997 1.00789 0.879301 0.733219 -0.301295 -0.560042 -0.788337 -0.989009 -1.69291 -1.72258 -1.74915 -1.77348 -1.94387 -1.90878 -1.87682 -1.84716 -1.75478 -1.68333 -1.61408 -1.54594 -1.17807 -1.05926 -0.953846 -0.859972 0.0184827
-1.83553 -28.524 -24.408 -6.11377 -29.2186 -23.47 -10.4002 -29.3342 -22.3393 -14.6154 -28.8329 -21.0563 -18.6699 -27.6949 -19.6664 -23.0848 -25.5605 -17.9687 -26.9984 -22.6037 -16.2748 -30.2714 -18.9118 -14.6666 -32.7876 -14.6102 -13.2199 -34.1519 -10.9882 -12.2608 -34.9947 -7.17403 -11.4597 -35.3066 -3.24835 -10.8339 -35.091 0.708861 -10.3935 -34.2839 4.92764 -10.1305 -32.9125 9.00632 -10.0834 -31.0188 12.8674 -10.2402 -28.6522 16.4453 -10.5819 -24.245 21.247 -11.4084 -19.064 25.1377 -12.4959 -13.2996 28.0415 -13.7213 -7.12815 29.9287 -14.952 -1.02668 30.7842 -15.9994 5.1708 30.7467 -16.8036 11.3409 29.8549 -17.2406 17.3564 28.1612 -17.1883 22.4829 26.027 -16.6294 27.2628 23.3705 -15.5143 31.572 20.2735 -13.7862 35.277 16.8399 -11.4129 38.3071 13.1036 -8.31126 40.4229 9.31321 -4.58049 41.5161 5.65178 -0.318895 41.5232 2.30778 4.32652 40.3116 -0.739962 9.54827 37.9102 -3.03602 14.7429 34.4672 -4.46103 19.6561 30.1839 -4.96613 24.0631 26.0798 -4.68988 27.2579 21.6705 -3.81322 29.8877 17.0794 -2.40391 31.9035 12.4126 -0.545421 33.2796 7.07017 2.02577 34.0624 1.83686 4.91964 34.0064 -3.22133 7.9901 33.1391 -8.06168 11.0946 31.4965 -11.9402 13.6237 29.5473 -15.6317 15.9997 27.1047 -19.1222 18.1443 24.1968 -22.3937 19.981 20.8558 -25.7703 21.584 16.6454 -28.7996 22.6068 12.0112 -31.4287 22.9579 7.045 -33.5984 22.5609 1.86494 -35.1909 21.4257 -3.16852 -36.2549 19.5303 -8.11175 -36.7528 16.8862 -12.7938 -36.6651 13.5429 -17.0334 -36.0115 9.65595 -20.6005 -34.8268 5.30102 -23.4094 -33.1699 0.63103 -25.3342 -31.1234 -4.18108 -26.2905 -28.6856 -9.1493 -26.2204 -26.0544 -13.8838 -25.0836 -23.3459 -18.2154 -22.9548 -20.6602 -22.0097 -19.9513 -17.8478 -25.421 -15.8526 -15.2072 -28.0104 -11.0914 -12.7524 -29.7487 -5.86663 -10.4586 -30.6372 -0.362474 -8.7413 -30.7538 4.01349 -7.05188 -30.3777 8.3857 -5.34795 -29.5236 12.6844 -3.5845 -28.2081 16.8403 -1.61283 -26.3418 20.9905 0.520071 -24.0124 24.814 2.85016 -21.2587 28.2172 5.39891 -18.1332 31.1033 8.73085 -14.0076 33.7451 12.3465 -9.6025 35.3647 16.1712 -5.10321 35.843 20.0908 -0.721267 35.1101 24.1907 3.55292 33.0042 28.0384 7.18801 29.6137 31.438 9.96258 25.1129 34.2162 11.7142 19.7531 35.8185 12.3004 15.3206 36.9492 12.24 10.708 37.5889 11.5519 6.05227 37.735 10.2771 1.47931 37.3024 8.142 -3.57586 36.2595 5.41063 -8.23984 34.6516 2.20514 -12.416 32.5263 -1.34868 -16.0429 30.0739 -4.92517 -18.9451 27.2272 -8.59938 -21.317 24.011 -12.27 -23.1641 20.4444 -15.8366 -24.5012 15.5248 -19.9998 -25.4838 10.1239 -23.641 -25.7541 4.30311 -26.5518 -25.3714 -0.515639 -0.490777 -0.471066 -0.455205 -0.297112 -0.320366 -0.344066 -0.367678 -0.376676 -0.412945 -0.448247 -0.482732 -0.565214 -0.618513 -0.670968 -0.723009 -0.991635 -1.10533 -1.21514 -1.32211 -1.87449 -1.9417 -1.99816 -2.04624 -2.31325 -2.28835 -2.26001 -2.22902 -2.18537 -2.07113 -1.9476 -1.81295 -0.939438 -0.572788 -0.218544 0.107919 1.24994 1.31893 1.37444 1.41871 1.65057 1.63191 1.61273 1.5936 1.59574 1.57936 1.56522 1.55365 1.57663 1.57892 1.58458 1.59433 1.67824 1.69306 1.71038 1.73107 1.77682 1.78155 1.78701 1.79372 1.72723 1.70891 1.6911 1.67363 1.52586 1.50048 1.47774 1.45653 1.38368 1.37667 1.37086 1.36547 1.35184 1.34013 1.32638 1.30977 1.11429 1.01889 0.909492 0.784378 -0.225492 -0.468056 -0.692089 -0.897129 -1.61604 -1.65493 -1.68982 -1.72171 -1.89315 -1.86512 -1.83975 -1.81636 -1.72499 -1.6612 -1.59961 -1.53911 -1.18959 -1.08167 -0.985069 -0.89799 0.0797743
0.436542 -28.4106 -24.989 -3.80453 -29.2995 -24.0463 -8.08347 -29.5814 -22.9164 -12.3166 -29.2198 -21.6454 -16.4115 -28.1969 -20.2848 -20.8997 -26.169 -18.6502 -24.9142 -23.2923 -17.0574 -28.3158 -19.6575 -15.5923 -30.9898 -15.3929 -14.331 -32.4963 -11.7866 -13.5403 -33.5 -7.97665 -12.9264 -33.9915 -4.04256 -12.5006 -33.9738 -0.0620055 -12.2666 -33.399 4.20255 -12.2244 -32.2755 8.35349 -12.3865 -30.64 12.319 -12.7311 -28.5343 16.0385 -13.2309 -24.5106 21.1354 -14.2283 -19.6638 25.4166 -15.3865 -14.1544 28.7924 -16.5757 -8.1409 31.2038 -17.6647 -2.09845 32.5703 -18.4883 4.11419 33.019 -18.9968 10.3459 32.5559 -19.0885 16.4343 31.2091 -18.6706 21.6074 29.305 -17.7984 26.3989 26.8022 -16.4108 30.6791 23.7865 -14.4786 34.3227 20.3681 -11.9913 37.2782 16.5831 -8.87661 39.3379 12.6798 -5.23185 40.4227 8.83856 -1.12931 40.4879 5.246 3.32622 39.4149 1.85825 8.36563 37.2117 -0.833563 13.4571 33.993 -2.67713 18.3831 29.9246 -3.58318 22.9275 25.9748 -3.60316 26.3224 21.6863 -2.96797 29.2089 17.1806 -1.73964 31.5148 12.5652 -0.00502438 33.193 7.24317 2.48137 34.3149 1.99077 5.3296 34.5699 -3.12493 8.36874 33.9712 -8.05983 11.4311 32.5449 -12.0437 13.8977 30.7329 -15.8591 16.1725 28.3862 -19.4847 18.1652 25.5362 -22.8932 19.7893 22.222 -26.4119 21.0742 18.019 -29.5558 21.6928 13.3895 -32.2579 21.5609 8.45193 -34.4491 20.6203 3.35171 -36.0107 18.9343 -1.53492 -36.997 16.4931 -6.24957 -37.3798 13.3454 -10.6206 -37.1535 9.57634 -14.4811 -36.3547 5.37286 -17.6357 -35.0268 0.816555 -20.0307 -33.2332 -3.94156 -21.5807 -31.0531 -8.74513 -22.2378 -28.4676 -13.631 -21.9637 -25.6621 -18.2429 -20.7432 -22.7339 -22.4435 -18.6429 -19.7693 -26.1199 -15.7574 -16.5795 -29.4262 -11.8535 -13.4937 -31.9264 -7.31777 -10.5495 -33.5691 -2.3198 -7.75915 -34.3274 2.97031 -5.68022 -34.2991 7.18802 -3.67598 -33.7301 11.4036 -1.72749 -32.6292 15.5392 0.188247 -31.0108 19.517 2.2 -28.7667 23.4554 4.23267 -26.0053 27.0383 6.31285 -22.7734 30.1723 8.46159 -19.1329 32.7654 11.1322 -14.3572 35.0372 13.9211 -9.28075 36.2834 16.8061 -4.10743 36.4046 19.7389 0.930919 35.3488 22.8214 5.85765 32.9532 25.767 10.0731 29.3384 28.455 13.331 24.6828 30.7666 15.4495 19.2347 32.1979 16.2287 14.7735 33.3167 16.2864 10.1579 34.0949 15.6424 5.51703 34.5136 14.3409 0.968495 34.5355 12.0924 -4.05592 34.0543 9.16937 -8.6954 33.072 5.7054 -12.8591 31.5951 1.83887 -16.4881 29.7446 -2.07226 -19.405 27.4622 -6.10702 -21.8008 24.7532 -10.1531 -23.677 21.624 -14.0991 -25.0432 17.1443 -18.726 -26.0553 12.0646 -22.8022 -26.3417 6.45597 -26.1034 -25.9605 -0.398635 -0.374902 -0.357117 -0.343848 -0.18591 -0.215264 -0.245039 -0.274585 -0.289354 -0.330232 -0.369764 -0.408084 -0.494185 -0.550571 -0.605548 -0.659634 -0.926365 -1.03903 -1.14694 -1.25174 -1.79043 -1.85337 -1.90726 -1.95416 -2.21591 -2.18918 -2.15995 -2.12883 -2.07981 -1.97066 -1.8562 -1.73483 -0.9411 -0.611312 -0.279602 0.0421533 1.25706 1.34041 1.40739 1.4602 1.71451 1.69637 1.67671 1.65645 1.65975 1.64266 1.62793 1.61593 1.62794 1.6288 1.63312 1.6416 1.69423 1.70509 1.71815 1.73412 1.74743 1.74906 1.75132 1.75447 1.68764 1.6736 1.65986 1.64612 1.53557 1.51906 1.50403 1.48955 1.4445 1.44106 1.43821 1.4353 1.42012 1.40906 1.39527 1.37772 1.15191 1.04607 0.920363 0.772271 -0.452831 -0.719669 -0.952998 -1.15538 -1.88622 -1.90632 -1.92491 -1.94271 -2.11401 -2.07467 -2.03902 -2.006 -1.9175 -1.84187 -1.76845 -1.69632 -1.32364 -1.20013 -1.09173 -0.996395 -0.117218
1.32808 -29.5052 -24.1197 -2.85781 -30.3433 -22.9192 -7.06626 -30.499 -21.5299 -11.1971 -29.9472 -20.0142 -15.1471 -28.688 -18.4404 -19.4076 -26.3533 -16.6164 -23.1403 -23.1737 -14.9178 -26.2273 -19.2725 -13.4413 -28.5837 -14.8013 -12.2648 -29.866 -11.0846 -11.6001 -30.6772 -7.20563 -11.1581 -31.0193 -3.23878 -10.9414 -30.903 0.746998 -10.9428 -30.2825 4.99923 -11.1715 -29.1755 9.13487 -11.607 -27.6122 13.098 -12.2137 -25.6238 16.8425 -12.951 -21.837 22.0539 -14.2413 -17.2457 26.56 -15.5745 -11.962 30.2688 -16.7955 -6.11086 33.0973 -17.7581 -0.152733 34.9 -18.3128 6.03366 35.7796 -18.4206 12.2691 35.6984 -18.0096 18.352 34.6479 -17.0337 23.478 32.9143 -15.6677 28.1576 30.4834 -13.8399 32.247 27.4389 -11.5694 35.6198 23.893 -8.88638 38.2258 19.8787 -5.74675 39.8843 15.6511 -2.26263 40.5414 11.396 1.509 40.1757 7.30953 5.50014 38.6553 3.31995 9.9493 36.0362 -0.00983438 14.43 32.444 -2.47738 18.7924 28.0562 -3.93642 22.8719 23.8899 -4.32753 25.9729 19.4448 -3.95142 28.6611 14.8509 -2.85808 30.8583 10.2199 -1.13393 32.504 4.96758 1.48214 33.6591 -0.133329 4.58645 33.9894 -5.03339 7.97559 33.4714 -9.70688 11.4441 32.0954 -13.4468 14.263 30.2772 -16.9996 16.8724 27.8675 -20.3433 19.1543 24.8924 -23.4461 20.9963 21.3969 -26.5863 22.4156 16.9446 -29.3073 23.0364 12.0549 -31.5422 22.7754 6.89395 -33.2323 21.5935 1.65517 -34.3028 19.6034 -3.2493 -34.8166 16.8258 -7.85164 -34.7789 13.3484 -11.9828 -34.2161 9.2875 -15.4975 -33.193 4.85222 -18.2435 -31.7603 0.123065 -20.2035 -29.9826 -4.75781 -21.333 -27.9272 -9.65204 -21.6178 -25.5637 -14.622 -21.031 -23.0416 -19.3314 -19.5847 -20.4224 -23.6603 -17.3416 -17.7581 -27.5036 -14.3817 -14.8535 -31.032 -10.4498 -11.9851 -33.7767 -5.91266 -9.18217 -35.6557 -0.916711 -6.46421 -36.6053 4.3802 -4.4091 -36.6706 8.60916 -2.41641 -36.1325 12.8343 -0.486743 -34.9919 16.9679 1.38158 -33.2615 20.921 3.28936 -30.8264 24.7973 5.14056 -27.8115 28.2725 6.94468 -24.2804 31.2509 8.71295 -20.3134 33.6448 10.7918 -15.1354 35.6367 12.8562 -9.6635 36.5842 14.9204 -4.11257 36.4182 16.9893 1.28318 35.1119 19.1793 6.56855 32.5077 21.3373 11.1205 28.7478 23.4156 14.6843 24.0051 25.3505 17.0619 18.5173 26.6719 17.993 14.0513 27.8345 18.1568 9.44909 28.8037 17.5677 4.83694 29.5459 16.2674 0.329523 30.0823 13.9535 -4.63623 30.2272 10.8961 -9.2114 29.9403 7.23386 -13.3109 29.185 3.11117 -16.8794 28.005 -1.08904 -19.742 26.3479 -5.44852 -22.0826 24.193 -9.8421 -23.8942 21.5277 -14.1412 -25.176 17.4882 -19.1849 -26.0386 12.697 -23.6052 -26.1096 7.25396 -27.1303 -25.4405 -0.288572 -0.262934 -0.243968 -0.230122 -0.0813382 -0.11286 -0.144538 -0.175661 -0.201525 -0.24285 -0.282522 -0.320717 -0.413955 -0.46905 -0.522653 -0.57543 -0.845804 -0.952641 -1.05489 -1.15453 -1.67174 -1.72452 -1.77108 -1.81334 -2.05294 -2.02305 -1.99251 -1.96138 -1.88665 -1.7811 -1.67364 -1.56299 -0.840734 -0.570767 -0.294618 -0.0157419 1.12761 1.23116 1.31812 1.38945 1.65385 1.64457 1.63186 1.61724 1.61757 1.60435 1.59403 1.58728 1.62527 1.63537 1.65044 1.67149 1.75655 1.77602 1.79825 1.824 1.82932 1.83199 1.83526 1.83918 1.73819 1.72079 1.70354 1.68583 1.54391 1.52526 1.50788 1.49077 1.43973 1.43609 1.43287 1.42951 1.41178 1.39941 1.38441 1.36563 1.11948 1.00519 0.867208 0.701652 -0.727448 -1.00512 -1.23443 -1.4232 -2.15561 -2.15663 -2.15832 -2.16124 -2.33534 -2.28329 -2.23577 -2.19138 -2.10532 -2.01355 -1.92318 -1.83342 -1.41744 -1.26688 -1.136 -1.02249 -0.228024
0.161809 -29.4993 -25.4804 -3.9877 -30.3087 -24.1418 -8.12282 -30.3963 -22.5423 -12.1288 -29.7398 -20.7573 -15.8934 -28.3486 -18.8711 -19.858 -25.8436 -16.6494 -23.2226 -22.5016 -14.5425 -25.895 -18.4678 -12.6675 -27.8245 -13.9071 -11.1166 -28.7943 -10.1527 -10.1867 -29.3218 -6.26004 -9.50226 -29.4208 -2.29753 -9.06791 -29.1095 1.67325 -8.8782 -28.3371 5.90637 -8.93181 -27.1386 10.0289 -9.22618 -25.5397 13.9927 -9.72662 -23.564 17.7573 -10.393 -19.8694 23.044 -11.6434 -15.4198 27.6793 -13.0136 -10.2896 31.5636 -14.3388 -4.57151 34.5989 -15.458 1.29965 36.6105 -16.1927 7.44713 37.6947 -16.4926 13.6917 37.8002 -16.2678 19.8243 36.9098 -15.4579 25.0195 35.2936 -14.2148 29.7825 32.9561 -12.4833 33.962 29.9825 -10.284 37.4259 26.4867 -7.65167 40.123 22.5028 -4.55055 41.8686 18.2824 -1.10044 42.6082 14.0069 2.63263 42.3198 9.86563 6.57332 40.8748 5.76949 10.9502 38.3185 2.27411 15.3401 34.7685 -0.424293 19.5992 30.392 -2.17888 23.5731 26.2039 -2.86329 26.5927 21.7035 -2.80987 29.2139 17.0202 -2.05487 31.3642 12.2688 -0.669545 32.9866 6.8486 1.57588 34.1462 1.56306 4.34954 34.5136 -3.52108 7.46611 34.0622 -8.36048 10.736 32.7764 -12.2133 13.4561 31.0457 -15.8468 16.0365 28.7266 -19.2328 18.3644 25.8361 -22.335 20.3298 22.4079 -25.421 21.9767 17.9963 -28.0309 22.9085 13.0954 -30.1007 23.022 7.86081 -31.5789 22.2512 2.48316 -32.4127 20.6608 -2.60953 -32.6718 18.2607 -7.43991 -32.3802 15.1148 -11.8193 -31.5866 11.3219 -15.5802 -30.3822 7.07826 -18.5467 -28.8365 2.46557 -20.6898 -27.0333 -2.37233 -21.9557 -25.0548 -7.2923 -22.328 -22.8881 -12.3559 -21.7842 -20.6807 -17.2215 -20.3405 -18.4839 -21.7659 -18.0703 -16.3302 -25.8823 -15.0624 -14.0508 -29.7732 -11.0609 -11.839 -32.9461 -6.43628 -9.67927 -35.3125 -1.32919 -7.54796 -36.7957 4.11177 -5.88501 -37.2951 8.48178 -4.21195 -37.1936 12.8752 -2.51952 -36.4773 17.2036 -0.801538 -35.1447 21.373 1.04048 -33.0865 25.4919 2.91312 -30.3941 29.2119 4.81185 -27.1267 32.4233 6.72928 -23.3656 35.0256 9.02902 -18.3668 37.222 11.324 -13.0165 38.3216 13.594 -7.54437 38.2605 15.8169 -2.19314 37.0259 18.0949 3.0832 34.4795 20.2576 7.67721 30.7739 22.2654 11.3517 26.0856 24.0748 13.9244 20.6431 25.282 15.063 16.1929 26.3272 15.4837 11.5789 27.1877 15.1932 6.91695 27.8403 14.2217 2.31381 28.3059 12.3086 -2.82659 28.4222 9.65035 -7.64542 28.1502 6.36333 -12.0525 27.4493 2.57235 -15.9816 26.3495 -1.36785 -19.2211 24.7902 -5.52946 -21.9558 22.7384 -9.79125 -24.1595 20.1688 -14.0227 -25.8092 16.2234 -19.0585 -27.0639 11.4871 -23.525 -27.4084 6.06729 -27.1059 -26.8577 -0.344651 -0.304777 -0.27316 -0.247988 -0.0879251 -0.108963 -0.130845 -0.152637 -0.17133 -0.205033 -0.237167 -0.267931 -0.352784 -0.39952 -0.445347 -0.491061 -0.7494 -0.850645 -0.950411 -1.05014 -1.58475 -1.64137 -1.69102 -1.73565 -1.99 -1.95905 -1.9276 -1.89578 -1.82782 -1.72119 -1.61317 -1.50241 -0.799556 -0.538457 -0.274762 -0.01131 1.11285 1.21088 1.29359 1.36194 1.64843 1.63682 1.62199 1.60516 1.60602 1.58893 1.57398 1.56174 1.59819 1.60517 1.61709 1.63539 1.76276 1.78918 1.81975 1.85583 1.90902 1.91896 1.93008 1.94265 1.83577 1.81494 1.79453 1.77375 1.57307 1.5444 1.51796 1.49231 1.40352 1.39578 1.38881 1.382 1.36475 1.34952 1.33232 1.31227 1.07981 0.965656 0.831318 0.673005 -0.72413 -1.00933 -1.24653 -1.44205 -2.20518 -2.21059 -2.21552 -2.22089 -2.41692 -2.36978 -2.32686 -2.28692 -2.23578 -2.14873 -2.0613 -1.97252 -1.58615 -1.41789 -1.26681 -1.13241 -0.2577
-1.31246 -29.5642 -27.4095 -5.35958 -30.1831 -25.7056 -9.3029 -30.0727 -23.6799 -13.0274 -29.2202 -21.4289 -16.4294 -27.6461 -19.0595 -19.8888 -24.9568 -16.2794 -22.6976 -21.4739 -13.651 -24.806 -17.3478 -11.3145 -26.2042 -12.7413 -9.37732 -26.8117 -8.9782 -8.20674 -27.0304 -5.09415 -7.33134 -26.8828 -1.15141 -6.75431 -26.3928 2.79539 -6.46678 -25.5052 7.00618 -6.4597 -24.2694 11.1192 -6.73253 -22.7047 15.0955 -7.24246 -20.8247 18.9029 -7.94104 -17.3675 24.3293 -9.26933 -13.2138 29.2069 -10.7251 -8.38379 33.4366 -12.1191 -2.9228 36.9029 -13.2702 2.77379 39.3708 -13.9878 8.82529 40.9142 -14.2203 15.0441 41.4354 -13.886 21.197 40.8744 -12.9462 26.4227 39.4523 -11.5981 31.2034 37.201 -9.80227 35.369 34.2029 -7.60982 38.7766 30.5767 -5.08251 41.3698 26.3596 -2.20964 42.9716 21.8181 0.884169 43.5401 17.1468 4.14272 43.0681 12.5472 7.51657 41.4261 7.902 11.2247 38.686 3.82018 14.9468 34.973 0.524779 18.6044 30.4597 -1.8035 22.1019 26.1802 -2.9261 24.8502 21.6143 -3.24701 27.3354 16.8939 -2.78637 29.4878 12.1344 -1.60528 31.2424 6.73665 0.522142 32.6929 1.4977 3.30132 33.464 -3.52922 6.54089 33.4859 -8.31382 10.0405 32.695 -12.1289 13.0239 31.3595 -15.7323 15.9177 29.3897 -19.0911 18.5917 26.7807 -22.1601 20.9152 23.5525 -25.1876 22.9518 19.2648 -27.7011 24.2344 14.3929 -29.6267 24.6407 9.11792 -30.9127 24.0973 3.66365 -31.5278 22.6666 -1.50695 -31.5537 20.3795 -6.39866 -31.0381 17.3125 -10.8132 -30.0548 13.5749 -14.5846 -28.718 9.36784 -17.5464 -27.1089 4.77388 -19.6832 -25.3198 -0.0680246 -20.9536 -23.4341 -5.02236 -21.351 -21.4426 -10.1628 -20.8607 -19.4799 -15.1552 -19.4987 -17.5819 -19.8817 -17.3333 -15.7627 -24.2378 -14.4444 -13.8653 -28.453 -10.5742 -12.0273 -32.0079 -6.06522 -10.2075 -34.7994 -1.04108 -8.35866 -36.7303 4.36261 -6.86274 -37.5773 8.73945 -5.30298 -37.8082 13.1695 -3.66621 -37.3965 17.5585 -1.94564 -36.3299 21.8028 -0.0411748 -34.5029 26.0015 1.94748 -31.9889 29.7856 4.00422 -28.8511 33.0288 6.10738 -25.1815 35.6182 8.64401 -20.2622 37.7317 11.1671 -14.986 38.6786 13.6344 -9.6062 38.4116 16.0076 -4.37953 36.9449 18.384 0.728902 34.1575 20.5811 5.13404 30.2484 22.5669 8.62749 25.4145 24.3106 11.0609 19.8872 25.4495 12.1421 15.4048 26.4175 12.5569 10.7734 27.1976 12.3159 6.09453 27.7702 11.4483 1.4601 28.1464 9.71525 -3.751 28.1756 7.28554 -8.69026 27.8147 4.25623 -13.2722 27.0169 0.732706 -17.4254 25.8118 -2.96042 -20.9093 24.1293 -6.89168 -23.8999 21.9345 -10.9451 -26.3457 19.2048 -14.9895 -28.1952 15.0496 -19.8128 -29.5989 10.1246 -24.0711 -29.9327 4.58607 -27.4266 -29.181 -0.396236 -0.34015 -0.293959 -0.255749 -0.083066 -0.0922582 -0.103658 -0.115892 -0.12883 -0.1554 -0.180558 -0.204467 -0.283422 -0.322344 -0.360739 -0.399543 -0.646471 -0.738794 -0.831853 -0.927057 -1.46008 -1.51432 -1.56341 -1.60922 -1.8692 -1.83881 -1.80927 -1.78024 -1.71206 -1.61128 -1.51151 -1.41162 -0.789905 -0.569591 -0.345955 -0.118184 0.944539 1.05752 1.15612 1.24009 1.55922 1.55759 1.55035 1.5391 1.54108 1.52594 1.51242 1.50126 1.54513 1.55572 1.57151 1.59415 1.75312 1.78647 1.82427 1.86814 1.94115 1.95457 1.9693 1.98567 1.87 1.84731 1.82511 1.80247 1.56684 1.53313 1.50222 1.47246 1.36426 1.35578 1.34838 1.34141 1.32659 1.31138 1.29445 1.27496 1.03742 0.92071 0.784834 0.626317 -0.762936 -1.03794 -1.26574 -1.45318 -2.1997 -2.20778 -2.21518 -2.2229 -2.42774 -2.38674 -2.3495 -2.31475 -2.28337 -2.20102 -2.11658 -2.02893 -1.65785 -1.4757 -1.30644 -1.15138 -0.198327
-0.139166 -30.9087 -24.9606 -4.2405 -31.2838 -23.3163 -8.24348 -30.942 -21.4388 -12.0437 -29.8814 -19.4143 -15.5461 -28.129 -17.334 -19.1608 -25.2716 -14.9469 -22.1658 -21.6618 -12.7405 -24.5045 -17.4435 -10.8261 -26.1554 -12.7708 -9.28704 -26.9624 -8.96924 -8.39433 -27.3781 -5.05356 -7.76616 -27.4186 -1.08294 -7.40218 -27.1018 2.89041 -7.29199 -26.3795 7.13025 -7.43639 -25.283 11.2737 -7.82129 -23.8294 15.2815 -8.40718 -22.0325 19.1206 -9.14989 -18.6518 24.5913 -10.4934 -14.5269 29.5015 -11.9208 -9.69518 33.7458 -13.2637 -4.21998 37.2063 -14.3639 1.48915 39.6522 -15.0567 7.54789 41.1636 -15.3099 13.7735 41.6498 -15.062 19.9465 41.0553 -14.2885 25.2163 39.6032 -13.1624 30.079 37.316 -11.6556 34.3736 34.2657 -9.81152 37.9595 30.5586 -7.67914 40.7824 26.216 -5.2429 42.6502 21.4959 -2.59829 43.5053 16.5876 0.219515 43.3228 11.694 3.18303 41.9773 6.67855 6.50839 39.5005 2.19058 9.93583 36.0079 -1.51817 13.4101 31.6717 -4.23326 16.8524 27.5154 -5.63629 19.6601 23.0588 -6.17742 22.3007 18.4458 -5.86496 24.6986 13.8024 -4.75396 26.7798 8.55711 -2.60965 28.6913 3.49125 0.28744 29.9986 -1.35207 3.74137 30.6133 -5.9622 7.54736 30.4511 -9.65785 10.8552 29.6517 -13.1838 14.1289 28.2061 -16.5228 17.2276 26.0877 -19.6416 20.0038 23.2941 -22.8143 22.5525 19.4036 -25.5654 24.3131 14.8177 -27.8078 25.123 9.71735 -29.4695 24.8769 4.34368 -30.4788 23.6171 -0.809434 -30.9125 21.3922 -5.71062 -30.8036 18.2967 -10.134 -30.2143 14.4674 -13.8955 -29.2449 10.1372 -16.8229 -27.9766 5.41247 -18.9031 -26.4952 0.450202 -20.1034 -24.8786 -4.60365 -20.4267 -23.1207 -9.82124 -19.8634 -21.3397 -14.8636 -18.4372 -19.5699 -19.614 -16.2163 -17.8263 -23.9675 -13.2773 -15.956 -28.1462 -9.35471 -14.0958 -31.6214 -4.79302 -12.2155 -34.2799 0.280748 -10.2801 -36.0154 5.72032 -8.7074 -36.664 10.1041 -7.06883 -36.6587 14.5117 -5.35635 -35.9803 18.8383 -3.56701 -34.6288 22.9715 -1.59979 -32.4998 26.9953 0.441942 -29.7041 30.5463 2.54536 -26.3268 33.5067 4.69492 -22.4781 35.7786 7.29782 -17.4399 37.4938 9.91555 -12.1547 38.0559 12.5221 -6.86908 37.4484 15.0916 -1.82296 35.7061 17.7456 3.02246 32.7076 20.2889 7.11356 28.6693 22.676 10.2587 23.7781 24.8536 12.3185 18.2528 26.323 13.1021 13.8047 27.6092 13.2067 9.23379 28.6816 12.6435 4.64128 29.5085 11.4433 0.120862 30.1191 9.31654 -4.91945 30.3085 6.49356 -9.64127 30.0293 3.08482 -13.9544 29.2369 -0.78733 -17.7858 27.9741 -4.76504 -20.9182 26.1845 -8.9194 -23.5197 23.8484 -13.1194 -25.5523 20.9606 -17.223 -26.9842 16.6091 -21.991 -27.8959 11.5161 -26.06 -27.8258 5.85088 -29.1223 -26.8121 -0.200172 -0.160693 -0.129081 -0.103672 0.0436661 0.0250848 0.00551417 -0.0140326 -0.0359976 -0.0669923 -0.0964902 -0.124692 -0.20805 -0.251268 -0.293805 -0.3365 -0.58631 -0.682332 -0.777976 -0.874742 -1.40643 -1.46416 -1.51739 -1.56788 -1.8445 -1.82254 -1.80139 -1.78056 -1.7446 -1.65503 -1.56585 -1.47618 -0.929772 -0.71995 -0.503845 -0.279854 0.806462 0.939646 1.05782 1.16033 1.51148 1.52165 1.52445 1.52161 1.52619 1.51613 1.5075 1.50135 1.54801 1.56345 1.58447 1.61284 1.75715 1.78934 1.8253 1.86645 1.90095 1.90773 1.91567 1.92505 1.77845 1.75215 1.72644 1.70027 1.45848 1.4254 1.39457 1.36445 1.26368 1.25592 1.24907 1.24247 1.22497 1.20949 1.19188 1.17109 0.903741 0.783408 0.644673 0.485092 -0.855534 -1.0916 -1.2883 -1.45315 -2.15413 -2.15841 -2.16292 -2.16842 -2.35875 -2.31185 -2.26868 -2.22795 -2.16244 -2.07148 -1.98003 -1.88719 -1.47723 -1.30873 -1.15786 -1.02365 -0.306717
3.13772 -28.9779 -27.4561 -1.04938 -29.4144 -26.0621 -5.16956 -29.1559 -24.4427 -9.12356 -28.1997 -22.6772 -12.8192 -26.5674 -20.8486 -16.7085 -23.8592 -18.7349 -20.03 -20.3918 -16.7668 -22.7089 -16.2939 -15.0466 -24.7002 -11.7093 -13.6519 -25.752 -7.951 -12.8343 -26.387 -4.05815 -12.2491 -26.6122 -0.0928021 -11.8952 -26.4391 3.88865 -11.7609 -25.8213 8.14669 -11.839 -24.7754 12.312 -12.1128 -23.321 16.3396 -12.5394 -21.4772 20.1914 -13.071 -17.9537 25.6604 -13.9865 -13.6386 30.5386 -14.8501 -8.61526 34.7236 -15.4942 -2.99211 38.1094 -15.7757 2.78384 40.4899 -15.6078 8.82273 41.964 -14.9631 14.9492 42.4615 -13.8335 20.9727 41.9373 -12.2528 26.1036 40.5934 -10.5161 30.8573 38.4397 -8.53815 35.101 35.5199 -6.39019 38.7107 31.9061 -4.14117 41.6372 27.5845 -1.79116 43.6751 22.779 0.557428 44.7414 17.6574 2.88011 44.7789 12.4132 5.17359 43.6402 6.8709 7.625 41.2973 1.72458 10.0846 37.8343 -2.72925 12.5735 33.4121 -6.21154 15.0916 29.1053 -8.22218 17.2215 24.4555 -9.28885 19.3114 19.6453 -9.38739 21.3062 14.8417 -8.55631 23.1396 9.50065 -6.57106 24.9555 4.45911 -3.67462 26.355 -0.241724 -0.082277 27.2282 -4.61832 3.98667 27.4611 -8.08072 7.60562 27.0689 -11.3698 11.2689 26.0683 -14.4967 14.8275 24.3957 -17.4507 18.1161 22.0089 -20.5104 21.2656 18.485 -23.2257 23.5985 14.1396 -25.4951 24.8903 9.15167 -27.2232 24.9863 3.79422 -28.3122 23.9042 -1.38294 -28.8289 21.7213 -6.29498 -28.8033 18.568 -10.6786 -28.3028 14.6269 -14.3361 -27.4342 10.1746 -17.1078 -26.2866 5.34283 -19.004 -24.9496 0.299491 -20.022 -23.5005 -4.81236 -20.1911 -21.9383 -10.0787 -19.5154 -20.3701 -15.1749 -18.0321 -18.8251 -19.9995 -15.8033 -17.3147 -24.4558 -12.8894 -15.7054 -28.778 -9.00673 -14.113 -32.415 -4.46984 -12.5083 -35.2265 0.61609 -10.8585 -37.0716 6.11336 -9.51722 -37.7514 10.5688 -8.11887 -37.7162 15.0582 -6.65588 -36.9408 19.4594 -5.12491 -35.4277 23.6401 -3.43801 -33.0719 27.6648 -1.68074 -30.015 31.1522 0.140302 -26.3714 33.981 2.01819 -22.2803 36.062 4.32478 -17.0152 37.497 6.6974 -11.5931 37.7673 9.13193 -6.26115 36.9045 11.6232 -1.24032 34.9846 14.3157 3.53625 31.9108 17.0362 7.56102 27.9216 19.745 10.6855 23.1873 22.3847 12.8014 17.8894 24.2871 13.6867 13.6284 26.0677 13.9416 9.23261 27.6818 13.5676 4.78138 29.0803 12.5805 0.351004 30.3663 10.7082 -4.66312 31.2143 8.1211 -9.4473 31.5473 4.90795 -13.9044 31.2955 1.17833 -17.945 30.462 -2.7158 -21.317 29.0124 -6.83092 -24.1794 26.9266 -11.0249 -26.4791 24.2063 -15.1426 -28.1745 19.9656 -19.9387 -29.4051 14.902 -24.0374 -29.6501 9.20715 -27.1349 -28.9612 -0.115808 -0.0813407 -0.0549798 -0.0348202 0.109177 0.0860818 0.0621369 0.0383405 0.0168729 -0.0174835 -0.0503514 -0.0819166 -0.164819 -0.211498 -0.257015 -0.302035 -0.541035 -0.631831 -0.718251 -0.802126 -1.25234 -1.29378 -1.33243 -1.3702 -1.60447 -1.58449 -1.56643 -1.54929 -1.52608 -1.44872 -1.3712 -1.29259 -0.844179 -0.66566 -0.480683 -0.287241 0.671677 0.813876 0.944747 1.06237 1.43855 1.46235 1.47686 1.48388 1.49068 1.48611 1.48298 1.4827 1.54303 1.56663 1.59673 1.63521 1.79417 1.83103 1.87118 1.91587 1.93112 1.9352 1.94055 1.94749 1.77659 1.74865 1.72139 1.69354 1.42767 1.39004 1.35357 1.31678 1.19648 1.1832 1.17066 1.15818 1.13154 1.10855 1.08295 1.05353 0.755612 0.619328 0.467409 0.299857 -1.03536 -1.23075 -1.38936 -1.52157 -2.22323 -2.2183 -2.21528 -2.21465 -2.44045 -2.38703 -2.33758 -2.29093 -2.25227 -2.15219 -2.05312 -1.95468 -1.56417 -1.3932 -1.24546 -1.11841 -0.504636
5.13365 -25.8498 -29.7183 0.878684 -26.5361 -28.6744 -3.37346 -26.5253 -27.4156 -7.51826 -25.808 -26.0115 -11.4543 -24.3982 -24.5331 -15.6703 -21.9195 -22.7983 -19.3402 -18.6388 -21.1558 -22.3575 -14.6798 -19.6893 -24.6462 -10.1876 -18.4603 -25.8804 -6.4727 -17.7011 -26.6477 -2.60476 -17.1094 -26.9494 1.34805 -16.6802 -26.7948 5.32258 -16.3989 -26.1336 9.57171 -16.2364 -24.9853 13.7187 -16.1839 -23.3801 17.7114 -16.2002 -21.3509 21.5061 -16.2407 -17.5109 26.8368 -16.2637 -12.8994 31.513 -16.0912 -7.65656 35.4413 -15.5967 -1.93407 38.5382 -14.6887 3.80623 40.6442 -13.3961 9.68966 41.8757 -11.6857 15.5713 42.19 -9.5967 21.3094 41.559 -7.20214 26.1977 40.1852 -4.88588 30.7604 38.0524 -2.48159 34.8948 35.1826 -0.0692463 38.4929 31.6195 2.27716 41.5087 27.3189 4.55154 43.7192 22.4732 6.64792 45.0067 17.2294 8.54722 45.2686 11.7732 10.2574 44.3217 5.91202 11.9227 42.0682 0.383832 13.4668 38.5632 -4.46572 14.9569 33.9712 -8.30102 16.4494 29.4486 -10.5394 17.7387 24.5552 -11.75 19.0487 19.5157 -11.9063 20.3546 14.5331 -11.0584 21.6123 9.0782 -8.98609 22.9217 4.02988 -5.96027 23.9818 -0.58318 -2.21735 24.6713 -4.80434 2.01514 24.8529 -8.10866 5.78232 24.4943 -11.2339 9.60617 23.5724 -14.207 13.3362 21.9956 -17.0278 16.7978 19.6937 -19.9669 20.1197 16.226 -22.5864 22.5648 11.8834 -24.7706 23.8696 6.86101 -26.408 23.8575 1.47433 -27.3957 22.5642 -3.67461 -27.7973 20.0973 -8.4614 -27.652 16.6353 -12.6031 -27.0401 12.4093 -15.9086 -26.082 7.73549 -18.2531 -24.8721 2.75931 -19.679 -23.5023 -2.34853 -20.2204 -22.0482 -7.45393 -19.9381 -20.5051 -12.6549 -18.8429 -18.9746 -17.646 -17.005 -17.4803 -22.344 -14.4896 -16.0294 -26.6662 -11.352 -14.493 -30.8421 -7.28406 -12.9837 -34.3313 -2.60501 -11.4776 -36.9825 2.59589 -9.95155 -38.6356 8.18917 -8.73292 -39.1283 12.704 -7.48703 -38.8653 17.2307 -6.21323 -37.8188 21.6345 -4.91415 -35.9963 25.77 -3.5223 -33.2863 29.6832 -2.11289 -29.8683 32.9885 -0.688957 -25.8805 35.5699 0.750897 -21.4831 37.3543 2.49783 -15.9197 38.402 4.29742 -10.276 38.2943 6.17607 -4.78455 37.1045 8.16013 0.360997 34.9393 10.401 5.2673 31.7113 12.7908 9.45429 27.6775 15.3162 12.7992 22.9927 17.938 15.2054 17.811 19.9422 16.3542 13.661 21.9239 16.9032 9.37967 23.8334 16.8415 5.03131 25.6128 16.1692 0.679266 27.4304 14.6428 -4.28734 28.8812 12.355 -9.07918 29.8589 9.37252 -13.6013 30.2626 5.78973 -17.7608 30.0333 1.95146 -21.2884 29.1483 -2.187 -24.3411 27.5698 -6.47573 -26.8598 25.286 -10.7478 -28.7995 21.479 -15.8016 -30.3701 16.7161 -20.2082 -30.9988 11.1832 -23.6465 -30.7426 -0.0327493 -0.00437359 0.0159561 0.0304934 0.171628 0.143456 0.11548 0.0884773 0.0679379 0.0319475 -0.00217171 -0.0346497 -0.113485 -0.159278 -0.203034 -0.245342 -0.456634 -0.532646 -0.602238 -0.667796 -1.01909 -1.0474 -1.0745 -1.10194 -1.28836 -1.27302 -1.25971 -1.24723 -1.23625 -1.17192 -1.10561 -1.03644 -0.66036 -0.499253 -0.330945 -0.154812 0.669634 0.806437 0.933205 1.04802 1.40017 1.42743 1.44514 1.45515 1.46102 1.45899 1.45881 1.46204 1.53228 1.56139 1.59824 1.64497 1.81001 1.85102 1.89559 1.94497 1.93499 1.93839 1.94327 1.94986 1.75692 1.73019 1.70411 1.67718 1.40548 1.36804 1.33025 1.29062 1.16416 1.14678 1.12952 1.1118 1.07491 1.0447 1.0114 0.973832 0.638164 0.484646 0.316666 0.136029 -1.30237 -1.47185 -1.60368 -1.71098 -2.4326 -2.41518 -2.40122 -2.39106 -2.64925 -2.58647 -2.52794 -2.47268 -2.46293 -2.35091 -2.24129 -2.13433 -1.75789 -1.579 -1.43067 -1.30832 -0.788279
8.28666 -22.965 -33.4723 4.27629 -24.4993 -32.3641 0.158492 -25.3196 -30.9371 -3.94924 -25.385 -29.2674 -7.92796 -24.684 -27.4388 -12.2688 -22.9183 -25.2099 -16.1143 -20.213 -23.014 -19.3321 -16.6939 -20.967 -21.8286 -12.5193 -19.159 -23.2227 -8.97794 -17.9694 -24.1495 -5.23146 -16.9671 -24.6126 -1.35623 -16.1498 -24.6249 2.57847 -15.5033 -24.1543 6.82265 -14.9701 -23.2118 11.0021 -14.5668 -21.8302 15.065 -14.246 -20.0433 18.9691 -13.9573 -16.605 24.5471 -13.4815 -12.4248 29.5689 -12.7952 -7.6286 33.9375 -11.7588 -2.35063 37.5579 -10.2761 2.98652 40.2214 -8.4113 8.5054 42.0473 -6.11673 14.0827 42.9684 -3.45188 19.5992 42.929 -0.515164 24.3765 42.0454 2.2315 28.9199 40.3439 4.99028 33.1286 37.8252 7.65314 36.8877 34.5155 10.1155 40.1418 30.3635 12.3369 42.6407 25.5538 14.1766 44.2399 20.2441 15.5949 44.8122 14.6371 16.593 44.1754 8.53861 17.2466 42.1868 2.71049 17.566 38.882 -2.49406 17.6865 34.4051 -6.73382 17.7566 29.8993 -9.34323 17.8828 24.9464 -10.9352 18.1299 19.7799 -11.462 18.5249 14.624 -10.9514 19.0571 8.9504 -9.20317 19.7772 3.70717 -6.41746 20.4938 -1.03962 -2.82217 21.0477 -5.30913 1.36058 21.2504 -8.57846 5.16581 20.985 -11.5967 9.10198 20.1879 -14.3905 13.0142 18.7292 -16.9601 16.7127 16.5027 -19.5342 20.3278 13.0382 -21.7058 23.0336 8.6042 -23.3731 24.4985 3.43004 -24.4528 24.4981 -2.09554 -24.9089 23.0719 -7.28374 -24.8322 20.3664 -11.9565 -24.3105 16.6188 -15.8092 -23.461 12.119 -18.671 -22.4221 7.22806 -20.4762 -21.2829 2.10449 -21.3191 -20.12 -3.08263 -21.2894 -18.9837 -8.21413 -20.4918 -17.857 -13.4093 -18.9518 -16.7937 -18.3877 -16.7802 -15.7816 -23.0918 -14.0456 -14.7956 -27.4599 -10.7931 -13.7137 -31.7472 -6.69488 -12.5766 -35.4158 -2.04781 -11.3428 -38.3017 3.0996 -9.98401 -40.2139 8.65328 -8.83055 -40.8944 13.1608 -7.60568 -40.7824 17.6994 -6.32918 -39.8299 22.1238 -5.02948 -38.0334 26.2705 -3.6697 -35.2791 30.1639 -2.3565 -31.7584 33.4003 -1.11662 -27.634 35.8591 0.0379079 -23.0902 37.4762 1.30937 -17.3615 38.2926 2.50185 -11.5675 37.9612 3.67205 -5.92308 36.593 4.88681 -0.589505 34.3173 6.29616 4.59383 31.0523 7.89645 9.17175 27.0529 9.73119 13.0402 22.4504 11.8129 16.1019 17.3704 13.5367 17.8221 13.2927 15.363 18.9944 9.06787 17.2514 19.5909 4.75086 19.1488 19.5923 0.396723 21.2774 18.8395 -4.62352 23.2199 17.2835 -9.53333 24.8561 14.9543 -14.2448 26.0641 11.9087 -18.6682 26.7054 8.43842 -22.512 26.7655 4.50132 -25.9361 26.1702 0.224158 -28.8654 24.868 -4.2406 -31.2316 22.2242 -9.82348 -33.3154 18.4815 -15.0552 -34.3745 13.7638 -19.5543 -34.4041 -0.0697664 -0.0204241 0.0170513 0.0458718 0.242039 0.219905 0.197605 0.1762 0.177792 0.145123 0.114884 0.0868398 0.0256815 -0.0141046 -0.0511395 -0.0861292 -0.261591 -0.323717 -0.378982 -0.4302 -0.727395 -0.746183 -0.765164 -0.785891 -0.957766 -0.943899 -0.933249 -0.924214 -0.935555 -0.881164 -0.825384 -0.767316 -0.478084 -0.346474 -0.210838 -0.0708813 0.58334 0.703617 0.817484 0.923176 1.26897 1.30097 1.32299 1.33683 1.34529 1.3445 1.34579 1.3512 1.4408 1.48169 1.53396 1.60111 1.82653 1.88769 1.95387 2.02623 1.99987 2.0081 2.01771 2.02842 1.78064 1.75368 1.72732 1.69943 1.38702 1.3512 1.31367 1.27277 1.13655 1.11919 1.10135 1.08281 1.04474 1.01353 0.980119 0.943572 0.593874 0.438208 0.268181 0.0854299 -1.54221 -1.70239 -1.81867 -1.90778 -2.69692 -2.66456 -2.63641 -2.61314 -2.91947 -2.847 -2.77884 -2.71422 -2.76861 -2.64397 -2.51956 -2.39604 -2.04209 -1.80519 -1.60407 -1.43578 -0.774245
11.505 -20.8047 -34.804 8.08689 -23.2795 -33.4411 4.44564 -25.0668 -31.6488 0.698422 -26.0855 -29.5073 -3.02973 -26.2884 -27.1146 -7.20411 -25.4817 -24.1393 -11.0054 -23.6042 -21.147 -14.2912 -20.7713 -18.2998 -16.9644 -17.1422 -15.7283 -18.5707 -13.9293 -13.9971 -19.7784 -10.4352 -12.503 -20.5931 -6.73837 -11.2501 -21.0286 -2.90913 -10.2268 -21.0934 1.30408 -9.35305 -20.7619 5.54079 -8.67544 -20.0565 9.7523 -8.14222 -18.9958 13.899 -7.69694 -16.7215 20.0313 -7.07634 -13.6921 25.8131 -6.32973 -9.94567 31.1082 -5.28657 -5.53768 35.7542 -3.82103 -0.810488 39.4011 -1.97446 4.32675 42.1326 0.306871 9.73371 43.807 2.956 15.2465 44.3209 5.85457 20.1128 43.7526 8.52743 24.788 42.2141 11.1586 29.1369 39.7412 13.6325 33.0227 36.4039 15.8485 36.3846 32.19 17.7729 38.9719 27.3164 19.2949 40.6478 21.9562 20.4003 41.2903 16.3131 21.1113 40.7215 10.1853 21.4974 38.7866 4.33113 21.5926 35.5158 -0.895761 21.5201 31.0543 -5.15072 21.4066 26.5516 -7.7682 21.3631 21.5957 -9.36915 21.4101 16.418 -9.9138 21.5584 11.2366 -9.43588 21.7845 5.50758 -7.744 22.0693 0.183042 -5.02714 22.2509 -4.64856 -1.50395 22.1624 -8.95914 2.60431 21.609 -12.1762 6.334 20.6197 -15.0129 10.1622 19.027 -17.4456 13.9063 16.7244 -19.4331 17.3467 13.6499 -21.0685 20.5389 9.31023 -22.0191 22.6784 4.19 -22.2647 23.4702 -1.37871 -21.8546 22.7611 -6.94886 -20.9599 20.6971 -11.858 -19.7282 17.4523 -15.9949 -18.3257 13.2928 -19.14 -16.9016 8.51167 -21.2071 -15.5892 3.45909 -22.2112 -14.4344 -1.72947 -22.2796 -13.4681 -6.90262 -21.5286 -12.69 -11.9569 -20.0765 -12.0548 -17.0184 -17.9297 -11.5521 -21.8206 -15.2247 -11.1247 -26.3144 -12.0224 -10.7096 -30.442 -8.35886 -10.2001 -34.4318 -3.86796 -9.55705 -37.7572 1.11949 -8.72366 -40.2407 6.54944 -7.67009 -41.6782 12.3087 -6.69794 -41.9355 16.9023 -5.61748 -41.3607 21.4425 -4.46715 -39.9217 25.7689 -3.29727 -37.6397 29.7104 -2.10213 -34.4064 33.2756 -1.00416 -30.4733 36.0897 -0.045571 -26.0265 38.0649 0.753929 -21.2599 39.176 1.50516 -15.3877 39.4075 2.08148 -9.55253 38.5591 2.55646 -3.92489 36.7687 3.01945 1.38072 34.173 3.59963 6.56815 30.6705 4.37607 11.2218 26.5166 5.43459 15.2588 21.816 6.8319 18.5864 16.6694 8.12679 20.5656 12.5506 9.61684 22.038 8.28788 11.2748 22.9646 3.93458 13.0569 23.314 -0.454102 15.2038 22.9717 -5.5112 17.3325 21.8165 -10.4543 19.3241 19.8603 -15.1985 21.0546 17.1398 -19.66 22.3399 13.9109 -23.5525 23.1783 10.1246 -27.0439 23.4786 5.87795 -30.0614 23.1639 1.2928 -32.5325 21.8316 -4.69058 -34.7516 19.4063 -10.6312 -35.9036 15.9202 -16.14 -35.9204 -0.299778 -0.221051 -0.159091 -0.109653 0.164974 0.149882 0.133965 0.118319 0.148003 0.118131 0.0911197 0.0668296 0.0294837 -0.00486995 -0.0358344 -0.0642789 -0.197058 -0.252762 -0.303435 -0.352221 -0.640796 -0.66813 -0.695718 -0.724716 -0.921572 -0.912305 -0.905904 -0.900784 -0.929196 -0.878234 -0.826343 -0.772449 -0.504819 -0.375352 -0.241548 -0.103381 0.530438 0.645756 0.752593 0.849803 1.17306 1.19484 1.20772 1.21422 1.21619 1.21125 1.20976 1.21403 1.34609 1.40284 1.47823 1.5786 1.92299 2.02279 2.13082 2.24735 2.21931 2.24452 2.26955 2.29336 1.98027 1.95299 1.92441 1.89187 1.52303 1.48438 1.44226 1.39492 1.25165 1.23182 1.21083 1.18889 1.14165 1.1074 1.07216 1.03537 0.640371 0.482628 0.31124 0.126614 -1.72597 -1.8671 -1.96241 -2.03014 -2.83642 -2.79145 -2.7504 -2.71436 -3.03459 -2.95397 -2.87689 -2.8029 -2.89857 -2.76445 -2.62709 -2.48706 -2.14624 -1.83634 -1.56104 -1.32295 -0.252462
18.948 -17.4543 -37.3948 15.9295 -20.4337 -36.0997 12.6554 -22.8089 -34.2818 9.22636 -24.4792 -32.0198 5.74864 -25.3726 -29.4173 1.7578 -25.3853 -26.1005 -2.00189 -24.2949 -22.694 -5.40459 -22.176 -19.3985 -8.3613 -19.1585 -16.3849 -10.2997 -16.3352 -14.3426 -11.9361 -13.157 -12.5758 -13.2725 -9.70335 -11.0973 -14.3173 -6.04629 -9.89974 -15.1309 -1.94175 -8.89501 -15.6341 2.26483 -8.13985 -15.8383 6.52572 -7.57246 -15.7487 10.8046 -7.12282 -15.0401 17.3083 -6.52117 -13.6018 23.6733 -5.75898 -11.3805 29.7463 -4.59794 -8.33722 35.3013 -2.85386 -4.6896 39.8303 -0.564683 -0.391341 43.3338 2.31744 4.3977 45.5537 5.66313 9.45539 46.3179 9.25367 13.994 45.7267 12.4473 18.3727 43.9832 15.4365 22.4391 41.2055 18.0626 26.0689 37.5519 20.213 29.2349 33.0771 21.8607 31.7508 28.0487 22.9321 33.5378 22.6367 23.4604 34.5162 16.9973 23.5132 34.5711 10.8424 23.1416 33.4866 4.81044 22.4609 31.1847 -0.847567 21.6172 27.6547 -5.8298 20.7567 23.7863 -9.25808 20.1174 19.2517 -11.7709 19.6166 14.261 -13.2214 19.278 9.06577 -13.5363 19.0841 3.17425 -12.5161 18.9662 -2.32066 -10.1609 18.8121 -7.18076 -6.69684 18.4318 -11.2551 -2.39685 17.6104 -14.0014 1.63393 16.4064 -16.0819 5.84 14.6123 -17.4574 9.988 12.1342 -18.0942 13.8064 8.93222 -17.9154 17.3297 4.54449 -16.8409 19.644 -0.474184 -15.0119 20.4202 -5.74199 -12.6676 19.5143 -10.78 -10.2129 17.1442 -14.9653 -7.8175 13.5553 -18.2121 -5.68614 9.0897 -20.3745 -3.94445 4.09292 -21.4511 -2.65817 -1.06422 -21.5443 -1.78836 -6.25717 -20.812 -1.29147 -11.3554 -19.3905 -1.10607 -16.2788 -17.3942 -1.17213 -21.164 -14.7939 -1.4273 -25.758 -11.7179 -1.80264 -30.0072 -8.19157 -2.23819 -33.837 -4.21998 -2.7249 -37.4113 0.610576 -3.1758 -40.1845 5.94467 -3.55755 -41.9414 11.6991 -3.8525 -42.4622 17.6982 -4.02081 -41.8865 22.362 -4.13912 -40.411 26.8253 -4.2165 -38.0586 30.8962 -4.26378 -34.9161 34.3939 -4.29138 -30.9014 37.3051 -4.30245 -26.3699 39.32 -4.2955 -21.5325 40.4123 -4.25982 -16.5777 40.6189 -4.15348 -10.7092 39.8123 -3.92959 -5.06246 38.0329 -3.52997 0.257476 35.4561 -2.89193 5.19097 32.2381 -1.88859 9.95892 28.2665 -0.48905 14.2042 23.8469 1.34467 17.8739 19.0841 3.6199 20.9033 14.0681 5.61503 22.7203 10.1596 7.81844 24.0963 6.1834 10.1878 25.0007 2.16759 12.6684 25.4063 -1.86237 15.6 25.2253 -6.51789 18.4812 24.3221 -11.1205 21.1914 22.6869 -15.624 23.6064 20.3264 -19.971 25.5105 17.4434 -23.8815 26.9401 13.9768 -27.5102 27.8073 9.99454 -30.7689 28.0397 5.59135 -33.5594 27.3688 -0.313152 -36.2403 25.5915 -6.37449 -37.8532 22.7433 -12.2246 -38.2584 -0.514234 -0.40369 -0.317538 -0.250366 0.0873579 0.0740928 0.0566217 0.0370553 0.0846703 0.0494453 0.017366 -0.0113555 -0.0315212 -0.0682151 -0.100017 -0.127794 -0.215028 -0.265866 -0.310345 -0.352647 -0.577594 -0.603435 -0.630317 -0.659023 -0.814723 -0.809784 -0.808562 -0.80907 -0.834499 -0.804729 -0.775144 -0.744384 -0.573307 -0.484359 -0.387076 -0.281007 0.267017 0.383567 0.494847 0.598965 0.953316 0.976029 0.988528 0.994685 0.987579 0.980791 0.980269 0.989363 1.21129 1.30993 1.44365 1.62472 2.21837 2.39289 2.57321 2.75544 2.69473 2.73747 2.77608 2.80963 2.41044 2.38024 2.34563 2.30362 1.83377 1.77047 1.69828 1.61585 1.40006 1.34977 1.29723 1.24291 1.14614 1.0754 1.00299 0.928345 0.390564 0.1772 -0.0327981 -0.233699 -1.95325 -2.01061 -2.04421 -2.06703 -2.83043 -2.77945 -2.73428 -2.69556 -3.06287 -2.98023 -2.90104 -2.82471 -2.97649 -2.83658 -2.69337 -2.5472 -2.27741 -1.93146 -1.6123 -1.32731 0.0703826
20.1308 -7.32747 -43.4684 17.7903 -10.9774 -42.538 15.1901 -14.1807 -40.9123 12.411 -16.7975 -38.6553 9.53871 -18.7084 -35.8689 6.17366 -19.9351 -32.1139 2.9224 -20.0068 -28.0701 -0.110939 -18.9297 -23.9998 -2.84969 -16.7857 -20.1487 -4.72605 -14.5037 -17.4708 -6.38968 -11.7543 -15.11 -7.8382 -8.62605 -13.1062 -9.07512 -5.20625 -11.4707 -10.18 -1.27884 -10.102 -11.0563 2.81219 -9.09496 -11.7114 7.00411 -8.37574 -12.1466 11.2534 -7.85317 -12.3719 17.7904 -7.23761 -12.0048 24.3035 -6.45864 -10.9563 30.6553 -5.14799 -9.14197 36.5942 -3.00334 -6.67608 41.5088 -0.0330067 -3.55108 45.3141 3.81533 0.0736589 47.6652 8.33081 3.96871 48.3635 13.1679 7.47483 47.5826 17.4393 10.8482 45.5875 21.4126 13.9728 42.5595 24.9078 16.7664 38.7024 27.8175 19.2241 34.0874 30.1465 21.2102 28.9846 31.8136 22.6562 23.5442 32.8498 23.4753 17.8972 33.3009 23.5383 11.7322 33.1891 22.6094 5.6728 32.5221 20.5681 -0.0301352 31.3674 17.3657 -5.06176 29.802 13.8059 -8.52168 28.2261 9.60094 -11.0501 26.4791 4.96011 -12.502 24.6132 0.1403 -12.8134 22.664 -5.27558 -11.8002 20.3389 -10.2123 -9.4856 17.882 -14.3745 -6.11859 15.2166 -17.5318 -2.0011 12.2429 -19.2683 1.78073 9.42848 -20.0772 5.62448 6.2964 -19.8996 9.27847 2.85324 -18.7203 12.4731 -0.840332 -16.2735 15.1851 -5.12473 -12.8262 16.6656 -9.32255 -8.69133 16.7101 -13.1434 -4.26437 15.279 -16.3139 -0.122425 12.6398 -18.5586 3.60891 8.98849 -19.9389 6.71924 4.60554 -20.4641 9.10404 -0.232743 -20.2109 10.7308 -5.21282 -19.3098 11.6914 -10.2397 -17.8721 12.0704 -15.1975 -15.9915 11.9656 -20.0092 -13.7342 11.445 -24.8055 -11.022 10.6016 -29.3299 -7.94803 9.51521 -33.5174 -4.49606 8.24727 -37.2778 -0.638261 6.71113 -40.7458 4.04783 5.05602 -43.3543 9.22498 3.32044 -44.8664 14.797 1.54867 -45.0576 20.5564 0.177048 -44.1807 24.9679 -1.14934 -42.3898 29.1085 -2.39693 -39.739 32.7866 -3.53475 -36.3456 35.8364 -4.58803 -32.1412 38.2463 -5.47125 -27.505 39.7693 -6.17272 -22.6384 40.4165 -6.68602 -17.7085 40.2524 -7.04557 -11.9041 39.1208 -7.11823 -6.31657 37.1521 -6.88625 -1.01526 34.517 -6.32582 3.967 31.3604 -5.34361 8.88251 27.5674 -3.93529 13.3922 23.4209 -2.08706 17.4579 18.9973 0.193688 21.0258 14.3517 2.18296 23.3482 10.7174 4.37361 25.3149 6.99024 6.72753 26.8918 3.17828 9.19629 28.0454 -0.711839 12.1285 28.8131 -5.3068 15.0382 28.9263 -9.97818 17.8176 28.3493 -14.6944 20.3553 27.0573 -19.4052 22.4367 25.1632 -23.7994 24.1132 22.6258 -28.0397 25.3064 19.473 -32.0228 25.951 15.7558 -35.6278 25.92 10.4425 -39.4052 24.9176 4.60152 -42.1215 22.9588 -1.45391 -43.5339 -1.00946 -0.812158 -0.659671 -0.542235 -0.0797263 -0.0781474 -0.0871212 -0.102981 -0.0304826 -0.0692139 -0.10548 -0.138622 -0.147901 -0.18897 -0.22381 -0.252824 -0.309679 -0.351855 -0.380962 -0.402485 -0.516681 -0.510643 -0.506291 -0.504885 -0.528036 -0.507422 -0.492476 -0.480862 -0.432999 -0.408356 -0.383304 -0.356211 -0.17697 -0.107548 -0.0292896 0.0564514 0.483684 0.551271 0.611818 0.664597 0.867857 0.840267 0.807791 0.774047 0.717357 0.678534 0.645414 0.619775 0.927999 1.02273 1.17043 1.40073 2.41804 2.68546 2.95423 3.21204 3.13925 3.21116 3.27448 3.32873 2.89466 2.87029 2.83765 2.79388 2.21548 2.124 2.01788 1.8961 1.58354 1.49927 1.4122 1.3233 1.18055 1.07487 0.969922 0.86605 0.263232 0.0346933 -0.172788 -0.357107 -2.0619 -2.09425 -2.11219 -2.12606 -2.98025 -2.93187 -2.89016 -2.85567 -3.30093 -3.22617 -3.15495 -3.08666 -3.3198 -3.19365 -3.06305 -2.92767 -2.82875 -2.47113 -2.10518 -1.7457 0.335924
23.6102 1.4555 -45.4225 22.4916 -2.76556 -44.6499 21.1123 -6.70004 -43.139 19.5044 -10.1999 -40.9411 17.7003 -13.1279 -38.1415 15.3848 -15.6743 -34.2579 12.8968 -17.1385 -29.9457 10.2897 -17.4437 -25.4693 7.6203 -16.5886 -21.1022 5.56088 -15.1897 -17.9875 3.52566 -13.2097 -15.1879 1.54023 -10.7317 -12.7761 -0.372649 -7.84925 -10.7931 -2.33409 -4.39247 -9.14326 -4.17295 -0.68306 -7.96964 -5.87908 3.1928 -7.2045 -7.44628 7.17507 -6.7528 -9.55797 13.3888 -6.44794 -11.2997 19.717 -6.15929 -12.6081 26.113 -5.42359 -13.376 32.4337 -3.8045 -13.4804 38.0832 -1.13459 -12.8777 42.9488 2.74075 -11.5456 46.547 7.67371 -9.56809 48.4901 13.2746 -7.40102 48.6865 18.4139 -5.01734 47.4816 23.3143 -2.56987 45.0537 27.7033 -0.186795 41.635 31.4155 2.08404 37.3398 34.4417 4.08923 32.4594 36.6605 5.74368 27.168 38.0839 6.95776 21.6117 38.729 7.66342 15.488 38.5653 7.62137 9.41144 37.5177 6.727 3.61974 35.5994 4.92894 -1.6 32.8526 2.73063 -5.32515 29.9513 -0.00098341 -8.23719 26.6069 -3.11802 -10.199 22.9242 -6.42613 -11.1369 19.0122 -10.1839 -10.9512 14.3636 -13.5683 -9.5233 9.64432 -16.2633 -7.04404 4.9162 -17.9837 -3.76943 0.217052 -18.4857 -0.639585 -3.68047 -18.0109 2.61576 -7.47729 -16.497 5.7546 -11.0959 -13.9531 8.52159 -14.4292 -10.0026 10.8856 -17.67 -5.15739 12.1932 -20.2219 0.200262 12.2696 -21.9504 5.63805 11.0772 -22.791 10.5473 8.82791 -22.7778 14.8617 5.66627 -22.0359 18.3865 1.80717 -20.6782 21.0257 -2.52724 -18.8321 22.7461 -7.06172 -16.6554 23.6391 -11.7009 -14.2182 23.781 -16.3196 -11.59 23.2617 -20.8229 -8.81342 22.1131 -25.31 -5.78394 20.4336 -29.5215 -2.6099 18.297 -33.3861 0.726306 15.7614 -36.8217 4.24749 12.6009 -39.9595 8.31095 9.08323 -42.3081 12.6071 5.2836 -43.6841 17.081 1.31059 -43.9044 21.6101 -1.80884 -43.1706 25.0514 -4.84659 -41.6097 28.2836 -7.70004 -39.2385 31.1727 -10.268 -36.1283 33.5902 -12.5715 -32.1809 35.5152 -14.3898 -27.7286 36.7254 -15.689 -22.9662 37.2005 -16.4708 -18.0743 36.9705 -16.7647 -12.2618 35.8619 -16.4424 -6.64823 33.995 -15.5907 -1.33069 31.5252 -14.29 3.6505 28.593 -12.4919 8.55952 25.1027 -10.325 13.0911 21.3234 -7.8377 17.2532 17.3228 -5.0713 21.042 13.1389 -2.8217 23.6435 9.86315 -0.454395 26.0012 6.4874 2.00846 28.0889 3.0039 4.5405 29.872 -0.597182 7.52167 31.5051 -4.92691 10.4957 32.5989 -9.42799 13.3946 33.0729 -14.0834 16.1417 32.8475 -18.8482 18.5299 31.9232 -23.3947 20.6364 30.2649 -27.8716 22.3947 27.8562 -32.1535 23.7485 24.7138 -36.0934 24.8107 19.8495 -40.3017 25.1357 14.136 -43.4244 24.722 7.87514 -45.1936 -0.71573 -0.437863 -0.241888 -0.103242 0.483195 0.458386 0.423678 0.382098 0.470116 0.409806 0.351952 0.29749 0.298857 0.236293 0.18201 0.136726 0.12705 0.0775761 0.0563218 0.0563074 0.103036 0.137316 0.169364 0.196192 0.2904 0.307753 0.319066 0.32647 0.396034 0.399979 0.40507 0.412044 0.527405 0.548231 0.572952 0.599528 0.803123 0.800655 0.792907 0.779627 0.80651 0.719574 0.628779 0.535943 0.40357 0.304701 0.204282 0.100895 0.426996 0.43345 0.481347 0.609574 2.41911 2.82008 3.21079 3.55999 3.387 3.48583 3.57388 3.65193 3.1505 3.13729 3.11554 3.08312 2.32246 2.19768 2.05131 1.88001 1.37966 1.24491 1.10439 0.95949 0.747101 0.581183 0.418123 0.260373 -0.391433 -0.645384 -0.857132 -1.03081 -2.51903 -2.55969 -2.59101 -2.61934 -3.54762 -3.52266 -3.50174 -3.48476 -4.02483 -3.96369 -3.90014 -3.83395 -4.13896 -4.01094 -3.87374 -3.7277 -3.75924 -3.36185 -2.91846 -2.44953 -0.26048
29.6851 5.56952 -45.5188 29.618 1.18032 -44.8896 29.2633 -3.0341 -43.556 28.6178 -6.93115 -41.5406 27.6786 -10.366 -38.8976 26.2082 -13.6165 -35.1293 24.3452 -15.8525 -30.833 22.1184 -16.9345 -26.2724 19.5805 -16.8032 -21.748 17.4633 -15.8979 -18.4926 15.2473 -14.3487 -15.5619 12.9759 -12.2416 -13.0519 10.6895 -9.68176 -11.0222 8.24385 -6.53805 -9.39304 5.84737 -3.12888 -8.31932 3.51164 0.43737 -7.73216 1.23361 4.08276 -7.53155 -2.15659 9.70643 -7.73988 -5.5196 15.3383 -8.10661 -8.92355 20.9573 -8.15844 -12.3795 26.4981 -7.43875 -15.6374 31.5309 -5.67425 -18.7019 36.0574 -2.64521 -21.3469 39.7316 1.66304 -23.3434 42.2206 7.03656 -24.4409 43.2536 12.4102 -24.8467 43.1094 17.9745 -24.594 41.8404 23.4035 -23.7726 39.5665 28.4336 -22.4664 36.3463 32.9819 -20.8333 32.3862 36.7784 -19.0148 27.8318 39.7301 -17.1458 22.8172 41.7608 -15.2205 17.0584 42.8345 -13.5355 11.1291 42.6661 -12.2256 5.28641 41.1929 -11.3948 -0.156314 38.4162 -11.1051 -4.18266 35.1251 -11.1833 -7.48323 31.0968 -11.5716 -9.9109 26.5053 -12.1699 -11.3885 21.5469 -12.9534 -11.9146 15.6415 -13.6133 -11.3022 9.72928 -13.9144 -9.73938 3.96458 -13.6254 -7.46123 -1.55731 -12.758 -5.19792 -5.95773 -11.2111 -2.79011 -10.0867 -8.90757 -0.427431 -13.8748 -5.82213 1.6876 -17.2281 -1.49669 3.5197 -20.3317 3.561 4.52876 -22.5898 9.04169 4.52911 -23.8782 14.5597 3.44341 -24.1442 19.5209 1.4198 -23.4725 23.8578 -1.4383 -21.9951 27.3611 -4.94917 -19.8596 29.9177 -8.91242 -17.2296 31.4807 -13.0702 -14.3091 32.125 -17.3238 -11.1865 31.9123 -21.5438 -7.96063 30.9188 -25.6261 -4.70385 29.1382 -29.639 -1.33375 26.6791 -33.3281 1.979 23.6163 -36.6161 5.21001 20.0186 -39.4243 8.34077 15.5701 -41.8404 11.6148 10.6643 -43.4712 14.7165 5.42052 -44.1974 17.6013 -0.00764525 -43.9097 20.2087 -4.24225 -42.924 21.9999 -8.36126 -41.2553 23.5364 -12.2466 -38.9163 24.7794 -15.7799 -35.9519 25.6959 -19.0072 -32.2326 26.2835 -21.624 -28.0242 26.4721 -23.5671 -23.466 26.2693 -24.8142 -18.7001 25.6991 -25.4126 -12.9118 24.5861 -25.1255 -7.19077 23.0731 -24.0691 -1.66027 21.2295 -22.3711 3.60651 19.1131 -20.0022 8.86589 16.615 -17.177 13.7716 13.8825 -14.001 18.3165 10.9209 -10.5584 22.4879 7.71752 -7.82449 25.3745 5.11912 -5.00144 28.0108 2.35529 -2.11139 30.3669 -0.586705 0.82402 32.4036 -3.71622 4.25293 34.3055 -7.57965 7.6705 35.6347 -11.685 11.0278 36.307 -15.9951 14.2688 36.2443 -20.4441 17.1778 35.4483 -24.7023 19.8745 33.9029 -28.8938 22.3097 31.6028 -32.8949 24.4408 28.5729 -36.5702 26.6261 23.8532 -40.5007 28.2437 18.2675 -43.4475 29.2676 12.0665 -45.1796 -0.153871 0.138295 0.321217 0.439292 1.08552 1.01539 0.943769 0.870308 0.953837 0.871093 0.791539 0.716118 0.714467 0.632028 0.560522 0.501859 0.533228 0.497474 0.512006 0.567415 0.974304 1.07663 1.16182 1.2295 1.6428 1.61608 1.59343 1.57439 1.72518 1.66924 1.62556 1.59006 1.62891 1.56901 1.5152 1.46318 1.40991 1.32775 1.24693 1.1666 0.954189 0.820891 0.689337 0.558622 0.366482 0.236916 0.102313 -0.0406604 0.289369 0.225398 0.178012 0.159724 2.23416 2.69165 3.16031 3.58064 3.30003 3.41666 3.52367 3.62263 3.0339 3.03324 3.02913 3.02063 2.06634 1.91566 1.73558 1.51854 0.808698 0.624334 0.433544 0.239155 -0.0458283 -0.253188 -0.450101 -0.633771 -1.30504 -1.52928 -1.71008 -1.85813 -3.17062 -3.20981 -3.25505 -3.30699 -4.3288 -4.31812 -4.31116 -4.3062 -4.92215 -4.8542 -4.7821 -4.70603 -5.05225 -4.91264 -4.76484 -4.60905 -4.7568 -4.34174 -3.85224 -3.30079 -1.14921
29.254 9.62405 -45.9034 30.1767 5.50103 -44.5562 30.7186 1.53855 -42.6403 30.8585 -2.16132 -40.1996 30.5799 -5.50091 -37.2953 29.7118 -8.83284 -33.4129 28.2604 -11.4239 -29.1575 26.2491 -13.1768 -24.7066 23.7274 -14.0325 -20.2526 21.4892 -14.0702 -16.9528 19.0366 -13.5811 -13.8471 16.419 -12.5965 -11.0049 13.6874 -11.1625 -8.47868 10.6678 -9.17558 -6.1435 7.62637 -6.81171 -4.22511 4.6039 -4.151 -2.70726 1.6262 -1.26808 -1.54936 -2.80863 3.43119 -0.36124 -7.1386 8.31424 0.393716 -11.4359 13.2453 1.01057 -15.7887 18.1037 1.79265 -20.0457 22.5269 2.96326 -24.4318 26.5925 4.77697 -28.8959 30.0867 7.40732 -33.3069 32.7569 10.9386 -37.0302 34.2296 14.8265 -40.3614 34.686 19.281 -43.1106 34.0356 24.0941 -45.1093 32.2698 28.9967 -46.2511 29.3835 33.8058 -46.4066 25.5798 38.0801 -45.5776 21.0974 41.5418 -43.8318 16.219 43.974 -41.0691 10.8638 45.2827 -37.6012 5.76633 45.1664 -33.676 1.25269 43.6689 -29.5484 -2.42475 40.937 -26.0773 -4.76218 37.8362 -22.7365 -6.35732 34.1727 -19.5976 -7.23228 30.1096 -16.6895 -7.45429 25.7944 -13.6213 -7.02748 20.6789 -10.7656 -6.0525 15.5156 -8.00499 -4.72274 10.3798 -5.19844 -3.23573 5.31254 -2.69238 -2.02002 1.13157 0.0277015 -0.956567 -2.9561 3.0232 -0.169645 -6.91165 6.32837 0.217011 -10.6753 10.3952 0.0370677 -14.5646 14.7788 -0.925966 -17.9638 19.3391 -2.75676 -20.7115 23.8742 -5.46869 -22.6548 27.9769 -8.83502 -23.6529 31.6191 -12.8206 -23.7481 34.6093 -17.2447 -22.9444 36.8024 -21.898 -21.3019 38.098 -26.4945 -18.9668 38.5099 -30.9169 -16.0459 38.0603 -35.0041 -12.6767 36.8082 -38.6289 -8.99527 34.7426 -41.8109 -4.96555 32.01 -44.3199 -0.858421 28.7272 -46.1143 3.22011 25.0099 -47.1742 7.1811 20.5953 -47.4893 11.2748 15.933 -46.9417 15.0576 11.1508 -45.5559 18.4571 6.37013 -43.3689 21.4081 2.71928 -41.1382 23.3593 -0.80574 -38.4786 24.9758 -4.15349 -35.4263 26.2359 -7.27568 -32.0238 27.1227 -10.2761 -28.1093 27.6417 -12.9329 -23.9227 27.7295 -15.2115 -19.5309 27.3916 -17.0882 -15.0019 26.643 -18.7863 -9.50145 25.242 -19.8946 -4.00112 23.3395 -20.4315 1.41204 20.992 -20.4298 6.66725 18.2562 -19.8841 12.0082 14.9866 -18.8313 17.0553 11.3905 -17.3227 21.7628 7.50751 -15.4042 26.085 3.36606 -13.7075 29.0618 0.0769574 -11.8123 31.7608 -3.341 -9.73034 34.1488 -6.87961 -7.47189 36.1865 -10.5273 -4.64792 38.0539 -14.8677 -1.62152 39.3172 -19.2887 1.57946 39.9018 -23.7286 4.91651 39.7401 -28.1034 8.15934 38.851 -32.0937 11.4246 37.2242 -35.8248 14.6494 34.8665 -39.182 17.7645 31.8161 -42.0491 21.3941 27.1423 -44.7845 24.6028 21.7054 -46.4106 27.261 15.7656 -46.8027 0.831883 0.772899 0.733735 0.702201 1.24005 1.11653 1.00704 0.907587 1.02065 0.933257 0.850654 0.773084 0.819478 0.735752 0.660469 0.594992 0.706962 0.638605 0.612732 0.631537 1.18949 1.31088 1.44856 1.58742 2.47463 2.46023 2.44938 2.44096 2.81595 2.69616 2.59379 2.50326 2.42695 2.2342 2.06521 1.91476 1.36918 1.2356 1.12589 1.03548 0.461776 0.413894 0.372632 0.336745 0.187924 0.156681 0.125695 0.0951188 0.609089 0.684648 0.8142 1.03757 2.01585 2.27472 2.56773 2.88553 2.67 2.78578 2.90746 3.03553 2.35641 2.34606 2.33302 2.31614 1.32286 1.18829 1.04212 0.881707 0.402175 0.290741 0.176315 0.0588332 -0.150842 -0.287282 -0.424291 -0.560583 -1.22397 -1.46437 -1.67544 -1.85918 -3.6818 -3.69548 -3.71284 -3.73416 -4.74398 -4.698 -4.65481 -4.6132 -5.13427 -5.04449 -4.94865 -4.8466 -5.19262 -5.04104 -4.87246 -4.68572 -5.0061 -4.44407 -3.65693 -2.76807 -0.716426
