Optimization finished after 10500 iterations.
NEB Energy: 0.700567
Max NEB Force: 0.049925
Optimization took: 190939 ms
Energies: 
0.649718, 0.705097, 0.729459, 0.743592, 0.714852, 0.677359, 0.652653, 0.670435, 0.692593, 0.693413, 0.710741, 0.714421, 0.729703, 0.739473, 0.781071, 0.793755, 0.851801, 0.897265, 1.01637, 1.08682, 0.729869, 
NEB Forces: 
0, 0.0227271, 0.0265821, 0.0288234, 0.0253237, 0.0215245, 0.0209086, 0.0201168, 0.0201383, 0.0202107, 0.0207196, 0.0205921, 0.0213994, 0.0215587, 0.0244472, 0.0283254, 0.0323305, 0.0343366, 0.0470342, 0.049925, 0, 
Gradients: 
0.0188714, 0.0208478, 0.021666, 0.0218104, 0.0206385, 0.0198604, 0.0195362, 0.0198014, 0.0201104, 0.0201803, 0.0206993, 0.0204328, 0.0204384, 0.0204803, 0.0212212, 0.0213891, 0.0220828, 0.0231976, 0.0418796, 0.0475216, 0.0692796, 
