# num_vectors 21
# vector_size 401
# Iterations: 5900, stepsize: 0.032721, max step size: 1.000000, spring constant: 0.001000, global NEB Hessian: false, global NEB Linesearch: true, climbing image: false
-9.71394 -27.2575 -25.4652 -12.055 -23.4915 -25.4509 -13.928 -19.5012 -24.9682 -15.3852 -15.4005 -24.1173 -16.4677 -11.256 -22.9705 -17.2774 -6.4104 -21.2998 -17.6789 -1.6169 -19.3537 -17.798 3.11036 -17.217 -17.6535 7.7489 -14.8955 -17.3132 11.2135 -12.9516 -16.7595 14.5619 -10.8587 -16.0139 17.7812 -8.62749 -15.1177 20.8782 -6.28159 -14.0166 24.092 -3.64039 -12.7718 27.1428 -0.872835 -11.3336 29.9322 2.07112 -9.65834 32.3303 5.2269 -6.70415 35.1536 10.3706 -3.59117 37.532 15.6441 -0.411813 39.7489 20.9481 3.19867 40.6999 26.3532 6.95522 39.6676 31.2392 10.7077 37.5713 35.7752 14.4595 35.1512 40.1477 18.1814 31.8072 43.8915 21.2206 27.7369 46.2023 23.9134 23.0826 47.6958 26.3763 18.1644 48.6391 28.4935 13.0014 48.7123 30.083 7.61752 47.5962 31.1905 2.34437 45.6659 31.9477 -2.77605 43.2231 32.0336 -7.4327 39.8965 31.1211 -11.3468 35.2204 29.6176 -14.3315 30.0386 27.8282 -16.9039 24.7282 25.308 -18.4224 19.3096 22.5088 -18.3081 14.9192 19.3837 -17.1428 10.9193 16.0871 -15.3238 7.321 12.6207 -12.8308 4.33895 8.58998 -9.03815 2.07419 4.73114 -4.64016 0.838172 0.935324 -0.117787 -0.110855 -2.90257 4.39475 -0.928348 -6.10415 8.25164 -1.25968 -9.2679 12.1535 -1.30689 -12.5063 15.9911 -1.45121 -15.9378 19.6028 -2.09646 -19.9739 23.2753 -3.48097 -24.0974 26.6696 -5.26183 -28.2744 29.7225 -7.48153 -32.407 31.924 -10.6072 -36.0423 32.8785 -14.4842 -39.2505 32.9126 -18.8276 -42.0341 32.1969 -23.399 -44.0895 30.4279 -28.0685 -45.0748 27.5558 -32.4316 -45.1467 23.9407 -36.3282 -44.4992 19.8644 -39.6782 -42.9704 15.3958 -42.1176 -40.3882 10.6418 -43.2838 -37.1885 6.12625 -43.2953 -33.6802 1.9166 -42.521 -29.9081 -1.67313 -40.6469 -25.779 -4.26454 -37.1005 -21.9397 -5.65216 -32.6647 -18.2367 -6.604 -28.0038 -14.6957 -7.01661 -23.1424 -12.2429 -6.61108 -19.1514 -10.0775 -5.64083 -15.0921 -8.01572 -4.40551 -11.0508 -5.88028 -3.12197 -7.06313 -3.51735 -1.74401 -2.92686 -1.05246 -0.359201 1.14715 1.6691 0.771618 5.13527 4.8593 1.26221 8.8999 9.23089 0.879689 12.8797 13.8714 -0.0464405 16.444 18.6202 -1.41815 19.7097 23.385 -4.0457 22.0524 27.8624 -8.39367 22.7972 31.6327 -13.4019 22.337 35.1176 -18.5662 21.5033 37.8073 -24.0023 19.8533 38.8103 -28.1414 17.7514 38.9163 -32.061 15.0714 38.3019 -35.6548 12.0277 37.0311 -38.8334 8.73567 34.7805 -41.8753 4.73807 31.9343 -44.2936 0.694684 28.7001 -46.2 -3.33081 25.0382 -47.3893 -7.26454 21.1804 -47.6628 -10.7674 17.1039 -47.2379 -13.9967 12.9261 -46.2249 -16.9542 8.73385 -44.4128 -19.4777 3.73182 -40.8877 -21.7248 -0.951909 -36.623 -23.2649 -5.52889 -32.1844 -24.6238 0.0835959 0.0796338 0.0734763 0.0652831 0.0540751 0.0399612 0.0242044 0.00707988 -0.00951097 -0.0236355 -0.0377564 -0.0516807 -0.0665199 -0.080269 -0.0929935 -0.10464 -0.118073 -0.131471 -0.142989 -0.152592 -0.160171 -0.165442 -0.169819 -0.17248 -0.173396 -0.173489 -0.172931 -0.170674 -0.167061 -0.162857 -0.15696 -0.149175 -0.139607 -0.128729 -0.115198 -0.100668 -0.0865903 -0.072484 -0.0573643 -0.0427843 -0.0276083 -0.0106501 0.0053359 0.0196515 0.0307045 0.0402269 0.0486292 0.0555359 0.0611803 0.0667067 0.0712176 0.0747042 0.0779567 0.0802489 0.0814707 0.0820759 0.0832338 0.0822657 0.0801236 0.0774544 0.0743118 0.0700526 0.0655112 0.0612335 0.0562754 0.0520041 0.0493078 0.0476791 0.0460174 0.0468493 0.0490696 0.0518841 0.0530762 0.0572839 0.0620969 0.0665521 0.0694383 0.0727976 0.0757929 0.0766427 0.0758447 0.0744256 0.0720665 0.0681975 0.0640311 0.0608574 0.057589 0.0544118 0.0517052 0.0488412 0.0462466 0.0442041 0.0432084 0.042108 0.0411157 0.0404795 0.0401411 0.0391805 0.037729 0.0359797 0.037386
-8.63669 -31.5482 -27.1728 -12.279 -29.0266 -26.976 -15.4659 -26.021 -26.2881 -18.1758 -22.6735 -25.2322 -20.391 -19.0707 -23.8993 -22.3287 -14.6262 -22.0503 -23.6614 -10.0602 -19.9763 -24.5591 -5.44434 -17.782 -25.0272 -0.795982 -15.5236 -25.0057 2.77354 -13.747 -24.6263 6.30524 -11.9355 -23.9213 9.77202 -10.0962 -22.9555 13.1668 -8.24123 -21.6773 16.7486 -6.22794 -20.1542 20.2145 -4.18234 -18.3193 23.4739 -2.05493 -16.1062 26.4033 0.18942 -12.0707 30.1352 3.78729 -7.71169 33.4596 7.40716 -3.26249 36.6341 11.0518 1.66866 38.6201 14.9113 6.71951 38.5979 18.5908 11.7593 37.4682 22.1087 16.7704 36.0073 25.5448 21.6184 33.6242 28.6861 25.503 30.3261 30.9612 28.9354 26.3215 32.785 32.0339 21.9218 34.2638 34.5775 17.0339 35.1484 36.3441 11.5903 35.2241 37.4726 6.00208 34.717 38.0643 0.386893 33.7798 37.5215 -5.02887 32.0098 35.3354 -9.96521 29.0312 32.2656 -13.9942 25.515 28.8115 -17.5603 21.8583 24.4954 -19.8505 18.0974 20.2414 -20.0415 15.099 15.89 -18.8923 12.4782 11.6136 -16.9367 10.2393 7.51493 -14.1982 8.5587 3.37995 -9.97505 7.64919 -0.0162453 -5.05304 7.6383 -3.22832 -0.0113907 7.79622 -6.62377 4.91106 7.76382 -9.53623 9.00392 7.72169 -12.4585 13.0898 7.67862 -15.516 17.0604 7.32991 -18.8543 20.6592 6.26222 -22.8524 24.0038 4.13538 -26.9342 26.7751 1.42351 -30.9687 29.0709 -1.76204 -34.7018 30.4206 -5.75416 -37.6518 30.4472 -10.2768 -39.9559 29.4867 -15.065 -41.725 27.8455 -19.8957 -42.7164 25.3981 -24.6058 -42.6734 22.1637 -28.8241 -41.7916 18.4054 -32.4785 -40.3263 14.3184 -35.5456 -38.2315 9.94208 -37.7174 -35.3719 5.31063 -38.7178 -32.0947 0.85104 -38.698 -28.6362 -3.39889 -37.9201 -25.1211 -7.20162 -35.9681 -21.539 -10.3095 -32.2463 -18.3572 -12.4469 -27.5934 -15.3416 -14.164 -22.6638 -12.6114 -15.1845 -17.3868 -10.9436 -15.1183 -12.9911 -9.66523 -14.3594 -8.53024 -8.52629 -13.1655 -4.12724 -7.32318 -11.6881 0.171446 -5.97232 -9.83359 4.56772 -4.52513 -7.73456 8.82104 -2.66161 -5.62923 12.9059 0.0419003 -3.82234 16.6497 4.34935 -2.22637 20.3907 9.19671 -0.953391 23.5498 14.3696 -0.040359 26.2891 20.0869 -0.319139 27.8153 26.0184 -2.33569 27.3074 31.2475 -5.26013 25.4064 36.17 -8.41732 23.1021 40.2835 -12.0341 20.0187 42.2169 -15.0952 16.945 43.0688 -18.2141 13.4661 43.0833 -21.249 9.81288 42.3939 -24.13 6.10057 40.7549 -27.1961 1.83313 38.4236 -29.9617 -2.31602 35.6282 -32.4659 -6.34254 32.3248 -34.6162 -10.1847 28.6808 -36.2314 -13.5521 24.6667 -37.4747 -16.6454 20.3578 -38.3151 -19.4657 15.7135 -38.4924 -21.8375 9.5972 -37.5819 -23.901 3.43246 -35.9944 -25.3056 -2.70919 -34.1842 -26.5304 0.0552718 0.0743348 0.0844062 0.0886817 0.126044 0.112759 0.0955289 0.0761251 0.0597895 0.0377403 0.016223 -0.0041353 -0.0423207 -0.0663821 -0.0917617 -0.119194 -0.215014 -0.244129 -0.25917 -0.300545 -0.472151 -0.496265 -0.49974 -0.514769 -0.600353 -0.592833 -0.58355 -0.574399 -0.539872 -0.510169 -0.484517 -0.44367 -0.245125 -0.188606 -0.159636 -0.0982579 0.153581 0.205072 0.239307 0.275378 0.353213 0.371281 0.382294 0.388976 0.388679 0.395264 0.403404 0.413965 0.434256 0.442565 0.448702 0.453757 0.480848 0.488146 0.492307 0.49575 0.541474 0.546397 0.548113 0.552667 0.57544 0.567158 0.558289 0.550317 0.484316 0.456263 0.442891 0.425911 0.351347 0.330354 0.31783 0.309097 0.291656 0.281888 0.273083 0.260048 0.175405 0.147447 0.131057 0.0782549 -0.228272 -0.291046 -0.303375 -0.341077 -0.563587 -0.587079 -0.601409 -0.611589 -0.653247 -0.639542 -0.626297 -0.612239 -0.563503 -0.536094 -0.511559 -0.481079 -0.34812 -0.311374 -0.299695 -0.2736 -0.118607
-6.20209 -33.9001 -26.6338 -10.4454 -32.7687 -26.0187 -14.3374 -30.9231 -24.9653 -17.7981 -28.509 -23.6016 -20.7686 -25.6188 -22.0246 -23.5538 -21.7452 -19.9837 -25.6694 -17.5323 -17.8151 -27.2798 -13.1202 -15.6091 -28.3686 -8.53386 -13.4396 -28.7332 -4.90393 -11.8305 -28.6474 -1.22803 -10.2881 -28.1446 2.44535 -8.82105 -27.3008 6.08664 -7.43274 -26.0769 9.96208 -6.01848 -24.5327 13.7455 -4.67023 -22.5916 17.3536 -3.35467 -20.1747 20.668 -2.05499 -15.654 25.033 -0.139964 -10.7099 28.9802 1.62986 -5.65565 32.7809 3.40943 -0.042535 35.4901 5.48517 5.76089 36.2387 7.67845 11.5995 35.8914 9.87872 17.4108 35.2057 12.0721 23.0367 33.5692 14.2453 27.5797 30.8742 16.0457 31.6348 27.4051 17.6785 35.2894 23.466 19.1857 38.2232 18.8922 20.4577 40.1614 13.581 21.3484 41.3098 8.00064 21.8957 41.7765 2.30712 22.2491 40.7704 -3.32711 22.2797 37.6433 -8.61677 21.7705 33.4136 -13.0146 20.8828 28.7604 -16.9401 19.904 23.2531 -19.5312 18.9169 18.1146 -19.8621 18.1367 13.0717 -18.7517 17.4579 8.28149 -16.7898 16.8846 3.88903 -14.0209 16.4808 -0.244211 -9.70116 16.3522 -3.37323 -4.60836 16.5347 -6.2714 0.620545 16.6762 -9.43143 5.69149 16.4299 -12.1908 9.85723 15.9118 -14.9693 13.9718 15.1461 -17.8662 17.9021 13.9644 -21.0147 21.3315 12.077 -24.7743 24.2938 9.11294 -28.5932 26.5272 5.63111 -32.2968 28.2214 1.74409 -35.5621 28.9537 -2.78321 -37.9567 28.3985 -7.59105 -39.6684 26.885 -12.4837 -40.8252 24.7546 -17.3088 -41.1765 21.9559 -21.9134 -40.5008 18.5498 -25.9381 -39.0216 14.7509 -29.3496 -37.029 10.7008 -32.1573 -34.5235 6.42391 -34.0777 -31.3714 1.94181 -34.8543 -27.893 -2.3583 -34.6585 -24.3285 -6.4935 -33.7513 -20.8889 -10.3352 -31.7418 -17.5972 -13.7644 -28.0341 -14.7867 -16.4341 -23.417 -12.1638 -18.7621 -18.5136 -9.87587 -20.5471 -13.2295 -8.57871 -21.2541 -8.7656 -7.66594 -21.3574 -4.15414 -6.88702 -20.9925 0.468583 -6.05191 -20.2366 5.03375 -5.10139 -19.0334 9.74971 -4.06016 -17.4616 14.3363 -2.61219 -15.5726 18.6868 -0.345382 -13.3937 22.5214 3.40996 -10.5317 26.0995 7.66997 -7.53575 28.9234 12.2921 -4.60028 31.1852 17.6524 -2.17341 31.8723 23.4928 -0.723352 30.0573 28.7732 -0.120977 26.7011 33.7958 0.186679 22.9345 38.1607 -0.282844 18.4359 40.4098 -1.47278 14.4259 41.6453 -3.23973 10.1941 42.0881 -5.36436 5.96962 41.872 -7.75078 1.86901 40.8292 -10.7836 -2.60454 39.1144 -13.9765 -6.74743 36.9314 -17.1957 -10.6423 34.2261 -20.3632 -14.2404 31.1306 -23.2884 -17.2551 27.6341 -26.1159 -19.9022 23.7519 -28.7177 -22.2228 19.3357 -30.8025 -24.0605 13.1694 -32.4131 -25.4314 6.76551 -33.4051 -26.1407 0.31167 -34.1571 -26.6692 -0.113701 -0.0769077 -0.0552926 -0.0430618 0.0362644 0.0186372 -0.00365391 -0.0292094 -0.0478673 -0.0807561 -0.112388 -0.141503 -0.199525 -0.235154 -0.274056 -0.317826 -0.488639 -0.535549 -0.553256 -0.620573 -0.942754 -0.980208 -0.979706 -0.998695 -1.161 -1.14092 -1.11731 -1.09243 -1.0304 -0.969914 -0.91913 -0.835274 -0.408019 -0.283891 -0.232509 -0.107333 0.458424 0.561927 0.621093 0.682584 0.820432 0.841046 0.846575 0.84778 0.840909 0.845478 0.854323 0.872141 0.919112 0.932953 0.940612 0.947196 0.995726 1.00611 1.01103 1.01255 1.08033 1.08732 1.09071 1.09908 1.14283 1.13329 1.122 1.11323 1.01864 0.9748 0.951456 0.921836 0.794801 0.754774 0.727487 0.706578 0.682474 0.659813 0.637532 0.609035 0.475241 0.416065 0.377684 0.26089 -0.451155 -0.614231 -0.643184 -0.731409 -1.24312 -1.27879 -1.29623 -1.30503 -1.37509 -1.33434 -1.30021 -1.2652 -1.16185 -1.10295 -1.05007 -0.98185 -0.702402 -0.62933 -0.606516 -0.549438 -0.0909847
-2.68558 -35.0768 -27.0396 -7.02621 -35.2049 -26.1418 -11.1953 -34.4969 -24.8072 -15.0617 -33.0668 -23.1731 -18.5261 -30.9891 -21.344 -21.9562 -27.8458 -19.0461 -24.742 -24.1674 -16.672 -27.0129 -20.1359 -14.3232 -28.7212 -15.7643 -12.11 -29.5094 -12.1715 -10.5707 -29.7876 -8.43493 -9.20718 -29.588 -4.62958 -8.03325 -28.9925 -0.812193 -7.04747 -27.9847 3.28058 -6.18108 -26.6119 7.30016 -5.49167 -24.8044 11.1674 -4.9493 -22.4874 14.7706 -4.54314 -18.0657 19.6172 -4.20182 -13.1974 24.028 -4.16739 -8.20384 28.2966 -4.12744 -2.56364 31.6222 -3.59417 3.40322 33.1359 -2.51891 9.49152 33.6398 -1.20348 15.5817 33.7967 0.188423 21.5474 32.9143 1.82637 26.4202 30.7778 3.51018 30.7873 27.7831 5.27208 34.729 24.2684 7.07624 37.8843 20.0358 8.88545 39.9086 14.9537 10.5687 41.0101 9.52677 12.0158 41.3953 3.99289 13.4254 40.3287 -1.43487 14.895 37.1325 -6.51866 16.2942 32.7974 -10.7696 17.3697 28.0467 -14.5672 18.3838 22.5216 -17.0608 19.5125 17.4101 -17.3752 20.4598 12.3833 -16.3067 21.3045 7.5872 -14.4149 22.0409 3.16783 -11.7286 22.6547 -1.03259 -7.50637 23.1933 -4.26797 -2.49493 23.6162 -7.30626 2.65091 23.8403 -10.6701 7.58487 23.5207 -13.6529 11.5467 22.7189 -16.6722 15.3687 21.4891 -19.7766 18.9206 19.762 -23.044 21.8647 17.3346 -26.8051 24.1438 13.8196 -30.5184 25.5852 9.84101 -34.0132 26.4672 5.51613 -36.8865 26.4614 0.674691 -38.7136 25.3256 -4.27799 -39.7486 23.3475 -9.19476 -40.1928 20.8565 -13.9651 -39.8261 17.8586 -18.4413 -38.459 14.4518 -22.286 -36.3252 10.7951 -25.5004 -33.7529 6.94911 -28.1175 -30.811 2.88475 -29.8734 -27.3852 -1.41195 -30.5296 -23.7541 -5.58005 -30.2641 -20.1089 -9.63965 -29.3363 -16.6924 -13.532 -27.3858 -13.5601 -17.26 -23.8315 -10.9846 -20.4308 -19.398 -8.58725 -23.3076 -14.6736 -6.42217 -25.6556 -9.56064 -5.11191 -26.8442 -5.20403 -4.10794 -27.4411 -0.649313 -3.205 -27.5127 3.96473 -2.23599 -27.0796 8.54548 -1.12611 -26.0893 13.2762 0.0722361 -24.6055 17.8537 1.55663 -22.5933 22.1362 3.58625 -19.9385 25.8 6.66639 -16.0419 29.0291 10.0202 -11.773 31.4009 13.6045 -7.39465 33.1561 17.6837 -3.09994 33.2599 22.0321 0.709632 30.7931 25.881 3.70371 26.8269 29.5433 6.37394 22.4718 32.8363 8.10648 17.4059 34.644 8.27615 13.0174 35.7602 7.53038 8.46175 36.3236 6.12414 3.96046 36.4275 4.16473 -0.364645 35.9964 1.24916 -5.01349 35.087 -2.148 -9.24796 33.7963 -5.77691 -13.1803 32.0245 -9.56921 -16.7549 29.8606 -13.3183 -19.6685 27.3303 -17.1498 -22.1472 24.3831 -20.9017 -24.2601 20.7689 -24.307 -25.8625 15.3439 -27.7666 -26.9094 9.52771 -30.6871 -27.2834 3.5951 -33.3831 -27.4647 -0.307888 -0.255906 -0.225063 -0.206714 -0.0834594 -0.10525 -0.132823 -0.165537 -0.18334 -0.228092 -0.270633 -0.309053 -0.382799 -0.42977 -0.480919 -0.538815 -0.771368 -0.834519 -0.853035 -0.936084 -1.36219 -1.39644 -1.39 -1.40658 -1.60353 -1.56349 -1.52287 -1.4767 -1.37646 -1.28496 -1.21427 -1.10226 -0.509459 -0.335443 -0.267968 -0.100896 0.716841 0.854622 0.928488 1.00443 1.19032 1.21304 1.21343 1.20775 1.20076 1.20253 1.20872 1.22534 1.27138 1.28734 1.29348 1.29176 1.3427 1.35493 1.36105 1.36154 1.4667 1.47866 1.48712 1.50492 1.58273 1.57359 1.56171 1.55318 1.44481 1.3902 1.36009 1.32189 1.17594 1.12917 1.09424 1.06512 1.03524 1.00357 0.970708 0.928932 0.747854 0.66751 0.61484 0.45358 -0.643834 -0.894174 -0.934099 -1.0541 -1.75631 -1.77518 -1.77771 -1.77161 -1.85849 -1.79421 -1.74289 -1.6901 -1.57057 -1.48672 -1.41127 -1.31196 -0.928474 -0.825027 -0.793652 -0.707784 0.0676595
-0.277127 -32.4515 -24.3198 -4.51544 -33.3574 -23.3817 -8.76411 -33.4278 -22.1136 -12.8842 -32.7156 -20.6365 -16.7573 -31.2431 -19.0569 -20.8279 -28.6372 -17.1682 -24.3676 -25.3368 -15.296 -27.4318 -21.5553 -13.4963 -29.9074 -17.2976 -11.8623 -31.2296 -13.6913 -10.7922 -31.97 -9.87242 -9.9164 -32.1502 -5.94716 -9.23915 -31.852 -2.0016 -8.7467 -31.0776 2.21718 -8.40106 -29.8542 6.33902 -8.22464 -28.1167 10.2757 -8.2004 -25.7958 13.8972 -8.3227 -21.2645 18.6319 -8.77838 -16.234 22.7989 -9.47661 -11.0712 26.8008 -10.1753 -5.26116 29.8412 -10.569 0.873078 31.0336 -10.5824 7.11922 31.1737 -10.4491 13.3611 30.9798 -10.2175 19.4707 29.8293 -9.5855 24.4615 27.5274 -8.61758 28.9413 24.4136 -7.44261 33.0124 20.8636 -6.03976 36.3245 16.7697 -4.19202 38.509 12.002 -1.89948 39.7545 6.96143 0.508795 40.3473 1.89725 3.10906 39.6635 -2.86345 6.21162 37.0359 -7.05019 9.89745 33.295 -10.3807 13.4937 29.1764 -13.3005 17.0336 24.3893 -15.0284 20.5145 19.8876 -14.881 23.1291 15.357 -13.5299 25.3137 10.9206 -11.4932 27.1289 6.65378 -8.82718 28.4744 2.24808 -4.86274 29.2708 -1.55079 -0.249173 29.4837 -5.2231 4.46911 29.366 -9.08908 8.97418 28.6446 -12.3785 12.554 27.3791 -15.6156 15.9504 25.5841 -18.8408 19.0449 23.291 -22.0923 21.5501 20.3947 -25.6734 23.436 16.4812 -29.1053 24.5876 12.1694 -32.3017 25.2112 7.57698 -34.9349 24.9517 2.60761 -36.6371 23.6065 -2.33717 -37.6403 21.4596 -7.18928 -38.1133 18.8078 -11.8694 -37.8487 15.6198 -16.2197 -36.6735 11.9825 -19.9137 -34.7971 8.06391 -22.9766 -32.5007 3.95731 -25.4504 -29.8191 -0.334679 -27.0768 -26.6311 -4.82513 -27.6257 -23.2078 -9.15986 -27.2798 -19.7394 -13.3549 -26.2797 -16.4326 -17.3062 -24.2597 -13.3042 -20.9816 -20.6476 -10.6438 -24.0259 -16.1757 -8.14135 -26.7423 -11.4109 -5.86978 -28.861 -6.24432 -4.47014 -29.7951 -1.85362 -3.37931 -30.0778 2.71148 -2.40786 -29.7914 7.30324 -1.40183 -28.9636 11.8213 -0.289303 -27.5215 16.4337 0.873588 -25.563 20.8387 2.2618 -23.0806 24.9011 4.10734 -19.9926 28.3142 6.87633 -15.6482 31.2394 9.88698 -10.9846 33.3093 13.0918 -6.22816 34.7935 16.7324 -1.55462 34.7756 20.7142 2.69635 32.4129 24.3864 6.16963 28.6764 27.9167 9.34416 24.5571 31.1216 11.6939 19.6871 32.977 12.4267 15.3771 34.2479 12.2758 10.8034 35.0149 11.4335 6.19265 35.3103 9.96876 1.68442 35.0545 7.53514 -3.24616 34.2873 4.54774 -7.80528 33.138 1.23747 -12.0503 31.521 -2.40289 -15.8492 29.5105 -6.17495 -18.8419 27.1414 -10.1325 -21.2817 24.3998 -14.0975 -23.2791 21.0909 -17.8757 -24.6943 16.1801 -22.1063 -25.3894 10.9509 -25.9979 -25.2987 5.58814 -29.6941 -25.0213 -0.331806 -0.292306 -0.274102 -0.270126 -0.146078 -0.188005 -0.229789 -0.277601 -0.311744 -0.375233 -0.434695 -0.487552 -0.581091 -0.642868 -0.709947 -0.785814 -1.07129 -1.15102 -1.17087 -1.26694 -1.7937 -1.84327 -1.83099 -1.84273 -2.07374 -2.02469 -1.96943 -1.90309 -1.7772 -1.65549 -1.56776 -1.43448 -0.632499 -0.37565 -0.288054 -0.0569679 1.08232 1.22709 1.29157 1.34895 1.53429 1.53354 1.51885 1.50103 1.48912 1.47973 1.47665 1.48465 1.52624 1.53655 1.54033 1.5429 1.59861 1.60867 1.6135 1.61528 1.69088 1.6964 1.69949 1.70924 1.7469 1.73356 1.71889 1.70553 1.58945 1.53766 1.50714 1.46765 1.33074 1.28478 1.24842 1.21599 1.178 1.1421 1.10359 1.05321 0.839247 0.749408 0.692536 0.527665 -0.633688 -0.874729 -0.915699 -1.04277 -1.82098 -1.84002 -1.84354 -1.84023 -1.96528 -1.89935 -1.84497 -1.78657 -1.66888 -1.57039 -1.48694 -1.38138 -0.943136 -0.814014 -0.779587 -0.697665 0.154151
-0.808479 -29.3744 -22.7431 -5.04904 -30.2944 -21.8291 -9.32428 -30.4142 -20.6577 -13.5094 -29.7743 -19.3389 -17.4944 -28.3862 -17.9759 -21.761 -25.8849 -16.4052 -25.5557 -22.6843 -14.8939 -28.9038 -18.9829 -13.4736 -31.6652 -14.7707 -12.2249 -33.1944 -11.1707 -11.4498 -34.1179 -7.33634 -10.8637 -34.4446 -3.38229 -10.4667 -34.2475 0.593858 -10.2424 -33.528 4.83589 -10.1723 -32.3041 8.96029 -10.2645 -30.5097 12.8632 -10.5172 -28.0781 16.3887 -10.9354 -23.3093 20.811 -11.8627 -18.0085 24.5187 -13.0083 -12.5813 28.0383 -14.1552 -6.59523 30.5725 -15.1044 -0.417704 31.2244 -15.7855 5.78411 30.7695 -16.4036 11.968 30.0158 -16.896 18.0346 28.5208 -16.781 23.0233 26.1342 -16.032 27.5478 23.0619 -14.9214 31.7273 19.6716 -13.4443 35.2662 15.9754 -11.2175 37.8103 11.894 -8.11465 39.4855 7.68605 -4.61521 40.5756 3.52748 -0.836777 40.5249 -0.228713 3.48135 38.6981 -3.30893 8.50064 35.7784 -5.58389 13.4321 32.4789 -7.5367 18.2611 28.4371 -8.63015 22.7874 24.3515 -8.36837 26.0066 19.9897 -7.20933 28.6057 15.5314 -5.52626 30.7071 11.025 -3.36013 32.1646 5.9933 -0.192412 32.8044 1.26291 3.4629 32.6487 -3.37117 7.20292 32.1012 -7.98312 10.8116 30.8888 -11.6798 13.7155 29.1173 -15.1531 16.4761 26.761 -18.4715 18.971 23.9325 -21.6473 20.9705 20.5928 -24.9316 22.4869 16.2789 -27.9198 23.4507 11.6057 -30.6639 23.9406 6.71428 -32.9709 23.5413 1.59432 -34.5406 22.0875 -3.3636 -35.5541 19.8661 -8.17993 -36.1411 17.1044 -12.7829 -36.1391 13.6716 -16.9511 -35.408 9.63834 -20.3357 -34.1084 5.22888 -23.005 -32.428 0.610382 -25.0306 -30.3438 -4.15509 -26.1278 -27.7537 -9.04473 -26.0236 -24.9206 -13.6794 -24.964 -22.0017 -18.0618 -23.2602 -19.1028 -21.9685 -20.6217 -16.1769 -25.243 -16.4913 -13.5495 -27.6466 -11.627 -11.0192 -29.6599 -6.53894 -8.61172 -31.0313 -1.18482 -6.97271 -31.3276 3.21241 -5.54129 -30.948 7.67525 -4.1789 -30.0162 12.0782 -2.76896 -28.5947 16.3327 -1.22659 -26.5952 20.6007 0.365472 -24.1478 24.6091 2.15286 -21.2666 28.2279 4.32464 -17.9125 31.1648 7.3756 -13.4229 33.538 10.6064 -8.71071 35.1049 13.9898 -3.9553 36.123 17.7181 0.631891 35.731 21.7146 4.7421 33.1538 25.4049 8.10347 29.3338 28.9534 11.1833 25.1585 32.1494 13.4777 20.2564 33.9932 14.2279 15.9444 35.2588 14.1431 11.3676 36.0128 13.3901 6.73923 36.2648 12.0196 2.19887 35.9129 9.69809 -2.77964 35.0193 6.8287 -7.39124 33.7247 3.63125 -11.6807 31.9324 0.0837656 -15.4887 29.7226 -3.61409 -18.4332 27.1383 -7.49631 -20.7736 24.1974 -11.3795 -22.644 20.7402 -15.0751 -23.9158 15.7312 -19.2187 -24.4041 10.4569 -23.0353 -24.0678 5.06175 -26.6585 -23.5563 -0.329977 -0.303082 -0.295482 -0.302006 -0.191114 -0.242421 -0.290945 -0.34634 -0.391775 -0.464415 -0.532579 -0.593279 -0.699326 -0.76979 -0.846879 -0.935028 -1.26191 -1.35545 -1.37369 -1.47224 -2.05713 -2.11719 -2.09687 -2.08863 -2.30841 -2.24427 -2.1749 -2.08778 -1.9452 -1.79859 -1.6965 -1.53861 -0.548011 -0.213789 -0.11271 0.147112 1.42009 1.51444 1.54779 1.57239 1.76459 1.73418 1.70638 1.67555 1.65809 1.63189 1.61667 1.61194 1.64516 1.64587 1.64906 1.66463 1.74053 1.75141 1.75914 1.77232 1.79908 1.79555 1.79116 1.78902 1.72403 1.69953 1.67902 1.65418 1.50366 1.46091 1.43512 1.40208 1.299 1.26676 1.23901 1.21238 1.17535 1.14461 1.10987 1.06308 0.81615 0.733266 0.679733 0.522657 -0.630056 -0.846395 -0.883927 -1.00884 -1.78325 -1.80461 -1.81123 -1.8124 -1.94475 -1.88212 -1.82978 -1.77284 -1.64936 -1.54946 -1.46745 -1.36591 -0.920208 -0.78909 -0.756764 -0.689661 0.144091
-1.05018 -28.5149 -25.3982 -5.30797 -29.4339 -24.5671 -9.59114 -29.576 -23.4277 -13.7772 -28.9829 -22.0898 -17.7608 -27.67 -20.6505 -22.0328 -25.2902 -18.9145 -25.8469 -22.2317 -17.1751 -29.2295 -18.6729 -15.4955 -32.0444 -14.587 -13.976 -33.6315 -11.0637 -12.9928 -34.6265 -7.28311 -12.2082 -35.0337 -3.35826 -11.6349 -34.9205 0.610463 -11.267 -34.2911 4.86348 -11.0849 -33.1559 9.0141 -11.1133 -31.45 12.957 -11.3592 -29.1076 16.5344 -11.8406 -24.4753 21.0448 -13.0052 -19.3129 24.8243 -14.4961 -14.0224 28.4185 -15.9958 -8.15635 31.0996 -17.244 -2.03694 31.9782 -18.156 4.15324 31.7811 -18.9892 10.3467 31.3072 -19.6734 16.4949 30.1902 -19.6137 21.648 28.235 -18.7382 26.3976 25.6348 -17.3876 30.8382 22.7527 -15.6215 34.6871 19.6342 -13.0515 37.5995 16.201 -9.51746 39.6636 12.6514 -5.53012 41.1607 9.13764 -1.2674 41.5584 5.95863 3.47535 40.2355 3.31826 8.88802 37.8029 1.33025 14.1937 34.969 -0.416967 19.3836 31.2962 -1.54015 24.2074 27.3585 -1.58012 27.6158 22.9901 -0.906547 30.3703 18.4126 0.191621 32.5986 13.6617 1.6764 34.131 8.15995 3.93209 34.7672 2.80972 6.59404 34.5408 -2.46816 9.33326 33.906 -7.66377 11.9884 32.5953 -11.7919 14.1502 30.7186 -15.6437 16.2189 28.2446 -19.2777 18.0714 25.3121 -22.674 19.5133 21.9028 -26.0785 20.5558 17.5418 -29.0962 21.1779 12.8299 -31.8324 21.3798 7.91363 -34.1023 20.7352 2.80211 -35.6003 19.1273 -2.13036 -36.5176 16.8251 -6.92798 -37.0071 13.9944 -11.5003 -36.9302 10.457 -15.5794 -36.1589 6.29568 -18.7959 -34.8445 1.76115 -21.2388 -33.1638 -2.96455 -22.9996 -31.1025 -7.80198 -23.7791 -28.5846 -12.7046 -23.2765 -25.8716 -17.2891 -21.7764 -23.073 -21.5661 -19.6539 -20.2365 -25.287 -16.6981 -17.285 -28.2668 -12.3677 -14.5787 -30.3266 -7.39011 -11.9306 -31.9895 -2.23588 -9.27286 -33.0329 3.07363 -7.29192 -33.1022 7.33755 -5.41138 -32.5233 11.6082 -3.5461 -31.4142 15.7796 -1.6136 -29.8372 19.7656 0.49586 -27.7008 23.7126 2.6593 -25.1427 27.3688 4.95881 -22.17 30.6041 7.49215 -18.7357 33.1299 10.7376 -14.1492 35.0084 14.013 -9.33455 36.0985 17.3569 -4.47508 36.6479 20.8478 0.237616 35.8109 24.3247 4.55267 32.8444 27.3591 8.1915 28.7139 30.2419 11.5544 24.2541 32.8243 14.0799 19.1099 34.27 14.9563 14.6717 35.2079 14.9615 10.0159 35.7045 14.2708 5.34327 35.7817 12.9301 0.787689 35.3472 10.589 -4.17505 34.4733 7.65013 -8.74652 33.242 4.37523 -12.996 31.5288 0.776827 -16.7927 29.4127 -2.95002 -19.7692 26.937 -6.86059 -22.1788 24.0962 -10.7701 -24.1466 20.6968 -14.4706 -25.5526 15.6785 -18.5687 -26.2738 10.3338 -22.3008 -26.2255 4.86553 -25.8427 -25.9989 -0.402296 -0.366994 -0.352271 -0.351736 -0.2246 -0.268127 -0.312554 -0.364924 -0.39919 -0.469086 -0.535214 -0.5947 -0.695379 -0.766032 -0.843035 -0.930969 -1.26375 -1.36277 -1.38051 -1.4776 -2.08255 -2.1415 -2.11675 -2.09339 -2.31143 -2.23349 -2.15527 -2.05419 -1.91533 -1.75266 -1.64258 -1.47027 -0.417058 -0.0625775 0.037941 0.291219 1.59775 1.65638 1.66884 1.67069 1.89113 1.84151 1.80599 1.76379 1.74476 1.70469 1.67865 1.66026 1.66248 1.6526 1.65189 1.66455 1.72942 1.7382 1.74721 1.7666 1.78918 1.78596 1.78204 1.7806 1.69257 1.66572 1.64421 1.61621 1.46575 1.42805 1.40438 1.37469 1.29962 1.27685 1.25528 1.23332 1.20045 1.17389 1.14447 1.10693 0.840277 0.765774 0.714783 0.561668 -0.689609 -0.920782 -0.960255 -1.09096 -1.87937 -1.89502 -1.89757 -1.8945 -2.01727 -1.952 -1.89876 -1.8418 -1.72241 -1.62491 -1.54364 -1.44206 -1.01443 -0.889976 -0.85745 -0.785627 0.119339
1.1247 -29.2568 -24.8533 -3.07712 -30.3291 -23.9267 -7.32661 -30.5673 -22.682 -11.4887 -30.022 -21.2524 -15.453 -28.7176 -19.7533 -19.6982 -26.3058 -17.9958 -23.4733 -23.1851 -16.2819 -26.8162 -19.5539 -14.6797 -29.6101 -15.3987 -13.3173 -31.201 -11.8299 -12.5226 -32.2205 -8.01373 -11.9785 -32.6773 -4.06377 -11.6818 -32.6428 -0.0771939 -11.6119 -32.1325 4.19297 -11.7621 -31.1494 8.36761 -12.113 -29.6253 12.3579 -12.6341 -27.4866 16.0315 -13.3028 -23.173 20.8232 -14.5637 -18.3221 24.9977 -16.0472 -13.33 29.0082 -17.5142 -7.65457 32.157 -18.5293 -1.57617 33.5629 -18.8866 4.6604 33.9538 -18.9494 10.9083 34.0384 -18.859 17.0724 33.2693 -18.1782 22.1724 31.3883 -16.9149 26.7978 28.7244 -15.2861 31.0584 25.6881 -13.3437 34.6522 22.2422 -10.823 37.2306 18.2299 -7.6589 38.9245 13.9433 -4.26555 40.0478 9.64711 -0.654524 40.098 5.67505 3.46594 38.4684 2.18805 8.28295 35.7846 -0.647825 13.0553 32.714 -3.1959 17.7562 28.8623 -4.86984 22.2707 24.8906 -5.07199 25.6335 20.5956 -4.34398 28.4878 16.1517 -3.06516 30.8838 11.5863 -1.26426 32.6269 6.40004 1.56112 33.5659 1.47182 4.94622 33.6914 -3.38269 8.42665 33.404 -8.25676 11.7381 32.3843 -12.1991 14.3578 30.7015 -15.9202 16.8084 28.381 -19.4714 18.962 25.5546 -22.8393 20.5695 22.1917 -26.2585 21.58 17.8346 -29.3049 21.9928 13.1181 -32.0554 21.9073 8.20647 -34.2866 20.9122 3.13425 -35.6655 18.8905 -1.67924 -36.3953 16.131 -6.263 -36.6721 12.8758 -10.5625 -36.3828 9.02658 -14.3385 -35.405 4.68552 -17.2465 -33.8876 0.0619753 -19.3862 -32.023 -4.68539 -20.8839 -29.8189 -9.48165 -21.5127 -27.1896 -14.3266 -21.0205 -24.3744 -18.8913 -19.6543 -21.4616 -23.1803 -17.7182 -18.4731 -26.9555 -14.9896 -15.2829 -30.0969 -10.9526 -12.269 -32.4295 -6.28147 -9.3043 -34.3716 -1.40473 -6.36852 -35.6008 3.71523 -4.21484 -35.7321 7.89309 -2.21676 -35.1477 12.1093 -0.316047 -33.9642 16.2441 1.53431 -32.229 20.2033 3.41323 -29.8333 24.1178 5.21577 -26.9444 27.7229 7.03251 -23.5897 30.8911 8.93979 -19.7246 33.3438 11.2518 -14.5717 35.1325 13.4676 -9.16798 36.1265 15.7403 -3.71613 36.5842 18.2661 1.56597 35.6808 20.9519 6.39126 32.6788 23.3681 10.4506 28.5324 25.6993 14.2068 24.064 27.9548 17.047 18.9303 29.4119 18.0492 14.5225 30.5589 18.0825 9.91385 31.399 17.3485 5.29732 31.9235 15.9079 0.80219 32.1247 13.385 -4.08588 31.9729 10.2093 -8.57928 31.4853 6.66 -12.7582 30.4883 2.75478 -16.507 29.009 -1.28211 -19.4638 27.1297 -5.51242 -21.872 24.8277 -9.75994 -23.8435 21.8597 -13.8169 -25.2429 17.2029 -18.3269 -25.9289 12.117 -22.4039 -25.8304 6.88129 -26.2776 -25.5483 -0.269904 -0.232104 -0.218414 -0.220931 -0.0982492 -0.147129 -0.19629 -0.254612 -0.30066 -0.376762 -0.447819 -0.51068 -0.61879 -0.691008 -0.769427 -0.858567 -1.18612 -1.27745 -1.29456 -1.39084 -1.94817 -1.9869 -1.96505 -1.95658 -2.16902 -2.09807 -2.02742 -1.93939 -1.79608 -1.65042 -1.5526 -1.40771 -0.513843 -0.225471 -0.133282 0.118486 1.44051 1.5495 1.58843 1.61602 1.84417 1.81358 1.78496 1.74932 1.73223 1.70123 1.68216 1.67284 1.68651 1.68312 1.68458 1.69745 1.74662 1.7551 1.76319 1.77903 1.78555 1.78215 1.77848 1.77718 1.69977 1.67728 1.65785 1.63189 1.50359 1.46949 1.44459 1.41254 1.34395 1.31841 1.29331 1.26748 1.22777 1.19631 1.16133 1.11678 0.833603 0.753076 0.694584 0.507401 -0.947155 -1.19062 -1.22522 -1.34056 -2.12116 -2.10529 -2.08649 -2.06544 -2.18494 -2.10322 -2.03786 -1.9669 -1.8444 -1.73101 -1.63492 -1.5129 -1.04496 -0.902845 -0.865253 -0.781904 0.0216912
1.09065 -30.1381 -24.4182 -3.07556 -31.1269 -23.2655 -7.24511 -31.1994 -21.7577 -11.2691 -30.4358 -20.0579 -15.0352 -28.8886 -18.3011 -18.9719 -26.184 -16.2725 -22.3703 -22.779 -14.3273 -25.3093 -18.8916 -12.5445 -27.7155 -14.5334 -11.0802 -29.0401 -10.8589 -10.279 -29.8325 -6.98163 -9.79154 -30.1094 -3.00824 -9.6061 -29.9472 0.974869 -9.6916 -29.3579 5.22253 -10.0486 -28.3521 9.36567 -10.6317 -26.8539 13.328 -11.388 -24.782 16.994 -12.2735 -20.6263 21.8417 -13.8186 -15.972 26.1297 -15.5817 -11.1729 30.2682 -17.3134 -5.6207 33.6054 -18.4054 0.401261 35.2686 -18.5485 6.60396 35.957 -18.2256 12.8217 36.3306 -17.7241 18.9487 35.7953 -16.6175 23.9822 34.0696 -14.9354 28.4995 31.529 -12.8656 32.616 28.5752 -10.526 36.0189 25.1186 -7.76625 38.3562 20.9795 -4.5783 39.7842 16.5028 -1.31044 40.6207 11.9803 2.0963 40.3513 7.69677 5.88272 38.3555 3.73552 10.1657 35.3052 0.331409 14.3042 31.8719 -2.78082 18.3719 27.6882 -4.93739 22.355 23.4929 -5.45805 25.3967 19.0257 -4.9768 28.0305 14.4532 -3.8741 30.2668 9.83148 -2.13125 31.9181 4.71419 0.812072 32.8728 -0.0296585 4.44489 33.119 -4.67326 8.20955 32.9563 -9.34196 11.819 31.9884 -13.0923 14.7005 30.2947 -16.5959 17.415 27.9297 -19.9099 19.8166 25.0165 -23.0166 21.6212 21.5053 -26.0953 22.7543 16.9299 -28.7525 23.2027 11.9868 -31.0868 23.1125 6.86438 -32.877 22.0779 1.62791 -33.8079 19.9743 -3.25742 -34.0808 17.1043 -7.82328 -33.9357 13.7358 -12.0412 -33.3267 9.78575 -15.6723 -32.167 5.35527 -18.371 -30.5727 0.647366 -20.2556 -28.7195 -4.18117 -21.4837 -26.6564 -9.06621 -21.8546 -24.3351 -14.0363 -21.1209 -21.9357 -18.7649 -19.5359 -19.4719 -23.2368 -17.4004 -16.9263 -27.2119 -14.5112 -14.1858 -30.614 -10.3568 -11.5868 -33.2538 -5.60073 -9.00411 -35.5028 -0.639259 -6.35213 -36.989 4.56667 -4.31296 -37.2722 8.79417 -2.35173 -36.7956 13.0411 -0.452264 -35.6725 17.1934 1.40184 -33.9423 21.153 3.28218 -31.4929 25.0334 5.07726 -28.5068 28.5623 6.84047 -25.0278 31.625 8.59313 -21.0176 33.957 10.566 -15.674 35.5855 12.3418 -10.0806 36.3972 14.1406 -4.44262 36.6709 16.1573 1.02766 35.6195 18.2854 6.06429 32.5192 20.149 10.3449 28.3105 21.9555 14.3198 23.7888 23.8337 17.3571 18.6161 25.1669 18.4789 14.1979 26.3202 18.6017 9.59236 27.2699 17.9262 4.98818 28.0053 16.5074 0.515705 28.58 13.96 -4.32977 28.8997 10.7175 -8.76632 28.9154 7.07046 -12.8891 28.4181 3.03431 -16.5986 27.4077 -1.15606 -19.5392 25.988 -5.56266 -21.9462 24.0966 -10.0093 -23.9152 21.4236 -14.2743 -25.2905 16.9556 -18.9814 -25.9041 11.9654 -23.1719 -25.7177 6.80591 -27.1375 -25.3288 -0.223255 -0.177231 -0.158535 -0.157199 -0.0381211 -0.0853347 -0.133779 -0.190915 -0.242815 -0.317083 -0.386307 -0.447017 -0.559361 -0.628926 -0.705576 -0.793771 -1.12754 -1.21479 -1.23099 -1.3282 -1.8672 -1.89281 -1.87202 -1.86449 -2.05618 -1.98164 -1.91389 -1.83114 -1.6748 -1.53607 -1.44331 -1.30471 -0.475256 -0.233249 -0.151762 0.0731141 1.30122 1.4244 1.47731 1.52584 1.77355 1.75812 1.73699 1.708 1.69285 1.66742 1.65323 1.64989 1.68841 1.69186 1.69804 1.71864 1.80786 1.82387 1.83798 1.8643 1.88247 1.8806 1.878 1.87976 1.76888 1.74069 1.71686 1.68336 1.50353 1.4636 1.43616 1.39931 1.31437 1.28789 1.26152 1.23438 1.19269 1.15937 1.12413 1.08197 0.792236 0.711973 0.651973 0.456734 -1.1298 -1.38457 -1.41611 -1.51762 -2.29332 -2.25905 -2.22672 -2.19279 -2.31111 -2.21825 -2.14465 -2.0644 -1.94441 -1.82086 -1.71251 -1.57077 -1.06792 -0.913642 -0.871449 -0.770109 0.0160171
-0.102712 -30.0917 -25.8546 -4.2494 -31.0609 -24.618 -8.35503 -31.0816 -22.9425 -12.2601 -30.2422 -21.0163 -15.8483 -28.602 -18.9918 -19.4975 -25.777 -16.619 -22.5372 -22.2553 -14.32 -25.0846 -18.2714 -12.1831 -27.1044 -13.8502 -10.3664 -28.1536 -10.1538 -9.30112 -28.7012 -6.27397 -8.56225 -28.7739 -2.30952 -8.14195 -28.4548 1.66281 -8.00926 -27.7512 5.90575 -8.1492 -26.6844 10.0563 -8.53881 -25.1743 14.0409 -9.13841 -23.1368 17.7493 -9.92105 -19.1094 22.7164 -11.4265 -14.6407 27.1811 -13.2306 -10.0283 31.5039 -15.0184 -4.59818 34.996 -16.2328 1.38533 36.7594 -16.6053 7.58855 37.5151 -16.5847 13.8192 37.9539 -16.3889 19.9927 37.4896 -15.5383 25.0991 35.8223 -14.0255 29.7007 33.3315 -12.0852 33.9105 30.4255 -9.85407 37.4264 27.0254 -7.16671 39.8994 22.9583 -3.98851 41.4703 18.5627 -0.676339 42.4507 14.1095 2.78283 42.325 9.84466 6.59779 40.4742 5.82503 10.8915 37.5573 2.31901 15.0411 34.2489 -0.917008 19.1157 30.1475 -3.26766 23.0746 25.9535 -4.02663 26.0675 21.4303 -3.82572 28.6413 16.7703 -3.01938 30.8227 12.0336 -1.57889 32.4395 6.73254 1.02148 33.387 1.75416 4.32458 33.6468 -3.12619 7.77799 33.5115 -7.99452 11.1315 32.6083 -11.8905 13.8708 31.01 -15.5283 16.509 28.7644 -18.9521 18.8978 25.9701 -22.1208 20.7756 22.5539 -25.2101 22.1116 18.041 -27.8451 22.8543 13.1214 -30.13 23.1002 7.98187 -31.8085 22.4385 2.64889 -32.5542 20.7305 -2.41915 -32.5922 18.2722 -7.22681 -32.2041 15.2886 -11.7108 -31.3694 11.6461 -15.6087 -30.0108 7.42969 -18.547 -28.2423 2.87382 -20.6385 -26.2682 -1.85784 -22.0427 -24.2011 -6.72985 -22.5402 -22.0353 -11.7774 -21.8617 -19.9084 -16.6322 -20.269 -17.7853 -21.261 -18.102 -15.6725 -25.4542 -15.1726 -13.532 -29.1869 -10.9502 -11.618 -32.2134 -6.10042 -9.71789 -34.8706 -1.03358 -7.66163 -36.8101 4.29127 -5.99357 -37.491 8.63456 -4.31616 -37.4348 13.027 -2.61468 -36.7284 17.3532 -0.862588 -35.3907 21.5067 1.02131 -33.321 25.6006 2.91566 -30.6797 29.3459 4.84574 -27.5 32.6256 6.81817 -23.7225 35.1618 9.10661 -18.5709 36.9844 11.2313 -13.1227 37.9333 13.3691 -7.61139 38.325 15.6428 -2.22241 37.3839 17.9007 2.80889 34.3678 19.7972 7.12622 30.2117 21.6096 11.1565 25.7416 23.43 14.3195 20.6238 24.6519 15.6132 16.2205 25.6537 15.9655 11.5914 26.4408 15.5601 6.92527 27.0251 14.4437 2.34608 27.4508 12.2747 -2.69499 27.6443 9.41933 -7.39691 27.5558 6.14805 -11.8229 26.9972 2.4513 -15.8628 25.986 -1.47233 -19.1506 24.6078 -5.666 -21.9328 22.7655 -9.94961 -24.2745 20.1251 -14.117 -25.9738 15.685 -18.8033 -26.879 10.734 -23.0441 -26.9116 5.60823 -27.067 -26.7108 -0.282539 -0.220273 -0.189464 -0.177744 -0.0480533 -0.0878967 -0.130885 -0.181279 -0.225146 -0.291092 -0.352631 -0.406458 -0.509629 -0.572006 -0.64169 -0.722561 -1.04183 -1.12377 -1.14088 -1.24663 -1.81431 -1.85034 -1.83113 -1.82461 -2.0321 -1.95727 -1.8897 -1.80717 -1.66099 -1.52145 -1.42795 -1.28724 -0.470285 -0.230489 -0.150238 0.0696731 1.28644 1.40147 1.45116 1.4973 1.76351 1.74631 1.72564 1.69611 1.68349 1.65655 1.63989 1.63052 1.66281 1.66396 1.66906 1.68544 1.80625 1.82576 1.844 1.87932 1.94769 1.95071 1.95201 1.96208 1.85201 1.81864 1.79148 1.75503 1.51913 1.46821 1.438 1.39743 1.27819 1.2494 1.22199 1.19447 1.1562 1.12296 1.08917 1.04976 0.775632 0.692219 0.634795 0.457402 -1.07583 -1.34602 -1.3813 -1.4887 -2.30008 -2.27673 -2.25044 -2.22002 -2.35728 -2.26947 -2.19839 -2.12131 -2.03166 -1.91391 -1.80643 -1.66244 -1.17885 -1.01519 -0.96829 -0.849245 0.020493
-1.54647 -29.8505 -27.9156 -5.62123 -30.6925 -26.3823 -9.54547 -30.5873 -24.32 -13.175 -29.6303 -21.9589 -16.4118 -27.888 -19.4786 -19.5705 -24.972 -16.5722 -22.0628 -21.3923 -13.7613 -24.0537 -17.3751 -11.1487 -25.558 -12.9394 -8.91516 -26.2645 -9.24568 -7.58989 -26.5286 -5.37929 -6.6518 -26.3829 -1.43417 -6.09189 -25.9115 2.51913 -5.87302 -25.1146 6.74672 -5.9717 -24.0225 10.8905 -6.36332 -22.55 14.8838 -6.99724 -20.6091 18.6306 -7.84017 -16.8223 23.7391 -9.49004 -12.6643 28.4105 -11.5014 -8.36036 32.9554 -13.4957 -3.14715 36.735 -14.7966 2.72547 38.8526 -15.0775 8.86386 40.0039 -14.8624 15.0455 40.8257 -14.4582 21.2015 40.6643 -13.396 26.2986 39.1778 -11.6772 30.8696 36.8097 -9.52271 35.0293 33.9705 -7.11844 38.4739 30.5268 -4.39453 40.844 26.2842 -1.371 42.2852 21.6451 1.65572 43.1186 16.913 4.76561 42.8279 12.2964 8.13607 40.7832 7.79526 11.8209 37.6658 3.75253 15.2789 34.1595 -0.0148155 18.6749 29.8858 -2.84389 22.1029 25.5836 -3.93903 24.8261 20.9824 -4.01432 27.2649 16.2692 -3.42933 29.4021 11.5188 -2.12327 31.0909 6.26865 0.466142 32.3125 1.39743 3.86713 32.9955 -3.37473 7.45788 33.304 -8.1775 10.9839 32.7913 -12.0491 13.905 31.4821 -15.6793 16.753 29.4954 -19.1012 19.3672 26.9082 -22.258 21.465 23.611 -25.2972 23.0078 19.1301 -27.8409 23.9102 14.1893 -30.0037 24.2969 9.00575 -31.5104 23.7678 3.60706 -32.0257 22.1677 -1.52442 -31.7881 19.798 -6.37071 -31.1254 16.8952 -10.8755 -30.06 13.3295 -14.7882 -28.5313 9.17766 -17.7348 -26.6384 4.6723 -19.8267 -24.5904 -0.0264176 -21.2358 -22.5387 -4.90196 -21.7618 -20.5043 -10.0116 -21.1444 -18.5878 -14.9783 -19.6316 -16.7092 -19.7508 -17.5524 -14.8702 -24.1346 -14.7189 -13.0651 -28.154 -10.6044 -11.5097 -31.5273 -5.85617 -9.95524 -34.5485 -0.87616 -8.17615 -36.8613 4.39919 -6.65437 -37.8415 8.73897 -5.06415 -38.0818 13.1575 -3.39825 -37.6531 17.5338 -1.63088 -36.5587 21.7515 0.32224 -34.7027 25.9148 2.32804 -32.2368 29.7212 4.39624 -29.1958 33.0479 6.51968 -25.5136 35.6022 8.98342 -20.4294 37.3851 11.2682 -15.0301 38.2369 13.5499 -9.56965 38.5109 15.9186 -4.24571 37.4424 18.1843 0.691301 34.28 20.0174 4.88698 29.9735 21.7489 8.7968 25.3665 23.4727 11.8741 20.1638 24.6064 13.142 15.7295 25.5138 13.5062 11.0818 26.208 13.1549 6.39661 26.7101 12.1459 1.7829 27.065 10.1667 -3.3411 27.2115 7.54206 -8.17725 27.0779 4.514 -12.772 26.4581 1.06608 -17.0177 25.3761 -2.61716 -20.5518 23.9197 -6.57594 -23.6233 21.9818 -10.6473 -26.2492 19.2152 -14.6383 -28.1583 14.6031 -19.1333 -29.1675 9.49407 -23.1822 -29.2129 4.22448 -27.0131 -28.9841 -0.344328 -0.26054 -0.214252 -0.189704 -0.0448951 -0.0753121 -0.112562 -0.157008 -0.194781 -0.253516 -0.308341 -0.356128 -0.454609 -0.511012 -0.574947 -0.649911 -0.960931 -1.03744 -1.05535 -1.16415 -1.72434 -1.7531 -1.7366 -1.73483 -1.94032 -1.86483 -1.80093 -1.72465 -1.58074 -1.44924 -1.36147 -1.23037 -0.491599 -0.283981 -0.211693 -0.0164804 1.12936 1.26011 1.32278 1.38661 1.68575 1.68469 1.67041 1.64449 1.6353 1.61271 1.59861 1.59045 1.62876 1.63318 1.64001 1.65689 1.80236 1.8267 1.84873 1.89007 1.98292 1.98878 1.99215 2.00634 1.89367 1.85797 1.829 1.79032 1.52281 1.46647 1.43476 1.39248 1.2569 1.22824 1.20125 1.17445 1.13922 1.10664 1.07411 1.03694 0.762602 0.676519 0.61901 0.445293 -1.08908 -1.36588 -1.40026 -1.49861 -2.29799 -2.27704 -2.25241 -2.22315 -2.36894 -2.28528 -2.21627 -2.14197 -2.0729 -1.96142 -1.85527 -1.70873 -1.23416 -1.06358 -1.01314 -0.875901 0.0891968
-1.49896 -31.3609 -25.4904 -5.59326 -31.9824 -23.9049 -9.52333 -31.6499 -21.8781 -13.156 -30.4768 -19.6215 -16.4017 -28.5421 -17.3007 -19.5885 -25.4348 -14.6331 -22.131 -21.6925 -12.0917 -24.1873 -17.5385 -9.75876 -25.767 -12.9997 -7.80139 -26.5395 -9.25311 -6.67666 -26.8771 -5.35255 -5.92141 -26.8101 -1.38581 -5.52241 -26.4194 2.5815 -5.44151 -25.7092 6.81976 -5.66485 -24.7009 10.9737 -6.15981 -23.307 14.9806 -6.87996 -21.4369 18.7469 -7.79342 -17.7409 23.8973 -9.51675 -13.6617 28.6231 -11.5623 -9.43426 33.2232 -13.5932 -4.27939 37.0449 -14.9995 1.57278 39.1889 -15.4534 7.71042 40.3639 -15.4359 13.8999 41.2038 -15.2442 20.0967 41.0281 -14.4569 25.2727 39.494 -13.0429 29.9503 37.0589 -11.2169 34.2313 34.1363 -9.14906 37.8121 30.5784 -6.76932 40.3317 26.1885 -4.09738 41.9223 21.3912 -1.41134 42.9074 16.4913 1.3778 42.7729 11.6848 4.4823 40.887 6.96622 7.97472 37.9107 2.71274 11.3018 34.5418 -1.25987 14.6016 30.4118 -4.28305 18.04 26.2318 -5.5197 20.8899 21.7485 -5.71137 23.5334 17.1501 -5.21223 25.9271 12.5152 -3.9413 27.9338 7.40485 -1.31996 29.5993 2.68213 2.15688 30.7696 -1.94974 5.85324 31.5727 -6.64391 9.55814 31.5495 -10.4517 12.7066 30.6416 -14.0416 15.834 29.0389 -17.4621 18.7546 26.8012 -20.6794 21.1682 23.7912 -23.8554 23.0567 19.5435 -26.5739 24.2886 14.7698 -28.942 24.9735 9.70824 -30.7047 24.6598 4.37063 -31.5031 23.1531 -0.752906 -31.5569 20.7929 -5.60934 -31.1852 17.8576 -10.1265 -30.4088 14.2255 -14.0461 -29.1525 9.97507 -16.9808 -27.5134 5.35545 -19.0376 -25.6991 0.548046 -20.3996 -23.8489 -4.41216 -20.8796 -21.9745 -9.57741 -20.2198 -20.1747 -14.5754 -18.6673 -18.3826 -19.3636 -16.5482 -16.584 -23.7397 -13.6772 -14.7506 -27.7142 -9.5316 -13.1137 -31.018 -4.76198 -11.4611 -33.9552 0.236601 -9.57218 -36.1487 5.52475 -7.95384 -36.9973 9.85731 -6.26133 -37.0782 14.2436 -4.49182 -36.4753 18.5582 -2.62498 -35.2002 22.6812 -0.578017 -33.1508 26.7064 1.50989 -30.4978 30.3389 3.65833 -27.2996 33.4611 5.87046 -23.5191 35.7862 8.45039 -18.3995 37.28 10.8489 -13.0114 37.8408 13.252 -7.59639 37.8323 15.788 -2.40526 36.5217 18.297 2.29109 33.1813 20.4112 6.21687 28.751 22.4272 9.84537 24.0309 24.4213 12.5998 18.7445 25.7403 13.5961 14.2921 26.808 13.6781 9.66504 27.6289 13.0362 5.03136 28.2095 11.7261 0.503323 28.5854 9.39309 -4.46803 28.6955 6.4237 -9.10152 28.4902 3.06759 -13.4596 27.7568 -0.677199 -17.4266 26.5174 -4.59489 -20.6426 24.8682 -8.73845 -23.3515 22.7318 -12.9367 -25.5958 19.7893 -16.9625 -27.1324 15.0041 -21.3497 -27.7248 9.75016 -25.1942 -27.3889 4.35006 -28.7986 -26.8019 -0.203859 -0.135873 -0.100401 -0.0843318 0.0407434 0.00499408 -0.0352679 -0.0822149 -0.127285 -0.188413 -0.245534 -0.295321 -0.396793 -0.454955 -0.521143 -0.598839 -0.913855 -0.991595 -1.01084 -1.12502 -1.70609 -1.73995 -1.72599 -1.73256 -1.96514 -1.89677 -1.83656 -1.76581 -1.6468 -1.52131 -1.43642 -1.31171 -0.619663 -0.413217 -0.340391 -0.148279 1.0281 1.17457 1.24842 1.32654 1.65495 1.66382 1.65262 1.62919 1.62222 1.60314 1.59153 1.58604 1.62508 1.63079 1.63883 1.66011 1.79628 1.82003 1.84052 1.8791 1.94304 1.94434 1.94424 1.95333 1.81791 1.78041 1.75059 1.71018 1.44225 1.38897 1.35871 1.31741 1.19065 1.16434 1.13933 1.11428 1.07901 1.04783 1.01621 0.979395 0.685486 0.599807 0.542329 0.366688 -1.1195 -1.36558 -1.39499 -1.48684 -2.2405 -2.2179 -2.19302 -2.16482 -2.29335 -2.20858 -2.13876 -2.06247 -1.96167 -1.84564 -1.73815 -1.59171 -1.09061 -0.926617 -0.879424 -0.756062 0.038338
0.999589 -30.8582 -26.4531 -3.13361 -31.4383 -24.9552 -7.11402 -31.0811 -23.0336 -10.816 -29.904 -20.8949 -14.1601 -27.9879 -18.7018 -17.508 -24.9243 -16.1851 -20.2555 -21.2345 -13.7844 -22.5438 -17.131 -11.5817 -24.3726 -12.635 -9.74624 -25.3448 -8.91066 -8.70564 -25.8827 -5.01922 -8.02297 -26.0072 -1.04817 -7.68535 -25.791 2.93318 -7.65793 -25.2447 7.19267 -7.93249 -24.3712 11.372 -8.46819 -23.0755 15.4082 -9.2076 -21.2565 19.2029 -10.1069 -17.546 24.3722 -11.74 -13.3841 29.0768 -13.6642 -9.07147 33.655 -15.5611 -3.87138 37.4985 -16.7196 1.97563 39.703 -16.7757 8.07899 40.945 -16.2678 14.2233 41.8593 -15.5876 20.353 41.8108 -14.3727 25.4783 40.4549 -12.6301 30.1357 38.2324 -10.5058 34.4244 35.5039 -8.202 38.0715 32.0641 -5.75037 40.7631 27.6962 -3.21369 42.6123 22.8551 -0.784001 43.8684 17.8448 1.6814 43.9597 12.7667 4.32015 42.2551 7.53356 7.09985 39.4307 2.64667 9.58188 36.1847 -1.9804 12.0463 32.0764 -5.67328 14.7856 27.8157 -7.46539 17.1854 23.1969 -8.17106 19.486 18.4589 -8.11315 21.6476 13.733 -7.14929 23.6126 8.63381 -4.6753 25.5201 4.03364 -1.20762 27.1249 -0.438163 2.54739 28.4153 -4.94352 6.4455 28.9335 -8.5531 9.91938 28.5599 -11.927 13.4986 27.5387 -15.1666 16.9483 25.8533 -18.2899 19.9295 23.2854 -21.4623 22.4545 19.3794 -24.2356 24.3036 14.8423 -26.699 25.5586 9.93788 -28.6135 25.6737 4.64481 -29.591 24.3726 -0.503925 -29.825 22.0627 -5.37919 -29.6366 19.1107 -9.89682 -29.0581 15.4231 -13.7988 -28.0043 11.0782 -16.6744 -26.5663 6.3457 -18.6218 -24.9599 1.43395 -19.8676 -23.3335 -3.60972 -20.2845 -21.6944 -8.85639 -19.6405 -20.1153 -13.9488 -18.1563 -18.5359 -18.8458 -16.1182 -16.9462 -23.3556 -13.3319 -15.3189 -27.5242 -9.29222 -13.8572 -31.0686 -4.6399 -12.3703 -34.2429 0.264969 -10.6555 -36.6082 5.53837 -9.18228 -37.5202 9.90964 -7.64097 -37.6033 14.3512 -6.02453 -36.9488 18.7181 -4.31237 -35.565 22.8731 -2.43573 -33.3406 26.8884 -0.525752 -30.4759 30.4574 1.45458 -27.0724 33.472 3.53519 -23.1335 35.651 6.01903 -17.9059 36.9162 8.35415 -12.4684 37.1961 10.7206 -7.04414 36.9207 13.3269 -1.92856 35.4597 16.1075 2.60672 32.1118 18.6294 6.35164 27.7385 21.0817 9.80412 23.0935 23.5523 12.4256 17.9423 25.2868 13.3808 13.6255 26.8061 13.4713 9.12661 28.0839 12.8646 4.59275 29.0967 11.6014 0.127845 29.9227 9.33727 -4.8209 30.4366 6.45004 -9.47905 30.5936 3.16556 -13.8934 30.1467 -0.542512 -17.9367 29.0806 -4.44857 -21.2281 27.5271 -8.58331 -24.0062 25.4415 -12.7707 -26.3176 22.5116 -16.7808 -27.9181 17.6891 -21.1189 -28.5656 12.3678 -24.8712 -28.2474 6.90128 -28.3779 -27.6839 -0.0865942 -0.0234298 0.00760228 0.0188628 0.139041 0.100316 0.0576549 0.00756306 -0.0385031 -0.103013 -0.163457 -0.216467 -0.318685 -0.380533 -0.450745 -0.533358 -0.851702 -0.935961 -0.955358 -1.05975 -1.59819 -1.62346 -1.6113 -1.61578 -1.83042 -1.76399 -1.70972 -1.64816 -1.55419 -1.44572 -1.36834 -1.24856 -0.649969 -0.473878 -0.407349 -0.231429 0.851938 1.00701 1.09494 1.19845 1.57808 1.60798 1.60521 1.59028 1.59064 1.57949 1.57354 1.5744 1.62605 1.63659 1.64763 1.67705 1.82496 1.8518 1.87199 1.90881 1.94948 1.94548 1.94109 1.94498 1.78345 1.74286 1.7105 1.66709 1.37809 1.3236 1.29184 1.24569 1.1041 1.07417 1.04649 1.01875 0.978582 0.944339 0.909261 0.866411 0.547493 0.450808 0.390931 0.215656 -1.21084 -1.4194 -1.44122 -1.51337 -2.24467 -2.21452 -2.18567 -2.15534 -2.303 -2.21498 -2.14205 -2.06039 -1.96417 -1.83939 -1.72718 -1.57731 -1.07701 -0.90682 -0.859393 -0.744275 -0.0841668
2.96918 -28.7182 -27.3402 -1.27767 -29.2829 -26.1961 -5.43253 -28.9111 -24.6918 -9.35916 -27.7278 -23.0049 -12.9725 -25.82 -21.2821 -16.6927 -22.781 -19.3194 -19.8597 -19.1183 -17.4533 -22.5723 -15.0381 -15.7443 -24.785 -10.5627 -14.3295 -26.0038 -6.85012 -13.5355 -26.735 -2.96446 -13.0201 -26.9905 1.00674 -12.769 -26.837 4.99107 -12.7533 -26.2812 9.25297 -12.9642 -25.3232 13.4297 -13.357 -23.8717 17.4492 -13.8604 -21.8283 21.1958 -14.4117 -17.664 26.1983 -15.3011 -12.9533 30.6571 -16.3433 -8.09991 34.9714 -17.337 -2.55787 38.4924 -17.5477 3.35407 40.317 -16.6701 9.37889 41.1377 -15.228 15.4033 41.638 -13.6445 21.326 41.2632 -11.6869 26.2178 39.7299 -9.48155 30.6572 37.4051 -7.02576 34.7542 34.5973 -4.48104 38.2743 31.0858 -1.94687 40.9727 26.6546 0.470095 42.9596 21.7525 2.65659 44.3795 16.6466 4.818 44.5811 11.3772 7.04314 42.9396 5.84427 9.21352 40.1748 0.626906 10.9896 36.9608 -4.33523 12.7409 32.7552 -8.34527 14.8027 28.319 -10.3343 16.6702 23.5043 -11.1558 18.478 18.5905 -11.1549 20.2039 13.7448 -10.1842 21.8473 8.63077 -7.6098 23.5737 4.14075 -3.98069 25.1328 -0.1768 -0.0489123 26.4219 -4.5052 4.03694 26.9986 -7.93812 7.69696 26.7625 -11.1254 11.4928 25.9439 -14.2066 15.1753 24.4669 -17.2384 18.3779 22.0612 -20.3906 21.1047 18.2765 -23.1965 23.1126 13.8278 -25.7201 24.4835 8.98541 -27.7183 24.6164 3.72378 -28.7815 23.2071 -1.37927 -29.0904 20.7094 -6.15676 -28.9624 17.5488 -10.5332 -28.4213 13.6658 -14.2464 -27.3748 9.16324 -16.8711 -25.9232 4.31972 -18.5114 -24.2953 -0.655561 -19.4358 -22.6405 -5.70561 -19.5631 -20.9538 -10.9014 -18.6755 -19.3086 -15.91 -16.9914 -17.666 -20.7059 -14.7708 -16.0405 -25.0991 -11.8236 -14.4057 -29.1366 -7.65581 -12.9451 -32.5637 -2.916 -11.4782 -35.6042 2.0788 -9.85935 -37.7613 7.47048 -8.53964 -38.4429 11.9319 -7.21309 -38.2452 16.4387 -5.85751 -37.2681 20.834 -4.44689 -35.522 24.9658 -2.93048 -32.8843 28.8819 -1.4129 -29.601 32.2745 0.165759 -25.8087 35.0527 1.86466 -21.5508 36.9437 3.94793 -16.0711 37.7988 5.92638 -10.4899 37.6116 7.96597 -4.97482 36.8892 10.3504 0.154173 35.127 13.1177 4.61154 31.6655 15.7968 8.23338 27.282 18.4452 11.5644 22.656 21.1773 14.1264 17.608 23.2104 15.1097 13.43 25.1114 15.2823 9.08108 26.8177 14.7798 4.67733 28.2729 13.6211 0.307403 29.6103 11.4753 -4.58195 30.6314 8.70659 -9.22847 31.2764 5.51487 -13.6664 31.2559 1.83348 -17.7585 30.5064 -2.10628 -21.0967 29.1973 -6.30047 -23.9113 27.3072 -10.5523 -26.2727 24.5131 -14.6207 -27.966 19.7534 -19.0006 -28.7768 14.4256 -22.7535 -28.6107 8.93843 -26.252 -28.2246 0.0418449 0.0883907 0.107298 0.107877 0.209557 0.163948 0.117658 0.0641424 0.0132383 -0.0549433 -0.118818 -0.175149 -0.279395 -0.343865 -0.415443 -0.498465 -0.799658 -0.88211 -0.899649 -0.983469 -1.42898 -1.44633 -1.43481 -1.43538 -1.60561 -1.54736 -1.50001 -1.44739 -1.36684 -1.27852 -1.20908 -1.09405 -0.55701 -0.401349 -0.33878 -0.167754 0.823376 0.97938 1.07029 1.17895 1.55548 1.59412 1.59518 1.58468 1.5869 1.57984 1.57728 1.58293 1.64252 1.65551 1.66765 1.70051 1.84236 1.86851 1.8871 1.92106 1.9365 1.92893 1.92206 1.9234 1.75095 1.71112 1.67847 1.63538 1.34834 1.29446 1.26028 1.20741 1.05489 1.01741 0.982746 0.94732 0.893838 0.851266 0.80724 0.751192 0.383208 0.264153 0.197531 0.0165587 -1.41885 -1.59057 -1.60333 -1.65156 -2.35985 -2.31673 -2.27981 -2.24374 -2.4116 -2.3178 -2.2393 -2.1484 -2.05566 -1.91694 -1.79736 -1.6428 -1.14736 -0.970393 -0.923072 -0.826914 -0.34134
5.68477 -25.834 -30.4793 1.43947 -26.7161 -29.5504 -2.79106 -26.6689 -28.2221 -6.85478 -25.8003 -26.6743 -10.6559 -24.1864 -25.0582 -14.6497 -21.4557 -23.1822 -18.128 -18.0601 -21.366 -21.1606 -14.2035 -19.6756 -23.6732 -9.89472 -18.2444 -25.092 -6.26366 -17.4069 -25.9854 -2.42252 -16.8186 -26.3576 1.53166 -16.4655 -26.2713 5.51546 -16.3219 -25.7337 9.78467 -16.3676 -24.7457 13.9685 -16.5596 -23.2275 17.9874 -16.8049 -21.0896 21.7156 -17.0196 -16.7398 26.6332 -17.251 -11.7902 30.9415 -17.5633 -6.70894 35.0982 -17.8091 -1.1359 38.5158 -17.1634 4.56457 40.3211 -15.3478 10.2599 41.1593 -12.9163 15.9372 41.6926 -10.3598 21.5084 41.4536 -7.5391 26.125 40.1826 -4.67295 30.3546 38.2024 -1.61784 34.31 35.7204 1.43815 37.829 32.4382 4.26434 40.7335 28.1455 6.69256 43.077 23.3314 8.71519 44.8824 18.2263 10.569 45.4379 12.7507 12.1399 44.1498 6.79769 13.0994 41.7421 1.12748 13.3667 38.8314 -4.30493 13.5566 34.7257 -8.87711 14.0639 30.1914 -11.3656 14.6729 25.1841 -12.6412 15.3244 20.0416 -13.0315 16.05 14.9627 -12.371 16.9946 9.64697 -10.0351 18.4254 5.06452 -6.56272 20.0701 0.717577 -2.73659 21.5622 -3.54979 1.35539 22.4605 -6.82599 5.15716 22.6825 -9.78881 9.20803 22.4623 -12.6528 13.2422 21.5909 -15.5315 16.8817 19.6667 -18.5767 20.1485 16.2388 -21.3037 22.7072 12.0302 -23.7798 24.5891 7.33732 -25.7814 25.0787 2.09814 -26.8647 23.7872 -3.03178 -27.1793 21.246 -7.78587 -27.0583 17.9711 -12.0776 -26.5538 13.9299 -15.6234 -25.5794 9.25091 -17.9503 -24.2277 4.25702 -19.1716 -22.7291 -0.820327 -19.6539 -21.249 -5.92046 -19.4179 -19.7915 -11.1338 -18.2663 -18.3999 -16.1511 -16.3903 -17.0178 -20.9609 -14.0271 -15.6446 -25.4094 -11.0346 -14.2461 -29.6232 -6.95637 -12.976 -33.3444 -2.38643 -11.6866 -36.6974 2.455 -10.2413 -39.1214 7.78218 -9.04417 -39.9696 12.2496 -7.83178 -39.8949 16.7922 -6.6004 -38.9786 21.2368 -5.34543 -37.2058 25.4073 -4.03655 -34.4465 29.3144 -2.76608 -30.9845 32.6301 -1.47471 -26.9961 35.2791 -0.113482 -22.549 37.0004 1.50399 -16.8804 37.5908 2.97542 -11.165 37.0737 4.5076 -5.53612 36.0411 6.45242 -0.279887 34.1209 8.91701 4.3707 30.6847 11.4251 8.23721 26.4105 13.9458 11.8377 21.9169 16.6744 14.7578 17.0653 18.8663 16.1101 13.0749 21.0625 16.7197 8.90819 23.1633 16.6817 4.64885 25.0895 15.9844 0.363934 27.0557 14.3547 -4.51219 28.7703 12.0794 -9.2219 30.1343 9.32648 -13.7892 30.8165 5.96524 -18.0944 30.685 2.20171 -21.7062 29.9426 -1.90701 -24.8358 28.5717 -6.15506 -27.5379 26.2152 -10.3352 -29.5871 21.8347 -15.0033 -30.8182 16.7662 -19.0979 -31.0221 11.5092 -22.9528 -31.0008 0.172845 0.224917 0.246326 0.247211 0.360362 0.314043 0.267025 0.211977 0.166398 0.0964687 0.0313445 -0.0261378 -0.127131 -0.191933 -0.261536 -0.340597 -0.617558 -0.697238 -0.713549 -0.775549 -1.1268 -1.12996 -1.12044 -1.11713 -1.24252 -1.1883 -1.14918 -1.10879 -1.0563 -0.991325 -0.932234 -0.827978 -0.409991 -0.290012 -0.234319 -0.0885042 0.699665 0.843383 0.934555 1.04776 1.43904 1.49644 1.50653 1.50533 1.5174 1.5179 1.52041 1.53106 1.6016 1.61934 1.63533 1.67841 1.8412 1.87268 1.89397 1.93271 1.92566 1.91427 1.90458 1.9038 1.69701 1.65551 1.62118 1.57733 1.27066 1.21954 1.18325 1.12354 0.954223 0.912153 0.872802 0.83206 0.770991 0.722143 0.673045 0.611459 0.214897 0.0775888 0.00655919 -0.172543 -1.66517 -1.8146 -1.8198 -1.84322 -2.5751 -2.5135 -2.46419 -2.41775 -2.62911 -2.52456 -2.43586 -2.33109 -2.27052 -2.11427 -1.98083 -1.81111 -1.32025 -1.1196 -1.06538 -0.964457 -0.595795
5.85692 -23.5402 -32.915 1.93107 -25.2929 -31.829 -2.12277 -26.0922 -30.2192 -6.11425 -25.9899 -28.2899 -9.9108 -25.0252 -26.2115 -13.9369 -22.891 -23.7291 -17.446 -19.9514 -21.285 -20.499 -16.4542 -18.9664 -23.024 -12.4114 -16.9152 -24.4411 -8.91532 -15.6236 -25.3207 -5.15954 -14.6141 -25.6743 -1.25734 -13.8748 -25.5759 2.69713 -13.3736 -25.0429 6.95546 -13.0577 -24.0886 11.1487 -12.9072 -22.6483 15.2028 -12.8234 -20.6434 19.0088 -12.7188 -16.5807 24.1661 -12.4853 -11.9527 28.8267 -12.3522 -7.20133 33.3595 -12.1654 -1.95828 37.1849 -11.1491 3.48905 39.4498 -9.08814 9.00329 40.8093 -6.48115 14.5303 41.8721 -3.76553 20.039 42.108 -0.8245 24.7204 41.1939 2.07254 29.1013 39.5243 5.09982 33.2421 37.3063 8.11295 36.9478 34.1967 10.8953 40.0185 29.9816 13.2538 42.5009 25.1954 15.1745 44.4132 20.0825 16.895 44.9802 14.5553 18.2682 43.5506 8.59355 18.9255 40.9094 3.02242 18.8482 37.7584 -2.2741 18.6547 33.4291 -6.66457 18.6608 28.7362 -8.92044 18.7642 23.6233 -9.90392 18.8854 18.4194 -10.018 19.0621 13.2922 -9.18179 19.4314 7.8658 -6.79494 20.2177 3.09198 -3.35573 21.2871 -1.46593 0.402815 22.2148 -5.94904 4.3503 22.4987 -9.44444 7.9439 22.1754 -12.6556 11.7288 21.4014 -15.7069 15.454 19.9699 -18.5871 18.74 17.4915 -21.3635 21.5706 13.4947 -23.6344 23.6711 8.79077 -25.5483 25.0777 3.68641 -26.8559 25.0917 -1.78945 -27.1706 23.4018 -6.90829 -26.7008 20.5445 -11.4661 -25.8617 17.0036 -15.4556 -24.8161 12.735 -18.5932 -23.5637 7.89581 -20.4016 -22.1465 2.81183 -21.0357 -20.7065 -2.30408 -20.9287 -19.4099 -7.39945 -20.1453 -18.3273 -12.5646 -18.4784 -17.4645 -17.5009 -16.1295 -16.6201 -22.2163 -13.358 -15.641 -26.5815 -10.0999 -14.4525 -30.7636 -5.92362 -13.2623 -34.5227 -1.3632 -11.9832 -37.9428 3.43375 -10.357 -40.4703 8.65979 -8.81207 -41.4455 12.9925 -7.11151 -41.5326 17.3755 -5.34369 -40.786 21.6683 -3.5785 -39.1652 25.714 -1.79132 -36.5373 29.5209 -0.117813 -33.1785 32.7629 1.43035 -29.2542 35.3698 2.77625 -24.805 37.0975 3.9556 -19.0382 37.7695 4.71097 -13.1747 37.3861 5.42257 -7.36145 36.4927 6.371 -1.79838 34.6898 7.51161 3.39713 31.3409 8.53441 7.95392 27.1338 9.57948 12.2783 22.6933 11.0121 15.984 17.8225 12.4034 17.9875 13.7473 13.9567 19.2735 9.44731 15.5739 19.9087 5.02714 17.2107 19.8551 0.569007 19.1073 18.9102 -4.5112 20.9665 17.2548 -9.42055 22.6229 15.0572 -14.1877 23.7916 12.1425 -18.7084 24.337 8.65788 -22.5538 24.4236 4.6908 -25.9423 23.9544 0.424274 -28.9094 22.5211 -4.03445 -31.2097 19.2427 -9.46247 -32.7213 15.2058 -14.5587 -33.2003 10.9253 -19.4708 -33.4131 0.015936 0.0983213 0.139539 0.155603 0.3205 0.278616 0.234716 0.183435 0.156406 0.0903963 0.0299821 -0.0225383 -0.109945 -0.168196 -0.228614 -0.295269 -0.532752 -0.600935 -0.615772 -0.6687 -0.987617 -0.988636 -0.979342 -0.978049 -1.11763 -1.06838 -1.03057 -0.990542 -0.95252 -0.886542 -0.826147 -0.718936 -0.304393 -0.177245 -0.121508 0.0157921 0.732281 0.863327 0.942236 1.0325 1.3679 1.41445 1.42322 1.41975 1.42912 1.426 1.42643 1.43358 1.51024 1.53003 1.55116 1.60477 1.81759 1.86441 1.90069 1.96685 1.97889 1.97881 1.97633 1.9849 1.73595 1.6952 1.66018 1.61207 1.2824 1.23998 1.20652 1.15284 1.00813 0.978904 0.94834 0.9162 0.867012 0.826384 0.78834 0.74825 0.391498 0.280561 0.214887 0.0351775 -1.76595 -1.96973 -1.97605 -1.98224 -2.79422 -2.71162 -2.64403 -2.57724 -2.80557 -2.68685 -2.58738 -2.47139 -2.45492 -2.28941 -2.14077 -1.94465 -1.42823 -1.18902 -1.12169 -0.971787 -0.307719
13.497 -22.9665 -33.8445 10.0777 -25.4929 -32.584 6.41245 -27.1358 -30.7049 2.68458 -27.8926 -28.4257 -0.971636 -27.7647 -25.9197 -4.97721 -26.542 -22.8558 -8.58637 -24.4246 -19.7869 -11.8493 -21.6655 -16.8427 -14.7306 -18.2545 -14.1989 -16.5465 -15.1387 -12.4979 -17.9338 -11.658 -11.1344 -18.8959 -7.92849 -10.1031 -19.4979 -4.05545 -9.37102 -19.8113 0.206812 -8.86899 -19.7797 4.50055 -8.58641 -19.3212 8.77558 -8.41117 -18.3414 12.9624 -8.24743 -15.885 19.0497 -7.98409 -12.9131 24.9076 -7.88869 -9.77394 30.6763 -7.73128 -5.76756 35.7614 -6.61502 -1.03042 39.1416 -4.33811 3.99595 41.4987 -1.46909 9.1167 43.4913 1.50734 14.4522 44.3867 4.63488 19.1619 43.6514 7.53697 23.6015 41.8653 10.4082 27.8279 39.4506 13.1378 31.7181 36.1772 15.439 35.0774 31.8326 17.0511 37.8707 26.9384 18.0527 40.1347 21.7321 18.7792 41.2111 16.1215 19.1255 40.5316 10.005 18.7428 38.7285 4.19585 17.732 36.3915 -1.40696 16.6517 32.7397 -6.31993 15.9133 28.434 -9.23634 15.6306 23.5325 -10.9958 15.5739 18.4005 -11.8761 15.6871 13.2108 -11.691 16.0829 7.59691 -9.86631 17.0396 2.603 -6.87007 18.398 -2.14778 -3.44739 19.6133 -6.68259 0.424152 20.0696 -10.0066 4.18001 19.7854 -12.8364 8.2504 18.9728 -15.3211 12.3291 17.415 -17.4231 15.9954 14.6992 -19.0646 19.1904 10.3641 -20.0122 21.5465 5.33951 -20.5331 23.1076 -0.0444903 -20.4919 23.0976 -5.67414 -19.7109 21.1654 -10.6555 -18.3932 17.9376 -14.779 -16.9111 14.006 -18.1708 -15.5139 9.3934 -20.6059 -14.3216 4.31203 -21.6134 -13.3024 -0.899593 -21.3734 -12.4256 -6.0511 -20.3982 -11.7822 -11.0947 -18.8472 -11.4868 -16.1194 -16.5463 -11.5035 -20.8606 -13.6914 -11.5568 -25.3419 -10.4443 -11.4077 -29.414 -6.69926 -10.9923 -33.197 -2.02374 -10.4766 -36.5156 2.98282 -9.8602 -39.435 8.2213 -8.91256 -41.2748 13.8835 -7.88194 -41.5376 18.4638 -6.68262 -40.797 22.9497 -5.43378 -39.1674 27.18 -4.2317 -36.6597 30.9717 -3.07899 -33.1483 34.2784 -2.05451 -29.011 36.8134 -1.15463 -24.4662 38.5817 -0.441967 -19.6281 39.4052 0.0374036 -13.739 38.9733 0.154833 -8.0058 37.485 0.285478 -2.41034 35.5428 0.828529 2.87399 32.92 1.86187 7.71899 29.0512 3.00415 11.922 24.519 4.22875 15.8993 19.8082 5.96479 19.3063 14.8193 7.74204 21.1495 10.8193 9.80301 22.3341 6.70763 12.008 22.9152 2.54145 14.2824 22.8534 -1.6275 16.9604 21.9599 -6.35282 19.6344 20.4038 -10.9055 22.1441 18.3126 -15.3357 24.2055 15.4844 -19.5844 25.5984 12.0677 -23.2739 26.515 8.1515 -26.5981 26.8906 3.86303 -29.5468 26.3367 -0.784312 -31.8537 24.1168 -6.70712 -33.4311 21.0317 -12.4158 -34.0563 17.6779 -17.9954 -34.3975 -0.0762192 0.0359415 0.0944202 0.12313 0.351747 0.311989 0.266126 0.209569 0.203171 0.132191 0.0681209 0.013106 -0.0525529 -0.110948 -0.168772 -0.229202 -0.414093 -0.476428 -0.494778 -0.554034 -0.8492 -0.854813 -0.851717 -0.866893 -1.03298 -0.996946 -0.97037 -0.948921 -0.967672 -0.921139 -0.873934 -0.797886 -0.522905 -0.422033 -0.368124 -0.242022 0.414747 0.561814 0.657555 0.772128 1.1769 1.24418 1.26306 1.27012 1.28769 1.28978 1.29802 1.31968 1.4639 1.5056 1.54698 1.6484 2.01642 2.10829 2.17297 2.27566 2.27053 2.2816 2.28275 2.29211 1.94287 1.8998 1.85679 1.78997 1.37219 1.32669 1.28684 1.21228 1.02979 0.98586 0.94244 0.897017 0.820966 0.764397 0.712787 0.658638 0.186727 0.0363309 -0.0426856 -0.231038 -2.05905 -2.17155 -2.15505 -2.11258 -2.83992 -2.72954 -2.64213 -2.5595 -2.80877 -2.6769 -2.56459 -2.43178 -2.44698 -2.26674 -2.10182 -1.87845 -1.33305 -1.06435 -0.986823 -0.784922 0.134762
17.0417 -14.2862 -40.5203 14.1253 -17.5026 -39.6185 10.9461 -20.0358 -37.8468 7.66508 -21.7853 -35.4304 4.4191 -22.6764 -32.5436 0.866983 -22.6154 -28.7613 -2.30897 -21.5919 -24.7873 -5.19912 -19.8292 -20.8544 -7.83318 -17.2529 -17.2004 -9.57002 -14.6278 -14.7528 -10.9771 -11.5054 -12.711 -12.059 -8.02136 -11.1018 -12.8818 -4.30638 -9.91003 -13.5427 -0.142949 -9.0464 -13.9648 4.10657 -8.51714 -14.0685 8.39403 -8.16581 -13.7695 12.676 -7.86266 -12.5681 19.1218 -7.45661 -11.0198 25.5054 -7.3657 -9.2995 31.8425 -7.17221 -6.5512 37.5772 -5.5247 -2.87649 41.4362 -2.26058 1.12752 44.069 1.75033 5.24896 46.2607 5.90502 9.65981 47.1295 10.2455 13.5586 46.0179 14.0805 17.1289 43.6181 17.6355 20.475 40.5782 20.9076 23.5849 36.8357 23.6401 26.3372 32.1833 25.5214 28.6716 27.077 26.6328 30.5765 21.7324 27.3847 31.5321 16.0972 27.6849 31.1504 9.96414 27.1761 29.9608 4.0267 26.0135 28.2773 -1.75872 24.7041 25.1687 -6.93771 23.4657 21.2077 -10.1894 22.5381 16.5451 -12.3608 21.7195 11.5527 -13.6301 20.9525 6.38857 -13.6889 20.2797 0.696055 -11.9138 19.827 -4.42321 -8.82357 19.7516 -9.2042 -5.23988 19.5037 -13.4039 -1.1332 18.3815 -16.0299 2.81363 16.7193 -17.7907 6.99553 14.5633 -18.8005 11.0624 11.7924 -18.9316 14.5302 8.16018 -17.9098 17.2304 3.32691 -16.0118 18.8627 -1.71588 -13.6289 19.6007 -6.763 -10.785 18.7671 -11.5497 -7.80438 16.129 -15.1985 -4.90406 12.3198 -17.6958 -2.25008 7.94068 -19.4099 -0.0974706 3.0709 -20.3098 1.26072 -2.06371 -20.0905 1.94174 -7.20073 -18.9054 2.24774 -12.2179 -17.1757 2.25218 -17.1054 -15.0853 1.81632 -21.9979 -12.5352 0.986405 -26.6691 -9.68567 0.0665823 -31.0855 -6.47983 -0.656246 -35.0036 -2.63864 -1.12905 -38.4636 2.27547 -1.42608 -41.3719 7.54778 -1.66784 -43.8048 13.0584 -1.76469 -44.9082 18.9843 -1.66148 -44.3624 23.6534 -1.44237 -42.69 28.0427 -1.2216 -40.1262 31.9782 -1.09629 -36.7762 35.2755 -1.08891 -32.5383 37.851 -1.16299 -27.8616 39.4989 -1.28891 -22.9753 40.3361 -1.49915 -18.0208 40.2997 -1.92962 -12.2545 39.0101 -2.54372 -6.79762 36.7866 -3.06305 -1.49198 34.2022 -3.02758 3.61489 31.1994 -2.23327 8.50001 27.3245 -1.09083 12.9231 23.007 0.189318 17.1641 18.5476 2.04467 20.9246 13.865 4.02132 23.1534 10.1661 6.37327 24.8172 6.39029 8.92274 25.9427 2.54448 11.5636 26.4699 -1.36765 14.6828 26.295 -5.89958 17.8192 25.4767 -10.3484 20.8089 24.1401 -14.7726 23.3511 22.0857 -19.2015 25.1786 19.4034 -23.2871 26.5128 16.1972 -27.1817 27.3306 12.5445 -30.817 27.2788 8.35539 -33.9275 25.7218 2.64647 -36.6625 23.2565 -3.08406 -38.5547 20.5238 -8.78893 -40.1308 -0.725074 -0.518555 -0.398648 -0.321556 0.0215464 0.00485632 -0.0335408 -0.0902549 -0.0708185 -0.142336 -0.20677 -0.26246 -0.312335 -0.369017 -0.420302 -0.469201 -0.599583 -0.652916 -0.667972 -0.703356 -0.872807 -0.857505 -0.851445 -0.853283 -0.907201 -0.865937 -0.839662 -0.816798 -0.783263 -0.750799 -0.714134 -0.654003 -0.423154 -0.356768 -0.311069 -0.189446 0.382028 0.507626 0.59058 0.6916 1.0239 1.06951 1.08499 1.09062 1.08246 1.07028 1.07455 1.10271 1.38245 1.45649 1.52644 1.70162 2.42131 2.61422 2.73557 2.8935 2.86951 2.91195 2.92227 2.92717 2.49125 2.45338 2.39991 2.30119 1.76511 1.70348 1.64985 1.53865 1.28128 1.20426 1.1355 1.0666 0.947626 0.86182 0.787197 0.712553 0.117933 -0.0757471 -0.163455 -0.326535 -2.16251 -2.18602 -2.15741 -2.09649 -2.86252 -2.73236 -2.63638 -2.55218 -2.87202 -2.73741 -2.62697 -2.50209 -2.60597 -2.4381 -2.28262 -2.07071 -1.67644 -1.41092 -1.32609 -1.06444 0.662137
19.988 -2.24266 -45.0982 18.2609 -6.27641 -44.4582 16.2753 -9.87554 -42.7946 14.1226 -12.8687 -40.3307 11.8938 -15.1337 -37.2377 9.34616 -16.7725 -33.0245 6.96765 -17.4538 -28.4631 4.66042 -17.3381 -23.8165 2.31062 -16.2879 -19.3107 0.519569 -14.6869 -16.1283 -1.18619 -12.4168 -13.329 -2.78109 -9.60567 -10.994 -4.28566 -6.40642 -9.1502 -5.82622 -2.66268 -7.69146 -7.25134 1.27285 -6.69273 -8.48841 5.33844 -6.01656 -9.47387 9.50287 -5.56635 -10.5113 15.9854 -5.32664 -11.358 22.4851 -5.76589 -12.0728 29.0076 -6.085 -11.84 35.3834 -4.52026 -10.3382 40.2712 -0.928175 -8.18933 44.0802 3.53557 -5.8286 47.4405 8.24585 -2.97699 49.3247 13.4773 -0.0907355 48.8224 18.227 2.77483 46.778 22.5575 5.55409 43.9894 26.5128 8.2046 40.4261 29.8924 10.6471 35.8563 32.3234 12.7989 30.771 33.8298 14.6409 25.4485 34.848 15.8065 19.8562 35.2031 16.0733 13.7419 34.4518 15.8028 7.78284 32.891 15.1461 1.94062 31.0316 13.2318 -3.43265 28.6902 10.3644 -7.04661 26.2733 6.77617 -9.73475 23.6232 2.82023 -11.5979 20.7941 -1.38707 -12.2844 17.8023 -6.23962 -11.2273 14.4712 -10.843 -8.8151 11.5128 -15.0702 -5.87046 8.47605 -18.256 -2.31829 4.8714 -19.6324 1.24503 1.60882 -19.9068 5.06897 -1.6375 -19.2095 8.73066 -5.00527 -17.2881 11.7229 -8.55359 -13.6153 13.9173 -12.2128 -9.01836 15.2478 -15.1782 -4.10687 15.8673 -17.8594 0.939556 14.9026 -20.161 5.4978 12.2001 -21.1981 9.51301 8.59636 -20.9781 13.0777 4.62872 -20.1361 15.883 0.174595 -18.9325 17.4607 -4.61855 -17.2613 17.9963 -9.46415 -15.1423 17.9489 -14.2106 -12.7494 17.4342 -18.8372 -10.1829 16.2743 -23.476 -7.39634 14.5801 -27.9141 -4.55711 12.6301 -32.0972 -1.50294 10.5428 -35.7625 2.07993 8.11969 -38.9451 6.59024 5.58263 -41.5928 11.3753 2.97642 -43.7889 16.3481 0.327795 -44.7261 21.6819 -1.65535 -44.1345 25.9041 -3.49434 -42.4782 29.9023 -5.19562 -39.9622 33.4919 -6.73881 -36.6734 36.4774 -8.11605 -32.5044 38.7828 -9.19876 -27.888 40.2352 -10.0129 -23.0438 40.9157 -10.553 -18.1186 40.7077 -10.8314 -12.4055 39.1644 -10.8526 -7.03806 36.6566 -10.6876 -1.83781 33.8231 -10.0702 3.1561 30.6961 -8.74678 7.92834 26.8252 -7.07203 12.2287 22.5576 -5.28739 16.3845 18.1924 -3.11757 20.2898 13.7707 -1.06636 22.8947 10.3702 1.27173 25.161 6.91277 3.77825 27.0735 3.36079 6.38199 28.5744 -0.316785 9.48813 29.7819 -4.69767 12.6585 30.5515 -9.13109 15.7719 30.8518 -13.6604 18.5892 30.3559 -18.363 20.8092 29.0422 -22.8988 22.6292 27.107 -27.3898 24.0702 24.5523 -31.7054 24.8557 21.0918 -35.5308 24.5557 15.6518 -39.1103 23.3461 9.8256 -41.7728 21.9089 3.90507 -44.0921 -0.641863 -0.286564 -0.0908015 0.030556 0.521349 0.502956 0.453014 0.376298 0.420091 0.333835 0.257129 0.191538 0.171352 0.113924 0.069967 0.0349984 -0.00882237 -0.051585 -0.0283338 0.0333307 0.0788812 0.144344 0.197622 0.270001 0.37784 0.464864 0.535341 0.608187 0.729358 0.806549 0.889761 0.993032 1.21835 1.31961 1.42096 1.57547 1.98671 2.1047 2.1892 2.26548 2.44004 2.4375 2.4029 2.30478 2.11977 1.92852 1.73461 1.51432 1.61457 1.31696 1.07808 1.07023 2.23661 2.32685 2.27819 2.31086 2.06974 2.02614 1.96062 1.9178 1.37633 1.34288 1.30518 1.23615 0.544856 0.513202 0.505217 0.411203 0.03056 -0.0430089 -0.102074 -0.16716 -0.298507 -0.380627 -0.446474 -0.52698 -1.18321 -1.39389 -1.43366 -1.49833 -3.10271 -3.08324 -3.0172 -2.91337 -3.71859 -3.58342 -3.47322 -3.37206 -3.78483 -3.63657 -3.49181 -3.31976 -3.48686 -3.28392 -3.08639 -2.81805 -2.49985 -2.12882 -2.00151 -1.6572 0.347387
27.5471 4.16576 -45.565 27.0235 -0.225579 -45.2399 26.245 -4.38406 -43.9114 25.2222 -8.1263 -41.7634 23.9498 -11.2792 -38.9165 22.2541 -14.0311 -34.8571 20.5056 -15.8246 -30.3125 18.658 -16.7928 -25.561 16.5492 -16.7306 -20.8202 14.7568 -15.7589 -17.3935 12.9016 -13.9824 -14.3439 11.0378 -11.5421 -11.8003 9.1802 -8.6199 -9.82324 7.19276 -5.10844 -8.32769 5.23266 -1.38702 -7.41892 3.28217 2.42359 -6.98131 1.29937 6.24244 -6.94596 -1.82267 11.9744 -7.69049 -4.95792 17.4974 -9.37051 -8.11769 23.0372 -10.9462 -11.3631 28.7295 -10.4786 -14.1314 33.5231 -7.57897 -16.5506 37.6295 -3.53716 -18.7893 41.4116 0.905258 -20.2996 44.0708 6.35488 -20.5045 44.6752 11.8988 -19.8553 43.9335 17.3918 -18.8273 42.4487 22.6723 -17.462 40.08 27.5374 -15.5875 36.567 31.6489 -13.3731 32.3973 34.8845 -11.1353 27.863 37.5663 -9.1866 22.7936 39.3724 -7.58096 16.8595 39.8497 -6.27574 10.8561 39.3254 -5.15748 4.87835 38.3074 -4.72826 -0.863013 36.1003 -5.21098 -5.03798 33.0245 -6.27472 -8.43642 29.2241 -7.60481 -11.1191 24.9629 -9.08647 -12.7521 20.2447 -10.9752 -12.8647 14.5719 -13.011 -11.5944 9.09445 -14.7991 -9.8437 3.6632 -15.5719 -7.58052 -1.81776 -15.1981 -5.005 -6.11453 -14.0886 -1.99605 -9.98113 -12.2369 0.958149 -13.5976 -9.2903 3.35273 -16.8868 -4.71495 5.18891 -19.6049 0.481731 6.56591 -21.2761 5.88534 7.43983 -22.592 11.4232 6.8127 -23.387 16.3172 4.59314 -22.8598 20.513 1.66674 -21.1311 24.22 -1.55631 -18.8889 27.1473 -5.3488 -16.3979 28.7719 -9.58608 -13.6298 29.2755 -13.9278 -10.6045 29.0875 -18.2123 -7.46362 28.2364 -22.4217 -4.33098 26.5149 -26.6315 -1.17781 24.1374 -30.6086 1.84851 21.3248 -34.3112 4.85008 17.9601 -37.4953 7.87811 13.5978 -40.1478 11.0842 8.82395 -42.2315 14.1193 3.86573 -43.891 17.1204 -1.33004 -44.4841 20.1197 -5.44786 -43.8375 22.2959 -9.45251 -42.288 24.2123 -13.222 -39.9814 25.8188 -16.6084 -36.9626 27.0556 -19.5984 -33.0983 27.9042 -21.958 -28.7557 28.3138 -23.7028 -24.1137 28.3077 -24.6909 -19.281 27.7967 -24.7195 -13.5083 26.4649 -23.8647 -7.94331 24.6213 -22.6529 -2.50829 22.5987 -20.9768 2.72534 20.3855 -18.3927 7.78973 17.705 -15.2679 12.4103 14.8074 -12.0286 16.8971 11.8263 -8.67166 21.1917 8.69619 -5.9592 24.1758 6.18726 -3.10234 26.8975 3.54393 -0.144532 29.3131 0.720292 2.86413 31.3408 -2.34455 6.35045 33.1819 -6.18568 9.81244 34.6137 -10.2184 13.253 35.5751 -14.4061 16.5507 35.6622 -18.8124 19.3339 34.7779 -23.1366 21.7605 33.1866 -27.4732 23.927 30.9465 -31.6583 25.7023 27.7452 -35.3766 26.9953 22.4265 -38.9171 27.5172 16.5378 -41.6646 27.7817 10.5337 -44.19 1.76631 2.22195 2.39525 2.44056 2.93635 2.78794 2.61654 2.41537 2.37819 2.20792 2.05893 1.93232 1.87469 1.774 1.70268 1.65516 1.66874 1.5906 1.61147 1.81919 2.33639 2.44624 2.49037 2.57675 2.95079 2.95139 2.96905 2.99643 3.13488 3.1128 3.12462 3.15833 3.26356 3.27042 3.28577 3.30894 3.40269 3.38595 3.35502 3.29326 3.13766 3.01228 2.88701 2.66926 2.31495 2.00988 1.71661 1.36839 1.37437 0.866232 0.493805 0.328137 2.03867 2.17181 2.1028 2.14208 1.73488 1.6431 1.52103 1.43576 0.758866 0.666261 0.579612 0.505978 -0.458786 -0.575489 -0.659596 -0.85944 -1.59924 -1.78862 -1.95245 -2.12346 -2.38629 -2.55066 -2.68768 -2.8488 -3.56159 -3.74763 -3.78693 -3.83935 -5.10421 -5.0694 -5.02884 -4.99549 -5.95858 -5.86306 -5.77224 -5.68273 -6.20283 -6.04605 -5.87499 -5.65372 -5.83922 -5.59314 -5.3699 -5.0768 -4.86508 -4.4449 -4.32814 -3.95184 -3.95117
28.6493 9.28561 -46.0756 29.6539 5.1328 -44.8888 30.1802 1.19985 -42.9092 30.2335 -2.40108 -40.3218 29.8274 -5.57505 -37.2517 28.838 -8.63068 -33.176 27.4518 -11.0018 -28.7733 25.718 -12.7912 -24.2214 23.5103 -13.8874 -19.6551 21.4343 -14.0833 -16.2565 19.0781 -13.6653 -13.067 16.5193 -12.684 -10.1707 13.8265 -11.2386 -7.6098 10.8305 -9.26445 -5.23408 7.79274 -6.94835 -3.25296 4.7532 -4.34441 -1.67254 1.74729 -1.48344 -0.534068 -2.68828 3.29309 0.283465 -6.90118 8.3337 0.246532 -11.1085 13.3787 0.18582 -15.5421 18.1624 0.971379 -19.8977 22.3346 2.60617 -24.2645 26.3619 4.54625 -28.6568 30.2112 6.76958 -33.0538 33.099 10.1427 -36.659 34.3059 14.228 -39.8589 34.5143 18.7955 -42.6746 34.0083 23.5872 -44.7183 32.3451 28.5067 -45.6152 29.2212 33.2179 -45.6029 25.2528 37.3423 -45.0103 20.8719 40.9777 -43.4311 16.0377 43.6036 -40.4317 10.7304 44.5282 -36.7808 5.78807 44.0147 -32.9519 1.06968 42.9676 -28.8758 -3.06404 40.89 -25.3769 -5.54209 37.9335 -22.0511 -7.08662 34.2352 -18.9038 -8.02698 30.1937 -15.9737 -8.36289 25.9012 -13.0782 -7.74967 20.705 -10.6867 -6.28575 15.4231 -8.3421 -4.64713 10.1715 -5.67641 -3.16357 5.02817 -3.21423 -1.92793 0.827368 -0.60093 -0.690062 -3.28047 2.2822 0.290644 -7.27568 5.62426 0.643307 -11.0096 9.87534 0.18265 -14.6717 14.3994 -0.842318 -17.8621 19.0332 -2.38245 -20.664 23.6383 -4.91908 -22.6773 27.709 -8.37692 -23.4712 31.2989 -12.4084 -23.3355 34.4199 -16.7496 -22.5796 36.7753 -21.3726 -21.0834 38.0231 -25.9872 -18.7585 38.3476 -30.4066 -15.8223 37.9995 -34.5642 -12.5282 36.851 -38.303 -8.92829 34.6798 -41.4749 -4.94664 31.8238 -43.9511 -0.904298 28.5847 -45.9128 3.13168 24.9026 -47.1047 7.08773 20.3921 -47.1774 11.0869 15.6569 -46.3549 14.7263 10.8759 -45.1468 18.1943 6.09633 -43.3027 21.3721 2.45026 -41.1783 23.4466 -1.04726 -38.516 25.1167 -4.36817 -35.4475 26.4077 -7.47464 -32.0375 27.3197 -10.4631 -28.1181 27.8673 -13.143 -23.9487 28.0317 -15.492 -19.5873 27.8019 -17.3877 -15.066 27.0559 -18.9327 -9.58072 25.4365 -19.9342 -4.13336 23.3338 -20.6516 1.27609 21.027 -20.7905 6.55527 18.3421 -19.9652 11.7456 14.8941 -18.5153 16.5345 11.0895 -16.9272 21.2001 7.18828 -15.1049 25.6469 3.13666 -13.423 28.7059 -0.0835727 -11.4899 31.4679 -3.42889 -9.34922 33.9061 -6.89723 -7.02966 35.951 -10.502 -4.17579 37.8033 -14.8289 -1.21224 39.2379 -19.24 1.90861 40.2129 -23.668 5.23937 40.3125 -28.0491 8.4383 39.3951 -32.068 11.5579 37.7385 -35.9086 14.6823 35.4814 -39.4258 17.7901 32.3534 -42.2156 21.1755 27.1697 -44.256 23.9011 21.3546 -45.375 26.4528 15.4207 -46.2554 2.05687 1.99932 1.92807 1.84792 2.29574 2.13474 1.97805 1.79374 1.8141 1.64393 1.49082 1.35805 1.36127 1.24589 1.14273 1.04303 1.09305 0.94534 0.921302 1.02454 1.64965 1.66063 1.66627 1.81578 2.68962 2.64043 2.58566 2.52644 2.82215 2.67068 2.56705 2.43028 2.24379 2.02839 1.94554 1.81063 1.21485 1.05494 0.979789 0.916605 0.356069 0.338383 0.344138 0.342998 0.205269 0.184042 0.17143 0.150223 0.691058 0.721931 0.774815 0.99754 2.07233 2.30004 2.45454 2.70019 2.50095 2.56334 2.59185 2.65422 1.94326 1.8771 1.80985 1.73748 0.653122 0.469977 0.366266 0.208705 -0.341633 -0.50192 -0.643166 -0.782463 -1.01532 -1.16042 -1.30175 -1.47705 -2.24484 -2.47201 -2.55891 -2.72674 -4.56026 -4.53507 -4.50144 -4.45864 -5.41987 -5.29597 -5.17122 -5.03728 -5.4515 -5.25535 -5.03452 -4.73743 -4.8615 -4.53379 -4.23283 -3.83536 -3.66687 -2.86185 -2.6124 -1.92934 -6.92355
