Optimization finished after 800 iterations.
NEB Energy: 1.96295
Max NEB Force: 0.464836
Optimization took: 8080 ms
Energies: 
1.82096, 1.96754, 2.03694, 2.0759, 2.00682, 1.91397, 1.84962, 1.89799, 1.95271, 1.95456, 1.99514, 2.00677, 2.03836, 2.0578, 2.15396, 2.18697, 2.35057, 2.47125, 3.00317, 3.45421, 2.24323, 
NEB Forces: 
0, 0.297259, 0.299721, 0.305572, 0.301786, 0.296084, 0.292628, 0.295829, 0.299982, 0.299921, 0.302342, 0.302554, 0.30461, 0.306554, 0.315734, 0.320856, 0.333906, 0.345888, 0.380462, 0.464836, 0, 
Gradients: 
0.278624, 0.297117, 0.29936, 0.305022, 0.301456, 0.296031, 0.292536, 0.295809, 0.299981, 0.299921, 0.302339, 0.302553, 0.304548, 0.306515, 0.315531, 0.320409, 0.333148, 0.345042, 0.379965, 0.464573, 0.386785, 
