# num_vectors 21
# vector_size 401
# Iterations: 800, stepsize: 0.032721, max step size: 1.000000, spring constant: 0.001000, global NEB Hessian: false, global NEB Linesearch: true, climbing image: false
-9.86241 -27.415 -25.6617 -11.8121 -23.4553 -25.2541 -13.4013 -19.3838 -24.5157 -15.1401 -15.352 -23.9093 -16.6014 -11.2529 -23.0676 -17.1371 -6.44268 -21.2028 -17.2929 -1.70749 -19.0917 -17.6197 3.06908 -17.0967 -17.7224 7.78045 -14.9298 -17.2419 11.1647 -12.8804 -16.5632 14.4401 -10.7131 -15.905 17.7285 -8.55967 -15.1058 20.8916 -6.27026 -13.8855 23.9482 -3.50098 -12.5276 26.8527 -0.633621 -11.2206 29.8262 2.18635 -9.73138 32.5264 5.18517 -6.58608 34.8666 10.4534 -3.31649 36.851 15.7916 -0.192795 39.221 21.0596 3.14325 41.042 26.4149 6.93516 39.1085 30.9872 10.6964 36.6466 35.3249 14.4629 34.6669 39.8985 18.2462 32.0868 44.1473 21.0153 27.5087 45.7265 23.5216 22.6315 46.7522 26.2036 17.9604 48.2045 28.6755 13.0332 49.0605 29.8034 7.75183 47.1716 30.5659 2.63332 44.7316 31.628 -2.62381 42.7394 32.2802 -7.68064 40.1439 30.8055 -10.8308 35.0556 28.971 -13.364 29.7445 27.4929 -16.4215 24.6007 25.5021 -18.8076 19.278 22.3865 -17.8362 15.2219 19.1133 -16.1197 11.5553 15.9548 -14.8339 7.62166 12.6106 -13.0426 4.05657 8.6498 -8.87677 2.41637 4.83675 -4.38092 1.42562 0.965367 -0.012887 0.134891 -2.92277 4.37107 -1.04685 -6.16551 8.19305 -1.35235 -9.37062 12.0578 -1.43954 -12.5338 15.9577 -1.47364 -15.8584 19.6971 -1.89714 -19.9936 22.9962 -3.81706 -24.1644 26.0803 -5.99919 -28.2923 29.446 -7.81668 -32.472 32.2597 -10.3231 -35.7217 32.3417 -14.6318 -38.5822 31.7542 -19.1713 -41.7634 31.7363 -23.5317 -44.4318 30.8155 -28.1321 -44.6291 27.2718 -32.0863 -44.0766 23.2516 -35.5165 -44.0491 19.5684 -39.3464 -43.2778 15.4077 -42.5597 -40.174 10.8326 -42.7509 -36.6732 6.61734 -41.9896 -33.4239 2.1412 -41.8872 -29.8893 -2.01707 -40.9831 -25.9185 -3.78734 -36.8104 -22.2051 -4.75777 -32.1646 -18.3408 -6.2091 -27.7742 -14.5704 -7.26684 -23.194 -12.2637 -6.50064 -19.171 -10.2248 -5.27862 -15.1161 -8.13967 -4.16835 -11.0526 -5.92246 -3.11365 -7.04456 -3.31936 -1.95784 -2.98735 -0.685042 -0.718833 1.02491 1.82027 0.644894 5.07916 4.70994 1.51901 9.01085 9.32398 0.4669 12.5709 14.0758 -0.994921 15.7887 18.7174 -1.97346 19.3342 23.4763 -3.73886 22.3847 27.4317 -8.61847 22.2362 30.8847 -13.7975 21.3793 34.7602 -18.7339 21.0793 38.1262 -23.9578 20.1531 38.3929 -27.9269 17.5623 37.9643 -31.6166 14.6059 37.8897 -35.4651 11.8271 37.2888 -39.0632 8.78922 34.5505 -41.5874 4.73938 31.352 -43.543 0.712245 28.4385 -45.8766 -3.32982 25.175 -47.7167 -7.35906 21.1153 -47.3008 -10.607 16.9467 -46.3555 -13.5957 12.8405 -45.7901 -16.7618 8.66901 -44.7111 -19.7008 3.91486 -40.5969 -21.4129 -0.627851 -36.1157 -22.7332 -5.35546 -31.9394 -24.3669 0.126244 0.131656 0.133155 0.128643 0.115145 0.0918109 0.0611611 0.026439 -0.00507607 -0.0307444 -0.0542255 -0.0756907 -0.0961008 -0.115175 -0.131886 -0.145775 -0.159424 -0.169496 -0.17478 -0.176936 -0.177655 -0.177779 -0.178103 -0.178774 -0.180343 -0.182035 -0.184033 -0.185442 -0.185965 -0.184865 -0.182252 -0.178252 -0.171507 -0.163821 -0.152988 -0.137767 -0.113975 -0.0909577 -0.0642873 -0.0370533 -0.00587712 0.0188901 0.0389319 0.0548661 0.0666097 0.0744557 0.0795866 0.0815621 0.0803657 0.0762133 0.0711054 0.0677275 0.0687515 0.0749204 0.084935 0.0964265 0.108468 0.113969 0.114305 0.109784 0.0976993 0.0840549 0.0680653 0.0519348 0.0333573 0.0220822 0.0153404 0.0124175 0.0131139 0.0160553 0.0214435 0.0285544 0.0377979 0.0484828 0.0606187 0.0736724 0.090288 0.106377 0.12002 0.127382 0.124986 0.111389 0.0897412 0.0660192 0.045697 0.0371557 0.034711 0.0367377 0.0419774 0.0472605 0.0505319 0.0501415 0.0445348 0.0356872 0.0256033 0.0186674 0.0186143 0.029775 0.0483086 0.0666188 0.0364825
-8.71603 -31.8131 -27.3898 -11.975 -28.8682 -26.7956 -14.8529 -25.636 -25.8375 -17.9126 -22.5352 -25.0188 -20.6078 -19.1717 -23.9848 -22.1279 -14.6269 -22.001 -23.0804 -10.0219 -19.8126 -24.311 -5.44675 -17.7015 -25.1782 -0.818611 -15.5267 -24.9148 2.72763 -13.7266 -24.3181 6.2221 -11.9057 -23.7639 9.72555 -10.0876 -22.973 13.1584 -8.22401 -21.499 16.6233 -6.14453 -19.7808 19.9765 -4.06991 -18.15 23.3876 -2.01871 -16.2379 26.5738 0.147763 -11.8994 29.8604 3.82182 -7.34669 32.8208 7.51411 -2.99383 36.1397 11.1422 1.60682 38.9533 14.8895 6.66716 38.0139 18.4297 11.6795 36.5277 21.8491 16.735 35.5269 25.3795 21.7375 33.9459 28.7702 25.2259 30.0029 30.6152 28.3883 25.6703 32.148 31.8007 21.6379 33.9415 34.8671 17.1943 35.3458 35.9407 11.599 34.8234 36.5272 5.98509 33.8882 37.5839 0.389134 33.3374 37.9131 -5.21086 32.2128 34.9243 -9.40079 28.8216 31.4045 -12.9101 25.1764 28.3841 -17.0256 21.7222 24.6752 -20.3223 18.0665 20.2977 -19.4809 15.3774 15.9976 -17.6349 13.0958 11.6466 -16.3389 10.5476 7.32655 -14.4485 8.34175 3.56583 -9.82236 7.9083 0.296999 -4.81871 8.0184 -3.14958 0.0648865 7.94579 -6.656 4.90377 7.79184 -9.67931 8.90348 7.51205 -12.6857 12.9185 7.27165 -15.6077 17.0018 7.20554 -18.7864 20.8365 6.56749 -22.8225 23.6158 3.80094 -26.8541 25.9547 0.647163 -30.9254 28.6979 -2.10388 -34.876 30.7942 -5.51948 -37.2689 29.9667 -10.2862 -39.1177 28.4287 -15.1185 -41.3721 27.403 -19.9143 -43.0548 25.678 -24.7439 -42.3061 21.9459 -28.451 -40.9142 17.9029 -31.6054 -39.9342 14.0891 -35.1731 -38.4318 9.93624 -38.1275 -35.2308 5.42486 -38.1773 -31.7843 1.16443 -37.4199 -28.478 -3.26884 -37.2839 -25.0444 -7.49733 -36.3182 -21.7196 -9.88439 -31.8956 -18.7052 -11.6057 -26.9697 -15.4972 -13.7939 -22.3616 -12.4465 -15.4898 -17.4493 -10.9749 -14.9155 -13.0226 -9.87484 -13.8069 -8.58932 -8.70936 -12.8865 -4.12983 -7.37235 -11.7974 0.242659 -5.65606 -9.91381 4.49461 -3.94601 -7.76319 8.62057 -2.44915 -5.61614 12.8304 -0.264375 -3.70023 16.8465 4.62165 -2.58763 20.0022 9.83999 -1.74934 22.6739 14.7054 -0.499118 25.8103 20.0814 -0.00322888 28.2439 25.5587 -2.68819 26.7379 30.4521 -5.85419 24.3904 35.8039 -8.65265 22.6566 40.6529 -11.8654 20.2814 41.7561 -14.9792 16.872 41.9681 -18.0383 13.2477 42.5893 -21.1375 9.70553 42.6926 -24.1767 6.06003 40.5099 -27.0021 1.87378 37.7628 -29.5384 -2.16264 35.346 -32.2605 -6.28833 32.5497 -34.7509 -10.3195 28.5184 -35.9415 -13.4072 24.2432 -36.8399 -16.2567 20.1533 -37.9937 -19.2808 15.8091 -38.7496 -22.0665 9.66179 -37.2315 -23.6046 3.53646 -35.3435 -24.7777 -2.62899 -33.848 -26.2647 0.157867 0.169548 0.151609 0.146937 0.190839 0.162889 0.123515 0.085678 0.054353 0.0245869 0.00239112 -0.0218902 -0.0718001 -0.100783 -0.118673 -0.148244 -0.278351 -0.314304 -0.323839 -0.344601 -0.552272 -0.555374 -0.536217 -0.537053 -0.640078 -0.630958 -0.618334 -0.604279 -0.538379 -0.492157 -0.46739 -0.421722 -0.149719 -0.117626 -0.150502 -0.133321 0.169675 0.197144 0.185965 0.222827 0.357309 0.382109 0.396859 0.410033 0.41356 0.41721 0.416268 0.417789 0.437664 0.441064 0.444039 0.452801 0.49688 0.511286 0.518021 0.529637 0.594815 0.600572 0.589071 0.584496 0.598612 0.573582 0.547804 0.525122 0.431139 0.410027 0.415368 0.41279 0.333993 0.331143 0.342956 0.339114 0.306008 0.283087 0.267898 0.241434 0.106781 0.0856163 0.121962 0.115998 -0.247546 -0.282444 -0.270432 -0.322247 -0.628304 -0.647398 -0.626026 -0.624907 -0.677658 -0.657404 -0.642126 -0.626204 -0.557696 -0.53419 -0.529692 -0.501626 -0.309802 -0.260204 -0.235884 -0.198079 -0.102625
-6.1808 -34.2295 -26.8445 -10.1383 -32.4823 -25.8791 -13.754 -30.2682 -24.5864 -17.5399 -28.2825 -23.4156 -20.9897 -25.844 -22.0745 -23.3114 -21.7099 -19.9721 -24.9804 -17.3265 -17.7579 -26.9888 -13.0751 -15.5683 -28.5609 -8.6328 -13.4013 -28.6157 -4.96487 -11.8433 -28.2504 -1.28588 -10.3548 -27.9501 2.39416 -8.85416 -27.3385 6.05322 -7.39769 -25.8585 9.84113 -5.99686 -24.0588 13.5273 -4.70278 -22.3788 17.266 -3.39854 -20.3458 20.8169 -2.07206 -15.4423 24.751 -0.174472 -10.2713 28.3599 1.65875 -5.3436 32.3116 3.45498 -0.129881 35.8069 5.38482 5.71217 35.6382 7.59041 11.5219 34.9305 9.77421 17.3694 34.7132 11.9614 23.1605 33.9093 14.161 27.2448 30.4883 15.8151 30.9726 26.6277 17.3386 35.0006 23.1254 18.9602 38.5784 19.1114 20.4461 39.6358 13.5227 21.0629 40.0859 7.83113 21.4351 41.1476 2.23629 21.9878 41.2382 -3.47482 22.3163 37.1606 -8.03693 21.5748 32.44 -11.8895 20.6449 28.2837 -16.3689 19.8376 23.3965 -20.0126 18.9282 18.2945 -19.2513 18.2273 13.4576 -17.4065 17.6748 8.44681 -16.145 17.0386 3.61622 -14.2819 16.494 9.19957e-05 -9.52228 16.4468 -2.97837 -4.34059 16.5586 -6.17806 0.706835 16.6961 -9.4679 5.69712 16.6125 -12.34 9.70972 15.6817 -15.1923 13.7043 14.6219 -17.9655 17.8085 13.7964 -20.9826 21.5705 12.3963 -24.7196 23.8621 8.86765 -28.4187 25.6003 4.99927 -32.2139 27.796 1.47144 -35.7802 29.3209 -2.60582 -37.5624 27.9534 -7.5136 -38.796 25.9147 -12.3567 -40.4475 24.3341 -17.2463 -41.4991 22.1637 -22.0749 -40.1594 18.3649 -25.54 -38.2268 14.3509 -28.4359 -36.6535 10.5068 -31.7497 -34.6547 6.39285 -34.4538 -31.2767 2.01414 -34.3211 -27.7255 -2.13478 -33.4385 -24.2352 -6.41547 -33.1278 -20.7518 -10.5794 -32.0648 -17.794 -13.4407 -27.6628 -15.1729 -15.7892 -22.7712 -12.3342 -18.5045 -18.2015 -9.68692 -20.8282 -13.3123 -8.58818 -21.0408 -8.74728 -7.84807 -20.8131 -4.11128 -7.04563 -20.7873 0.519848 -6.07724 -20.442 5.1062 -4.76963 -18.9405 9.64578 -3.47581 -17.1047 14.0648 -2.39307 -15.4344 18.6048 -0.625583 -13.5298 22.8262 3.73515 -10.6516 25.6135 8.41576 -7.73063 27.7655 12.6962 -4.72469 30.543 17.6109 -1.98425 32.388 23.1089 -1.16788 29.4583 28.0967 -0.867966 25.649 33.466 -0.112711 22.4742 38.4499 0.0694576 18.6527 39.9387 -1.57109 14.454 40.5641 -3.60426 10.2098 41.5768 -5.45764 5.95803 42.1213 -7.54895 1.7311 40.5545 -10.6841 -2.51006 38.4279 -13.9122 -6.42529 36.6322 -17.1179 -10.5206 34.4525 -20.3036 -14.4413 30.8976 -23.045 -17.0964 27.0678 -25.691 -19.4492 23.4819 -28.4826 -22.0089 19.524 -30.9826 -24.3085 13.1441 -32.0077 -25.1489 6.67923 -32.6715 -25.623 0.304251 -33.7667 -26.4105 0.0327321 0.0504118 0.0172988 0.0115093 0.100478 0.0644544 0.0193722 -0.0249386 -0.0655357 -0.103325 -0.124897 -0.155755 -0.236834 -0.277384 -0.293659 -0.3367 -0.576162 -0.634638 -0.645468 -0.682225 -1.08083 -1.08659 -1.05276 -1.0528 -1.24381 -1.22096 -1.19209 -1.15238 -1.00584 -0.901776 -0.848894 -0.749481 -0.146896 -0.0758429 -0.165708 -0.142274 0.52702 0.561305 0.502899 0.552882 0.80032 0.831971 0.84563 0.86216 0.870064 0.870209 0.858111 0.85778 0.911742 0.918751 0.922511 0.939781 1.02173 1.04169 1.04708 1.05727 1.15006 1.15621 1.13915 1.13523 1.17502 1.14558 1.11274 1.08759 0.960959 0.932485 0.940501 0.934656 0.79693 0.784714 0.794903 0.776659 0.715159 0.66343 0.62394 0.562094 0.310324 0.246011 0.305869 0.283048 -0.571737 -0.644071 -0.582145 -0.676309 -1.34598 -1.36632 -1.32132 -1.31235 -1.3926 -1.34872 -1.32672 -1.29014 -1.12666 -1.06876 -1.05899 -0.999505 -0.602879 -0.531978 -0.519877 -0.466917 -0.0786735
-2.55715 -35.3864 -27.2473 -6.76937 -34.7957 -26.0006 -10.7472 -33.6277 -24.4324 -14.8455 -32.7577 -22.9854 -18.7052 -31.2902 -21.3744 -21.6921 -27.7326 -19.0673 -24.0224 -23.7474 -16.703 -26.7118 -20.0073 -14.3195 -28.9403 -15.9139 -12.044 -29.3792 -12.2093 -10.6413 -29.3324 -8.42196 -9.40114 -29.3703 -4.64546 -8.12797 -29.0545 -0.834747 -7.00425 -27.7656 3.19638 -6.23675 -26.1039 7.1261 -5.69164 -24.5813 11.105 -5.09861 -22.6858 14.9289 -4.56437 -17.8468 19.3603 -4.30307 -12.7239 23.4667 -4.1719 -7.87111 27.89 -4.07829 -2.69925 31.9265 -3.79041 3.38163 32.547 -2.50187 9.47131 32.6617 -1.11413 15.5575 33.273 0.154034 21.6362 33.2568 1.59291 26.0373 30.3212 3.36299 30.0508 26.8829 5.14951 34.3896 23.8504 6.91004 38.2405 20.2416 8.71754 39.3229 14.861 10.3336 39.7012 9.33925 11.7832 40.723 3.91098 13.2747 40.7865 -1.59875 14.8147 36.6408 -5.97692 16.0931 31.8478 -9.69125 17.1985 27.598 -13.9965 18.3795 22.6784 -17.5175 19.558 17.599 -16.7566 20.4081 12.7708 -14.9826 21.211 7.78193 -13.7668 22.0695 2.95809 -11.9644 22.8339 -0.771795 -7.30452 23.1592 -3.90155 -2.21582 23.367 -7.21864 2.7419 23.7556 -10.6685 7.62332 23.8073 -13.7607 11.3454 22.4657 -16.8366 14.9792 20.8688 -19.8508 18.7736 19.5519 -23.0512 22.1443 17.6518 -26.6715 23.6987 13.6336 -30.1631 24.624 9.31835 -33.8384 26.022 5.29248 -37.1485 26.7867 0.806241 -38.2777 24.9463 -4.14048 -38.802 22.5318 -8.93939 -39.7683 20.4927 -13.8426 -40.1261 17.9929 -18.6129 -38.1535 14.2925 -21.8761 -35.6356 10.4742 -24.5804 -33.42 6.78017 -27.6915 -30.8909 2.84674 -30.2142 -27.3506 -1.39908 -30.0101 -23.7196 -5.47485 -29.112 -20.0894 -9.63241 -28.7384 -16.5409 -13.7436 -27.6857 -13.7716 -17.0194 -23.4534 -11.3576 -19.909 -18.7485 -8.73873 -23.1069 -14.3635 -6.25777 -25.9329 -9.65496 -5.09646 -26.5905 -5.1483 -4.2295 -26.8364 -0.535338 -3.31617 -27.313 4.05053 -2.24788 -27.3352 8.62757 -0.868665 -25.8474 13.1503 0.506322 -23.9427 17.5153 1.7311 -22.3189 22.0359 3.43125 -20.1693 26.1663 6.89131 -15.9744 28.5113 10.5093 -11.5758 30.1339 13.8687 -7.27671 32.4368 17.6793 -2.95111 33.7922 21.7454 0.220704 30.2028 25.3839 2.87869 25.8239 29.2968 6.02343 22.0453 32.9985 8.53332 17.6324 34.291 7.98561 13.0974 34.983 6.75023 8.566 35.941 5.84296 4.00564 36.5778 4.4901 -0.500026 35.748 1.23647 -4.85852 34.5098 -2.37686 -8.81867 33.5399 -5.81971 -12.9993 32.2165 -9.39662 -16.9649 29.5846 -13.1398 -19.468 26.6981 -16.914 -21.619 24.0787 -20.7434 -24.0018 21.0119 -24.398 -26.1096 15.2192 -27.3402 -26.6069 9.25121 -29.9534 -26.7255 3.49604 -32.9756 -27.1778 -0.131686 -0.106704 -0.150106 -0.155303 -0.0217545 -0.064286 -0.112027 -0.163609 -0.215242 -0.263273 -0.284101 -0.323618 -0.435353 -0.487935 -0.498564 -0.549853 -0.880622 -0.954025 -0.962137 -1.00874 -1.53419 -1.53425 -1.48924 -1.48342 -1.70174 -1.66372 -1.62928 -1.56712 -1.33381 -1.18378 -1.11092 -0.97281 -0.126206 -0.0275405 -0.156163 -0.134909 0.82836 0.861299 0.772011 0.829847 1.15666 1.19069 1.20019 1.21303 1.21986 1.21453 1.19625 1.19111 1.24126 1.25192 1.26446 1.28584 1.37501 1.40166 1.41032 1.42045 1.55351 1.56198 1.53961 1.5395 1.62059 1.58891 1.55149 1.52582 1.38665 1.35483 1.36461 1.35696 1.20237 1.18815 1.19436 1.16438 1.08056 1.00407 0.941331 0.846297 0.491988 0.394528 0.475198 0.455956 -0.851659 -0.935727 -0.827517 -0.951163 -1.84958 -1.85715 -1.80879 -1.78775 -1.86627 -1.80303 -1.77804 -1.72191 -1.50097 -1.41316 -1.40196 -1.32002 -0.772842 -0.694787 -0.70576 -0.642327 0.0645637
-0.127077 -32.708 -24.4822 -4.3926 -32.8579 -23.2869 -8.56282 -32.4372 -21.845 -12.7811 -32.3415 -20.4873 -16.898 -31.5538 -19.0465 -20.5849 -28.4004 -17.2124 -23.7079 -24.6783 -15.3974 -27.1706 -21.2978 -13.5309 -30.1567 -17.428 -11.7965 -31.0755 -13.6616 -10.8728 -31.4404 -9.76234 -10.1331 -31.912 -5.882 -9.35549 -31.9524 -1.94681 -8.72588 -30.8361 2.19979 -8.48169 -29.2577 6.2008 -8.44413 -27.8515 10.2647 -8.35443 -26.0146 14.154 -8.34166 -21.0258 18.3903 -8.87757 -15.7288 22.217 -9.52685 -10.7171 26.4091 -10.1851 -5.37993 30.1971 -10.7229 0.858428 30.4697 -10.5474 7.09587 30.2298 -10.3027 13.3369 30.474 -10.1902 19.5648 30.1346 -9.84339 24.0849 27.1149 -8.59014 28.2188 23.6291 -7.21838 32.6684 20.4859 -6.01721 36.6534 16.8967 -4.48188 37.9454 11.9552 -1.90399 38.5381 6.92044 0.748251 39.7235 1.90215 3.22744 40.0742 -3.05257 6.06657 36.5623 -6.5186 9.76013 32.4351 -9.33863 13.3663 28.8004 -12.7 17.0379 24.5941 -15.394 20.6487 20.0124 -14.309 22.8695 15.5752 -12.3829 24.7942 11.0672 -10.9181 26.9473 6.59282 -8.988 28.7794 2.46556 -4.6733 29.0642 -1.2767 -0.0133563 28.9491 -5.13764 4.5458 29.1486 -9.08605 9.02922 28.9461 -12.3864 12.3372 27.1076 -15.6086 15.517 24.9346 -18.8286 18.8705 23.0368 -22.1234 21.8079 20.6429 -25.5056 23.0206 16.3118 -28.7034 23.6868 11.7293 -32.094 24.7892 7.37524 -35.1497 25.2726 2.6745 -36.2259 23.2353 -2.20648 -36.7803 20.6641 -6.91976 -37.7233 18.4597 -11.7556 -38.1178 15.778 -16.423 -36.3834 11.8333 -19.5316 -34.1508 7.74908 -22.0944 -32.2059 3.78917 -25.0558 -29.9404 -0.387415 -27.434 -26.6087 -4.79316 -27.133 -23.1601 -9.00766 -26.159 -19.7389 -13.3306 -25.7008 -16.3571 -17.5587 -24.5651 -13.5352 -20.712 -20.2749 -11.0199 -23.4333 -15.523 -8.32376 -26.5012 -11.0922 -5.75697 -29.1472 -6.32546 -4.51243 -29.4938 -1.80639 -3.56462 -29.3832 2.79588 -2.56156 -29.5243 7.38559 -1.43598 -29.1799 11.9359 -0.104693 -27.2322 16.2954 1.19465 -24.8496 20.4435 2.37619 -22.7433 24.7724 3.95586 -20.1433 28.686 7.05857 -15.5433 30.7552 10.2968 -10.7782 32.1255 13.3152 -6.09036 34.1215 16.7178 -1.38693 35.2913 20.529 2.24313 31.86 24.0391 5.41125 27.7222 27.7504 9.01191 24.1529 31.2925 12.0586 19.9521 32.6898 12.0622 15.4151 33.5825 11.4059 10.7988 34.7176 11.0881 6.20008 35.5147 10.266 1.59295 34.8391 7.40458 -3.05751 33.7346 4.12132 -7.33213 32.9051 1.0755 -11.8384 31.7252 -2.22649 -16.0783 29.2817 -6.10233 -18.5702 26.5908 -10.075 -20.615 24.1361 -14.0441 -22.9441 21.3047 -17.9342 -24.9573 16.0365 -21.7674 -25.0634 10.6159 -25.3708 -24.7583 5.42692 -29.3121 -24.7639 -0.164936 -0.147996 -0.185055 -0.201715 -0.0940204 -0.152471 -0.193603 -0.260597 -0.355116 -0.420164 -0.438152 -0.491623 -0.645981 -0.715776 -0.721596 -0.785743 -1.20266 -1.29027 -1.293 -1.34597 -2.00269 -2.00728 -1.95463 -1.95168 -2.21642 -2.17145 -2.12441 -2.03321 -1.72446 -1.5128 -1.39768 -1.21246 -0.0540292 0.0880132 -0.10341 -0.0921964 1.22185 1.21583 1.09532 1.13325 1.45168 1.47698 1.4879 1.49523 1.49092 1.47638 1.45357 1.44046 1.48239 1.49138 1.50402 1.53033 1.62858 1.65336 1.65898 1.66776 1.76496 1.7673 1.74761 1.74269 1.77499 1.74235 1.70892 1.68163 1.53413 1.50467 1.51391 1.50637 1.36477 1.35156 1.35581 1.32061 1.22117 1.13418 1.06385 0.957568 0.560113 0.46206 0.551335 0.541871 -0.839318 -0.914509 -0.813484 -0.942515 -1.92541 -1.93377 -1.88312 -1.86337 -1.97853 -1.9098 -1.87915 -1.81326 -1.57505 -1.46963 -1.45743 -1.37211 -0.75156 -0.676144 -0.704567 -0.650686 0.129089
-0.679678 -29.643 -22.9192 -4.96775 -29.8216 -21.8117 -9.18809 -29.4652 -20.5047 -13.4408 -29.4226 -19.2562 -17.6236 -28.701 -17.9799 -21.5313 -25.6342 -16.4881 -24.935 -21.9965 -15.0447 -28.6591 -18.7162 -13.5371 -31.9059 -14.9088 -12.1727 -33.0061 -11.1316 -11.5355 -33.5395 -7.2094 -11.0707 -34.1889 -3.30935 -10.5686 -34.3518 0.657223 -10.2174 -33.2407 4.8122 -10.2563 -31.6187 8.78958 -10.4803 -30.1911 12.8436 -10.6482 -28.2806 16.6876 -10.9209 -23.0506 20.5261 -11.9373 -17.5088 23.865 -13.0617 -12.2384 27.6202 -14.1772 -6.67447 30.9507 -15.2141 -0.452023 30.6973 -15.7031 5.73181 29.9302 -16.1445 11.9411 29.6029 -16.7448 18.1304 28.8046 -17.023 22.7048 25.8544 -15.8017 26.9395 22.5228 -14.3561 31.4404 19.4388 -13.1937 35.5583 16.0781 -11.4997 37.3015 11.9627 -7.92795 38.3959 7.83786 -4.11709 40.021 3.66205 -0.55949 40.9187 -0.365444 3.40362 38.2168 -2.82048 8.36967 34.908 -4.70743 13.2154 32.0881 -7.01198 18.1881 28.7015 -8.87454 22.9892 24.3208 -7.90836 25.6306 19.8931 -6.31239 27.8558 15.5205 -5.06633 30.3917 11.0354 -3.46252 32.4925 6.14456 -0.0257457 32.4817 1.47586 3.66831 31.9435 -3.28474 7.28002 31.7868 -8.03747 10.8539 31.1782 -11.5851 13.5284 28.838 -14.9358 16.0988 26.1211 -18.3689 18.8173 23.6636 -21.7448 21.1794 20.7933 -24.7664 22.1168 16.1394 -27.5244 22.6416 11.2622 -30.4776 23.5493 6.5586 -33.1667 23.849 1.62432 -34.2324 21.6768 -3.20042 -34.8878 19.0038 -7.84361 -35.8507 16.724 -12.6403 -36.3752 13.8655 -17.1886 -35.162 9.46746 -19.9121 -33.5388 4.87433 -22.0337 -32.1782 0.423787 -24.5979 -30.4808 -4.23545 -26.5064 -27.7058 -8.92165 -25.5366 -24.8045 -13.322 -23.8566 -21.9656 -17.9243 -22.6894 -19.083 -22.2876 -20.8854 -16.3355 -24.8768 -16.1887 -13.7961 -26.9036 -11.1136 -11.1458 -29.3483 -6.28538 -8.55077 -31.3282 -1.22 -6.99886 -31.0336 3.20671 -5.66139 -30.2642 7.64635 -4.29159 -29.7369 12.1114 -2.80014 -28.7769 16.464 -1.06249 -26.3569 20.4257 0.653948 -23.5564 24.1382 2.27005 -20.9818 28.0538 4.21985 -18.0234 31.5204 7.5395 -13.372 33.0736 10.9521 -8.61871 33.9851 14.1925 -3.89081 35.4741 17.7444 0.791397 36.2018 21.5509 4.29081 32.6323 25.0748 7.36646 28.437 28.7987 10.8466 24.7629 32.3349 13.8001 20.4912 33.7071 13.8438 15.9467 34.5923 13.2733 11.3176 35.723 13.0284 6.7133 36.4857 12.2778 2.08819 35.6846 9.52053 -2.60509 34.4356 6.34726 -6.92279 33.4774 3.4156 -11.479 32.1433 0.211444 -15.7481 29.5055 -3.58772 -18.1587 26.6138 -7.47961 -20.081 23.948 -11.3714 -22.306 20.9348 -15.1813 -24.2057 15.6065 -18.9309 -24.1102 10.1522 -22.4588 -23.5962 4.90308 -26.3129 -23.3681 -0.179772 -0.168965 -0.198551 -0.221942 -0.141817 -0.206634 -0.243616 -0.31895 -0.438943 -0.511566 -0.527714 -0.590671 -0.773933 -0.855056 -0.858105 -0.932679 -1.41602 -1.51156 -1.50498 -1.55527 -2.28116 -2.28195 -2.22338 -2.21446 -2.46361 -2.41242 -2.36284 -2.24564 -1.86819 -1.60254 -1.45759 -1.23699 0.188072 0.343611 0.088267 0.0737067 1.50261 1.44909 1.33775 1.357 1.64491 1.66092 1.6794 1.67695 1.64174 1.61174 1.58939 1.56658 1.58842 1.5971 1.61358 1.65058 1.77768 1.80135 1.79965 1.8108 1.85216 1.84404 1.82869 1.81652 1.72773 1.69108 1.66996 1.63933 1.45347 1.43385 1.44667 1.44557 1.34974 1.34601 1.34683 1.31546 1.2253 1.14082 1.06604 0.962093 0.544148 0.454538 0.539709 0.53609 -0.824099 -0.887729 -0.795775 -0.918835 -1.89313 -1.90209 -1.84996 -1.83303 -1.95815 -1.89045 -1.85847 -1.79332 -1.55061 -1.44484 -1.43415 -1.35303 -0.7317 -0.661548 -0.690987 -0.647288 0.112157
-0.905049 -28.7999 -25.597 -5.20077 -29.0015 -24.5235 -9.42386 -28.683 -23.2156 -13.6827 -28.6674 -21.9874 -17.8662 -28.0006 -20.684 -21.7888 -25.0621 -18.9872 -25.2233 -21.5687 -17.2837 -28.9667 -18.4323 -15.5366 -32.2502 -14.7546 -13.9263 -33.4162 -11.0357 -13.0933 -34.0287 -7.15363 -12.4314 -34.7555 -3.29853 -11.7284 -34.9982 0.646778 -11.2192 -33.9779 4.82507 -11.1911 -32.4459 8.83925 -11.3913 -31.1087 12.9255 -11.5161 -29.2883 16.8124 -11.7967 -24.1975 20.7497 -13.1016 -18.795 24.1844 -14.5638 -13.6645 28.0227 -16.0025 -8.23947 31.4693 -17.3493 -2.02876 31.491 -18.0193 4.17084 31.0218 -18.6258 10.3658 30.9605 -19.4268 16.5806 30.4815 -19.8386 21.3736 28.0155 -18.4011 25.862 25.1888 -16.6735 30.589 22.5807 -15.268 34.9703 19.7495 -13.2909 37.1077 16.2763 -9.27826 38.6084 12.785 -5.00124 40.6177 9.2554 -0.971432 41.9437 5.84533 3.42701 39.7113 3.68018 8.74846 36.8549 1.9709 13.9359 34.5059 -0.0463489 19.2654 31.565 -1.77223 24.3996 27.1998 -1.26181 27.19 22.6729 -0.228794 29.5445 18.2739 0.519396 32.2262 13.677 1.5514 34.4411 8.24399 4.04361 34.39 2.95234 6.75458 33.7722 -2.40802 9.39113 33.5544 -7.73936 12.0074 32.8735 -11.6556 13.9953 30.4391 -15.3375 15.9181 27.6174 -19.1375 17.9594 25.0467 -22.8094 19.6973 22.0951 -25.8868 20.245 17.4156 -28.6461 20.4749 12.5164 -31.6293 21.0408 7.77832 -34.3248 21.0308 2.83843 -35.3051 18.7314 -1.94534 -35.8634 15.9856 -6.55861 -36.7292 13.6246 -11.3346 -37.1673 10.6546 -15.82 -35.9304 6.13613 -18.3272 -34.3001 1.43423 -20.1893 -32.9222 -3.1356 -22.5242 -31.2181 -7.89575 -24.1579 -28.524 -12.5318 -22.7977 -25.7353 -16.8274 -20.7061 -23.0081 -21.3677 -19.109 -20.2068 -25.6158 -16.9392 -17.3703 -27.8814 -12.1294 -14.7028 -29.5696 -6.99648 -11.9705 -31.6773 -2.05637 -9.2168 -33.3318 3.04187 -7.25318 -32.8335 7.28296 -5.42024 -31.8845 11.5056 -3.57985 -31.1665 15.7704 -1.6147 -30.0306 19.8861 0.640319 -27.4922 23.4975 2.8858 -24.5974 26.8366 5.06337 -21.9182 30.3936 7.45975 -18.864 33.4758 10.8211 -14.1065 34.5419 14.171 -9.24338 34.9865 17.44 -4.40971 35.9961 20.9042 0.385899 36.2608 24.1016 4.11883 32.3469 26.9679 7.47149 27.8722 30.0506 11.2166 23.8787 32.9577 14.4174 19.3202 33.9918 14.5599 14.6891 34.6034 14.0589 10.0079 35.4232 13.8959 5.33469 35.9341 13.2083 0.665325 35.117 10.4123 -4.00217 33.9351 7.16126 -8.28074 33.0086 4.15635 -12.7956 31.7214 0.900661 -17.0401 29.18 -2.92238 -19.5157 26.3948 -6.84281 -21.5346 23.8416 -10.7663 -23.8349 20.9158 -14.5944 -25.8319 15.5497 -18.2875 -25.9915 10.0309 -21.7437 -25.7506 4.7248 -25.5255 -25.8008 -0.242589 -0.226725 -0.259862 -0.277048 -0.167894 -0.22487 -0.263337 -0.334783 -0.438231 -0.50886 -0.528236 -0.593083 -0.772204 -0.854721 -0.858271 -0.932641 -1.42526 -1.52403 -1.51625 -1.56566 -2.30917 -2.30439 -2.24409 -2.22646 -2.45612 -2.39805 -2.35259 -2.22229 -1.81451 -1.52423 -1.37326 -1.13942 0.373475 0.514427 0.231555 0.191321 1.61876 1.54732 1.45565 1.47001 1.76086 1.76941 1.79121 1.77498 1.70785 1.66425 1.64675 1.61599 1.58782 1.59416 1.62 1.65847 1.76791 1.79198 1.79137 1.80523 1.84014 1.83067 1.81588 1.80417 1.69086 1.65438 1.63782 1.60733 1.4246 1.40988 1.42244 1.42412 1.36637 1.36853 1.36513 1.33739 1.26161 1.17856 1.0954 0.992966 0.564151 0.474442 0.554064 0.557138 -0.907137 -0.967072 -0.864781 -0.99029 -1.98033 -1.98505 -1.93465 -1.91484 -2.02758 -1.95973 -1.92943 -1.86579 -1.63111 -1.52834 -1.51666 -1.43423 -0.832912 -0.759888 -0.783996 -0.735808 0.0963165
1.28321 -29.563 -25.0438 -2.98243 -29.8757 -23.8808 -7.17505 -29.615 -22.4663 -11.3996 -29.6792 -21.1263 -15.5652 -29.0595 -19.7446 -19.4658 -26.0752 -18.0772 -22.8537 -22.5046 -16.4417 -26.5515 -19.2975 -14.7265 -29.8118 -15.556 -13.2189 -31.0003 -11.8009 -12.6107 -31.6427 -7.88657 -12.2238 -32.3934 -3.99654 -11.7899 -32.6993 -0.0300282 -11.5513 -31.8266 4.17306 -11.8205 -30.469 8.22307 -12.3253 -29.2937 12.3365 -12.7717 -27.6649 16.2827 -13.297 -22.8676 20.5759 -14.5915 -17.7404 24.4387 -15.9747 -12.9155 28.6576 -17.405 -7.74904 32.5132 -18.6564 -1.52619 33.0594 -18.6674 4.71898 33.1129 -18.5329 10.9451 33.6157 -18.6105 17.1863 33.594 -18.3472 21.8623 31.0677 -16.6524 26.1759 28.0895 -14.7433 30.7724 25.4064 -13.0716 34.9679 22.3832 -10.9791 36.7433 18.2235 -7.47507 37.8707 13.9552 -3.8358 39.5066 9.68988 -0.391131 40.4714 5.52661 3.41275 37.9685 2.56719 8.20509 34.8767 0.0791969 12.9211 32.2727 -2.78259 17.719 29.0896 -5.21148 22.4048 24.7649 -4.67877 25.2534 20.3621 -3.48893 27.764 16.0456 -2.67005 30.5568 11.563 -1.46491 32.914 6.48459 1.67664 33.182 1.60628 5.12025 32.9058 -3.34223 8.47103 33.0358 -8.31606 11.7663 32.67 -12.1034 14.1365 30.3781 -15.6865 16.3861 27.6731 -19.3604 18.8041 25.2501 -22.9575 20.8208 22.385 -26.0524 21.2187 17.702 -28.8205 21.1699 12.8025 -31.829 21.5283 8.06019 -34.5166 21.2496 3.12389 -35.3389 18.545 -1.47406 -35.6852 15.366 -5.8224 -36.3596 12.5489 -10.3768 -36.6059 9.21033 -14.6107 -35.1769 4.60031 -16.8328 -33.3622 -0.132308 -18.4272 -31.7821 -4.781 -20.4585 -29.9182 -9.54971 -21.8788 -27.1125 -14.1455 -20.6104 -24.21 -18.4537 -18.7085 -21.3778 -22.9765 -17.2507 -18.455 -27.2325 -15.2643 -15.3501 -29.7025 -10.7287 -12.3749 -31.6611 -5.86819 -9.34609 -34.0337 -1.23037 -6.31266 -35.8998 3.63043 -4.24429 -35.3999 7.82121 -2.34507 -34.4035 12.0035 -0.401513 -33.674 16.2203 1.56326 -32.4427 20.3086 3.46579 -29.5846 23.8838 5.2496 -26.3167 27.1565 7.03075 -23.2938 30.6581 8.92091 -19.8535 33.6851 11.2895 -14.5152 34.6653 13.5836 -9.06704 35.017 15.8004 -3.65133 35.9258 18.2618 1.7309 36.1301 20.8284 5.898 32.19 23.1542 9.64137 27.7117 25.599 13.818 23.7046 28.0091 17.4019 19.1414 29.2104 17.5996 14.5529 30.1367 17.0711 9.92677 31.205 16.9139 5.30382 32.0446 16.1921 0.687443 31.9072 13.1733 -3.91029 31.4684 9.65444 -8.11706 31.2693 6.40812 -12.5548 30.6942 2.88067 -16.7379 28.7321 -1.27469 -19.2049 26.4924 -5.52993 -21.2249 24.5248 -9.7778 -23.5245 22.1113 -13.952 -25.513 17.0229 -18.0208 -25.6255 11.7298 -21.8088 -25.3183 6.69893 -25.9501 -25.3168 -0.0867137 -0.0737061 -0.114434 -0.142439 -0.050883 -0.116921 -0.156387 -0.234871 -0.359582 -0.435759 -0.451516 -0.515262 -0.7017 -0.782474 -0.780075 -0.850269 -1.3304 -1.42144 -1.4156 -1.46753 -2.15215 -2.14558 -2.08926 -2.0745 -2.2999 -2.24513 -2.2028 -2.09221 -1.72321 -1.47242 -1.33369 -1.12267 0.173327 0.309354 0.0743898 0.0511797 1.52157 1.48043 1.37298 1.40304 1.73296 1.74924 1.76712 1.7572 1.70735 1.67089 1.64991 1.6239 1.61694 1.62516 1.6482 1.68669 1.78134 1.80455 1.80491 1.816 1.83224 1.82401 1.8121 1.80226 1.70481 1.67422 1.65826 1.63099 1.47776 1.46436 1.47342 1.47439 1.42735 1.42863 1.42225 1.38823 1.29576 1.19505 1.09378 0.968206 0.488674 0.381663 0.478245 0.48895 -1.18397 -1.21764 -1.09532 -1.21409 -2.17746 -2.1683 -2.13139 -2.10359 -2.19264 -2.11442 -2.08727 -2.01204 -1.74798 -1.62921 -1.61752 -1.51608 -0.840318 -0.747244 -0.76713 -0.7091 0.00168422
1.24072 -30.4687 -24.6374 -2.95798 -30.6481 -23.2286 -7.02877 -30.1757 -21.5396 -11.1563 -30.0527 -19.9288 -15.1881 -29.2234 -18.2849 -18.7539 -25.9692 -16.3884 -21.7319 -22.1346 -14.564 -25.0395 -18.6419 -12.6242 -27.9254 -14.6667 -10.9599 -28.88 -10.8395 -10.3895 -29.3175 -6.88881 -10.0989 -29.8531 -2.95471 -9.75221 -29.9958 1.02629 -9.62898 -29.0817 5.20236 -10.1033 -27.7429 9.2208 -10.8519 -26.5678 13.3005 -11.5419 -24.9693 17.2235 -12.2879 -20.3363 21.6167 -13.8228 -15.3866 25.6216 -15.4306 -10.7471 29.9483 -17.1275 -5.73547 33.9393 -18.5693 0.448953 34.7625 -18.257 6.66406 35.0942 -17.7224 12.8547 35.8836 -17.4468 19.0636 36.1187 -16.8011 23.6389 33.7029 -14.7153 27.815 30.8078 -12.4131 32.3011 28.2406 -10.314 36.3524 25.2704 -7.88821 37.8586 20.9235 -4.48684 38.6993 16.4287 -1.04829 40.063 11.9716 2.26973 40.7386 7.56357 5.85388 37.872 4.09909 10.0692 34.4227 1.05956 14.1746 31.4545 -2.35489 18.3604 27.9165 -5.28643 22.4686 23.4214 -4.99295 25.0783 18.8798 -3.99369 27.4188 14.3963 -3.41169 30 9.79217 -2.3618 32.1912 4.84534 0.978144 32.5159 0.167869 4.69661 32.3517 -4.60772 8.284 32.5902 -9.40632 11.8359 32.2921 -12.9842 14.4609 29.9418 -16.3336 16.9624 27.1598 -19.7852 19.6448 24.6886 -23.1489 21.8895 21.7118 -25.8715 22.3538 16.8087 -28.2227 22.3043 11.6962 -30.8405 22.7003 6.73031 -33.1152 22.4254 1.59044 -33.5127 19.6273 -3.00794 -33.4308 16.3351 -7.28441 -33.6526 13.4073 -11.8135 -33.5188 9.96893 -15.9719 -32.0111 5.27544 -17.9543 -30.1961 0.461244 -19.2819 -28.5535 -4.27116 -21.0536 -26.725 -9.12094 -22.2235 -24.298 -13.8637 -20.7343 -21.8397 -18.3529 -18.6352 -19.425 -23.04 -16.9611 -16.9268 -27.4721 -14.7891 -14.2298 -30.2149 -10.1506 -11.633 -32.4748 -5.20472 -9.0197 -35.1487 -0.478936 -6.34149 -37.2897 4.47633 -4.33635 -36.8981 8.70913 -2.44139 -35.9786 12.9109 -0.518476 -35.3515 17.1535 1.42258 -34.1668 21.2668 3.28969 -31.2207 24.7889 5.03649 -27.8323 27.9573 6.80625 -24.7065 31.3732 8.6065 -21.1406 34.3083 10.5644 -15.6115 35.1233 12.388 -9.97989 35.2927 14.1687 -4.37867 36.0174 16.1708 1.19427 36.0693 18.2158 5.56461 32.0451 20.0322 9.52349 27.5168 21.9298 13.9151 23.4436 23.8732 17.7053 18.8248 25.0573 17.9966 14.2367 26.0658 17.5364 9.62056 27.1654 17.4613 5.00288 28.1136 16.7943 0.399307 28.4027 13.7177 -4.1529 28.4633 10.1082 -8.30499 28.7388 6.79266 -12.6872 28.6372 3.16786 -16.825 27.099 -1.16823 -19.2818 25.2731 -5.61768 -21.2998 23.755 -10.0467 -23.5983 21.7057 -14.4186 -25.5706 16.7336 -18.6303 -25.5853 11.5118 -22.5039 -25.1521 6.59278 -26.7766 -25.0634 -0.0140645 0.000753703 -0.049816 -0.0817231 0.00566762 -0.0647733 -0.109886 -0.188133 -0.314831 -0.388561 -0.402099 -0.459942 -0.644262 -0.720063 -0.715543 -0.783383 -1.2662 -1.35365 -1.34737 -1.39958 -2.05342 -2.04005 -1.98447 -1.9653 -2.15667 -2.10068 -2.06721 -1.96877 -1.60211 -1.37613 -1.25841 -1.06619 0.1207 0.233206 0.0291761 0.00896483 1.38631 1.36866 1.26872 1.31858 1.68774 1.7124 1.73041 1.72469 1.6801 1.64509 1.62126 1.59702 1.62203 1.63783 1.66285 1.71107 1.86329 1.89216 1.88514 1.89993 1.93615 1.92525 1.90756 1.89685 1.76278 1.72572 1.71007 1.67829 1.46549 1.4526 1.4682 1.47047 1.4063 1.40964 1.40465 1.36909 1.2692 1.16048 1.0505 0.917235 0.418297 0.30335 0.4059 0.425792 -1.38017 -1.39861 -1.26464 -1.37737 -2.32272 -2.30584 -2.27727 -2.24301 -2.31679 -2.23134 -2.20573 -2.12178 -1.83971 -1.70967 -1.70004 -1.58265 -0.845171 -0.738662 -0.760362 -0.688815 -0.00716535
0.0419268 -30.4243 -26.1147 -4.10446 -30.5673 -24.5549 -8.07221 -30.0247 -22.6549 -12.1202 -29.844 -20.8582 -16.0331 -28.9345 -18.9855 -19.2787 -25.5728 -16.7349 -21.8608 -21.6368 -14.557 -24.7951 -18.0267 -12.2637 -27.3146 -13.9685 -10.2429 -28.0199 -10.1339 -9.41697 -28.2292 -6.18948 -8.88605 -28.528 -2.25911 -8.2968 -28.4836 1.71057 -7.94514 -27.4938 5.88704 -8.22363 -26.1343 9.92684 -8.80054 -24.9204 14.022 -9.30749 -23.3154 17.9672 -9.90814 -18.8318 22.5055 -11.4646 -14.0551 26.6886 -13.1406 -9.58903 31.1813 -14.8708 -4.72705 35.3304 -16.3776 1.45313 36.2392 -16.3326 7.6825 36.6398 -16.0922 13.8692 37.5048 -16.1052 20.0969 37.8146 -15.7296 24.7621 35.4558 -13.7822 29.0313 32.6108 -11.5908 33.6037 30.0937 -9.62149 37.756 27.1788 -7.30151 39.4043 22.8962 -3.88451 40.3891 18.4669 -0.399431 41.8941 14.0855 2.95808 42.7156 9.72581 6.57069 39.9804 6.16034 10.7891 36.6513 2.99165 14.8961 33.8137 -0.521379 19.0909 30.3915 -3.59665 23.1921 25.858 -3.57466 25.7511 21.2335 -2.86942 28.0358 16.6889 -2.5691 30.5576 12.0067 -1.81194 32.7036 6.85668 1.20372 33.0426 1.94742 4.61164 32.9086 -3.05715 7.87091 33.1611 -8.06404 11.126 32.9017 -11.7627 13.6743 30.6565 -15.2303 16.1478 27.9969 -18.8139 18.7648 25.6466 -22.2695 21.0093 22.7767 -24.9632 21.7431 17.8906 -27.2659 22.0282 12.7637 -29.8581 22.7228 7.81723 -32.065 22.777 2.64088 -32.2509 20.3652 -2.18415 -31.9256 17.4627 -6.72327 -31.9125 14.9453 -11.4978 -31.5528 11.8576 -15.9102 -29.895 7.31249 -18.1069 -27.9491 2.60339 -19.6139 -26.14 -1.98517 -21.5902 -24.2256 -6.75751 -22.9288 -22.0545 -11.6283 -21.458 -19.933 -16.2731 -19.3302 -17.7996 -21.0915 -17.6467 -15.6444 -25.694 -15.4617 -13.584 -28.8125 -10.735 -11.6595 -31.4814 -5.68665 -9.72061 -34.5376 -0.868723 -7.6732 -37.0963 4.18816 -5.95864 -37.1102 8.56431 -4.29159 -36.6137 12.9307 -2.63635 -36.4123 17.3251 -0.880125 -35.6298 21.6139 1.0622 -33.0225 25.3555 2.96756 -29.9432 28.7405 4.85877 -27.1539 32.3758 6.82255 -23.8675 35.5244 9.10104 -18.49 36.5038 11.2545 -12.9811 36.7929 13.3788 -7.52195 37.6616 15.6869 -2.07122 37.8384 17.7838 2.33666 33.8824 19.6069 6.35446 29.409 21.5513 10.7762 25.3909 23.4953 14.6442 20.8373 24.5426 15.1502 16.2346 25.3873 14.9523 11.5672 26.3279 15.1167 6.91679 27.1269 14.7222 2.25388 27.2911 12.0233 -2.53786 27.2464 8.79351 -6.9919 27.3985 5.86392 -11.6466 27.2024 2.60543 -16.0756 25.6835 -1.51692 -18.8867 23.9056 -5.79641 -21.2802 22.4309 -10.0234 -23.9564 20.4099 -14.2342 -26.2776 15.4612 -18.4668 -26.5141 10.2658 -22.3912 -26.2544 5.38647 -26.7076 -26.3975 -0.0484957 -0.0251288 -0.085996 -0.112814 -0.00132252 -0.067224 -0.117438 -0.187905 -0.291245 -0.356741 -0.372015 -0.421876 -0.583709 -0.650772 -0.650622 -0.715216 -1.17642 -1.26722 -1.26609 -1.32287 -2.0133 -2.0028 -1.94424 -1.92549 -2.1331 -2.07577 -2.04138 -1.94174 -1.58282 -1.35561 -1.239 -1.0472 0.122887 0.228645 0.0218863 -0.00390117 1.35371 1.33593 1.2456 1.29827 1.68131 1.70463 1.7224 1.71251 1.66026 1.62316 1.60389 1.57798 1.59126 1.61 1.64236 1.69174 1.87816 1.91202 1.90254 1.92323 2.02005 2.00974 1.98276 1.97311 1.83963 1.79286 1.77218 1.73555 1.45582 1.43946 1.46247 1.46482 1.35871 1.36186 1.3612 1.32681 1.22862 1.12534 1.02485 0.901102 0.426622 0.315938 0.415331 0.43529 -1.32616 -1.36214 -1.23392 -1.35397 -2.34997 -2.33952 -2.30675 -2.27394 -2.37576 -2.29421 -2.26372 -2.18065 -1.93827 -1.81027 -1.79468 -1.67258 -0.943949 -0.823852 -0.84467 -0.758059 0.00539128
-1.4391 -30.1809 -28.2235 -5.43093 -30.2059 -26.2972 -9.14566 -29.541 -23.9721 -12.9809 -29.2361 -21.771 -16.625 -28.2074 -19.467 -19.3631 -24.7758 -16.7052 -21.3802 -20.8053 -14.0465 -23.7552 -17.1417 -11.2467 -25.7526 -13.048 -8.76626 -26.1621 -9.2231 -7.72391 -26.1235 -5.29755 -7.03625 -26.1613 -1.3845 -6.28061 -25.9194 2.56457 -5.80066 -24.883 6.73127 -6.05574 -23.5501 10.7751 -6.66543 -22.3405 14.8686 -7.19557 -20.7809 18.8271 -7.82729 -16.5594 23.5571 -9.53851 -12.0729 27.9791 -11.3935 -7.90128 32.6735 -13.3132 -3.29787 37.0561 -14.9641 2.81331 38.3351 -14.7634 8.99622 39.1081 -14.319 15.1143 40.3598 -14.1569 21.3007 41.013 -13.5882 25.946 38.7693 -11.4651 30.1684 35.9929 -9.10202 34.7103 33.5907 -6.92908 38.8172 30.7113 -4.48729 40.3405 26.1876 -1.33317 41.1768 21.4762 1.80336 42.5473 16.8461 4.87224 43.2239 12.1902 8.12778 40.2941 8.12219 11.7134 36.7695 4.42574 15.1635 33.7324 0.38042 18.6851 30.1205 -3.19103 22.1761 25.5111 -3.4429 24.5828 20.828 -2.97175 26.8076 16.2083 -2.94033 29.2076 11.4783 -2.39549 31.3129 6.40203 0.685095 32.0011 1.59498 4.22563 32.3004 -3.30934 7.57816 32.9643 -8.23874 10.9569 33.0927 -11.9269 13.7126 31.088 -15.3909 16.4098 28.6504 -18.968 19.2442 26.556 -22.4163 21.7059 23.8609 -25.0278 22.6243 18.9615 -27.2076 23.0521 13.7909 -29.7066 23.9097 8.82212 -31.7837 24.1144 3.59605 -31.725 21.8008 -1.28 -31.1222 18.9782 -5.84109 -30.8327 16.547 -10.6514 -30.2274 13.545 -15.096 -28.4535 9.04814 -17.3012 -26.4261 4.37454 -18.8113 -24.4998 -0.166711 -20.7861 -22.534 -4.91279 -22.1435 -20.5546 -9.88626 -20.7478 -18.6746 -14.6727 -18.7087 -16.7552 -19.607 -17.1053 -14.8364 -24.3546 -15.0122 -13.1112 -27.799 -10.3785 -11.5267 -30.8297 -5.41698 -9.94198 -34.2286 -0.700168 -8.20859 -37.1425 4.28138 -6.58657 -37.4459 8.68223 -4.97221 -37.2361 13.0914 -3.39397 -37.3327 17.5176 -1.66716 -36.8143 21.858 0.376504 -34.3828 25.6635 2.41709 -31.4475 29.0973 4.42871 -28.826 32.7923 6.5285 -25.6649 35.9812 8.9658 -20.3443 36.8861 11.259 -14.887 37.0557 13.5411 -9.47756 37.8299 15.9847 -4.08376 37.8944 18.039 0.218649 33.8023 19.7852 4.12017 29.1972 21.6767 8.4234 25.028 23.5482 12.1913 20.3615 24.5012 12.7068 15.7395 25.2531 12.5514 11.0546 26.0987 12.7338 6.38664 26.8082 12.4063 1.70409 26.9088 9.924 -3.20504 26.8202 6.93965 -7.82651 26.9249 4.24275 -12.6211 26.67 1.22284 -17.2132 25.0612 -2.67693 -20.2802 23.1896 -6.74134 -22.9601 21.6351 -10.7395 -25.9271 19.4984 -14.7472 -28.4915 14.3987 -18.7956 -28.7426 9.06701 -22.5288 -28.4305 4.02994 -26.659 -28.6028 -0.0751564 -0.0391559 -0.113813 -0.136242 0.00468011 -0.0578742 -0.116511 -0.181086 -0.263947 -0.321719 -0.337545 -0.379482 -0.524006 -0.582473 -0.583427 -0.643335 -1.08666 -1.17602 -1.17849 -1.23824 -1.91437 -1.90126 -1.84342 -1.8233 -2.02117 -1.96301 -1.93399 -1.84479 -1.50523 -1.30035 -1.19997 -1.026 0.0269283 0.117597 -0.0641828 -0.0880021 1.20459 1.21023 1.12631 1.19572 1.63064 1.65906 1.67185 1.66121 1.61271 1.57772 1.5598 1.53589 1.55866 1.58266 1.61816 1.67062 1.88826 1.92614 1.91296 1.93637 2.06445 2.05401 2.02181 2.01239 1.87679 1.82559 1.80269 1.7638 1.44766 1.43023 1.45701 1.45984 1.33624 1.34035 1.34092 1.30781 1.2136 1.11229 1.01359 0.892468 0.417715 0.303545 0.400841 0.418824 -1.34266 -1.37994 -1.25174 -1.36547 -2.34953 -2.3411 -2.30812 -2.27727 -2.39494 -2.31743 -2.28378 -2.202 -1.98785 -1.86325 -1.84452 -1.71876 -0.991447 -0.860142 -0.881234 -0.777776 0.0753298
-1.41435 -31.7046 -25.7694 -5.41019 -31.5042 -23.8617 -9.13006 -30.6162 -21.6209 -12.9709 -30.0805 -19.4743 -16.6167 -28.8469 -17.2762 -19.3915 -25.2514 -14.7713 -21.4756 -21.1413 -12.391 -23.9039 -17.3178 -9.86396 -25.9608 -13.0988 -7.65712 -26.4392 -9.23576 -6.80154 -26.4802 -5.28464 -6.28068 -26.5952 -1.34376 -5.69705 -26.43 2.62505 -5.37242 -25.4762 6.80296 -5.74074 -24.2235 10.8586 -6.43594 -23.0945 14.9623 -7.05804 -21.6109 18.9353 -7.77581 -17.4712 23.713 -9.55297 -13.0578 28.1867 -11.4588 -8.96602 32.9323 -13.4236 -4.43464 37.3624 -15.1457 1.67627 38.6583 -15.1518 7.86937 39.4451 -14.9285 13.9849 40.7186 -14.9656 20.1879 41.3775 -14.6329 24.9349 39.0634 -12.835 29.2756 36.2048 -10.8082 33.9247 33.7334 -8.96458 38.1516 30.7625 -6.8605 39.8277 26.077 -4.03736 40.8144 21.1974 -1.21775 42.3347 16.4074 1.51695 43.1643 11.5771 4.46874 40.3849 7.29984 7.92853 36.9996 3.40071 11.294 34.1074 -0.853691 14.6889 30.6394 -4.62654 18.1134 26.1467 -4.9843 20.719 21.5813 -4.60372 23.192 17.0802 -4.68239 25.8067 12.467 -4.21138 28.1727 7.52494 -1.05362 29.3289 2.85599 2.59519 30.1162 -1.90371 6.0256 31.2608 -6.7093 9.52788 31.8706 -10.3719 12.549 30.2355 -13.8232 15.5437 28.1533 -17.366 18.6603 26.4353 -20.8322 21.4169 24.0686 -23.6245 22.651 19.3412 -26.0064 23.3728 14.294 -28.6841 24.5551 9.48757 -30.9792 25.0253 4.371 -31.2161 22.7453 -0.515486 -30.9003 19.8942 -5.08776 -30.9007 17.4692 -9.90988 -30.5862 14.44 -14.3661 -29.0658 9.84073 -16.5494 -27.2728 5.05772 -18.0127 -25.595 0.403401 -19.9506 -23.857 -4.44082 -21.2717 -21.9973 -9.44832 -19.8336 -20.2047 -14.2507 -17.7536 -18.396 -19.2134 -16.1095 -16.56 -23.9758 -13.9764 -14.7673 -27.3501 -9.3168 -13.0875 -30.2947 -4.33484 -11.425 -33.6241 0.404731 -9.59963 -36.4444 5.4072 -7.87529 -36.5975 9.77683 -6.15744 -36.2145 14.135 -4.47628 -36.1463 18.5236 -2.64546 -35.459 22.7975 -0.509487 -32.8563 26.4353 1.6093 -29.7547 29.6699 3.70065 -26.9515 33.1826 5.88958 -23.6556 36.1687 8.45316 -18.3537 36.7897 10.8735 -12.9499 36.6836 13.2746 -7.5585 37.1701 15.8542 -2.23173 36.9698 18.1687 1.79801 32.7413 20.1947 5.41667 28.0213 22.3587 9.45414 23.7208 24.4988 12.9263 18.9417 25.6074 13.157 14.3314 26.4951 12.7146 9.68875 27.4932 12.6165 5.04851 28.318 11.9912 0.415412 28.3932 9.16477 -4.30442 28.2349 5.84956 -8.69266 28.2971 2.81219 -13.2799 27.9679 -0.532122 -17.6364 26.1842 -4.60828 -20.3579 24.1152 -8.80727 -22.6583 22.3666 -12.9769 -25.2584 20.0479 -17.0991 -27.4573 14.8058 -20.9675 -27.3352 9.35084 -24.4709 -26.6789 4.16358 -28.4088 -26.4639 0.0460563 0.0719588 0.0048037 -0.02273 0.0883034 0.0218152 -0.0340444 -0.10178 -0.197811 -0.258237 -0.27347 -0.316863 -0.46659 -0.525729 -0.525442 -0.586565 -1.03684 -1.12861 -1.13242 -1.19593 -1.90267 -1.89468 -1.83681 -1.82219 -2.05842 -2.00291 -1.96874 -1.88182 -1.57898 -1.37926 -1.27638 -1.10592 -0.107253 -0.0135929 -0.191033 -0.21532 1.12025 1.13625 1.04732 1.12791 1.61038 1.64204 1.65013 1.6406 1.6018 1.57201 1.55618 1.53726 1.56763 1.59186 1.62135 1.67172 1.87803 1.91207 1.89708 1.91856 2.01286 2.00032 1.97216 1.96088 1.79717 1.74655 1.72714 1.68834 1.37088 1.35537 1.38239 1.38593 1.27331 1.27897 1.27927 1.24743 1.15481 1.05401 0.955034 0.834783 0.342113 0.229629 0.327143 0.34266 -1.3567 -1.38202 -1.25924 -1.36256 -2.28805 -2.27748 -2.24454 -2.21447 -2.31247 -2.2338 -2.20282 -2.12118 -1.87056 -1.74484 -1.7307 -1.60686 -0.859351 -0.734743 -0.752505 -0.658644 0.0224359
1.06375 -31.2227 -26.7034 -2.9786 -30.9919 -24.9 -6.75878 -30.0911 -22.7679 -10.6521 -29.5331 -20.724 -14.3703 -28.3041 -18.6479 -17.3285 -24.7564 -16.2891 -19.6416 -20.6975 -14.0359 -22.2795 -16.9263 -11.644 -24.5581 -12.7546 -9.56866 -25.2311 -8.90439 -8.79006 -25.4748 -4.95282 -8.33179 -25.7937 -1.01411 -7.81291 -25.8077 2.96246 -7.54676 -24.9887 7.16519 -7.95518 -23.8469 11.2479 -8.68232 -22.841 15.3774 -9.34282 -21.4445 19.3795 -10.0738 -17.2621 24.1659 -11.7232 -12.7758 28.6292 -13.4768 -8.61862 33.3659 -15.3224 -4.03158 37.801 -16.8759 2.04631 39.1789 -16.4479 8.19289 40.0514 -15.7538 14.2785 41.3951 -15.3263 20.4304 42.158 -14.555 25.154 40.0208 -12.4959 29.5048 37.3583 -10.237 34.1378 35.0915 -8.11125 38.386 32.2849 -5.83171 40.2726 27.5361 -3.25829 41.5243 22.54 -0.767063 43.2953 17.6936 1.70492 44.3582 12.7081 4.30254 41.7211 7.8359 7.00377 38.4482 3.28122 9.55979 35.7062 -1.59847 12.1407 32.3241 -6.00429 14.8124 27.7267 -6.86266 17.099 23.0217 -6.93517 19.3263 18.3855 -7.51628 21.6222 13.6574 -7.45315 23.8 8.79609 -4.32931 25.3302 4.28496 -0.618635 26.6004 -0.358147 2.80356 28.1697 -5.0247 6.3802 29.248 -8.50521 9.82681 28.1425 -11.7632 13.3343 26.6262 -15.0917 16.9194 25.4931 -18.4163 20.1837 23.6206 -21.2685 22.0184 19.1298 -23.7423 23.3096 14.2428 -26.481 25.112 9.66894 -28.8819 26.0953 4.67525 -29.3203 23.927 -0.248018 -29.1812 21.0639 -4.82157 -29.3616 18.6846 -9.66311 -29.2414 15.6603 -14.132 -27.9338 10.9646 -16.2469 -26.3469 6.07571 -17.5937 -24.8708 1.30914 -19.4196 -23.3523 -3.62664 -20.6705 -21.7229 -8.72633 -19.2778 -20.1449 -13.6372 -17.2789 -18.5572 -18.6964 -15.7021 -16.9418 -23.5708 -13.6448 -15.3365 -27.152 -9.07212 -13.8259 -30.3267 -4.17805 -12.3423 -33.8917 0.448111 -10.6923 -36.9111 5.39504 -9.11144 -37.0773 9.81811 -7.54554 -36.6574 14.2298 -6.01571 -36.5829 18.6733 -4.33025 -35.8364 22.9967 -2.35348 -33.0516 26.5894 -0.405132 -29.7372 29.7182 1.51069 -26.7211 33.154 3.55324 -23.245 36.0377 6.06714 -17.8976 36.4292 8.46425 -12.4944 36.071 10.813 -7.06238 36.2864 13.3823 -1.74198 35.8854 16.0584 2.11362 31.7081 18.5171 5.56063 27.0659 21.0681 9.41723 22.8118 23.6293 12.7323 18.1292 25.1678 12.9466 13.6433 26.5138 12.5353 9.10927 27.9676 12.4536 4.5907 29.23 11.85 0.0543179 29.7061 9.08352 -4.67761 29.9101 5.83983 -9.11711 30.3673 2.88219 -13.734 30.3796 -0.413949 -18.1393 28.7074 -4.48489 -20.9383 26.6917 -8.67403 -23.3031 25.0273 -12.8347 -25.972 22.7605 -16.95 -28.2367 17.467 -20.7492 -28.1635 11.9477 -24.1554 -27.5349 6.69477 -28.0063 -27.3393 0.162236 0.183485 0.117354 0.0847819 0.185105 0.117392 0.0639553 -0.00692596 -0.110532 -0.175228 -0.191843 -0.241053 -0.399138 -0.462756 -0.459984 -0.522494 -0.976882 -1.06413 -1.06394 -1.12272 -1.772 -1.76082 -1.70857 -1.69206 -1.90534 -1.85499 -1.82867 -1.75486 -1.49839 -1.32451 -1.23612 -1.08121 -0.210144 -0.131263 -0.289179 -0.307308 0.945111 0.985112 0.90389 1.00771 1.56917 1.60768 1.60657 1.5994 1.57973 1.55745 1.5426 1.53166 1.5884 1.61644 1.63728 1.68802 1.91049 1.9421 1.92035 1.9397 2.00982 1.99394 1.96699 1.95259 1.75756 1.70476 1.68568 1.6448 1.30094 1.28451 1.31362 1.31519 1.18304 1.18729 1.18998 1.15468 1.04776 0.94126 0.844012 0.720845 0.195701 0.0842619 0.191772 0.210682 -1.41036 -1.42088 -1.31427 -1.40365 -2.28529 -2.27301 -2.24579 -2.21598 -2.326 -2.24402 -2.21355 -2.12731 -1.87181 -1.7404 -1.72793 -1.59893 -0.844566 -0.710435 -0.719543 -0.628072 -0.0898856
3.05963 -29.1035 -27.5424 -1.14093 -28.8534 -26.1499 -5.13512 -27.9402 -24.4589 -9.22153 -27.3656 -22.8409 -13.1603 -26.1403 -21.2191 -16.5003 -22.6186 -19.3908 -19.2459 -18.5822 -17.6382 -22.3123 -14.8358 -15.7773 -24.9776 -10.6869 -14.1697 -25.8516 -6.84358 -13.5793 -26.2628 -2.89372 -13.2419 -26.7599 1.04196 -12.8577 -26.8779 5.02037 -12.6518 -25.9935 9.22025 -12.9329 -24.7119 13.2927 -13.4559 -23.5901 17.4167 -13.9417 -22.0262 21.3951 -14.4182 -17.3755 25.9592 -15.232 -12.3885 30.1474 -16.0764 -7.70828 34.6479 -17.0589 -2.67382 38.8126 -17.7177 3.35015 39.7971 -16.3891 9.37554 40.2711 -14.8101 15.4023 41.1996 -13.454 21.4245 41.5968 -11.842 25.9216 39.3239 -9.44825 30.0825 36.5814 -6.94086 34.4984 34.2079 -4.49391 38.5656 31.3138 -2.00339 40.5163 26.4728 0.340219 41.9217 21.3755 2.5259 43.822 16.458 4.74879 44.9885 11.3402 7.02471 42.3823 6.14122 9.06621 39.1221 1.24935 10.9187 36.437 -3.9668 12.8087 33.0212 -8.69398 14.8023 28.2458 -9.69785 16.616 23.3576 -9.83458 18.4022 18.5282 -10.5261 20.2192 13.6336 -10.5211 21.9927 8.83727 -7.25966 23.4382 4.47838 -3.3704 24.7058 -0.0585921 0.213111 26.2248 -4.59549 3.95496 27.2958 -7.9088 7.60819 26.3517 -10.9972 11.347 25.0482 -14.1387 15.1545 24.1262 -17.3307 18.6368 22.4234 -20.2096 20.6292 18.0176 -22.7422 22.0392 13.194 -25.5185 24.006 8.7114 -27.9776 25.0689 3.76258 -28.5012 22.7526 -1.08435 -28.4218 19.6784 -5.52028 -28.6774 17.1105 -10.261 -28.6142 13.8935 -14.5945 -27.3014 9.08524 -16.4354 -25.6933 4.12589 -17.4611 -24.2022 -0.743858 -18.9762 -22.666 -5.73855 -19.9382 -20.9864 -10.758 -18.3303 -19.3463 -15.5702 -16.1494 -17.6946 -20.5425 -14.3745 -16.0312 -25.3187 -12.1335 -14.4434 -28.7547 -7.44465 -12.9582 -31.7903 -2.45554 -11.4795 -35.2349 2.26252 -9.878 -38.0826 7.3258 -8.50062 -37.9716 11.8181 -7.18407 -37.2399 16.2703 -5.88142 -36.8778 20.7718 -4.45668 -35.7961 25.118 -2.85573 -32.6057 28.5572 -1.31086 -28.8905 31.4525 0.206573 -25.4594 34.6923 1.86213 -21.6112 37.342 4.02345 -16.0979 37.3239 6.1051 -10.6106 36.5331 8.10477 -5.04181 36.2893 10.3658 0.376649 35.5169 13.151 4.12514 31.3136 15.8041 7.45683 26.6942 18.4912 11.191 22.4149 21.2366 14.4159 17.7739 23.1315 14.6814 13.4292 24.9005 14.3722 9.03458 26.7552 14.3788 4.66449 28.4283 13.8603 0.252176 29.3989 11.1872 -4.45783 30.0925 8.03721 -8.91524 31.0561 5.19319 -13.5256 31.5316 1.95709 -17.9497 30.1165 -2.16757 -20.8112 28.2999 -6.42129 -23.2216 26.8688 -10.6425 -25.9304 24.7932 -14.8204 -28.2629 19.5129 -18.6365 -28.3895 13.9672 -22.0309 -27.9606 8.71213 -25.8835 -27.9158 0.273821 0.282236 0.22306 0.183125 0.251088 0.180761 0.133833 0.0591977 -0.0592218 -0.128058 -0.143956 -0.198539 -0.366278 -0.43434 -0.430938 -0.493696 -0.922878 -0.998581 -0.994025 -1.04027 -1.5743 -1.56122 -1.51688 -1.50071 -1.67142 -1.63124 -1.61093 -1.54943 -1.32939 -1.17858 -1.09834 -0.954599 -0.167461 -0.0935236 -0.235993 -0.242249 0.917643 0.969266 0.891299 0.998457 1.56254 1.60332 1.59839 1.59398 1.58501 1.56654 1.55004 1.54283 1.6149 1.64323 1.65802 1.70844 1.92558 1.9545 1.92994 1.94704 1.99048 1.97336 1.94821 1.93324 1.72798 1.67625 1.65583 1.61446 1.27198 1.25414 1.28321 1.28185 1.13293 1.13371 1.13882 1.0943 0.954872 0.832594 0.732088 0.595075 -0.00623766 -0.126761 -0.00238826 0.023376 -1.58687 -1.57438 -1.4778 -1.55006 -2.38272 -2.36664 -2.34717 -2.31602 -2.43594 -2.34923 -2.32014 -2.22723 -1.96255 -1.82245 -1.81178 -1.67485 -0.916399 -0.769286 -0.762728 -0.680176 -0.328705
5.81311 -26.219 -30.6681 1.5464 -26.2759 -29.4689 -2.56715 -25.6776 -27.9301 -6.74823 -25.4261 -26.4803 -10.8263 -24.5076 -25.0069 -14.4588 -21.2515 -23.245 -17.5275 -17.4418 -21.5216 -20.9143 -13.9548 -19.7125 -23.8828 -10.0108 -18.1209 -24.9272 -6.2205 -17.4678 -25.4778 -2.29546 -17.0492 -26.1246 1.61005 -16.5878 -26.3446 5.57644 -16.2664 -25.4478 9.78241 -16.3413 -24.0999 13.8564 -16.6355 -22.9268 17.9855 -16.9107 -21.2934 21.9596 -17.1096 -16.4629 26.4072 -17.1953 -11.2854 30.446 -17.2687 -6.38101 34.8057 -17.5224 -1.20539 38.8459 -17.4029 4.5242 39.8451 -15.1234 10.2076 40.3639 -12.5832 15.9254 41.2996 -10.2476 21.6157 41.7676 -7.71304 25.9038 39.77 -4.75628 29.9189 37.3526 -1.73036 34.1316 35.3082 1.30193 38.0845 32.6874 4.23899 40.3266 27.884 6.39152 42.1144 22.7799 8.25876 44.3678 17.9315 10.2959 45.8683 12.7383 12.17 43.5764 7.05324 12.8155 40.5965 1.66606 13.1148 38.2577 -4.02174 13.5269 35.0501 -9.26174 14.019 30.1073 -10.7404 14.7148 24.9849 -11.2755 15.4755 19.9508 -12.4118 16.161 14.8275 -12.7866 17.0058 9.91123 -9.6904 18.4114 5.53117 -5.8958 19.8776 0.9069 -2.45809 21.4686 -3.65989 1.19797 22.6975 -6.78684 5.10339 22.2666 -9.64647 9.17459 21.5853 -12.5537 13.258 21.2845 -15.5697 17.0927 20.0957 -18.3916 19.6147 15.9309 -20.8798 21.5409 11.2652 -23.5866 24.0747 7.03159 -26.0204 25.572 2.18366 -26.5922 23.2829 -2.67076 -26.5159 20.0921 -7.02363 -26.7827 17.4761 -11.7374 -26.7504 14.1528 -15.9903 -25.5457 9.2015 -17.4954 -24.0596 4.13326 -18.0769 -22.6712 -0.878557 -19.1665 -21.2748 -5.97024 -19.764 -19.8393 -11 -17.9633 -18.4526 -15.8268 -15.6434 -17.0496 -20.8063 -13.6843 -15.6375 -25.6096 -11.3315 -14.2593 -29.2745 -6.75108 -12.9548 -32.6118 -1.90615 -11.6719 -36.3374 2.65295 -10.2611 -39.4444 7.61955 -9.01316 -39.4453 12.1509 -7.81756 -38.794 16.6495 -6.63076 -38.5501 21.1907 -5.3525 -37.4904 25.5876 -4.00463 -34.1375 28.9804 -2.74336 -30.2199 31.7431 -1.48663 -26.6005 34.8884 -0.132594 -22.5582 37.4176 1.55103 -16.888 37.1328 3.14093 -11.2887 36.0421 4.64579 -5.58927 35.4756 6.42762 -0.0312929 34.4743 9.02983 3.94451 30.3636 11.5704 7.54174 25.8822 14.0814 11.504 21.7022 16.7256 15.0152 17.2126 18.8937 15.6834 13.0425 21.0385 15.8335 8.80994 23.2226 16.283 4.61882 25.283 16.2069 0.342676 26.9219 13.9981 -4.42247 28.3314 11.291 -9.00038 29.9955 8.9295 -13.6829 31.1659 6.08687 -18.246 30.3187 2.03871 -21.4237 29.0195 -2.20179 -24.1686 28.1419 -6.35608 -27.1979 26.5643 -10.5508 -29.866 21.5693 -14.7018 -30.3933 16.2377 -18.4475 -30.3268 11.2507 -22.6287 -30.6553 0.428069 0.434199 0.367208 0.321477 0.397094 0.326962 0.282328 0.207234 0.0912298 0.0202808 0.00406286 -0.0530637 -0.21978 -0.289778 -0.285961 -0.34449 -0.735264 -0.798943 -0.792415 -0.826463 -1.23554 -1.21639 -1.18023 -1.16126 -1.27766 -1.24707 -1.2401 -1.19851 -1.03743 -0.923154 -0.863838 -0.74345 -0.122802 -0.0641255 -0.176575 -0.169129 0.780284 0.850594 0.792959 0.906679 1.48706 1.53143 1.51652 1.51288 1.52222 1.5096 1.4944 1.49488 1.59125 1.62596 1.63465 1.68992 1.93333 1.96253 1.92889 1.94738 1.97088 1.951 1.92654 1.91094 1.67147 1.61978 1.59938 1.55786 1.19495 1.17782 1.20754 1.2037 1.0335 1.03262 1.03946 0.9877 0.824735 0.688209 0.583058 0.436999 -0.212483 -0.339652 -0.19721 -0.155972 -1.80509 -1.77432 -1.68672 -1.74826 -2.58068 -2.56026 -2.55084 -2.51593 -2.66589 -2.57127 -2.54086 -2.43531 -2.18366 -2.02789 -2.01335 -1.85602 -1.06733 -0.88634 -0.862408 -0.770578 -0.558819
5.99969 -23.8733 -33.1743 1.9146 -24.7771 -31.7111 -2.09387 -24.9698 -29.829 -6.12547 -25.5491 -28.0804 -10.1412 -25.3593 -26.214 -13.8235 -22.5949 -23.8267 -16.9052 -19.1422 -21.485 -20.3199 -16.0851 -19.0568 -23.3217 -12.487 -16.8334 -24.3604 -8.79621 -15.7459 -24.8698 -4.92505 -14.9466 -25.4797 -1.07939 -14.0962 -25.6926 2.83682 -13.3878 -24.8311 7.04081 -13.0976 -23.5271 11.1395 -13.0641 -22.3854 15.2861 -13.0065 -20.8418 19.2985 -12.8697 -16.3111 24.0379 -12.5056 -11.4497 28.4381 -12.1481 -6.85007 33.1208 -11.9494 -1.9951 37.5101 -11.4126 3.54625 38.9853 -8.93476 9.08344 40.0141 -6.2322 14.6139 41.4563 -3.71097 20.166 42.4128 -1.01254 24.5797 40.718 1.94843 28.7691 38.5742 4.94417 33.1331 36.8447 7.95843 37.2484 34.4651 10.8776 39.6228 29.6837 12.9352 41.5097 24.5705 14.6758 43.9053 19.751 16.6169 45.4687 14.5265 18.3471 42.9904 8.89053 18.6343 39.7588 3.64289 18.5337 37.1954 -1.96213 18.5958 33.7576 -7.0774 18.6582 28.7036 -8.31758 18.8045 23.5076 -8.56754 19.0109 18.3716 -9.4064 19.1549 13.1751 -9.56993 19.4233 8.11625 -6.48339 20.2066 3.52619 -2.75949 21.0995 -1.28007 0.649425 22.1056 -6.0292 4.22619 22.7261 -9.33997 7.87082 21.7407 -12.412 11.6471 20.5083 -15.5672 15.461 19.6628 -18.6889 18.9829 17.9116 -21.0964 21.0464 13.2625 -23.0405 22.4996 8.18517 -25.3007 24.574 3.46728 -27.1635 25.5942 -1.74396 -26.9973 22.9553 -6.44939 -26.2019 19.4944 -10.5144 -25.6988 16.5694 -15.0228 -25.0131 12.9633 -18.9799 -23.6878 7.90761 -19.9365 -22.2447 2.79382 -19.9305 -20.8106 -2.29751 -20.4355 -19.4512 -7.4339 -20.4758 -18.4433 -12.3889 -18.2323 -17.5754 -17.1251 -15.5088 -16.6858 -22.0217 -13.0934 -15.7169 -26.7435 -10.3791 -14.4152 -30.4278 -5.79186 -13.1112 -33.8352 -0.995895 -11.9108 -37.5978 3.55531 -10.4648 -40.7737 8.46789 -8.7832 -40.9259 12.8541 -7.0381 -40.4588 17.1932 -5.32651 -40.3962 21.5701 -3.56342 -39.4953 25.8327 -1.85939 -36.2444 29.164 -0.296775 -32.4062 31.8838 1.34629 -28.8906 34.9681 2.87107 -24.8971 37.4776 3.89839 -19.0675 37.3113 4.65804 -13.2714 36.3644 5.44253 -7.41735 35.9353 6.41604 -1.63939 35.0773 7.62894 2.98833 31.0043 8.71715 7.3175 26.5826 9.77243 11.9556 22.4775 11.0426 16.1927 18.0155 12.5599 17.5349 13.722 14.1672 18.3661 9.33305 15.7388 19.4957 4.99813 17.3364 20.0838 0.56655 19.0817 18.5037 -4.40621 20.7646 16.3668 -9.18894 22.5917 14.6188 -14.0755 24.0724 12.3202 -18.85 24.014 8.38706 -22.2749 23.6079 4.15067 -25.2903 23.5756 0.105192 -28.5824 22.8752 -4.1528 -31.5119 18.8843 -9.24743 -32.2716 14.498 -14.0642 -32.4136 10.5537 -19.2156 -33.0186 0.307617 0.331207 0.248671 0.210774 0.352579 0.284826 0.237432 0.169398 0.0833295 0.0156947 -0.00168807 -0.0520629 -0.193395 -0.256761 -0.255552 -0.303696 -0.635323 -0.693391 -0.694259 -0.726683 -1.09742 -1.08045 -1.04574 -1.02602 -1.15616 -1.1258 -1.1161 -1.07412 -0.926738 -0.81324 -0.758353 -0.638126 -0.0239851 0.0389648 -0.0687707 -0.0577298 0.798599 0.862181 0.8157 0.910137 1.4046 1.44515 1.44008 1.43542 1.42595 1.40704 1.3926 1.38844 1.48692 1.53156 1.55316 1.62578 1.94124 1.98506 1.94096 1.97225 2.03288 2.01543 1.98356 1.972 1.69933 1.64954 1.63318 1.59315 1.21545 1.20766 1.23813 1.2417 1.11368 1.12276 1.1233 1.07959 0.94507 0.810023 0.684275 0.537702 -0.0594282 -0.188286 -0.0493503 0.0150351 -1.95442 -1.9136 -1.80302 -1.86551 -2.77548 -2.74748 -2.74559 -2.69751 -2.84711 -2.74239 -2.70906 -2.58783 -2.35065 -2.17486 -2.15651 -1.98027 -1.11535 -0.922583 -0.932554 -0.816333 -0.292133
13.6541 -23.2805 -34.1123 9.96872 -25.0291 -32.3784 6.26778 -26.0776 -30.176 2.59723 -27.5049 -28.142 -1.17157 -28.1704 -25.9063 -4.94908 -26.2544 -22.9129 -8.22781 -23.5441 -19.9454 -11.7604 -21.2881 -16.8903 -15.0228 -18.4139 -14.0625 -16.5496 -15.0327 -12.6065 -17.6225 -11.3598 -11.4917 -18.7757 -7.73037 -10.3161 -19.6324 -3.96453 -9.33187 -19.6763 0.31267 -8.88015 -19.3476 4.59944 -8.75085 -19.1582 8.89341 -8.58562 -18.6055 13.1527 -8.35275 -15.6253 18.9913 -7.96276 -12.299 24.6422 -7.60594 -9.31639 30.4899 -7.42483 -5.90719 36.0716 -6.8362 -0.856184 38.5623 -4.13311 4.29945 40.4945 -1.18191 9.33253 42.9489 1.5872 14.5447 44.7539 4.51922 19.0664 43.0851 7.32817 23.3501 40.7726 10.0527 27.7899 38.9464 12.8943 32.0507 36.4647 15.5033 34.7825 31.577 16.6782 37.0361 26.3719 17.4287 39.7512 21.4382 18.4393 41.7559 16.1337 19.199 40.0367 10.2546 18.5136 37.6095 4.67535 17.5281 35.8643 -1.16843 16.6361 33.1737 -6.65427 15.8275 28.3459 -8.60006 15.7364 23.2417 -9.61733 15.8642 18.2928 -11.2334 15.8485 13.1603 -12.0868 16.0254 7.90049 -9.42777 17.0231 3.12859 -6.02606 18.2024 -1.8946 -3.05655 19.4995 -6.79586 0.262689 20.3316 -9.75904 4.18232 19.2964 -12.3147 8.29577 17.968 -15.066 12.4048 17.0948 -17.6204 16.2723 15.163 -18.796 18.6174 10.1843 -19.3572 20.2224 4.81971 -20.3049 22.5624 -0.209944 -20.8284 23.677 -5.70093 -19.7783 20.7392 -10.1053 -18.3117 16.8821 -13.5849 -16.9799 13.5897 -17.6494 -15.6751 9.62249 -21.0687 -14.6343 4.41396 -21.2088 -13.735 -0.748476 -20.3289 -12.729 -5.95254 -19.9562 -11.862 -11.1373 -19.1821 -11.6861 -15.896 -16.367 -11.7085 -20.4018 -13.1576 -11.7019 -25.0946 -10.2285 -11.5815 -29.5795 -6.99229 -10.9926 -32.7911 -1.92765 -10.3554 -35.6941 3.31431 -9.84218 -39.0206 8.31267 -9.08438 -41.6241 13.6939 -7.91861 -40.9929 18.203 -6.66392 -39.6522 22.5297 -5.43337 -38.7523 26.9757 -4.21049 -36.981 31.1538 -3.15182 -32.963 33.8564 -2.22808 -28.4734 35.7437 -1.22053 -24.2178 38.0773 -0.340053 -19.6485 39.7852 0.0552835 -13.8677 38.5632 0.249477 -8.2866 36.5928 0.411713 -2.56523 35.0734 0.818552 3.05467 33.2514 2.09247 7.33005 28.827 3.34427 11.3135 24.1321 4.47745 15.5953 19.6757 5.91097 19.5015 14.968 7.90155 20.7305 10.8371 10.0696 21.4995 6.68429 12.1656 22.5422 2.5543 14.3291 23.0771 -1.63741 16.892 21.5693 -6.26661 19.4204 19.544 -10.7138 22.0658 17.8992 -15.2491 24.4127 15.6877 -19.707 25.2281 11.7544 -23.0338 25.6707 7.50316 -26.023 26.4798 3.49221 -29.2576 26.6623 -0.845852 -32.1474 23.6742 -6.57726 -32.9733 20.226 -12.1014 -33.2065 17.2649 -17.8592 -33.9417 0.251346 0.292618 0.197136 0.165663 0.382573 0.316444 0.269148 0.199649 0.131174 0.0553252 0.0309726 -0.0246706 -0.14372 -0.204641 -0.198621 -0.2332 -0.494997 -0.549462 -0.556789 -0.600053 -0.959235 -0.952364 -0.918799 -0.907209 -1.0807 -1.05604 -1.0411 -1.01425 -0.968653 -0.881693 -0.826889 -0.734866 -0.309513 -0.25711 -0.339512 -0.322774 0.484656 0.576115 0.540395 0.66232 1.24645 1.29853 1.29049 1.28998 1.28859 1.26997 1.25347 1.26159 1.46021 1.53966 1.55941 1.67587 2.21031 2.28489 2.20172 2.24879 2.33322 2.31613 2.27029 2.25495 1.88439 1.82807 1.81118 1.76026 1.27631 1.27024 1.31528 1.31608 1.13576 1.14293 1.15465 1.09712 0.897322 0.729007 0.59495 0.427992 -0.33664 -0.488078 -0.319642 -0.240973 -2.18855 -2.09662 -1.99638 -2.01648 -2.78418 -2.74579 -2.75805 -2.70478 -2.85474 -2.73889 -2.70341 -2.55964 -2.30814 -2.10919 -2.09298 -1.90041 -0.959236 -0.769156 -0.82166 -0.681138 0.124891
17.2353 -14.5321 -40.8515 14.031 -17.1384 -39.2437 10.7943 -19.1611 -36.9898 7.60543 -21.5216 -35.0134 4.26577 -23.1559 -32.6008 0.876663 -22.3272 -28.7631 -2.01404 -20.6226 -24.8083 -5.11908 -19.453 -20.8217 -8.0845 -17.5216 -17.03 -9.62097 -14.537 -14.8818 -10.7569 -11.133 -13.1477 -11.9591 -7.7948 -11.3323 -12.9831 -4.26012 -9.80201 -13.4647 -0.0544969 -9.03955 -13.6681 4.23193 -8.74568 -13.9799 8.50732 -8.39166 -14.0178 12.7874 -7.96619 -12.351 19.1137 -7.3979 -10.4123 25.3682 -6.89992 -8.8299 31.7376 -6.67287 -6.72031 37.8929 -5.78556 -2.6745 40.7419 -1.97277 1.50177 42.8466 2.16892 5.51879 45.6177 6.06878 9.78162 47.5643 10.1992 13.4947 45.4359 13.7774 16.907 42.4945 17.0677 20.486 40.0609 20.5877 23.9349 37.0693 23.7933 26.1968 31.979 25.0993 28.0939 26.6376 25.8766 30.3486 21.4942 26.9703 32.0636 16.0964 27.7802 30.7922 10.1355 26.8633 28.9999 4.36977 25.6246 27.827 -1.58702 24.5608 25.6846 -7.25027 23.4094 21.0976 -9.54956 22.5291 16.1404 -10.9656 21.8053 11.4157 -13.0053 21.0172 6.3972 -14.1631 20.2586 1.09123 -11.4494 19.7965 -3.69974 -7.88479 19.5249 -8.84139 -4.83794 19.4099 -13.6364 -1.33667 18.7169 -15.5107 2.69969 16.391 -16.6962 6.84615 13.8185 -18.3356 11.0628 11.6392 -19.2985 14.8967 8.5427 -17.6414 16.6151 3.44674 -15.2878 17.3912 -1.60589 -13.3743 18.998 -6.64846 -10.9948 19.3412 -11.7365 -8.151 15.7931 -14.6443 -5.47308 11.4669 -16.4465 -2.59982 7.59249 -18.8689 -0.0525122 3.20879 -20.72 0.827784 -1.95571 -19.8341 1.17645 -6.99453 -18.1841 1.78657 -12.1131 -16.8953 2.21073 -17.1783 -15.3473 1.58788 -21.8122 -12.3907 0.709209 -26.247 -9.20273 -0.116113 -30.864 -6.26942 -0.833185 -35.2257 -2.94329 -1.14147 -37.9993 2.39751 -1.37379 -40.3976 7.92078 -1.6906 -43.3234 13.1793 -1.88758 -45.3333 18.8566 -1.71513 -43.8414 23.3102 -1.45924 -41.5321 27.3959 -1.20102 -39.6733 31.7051 -1.03933 -37.0107 35.5747 -1.10234 -32.431 37.47 -1.21488 -27.5636 38.401 -1.28429 -22.8108 39.8072 -1.43256 -17.9284 40.6502 -1.82596 -12.3543 38.69 -2.27803 -7.04922 36.0976 -2.841 -1.60036 33.8478 -3.12925 3.79951 31.4339 -1.91932 8.25241 27.1696 -0.620956 12.4847 22.711 0.480097 16.9524 18.4327 1.93445 21.1142 13.956 4.1955 22.7987 10.1367 6.70366 24.0901 6.3185 9.11677 25.6244 2.52899 11.6086 26.6919 -1.36821 14.6317 25.9183 -5.89963 17.64 24.642 -10.3261 20.7541 23.7315 -14.7697 23.5833 22.2793 -19.2595 24.856 19.0207 -23.128 25.7402 15.4132 -26.7897 26.976 12.0934 -30.6181 27.6427 8.35058 -34.1888 25.3162 2.598 -36.1775 22.5058 -3.10442 -37.6072 20.1809 -8.85615 -39.6005 -0.298786 -0.19888 -0.331548 -0.324657 0.0574648 0.00411021 -0.0576865 -0.126934 -0.161083 -0.237323 -0.265623 -0.323197 -0.42373 -0.482471 -0.471099 -0.488058 -0.669165 -0.706574 -0.71308 -0.747918 -0.950234 -0.934389 -0.909196 -0.890414 -0.930764 -0.908387 -0.909041 -0.890803 -0.806455 -0.739876 -0.691966 -0.615573 -0.263704 -0.229376 -0.301451 -0.28803 0.403367 0.478411 0.4516 0.567446 1.04586 1.09999 1.1198 1.12952 1.08131 1.04557 1.02286 1.03035 1.40312 1.54297 1.56428 1.74982 2.77839 2.91762 2.74859 2.81272 2.97665 2.9673 2.88616 2.85878 2.42125 2.35643 2.32714 2.25482 1.6251 1.61113 1.6742 1.66179 1.37301 1.36487 1.3964 1.31735 1.01317 0.795725 0.661495 0.476324 -0.462141 -0.615667 -0.414105 -0.301202 -2.18947 -2.06828 -1.99586 -2.00689 -2.7775 -2.73517 -2.76121 -2.71145 -2.92295 -2.80541 -2.76835 -2.62542 -2.47026 -2.28075 -2.26029 -2.07749 -1.28321 -1.09436 -1.16958 -0.989807 0.65402
20.1259 -2.30703 -45.5371 18.0922 -5.95265 -44.0474 16.0298 -9.16765 -41.7985 14.0464 -12.6498 -39.9044 11.8089 -15.567 -37.4288 9.23167 -16.4355 -33.0124 6.95922 -16.3962 -28.3501 4.62747 -16.9385 -23.7489 2.15792 -16.6257 -19.1987 0.388328 -14.5463 -16.2956 -1.18652 -11.8696 -13.7977 -2.78869 -9.29603 -11.2103 -4.37805 -6.39466 -8.98765 -5.83804 -2.54852 -7.73224 -7.13815 1.50008 -7.0842 -8.50887 5.50545 -6.32284 -9.70731 9.57204 -5.59595 -10.4022 16.0959 -5.31265 -10.9244 22.6417 -5.24175 -11.7354 29.1546 -5.46706 -12.0677 35.6827 -4.83565 -9.97216 39.6577 -0.496225 -7.54851 42.8973 4.26359 -5.43912 46.8351 8.63037 -2.92153 49.8498 13.4878 0.00612873 48.1915 17.9374 2.81619 45.488 21.927 5.6957 43.4024 26.2259 8.5317 40.6907 30.1912 10.6374 35.6515 31.8958 12.467 30.3304 32.9311 14.5581 25.2078 34.3875 16.2735 19.8535 35.4467 15.8664 13.8661 34.0414 15.0942 8.0342 32.2021 14.8053 2.0575 30.7235 13.7163 -3.70265 28.8201 10.2235 -6.46944 26.128 6.29474 -8.47346 23.3617 2.63145 -11.038 20.6958 -1.34922 -12.7722 17.8237 -5.88669 -10.7252 14.5143 -10.1025 -7.79995 11.4477 -14.6999 -5.43854 8.44414 -18.6555 -2.53219 5.03266 -19.0133 1.1142 1.59881 -18.5324 4.86586 -1.7044 -18.645 8.70955 -4.93414 -17.7126 12.1089 -8.51049 -13.4178 13.4396 -11.8948 -8.48621 13.9328 -14.561 -3.82738 15.1735 -17.4641 0.908909 15.4695 -20.4888 4.88677 11.825 -20.6558 8.60128 7.97171 -19.9557 12.6416 4.39889 -19.7416 16.1118 0.305984 -19.1585 16.9795 -4.53681 -17.1516 17.0211 -9.31432 -14.8261 17.4335 -14.1436 -12.6485 17.5433 -18.9175 -10.3181 16.0116 -23.3075 -7.32064 14.1036 -27.513 -4.27498 12.3669 -31.8967 -1.38186 10.5498 -36.01 1.84014 8.03783 -38.53 6.70338 5.44847 -40.6939 11.6959 2.91771 -43.3515 16.4755 0.329361 -45.158 21.6085 -1.53636 -43.637 25.6453 -3.26622 -41.3711 29.3822 -5.06029 -39.5362 33.3199 -6.76326 -36.907 36.8237 -7.92894 -32.3783 38.4673 -8.76781 -27.5549 39.2433 -9.7559 -22.8558 40.4733 -10.5819 -18.0099 41.1098 -10.5874 -12.5126 38.9081 -10.3904 -7.31723 36.0731 -10.3911 -1.95728 33.5553 -10.153 3.33949 30.9179 -8.4696 7.71946 26.7396 -6.68981 11.8919 22.3922 -5.06198 16.2443 18.1634 -3.19214 20.4108 13.8483 -0.917226 22.6638 10.3432 1.54383 24.6969 6.82932 3.92851 26.8793 3.35258 6.39384 28.7366 -0.254318 9.47993 29.4523 -4.75274 12.5956 29.8195 -9.27272 15.7574 30.5068 -13.7228 18.7515 30.612 -18.3376 20.5681 28.5718 -22.7807 22.0546 26.095 -27.1236 23.8053 24.0222 -31.5781 25.1456 21.2788 -35.8067 24.1637 15.4744 -38.6004 22.6914 9.50838 -40.7683 21.6424 3.71149 -43.5533 0.0942861 0.237782 -0.00423322 -0.0245894 0.499296 0.414959 0.337196 0.251989 0.233049 0.148577 0.122141 0.0515936 -0.0369394 -0.09402 -0.0538275 -0.0376632 -0.117545 -0.108323 -0.0812464 -0.0615281 -0.00405158 0.0575936 0.114986 0.198036 0.358822 0.419872 0.44529 0.497253 0.65543 0.749352 0.837767 0.951151 1.25259 1.33465 1.35952 1.43981 1.92267 2.03763 2.1288 2.28748 2.60678 2.75088 2.9216 3.02788 2.93029 2.89714 2.86132 2.66234 2.59046 2.093 1.37089 0.830832 1.90433 1.57184 1.08143 1.13324 1.38621 1.44943 1.39631 1.4395 1.05024 1.05096 1.0621 1.04816 0.275892 0.324367 0.491152 0.540926 0.0724328 0.10152 0.229575 0.167081 -0.231724 -0.433294 -0.471481 -0.624953 -1.6804 -1.78628 -1.53216 -1.37775 -3.03455 -2.90794 -2.83931 -2.83333 -3.65843 -3.61432 -3.61787 -3.55507 -3.88181 -3.75155 -3.68308 -3.50536 -3.41802 -3.19372 -3.1268 -2.85998 -1.98964 -1.61652 -1.59857 -1.3118 0.483308
27.7467 4.21402 -46.0237 26.5329 0.128205 -44.8079 25.8372 -3.77643 -42.8289 25.2364 -7.91506 -41.3599 24.0305 -11.5994 -39.2112 22.1088 -13.5845 -34.8216 20.3254 -14.693 -30.0788 18.6033 -16.3779 -25.4855 16.5295 -17.1125 -20.7886 14.6558 -15.5928 -17.6162 12.8663 -13.3265 -14.8691 11.0751 -11.1817 -12.0273 9.15756 -8.6414 -9.62849 7.10548 -5.05475 -8.43467 5.19362 -1.22775 -7.98699 3.26767 2.56895 -7.37267 1.2809 6.35585 -6.9102 -1.89965 12.0372 -7.76458 -5.08711 17.6552 -8.94961 -8.24327 23.2318 -10.387 -11.4416 28.9392 -10.9535 -13.8437 33.1357 -6.99843 -16.0185 36.843 -2.46507 -18.4702 41.0328 1.46687 -20.4877 44.5567 6.21378 -20.0774 44.1171 11.7598 -19.0828 42.7101 17.0658 -18.4098 41.9104 22.5457 -17.4526 40.4354 27.8399 -15.4113 36.3018 31.228 -13.2038 31.764 33.9242 -11.004 27.5382 37.0925 -8.93569 22.9171 39.7572 -7.67163 16.9023 39.2942 -6.6225 10.9238 38.2232 -5.31835 4.91823 37.7513 -4.42032 -1.03757 36.4435 -5.32978 -4.51931 32.6815 -6.64917 -7.32483 28.4992 -7.76909 -10.6144 24.6226 -9.05157 -13.201 20.2905 -10.8121 -12.3737 14.6383 -12.543 -10.6501 9.18236 -14.5235 -9.4478 3.67181 -15.8963 -7.816 -1.91256 -14.7194 -5.08249 -5.95717 -13.0326 -2.067 -9.60123 -11.7958 0.969937 -13.4046 -9.62143 3.60879 -17.0822 -4.5662 4.81413 -19.2414 0.871242 5.52987 -20.5041 6.11198 6.82823 -22.092 11.4651 7.27781 -23.769 15.6757 4.19413 -22.392 19.5571 1.10897 -20.2584 23.8124 -1.74376 -18.5584 27.4575 -5.17636 -16.5423 28.278 -9.50713 -13.5751 28.2148 -13.8163 -10.4668 28.5906 -18.1453 -7.40856 28.4979 -22.4625 -4.31233 26.1988 -26.4168 -1.20112 23.428 -30.1516 1.79506 20.9651 -34.079 4.81373 18.1579 -37.7254 7.88384 13.4268 -39.7434 11.0233 8.47727 -41.3973 14.0364 3.71284 -43.4966 17.0705 -1.26964 -44.8729 20.1674 -5.27294 -43.3983 22.1395 -9.14006 -41.3312 23.8317 -13.1155 -39.6314 25.6751 -16.8252 -37.2116 27.2473 -19.3022 -32.9455 27.7319 -21.1344 -28.3399 27.7822 -23.3154 -23.898 28.072 -25.0027 -19.2375 28.0139 -24.375 -13.5952 26.3295 -23.154 -8.1665 24.3029 -22.2901 -2.61098 22.4432 -21.1672 2.87536 20.5177 -18.1567 7.58738 17.6524 -14.9567 12.0963 14.668 -11.898 16.7654 11.7834 -8.71862 21.2801 8.7858 -5.87546 23.9698 6.099 -2.94812 26.4984 3.34682 -0.0626005 29.1522 0.669361 2.88464 31.4949 -2.22247 6.35976 32.8558 -6.26523 9.79617 33.8872 -10.4366 13.2582 35.237 -14.4943 16.6682 35.9548 -18.7521 19.1867 34.3175 -23.016 21.387 32.1648 -27.2266 23.7448 30.4122 -31.5364 25.9401 27.9876 -35.5992 26.6231 22.186 -38.4862 26.8597 16.1207 -40.8561 27.645 10.2516 -43.5757 3.67985 3.56062 2.69551 2.19206 2.47138 2.18596 2.02606 1.87825 1.81988 1.71489 1.69387 1.60959 1.50538 1.44302 1.51337 1.569 1.62451 1.68263 1.69653 1.76324 2.41567 2.47415 2.47214 2.55842 2.98189 2.96727 2.94845 2.94042 3.05851 3.07452 3.1312 3.18925 3.31018 3.31009 3.29396 3.26793 3.29235 3.28881 3.34976 3.38436 3.25309 3.31567 3.46563 3.48778 3.11514 2.97465 2.89006 2.58019 2.31322 1.65794 0.930145 0.302337 1.92257 1.48877 0.801092 0.841077 1.03883 1.04271 0.885988 0.87858 0.417063 0.342092 0.232765 0.157084 -0.878459 -0.918611 -0.791841 -0.807199 -1.74453 -1.78076 -1.62756 -1.77669 -2.42433 -2.67868 -2.69389 -2.89311 -3.98611 -4.04967 -3.84543 -3.72019 -5.00637 -4.9498 -4.95066 -5.01109 -6.04639 -6.03431 -6.03361 -5.97855 -6.42535 -6.28866 -6.21397 -6.00191 -5.89946 -5.60543 -5.43917 -5.00297 -3.91248 -3.29725 -3.29947 -3.3554 -5.09008
28.846 9.3505 -46.4736 29.2745 5.35365 -44.6061 29.558 1.66606 -42.1632 30.0677 -2.1801 -40.0199 30.0337 -5.79688 -37.458 28.6305 -8.33315 -33.1569 26.9769 -10.1981 -28.6084 25.5554 -12.4726 -24.169 23.6487 -14.151 -19.647 21.3596 -13.9183 -16.3929 18.8922 -13.1035 -13.3709 16.4602 -12.3932 -10.2943 13.844 -11.3037 -7.49215 10.7978 -9.13671 -5.36501 7.76223 -6.577 -3.71157 4.72134 -4.11831 -1.92033 1.68231 -1.50037 -0.367454 -2.67577 3.38751 0.11928 -6.93413 8.38518 0.228287 -11.2036 13.3726 0.367194 -15.5319 18.2956 0.760251 -19.9306 22.1607 2.93607 -24.3412 25.9193 5.26865 -28.7209 29.9281 7.21032 -33.1431 33.4612 9.85271 -36.3349 33.7217 14.4205 -39.2091 33.295 19.1827 -42.3954 33.465 23.7587 -45.0629 32.7454 28.6049 -45.1492 28.8876 32.829 -44.5496 24.5088 36.4624 -44.4833 20.5135 40.5572 -43.7199 16.0449 44.0475 -40.2181 10.9754 43.8829 -36.3661 6.28798 42.7962 -32.7473 1.31478 42.3933 -28.8971 -3.35756 41.2381 -25.5216 -5.12229 37.6893 -22.3395 -6.15216 33.6996 -19.039 -7.57425 29.933 -15.8575 -8.61886 25.9469 -13.1843 -7.52952 20.7124 -10.7869 -5.94682 15.4702 -8.33809 -4.53438 10.2032 -5.73476 -3.17913 4.99558 -3.00905 -2.13677 0.909033 -0.201811 -1.056 -3.11183 2.45085 0.172974 -7.19461 5.4647 0.895977 -11.1454 9.94307 -0.225242 -14.3635 14.5734 -1.72135 -17.1904 19.1118 -2.78345 -20.3438 23.7197 -4.61037 -23.0079 27.3468 -8.60734 -23.041 30.5519 -12.8979 -22.3686 34.1087 -16.9527 -22.1634 37.1259 -21.3576 -21.3724 37.5926 -25.8329 -18.5466 37.3384 -30.0287 -15.2963 37.5492 -34.4069 -12.293 37.1652 -38.5577 -8.9982 34.4157 -41.1247 -4.94201 31.1954 -43.1211 -0.911277 28.2715 -45.5163 3.12809 25.0393 -47.4487 7.18038 20.3575 -46.7745 10.9136 15.5752 -45.5927 14.3843 10.8413 -44.8151 18.0309 6.08362 -43.5546 21.5076 2.57324 -40.948 23.232 -0.81247 -38.0053 24.635 -4.27197 -35.2384 26.2056 -7.57686 -32.1424 27.4639 -10.2981 -28.0037 27.6543 -12.7085 -23.6751 27.4991 -15.2908 -19.4442 27.5497 -17.5918 -15.0648 27.237 -18.67 -9.59728 25.2342 -19.3611 -4.1974 22.9034 -20.34 1.23643 20.7624 -21.0169 6.66181 18.4873 -19.6817 11.5454 14.7665 -18.1413 16.2273 10.8698 -16.7787 21.0683 7.10355 -15.2172 25.7469 3.21134 -13.3021 28.4982 -0.150269 -11.2339 31.0547 -3.57437 -9.25081 33.7423 -6.94808 -7.1046 36.1224 -10.4504 -4.08876 37.5048 -14.8398 -0.994592 38.5398 -19.2701 2.00312 39.8937 -23.6807 5.19633 40.6362 -28.0994 8.43029 38.991 -31.8463 11.5519 36.7931 -35.4002 14.6771 34.9899 -39.1667 17.894 32.6292 -42.5259 20.8363 26.958 -43.807 23.3909 21.0099 -44.5519 26.2976 15.3053 -45.764 3.11336 2.96669 2.61024 2.09842 2.16222 1.87554 1.77938 1.6094 1.50218 1.3499 1.29466 1.14756 1.02706 0.918231 0.962635 0.962552 0.976677 0.985228 1.00858 1.0267 1.81838 1.8719 1.84656 1.94236 2.89964 2.80336 2.67974 2.54198 2.65351 2.50086 2.49022 2.39479 2.00172 1.86285 1.89407 1.77945 0.923976 0.804482 0.850348 0.824795 0.209127 0.318769 0.477432 0.574799 0.395548 0.321634 0.230585 0.127773 0.673562 0.763267 0.811812 1.0409 2.60814 2.75725 2.50328 2.60802 2.74005 2.73026 2.55513 2.53219 1.88429 1.74406 1.60971 1.4979 0.295719 0.232637 0.342793 0.340648 -0.319729 -0.354081 -0.291567 -0.431072 -0.975598 -1.26412 -1.40476 -1.67515 -2.86804 -3.0084 -2.81481 -2.70426 -4.54065 -4.44444 -4.42347 -4.47372 -5.4845 -5.47217 -5.49841 -5.43742 -5.78691 -5.65555 -5.58906 -5.34772 -5.1746 -4.7996 -4.56767 -4.0463 -2.70031 -1.70097 -1.49365 -0.940691 -6.68867
