# num_vectors 21
# vector_size 401
# Iterations: 300, stepsize: 0.032721, max step size: 1.000000, spring constant: 0.001000, global NEB Hessian: false, global NEB Linesearch: true, climbing image: false
-9.88143 -27.4244 -25.6808 -11.7083 -23.4206 -25.1578 -13.3188 -19.3546 -24.4399 -15.0696 -15.3268 -23.8459 -16.637 -11.2504 -23.0933 -17.0476 -6.46194 -21.1447 -17.249 -1.71718 -19.0612 -17.5674 3.05539 -17.0573 -17.7481 7.79016 -14.9493 -17.1938 11.1323 -12.8511 -16.5037 14.3954 -10.6703 -15.8737 17.6997 -8.53386 -15.1327 20.9117 -6.29451 -13.8597 23.9086 -3.48491 -12.4842 26.7856 -0.599234 -11.1715 29.7462 2.23067 -9.74682 32.5443 5.16978 -6.56104 34.7727 10.4611 -3.31303 36.8228 15.7866 -0.133982 39.0574 21.0796 3.13991 41.0473 26.4124 6.92601 38.9502 30.916 10.6981 36.6052 35.3078 14.4729 34.5012 39.8177 18.2557 32.1131 44.1767 20.9425 27.4284 45.573 23.4961 22.596 46.6867 26.1513 17.883 48.0473 28.6997 13.0357 49.1066 29.7052 7.80174 47.028 30.5255 2.65348 44.6725 31.5136 -2.57314 42.5672 32.3021 -7.70504 40.1656 30.7062 -10.6583 34.9974 28.9379 -13.3183 29.7268 27.3553 -16.2515 24.5431 25.5267 -18.8614 19.2683 22.3474 -17.6381 15.3325 19.0854 -16.0237 11.6109 15.8989 -14.6893 7.71712 12.6108 -13.0724 4.01994 8.69098 -8.79459 2.58552 4.84079 -4.3647 1.4564 0.960856 -0.00458337 0.168773 -2.92314 4.37087 -1.0528 -6.15876 8.20202 -1.30081 -9.38179 12.0487 -1.45411 -12.5771 15.9197 -1.57046 -15.8532 19.7121 -1.87545 -20.0019 22.9356 -3.8896 -24.1687 26.0388 -6.0501 -28.3131 29.3058 -8.0022 -32.4864 32.3064 -10.291 -35.6113 32.1586 -14.6883 -38.524 31.6517 -19.2032 -41.6402 31.5036 -23.6068 -44.4907 30.8791 -28.1463 -44.4353 27.159 -31.9385 -43.972 23.1859 -35.4348 -43.8554 19.4352 -39.1956 -43.3324 15.4166 -42.6307 -40.0842 10.9416 -42.507 -36.6357 6.66192 -41.8854 -33.341 2.22451 -41.6649 -29.8926 -2.05278 -41.0272 -25.9939 -3.56973 -36.6912 -22.2179 -4.7101 -32.1366 -18.3636 -6.1067 -27.7211 -14.5589 -7.29938 -23.204 -12.3309 -6.38673 -19.1681 -10.2406 -5.23496 -15.1196 -8.11627 -4.17188 -11.0647 -5.93216 -3.11632 -7.03959 -3.30779 -1.94759 -3.00075 -0.64846 -0.756394 1.00856 1.91932 0.52375 5.05005 4.68833 1.5553 9.02923 9.35199 0.361456 12.4767 14.0823 -1.04699 15.748 18.7557 -2.19446 19.1982 23.4887 -3.71446 22.4152 27.2917 -8.70081 22.0404 30.857 -13.825 21.334 34.6391 -18.8236 20.9146 38.1775 -23.9637 20.1911 38.2039 -27.8488 17.4642 37.8331 -31.5657 14.5352 37.7458 -35.4077 11.749 37.3392 -39.1057 8.80106 34.4402 -41.4414 4.75114 31.3061 -43.4803 0.715841 28.3431 -45.7453 -3.32815 25.1951 -47.7555 -7.36704 21.0932 -47.158 -10.5314 16.9375 -46.2792 -13.5571 12.8203 -45.6359 -16.6926 8.66602 -44.7235 -19.7104 3.97458 -40.4918 -21.3019 -0.61999 -36.0939 -22.7153 -5.30299 -31.8428 -24.2793 0.12923 0.138802 0.144776 0.144958 0.133739 0.106114 0.0674823 0.0252518 -0.0105974 -0.0367152 -0.0589065 -0.0789008 -0.0988463 -0.118666 -0.137335 -0.153379 -0.168392 -0.176126 -0.178203 -0.178281 -0.177876 -0.17759 -0.177469 -0.177714 -0.179075 -0.181481 -0.184617 -0.187361 -0.18873 -0.187221 -0.183941 -0.179843 -0.173586 -0.166896 -0.158569 -0.147194 -0.124931 -0.0983464 -0.0653066 -0.0322977 0.00288428 0.0261022 0.0438364 0.0589199 0.0707437 0.0787831 0.084473 0.0875675 0.086436 0.0790859 0.0684641 0.0594374 0.0572067 0.066846 0.0833063 0.10029 0.117289 0.122038 0.121476 0.117426 0.105113 0.0886782 0.0679855 0.0478549 0.0257211 0.0158612 0.0105224 0.00780942 0.00829617 0.011974 0.0181948 0.0259336 0.0353599 0.0465536 0.0589032 0.0719605 0.0892823 0.108472 0.127905 0.142569 0.145673 0.125095 0.0917058 0.0576268 0.0303699 0.0243797 0.0271462 0.0335563 0.0423471 0.049955 0.0562612 0.0593001 0.054558 0.0403418 0.0207203 0.00393726 -0.00215596 0.0166666 0.0489589 0.0800356 0.0534823
-8.73498 -31.8374 -27.4109 -11.8628 -28.7807 -26.6939 -14.7587 -25.559 -25.7582 -17.8246 -22.4608 -24.9564 -20.6588 -19.1887 -24.0074 -21.9919 -14.6173 -21.9535 -23.0147 -10.0155 -19.7924 -24.2268 -5.43491 -17.6846 -25.2218 -0.822134 -15.5342 -24.8327 2.70556 -13.7219 -24.2186 6.19345 -11.8958 -23.7122 9.70518 -10.0811 -23.0198 13.1667 -8.23295 -21.4539 16.5868 -6.14767 -19.7109 19.9176 -4.05916 -18.0735 23.317 -1.995 -16.2638 26.5837 0.137906 -11.8561 29.768 3.81817 -7.34413 32.7911 7.50828 -2.92623 35.9852 11.1682 1.60173 38.9542 14.8828 6.65093 37.8477 18.3895 11.6787 36.487 21.837 16.7274 35.3669 25.34 21.7515 33.9731 28.7794 25.135 29.8952 30.5221 28.3531 25.6223 32.1032 31.714 21.5214 33.8355 34.9036 17.2115 35.373 35.8108 11.6026 34.7077 36.4655 5.98723 33.8329 37.3853 0.379356 33.1759 37.9552 -5.23436 32.2346 34.7853 -9.20997 28.7525 31.3582 -12.8563 25.1554 28.1958 -16.8263 21.6601 24.6994 -20.3995 18.0567 20.328 -19.2198 15.489 16.0011 -17.5108 13.1537 11.6452 -16.1671 10.6405 7.3044 -14.4866 8.31061 3.6949 -9.73 8.05004 0.312116 -4.80263 8.04032 -3.16448 0.0577616 7.93151 -6.65657 4.90643 7.79904 -9.68139 8.90366 7.51492 -12.708 12.8994 7.22904 -15.6778 16.9442 7.06241 -18.7804 20.8651 6.60638 -22.8178 23.4965 3.7022 -26.8473 25.8956 0.592991 -30.9019 28.5311 -2.28344 -34.9026 30.8455 -5.49221 -37.1196 29.7763 -10.2948 -39.0463 28.3357 -15.1257 -41.2261 27.215 -19.9338 -43.1074 25.7218 -24.7664 -42.1399 21.8704 -28.2953 -40.833 17.8576 -31.5224 -39.7911 13.9917 -35.0145 -38.4653 9.94122 -38.1861 -35.1744 5.50126 -37.9633 -31.764 1.19401 -37.3226 -28.4375 -3.21683 -37.0511 -25.0387 -7.52513 -36.3581 -21.8056 -9.70167 -31.7633 -18.7211 -11.5624 -26.9336 -15.5346 -13.6711 -22.2751 -12.4278 -15.5343 -17.4607 -11.0657 -14.779 -13.0268 -9.89759 -13.7332 -8.59653 -8.67887 -12.8415 -4.14623 -7.38466 -11.8296 0.256772 -5.64865 -9.86323 4.46208 -3.88525 -7.76463 8.59144 -2.27511 -5.66966 12.7848 -0.309965 -3.68353 16.8785 4.69602 -2.66707 19.8728 9.86946 -1.7991 22.6192 14.8538 -0.701014 25.6212 20.0859 0.0344351 28.2939 25.3932 -2.81709 26.5145 30.4239 -5.8865 24.3378 35.6912 -8.7644 22.4832 40.7148 -11.8498 20.3137 41.5183 -14.9594 16.8186 41.8181 -18.0254 13.2073 42.4456 -21.1232 9.66584 42.7504 -24.1898 6.05568 40.3733 -26.9212 1.91424 37.71 -29.502 -2.14902 35.2428 -32.1932 -6.26414 32.5757 -34.7644 -10.331 28.458 -35.8537 -13.34 24.2117 -36.7846 -16.2207 20.0773 -37.8718 -19.2077 15.8118 -38.755 -22.0751 9.66819 -37.1211 -23.5019 3.53527 -35.3179 -24.7607 -2.61778 -33.7043 -26.1694 0.176278 0.168454 0.158265 0.158983 0.209882 0.173121 0.126188 0.0803404 0.0438506 0.0162745 -0.00158938 -0.0196024 -0.070444 -0.100494 -0.124891 -0.150127 -0.278917 -0.315631 -0.349487 -0.365815 -0.554552 -0.547233 -0.544703 -0.541986 -0.636784 -0.625262 -0.623233 -0.623773 -0.563554 -0.504049 -0.441098 -0.394067 -0.13423 -0.117102 -0.116842 -0.124989 0.142402 0.15385 0.179145 0.225396 0.367578 0.383641 0.39916 0.416137 0.422517 0.425511 0.421288 0.415513 0.43162 0.434521 0.441618 0.449952 0.49347 0.509267 0.524844 0.537223 0.60163 0.60448 0.601827 0.597977 0.610566 0.575883 0.539192 0.512395 0.420255 0.405318 0.399918 0.401688 0.327886 0.340305 0.356322 0.359973 0.324253 0.293001 0.258335 0.228124 0.0869374 0.0712469 0.0824472 0.109162 -0.190411 -0.223915 -0.28829 -0.352713 -0.653586 -0.650218 -0.633989 -0.628356 -0.67851 -0.653349 -0.63575 -0.624849 -0.558397 -0.538882 -0.525907 -0.512828 -0.333007 -0.273073 -0.203617 -0.165302 -0.102422
-6.19209 -34.2663 -26.8636 -10.0368 -32.3412 -25.7897 -13.6687 -30.1443 -24.5154 -17.4602 -28.1613 -23.3609 -21.0425 -25.8838 -22.0882 -23.1511 -21.6581 -19.946 -24.9032 -17.2999 -17.7486 -26.8858 -13.0323 -15.5693 -28.6134 -8.65224 -13.3963 -28.5081 -4.97631 -11.8616 -28.1204 -1.29938 -10.3758 -27.8805 2.38072 -8.86607 -27.3982 6.05029 -7.38977 -25.7976 9.79945 -6.01971 -23.9692 13.4683 -4.7191 -22.2816 17.1987 -3.40299 -20.3779 20.8189 -2.07431 -15.3876 24.6511 -0.197393 -10.2702 28.3266 1.65075 -5.26686 32.1646 3.48121 -0.137418 35.8011 5.37336 5.69835 35.4691 7.57528 11.5201 34.8889 9.76275 17.3599 34.5504 11.9529 23.1742 33.937 14.1511 27.1429 30.3652 15.765 30.9292 26.5716 17.31 34.8873 22.9837 18.9144 38.624 19.1367 20.4476 39.4732 13.5048 20.9825 40.0052 7.82423 21.3988 40.8839 2.19563 21.9209 41.2927 -3.49627 22.3201 36.994 -7.83774 21.5136 32.3865 -11.8336 20.6283 28.0761 -16.1613 19.8103 23.4147 -20.0942 18.9273 18.3773 -18.9632 18.2641 13.4859 -17.2746 17.6994 8.48636 -15.968 17.072 3.58319 -14.3193 16.4927 0.165505 -9.41613 16.4928 -2.95929 -4.32171 16.5642 -6.20132 0.698723 16.6464 -9.46945 5.70284 16.633 -12.342 9.69997 15.6433 -15.2147 13.6751 14.5689 -18.0332 17.7279 13.6527 -20.9799 21.6072 12.438 -24.7065 23.7143 8.78677 -28.4052 25.5336 4.95662 -32.1612 27.6191 1.32316 -35.8105 29.3687 -2.58576 -37.4124 27.7722 -7.48568 -38.7223 25.8294 -12.3472 -40.2912 24.1709 -17.2373 -41.548 22.1958 -22.0997 -40.0059 18.3106 -25.3786 -38.1547 14.3148 -28.3503 -36.5323 10.4268 -31.587 -34.6773 6.39343 -34.5051 -31.2362 2.08037 -34.1187 -27.7144 -2.11437 -33.3471 -24.2296 -6.38755 -32.9106 -20.7392 -10.6 -32.0941 -17.8837 -13.3004 -27.5272 -15.1882 -15.7592 -22.7323 -12.3793 -18.4103 -18.108 -9.66628 -20.8674 -13.3222 -8.67307 -20.9254 -8.72921 -7.86699 -20.7377 -4.10315 -7.01329 -20.7145 0.5181 -6.08581 -20.493 5.1198 -4.76084 -18.8727 9.61242 -3.4136 -17.0631 14.0255 -2.21871 -15.3746 18.5295 -0.66601 -13.5536 22.8698 3.8109 -10.6596 25.4468 8.45224 -7.75192 27.6969 12.8799 -4.78926 30.2814 17.6086 -1.96003 32.4479 22.9599 -1.31956 29.2202 28.0723 -0.897745 25.5935 33.378 -0.247809 22.2931 38.501 0.119415 18.6761 39.7064 -1.66787 14.4472 40.4186 -3.66091 10.1984 41.4423 -5.51406 5.94991 42.1725 -7.51834 1.7096 40.4146 -10.6884 -2.42838 38.3718 -13.9015 -6.39915 36.5256 -17.1016 -10.4752 34.4775 -20.294 -14.4598 30.8246 -23.0003 -17.015 27.0243 -25.6502 -19.4092 23.3709 -28.3894 -21.9282 19.5285 -30.9816 -24.3186 13.1189 -31.8953 -25.047 6.67106 -32.6442 -25.6064 0.26564 -33.6015 -26.3145 0.0603559 0.0452916 0.0233768 0.022198 0.118017 0.0707207 0.017936 -0.0316564 -0.0795555 -0.112192 -0.128483 -0.149862 -0.23615 -0.276329 -0.302458 -0.333327 -0.56828 -0.628721 -0.690079 -0.720648 -1.08375 -1.07103 -1.06937 -1.06591 -1.24213 -1.21503 -1.20437 -1.19497 -1.0564 -0.923068 -0.786519 -0.686201 -0.111891 -0.0745258 -0.0793941 -0.107238 0.480187 0.470375 0.484477 0.548423 0.810423 0.827019 0.847926 0.873772 0.888911 0.886728 0.868176 0.848668 0.893455 0.899747 0.91859 0.940924 1.02494 1.04345 1.05758 1.06634 1.15539 1.15837 1.15595 1.15239 1.18963 1.14632 1.10178 1.07243 0.949962 0.928692 0.919391 0.921174 0.79237 0.804635 0.819949 0.812618 0.74538 0.680628 0.611594 0.547726 0.280307 0.214728 0.205163 0.244005 -0.470784 -0.524157 -0.629196 -0.737679 -1.38329 -1.35821 -1.32389 -1.31421 -1.39153 -1.34627 -1.31832 -1.29714 -1.13605 -1.08085 -1.03714 -0.997768 -0.621396 -0.550748 -0.471449 -0.428976 -0.0898046
-2.55772 -35.426 -27.2648 -6.69974 -34.6183 -25.9113 -10.6889 -33.4685 -24.3603 -14.7917 -32.5984 -22.9286 -18.7513 -31.345 -21.3827 -21.5272 -27.6349 -19.0546 -23.9427 -23.6946 -16.7027 -26.6023 -19.9218 -14.3397 -28.9965 -15.9447 -12.0286 -29.2518 -12.2015 -10.6867 -29.1807 -8.41111 -9.45948 -29.289 -4.64404 -8.16486 -29.1215 -0.842991 -6.98088 -27.693 3.15306 -6.28462 -26.0044 7.07014 -5.73705 -24.4771 11.0445 -5.13085 -22.7199 14.9283 -4.56162 -17.7882 19.2572 -4.3419 -12.7243 23.4336 -4.17973 -7.7862 27.7589 -4.03512 -2.70901 31.9162 -3.8033 3.37787 32.3838 -2.48205 9.46943 32.6185 -1.12103 15.5592 33.0982 0.182622 21.6467 33.2862 1.56824 25.923 30.1785 3.34831 30.0003 26.8165 5.13358 34.265 23.69 6.90841 38.2884 20.2679 8.70127 39.1332 14.8309 10.2664 39.6138 9.32931 11.7589 40.4592 3.87982 13.2801 40.8372 -1.62067 14.8053 36.4688 -5.79192 16.0288 31.7958 -9.6396 17.1855 27.4038 -13.7926 18.3863 22.6965 -17.5917 19.5632 17.6791 -16.476 20.3852 12.8016 -14.8559 21.2101 7.82349 -13.5919 22.0569 2.93283 -11.9968 22.852 -0.613023 -7.19374 23.1347 -3.88227 -2.19527 23.3588 -7.2513 2.73138 23.6756 -10.667 7.63336 23.8373 -13.7602 11.3159 22.3954 -16.8529 14.9375 20.8055 -19.9029 18.6717 19.4047 -23.0533 22.187 17.6943 -26.6328 23.5326 13.5669 -30.1358 24.5546 9.28394 -33.7469 25.8513 5.16829 -37.183 26.8276 0.821031 -38.1117 24.7902 -4.08925 -38.7226 22.4599 -8.91846 -39.6053 20.3616 -13.8116 -40.1703 18.014 -18.6379 -38.0125 14.2601 -21.7162 -35.5742 10.4452 -24.4959 -33.3267 6.70835 -27.5307 -30.9052 2.84555 -30.2582 -27.3311 -1.3529 -29.8196 -23.7176 -5.46494 -29.0268 -20.1063 -9.62593 -28.5379 -16.5277 -13.7608 -27.7068 -13.8663 -16.9156 -23.3174 -11.3716 -19.8878 -18.7081 -8.77106 -23.02 -14.2664 -6.24161 -25.9712 -9.66266 -5.16494 -26.4789 -5.11646 -4.24153 -26.7503 -0.51658 -3.28374 -27.2095 4.06127 -2.25322 -27.3971 8.64247 -0.859483 -25.7549 13.1062 0.551001 -23.8659 17.4658 1.85277 -22.1818 21.9418 3.40994 -20.2078 26.213 6.93121 -15.9409 28.3229 10.5343 -11.5764 30.0633 13.9976 -7.25155 32.1518 17.6793 -2.9346 33.8456 21.622 0.0561714 29.9756 25.3638 2.85172 25.7744 29.2433 5.87793 21.8684 33.0271 8.59689 17.6549 34.1291 7.80634 13.1061 34.8789 6.64108 8.56608 35.8456 5.73116 4.00878 36.6113 4.54413 -0.522801 35.6421 1.16684 -4.75566 34.4618 -2.38975 -8.78318 33.4413 -5.84555 -12.9401 32.2373 -9.37522 -16.9842 29.5122 -13.1263 -19.3716 26.6481 -16.8876 -21.5728 23.9447 -20.684 -23.913 21.0163 -24.3929 -26.1186 15.1656 -27.2341 -26.4997 9.23635 -29.9265 -26.7059 3.40872 -32.8166 -27.0707 -0.100685 -0.112375 -0.140143 -0.143204 -0.0065559 -0.0626613 -0.117487 -0.168537 -0.230464 -0.270854 -0.287858 -0.316594 -0.440309 -0.488826 -0.51127 -0.542403 -0.86481 -0.938692 -1.01909 -1.06109 -1.54031 -1.51636 -1.50853 -1.49961 -1.69819 -1.65831 -1.64311 -1.62644 -1.40385 -1.21717 -1.02571 -0.883929 -0.0729004 -0.0216702 -0.0314633 -0.0834431 0.767722 0.735379 0.743857 0.821872 1.17005 1.1841 1.20329 1.22838 1.24323 1.23298 1.20405 1.17569 1.214 1.22536 1.25588 1.28925 1.38305 1.40915 1.42618 1.43225 1.55708 1.56169 1.56094 1.55946 1.63643 1.58681 1.5381 1.50869 1.37519 1.35203 1.34172 1.34281 1.19905 1.21268 1.22799 1.21478 1.1248 1.02923 0.925969 0.828122 0.448257 0.341966 0.319254 0.388215 -0.720544 -0.75926 -0.883804 -1.02556 -1.89125 -1.84688 -1.80635 -1.79065 -1.86361 -1.80567 -1.77103 -1.73778 -1.5148 -1.42729 -1.35935 -1.30124 -0.780807 -0.720546 -0.653914 -0.611785 0.0487785
-0.124541 -32.7411 -24.491 -4.36891 -32.6742 -23.2177 -8.54534 -32.2629 -21.7933 -12.7678 -32.1545 -20.4518 -16.9355 -31.6115 -19.0469 -20.4433 -28.2591 -17.2173 -23.6368 -24.5974 -15.4051 -27.0618 -21.169 -13.5594 -30.2181 -17.4594 -11.7801 -30.928 -13.6332 -10.9236 -31.2605 -9.72948 -10.1967 -31.8126 -5.86543 -9.39524 -32.0316 -1.9474 -8.70343 -30.7438 2.15176 -8.52643 -29.1369 6.1406 -8.48937 -27.7289 10.203 -8.39137 -26.053 14.1633 -8.33735 -20.9617 18.2696 -8.90884 -15.7294 22.1869 -9.5325 -10.6305 26.2758 -10.1607 -5.38943 30.1899 -10.7315 0.852412 30.3058 -10.5308 7.09341 30.1895 -10.3052 13.3363 30.3106 -10.1423 19.5746 30.16 -9.86959 23.9708 26.9823 -8.56979 28.1692 23.5714 -7.20847 32.5502 20.36 -5.94073 36.6977 16.9137 -4.51477 37.7564 11.9341 -1.90555 38.4583 6.91893 0.755568 39.4956 1.9144 3.32555 40.1174 -3.07697 6.0503 36.3942 -6.34125 9.71928 32.3908 -9.29116 13.3594 28.6356 -12.5073 17.0383 24.6169 -15.4488 20.6682 20.0597 -14.064 22.768 15.5946 -12.2764 24.7587 11.0806 -10.774 26.8713 6.5849 -9.00725 28.8111 2.57158 -4.58089 28.9644 -1.26152 0.00483442 28.9236 -5.15769 4.53559 29.0466 -9.08536 9.04014 28.9757 -12.365 12.2973 27.0152 -15.6081 15.4723 24.8681 -18.8488 18.767 22.9055 -22.1293 21.8447 20.6751 -25.4517 22.8749 16.2525 -28.6725 23.6229 11.6998 -32.0052 24.6215 7.27763 -35.1761 25.31 2.68082 -36.0793 23.0895 -2.15422 -36.7087 20.5954 -6.89854 -37.5753 18.326 -11.7177 -38.1568 15.8014 -16.4518 -36.2539 11.797 -19.3791 -34.0937 7.72102 -22.0143 -32.1146 3.72272 -24.8992 -29.959 -0.390573 -27.4797 -26.5853 -4.74162 -26.9506 -23.1587 -8.99477 -26.0768 -19.7492 -13.3121 -25.5015 -16.3516 -17.5797 -24.5861 -13.6221 -20.5962 -20.1416 -11.037 -23.408 -15.4818 -8.35839 -26.4003 -10.9903 -5.74573 -29.1872 -6.33101 -4.58721 -29.3669 -1.78014 -3.58511 -29.2843 2.81052 -2.54115 -29.4073 7.39091 -1.44172 -29.2382 11.9568 -0.106702 -27.1306 16.2392 1.2261 -24.7683 20.3875 2.47423 -22.6069 24.6695 3.93646 -20.1717 28.731 7.0923 -15.513 30.5737 10.3176 -10.7756 32.0621 13.4221 -6.0671 33.8655 16.7167 -1.37095 35.3326 20.4467 2.09339 31.6513 24.0271 5.38765 27.6769 27.7102 8.88368 23.9784 31.3207 12.1125 19.978 32.5574 11.8806 15.4012 33.493 11.2877 10.7854 34.626 10.9566 6.18777 35.5539 10.3176 1.57678 34.7329 7.31104 -2.9563 33.6893 4.09031 -7.29232 32.8111 1.00977 -11.7647 31.7482 -2.20558 -16.1001 29.2131 -6.11255 -18.4463 26.5461 -10.0658 -20.5571 24.022 -14.0179 -22.8387 21.3056 -17.9301 -24.9631 15.9858 -21.6913 -24.9434 10.5981 -25.349 -24.7382 5.32011 -29.1682 -24.6785 -0.138862 -0.155663 -0.178308 -0.183974 -0.078265 -0.143783 -0.201326 -0.263111 -0.375947 -0.427173 -0.44132 -0.479784 -0.654728 -0.71596 -0.738338 -0.776546 -1.18416 -1.26936 -1.36192 -1.40768 -2.00524 -1.97879 -1.97571 -1.97321 -2.21823 -2.17132 -2.15013 -2.12038 -1.82186 -1.55647 -1.28168 -1.08316 0.0343754 0.102205 0.0755317 -0.0197132 1.14927 1.05294 1.03729 1.11161 1.4605 1.47393 1.49308 1.51443 1.51707 1.49705 1.45843 1.41962 1.44776 1.46121 1.49713 1.53642 1.64051 1.66223 1.67373 1.6777 1.76876 1.76776 1.76335 1.75914 1.79003 1.74306 1.69541 1.66423 1.52228 1.50151 1.49204 1.49259 1.3614 1.37534 1.39151 1.37784 1.27269 1.16233 1.04216 0.92927 0.503108 0.401492 0.392748 0.485119 -0.69938 -0.732004 -0.870195 -1.02042 -1.96911 -1.92448 -1.88442 -1.86915 -1.97685 -1.91135 -1.87181 -1.83313 -1.5899 -1.48411 -1.40309 -1.33872 -0.747969 -0.705142 -0.657809 -0.62809 0.108157
-0.679813 -29.6745 -22.9285 -4.9549 -29.6485 -21.7608 -9.18056 -29.2985 -20.4717 -13.4375 -29.2389 -19.2407 -17.6587 -28.7566 -17.9807 -21.4052 -25.49 -16.5031 -24.8693 -21.9117 -15.0585 -28.5515 -18.5768 -13.5716 -31.9678 -14.941 -12.1576 -32.8513 -11.0982 -11.5839 -33.3448 -7.16998 -11.1329 -34.0761 -3.28815 -10.6089 -34.4358 0.65851 -10.1945 -33.135 4.75613 -10.2947 -31.4806 8.71906 -10.5239 -30.0518 12.772 -10.6896 -28.3205 16.7024 -10.9122 -22.9856 20.3828 -11.9621 -17.5097 23.8343 -13.0635 -12.1612 27.4816 -14.1608 -6.6838 30.945 -15.2177 -0.46876 30.5351 -15.6862 5.7282 29.8969 -16.1388 11.9375 29.4725 -16.6664 18.1386 28.8271 -17.0462 22.6047 25.7503 -15.7419 26.8978 22.4852 -14.3197 31.3457 19.3653 -13.0565 35.5975 16.0913 -11.5345 37.126 11.9658 -7.87809 38.3258 7.84988 -4.09053 39.8241 3.7096 -0.4382 40.9585 -0.382304 3.39514 38.0479 -2.66193 8.32577 34.8668 -4.66569 13.209 31.9253 -6.8673 18.1568 28.731 -8.90532 23.0171 24.3074 -7.72047 25.4916 19.8878 -6.22684 27.8008 15.4924 -4.95186 30.281 11.0354 -3.47341 32.5272 6.20757 0.0453781 32.3461 1.48656 3.68443 31.907 -3.28295 7.27856 31.6679 -8.04374 10.8625 31.2066 -11.5309 13.4959 28.7341 -14.9156 16.0608 26.0556 -18.3543 18.7268 23.5503 -21.7594 21.2069 20.8185 -24.6959 22.004 16.0855 -27.4956 22.5847 11.2394 -30.4071 23.383 6.49109 -33.1887 23.8816 1.6255 -34.1184 21.536 -3.14505 -34.8331 18.9303 -7.81676 -35.735 16.5636 -12.5823 -36.409 13.8932 -17.2233 -35.0559 9.41791 -19.7462 -33.4882 4.84288 -21.9454 -32.0871 0.357019 -24.4232 -30.5016 -4.2424 -26.5576 -27.6793 -8.8429 -25.3481 -24.7984 -13.2949 -23.7748 -21.9546 -17.8646 -22.5001 -19.0825 -22.3138 -20.9031 -16.3958 -24.7241 -16.0788 -13.8075 -26.8701 -11.079 -11.1617 -29.2332 -6.20883 -8.54571 -31.3672 -1.21841 -7.05338 -30.9025 3.2135 -5.67304 -30.1678 7.64522 -4.26944 -29.6302 12.0979 -2.80654 -28.8277 16.4911 -1.06296 -26.2698 20.3616 0.681284 -23.4908 24.0764 2.35408 -20.8748 27.9394 4.20679 -18.0453 31.5624 7.56475 -13.3575 32.907 10.9704 -8.62232 33.9268 14.2804 -3.8902 35.2351 17.7481 0.804473 36.2333 21.4772 4.15154 32.4441 25.0655 7.3425 28.3932 28.7557 10.7221 24.5949 32.3649 13.8481 20.5124 33.5796 13.6704 15.9272 34.5029 13.1566 11.2995 35.6252 12.8939 6.69485 36.5271 12.3247 2.0696 35.5741 9.42368 -2.50623 34.3879 6.31067 -6.88405 33.377 3.34023 -11.4027 32.1677 0.227154 -15.7741 29.4362 -3.60203 -18.0262 26.5706 -7.47552 -20.0215 23.8423 -11.3497 -22.1995 20.935 -15.1821 -24.2137 15.5628 -18.8614 -23.9908 10.1345 -22.4411 -23.5808 4.8031 -26.1756 -23.3041 -0.158122 -0.177643 -0.194446 -0.200571 -0.123801 -0.192527 -0.252 -0.320479 -0.463094 -0.518941 -0.530098 -0.573567 -0.782455 -0.854382 -0.879758 -0.925439 -1.39915 -1.48749 -1.58181 -1.62423 -2.28286 -2.24465 -2.23647 -2.2336 -2.46616 -2.41949 -2.4002 -2.36088 -1.99077 -1.65374 -1.30471 -1.059 0.321443 0.361669 0.283083 0.133593 1.40477 1.26842 1.25589 1.33331 1.65558 1.66984 1.68777 1.70047 1.66781 1.63463 1.58764 1.53794 1.54354 1.56554 1.61308 1.662 1.79533 1.81116 1.81464 1.81859 1.85804 1.84466 1.8318 1.82496 1.74302 1.70013 1.65361 1.61823 1.43924 1.43165 1.4308 1.43507 1.34802 1.36599 1.3832 1.37467 1.28188 1.16906 1.04223 0.927951 0.485412 0.391741 0.387435 0.486262 -0.687603 -0.713024 -0.849692 -0.994763 -1.93671 -1.89358 -1.85346 -1.839 -1.95679 -1.89015 -1.8497 -1.81209 -1.565 -1.45964 -1.37922 -1.31678 -0.725852 -0.690763 -0.649788 -0.626662 0.0907356
-0.903858 -28.8336 -25.6088 -5.18467 -28.8362 -24.462 -9.41307 -28.5256 -23.1717 -13.6755 -28.4939 -21.959 -17.8987 -28.0573 -20.6889 -21.6646 -24.924 -18.9887 -25.1576 -21.4871 -17.2922 -28.8605 -18.2927 -15.5674 -32.3075 -14.7912 -13.9099 -33.2614 -10.9993 -13.1427 -33.8338 -7.10862 -12.5002 -34.6404 -3.27429 -11.7757 -35.078 0.642655 -11.1897 -33.868 4.76895 -11.2385 -32.3039 8.76946 -11.4476 -30.9663 12.8548 -11.5716 -29.3249 16.8243 -11.7831 -24.1292 20.6034 -13.1366 -18.793 24.1531 -14.5635 -13.5844 27.8921 -15.9787 -8.24656 31.462 -17.3489 -2.03494 31.336 -17.9924 4.17092 30.9925 -18.612 10.3747 30.847 -19.3239 16.5885 30.5047 -19.8577 21.285 27.9201 -18.316 25.8259 25.1579 -16.6235 30.5057 22.5252 -15.1127 35.0082 19.7633 -13.3204 36.9359 16.2755 -9.2162 38.5409 12.7935 -4.97049 40.4303 9.29562 -0.85696 41.9802 5.82987 3.4223 39.5339 3.80175 8.7027 36.8097 1.99722 13.928 34.3302 0.0498829 19.2233 31.5937 -1.80109 24.4257 27.1463 -1.11532 27.0423 22.6471 -0.164266 29.4814 18.2161 0.604591 32.1027 13.6766 1.5362 34.4736 8.28205 4.09906 34.2409 2.95691 6.76472 33.7303 -2.40423 9.38982 33.4298 -7.74889 12.0122 32.9003 -11.5913 13.9735 30.3316 -15.3089 15.8877 27.5523 -19.1048 17.8828 24.9409 -22.8284 19.7206 22.1185 -25.8028 20.1585 17.3623 -28.6141 20.4266 12.4956 -31.5529 20.8849 7.71925 -34.349 21.062 2.83967 -35.1893 18.6059 -1.89173 -35.8099 15.9151 -6.52853 -36.6175 13.4585 -11.2654 -37.2016 10.6842 -15.8573 -35.8295 6.09216 -18.1497 -34.2509 1.40682 -20.0941 -32.8335 -3.19574 -22.3375 -31.2364 -7.90303 -24.2123 -28.5033 -12.4357 -22.6065 -25.7266 -16.7912 -20.6281 -22.9861 -21.2888 -18.9383 -20.2043 -25.6393 -16.9561 -17.4156 -27.7216 -12.0378 -14.7056 -29.5338 -6.97073 -11.9622 -31.563 -2.00496 -9.21237 -33.3679 3.04306 -7.28217 -32.7087 7.27684 -5.41852 -31.7929 11.4927 -3.55156 -31.0647 15.7435 -1.6189 -30.0802 19.9124 0.642029 -27.4128 23.4248 2.90459 -24.537 26.7678 5.11893 -21.8163 30.2692 7.45405 -18.8872 33.5146 10.8188 -14.0924 34.379 14.1787 -9.24786 34.9287 17.4881 -4.40843 35.7586 20.9081 0.396323 36.2874 24.0104 3.9901 32.173 26.9528 7.44823 27.8312 30.0044 11.0876 23.7191 32.9799 14.4668 19.3382 33.8791 14.3794 14.6783 34.5231 13.9376 9.99618 35.3372 13.7567 5.32326 35.9657 13.2578 0.644943 35.0243 10.3061 -3.90074 33.891 7.12314 -8.24219 32.9114 4.0858 -12.7231 31.7436 0.915046 -17.0643 29.1124 -2.93923 -19.3917 26.3505 -6.83948 -21.479 23.7292 -10.7424 -23.7357 20.9173 -14.5974 -25.8401 15.4997 -18.2163 -25.8781 10.0141 -21.7286 -25.7354 4.62896 -25.3956 -25.7286 -0.219018 -0.235621 -0.254102 -0.257913 -0.150538 -0.2145 -0.270181 -0.332949 -0.456956 -0.513831 -0.530214 -0.577557 -0.783362 -0.856862 -0.881416 -0.92497 -1.40629 -1.49742 -1.59537 -1.63906 -2.31399 -2.26702 -2.25199 -2.24313 -2.45481 -2.40747 -2.39243 -2.35001 -1.94645 -1.58034 -1.20332 -0.938334 0.532296 0.540021 0.421264 0.23289 1.49501 1.3554 1.36473 1.45629 1.78208 1.79186 1.80128 1.79939 1.7285 1.68444 1.63595 1.58365 1.53989 1.56642 1.61935 1.6705 1.78654 1.80486 1.80897 1.8134 1.84648 1.83046 1.81582 1.80976 1.70587 1.66561 1.6214 1.586 1.40974 1.40795 1.41078 1.41567 1.36531 1.38542 1.40244 1.39757 1.32246 1.20829 1.07504 0.958438 0.507 0.403922 0.391126 0.4984 -0.770117 -0.782853 -0.916821 -1.06511 -2.02435 -1.97692 -1.93579 -1.91958 -2.02521 -1.96045 -1.92152 -1.88435 -1.64527 -1.54319 -1.4651 -1.40258 -0.82989 -0.787036 -0.739264 -0.71308 0.0761094
1.28683 -29.6028 -25.0552 -2.96709 -29.6953 -23.8158 -7.16658 -29.4465 -22.4219 -11.3973 -29.4979 -21.1032 -15.5984 -29.1208 -19.7444 -19.3357 -25.931 -18.0866 -22.7873 -22.4211 -16.4561 -26.4502 -19.1592 -14.7727 -29.867 -15.5918 -13.1951 -30.8484 -11.7659 -12.6695 -31.4556 -7.84506 -12.3006 -32.2855 -3.9753 -11.8378 -32.7736 -0.0335071 -11.5194 -31.721 4.1217 -11.8648 -30.3336 8.1609 -12.3687 -29.1571 12.2744 -12.8048 -27.6981 16.2913 -13.2859 -22.7911 20.4487 -14.6072 -17.7343 24.4092 -15.9692 -12.8187 28.5365 -17.3528 -7.75406 32.5077 -18.6544 -1.5207 32.9052 -18.615 4.72225 33.0794 -18.5158 10.9559 33.4743 -18.5184 17.1983 33.6235 -18.3618 21.7592 30.9466 -16.5881 26.1348 28.0451 -14.7042 30.6737 25.3167 -12.9525 35.0091 22.4024 -10.9969 36.5703 18.1997 -7.44372 37.8039 13.9567 -3.81033 39.3224 9.71882 -0.280334 40.5044 5.50909 3.40838 37.8012 2.69213 8.17677 34.8311 0.106956 12.9177 32.1003 -2.65305 17.7036 29.1141 -5.25596 22.4245 24.7336 -4.49283 25.131 20.3433 -3.41105 27.7101 15.9954 -2.55924 30.4426 11.5578 -1.48903 32.9441 6.53579 1.75039 33.0367 1.60991 5.13102 32.8624 -3.35333 8.46085 32.9016 -8.32395 11.7736 32.6987 -12.0479 14.0977 30.2616 -15.6647 16.3427 27.5994 -19.3419 18.7036 25.1268 -22.9753 20.8549 22.4105 -25.9646 21.1007 17.6499 -28.785 21.113 12.7811 -31.7438 21.3579 8.00137 -34.5432 21.2874 3.12102 -35.208 18.4171 -1.4005 -35.6266 15.3015 -5.7872 -36.2449 12.4065 -10.2996 -36.6376 9.23624 -14.6493 -35.0763 4.57439 -16.6626 -33.315 -0.148239 -18.3419 -31.7019 -4.8185 -20.2943 -29.9325 -9.55493 -21.9253 -27.0887 -14.0618 -20.444 -24.1989 -18.42 -18.6413 -21.3497 -22.9015 -17.0943 -18.4523 -27.25 -15.2803 -15.3839 -29.5579 -10.6369 -12.3761 -31.6244 -5.84256 -9.34072 -33.9052 -1.16423 -6.30552 -35.9388 3.62679 -4.28634 -35.2605 7.8158 -2.35926 -34.2968 11.9922 -0.398508 -33.5512 16.1975 1.56921 -32.4991 20.3334 3.43984 -29.4926 23.8012 5.24716 -26.2483 27.0833 7.05349 -23.1807 30.5318 8.91987 -19.8785 33.7219 11.2718 -14.5005 34.4998 13.59 -9.07156 34.961 15.8576 -3.65065 35.6911 18.2602 1.74137 36.1549 20.7657 5.75139 32.0185 23.1435 9.61494 27.6726 25.5865 13.6759 23.5486 28.0192 17.4549 19.1593 29.1371 17.3986 14.5464 30.08 16.9354 9.91735 31.1417 16.7619 5.29413 32.0686 16.2455 0.667597 31.828 13.0557 -3.80786 31.4265 9.61118 -8.07841 31.1691 6.32848 -12.4854 30.7179 2.89647 -16.761 28.6537 -1.29209 -19.0828 26.4397 -5.52835 -21.1682 24.3915 -9.76161 -23.4224 22.1154 -13.9573 -25.523 16.9578 -17.9381 -25.5072 11.7097 -21.7933 -25.3007 6.58598 -25.8171 -25.2371 -0.052838 -0.0844382 -0.114493 -0.125641 -0.0357968 -0.106899 -0.166904 -0.235108 -0.38314 -0.442319 -0.455224 -0.501406 -0.715796 -0.784272 -0.801758 -0.840284 -1.30921 -1.39237 -1.48699 -1.53523 -2.15819 -2.11669 -2.10179 -2.0904 -2.296 -2.24864 -2.2332 -2.19926 -1.83949 -1.52752 -1.20045 -0.962704 0.302671 0.34617 0.271581 0.109247 1.41348 1.28862 1.29253 1.38729 1.75298 1.76366 1.77562 1.78092 1.73096 1.69209 1.64346 1.59273 1.56988 1.59419 1.64556 1.69844 1.80219 1.81857 1.81992 1.82186 1.83691 1.82422 1.81268 1.80785 1.7185 1.68424 1.6453 1.61356 1.46509 1.46144 1.46184 1.46507 1.42541 1.44611 1.46472 1.45919 1.36921 1.2331 1.0724 0.927821 0.416744 0.292292 0.278708 0.410615 -1.03635 -1.00726 -1.12785 -1.28029 -2.216 -2.16602 -2.13287 -2.11352 -2.19094 -2.12116 -2.07996 -2.03488 -1.76275 -1.64729 -1.56139 -1.48737 -0.842311 -0.776628 -0.706153 -0.672148 -0.0282794
1.24392 -30.5153 -24.6531 -2.92763 -30.4463 -23.1585 -7.00892 -29.9917 -21.492 -11.1454 -29.8636 -19.9065 -15.2283 -29.2866 -18.2832 -18.6075 -25.8281 -16.4095 -21.6621 -22.0547 -14.587 -24.942 -18.5158 -12.6873 -27.9805 -14.6985 -10.9307 -28.7395 -10.8147 -10.4644 -29.1479 -6.8603 -10.1926 -29.759 -2.94153 -9.80822 -30.0653 1.02548 -9.59247 -28.9912 5.15147 -10.1543 -27.6229 9.16027 -10.897 -26.4432 13.2409 -11.5694 -25.0021 17.2307 -12.2765 -20.2638 21.5009 -13.8332 -15.3808 25.5929 -15.4217 -10.6422 29.8358 -17.0516 -5.74188 33.9351 -18.5674 0.4558 34.6093 -18.1819 6.66732 35.0579 -17.7018 12.8667 35.7332 -17.347 19.0765 36.1489 -16.8182 23.525 33.5721 -14.6539 27.7693 30.7555 -12.3807 32.192 28.1315 -10.2201 36.3956 25.2911 -7.90166 37.6816 20.8881 -4.48332 38.6307 16.4241 -1.034 39.8718 11.9838 2.35277 40.7715 7.54832 5.8517 37.7081 4.2129 10.0315 34.3783 1.08792 14.1701 31.2869 -2.21531 18.3549 27.9407 -5.3332 22.4853 23.4037 -4.79025 24.9787 18.8678 -3.90479 27.3742 14.3597 -3.27706 29.8997 9.78523 -2.38948 32.2197 4.91615 1.07283 32.3848 0.17578 4.71239 32.3095 -4.61711 8.28065 32.4461 -9.41466 11.8431 32.324 -12.9212 14.4202 29.8197 -16.3083 16.9151 27.079 -19.7635 19.5357 24.5485 -23.1694 21.9277 21.7403 -25.7725 22.2178 16.7604 -28.1837 22.2412 11.6766 -30.7491 22.5205 6.67656 -33.1434 22.4654 1.58506 -33.3836 19.4945 -2.91391 -33.3775 16.2697 -7.24122 -33.5567 13.2673 -11.7222 -33.5459 9.9945 -16.0132 -31.9331 5.25005 -17.7776 -30.1626 0.446025 -19.196 -28.5015 -4.3072 -20.891 -26.735 -9.12457 -22.2684 -24.2914 -13.7886 -20.5745 -21.834 -18.3215 -18.5722 -19.4016 -22.9673 -16.8132 -16.9257 -27.4867 -14.8034 -14.2558 -30.0763 -10.0634 -11.6323 -32.4374 -5.18021 -9.00012 -35.0124 -0.411203 -6.33912 -37.3291 4.47277 -4.36428 -36.7474 8.69727 -2.45076 -35.8605 12.8969 -0.516322 -35.2131 17.1305 1.42731 -34.2261 21.2937 3.26079 -31.1201 24.6929 5.02573 -27.7582 27.8784 6.80787 -24.5864 31.2442 8.60934 -21.1655 34.3453 10.5324 -15.5985 34.9532 12.3924 -9.98427 35.2378 14.2176 -4.3782 35.7875 16.1712 1.20322 36.0917 18.1611 5.41836 31.8798 20.0265 9.49624 27.4799 21.9401 13.7694 23.2912 23.8802 17.7577 18.842 25.0152 17.7885 14.2331 26.0316 17.3936 9.61327 27.1269 17.3006 4.99556 28.134 16.8494 0.378992 28.3432 13.5908 -4.04826 28.4277 10.0601 -8.26616 28.6415 6.7044 -12.6201 28.6633 3.18502 -16.8482 27.0172 -1.18918 -19.1618 25.2135 -5.61807 -21.2423 23.5986 -10.0369 -23.4924 21.7136 -14.4262 -25.5845 16.6558 -18.5314 -25.461 11.4883 -22.4856 -25.1322 6.46558 -26.6319 -24.9661 0.0288366 -0.00841631 -0.0498826 -0.0675156 0.0183319 -0.0585069 -0.123627 -0.193261 -0.341978 -0.397514 -0.406517 -0.44625 -0.656295 -0.720759 -0.736661 -0.772876 -1.24412 -1.32351 -1.41686 -1.46735 -2.0623 -2.0158 -1.99442 -1.97755 -2.14832 -2.10144 -2.08912 -2.06261 -1.70784 -1.43071 -1.13927 -0.924607 0.232739 0.269944 0.206373 0.0595323 1.28195 1.18615 1.2032 1.30787 1.71062 1.72386 1.73906 1.74999 1.70772 1.66907 1.6163 1.5615 1.56733 1.60081 1.6644 1.72816 1.88918 1.9066 1.90498 1.9068 1.94164 1.92261 1.90593 1.90144 1.77914 1.73756 1.69103 1.65498 1.45062 1.45148 1.45525 1.4607 1.40509 1.42963 1.45078 1.4454 1.34812 1.20333 1.03105 0.875074 0.340603 0.203252 0.186688 0.33467 -1.22843 -1.17244 -1.28436 -1.43837 -2.35825 -2.30678 -2.27847 -2.2565 -2.31549 -2.24227 -2.19936 -2.14824 -1.85489 -1.72835 -1.63681 -1.55458 -0.851363 -0.773275 -0.689531 -0.643767 -0.0414073
0.0448773 -30.4755 -26.1367 -4.05921 -30.3564 -24.4686 -8.03994 -29.8321 -22.5925 -12.0988 -29.6495 -20.8226 -16.0792 -28.9998 -18.9861 -19.1147 -25.435 -16.757 -21.7853 -21.5597 -14.5795 -24.6975 -17.909 -12.3252 -27.3683 -13.9982 -10.2126 -27.8873 -10.1129 -9.49685 -28.0734 -6.1656 -8.9852 -28.4448 -2.24849 -8.35553 -28.5466 1.70939 -7.90555 -27.4154 5.8413 -8.28135 -26.0274 9.87097 -8.85535 -24.8069 13.9655 -9.34613 -23.3455 17.9728 -9.89464 -18.7646 22.3986 -11.4878 -14.0486 26.6603 -13.1337 -9.47686 31.0669 -14.8052 -4.73344 35.3269 -16.376 1.46601 36.0813 -16.2653 7.68736 36.6029 -16.0719 13.8877 37.3544 -16.0011 20.1093 37.8455 -15.7482 24.6493 35.3234 -13.7132 28.9867 32.5582 -11.5555 33.4988 29.9858 -9.52148 37.7986 27.1994 -7.31689 39.2275 22.8607 -3.87316 40.3206 18.4608 -0.384177 41.7039 14.0904 3.0381 42.7485 9.71203 6.56862 39.8136 6.26623 10.7511 36.6063 3.01729 14.891 33.6418 -0.394682 19.0803 30.4176 -3.64038 23.2093 25.8278 -3.37885 25.6509 21.2167 -2.78298 27.9917 16.6471 -2.43796 30.4607 12.0012 -1.83948 32.7308 6.9202 1.30247 32.9156 1.95486 4.62909 32.8682 -3.06122 7.8753 33.0234 -8.07312 11.1303 32.9319 -11.6984 13.6477 30.5384 -15.2014 16.1103 27.9166 -18.7819 18.6727 25.5035 -22.2921 21.042 22.8067 -24.8589 21.6233 17.8335 -27.2237 21.9702 12.7396 -29.7553 22.5524 7.74843 -32.0956 22.8163 2.63842 -32.1143 20.2321 -2.0993 -31.8709 17.3936 -6.68288 -31.818 14.7909 -11.4102 -31.5791 11.8876 -15.9531 -29.8239 7.27544 -17.9207 -27.9223 2.58059 -19.5231 -26.109 -2.03931 -21.4188 -24.2302 -6.75796 -22.9773 -22.069 -11.5604 -21.2863 -19.9352 -16.2457 -19.2643 -17.795 -21.0301 -17.4968 -15.6419 -25.7072 -15.476 -13.6194 -28.683 -10.6431 -11.659 -31.4471 -5.6612 -9.69113 -34.4105 -0.798273 -7.67486 -37.1339 4.18362 -5.96781 -36.9628 8.55871 -4.28538 -36.4952 12.9217 -2.61419 -36.2689 17.3081 -0.884347 -35.6919 21.6392 1.05253 -32.9139 25.2579 2.96767 -29.8609 28.6602 4.87272 -27.0186 32.2458 6.82298 -23.8959 35.5639 9.07009 -18.4705 36.3218 11.2572 -12.9835 36.7347 13.4162 -7.51377 37.4287 15.6887 -2.06316 37.8619 17.7137 2.19777 33.7132 19.5986 6.32944 29.3722 21.5492 10.6422 25.2415 23.5044 14.6924 20.8554 24.494 14.9535 16.2203 25.3511 14.8188 11.5535 26.2906 14.9657 6.9029 27.1462 14.7751 2.2379 27.2372 11.8957 -2.44866 27.2137 8.74431 -6.95775 27.3088 5.77101 -11.5853 27.2269 2.6246 -16.0972 25.6092 -1.55021 -18.7711 23.847 -5.803 -21.2217 22.2713 -10.0268 -23.8434 20.4185 -14.2411 -26.2936 15.3844 -18.3762 -26.3763 10.2414 -22.3732 -26.2312 5.25042 -26.5606 -26.2773 0.0017308 -0.0335996 -0.0839639 -0.102547 0.00855431 -0.0667511 -0.131286 -0.195079 -0.315751 -0.365563 -0.376071 -0.410382 -0.593015 -0.651343 -0.668029 -0.701549 -1.15079 -1.23958 -1.34127 -1.3947 -2.02267 -1.97594 -1.95502 -1.93903 -2.12463 -2.07623 -2.06337 -2.03584 -1.68757 -1.40946 -1.11835 -0.903428 0.239367 0.267743 0.193809 0.0385292 1.24109 1.15197 1.18113 1.29363 1.70976 1.72058 1.73141 1.73687 1.68456 1.64399 1.59378 1.54091 1.53555 1.5759 1.64601 1.71062 1.9023 1.92637 1.92994 1.93467 2.02696 2.00416 1.98368 1.97992 1.85954 1.80429 1.74568 1.7045 1.4379 1.44031 1.44627 1.45428 1.35894 1.38514 1.40642 1.39908 1.30044 1.16473 1.00595 0.862309 0.35385 0.223374 0.208527 0.350999 -1.17461 -1.13869 -1.26258 -1.42086 -2.38929 -2.33858 -2.30817 -2.28669 -2.37482 -2.30382 -2.26109 -2.20919 -1.95424 -1.82582 -1.7326 -1.64898 -0.95356 -0.859859 -0.764296 -0.707466 -0.0295525
-1.44061 -30.2347 -28.2529 -5.3582 -29.9951 -26.1949 -9.09185 -29.3476 -23.8967 -12.9429 -29.0427 -21.7249 -16.6774 -28.2718 -19.467 -19.1865 -24.6474 -16.7359 -21.3023 -20.7323 -14.0739 -23.6647 -17.0289 -11.3179 -25.802 -13.0764 -8.72965 -26.0442 -9.20457 -7.81975 -25.9885 -5.27637 -7.15345 -26.0925 -1.3752 -6.3482 -25.9729 2.56307 -5.75374 -24.8202 6.68949 -6.12464 -23.4597 10.7241 -6.72934 -22.2405 14.8168 -7.23786 -20.8074 18.8308 -7.81203 -16.498 23.4629 -9.56775 -12.0651 27.9525 -11.3856 -7.77797 32.5695 -13.2342 -3.30453 37.0543 -14.9633 2.83306 38.1792 -14.6821 9.00333 39.07 -14.2961 15.1415 40.1994 -14.0478 21.3139 41.0487 -13.6077 25.826 38.6249 -11.3987 30.1215 35.933 -9.07138 34.6013 33.4615 -6.84948 38.8622 30.737 -4.49689 40.1583 26.1428 -1.34434 41.1065 21.466 1.81078 42.3528 16.8366 4.93202 43.2568 12.1786 8.1275 40.1279 8.22282 11.669 36.7245 4.45186 15.1587 33.5642 0.513056 18.6912 30.1453 -3.23775 22.1871 25.4873 -3.2344 24.5105 20.8142 -2.87877 26.776 16.1738 -2.79399 29.133 11.4713 -2.42712 31.3347 6.47287 0.801708 31.8946 1.6028 4.24702 32.2625 -3.31933 7.5912 32.8211 -8.24713 10.9597 33.125 -11.8641 13.69 30.9635 -15.3623 16.3735 28.5614 -18.9365 19.1537 26.3925 -22.4409 21.7412 23.8962 -24.9129 22.4939 18.898 -27.161 22.991 13.7639 -29.5941 23.7368 8.74559 -31.8172 24.1561 3.59381 -31.581 21.6635 -1.18691 -31.0671 18.908 -5.79864 -30.7448 16.3925 -10.5624 -30.2511 13.5759 -15.1392 -28.3921 9.00739 -17.1134 -26.4061 4.3496 -18.7214 -24.4863 -0.226096 -20.6195 -22.5346 -4.91109 -22.19 -20.5817 -9.82877 -20.5788 -18.6809 -14.6493 -18.644 -16.7579 -19.5538 -16.958 -14.8336 -24.3659 -15.0253 -13.1476 -27.6792 -10.2837 -11.5252 -30.7976 -5.39031 -9.90266 -34.1051 -0.6227 -8.21326 -37.18 4.2755 -6.58415 -37.2967 8.68197 -4.95666 -37.1136 13.0868 -3.36013 -37.1815 17.5062 -1.67612 -36.88 21.8831 0.374055 -34.2664 25.5612 2.42113 -31.3584 29.0134 4.44699 -28.6793 32.658 6.52853 -25.6957 36.0239 8.92921 -20.3247 36.6927 11.2597 -14.8898 36.9947 13.5711 -9.4712 37.5924 15.9877 -4.07541 37.9192 17.9576 0.0758403 33.635 19.775 4.09513 29.1617 21.6692 8.29313 24.889 23.5579 12.2364 20.3779 24.4528 12.5192 15.7249 25.2177 12.4267 11.041 26.0623 12.5954 6.37304 26.8264 12.4552 1.69037 26.8598 9.80251 -3.12888 26.7882 6.89216 -7.7967 26.8325 4.15174 -12.5666 26.6954 1.24203 -17.2334 24.9861 -2.71275 -20.1717 23.1282 -6.75043 -22.8997 21.4666 -10.7516 -25.8027 19.509 -14.7548 -28.5118 14.3271 -18.7031 -28.5869 9.04328 -22.5103 -28.4022 3.90225 -26.512 -28.4503 -0.0141251 -0.042936 -0.105417 -0.128886 0.0109685 -0.0665614 -0.133032 -0.191571 -0.286929 -0.331185 -0.34197 -0.370311 -0.531414 -0.583191 -0.598549 -0.627755 -1.0581 -1.14834 -1.25319 -1.31071 -1.92572 -1.87804 -1.85452 -1.83557 -2.00937 -1.96061 -1.94931 -1.92691 -1.59941 -1.35222 -1.09325 -0.899179 0.129827 0.156547 0.091576 -0.0528021 1.09355 1.03235 1.07661 1.19984 1.66559 1.67305 1.67956 1.68376 1.63556 1.59644 1.54823 1.49782 1.50177 1.54847 1.62447 1.69221 1.91338 1.94008 1.94433 1.94967 2.07185 2.04631 2.02345 2.02007 1.89841 1.83661 1.77209 1.72876 1.42834 1.43239 1.4396 1.44873 1.3372 1.36513 1.38669 1.37904 1.28348 1.15045 0.995486 0.856144 0.34873 0.21471 0.19417 0.33022 -1.19549 -1.15774 -1.27742 -1.43048 -2.38817 -2.33992 -2.31062 -2.29005 -2.39489 -2.32647 -2.28407 -2.23189 -2.00446 -1.8754 -1.78182 -1.69823 -1.00561 -0.900959 -0.795833 -0.723134 0.0443084
-1.41864 -31.7569 -25.7938 -5.3386 -31.2939 -23.7789 -9.07704 -30.4262 -21.5626 -12.9328 -29.8922 -19.444 -16.6688 -28.9082 -17.2731 -19.2232 -25.1289 -14.8068 -21.4015 -21.0726 -12.4207 -23.8161 -17.214 -9.93633 -26.0099 -13.1252 -7.62138 -26.3244 -9.22068 -6.89101 -26.3479 -5.26766 -6.39005 -26.5272 -1.33713 -5.75976 -26.4836 2.62382 -5.32759 -25.4127 6.76162 -5.80258 -24.1318 10.8084 -6.49364 -22.993 14.9114 -7.09642 -21.6374 18.9385 -7.76015 -17.4071 23.6198 -9.57702 -13.0489 28.1596 -11.4501 -8.83978 32.8267 -13.3514 -4.44075 37.36 -15.1438 1.69998 38.5006 -15.0739 7.878 39.4055 -14.9067 14.0178 40.5528 -14.8662 20.2005 41.4129 -14.6505 24.8198 38.9146 -12.7706 29.2308 36.1419 -10.7783 33.8199 33.5966 -8.8873 38.1964 30.788 -6.86975 39.6446 26.0301 -4.04306 40.7438 21.1853 -1.20643 42.1412 16.3924 1.5867 43.1965 11.565 4.46901 40.2149 7.40257 7.89898 36.9532 3.42767 11.2963 33.9378 -0.718101 14.717 30.6633 -4.67305 18.125 26.1208 -4.76699 20.6651 21.5665 -4.50477 23.1723 17.0444 -4.52375 25.7504 12.4587 -4.24212 28.1973 7.59505 -0.925696 29.2313 2.86156 2.62277 30.083 -1.92079 6.05409 31.1213 -6.71825 9.5312 31.9062 -10.3154 12.5372 30.1081 -13.8023 15.5132 28.0602 -17.3506 18.5757 26.2605 -20.8566 21.4538 24.1083 -23.5172 22.5145 19.2652 -25.9649 23.3068 14.2612 -28.585 24.3669 9.39591 -31.0144 25.0709 4.36988 -31.0716 22.5911 -0.422933 -30.8458 19.8162 -5.04615 -30.8147 17.3039 -9.82234 -30.6117 14.4714 -14.4114 -28.9994 9.79785 -16.3563 -27.2501 5.03198 -17.9221 -25.576 0.346438 -19.7844 -23.859 -4.44111 -21.3193 -22.0148 -9.38667 -19.6659 -20.2066 -14.2262 -17.6901 -18.3894 -19.1567 -15.9632 -16.5568 -23.9883 -13.9904 -14.7944 -27.226 -9.2245 -13.0828 -30.2614 -4.30926 -11.38 -33.4947 0.481188 -9.60324 -36.4838 5.40145 -7.87104 -36.4427 9.76978 -6.13985 -36.0892 14.1244 -4.44025 -35.9937 18.5047 -2.65229 -35.525 22.8252 -0.513556 -32.743 26.3251 1.6147 -29.6716 29.5811 3.72283 -26.8176 33.0416 5.89102 -23.685 36.2118 8.41823 -18.3445 36.599 10.8762 -12.9576 36.625 13.3128 -7.5702 36.9407 15.8579 -2.2241 36.9935 18.0939 1.65181 32.5837 20.1862 5.38939 27.988 22.3516 9.31527 23.5874 24.5096 12.9724 18.9577 25.5521 12.9686 14.3268 26.4531 12.5877 9.68189 27.4467 12.4735 5.04169 28.3385 12.0408 0.399672 28.3314 9.04795 -4.21612 28.1965 5.80485 -8.65772 28.1941 2.72614 -13.2168 27.9933 -0.513637 -17.6583 26.1015 -4.63051 -20.2407 24.0512 -8.80754 -22.5956 22.199 -12.9703 -25.1329 20.0561 -17.1069 -27.4767 14.738 -20.8594 -27.188 9.32705 -24.4488 -26.6533 4.04548 -28.2497 -26.3299 0.103243 0.0680955 0.00996478 -0.014461 0.0958744 0.0178914 -0.0496014 -0.112317 -0.222849 -0.268767 -0.278794 -0.307856 -0.474953 -0.52635 -0.540018 -0.569036 -1.00631 -1.09994 -1.20876 -1.26861 -1.91183 -1.86974 -1.85243 -1.8379 -2.04878 -1.99947 -1.98565 -1.9617 -1.6692 -1.42765 -1.17535 -0.985315 -0.00576677 0.0291407 -0.0316195 -0.178618 1.00606 0.952745 1.00329 1.13588 1.65003 1.6542 1.65626 1.65925 1.62105 1.58769 1.54621 1.50317 1.5171 1.56145 1.63023 1.69227 1.90158 1.92295 1.92404 1.92965 2.02057 1.99457 1.97143 1.96713 1.81848 1.75964 1.69717 1.65389 1.35191 1.35779 1.36596 1.37511 1.27395 1.30295 1.32566 1.3199 1.22651 1.09178 0.934473 0.795467 0.273256 0.144562 0.125974 0.256976 -1.21578 -1.1713 -1.28101 -1.42333 -2.32404 -2.27654 -2.2473 -2.22712 -2.31263 -2.24254 -2.1995 -2.14908 -1.8874 -1.76021 -1.66777 -1.58473 -0.874347 -0.775578 -0.671384 -0.60323 -0.00931238
1.05754 -31.2761 -26.7237 -2.91294 -30.7877 -24.8165 -6.71218 -29.9104 -22.7101 -10.6204 -29.3539 -20.696 -14.4204 -28.3654 -18.6414 -17.1721 -24.6358 -16.3156 -19.5729 -20.6309 -14.0598 -22.1957 -16.8235 -11.7113 -24.6063 -12.7839 -9.52948 -25.1167 -8.88725 -8.87092 -25.3392 -4.93299 -8.43248 -25.7208 -1.00672 -7.86927 -25.8637 2.95814 -7.49883 -24.9188 7.12224 -8.00992 -23.7457 11.1964 -8.73056 -22.7285 15.3258 -9.37012 -21.4735 19.3818 -10.0555 -17.1912 24.0661 -11.7374 -12.7676 28.6007 -13.4639 -8.49697 33.2637 -15.2337 -4.03983 37.798 -16.8735 2.06356 39.0226 -16.3601 8.19869 40.0131 -15.7325 14.3033 41.238 -15.2345 20.4406 42.1914 -14.5727 25.047 39.876 -12.4434 29.4631 37.2949 -10.2186 34.041 34.9446 -8.06615 38.4265 32.3141 -5.83883 40.1027 27.4756 -3.28842 41.4547 22.5208 -0.768771 43.0963 17.6506 1.74374 44.3914 12.7003 4.30152 41.5434 7.92379 6.95753 38.3976 3.3066 9.55861 35.5189 -1.46944 12.1822 32.3515 -6.05247 14.8169 27.6934 -6.62963 17.0672 23.0052 -6.82381 19.321 18.3539 -7.33172 21.6022 13.6466 -7.48981 23.8184 8.88722 -4.17465 25.2607 4.29509 -0.581809 26.5747 -0.367817 2.85658 28.0436 -5.03367 6.37994 29.2837 -8.44672 9.83997 28.0236 -11.7474 13.316 26.5297 -15.0951 16.8494 25.2983 -18.438 20.2227 23.6695 -21.17 21.8734 19.036 -23.7051 23.2365 14.2012 -26.3966 24.9008 9.54874 -28.9193 26.1536 4.67798 -29.1721 23.7445 -0.144457 -29.1265 20.9758 -4.77668 -29.2806 18.5088 -9.57407 -29.2682 15.6962 -14.1798 -27.8667 10.9222 -16.0421 -26.3259 6.05203 -17.5025 -24.858 1.25902 -19.2624 -23.3556 -3.62538 -20.7151 -21.7372 -8.6677 -19.1184 -20.1473 -13.6131 -17.2186 -18.5521 -18.6423 -15.5583 -16.9407 -23.5807 -13.6583 -15.36 -27.0323 -8.97963 -13.8219 -30.2916 -4.1512 -12.2978 -33.7524 0.539428 -10.6974 -36.953 5.38665 -9.11012 -36.9073 9.80964 -7.52894 -36.5192 14.218 -5.97914 -36.4158 18.6533 -4.33717 -35.9058 23.0268 -2.35911 -32.9322 26.463 -0.397042 -29.6543 29.6204 1.54104 -26.5946 33.0037 3.55453 -23.2727 36.0818 6.04097 -17.9012 36.2325 8.47166 -12.5064 36.0144 10.8687 -7.09239 36.0773 13.3867 -1.73602 35.9043 16.0081 1.9689 31.5603 18.515 5.53308 27.0348 21.0736 9.28219 22.6914 23.6409 12.7737 18.1434 25.1209 12.769 13.6333 26.4756 12.4128 9.09787 27.9196 12.3112 4.57722 29.254 11.8967 0.0408807 29.6348 8.96691 -4.59963 29.8666 5.7916 -9.08599 30.2506 2.78537 -13.6772 30.4088 -0.397111 -18.1616 28.6087 -4.50803 -20.8179 26.6195 -8.67698 -23.2386 24.849 -12.8322 -25.8456 22.7687 -16.9619 -28.257 17.3944 -20.6365 -28.0105 11.9216 -24.1358 -27.5083 6.57756 -27.8506 -27.2124 0.221651 0.176827 0.117069 0.0912968 0.192205 0.115495 0.0495822 -0.0144847 -0.134273 -0.184498 -0.197254 -0.232137 -0.41093 -0.466142 -0.478755 -0.507922 -0.949385 -1.03285 -1.1328 -1.1908 -1.78235 -1.74022 -1.72094 -1.7036 -1.89255 -1.85069 -1.84395 -1.82726 -1.58008 -1.36823 -1.14672 -0.976846 -0.119941 -0.0894809 -0.146705 -0.282621 0.82699 0.808922 0.88007 1.02741 1.61715 1.61605 1.61099 1.61249 1.59442 1.5687 1.53506 1.50129 1.54417 1.58929 1.65254 1.71005 1.93314 1.94766 1.9432 1.94852 2.01777 1.98948 1.96448 1.95838 1.77971 1.71954 1.65447 1.60916 1.28205 1.28732 1.29462 1.30325 1.18334 1.21321 1.23797 1.23111 1.12142 0.979028 0.816067 0.673409 0.119365 0.00406076 0.000113525 0.135071 -1.27104 -1.22036 -1.32685 -1.46077 -2.31769 -2.27512 -2.25235 -2.23306 -2.32762 -2.25345 -2.20815 -2.15455 -1.8862 -1.7576 -1.667 -1.58155 -0.864086 -0.750553 -0.631324 -0.562867 -0.126308
3.05585 -29.1577 -27.5562 -1.09009 -28.6496 -26.0752 -5.1001 -27.7652 -24.4083 -9.19805 -27.1924 -22.8212 -13.2063 -26.2006 -21.2122 -16.3552 -22.4969 -19.4072 -19.1781 -18.5155 -17.6547 -22.2196 -14.7327 -15.8296 -25.0299 -10.7167 -14.1372 -25.7254 -6.82489 -13.6395 -26.1071 -2.87175 -13.3154 -26.671 1.05064 -12.8969 -26.9442 5.01597 -12.6152 -25.9084 9.17463 -12.9703 -24.5929 13.237 -13.4814 -23.4617 17.3602 -13.9453 -22.0607 21.4001 -14.4061 -17.2996 25.8458 -15.2292 -12.3833 30.1172 -16.0638 -7.61081 34.5364 -16.9627 -2.68281 38.8096 -17.7175 3.34577 39.6397 -16.3097 9.37607 40.2347 -14.7943 15.4061 41.0546 -13.3869 21.4349 41.6251 -11.8564 25.8253 39.1929 -9.42272 30.0451 36.523 -6.937 34.4098 34.0659 -4.48219 38.6012 31.3419 -2.00731 40.3695 26.4091 0.287633 41.8556 21.3529 2.51307 43.6172 16.397 4.76294 45.0238 11.3334 7.02272 42.2008 6.22652 9.00519 39.0676 1.27427 10.9127 36.2254 -3.83953 12.8494 33.0527 -8.74843 14.8025 28.215 -9.44476 16.5933 23.342 -9.71379 18.4038 18.5023 -10.3288 20.2189 13.6192 -10.5639 22.0064 8.9522 -7.09599 23.3902 4.49356 -3.33248 24.6861 -0.0601652 0.267 26.1108 -4.60404 3.95331 27.3299 -7.84978 7.62737 26.246 -10.9851 11.3299 24.9538 -14.155 15.0847 23.9235 -17.3486 18.6785 22.4768 -20.1185 20.4736 17.9201 -22.707 21.9591 13.1502 -25.4409 23.7758 8.58021 -28.0165 25.1356 3.76618 -28.3474 22.5573 -0.963097 -28.3639 19.5857 -5.46802 -28.5922 16.933 -10.1622 -28.6431 13.9292 -14.6453 -27.2308 9.05552 -16.2189 -25.6713 4.10842 -17.3675 -24.1889 -0.781418 -18.8224 -22.6702 -5.73902 -19.9802 -20.9983 -10.6942 -18.1789 -19.3495 -15.5439 -16.0919 -17.6944 -20.4841 -14.2346 -16.0303 -25.3279 -12.1459 -14.4701 -28.6354 -7.3576 -12.9567 -31.7528 -2.42877 -11.4469 -35.082 2.36064 -9.88076 -38.1277 7.31764 -8.51247 -37.7911 11.8008 -7.177 -37.0912 16.2518 -5.85514 -36.6976 20.7442 -4.46097 -35.867 25.1544 -2.86673 -32.4889 28.4116 -1.30398 -28.8116 31.344 0.238318 -25.3429 34.5304 1.86229 -21.6341 37.3891 4.00822 -16.1221 37.1229 6.11616 -10.6263 36.48 8.17546 -5.08747 36.1044 10.3695 0.382313 35.5308 13.1291 3.97897 31.1815 15.8079 7.42992 26.6667 18.5118 11.0625 22.3123 21.2469 14.4524 17.7853 23.104 14.5159 13.4174 24.8738 14.2538 9.02062 26.7145 14.2352 4.64535 28.4545 13.9049 0.241472 29.3282 11.0679 -4.39008 30.0485 7.98352 -8.88799 30.9318 5.08006 -13.4764 31.5673 1.9737 -17.972 30.0045 -2.19539 -20.6872 28.2216 -6.42805 -23.1575 26.6799 -10.6441 -25.8118 24.8047 -14.8361 -28.283 19.4304 -18.519 -28.2373 13.9397 -22.0131 -27.9361 8.58866 -25.7277 -27.8152 0.331558 0.267823 0.210752 0.187863 0.260214 0.186811 0.122212 0.0535832 -0.0846521 -0.137766 -0.149443 -0.187476 -0.37806 -0.437097 -0.452396 -0.4859 -0.904986 -0.970641 -1.05015 -1.09735 -1.58441 -1.54516 -1.52484 -1.5067 -1.65813 -1.62749 -1.62743 -1.61735 -1.40655 -1.21752 -1.01766 -0.863356 -0.089214 -0.0565475 -0.103542 -0.219115 0.805574 0.804536 0.877032 1.02078 1.6095 1.60763 1.60207 1.60545 1.59946 1.57738 1.54553 1.51446 1.57319 1.61611 1.67504 1.73074 1.94855 1.95827 1.94924 1.95311 1.99777 1.97018 1.94554 1.93894 1.75073 1.69186 1.62629 1.57995 1.25357 1.25552 1.26081 1.26878 1.13261 1.16215 1.18968 1.17992 1.03518 0.873695 0.693502 0.535528 -0.0965414 -0.205029 -0.194496 -0.0492345 -1.44649 -1.37689 -1.47567 -1.60116 -2.41025 -2.37257 -2.35776 -2.33875 -2.4393 -2.35972 -2.31153 -2.25353 -1.97359 -1.84356 -1.7557 -1.6658 -0.94205 -0.804745 -0.661983 -0.599441 -0.376106
5.81417 -26.2749 -30.6809 1.58213 -26.0682 -29.3819 -2.54529 -25.5028 -27.8701 -6.73718 -25.2492 -26.4546 -10.8686 -24.5676 -25.0034 -14.321 -21.1168 -23.253 -17.462 -17.3655 -21.5346 -20.8195 -13.8347 -19.7593 -23.9388 -10.0408 -18.0961 -24.7923 -6.19051 -17.5265 -25.3081 -2.26056 -17.1175 -26.0261 1.62787 -16.6248 -26.419 5.57454 -16.2414 -25.353 9.7384 -16.3796 -23.9719 13.8018 -16.6551 -22.7925 17.9301 -16.9026 -21.3311 21.9696 -17.1087 -16.3862 26.2882 -17.1899 -11.2826 30.4186 -17.2622 -6.30787 34.7013 -17.4179 -1.21276 38.8431 -17.409 4.50678 39.6974 -15.0486 10.2071 40.3312 -12.5748 15.923 41.1705 -10.2002 21.6259 41.7901 -7.72894 25.8272 39.6486 -4.74945 29.8914 37.2924 -1.74211 34.0672 35.1496 1.27213 38.1153 32.7171 4.24011 40.2037 27.8059 6.30033 42.0521 22.7451 8.2232 44.161 17.8264 10.2444 45.9107 12.733 12.1733 43.3897 7.135 12.709 40.5367 1.68617 13.0963 38.0138 -3.91815 13.5502 35.0924 -9.32468 14.011 30.0656 -10.475 14.7198 24.9624 -11.1477 15.495 19.9159 -12.2046 16.2107 14.811 -12.8438 17.0015 10.0552 -9.51427 18.4223 5.55488 -5.85717 19.8697 0.924466 -2.392 21.3777 -3.66833 1.18682 22.7268 -6.7143 5.14144 22.187 -9.63262 9.16728 21.4911 -12.5811 13.2082 21.0599 -15.5823 17.1314 20.161 -18.3009 19.4512 15.8153 -20.8445 21.4492 11.2113 -23.5213 23.8166 6.86514 -26.061 25.6544 2.19297 -26.4298 23.0559 -2.52231 -26.4555 19.9836 -6.95912 -26.7037 17.2815 -11.624 -26.7807 14.1905 -16.0471 -25.481 9.18233 -17.2518 -24.0422 4.11995 -17.9778 -22.6694 -0.904573 -19.0238 -21.2788 -5.97293 -19.8001 -19.854 -10.9387 -17.8241 -18.4567 -15.803 -15.5926 -17.0502 -20.7525 -13.5633 -15.6366 -25.6157 -11.3396 -14.2773 -29.1744 -6.67168 -12.9515 -32.5761 -1.87875 -11.6372 -36.1794 2.76777 -10.2633 -39.4914 7.60958 -9.02302 -39.2532 12.1361 -7.81341 -38.6291 16.634 -6.61314 -38.3456 21.1687 -5.35542 -37.5659 25.6288 -4.02441 -34.0108 28.8149 -2.74497 -30.1341 31.6253 -1.46944 -26.4786 34.7194 -0.133506 -22.5768 37.4681 1.53051 -16.9205 36.9245 3.14983 -11.3019 35.9923 4.72103 -5.6332 35.3157 6.42983 -0.0255264 34.482 9.03175 3.81247 30.2431 11.5801 7.51944 25.8576 14.1244 11.39 21.6134 16.7349 15.046 17.2219 18.8995 15.5318 13.0254 21.0353 15.7202 8.79051 23.2055 16.1389 4.58968 25.3115 16.2494 0.337256 26.8698 13.8687 -4.37097 28.2974 11.2267 -8.98021 29.8795 8.78936 -13.6514 31.2118 6.10451 -18.2644 30.1997 1.98902 -21.3032 28.9388 -2.22485 -24.1051 27.9441 -6.3888 -27.0832 26.5839 -10.5709 -29.8861 21.4709 -14.5941 -30.2304 16.2094 -18.4358 -30.3004 11.1123 -22.4858 -30.5528 0.496529 0.412687 0.344475 0.319864 0.403167 0.332299 0.2712 0.204387 0.0676936 0.0123265 -0.00105748 -0.0425347 -0.233561 -0.293488 -0.309003 -0.342261 -0.72439 -0.773309 -0.835227 -0.874319 -1.2482 -1.208 -1.18199 -1.15855 -1.25841 -1.24152 -1.25394 -1.25637 -1.10417 -0.956641 -0.798683 -0.672823 -0.0621733 -0.0359674 -0.0742265 -0.160431 0.675297 0.711794 0.799221 0.941119 1.53766 1.53169 1.51932 1.5196 1.53192 1.51539 1.49047 1.46821 1.55347 1.6017 1.66011 1.71632 1.95626 1.96124 1.94587 1.95058 1.97811 1.94801 1.92145 1.91489 1.69521 1.63758 1.5705 1.52311 1.17728 1.17832 1.1819 1.18933 1.03323 1.06355 1.09325 1.08095 0.910604 0.732778 0.536925 0.365539 -0.318713 -0.42128 -0.393266 -0.22615 -1.65637 -1.57025 -1.67084 -1.79728 -2.60432 -2.57118 -2.56649 -2.54673 -2.67134 -2.58457 -2.53241 -2.46488 -2.192 -2.0517 -1.96086 -1.85964 -1.10346 -0.919675 -0.734643 -0.665109 -0.620678
6.00513 -23.9311 -33.1984 1.91765 -24.551 -31.602 -2.10119 -24.7708 -29.7469 -6.14629 -25.3461 -28.0304 -10.1895 -25.4282 -26.2182 -13.6848 -22.4235 -23.8424 -16.8455 -19.0434 -21.5022 -20.2353 -15.9361 -19.1053 -23.3876 -12.5154 -16.8139 -24.2265 -8.74752 -15.8259 -24.7058 -4.8718 -15.0341 -25.3921 -1.04891 -14.1439 -25.7707 2.84118 -13.3684 -24.7443 7.01173 -13.1536 -23.4131 11.1007 -13.0984 -22.2684 15.2451 -13.0077 -20.8762 19.3121 -12.8772 -16.2359 23.943 -12.5148 -11.4448 28.4179 -12.1515 -6.77625 33.0259 -11.8611 -1.99486 37.5047 -11.4224 3.54853 38.8459 -8.87553 9.09193 39.982 -6.2308 14.6313 41.3205 -3.67378 20.1802 42.433 -1.03066 24.5224 40.5849 1.94316 28.7512 38.5064 4.92828 33.0788 36.6653 7.92757 37.2861 34.4985 10.8799 39.4955 29.5975 12.8355 41.4464 24.5305 14.6371 43.6847 19.628 16.5555 45.524 14.5196 18.3572 42.7939 8.99698 18.5198 39.7002 3.66706 18.5131 36.9538 -1.84921 18.5976 33.8012 -7.144 18.6554 28.6769 -8.04481 18.8107 23.4913 -8.44329 19.0272 18.3466 -9.21836 19.1931 13.1617 -9.61987 19.4176 8.24486 -6.32051 20.2304 3.54875 -2.72486 21.0908 -1.26142 0.702421 22.0064 -6.03562 4.21955 22.7537 -9.27049 7.90051 21.6608 -12.3865 11.6342 20.4124 -15.5583 15.4011 19.4335 -18.7115 19.0257 17.9752 -20.9739 20.8818 13.1696 -22.9935 22.4083 8.14469 -25.2044 24.3125 3.33381 -27.2131 25.6766 -1.74172 -26.8496 22.7518 -6.26227 -26.1571 19.3962 -10.4318 -25.6553 16.3853 -14.8824 -25.0412 13.0008 -19.0406 -23.6745 7.90749 -19.6836 -22.2523 2.7908 -19.8304 -20.841 -2.30949 -20.2993 -19.4575 -7.43454 -20.5096 -18.4878 -12.3204 -18.1052 -17.5864 -17.0978 -15.4676 -16.6717 -21.9635 -13.0013 -15.721 -26.7439 -10.3865 -14.414 -30.3393 -5.73175 -13.1039 -33.801 -0.977682 -11.847 -37.4464 3.65184 -10.475 -40.817 8.45358 -8.76597 -40.742 12.8305 -7.0263 -40.2974 17.1733 -5.31502 -40.1908 21.5487 -3.56197 -39.5765 25.8652 -1.89667 -36.1162 28.998 -0.323274 -32.3192 31.7676 1.30879 -28.7617 34.8081 2.88418 -24.9251 37.5216 3.83576 -19.0959 37.1067 4.65935 -13.286 36.315 5.48616 -7.44793 35.7725 6.42205 -1.6417 35.0846 7.61643 2.87265 30.8819 8.72858 7.2948 26.5603 9.83652 11.8518 22.3801 11.0472 16.2195 18.0299 12.6014 17.3838 13.6985 14.1934 18.2498 9.31127 15.7621 19.3471 4.96766 17.3524 20.1282 0.564038 19.0728 18.3576 -4.35209 20.7502 16.2932 -9.1675 22.516 14.4599 -14.0445 24.1085 12.3437 -18.8662 23.9196 8.30455 -22.1594 23.5356 4.10555 -25.2283 23.3881 0.0211638 -28.4676 22.8936 -4.16824 -31.5336 18.7646 -9.17577 -32.102 14.4614 -14.0594 -32.3846 10.3702 -19.1051 -32.8832 0.381469 0.311865 0.23402 0.207212 0.351203 0.279194 0.22383 0.167851 0.0651671 0.011542 -0.00572527 -0.0463033 -0.209444 -0.261685 -0.273958 -0.299839 -0.622482 -0.67083 -0.732502 -0.771408 -1.11162 -1.07658 -1.05147 -1.02499 -1.13628 -1.1177 -1.12879 -1.13063 -0.990963 -0.844434 -0.69063 -0.567533 0.0325718 0.0588062 0.0249091 -0.0468491 0.704993 0.735438 0.813938 0.939478 1.44898 1.44927 1.44492 1.44814 1.44083 1.41689 1.3836 1.3518 1.43409 1.50085 1.58413 1.66055 1.97255 1.98579 1.9682 1.97642 2.0413 2.00537 1.97318 1.97081 1.72391 1.66884 1.60207 1.55536 1.19632 1.20806 1.21789 1.22899 1.11487 1.15076 1.18025 1.17397 1.03864 0.861346 0.653407 0.471046 -0.169496 -0.301522 -0.285597 -0.0794038 -1.78891 -1.66858 -1.77377 -1.91786 -2.80136 -2.76207 -2.75946 -2.73257 -2.8519 -2.76189 -2.70836 -2.62907 -2.36179 -2.19446 -2.08546 -1.97093 -1.13891 -0.965527 -0.801181 -0.724148 -0.355563
13.6649 -23.3378 -34.1394 9.94006 -24.8172 -32.2481 6.23123 -25.8882 -30.0713 2.54632 -27.3136 -28.0638 -1.21069 -28.2533 -25.9097 -4.8382 -26.0627 -22.921 -8.18822 -23.4385 -19.9575 -11.7144 -21.1281 -16.9378 -15.0809 -18.4594 -14.0336 -16.4413 -14.9608 -12.697 -17.4946 -11.2794 -11.5943 -18.7151 -7.68909 -10.3702 -19.7023 -3.98012 -9.29946 -19.6058 0.304578 -8.945 -19.2503 4.58763 -8.7917 -19.0556 8.87897 -8.58712 -18.6406 13.1532 -8.35347 -15.5442 18.9305 -7.97325 -12.2872 24.6197 -7.60185 -9.19195 30.4032 -7.31294 -5.90975 36.071 -6.8453 -0.82073 38.3903 -4.0637 4.31913 40.4506 -1.17376 9.39733 42.7715 1.62613 14.5584 44.7893 4.50805 19.0086 42.9027 7.29194 23.34 40.6926 10.0247 27.76 38.7639 12.8278 32.0918 36.5012 15.5164 34.6639 31.4978 16.5532 36.9867 26.3362 17.3829 39.5688 21.3261 18.3615 41.8109 16.1313 19.2055 39.855 10.3398 18.4229 37.5575 4.69442 17.5115 35.6137 -1.09078 16.6557 33.2309 -6.71111 15.8125 28.2864 -8.33775 15.7839 23.2108 -9.48724 15.8952 18.2369 -11.0223 15.9051 13.1544 -12.1409 16.0115 8.03969 -9.23286 17.062 3.15826 -5.97494 18.1932 -1.85725 -2.94929 19.3814 -6.80786 0.250708 20.3675 -9.63856 4.23092 19.2044 -12.2591 8.2956 17.8556 -15.0135 12.3666 16.8315 -17.6605 16.3236 15.2374 -18.6447 18.4211 10.1102 -19.3062 20.1159 4.78587 -20.2045 22.2661 -0.335504 -20.882 23.7789 -5.7121 -19.702 20.5204 -9.8487 -18.3033 16.7798 -13.4786 -16.9991 13.4086 -17.4858 -15.6941 9.66066 -21.1427 -14.697 4.44616 -20.949 -13.7747 -0.736562 -20.2326 -12.7908 -5.94248 -19.839 -11.8732 -11.1381 -19.2165 -11.7544 -15.8146 -16.2653 -11.7302 -20.3671 -13.1241 -11.6885 -25.0223 -10.1373 -11.5955 -29.5781 -7.00203 -10.9862 -32.6894 -1.87855 -10.3545 -35.6507 3.33034 -9.78724 -38.8334 8.41456 -9.10232 -41.6768 13.6819 -7.90117 -40.7869 18.1371 -6.66028 -39.4748 22.4756 -5.44009 -38.5368 26.9158 -4.2079 -37.0605 31.2035 -3.1839 -32.8701 33.6435 -2.25148 -28.415 35.6046 -1.25855 -24.1353 37.8986 -0.324224 -19.6682 39.8312 0.0156225 -13.9406 38.3693 0.258926 -8.31039 36.5523 0.483261 -2.61433 34.9507 0.827806 3.04849 33.2552 2.1159 7.2172 28.7351 3.36089 11.2906 24.1171 4.56271 15.4965 19.6078 5.9075 19.5245 14.9781 7.96082 20.5946 10.8344 10.1042 21.3933 6.67504 12.1951 22.4039 2.53516 14.3338 23.1191 -1.64161 16.8823 21.4339 -6.21642 19.4031 19.4734 -10.6959 21.9957 17.7386 -15.2272 24.4393 15.7138 -19.7208 25.1198 11.6672 -22.9391 25.5931 7.44898 -25.969 26.2992 3.37579 -29.1482 26.678 -0.858676 -32.1685 23.5321 -6.52785 -32.8092 20.1856 -12.106 -33.1735 17.0744 -17.7982 -33.7768 0.331452 0.282784 0.196064 0.161347 0.369677 0.296664 0.253311 0.210048 0.126972 0.0611902 0.0259535 -0.0326316 -0.179546 -0.221513 -0.214068 -0.219144 -0.468699 -0.520089 -0.59092 -0.642584 -0.97536 -0.952987 -0.933121 -0.908486 -1.05863 -1.04372 -1.05554 -1.06041 -1.01931 -0.903919 -0.781699 -0.684223 -0.26079 -0.230755 -0.257929 -0.324796 0.385798 0.451998 0.556232 0.704037 1.29879 1.3001 1.29537 1.30231 1.305 1.28208 1.24537 1.21125 1.38517 1.49546 1.62086 1.73763 2.25616 2.27229 2.23627 2.25017 2.34553 2.29739 2.25163 2.24957 1.91531 1.85158 1.77045 1.71361 1.25327 1.27026 1.28571 1.30111 1.13681 1.17879 1.21969 1.2115 1.00595 0.790972 0.5475 0.336728 -0.471063 -0.59537 -0.560181 -0.339509 -2.02796 -1.8617 -1.93691 -2.05371 -2.79659 -2.76507 -2.77722 -2.75031 -2.86468 -2.76651 -2.70663 -2.61077 -2.31923 -2.12394 -1.99844 -1.87193 -0.965009 -0.823013 -0.699253 -0.615363 0.0707197
17.2525 -14.5844 -40.8922 14.0014 -16.9712 -39.0555 10.7526 -19.001 -36.8271 7.54781 -21.3537 -34.8689 4.23431 -23.2516 -32.6202 0.989261 -22.1194 -28.7372 -1.98045 -20.5085 -24.8032 -5.10204 -19.2667 -20.853 -8.13119 -17.587 -16.994 -9.52946 -14.4387 -14.9915 -10.6591 -11.0223 -13.2798 -11.9223 -7.74128 -11.4044 -13.0374 -4.29146 -9.75126 -13.4129 -0.0524919 -9.13219 -13.5958 4.23165 -8.80549 -13.902 8.50163 -8.39505 -14.0452 12.778 -7.96234 -12.2843 19.0796 -7.41526 -10.3968 25.3462 -6.88731 -8.67933 31.6711 -6.48934 -6.72909 37.9033 -5.80305 -2.63233 40.5215 -1.88191 1.52722 42.7906 2.18793 5.60458 45.401 6.13441 9.79864 47.6195 10.1964 13.4252 45.2168 13.6875 16.9008 42.4088 17.0266 20.4713 39.8993 20.5004 23.9755 37.0984 23.8153 26.1154 31.9152 24.9468 28.0662 26.6093 25.8231 30.2146 21.4131 26.8765 32.1094 16.092 27.7823 30.6624 10.1893 26.7603 28.962 4.38118 25.5966 27.5798 -1.52883 24.5287 25.7519 -7.30465 23.3991 21.0194 -9.3014 22.5562 16.0997 -10.8324 21.8158 11.3334 -12.7699 21.026 6.39829 -14.2312 20.2492 1.24421 -11.2332 19.8404 -3.65654 -7.82768 19.5142 -8.74729 -4.70604 19.2678 -13.67 -1.3543 18.7649 -15.3089 2.71762 16.3276 -16.5727 6.82369 13.7292 -18.1556 10.9917 11.4205 -19.3673 14.9651 8.60099 -17.4834 16.3707 3.48917 -15.2334 17.2724 -1.5885 -13.2494 18.6844 -6.66081 -11.0275 19.4412 -11.7741 -8.23304 15.608 -14.3469 -5.52209 11.3852 -16.3325 -2.69799 7.452 -18.7156 -0.0419333 3.2333 -20.7822 0.664508 -1.90738 -19.6431 1.10575 -6.97703 -18.1172 1.70484 -12.0943 -16.8214 2.20199 -17.1816 -15.3734 1.50178 -21.748 -12.3318 0.681727 -26.2149 -9.17477 -0.109433 -30.7818 -6.15627 -0.850447 -35.2309 -2.95471 -1.12924 -37.8807 2.44918 -1.37776 -40.3459 7.94116 -1.67075 -43.0914 13.2962 -1.90034 -45.402 18.8556 -1.69785 -43.6148 23.197 -1.46511 -41.347 27.3064 -1.22991 -39.4676 31.6072 -1.03269 -37.0759 35.6473 -1.10386 -32.381 37.2327 -1.21949 -27.5339 38.2601 -1.3047 -22.7747 39.641 -1.41894 -17.9324 40.6912 -1.82476 -12.4362 38.5269 -2.26044 -7.06715 36.0686 -2.74769 -1.63175 33.771 -3.11696 3.79554 31.4324 -1.86012 8.17243 27.1045 -0.600463 12.4696 22.6982 0.57827 16.8747 18.377 1.92687 21.1355 13.9618 4.27174 22.6845 10.1364 6.74631 23.9987 6.30474 9.15026 25.5003 2.4971 11.6119 26.7319 -1.37001 14.6285 25.7866 -5.87226 17.6268 24.5734 -10.3222 20.6895 23.5764 -14.782 23.612 22.3028 -19.2654 24.7486 18.9196 -23.0678 25.6704 15.3455 -26.752 26.8152 11.9456 -30.537 27.6627 8.33797 -34.2063 25.1735 2.59686 -36.0203 22.4721 -3.1254 -37.5711 20.0083 -8.87379 -39.3962 -0.204441 -0.197425 -0.299818 -0.327857 0.0372904 -0.0428595 -0.0834626 -0.111449 -0.1543 -0.225424 -0.272519 -0.341542 -0.473791 -0.507272 -0.485778 -0.473995 -0.641369 -0.674855 -0.732087 -0.783248 -0.975001 -0.946958 -0.91373 -0.881335 -0.905346 -0.900035 -0.919507 -0.931468 -0.857646 -0.767161 -0.660925 -0.573798 -0.220026 -0.198978 -0.228532 -0.294145 0.310477 0.363777 0.455007 0.591935 1.08088 1.10144 1.12457 1.15375 1.1169 1.08093 1.01631 0.946547 1.26497 1.46154 1.68322 1.87667 2.86608 2.87852 2.79665 2.80816 2.9967 2.93058 2.86121 2.85456 2.46344 2.37933 2.2719 2.19863 1.60007 1.61349 1.62847 1.64218 1.37343 1.41535 1.4701 1.45443 1.13463 0.873592 0.593405 0.350432 -0.633209 -0.721389 -0.640022 -0.381556 -2.00838 -1.83408 -1.92165 -2.04271 -2.78378 -2.76077 -2.78758 -2.76332 -2.93279 -2.83477 -2.77629 -2.67548 -2.47378 -2.286 -2.17036 -2.05198 -1.2777 -1.14816 -1.05519 -0.952479 0.62689
20.1425 -2.33897 -45.5968 18.0481 -5.81846 -43.823 15.9779 -9.05205 -41.6096 13.971 -12.5245 -39.7242 11.7931 -15.6553 -37.4675 9.29334 -16.2095 -32.9583 6.95949 -16.2731 -28.3279 4.5775 -16.7332 -23.7449 2.13693 -16.7054 -19.1698 0.424661 -14.3985 -16.4088 -1.15897 -11.6968 -13.9449 -2.79259 -9.20724 -11.2971 -4.40788 -6.44477 -8.92298 -5.80844 -2.52106 -7.85746 -7.09501 1.52634 -7.18147 -8.46086 5.5208 -6.36101 -9.72521 9.55709 -5.58338 -10.3569 16.0888 -5.36607 -10.9087 22.6298 -5.22354 -11.6016 29.1592 -5.22481 -12.0813 35.6974 -4.85699 -9.87143 39.4453 -0.37565 -7.51074 42.844 4.30298 -5.31352 46.6084 8.77672 -2.91505 49.9296 13.4913 -0.00940997 47.9228 17.8088 2.83062 45.3867 21.8851 5.7096 43.2226 26.1444 8.57006 40.7265 30.2308 10.5858 35.5823 31.7134 12.457 30.302 32.8722 14.4731 25.1327 34.265 16.314 19.8496 35.4585 15.7825 13.9084 33.9095 15.072 8.04117 32.1628 14.6101 2.09649 30.6049 13.7783 -3.74739 28.8344 10.1292 -6.2578 26.0999 6.24741 -8.3544 23.3374 2.54284 -10.8189 20.6358 -1.3415 -12.8406 17.8218 -5.78317 -10.5006 14.5789 -10.0578 -7.73752 11.446 -14.5399 -5.28588 8.34415 -18.7226 -2.55651 5.06149 -18.7793 1.12671 1.64992 -18.3683 4.83288 -1.71238 -18.3973 8.61413 -5.01561 -17.8061 12.1712 -8.50923 -13.2915 13.248 -11.6903 -8.46942 13.8669 -14.5236 -3.7644 14.8594 -17.4464 0.906369 15.5217 -20.514 4.73364 11.7187 -20.3747 8.54956 7.93447 -19.8764 12.5031 4.26776 -19.6439 16.1599 0.324016 -19.1949 16.7638 -4.51266 -17.0812 16.9285 -9.3057 -14.795 17.3273 -14.1315 -12.6088 17.5538 -18.9268 -10.3329 15.9011 -23.254 -7.30983 14.0647 -27.4863 -4.25866 12.3211 -31.8156 -1.29018 10.5407 -36.0196 1.83243 8.00912 -38.4217 6.74397 5.43689 -40.6498 11.716 2.89122 -43.1332 16.5794 0.32497 -45.223 21.6139 -1.49013 -43.4249 25.558 -3.24147 -41.1984 29.3077 -5.04432 -39.3341 33.2266 -6.77879 -36.9705 36.899 -7.83131 -32.3238 38.2633 -8.71063 -27.5216 39.1174 -9.70161 -22.8132 40.3059 -10.5799 -18.011 41.1607 -10.5136 -12.6016 38.7541 -10.3614 -7.33536 36.0518 -10.3035 -1.99123 33.503 -10.1371 3.33388 30.9193 -8.41183 7.64642 26.6893 -6.67181 11.8813 22.3874 -4.9926 16.1966 18.1418 -3.19413 20.4212 13.854 -0.858338 22.5982 10.3417 1.57787 24.6395 6.81609 3.95772 26.7946 3.31982 6.39349 28.7634 -0.246994 9.48818 29.3591 -4.75611 12.591 29.7594 -9.28124 15.7231 30.3486 -13.7654 18.773 30.6446 -18.3342 20.4775 28.449 -22.7467 22.0001 26.0058 -27.0953 23.6969 23.8125 -31.512 25.163 21.2806 -35.829 24.0194 15.4192 -38.4335 22.6622 9.47771 -40.7364 21.515 3.61365 -43.333 0.301854 0.257055 0.0316169 -0.0677353 0.422815 0.309553 0.280774 0.275542 0.254096 0.170663 0.110297 0.0164928 -0.121579 -0.1398 -0.0773535 -0.0264172 -0.0920233 -0.0675762 -0.0740049 -0.0909358 -0.0544194 0.0207357 0.119658 0.216962 0.390167 0.425384 0.437891 0.459297 0.601765 0.71311 0.85058 0.979792 1.28607 1.35705 1.39531 1.41555 1.8436 1.94929 2.10399 2.28844 2.62229 2.75841 2.91365 3.06581 3.01454 3.05227 3.04495 2.90527 2.82681 2.3301 1.5882 0.752428 1.59333 1.13743 0.93345 0.990597 1.37606 1.38254 1.37078 1.44216 1.11529 1.07239 0.992654 0.973336 0.245649 0.326307 0.416204 0.515303 0.0796864 0.177859 0.302029 0.318283 -0.117619 -0.344574 -0.558994 -0.75422 -1.84812 -1.84919 -1.70249 -1.42376 -2.84784 -2.68909 -2.77599 -2.87488 -3.66573 -3.63745 -3.65294 -3.61323 -3.89515 -3.77239 -3.69122 -3.5629 -3.42361 -3.20739 -3.06812 -2.899 -2.03336 -1.67555 -1.37072 -1.15407 0.441407
27.7835 4.19876 -46.058 26.469 0.236801 -44.567 25.8419 -3.7327 -42.6969 25.1023 -7.83214 -41.1825 24.0383 -11.6771 -39.2521 22.1398 -13.3724 -34.7337 20.3039 -14.5642 -30.0324 18.5066 -16.1609 -25.4375 16.5326 -17.2123 -20.7591 14.667 -15.4143 -17.7319 12.8524 -13.1087 -15.0357 11.0451 -11.0712 -12.127 9.15119 -8.69912 -9.5457 7.13526 -5.02295 -8.58976 5.20817 -1.20674 -8.12429 3.25767 2.56599 -7.44871 1.28226 6.34473 -6.88844 -1.89689 12.0084 -7.84988 -5.08129 17.6472 -8.934 -8.25803 23.2661 -10.1376 -11.4416 28.9467 -10.9799 -13.7635 32.9939 -6.82762 -15.9915 36.8093 -2.41253 -18.3597 40.8773 1.69307 -20.5181 44.63 6.19514 -19.9128 43.8722 11.6879 -19.0168 42.6159 17.0482 -18.3144 41.7262 22.5097 -17.454 40.4842 27.879 -15.3536 36.2046 31.0408 -13.1838 31.7256 33.8615 -11.0177 27.4218 36.9454 -8.90721 22.9253 39.7831 -7.71548 16.9155 39.1176 -6.62723 10.9246 38.1666 -5.40678 4.91789 37.5268 -4.377 -1.06858 36.4879 -5.42449 -4.33003 32.5686 -6.68589 -7.22125 28.4278 -7.81189 -10.4294 24.4863 -9.04154 -13.2666 20.2991 -10.7948 -12.143 14.6969 -12.5156 -10.5946 9.18652 -14.3694 -9.33297 3.64628 -15.953 -7.84644 -1.92186 -14.5812 -5.02033 -5.83853 -12.914 -2.08369 -9.55426 -11.5772 0.878232 -13.3819 -9.69731 3.64837 -17.1238 -4.50453 4.70728 -19.0148 0.874796 5.48552 -20.4717 6.1744 6.54737 -22.0381 11.4675 7.30986 -23.7901 15.5062 4.1255 -22.1527 19.5103 1.08301 -20.1924 23.6752 -1.88571 -18.4688 27.525 -5.15252 -16.5624 28.0576 -9.4917 -13.5434 28.115 -13.8103 -10.4492 28.4521 -18.1443 -7.39477 28.5287 -22.469 -4.30968 26.0712 -26.3499 -1.22836 23.3749 -30.1186 1.79183 20.8503 -33.9957 4.82328 18.1591 -37.7333 7.88637 13.3583 -39.631 10.9934 8.45321 -41.3563 14.0375 3.63684 -43.3054 17.0879 -1.27362 -44.9273 20.1793 -5.22392 -43.2199 22.0671 -9.10268 -41.1881 23.7735 -13.0676 -39.4529 25.6046 -16.8746 -37.2739 27.2902 -19.1346 -32.8769 27.6376 -21.0286 -28.2976 27.7169 -23.1764 -23.8382 27.9716 -25.0362 -19.2448 28.0451 -24.2133 -13.6618 26.2533 -23.1169 -8.18364 24.292 -22.1995 -2.64366 22.414 -21.1584 2.8689 20.5197 -18.0834 7.51838 17.6224 -14.9432 12.0847 14.6633 -11.8634 16.7244 11.7556 -8.71977 21.2872 8.79475 -5.84612 23.9173 6.08242 -2.92866 26.4471 3.32178 -0.0421819 29.073 0.618943 2.88613 31.5217 -2.2026 6.35133 32.7678 -6.28978 9.79302 33.8266 -10.4491 13.2531 35.0758 -14.5398 16.6846 36.0018 -18.7389 19.1015 34.1841 -22.9878 21.3524 32.0765 -27.194 23.713 30.2255 -31.4605 25.9493 27.9956 -35.6111 26.4929 22.1139 -38.362 26.8276 16.1001 -40.8484 27.4958 10.1486 -43.4163 4.36148 3.40833 2.32674 1.81649 2.15214 1.94086 1.89767 1.89105 1.83963 1.73982 1.67579 1.56226 1.39051 1.38623 1.48747 1.5727 1.64474 1.74792 1.79603 1.78118 2.33651 2.38974 2.50142 2.61764 3.02323 2.98419 2.94061 2.90223 2.98927 3.03901 3.13804 3.22911 3.36473 3.34986 3.30522 3.25227 3.2419 3.23814 3.28909 3.35725 3.24191 3.3358 3.45894 3.56367 3.23085 3.16275 3.04595 2.78197 2.48446 1.95164 1.21018 0.283081 1.65037 1.01285 0.657355 0.643804 1.01411 0.954658 0.867289 0.884817 0.505817 0.361825 0.158207 0.052794 -0.922912 -0.936681 -0.920254 -0.854305 -1.74515 -1.67879 -1.57071 -1.61826 -2.33383 -2.58634 -2.80074 -3.02811 -4.15557 -4.11046 -3.95107 -3.70895 -4.80714 -4.76794 -4.93642 -5.07866 -6.07029 -6.05859 -6.0817 -6.05042 -6.44762 -6.30788 -6.21785 -6.07488 -5.92674 -5.69073 -5.51639 -5.21926 -4.00419 -3.01382 -2.37728 -2.85362 -6.04432
28.8871 9.34039 -46.5249 29.1415 5.44704 -44.423 29.4816 1.72472 -42.0419 29.9379 -2.12686 -39.8977 30.0672 -5.84078 -37.4832 28.5681 -8.15982 -33.0939 26.9258 -10.1088 -28.5777 25.4332 -12.3347 -24.1382 23.6808 -14.217 -19.6353 21.3155 -13.7674 -16.4603 18.8245 -12.9255 -13.4663 16.4152 -12.2964 -10.3554 13.8607 -11.3647 -7.44282 10.8113 -9.06176 -5.47051 7.77437 -6.50299 -3.82018 4.72885 -4.0651 -2.01026 1.68647 -1.51684 -0.353466 -2.64061 3.4073 0.0163771 -6.92562 8.37763 0.224557 -11.2191 13.3401 0.450256 -15.5293 18.2825 0.775419 -19.9287 22.1181 2.99899 -24.3396 25.8971 5.29574 -28.7394 29.798 7.40189 -33.1504 33.4968 9.82525 -36.233 33.5276 14.4738 -39.161 33.2042 19.2104 -42.2687 33.233 23.8423 -45.1163 32.8076 28.6193 -44.9725 28.7636 32.6626 -44.4784 24.4579 36.3965 -44.288 20.3777 40.4016 -43.7561 16.0475 44.1017 -40.134 11.0837 43.6338 -36.3423 6.30959 42.7339 -32.6717 1.38872 42.194 -28.8974 -3.39706 41.2839 -25.5852 -4.92568 37.5707 -22.361 -6.06886 33.6473 -19.0678 -7.4629 29.8647 -15.8452 -8.64747 25.9523 -13.2577 -7.40078 20.7108 -10.7894 -5.92749 15.4706 -8.29759 -4.54556 10.2166 -5.74035 -3.17615 4.99096 -2.98086 -2.13507 0.92773 -0.166121 -1.09688 -3.09817 2.55515 0.0475065 -7.15938 5.44779 0.931431 -11.1668 9.97594 -0.331657 -14.2586 14.5846 -1.78094 -17.143 19.1466 -2.98678 -20.2078 23.7333 -4.57103 -23.0557 27.2148 -8.68965 -22.856 30.4914 -12.9399 -22.2863 33.975 -17.0521 -22.0055 37.1787 -21.3548 -21.4165 37.4019 -25.7511 -18.4424 37.2496 -29.9926 -15.2468 37.3842 -34.3527 -12.2142 37.2061 -38.5874 -9.01107 34.3002 -40.9666 -4.9505 31.1528 -43.0606 -0.91275 28.1734 -45.3824 3.12796 25.0477 -47.4676 7.18705 20.3335 -46.6248 10.8433 15.5673 -45.5539 14.3704 10.8272 -44.6865 17.9872 6.07798 -43.5834 21.527 2.61414 -40.8491 23.1428 -0.785425 -37.9333 24.5662 -4.24256 -35.1581 26.1257 -7.6015 -32.1728 27.5005 -10.216 -27.963 27.5753 -12.6541 -23.65 27.4379 -15.2159 -19.4071 27.4471 -17.6093 -15.071 27.2603 -18.5643 -9.61888 25.1573 -19.3312 -4.20413 22.8872 -20.2402 1.22341 20.7015 -21.0145 6.65971 18.4858 -19.5998 11.4804 14.7137 -18.1291 16.2175 10.858 -16.7291 21.0283 7.06785 -15.2263 25.7582 3.21585 -13.2565 28.442 -0.167909 -11.2004 31.0034 -3.59491 -9.2084 33.6663 -6.98216 -7.11712 36.1531 -10.4426 -4.0709 37.4167 -14.8459 -0.979606 38.4829 -19.2699 2.05709 39.7406 -23.6815 5.19002 40.6839 -28.1042 8.3934 38.8504 -31.7884 11.5474 36.7156 -35.3512 14.7134 34.835 -39.0443 17.8948 32.6229 -42.5348 20.7221 26.8651 -43.6772 23.3815 20.9799 -44.5379 26.2213 15.209 -45.5774 3.6371 3.10992 2.47844 1.92951 1.88128 1.67408 1.6739 1.66764 1.55494 1.4096 1.29378 1.102 0.888601 0.832806 0.910725 0.965063 0.991318 1.06191 1.0856 1.01732 1.70883 1.80207 1.96609 2.07455 2.96451 2.81336 2.67981 2.54503 2.58439 2.457 2.42341 2.39717 2.0303 1.91717 1.82834 1.75727 0.940233 0.849292 0.767979 0.704807 0.106431 0.299915 0.520981 0.709601 0.577442 0.473473 0.24321 -0.0269296 0.39676 0.600976 0.940943 1.21665 2.76806 2.73418 2.57925 2.57274 2.76874 2.67987 2.55439 2.5382 1.98145 1.7737 1.5086 1.35326 0.221511 0.231541 0.264723 0.316255 -0.311282 -0.259611 -0.196632 -0.253629 -0.841856 -1.17623 -1.5127 -1.83054 -3.07331 -3.12757 -3.01655 -2.74764 -4.32332 -4.21108 -4.36942 -4.53234 -5.50638 -5.49867 -5.53615 -5.51091 -5.81327 -5.69555 -5.62125 -5.469 -5.24512 -4.91519 -4.63728 -4.25238 -2.84426 -1.74144 -0.821883 -0.390569 -6.94818
