Optimization finished after 649501 iterations.
NEB Energy: 0.662556
Max NEB Force: 0.00374221
Optimization took: 27819366 ms
Energies: 
0.627554, 0.662764, 0.683201, 0.698818, 0.699608, 0.677007, 0.644558, 0.6409, 0.661051, 0.664752, 0.67919, 0.685644, 0.701988, 0.72032, 0.759014, 0.779962, 0.832566, 0.82852, 0.819032, 0.77277, 0.62572, 
NEB Forces: 
0, 0.00193973, 0.00222584, 0.00249819, 0.00240805, 0.00167785, 0.00121849, 0.00112212, 0.0013005, 0.00136249, 0.00166812, 0.00180153, 0.00219289, 0.00249278, 0.00295607, 0.00314102, 0.00357565, 0.00374221, 0.00358247, 0.00358643, 0, 
Gradients: 
0.00143905, 0.0019337, 0.00211164, 0.00231826, 0.00221558, 0.00158132, 0.00106411, 0.00102596, 0.00138364, 0.00140119, 0.00176462, 0.00179938, 0.00217238, 0.00242583, 0.00276601, 0.00281281, 0.00322624, 0.00344062, 0.00340965, 0.0036655, 0.00168109, 
