# num_vectors 21
# vector_size 401
# Iterations: 10500, stepsize: 0.027927, max step size: 1.000000, spring constant: 0.001000, global NEB Hessian: false, global NEB Linesearch: true, climbing image: false
-9.64082 -27.2201 -25.3899 -11.9973 -23.4634 -25.3871 -13.929 -19.4944 -24.9622 -15.4142 -15.3975 -24.1408 -16.4884 -11.2514 -22.9912 -17.3026 -6.40534 -21.3235 -17.7348 -1.60684 -19.3957 -17.8455 3.11779 -17.2523 -17.6525 7.73916 -14.8998 -17.2928 11.1951 -12.9435 -16.7511 14.5509 -10.8591 -16.0386 17.7952 -8.65311 -15.1701 20.9181 -6.33074 -14.0654 24.1298 -3.68812 -12.7783 27.1286 -0.882955 -11.2956 29.8501 2.10254 -9.6239 32.2493 5.25971 -6.77791 35.3047 10.3319 -3.7139 37.8251 15.5685 -0.406292 39.7094 20.923 3.2512 40.4262 26.3332 6.96422 39.7211 31.3104 10.7313 37.8919 35.9493 14.4825 35.2174 40.1721 18.1507 31.6655 43.7755 21.2223 27.707 46.2338 23.9907 23.1455 47.8697 26.4135 18.1818 48.6693 28.4608 12.9902 48.6119 30.1249 7.59673 47.6611 31.3049 2.29302 45.8609 31.935 -2.75212 43.2319 31.9227 -7.30289 39.7602 31.1784 -11.3987 35.2112 29.8009 -14.6118 30.1316 27.8503 -16.9678 24.7774 25.2438 -18.2542 19.3391 22.5219 -18.2766 14.8987 19.4295 -17.2938 10.8247 16.0907 -15.412 7.29795 12.6161 -12.7663 4.46006 8.60796 -8.98464 2.13658 4.70092 -4.70178 0.667986 0.889548 -0.186758 -0.255545 -2.88646 4.41442 -0.83503 -6.05805 8.30083 -1.10969 -9.26057 12.1671 -1.29447 -12.5512 15.9518 -1.58849 -15.9757 19.5774 -2.19362 -19.9706 23.3668 -3.3684 -24.0894 26.7847 -5.1152 -28.2708 29.6826 -7.52678 -32.3877 31.8149 -10.7209 -36.0838 32.9346 -14.4952 -39.3532 33.0712 -18.7908 -42.0495 32.2113 -23.3898 -44.0155 30.3448 -28.0601 -45.0968 27.5728 -32.4652 -45.2649 24.0189 -36.415 -44.5189 19.8811 -39.6679 -42.9002 15.3916 -42.0093 -40.4081 10.6317 -43.3373 -37.2879 6.06428 -43.5214 -33.7321 1.92961 -42.5774 -29.933 -1.51279 -40.4924 -25.7895 -4.22792 -37.0566 -21.8607 -5.89449 -32.7983 -18.186 -6.75533 -28.0971 -14.7698 -6.91013 -23.132 -12.3254 -6.50112 -19.1359 -10.0764 -5.65496 -15.094 -7.96053 -4.48103 -11.062 -5.87452 -3.12663 -7.07132 -3.58929 -1.66193 -2.92087 -1.09191 -0.338067 1.15397 1.73237 0.652139 5.1083 4.93686 1.15529 8.85954 9.20294 1.05793 12.9695 13.7945 0.235856 16.6223 18.5755 -1.45006 19.6882 23.3258 -4.26325 21.8376 27.9412 -8.41454 22.8264 31.9026 -13.292 22.6504 35.219 -18.5341 21.633 37.6974 -24.0026 19.7714 38.7408 -28.1432 17.6919 38.9478 -32.0964 15.0674 38.3395 -35.695 12.028 37.0319 -38.8513 8.72863 34.8142 -41.9274 4.73865 32.0097 -44.388 0.691397 28.7236 -46.2134 -3.32989 25.0216 -47.3416 -7.2443 21.1926 -47.7063 -10.7706 17.1354 -47.3419 -14.0317 12.9513 -46.2049 -16.935 8.76462 -44.2799 -19.3835 3.71 -40.9033 -21.7392 -1.0668 -36.8122 -23.4553 -5.56558 -32.2619 -24.7029 0.0511327 0.0479694 0.0433052 0.037267 0.029125 0.0191475 0.00807819 -0.00395288 -0.0158975 -0.0259143 -0.0360715 -0.0462787 -0.0577384 -0.068423 -0.0786646 -0.0884404 -0.100013 -0.112517 -0.123895 -0.133921 -0.140928 -0.147175 -0.152302 -0.155622 -0.154861 -0.15526 -0.15456 -0.152146 -0.147007 -0.142163 -0.135849 -0.12807 -0.120978 -0.111002 -0.0993145 -0.0871587 -0.0794099 -0.0676454 -0.0552229 -0.043154 -0.0334946 -0.0198224 -0.00651863 0.00586923 0.0146523 0.0237939 0.0322278 0.0396294 0.0451875 0.0515372 0.0569016 0.0612279 0.0653552 0.0679696 0.0695812 0.0705787 0.0734552 0.0731602 0.0721718 0.0709608 0.0710617 0.0693032 0.0674392 0.0658119 0.0634263 0.0616959 0.0606964 0.0600136 0.0573466 0.0579149 0.059069 0.0603675 0.058087 0.059905 0.0621219 0.06422 0.0621879 0.0635578 0.0651629 0.0657559 0.0630436 0.0630351 0.0626403 0.0613537 0.0587499 0.0575262 0.0560168 0.0543402 0.053239 0.0511497 0.0489601 0.0468671 0.0461903 0.044308 0.0423565 0.0405365 0.0396534 0.0375357 0.0352849 0.0331761 0.0677293
-8.58651 -31.4645 -27.0856 -12.2451 -28.9649 -26.9089 -15.4793 -25.9956 -26.2857 -18.2014 -22.6485 -25.2596 -20.3982 -19.0376 -23.9177 -22.3512 -14.6031 -22.0605 -23.7334 -10.0445 -20.002 -24.613 -5.42191 -17.8142 -25.0013 -0.773604 -15.5403 -24.9485 2.79025 -13.7525 -24.5874 6.32416 -11.9412 -23.9331 9.80756 -10.1143 -23.0105 13.2214 -8.27196 -21.7308 16.7999 -6.25319 -20.1492 20.2205 -4.1756 -18.2469 23.4201 -2.0163 -16.0299 26.3489 0.22538 -12.1386 30.2883 3.76103 -7.86898 33.7425 7.3668 -3.27154 36.6067 11.0846 1.7357 38.3585 14.9602 6.75856 38.6517 18.6671 11.8135 37.7966 22.2409 16.7866 36.0811 25.6146 21.5653 33.4778 28.6877 25.5087 30.3082 31.0436 29.0223 26.4089 32.9404 32.0419 21.9232 34.322 34.514 16.986 35.1348 36.4248 11.5947 35.347 37.6381 6.01693 34.9247 38.0016 0.415086 33.807 37.316 -4.93929 31.9037 35.394 -10.0542 29.046 32.5152 -14.3071 25.633 28.8651 -17.6173 21.9257 24.4482 -19.6359 18.1259 20.2486 -19.9989 15.0668 15.8887 -19.0897 12.3667 11.6099 -17.0711 10.1886 7.59203 -14.1366 8.64882 3.47817 -9.89676 7.7191 -0.0875822 -5.10067 7.50136 -3.35979 -0.096381 7.62127 -6.62235 4.91306 7.78203 -9.45301 9.06312 7.83476 -12.4098 13.1223 7.69756 -15.5507 17.0096 7.18527 -18.9098 20.5906 6.12184 -22.8836 24.0862 4.20171 -26.9487 26.9466 1.55753 -30.9386 29.0797 -1.7934 -34.6361 30.301 -5.85968 -37.6815 30.4616 -10.3161 -40.0835 29.6302 -15.0804 -41.762 27.9018 -19.9131 -42.6435 25.3715 -24.6015 -42.6765 22.1955 -28.8643 -41.8951 18.468 -32.5729 -40.3728 14.3343 -35.5484 -38.2056 9.95658 -37.6456 -35.3919 5.3358 -38.8127 -32.1684 0.838444 -38.9293 -28.7038 -3.36526 -37.9518 -25.1923 -7.06643 -35.8068 -21.5567 -10.2967 -32.244 -18.2604 -12.6578 -27.7824 -15.3047 -14.2566 -22.7771 -12.7268 -15.053 -17.3858 -11.045 -15.0051 -12.9948 -9.65077 -14.3612 -8.55041 -8.46209 -13.2053 -4.15016 -7.35054 -11.6645 0.151235 -6.10241 -9.7603 4.55692 -4.56876 -7.71766 8.80772 -2.52005 -5.70054 12.8485 0.187414 -3.86643 16.5766 4.24316 -2.04703 20.4934 8.99348 -0.711364 23.7723 14.3363 -0.086329 26.255 20.1011 -0.550215 27.5402 26.1203 -2.34619 27.3049 31.5506 -5.08783 25.721 36.2989 -8.37673 23.2411 40.1408 -12.1077 19.9499 42.1074 -15.1655 16.8937 43.1035 -18.2886 13.4568 43.1561 -21.3317 9.81058 42.4177 -24.2048 6.1014 40.7804 -27.2762 1.83684 38.4871 -30.0562 -2.32403 35.6432 -32.528 -6.33688 32.3026 -34.6611 -10.1567 28.7061 -36.326 -13.5512 24.7107 -37.5713 -16.668 20.3395 -38.2893 -19.4258 15.6592 -38.3871 -21.731 9.56208 -37.6603 -23.9212 3.39704 -36.2402 -25.4947 -2.71223 -34.2488 -26.5953 0.01043 0.0283257 0.0422935 0.0514153 0.0935679 0.0856652 0.0752338 0.0633375 0.0530143 0.0371822 0.0214692 0.00616764 -0.0276937 -0.0486595 -0.0700142 -0.0911235 -0.176639 -0.204978 -0.231825 -0.269831 -0.427993 -0.454658 -0.473008 -0.490893 -0.573685 -0.570692 -0.56689 -0.562217 -0.5359 -0.507684 -0.476284 -0.439741 -0.262351 -0.204547 -0.15221 -0.0910441 0.140513 0.191201 0.238045 0.281762 0.349702 0.364804 0.376095 0.383737 0.381168 0.388222 0.396045 0.404491 0.42127 0.428642 0.434774 0.439163 0.462176 0.468359 0.473255 0.476908 0.523134 0.529162 0.534586 0.540525 0.56875 0.563317 0.557269 0.551713 0.492434 0.468012 0.448948 0.43053 0.359885 0.342717 0.328692 0.317834 0.299276 0.289765 0.28054 0.2704 0.195262 0.161489 0.126284 0.0775087 -0.205893 -0.266046 -0.304713 -0.344562 -0.55128 -0.571823 -0.589602 -0.602978 -0.644254 -0.633059 -0.622326 -0.611862 -0.568947 -0.545112 -0.52056 -0.495209 -0.375092 -0.343686 -0.322059 -0.296838 -0.103074
-6.18993 -33.7886 -26.5581 -10.4436 -32.6864 -25.9613 -14.3744 -30.8916 -24.9651 -17.8446 -28.4761 -23.6279 -20.7949 -25.5689 -22.0437 -23.5957 -21.7123 -19.9918 -25.7636 -17.5216 -17.8315 -27.3493 -13.0943 -15.6375 -28.3427 -8.48583 -13.4688 -28.669 -4.85432 -11.8546 -28.6038 -1.17984 -10.3074 -28.1607 2.50091 -8.8393 -27.3684 6.15354 -7.44989 -26.1439 10.0252 -6.02522 -24.5297 13.7719 -4.65588 -22.5051 17.3288 -3.32644 -20.0785 20.6404 -2.03662 -15.7261 25.1898 -0.160032 -10.8923 29.2613 1.63431 -5.66434 32.7757 3.49964 0.04913 35.2556 5.58961 5.81659 36.3073 7.75438 11.6593 36.2313 9.97093 17.4303 35.2862 12.1753 22.9941 33.4271 14.3301 27.6101 30.8753 16.1546 31.7428 27.5177 17.8266 35.2871 23.4652 19.2973 38.1469 18.8289 20.5113 40.2876 13.603 21.4437 41.5435 8.05221 22.0554 41.7092 2.33823 22.3469 40.5134 -3.25886 22.2803 37.7019 -8.72497 21.7905 33.709 -13.3509 20.9654 28.849 -17.0122 19.9662 23.2237 -19.3143 18.9271 18.1068 -19.8245 18.1005 13.0188 -18.9738 17.3834 8.25201 -16.95 16.8284 3.99627 -13.9672 16.4851 -0.110375 -9.62119 16.3748 -3.46126 -4.66871 16.4694 -6.44474 0.513712 16.5467 -9.44769 5.68299 16.3873 -12.1028 9.9257 15.9533 -14.9056 14.0161 15.1463 -17.8895 17.8417 13.8427 -21.0736 21.2372 11.9531 -24.8224 24.3665 9.15107 -28.6143 26.7202 5.71893 -32.2473 28.2561 1.70141 -35.4795 28.8422 -2.87102 -37.99 28.403 -7.63174 -39.802 27.0214 -12.5274 -40.8574 24.8309 -17.349 -41.0965 21.9636 -21.9187 -40.5015 18.5967 -25.9892 -39.132 14.8091 -29.4587 -37.0967 10.7185 -32.176 -34.5138 6.4547 -34.0219 -31.3774 1.9919 -34.9583 -27.9492 -2.35251 -34.8924 -24.4198 -6.47183 -33.7949 -21.0024 -10.2311 -31.5994 -17.6248 -13.7375 -28.0439 -14.6835 -16.5789 -23.6142 -12.1365 -18.8259 -18.6333 -10.0074 -20.442 -13.2295 -8.69241 -21.1487 -8.77046 -7.66756 -21.3223 -4.18451 -6.84598 -20.99 0.43351 -6.1017 -20.2235 5.01282 -5.24566 -19.0159 9.74599 -4.1148 -17.4399 14.3101 -2.48865 -15.5215 18.5843 -0.231735 -13.3158 22.4099 3.25239 -10.4355 26.2394 7.42869 -7.47071 29.2176 12.2696 -4.64911 31.1423 17.6961 -2.30463 31.5376 23.5758 -0.664926 30.0368 29.0372 0.122488 27.0259 33.9359 0.225674 23.0882 38.0595 -0.450491 18.3923 40.3369 -1.61538 14.3905 41.7147 -3.32116 10.1775 42.2024 -5.45017 5.95997 41.9386 -7.86818 1.88053 40.8861 -10.8994 -2.59212 39.1984 -14.0637 -6.76817 36.967 -17.2747 -10.6426 34.2359 -20.4688 -14.1977 31.1969 -23.4239 -17.2408 27.7 -26.2174 -19.9235 23.708 -28.7038 -22.1842 19.2366 -30.7311 -23.9521 13.1537 -32.5373 -25.4475 6.79686 -33.6866 -26.3246 0.312533 -34.22 -26.7357 -0.169412 -0.134616 -0.106692 -0.087071 -0.00138231 -0.012161 -0.0262012 -0.0423134 -0.0533452 -0.0776661 -0.101515 -0.124248 -0.177059 -0.209592 -0.243087 -0.276378 -0.428555 -0.473812 -0.514471 -0.575321 -0.872598 -0.913264 -0.938928 -0.963656 -1.12478 -1.11296 -1.09996 -1.08645 -1.04677 -0.989719 -0.926333 -0.851936 -0.472525 -0.345723 -0.236137 -0.106734 0.418758 0.522071 0.612494 0.693957 0.817529 0.835771 0.845772 0.850515 0.84159 0.848747 0.858442 0.871419 0.910667 0.922146 0.930925 0.936726 0.976196 0.982997 0.987663 0.989271 1.05593 1.0633 1.07059 1.07903 1.12853 1.12146 1.11341 1.10638 1.0207 0.981062 0.94888 0.917659 0.798667 0.766418 0.739066 0.717404 0.695906 0.676736 0.657499 0.637347 0.529671 0.46012 0.383038 0.274451 -0.381644 -0.541433 -0.641792 -0.740733 -1.22077 -1.25291 -1.27808 -1.29446 -1.36648 -1.33275 -1.30208 -1.27301 -1.18048 -1.1258 -1.06835 -1.00834 -0.753799 -0.687074 -0.639803 -0.583778 -0.0822667
-2.71462 -34.9823 -26.9788 -7.05824 -35.1388 -26.0994 -11.2526 -34.4853 -24.8168 -15.1259 -33.0511 -23.2026 -18.5717 -30.9526 -21.362 -22.0153 -27.836 -19.0475 -24.8481 -24.1913 -16.6768 -27.0871 -20.1323 -14.3444 -28.6917 -15.7162 -12.1416 -29.4382 -12.1158 -10.5991 -29.7381 -8.38482 -9.22449 -29.6009 -4.58062 -8.03747 -29.0585 -0.758702 -7.03819 -28.0492 3.33009 -6.15418 -26.6035 7.32142 -5.44867 -24.7091 11.1471 -4.90647 -22.3818 14.7463 -4.52208 -18.1373 19.7519 -4.2209 -13.3805 24.2826 -4.13643 -8.18874 28.3051 -3.9717 -2.43444 31.4254 -3.41143 3.46923 33.2305 -2.43962 9.53991 33.9905 -1.16469 15.6111 33.8773 0.313408 21.5286 32.7752 1.99395 26.4785 30.808 3.66022 30.9307 27.9466 5.43173 34.7513 24.3013 7.23781 37.8089 19.9738 8.9905 40.0395 14.9704 10.6497 41.2795 9.59158 12.1639 41.3712 4.0519 13.6012 40.0874 -1.35324 14.9788 37.1769 -6.62481 16.3066 33.0802 -11.0951 17.4276 28.1383 -14.6363 18.4578 22.4861 -16.8605 19.5202 17.3806 -17.3559 20.4227 12.3049 -16.5398 21.2576 7.53209 -14.5852 21.983 3.24885 -11.6871 22.6005 -0.917786 -7.43729 23.186 -4.36702 -2.56997 23.606 -7.50085 2.52162 23.7457 -10.7173 7.55396 23.4384 -13.5914 11.6104 22.7146 -16.6201 15.4236 21.48 -19.7963 18.8629 19.6576 -23.103 21.7566 17.2223 -26.8822 24.2014 13.8402 -30.5782 25.7857 9.89972 -33.9682 26.5311 5.46687 -36.7876 26.376 0.596056 -38.7495 25.3275 -4.32443 -39.9047 23.4658 -9.25998 -40.2448 20.9411 -14.0213 -39.7506 17.9005 -18.4565 -38.4503 14.5222 -22.3495 -36.4291 10.854 -25.6233 -33.8365 6.9616 -28.1505 -30.8227 2.918 -29.8314 -27.3806 -1.34011 -30.6381 -23.7771 -5.53837 -30.4971 -20.1879 -9.60357 -29.3914 -16.8211 -13.446 -27.2628 -13.6047 -17.2344 -23.8498 -10.8833 -20.5296 -19.5976 -8.54082 -23.3318 -14.8011 -6.53036 -25.5537 -9.56967 -5.22113 -26.7477 -5.21402 -4.12734 -27.3977 -0.687126 -3.17842 -27.4973 3.91735 -2.27034 -27.0841 8.51259 -1.23609 -26.1244 13.2669 0.0155254 -24.6124 17.8211 1.61785 -22.5096 22.0169 3.63592 -19.8332 25.6718 6.53696 -16.0389 29.1773 9.85901 -11.8456 31.723 13.5989 -7.46859 33.1212 17.6979 -3.19573 32.9199 22.0623 0.783764 30.7686 26.0722 3.98213 27.135 29.6804 6.42657 22.6052 32.7985 7.90552 17.3513 34.6142 8.11727 12.9678 35.8286 7.47814 8.42083 36.4326 6.07144 3.9248 36.5129 4.05339 -0.373939 36.0767 1.14083 -5.02443 35.1704 -2.20472 -9.30068 33.8289 -5.84598 -13.2048 32.0561 -9.69157 -16.7217 29.9626 -13.458 -19.6645 27.414 -17.2484 -22.1878 24.3197 -20.9143 -24.2408 20.6388 -24.2823 -25.7694 15.3569 -27.9187 -26.9429 9.62719 -30.9805 -27.4866 3.60016 -33.4648 -27.5447 -0.372638 -0.322677 -0.282939 -0.254789 -0.123355 -0.137227 -0.15547 -0.176938 -0.185344 -0.21945 -0.252696 -0.283924 -0.352046 -0.396155 -0.441179 -0.485735 -0.694172 -0.755247 -0.806399 -0.881098 -1.27726 -1.31528 -1.33882 -1.36262 -1.56261 -1.53304 -1.50337 -1.47404 -1.40701 -1.32251 -1.23311 -1.13137 -0.606944 -0.431737 -0.282367 -0.106847 0.654441 0.794048 0.91264 1.017 1.18799 1.20928 1.21781 1.21892 1.21098 1.21594 1.2234 1.23485 1.27104 1.28146 1.28639 1.28434 1.32462 1.33051 1.33395 1.33318 1.43791 1.45006 1.46336 1.4796 1.56258 1.55586 1.54796 1.54111 1.44048 1.39076 1.35051 1.31135 1.17429 1.13755 1.10578 1.0798 1.05648 1.03028 1.0028 0.973964 0.828825 0.737239 0.631796 0.479172 -0.535891 -0.783785 -0.933925 -1.07214 -1.73467 -1.75163 -1.76179 -1.76397 -1.85607 -1.80183 -1.75323 -1.70741 -1.60301 -1.52232 -1.43677 -1.34742 -0.999282 -0.901374 -0.830973 -0.746409 0.075538
-0.300245 -32.3932 -24.2889 -4.53082 -33.3359 -23.3515 -8.79081 -33.4564 -22.1256 -12.9185 -32.7347 -20.6743 -16.7836 -31.2462 -19.0897 -20.8737 -28.6898 -17.1754 -24.4544 -25.442 -15.2889 -27.4816 -21.6256 -13.5002 -29.8549 -17.3035 -11.8827 -31.1395 -13.684 -10.8111 -31.908 -9.87412 -9.92012 -32.1573 -5.95604 -9.22282 -31.9169 -2.00857 -8.7134 -31.1422 2.20929 -8.35571 -29.8419 6.30752 -8.17623 -28.0111 10.2019 -8.16113 -25.6788 13.8157 -8.29991 -21.3345 18.7216 -8.77058 -16.426 23.0391 -9.4252 -11.0676 26.7886 -10.0509 -5.14356 29.6013 -10.4461 0.926139 31.0858 -10.5513 7.16021 31.5091 -10.4346 13.385 31.0732 -10.0905 19.4458 29.6966 -9.43636 24.5179 27.5454 -8.54549 29.094 24.5786 -7.36032 33.047 20.935 -5.86136 36.2416 16.7368 -4.04007 38.6131 11.9938 -1.88557 40.0175 6.99555 0.524297 40.3551 1.97598 3.25412 39.4408 -2.75227 6.34758 37.0443 -7.16423 9.92727 33.5298 -10.7329 13.524 29.2405 -13.407 17.0559 24.3187 -14.8706 20.4701 19.825 -14.8741 23.1031 15.2609 -13.7423 25.3424 10.8252 -11.6577 27.1046 6.65063 -8.81306 28.3727 2.28822 -4.81573 29.2418 -1.64392 -0.320639 29.5538 -5.3733 4.35 29.3494 -9.12694 8.9388 28.5632 -12.3455 12.6023 27.3557 -15.6018 15.9952 25.5885 -18.875 18.9942 23.2366 -22.1439 21.4634 20.3288 -25.7461 23.5018 16.5121 -29.1802 24.7648 12.233 -32.2887 25.2443 7.56342 -34.8691 24.8547 2.57465 -36.6848 23.608 -2.35579 -37.7877 21.5693 -7.23303 -38.1627 18.8701 -11.895 -37.7836 15.6346 -16.2018 -36.6679 12.0337 -19.9497 -34.8841 8.12001 -23.0739 -32.5532 3.98065 -25.4596 -29.7978 -0.290315 -27.0171 -26.6007 -4.75316 -27.7188 -23.2057 -9.11829 -27.4935 -19.7764 -13.3002 -26.3179 -16.5034 -17.1909 -24.1316 -13.3011 -20.9476 -20.6705 -10.5166 -24.1384 -16.3797 -8.06917 -26.7758 -11.5423 -5.94015 -28.7631 -6.26364 -4.53984 -29.7131 -1.87634 -3.36382 -30.0627 2.66308 -2.34912 -29.8108 7.24769 -1.39939 -29.0039 11.7818 -0.357491 -27.5953 16.4213 0.849375 -25.6172 20.8059 2.33966 -23.0544 24.7815 4.17613 -19.9464 28.1817 6.78773 -15.6876 31.3665 9.76265 -11.0781 33.6033 13.0959 -6.31747 34.755 16.757 -1.66941 34.4511 20.7325 2.73956 32.3851 24.504 6.42126 28.9596 27.984 9.41452 24.665 31.0597 11.5429 19.6129 32.9274 12.316 15.3151 34.2726 12.2639 10.7603 35.0585 11.421 6.15272 35.3295 9.91026 1.658 35.0897 7.50105 -3.28555 34.3483 4.56041 -7.87939 33.1549 1.20444 -12.0763 31.5264 -2.49864 -15.8093 29.5771 -6.26451 -18.8503 27.2024 -10.1769 -21.3569 24.3469 -14.0947 -23.287 20.994 -17.8709 -24.6013 16.2316 -22.2502 -25.4022 11.0805 -26.2448 -25.5003 5.60527 -29.7645 -25.1343 -0.398238 -0.362783 -0.337389 -0.322989 -0.187086 -0.219896 -0.254349 -0.291573 -0.314258 -0.364435 -0.412824 -0.457791 -0.545798 -0.60533 -0.665769 -0.725296 -0.979197 -1.0543 -1.11402 -1.20074 -1.68732 -1.73927 -1.76703 -1.79221 -2.02954 -1.99263 -1.95241 -1.91069 -1.82939 -1.72327 -1.6146 -1.49189 -0.781074 -0.526853 -0.31435 -0.066953 1.00166 1.151 1.26641 1.35715 1.53417 1.53734 1.53147 1.52096 1.51043 1.50459 1.50166 1.50357 1.53622 1.5415 1.54387 1.54334 1.58842 1.59229 1.59444 1.59377 1.66816 1.67327 1.67922 1.68719 1.73039 1.71867 1.70585 1.69353 1.58535 1.53742 1.49744 1.4576 1.32916 1.29256 1.26006 1.23223 1.20155 1.17054 1.13698 1.10095 0.924744 0.824431 0.712208 0.554998 -0.521106 -0.762647 -0.912546 -1.05477 -1.79497 -1.81439 -1.82736 -1.8329 -1.96547 -1.9093 -1.85756 -1.80742 -1.70843 -1.61518 -1.51918 -1.42092 -1.01861 -0.899176 -0.81942 -0.733924 0.168404
-0.817631 -29.3035 -22.689 -5.04811 -30.2612 -21.7665 -9.33221 -30.43 -20.6338 -13.5265 -29.7843 -19.3469 -17.5093 -28.3879 -17.9858 -21.8 -25.9444 -16.3897 -25.6348 -22.7993 -14.8628 -28.9488 -19.0615 -13.4574 -31.6167 -14.7822 -12.2332 -33.1139 -11.1678 -11.4625 -34.069 -7.34276 -10.8651 -34.4682 -3.39713 -10.4499 -34.3338 0.58084 -10.2103 -33.6187 4.82364 -10.1342 -32.3171 8.92415 -10.2355 -30.4237 12.7789 -10.5084 -27.9749 16.2907 -10.9429 -23.385 20.8995 -11.8672 -18.2056 24.7888 -12.9667 -12.6047 28.0407 -14.07 -6.51619 30.306 -15.0504 -0.384173 31.2218 -15.8351 5.8322 31.0616 -16.4575 11.9993 30.1102 -16.8016 18.0036 28.3813 -16.6754 23.0575 26.092 -16.0716 27.6766 23.156 -14.9799 31.7601 19.7226 -13.3415 35.1853 15.9366 -11.0871 37.8896 11.8247 -8.16466 39.7167 7.63096 -4.72423 40.5801 3.55136 -0.803349 40.3077 -0.142222 3.56072 38.6986 -3.41376 8.53373 36.0059 -5.907 13.4892 32.5265 -7.6714 18.2646 28.3365 -8.53748 22.705 24.2976 -8.37166 25.9893 19.9547 -7.37041 28.6843 15.4762 -5.65268 30.7138 10.9984 -3.35811 32.0596 5.9919 -0.170743 32.7949 1.19236 3.39708 32.7856 -3.44668 7.11472 32.1347 -7.96819 10.7973 30.8081 -11.6431 13.7587 29.0866 -15.1615 16.5055 26.7812 -18.502 18.9259 23.9139 -21.6567 20.9173 20.5492 -24.955 22.5741 16.2978 -27.976 23.603 11.6596 -30.663 23.9379 6.72337 -32.9122 23.446 1.58555 -34.556 22.1199 -3.38433 -35.6461 19.9928 -8.22657 -36.1639 17.1457 -12.7858 -36.0833 13.6531 -16.9035 -35.4069 9.67719 -20.3667 -34.1727 5.29588 -23.1126 -32.4478 0.649415 -25.0346 -30.3076 -4.11076 -26.0442 -27.7342 -9.01033 -26.0952 -24.9276 -13.6904 -25.1733 -22.0143 -18.0126 -23.3126 -19.1309 -21.8165 -20.5113 -16.1708 -25.2071 -16.5004 -13.4602 -27.813 -11.7878 -10.9608 -29.7375 -6.6502 -8.65694 -30.9392 -1.21013 -7.02089 -31.2444 3.18781 -5.52656 -30.9403 7.63597 -4.13328 -30.0494 12.0379 -2.77341 -28.641 16.3133 -1.29187 -26.6597 20.6113 0.33739 -24.1936 24.5936 2.20922 -21.2493 28.1179 4.36856 -17.8768 31.0432 7.28494 -13.4394 33.6709 10.4886 -8.76225 35.3921 13.9762 -4.02416 36.0903 17.7146 0.525186 35.4356 21.7174 4.79537 33.1431 25.5047 8.3571 29.61 28.9988 11.2662 25.2693 32.0775 13.3587 20.204 33.9404 14.1506 15.9075 35.276 14.1577 11.3496 36.0411 13.4026 6.72334 36.2699 11.9935 2.19338 35.9471 9.70729 -2.80355 35.0868 6.88653 -7.45153 33.7412 3.63935 -11.6878 31.927 0.029033 -15.426 29.7766 -3.65961 -18.4259 27.1951 -7.49595 -20.8439 24.154 -11.3342 -22.6462 20.6583 -15.0315 -23.8034 15.7847 -19.3234 -24.3766 10.5784 -23.2441 -24.2287 5.08347 -26.7036 -23.6469 -0.394165 -0.372466 -0.359364 -0.355658 -0.231443 -0.27349 -0.315951 -0.361205 -0.394199 -0.452229 -0.508166 -0.560219 -0.660537 -0.729389 -0.800082 -0.87041 -1.16098 -1.24749 -1.31146 -1.40314 -1.94463 -2.0042 -2.02805 -2.04117 -2.27346 -2.22257 -2.16746 -2.10932 -2.01917 -1.89287 -1.76372 -1.61588 -0.732858 -0.402318 -0.140342 0.140539 1.34675 1.44829 1.52203 1.57499 1.76988 1.74815 1.72441 1.69899 1.68651 1.66378 1.6448 1.63171 1.65972 1.65896 1.66133 1.66895 1.73638 1.74389 1.75192 1.76132 1.78552 1.78142 1.77751 1.77425 1.714 1.69017 1.6659 1.6407 1.49738 1.45763 1.42409 1.39068 1.29438 1.26939 1.24656 1.22608 1.19644 1.17048 1.14118 1.10891 0.897929 0.805139 0.699727 0.55099 -0.520307 -0.738915 -0.878132 -1.01526 -1.75479 -1.77781 -1.79488 -1.80482 -1.94529 -1.89206 -1.84249 -1.79394 -1.68938 -1.5954 -1.50033 -1.40407 -0.990674 -0.871633 -0.796505 -0.722965 0.161626
-1.07437 -28.4267 -25.3277 -5.32483 -29.3787 -24.4954 -9.61739 -29.5692 -23.3987 -13.8124 -28.9743 -22.0899 -17.7941 -27.6568 -20.6492 -22.0897 -25.3345 -18.8932 -25.9434 -22.3288 -17.1486 -29.2947 -18.7321 -15.4871 -32.0212 -14.5789 -13.9884 -33.5783 -11.0413 -13.0082 -34.6042 -7.27101 -12.2132 -35.082 -3.35674 -11.6216 -35.0301 0.611631 -11.2355 -34.4053 4.86501 -11.0435 -33.1934 8.99395 -11.083 -31.3881 12.8906 -11.3579 -29.0259 16.4518 -11.8639 -24.5673 21.1363 -13.0209 -19.5208 25.0941 -14.4463 -14.051 28.4322 -15.8954 -8.07713 30.839 -17.1925 -2.01757 31.9506 -18.2424 4.17301 32.0349 -19.0944 10.3675 31.3824 -19.6035 16.4684 30.0302 -19.519 21.6761 28.1497 -18.8184 26.5102 25.6835 -17.5158 30.8636 22.7777 -15.5787 34.6058 19.5761 -12.9532 37.6719 16.1081 -9.58651 39.8878 12.5768 -5.66453 41.1704 9.14366 -1.26785 41.3534 6.03086 3.53205 40.2585 3.25206 8.92676 38.0673 1.09175 14.2705 35.04 -0.511155 19.3978 31.2037 -1.44215 24.1348 27.336 -1.5463 27.6215 23.0155 -0.999425 30.4783 18.404 0.118358 32.6257 13.6467 1.70144 34.0359 8.16211 3.96845 34.7741 2.76868 6.55139 34.7071 -2.50422 9.27267 33.9613 -7.63066 11.9923 32.5162 -11.758 14.1929 30.6829 -15.6593 16.2354 28.2649 -19.299 18.0231 25.2992 -22.6613 19.4727 21.8593 -26.0893 20.6439 17.5494 -29.155 21.3025 12.8733 -31.829 21.3535 7.91897 -34.0263 20.6478 2.78359 -35.5946 19.1791 -2.17059 -36.5959 16.9554 -6.98854 -37.0269 14.0247 -11.5036 -36.8762 10.4324 -15.5326 -36.1556 6.33853 -18.8462 -34.9034 1.83473 -21.3774 -33.1869 -2.91974 -23.0229 -31.086 -7.75633 -23.6954 -28.5911 -12.6838 -23.3402 -25.8922 -17.3228 -21.9887 -23.0857 -21.524 -19.7294 -20.2714 -25.1264 -16.6097 -17.3198 -28.2238 -12.3623 -14.5463 -30.4918 -7.51358 -11.8996 -32.0665 -2.33075 -9.321 -32.9346 3.04916 -7.35616 -33.0052 7.32071 -5.43651 -32.4943 11.5828 -3.5449 -31.4244 15.7528 -1.64354 -29.8622 19.7598 0.423484 -27.744 23.7391 2.61223 -25.1651 27.3658 4.96688 -22.1286 30.501 7.48841 -18.6774 33.016 10.6609 -14.1513 35.1493 13.9502 -9.3816 36.3866 17.357 -4.53998 36.6168 20.8195 0.142639 35.5282 24.3268 4.61358 32.8407 27.4935 8.43301 28.9811 30.3361 11.6121 24.3631 32.7995 13.9387 19.0685 34.2544 14.8665 14.6436 35.2525 14.9705 10.0013 35.7641 14.2737 5.33106 35.8272 12.8848 0.789575 35.4148 10.577 -4.19086 34.5516 7.70128 -8.8045 33.26 4.38967 -13.0076 31.5326 0.725363 -16.7344 29.4803 -3.00019 -19.7572 26.9987 -6.86293 -22.2371 24.0401 -10.7161 -24.1419 20.5899 -14.4081 -25.4436 15.7102 -18.6548 -26.2529 10.4456 -22.4977 -26.3813 4.87951 -25.8774 -26.0708 -0.469531 -0.438727 -0.417365 -0.406434 -0.266856 -0.301666 -0.338919 -0.380077 -0.401847 -0.457419 -0.511234 -0.561503 -0.655488 -0.723727 -0.793939 -0.863989 -1.16025 -1.25136 -1.31669 -1.40847 -1.97317 -2.02991 -2.04723 -2.04907 -2.28539 -2.22071 -2.1531 -2.0822 -2.00054 -1.85897 -1.71531 -1.55195 -0.611971 -0.258248 0.011773 0.286856 1.53629 1.60201 1.64599 1.6733 1.90351 1.86423 1.82731 1.7893 1.77861 1.74156 1.70804 1.68028 1.68064 1.67009 1.66516 1.66716 1.72699 1.73387 1.74326 1.75698 1.77716 1.7735 1.77003 1.76739 1.68199 1.65545 1.62856 1.59984 1.45395 1.41908 1.38952 1.36009 1.29036 1.27406 1.25889 1.24474 1.22055 1.20067 1.17865 1.15509 0.921837 0.838788 0.740183 0.596601 -0.571138 -0.804408 -0.953404 -1.09799 -1.8518 -1.86885 -1.88068 -1.88588 -2.01691 -1.96169 -1.91113 -1.86217 -1.76084 -1.66868 -1.57499 -1.47989 -1.08548 -0.971726 -0.897737 -0.821551 0.135655
1.10677 -29.1579 -24.7901 -3.08706 -30.2645 -23.8668 -7.34745 -30.5595 -22.6722 -11.521 -30.0164 -21.2753 -15.4815 -28.7058 -19.7711 -19.7458 -26.3504 -17.9833 -23.5625 -23.2854 -16.2608 -26.8791 -19.6181 -14.6857 -29.5854 -15.396 -13.3523 -31.1461 -11.8135 -12.559 -32.1974 -8.00788 -12.0005 -32.7259 -4.06816 -11.6857 -32.7523 -0.0816781 -11.6016 -32.2447 4.18929 -11.742 -31.1849 8.34544 -12.091 -29.5645 12.2963 -12.6233 -27.4113 15.9574 -13.3151 -23.2886 20.904 -14.6177 -18.5634 25.2301 -16.0739 -13.363 29.0055 -17.4391 -7.56058 31.9189 -18.4421 -1.55789 33.5805 -18.9548 4.65502 34.2425 -19.0889 10.8985 34.1039 -18.8514 17.023 33.0968 -18.1219 22.1959 31.3406 -16.9798 26.9194 28.836 -15.3787 31.0793 25.7394 -13.316 34.5536 22.1792 -10.7859 37.2893 18.1614 -7.76345 39.1443 13.9326 -4.38135 40.0623 9.71537 -0.62174 39.9048 5.78235 3.5338 38.4939 2.1191 8.28913 36.0391 -0.890415 13.0787 32.7929 -3.23681 17.7671 28.8031 -4.6931 22.2374 24.8907 -5.00472 25.6612 20.6188 -4.44763 28.5882 16.1421 -3.13315 30.9029 11.5951 -1.19454 32.5442 6.43832 1.64501 33.5973 1.43859 4.91497 33.8713 -3.43893 8.35107 33.4613 -8.23547 11.734 32.3149 -12.1607 14.4131 30.6858 -15.9295 16.8424 28.4203 -19.4998 18.9049 25.5501 -22.8433 20.4944 22.154 -26.2875 21.6495 17.8527 -29.3793 22.1313 13.1722 -32.058 21.8851 8.22632 -34.2083 20.7924 3.13904 -35.6647 18.894 -1.70198 -36.4934 16.2259 -6.32306 -36.7137 12.8923 -10.5656 -36.339 8.98608 -14.2752 -35.4011 4.68997 -17.2623 -33.9467 0.0870614 -19.4887 -32.056 -4.67923 -20.8912 -29.8167 -9.47091 -21.4247 -27.2082 -14.3383 -21.0572 -24.4037 -18.9441 -19.8114 -21.4745 -23.1592 -17.7419 -18.4981 -26.8369 -14.8701 -15.3097 -30.1025 -10.9311 -12.2434 -32.6149 -6.38891 -9.28162 -34.4476 -1.46796 -6.4089 -35.5121 3.72439 -4.26023 -35.6583 7.90452 -2.22224 -35.1438 12.1109 -0.301511 -33.9892 16.2448 1.52139 -32.2634 20.2211 3.37642 -29.8924 24.162 5.21163 -26.9866 27.7373 7.06524 -23.5606 30.8066 8.94184 -19.6713 33.245 11.1851 -14.5794 35.2801 13.4394 -9.22028 36.4196 15.795 -3.78594 36.5614 18.2883 1.4624 35.4043 20.9393 6.46422 32.6718 23.4344 10.7327 28.7901 25.7747 14.2906 24.1665 27.9594 16.9077 18.8853 29.4081 17.9667 14.4878 30.5848 18.1142 9.88877 31.4359 17.379 5.27431 31.9611 15.8855 0.79638 32.1917 13.3929 -4.1061 32.04 10.2805 -8.64373 31.4859 6.69257 -12.7814 30.486 2.72358 -16.4621 29.089 -1.31054 -19.4627 27.207 -5.50129 -21.9375 24.7674 -9.70167 -23.8437 21.736 -13.7462 -25.1406 17.2437 -18.4049 -25.925 12.2628 -22.6101 -26.01 6.91349 -26.3174 -25.6348 -0.34016 -0.307441 -0.286137 -0.276542 -0.139797 -0.179512 -0.221769 -0.26849 -0.301022 -0.362126 -0.4211 -0.475836 -0.578917 -0.65013 -0.72259 -0.794147 -1.08762 -1.17406 -1.23756 -1.32637 -1.84631 -1.88621 -1.90118 -1.91073 -2.1373 -2.07964 -2.02007 -1.95918 -1.86735 -1.74173 -1.61764 -1.48148 -0.686842 -0.397381 -0.159592 0.10799 1.36786 1.48301 1.56468 1.62223 1.85335 1.82982 1.80346 1.77397 1.7635 1.7361 1.71214 1.69407 1.70382 1.69927 1.69831 1.70243 1.74518 1.75073 1.75815 1.76872 1.77231 1.76788 1.76367 1.76032 1.6839 1.66074 1.63645 1.60987 1.48508 1.45316 1.42447 1.39483 1.33323 1.31558 1.29893 1.2833 1.25473 1.23205 1.20668 1.17934 0.933425 0.840495 0.723466 0.547281 -0.819706 -1.06719 -1.21425 -1.346 -2.09791 -2.08573 -2.07286 -2.05795 -2.18731 -2.11634 -2.05179 -1.98935 -1.88858 -1.7796 -1.66792 -1.55418 -1.12685 -0.996413 -0.911728 -0.824368 0.0312011
1.084 -30.0294 -24.3409 -3.07588 -31.0561 -23.1979 -7.26333 -31.1982 -21.7453 -11.3019 -30.4421 -20.0771 -15.0591 -28.884 -18.3104 -19.0092 -26.227 -16.245 -22.4544 -22.8747 -14.2903 -25.3732 -18.9558 -12.5433 -27.6902 -14.5369 -11.1175 -28.9809 -10.8496 -10.3187 -29.8022 -6.9804 -9.8143 -30.1495 -3.01339 -9.6094 -30.0471 0.972095 -9.68158 -29.4588 5.22093 -10.0278 -28.3757 9.34581 -10.603 -26.7839 13.2707 -11.3645 -24.7025 16.9248 -12.2778 -20.747 21.914 -13.8975 -16.2173 26.3393 -15.6469 -11.193 30.2644 -17.2321 -5.50948 33.3895 -18.2775 0.428995 35.3077 -18.611 6.60269 36.2552 -18.4013 12.8154 36.3962 -17.7386 18.9016 35.631 -16.5432 24.0136 34.0457 -14.9616 28.6338 31.6633 -12.9306 32.6418 28.6277 -10.5079 35.9201 25.0501 -7.75088 38.4192 20.9285 -4.664 40.0077 16.5208 -1.37595 40.6292 12.0534 2.14808 40.1483 7.78311 5.92896 38.3723 3.64952 10.1459 35.5505 0.0937195 14.3192 31.947 -2.80667 18.3968 27.6278 -4.76059 22.3401 23.4797 -5.41559 25.4208 19.0263 -5.11375 28.1047 14.4338 -3.95139 30.2691 9.84977 -2.04706 31.846 4.75734 0.897903 32.9226 -0.0830244 4.39065 33.2923 -4.75262 8.11483 32.9916 -9.32603 11.8144 31.9136 -13.0532 14.7659 30.2903 -16.6077 17.4599 27.9779 -19.9412 19.7605 25.0059 -23.0199 21.5382 21.4562 -26.1271 22.8258 16.9412 -28.8377 23.3602 12.0355 -31.0951 23.1053 6.88408 -32.7898 21.9574 1.63925 -33.7895 19.972 -3.28201 -34.1685 17.1968 -7.89882 -33.9852 13.7526 -12.0538 -33.2921 9.743 -15.6039 -32.1484 5.35517 -18.3785 -30.6047 0.668126 -20.3552 -28.7472 -4.1812 -21.4922 -26.6694 -9.06662 -21.7654 -24.3568 -14.0566 -21.147 -21.9454 -18.8165 -19.6775 -19.4601 -23.2146 -17.4168 -16.9369 -27.1037 -14.3937 -14.2184 -30.636 -10.3342 -11.5763 -33.4452 -5.70025 -8.97319 -35.5758 -0.697173 -6.36256 -36.9025 4.57262 -4.33564 -37.2077 8.80466 -2.35242 -36.8025 13.049 -0.439356 -35.7033 17.2015 1.39822 -33.9798 21.172 3.26726 -31.5586 25.0756 5.08649 -28.5579 28.58 6.86244 -25.0039 31.5479 8.57471 -20.9654 33.8616 10.5023 -15.6826 35.7265 12.3385 -10.1318 36.6843 14.2061 -4.50934 36.6508 16.1659 0.928049 35.3492 18.2351 6.14102 32.5108 20.1701 10.6311 28.5601 22.0161 14.408 23.8867 23.8404 17.2238 18.571 25.1505 18.4065 14.1616 26.3182 18.6463 9.56414 27.2855 17.9675 4.96396 28.0368 16.4931 0.512025 28.641 13.9778 -4.34686 28.9461 10.8005 -8.83151 28.8946 7.11236 -12.9175 28.4143 3.0129 -16.5595 27.5044 -1.17224 -19.5404 26.0774 -5.54297 -22.0081 24.0231 -9.94758 -23.9076 21.2764 -14.1968 -25.1836 17.001 -19.0638 -25.9139 12.138 -23.4056 -25.9166 6.85438 -27.1909 -25.4111 -0.297585 -0.256069 -0.227994 -0.213198 -0.0798007 -0.11692 -0.15713 -0.201836 -0.24002 -0.299114 -0.356276 -0.409383 -0.517786 -0.587455 -0.658818 -0.729682 -1.03126 -1.11644 -1.18047 -1.27007 -1.77641 -1.80436 -1.81448 -1.82161 -2.02757 -1.96608 -1.90572 -1.84603 -1.7375 -1.6155 -1.49531 -1.36426 -0.625273 -0.379676 -0.175541 0.0603937 1.22872 1.35978 1.45888 1.53561 1.7809 1.7693 1.75131 1.7286 1.71863 1.69671 1.67815 1.6656 1.69881 1.70168 1.70786 1.7198 1.80118 1.81516 1.83179 1.85324 1.8678 1.86603 1.8648 1.86519 1.75491 1.7261 1.69573 1.66194 1.48621 1.44851 1.41515 1.38049 1.30333 1.28498 1.26755 1.25133 1.22209 1.19937 1.17512 1.15027 0.897055 0.804722 0.684669 0.500825 -0.999051 -1.25614 -1.40215 -1.52349 -2.27446 -2.24385 -2.21483 -2.18607 -2.31589 -2.23434 -2.16049 -2.0893 -1.99349 -1.87214 -1.74526 -1.61447 -1.15927 -1.01494 -0.918848 -0.815146 0.0234115
-0.105053 -29.9809 -25.7639 -4.24575 -30.9942 -24.542 -8.37516 -31.0876 -22.9283 -12.2967 -30.2526 -21.0337 -15.8714 -28.5961 -18.9984 -19.5317 -25.8153 -16.5904 -22.6251 -22.3468 -14.282 -25.1574 -18.3344 -12.1804 -27.0852 -13.8558 -10.4043 -28.0973 -10.1477 -9.34352 -28.6721 -6.27508 -8.58701 -28.8148 -2.31494 -8.14348 -28.5547 1.66119 -7.99345 -27.85 5.90446 -8.12237 -26.7058 10.0347 -8.51044 -25.1056 13.9819 -9.1247 -23.0636 17.6814 -9.93834 -19.2407 22.7915 -11.4987 -14.89 27.3851 -13.2686 -10.0386 31.4916 -14.9309 -4.47434 34.7738 -16.1258 1.41144 36.799 -16.6846 7.57635 37.8211 -16.7592 13.8117 38.0258 -16.3912 19.9506 37.3242 -15.4543 25.1317 35.7928 -14.0548 29.8355 33.4606 -12.1621 33.9403 30.4769 -9.83922 37.3312 26.9607 -7.13993 39.961 22.9137 -4.06299 41.6901 18.5822 -0.744642 42.4559 14.1726 2.82343 42.1193 9.91945 6.63907 40.4935 5.74684 10.8781 37.8098 2.09948 15.0636 34.3215 -0.941888 19.1386 30.0737 -3.10087 23.0524 25.9343 -3.98615 26.087 21.4381 -3.95671 28.7156 16.7573 -3.0915 30.8294 12.0459 -1.49388 32.3712 6.76375 1.10196 33.432 1.70077 4.26234 33.8106 -3.19656 7.68453 33.5461 -7.97823 11.1329 32.5414 -11.8582 13.933 31.0106 -15.5422 16.5449 28.8095 -18.9749 18.8433 25.9507 -22.1154 20.7044 22.4993 -25.2474 22.1839 18.0608 -27.9405 22.9967 13.1838 -30.134 23.0845 7.99934 -31.7056 22.3268 2.64637 -32.5277 20.7433 -2.45038 -32.6858 18.3708 -7.29871 -32.2629 15.296 -11.7176 -31.3333 11.5938 -15.5373 -29.9774 7.43571 -18.559 -28.2638 2.90503 -20.7489 -26.3087 -1.86275 -22.0547 -24.2358 -6.74246 -22.4426 -22.0528 -11.7972 -21.8816 -19.8919 -16.6772 -20.4163 -17.7654 -21.245 -18.1264 -15.7023 -25.3611 -15.0552 -13.5854 -29.2092 -10.9252 -11.6084 -32.3921 -6.20217 -9.66991 -34.9413 -1.09428 -7.6571 -36.733 4.29873 -6.01341 -37.4333 8.6484 -4.32259 -37.4409 13.0362 -2.60353 -36.7547 17.3589 -0.861932 -35.4275 21.5203 1.00609 -33.3927 25.6391 2.91658 -30.7347 29.3645 4.86176 -27.4687 32.5494 6.80309 -23.6585 35.0609 9.05463 -18.5801 37.1203 11.2336 -13.1831 38.2271 13.4197 -7.67721 38.3129 15.627 -2.31217 37.1108 17.8513 2.88078 34.3543 19.8444 7.39814 30.464 21.6784 11.2449 25.8432 23.4225 14.1962 20.5743 24.623 15.5451 16.1814 25.6487 16.009 11.5673 26.46 15.6029 6.90518 27.0591 14.4353 2.34053 27.5059 12.2994 -2.71309 27.6814 9.50655 -7.4533 27.5354 6.18855 -11.8431 27.0053 2.42679 -15.8266 26.0927 -1.48334 -19.1593 24.6953 -5.63537 -21.9943 22.6825 -9.88701 -24.2528 19.9739 -14.0513 -25.8498 15.739 -18.895 -26.9006 10.9142 -23.2725 -27.1433 5.65654 -27.1117 -26.7989 -0.360331 -0.30281 -0.261155 -0.235323 -0.0920966 -0.121506 -0.154779 -0.192104 -0.222941 -0.274234 -0.323765 -0.369715 -0.46846 -0.530156 -0.593715 -0.657064 -0.943822 -1.02459 -1.09005 -1.18692 -1.72019 -1.75827 -1.77305 -1.78245 -2.00419 -1.94223 -1.88185 -1.82224 -1.7234 -1.60041 -1.47869 -1.34569 -0.617503 -0.373861 -0.172163 0.0589127 1.21856 1.34185 1.43544 1.50826 1.77294 1.75961 1.74075 1.71709 1.70966 1.68468 1.66186 1.64364 1.67118 1.6705 1.67274 1.67929 1.79339 1.81182 1.83426 1.86383 1.92943 1.93434 1.94046 1.94986 1.84122 1.80892 1.77563 1.7394 1.50882 1.46136 1.42149 1.38122 1.26944 1.24839 1.22853 1.21041 1.18366 1.16018 1.13591 1.11167 0.872148 0.78059 0.667761 0.499267 -0.946113 -1.21439 -1.36874 -1.49715 -2.27828 -2.25634 -2.23377 -2.20929 -2.35783 -2.28139 -2.21177 -2.14463 -2.0794 -1.96366 -1.83987 -1.70967 -1.27836 -1.12339 -1.01699 -0.897645 0.0252809
-1.53267 -29.7422 -27.8105 -5.60716 -30.6278 -26.3008 -9.56927 -30.5948 -24.3095 -13.2199 -29.6415 -21.9795 -16.4366 -27.8832 -19.4842 -19.5991 -25.0106 -16.5389 -22.1497 -21.4806 -13.7171 -24.1338 -17.4343 -11.1443 -25.5482 -12.9453 -8.95864 -26.2155 -9.24212 -7.63912 -26.5029 -5.38238 -6.68023 -26.4233 -1.43925 -6.09272 -26.0072 2.51919 -5.85329 -25.2067 6.74655 -5.93809 -24.0382 10.87 -6.32547 -22.4811 14.8289 -6.97449 -20.5421 18.5684 -7.85466 -16.9663 23.8048 -9.5739 -12.9183 28.5882 -11.5476 -8.35538 32.9398 -13.3929 -3.00497 36.5346 -14.6625 2.7528 38.9143 -15.1536 8.84188 40.318 -15.0596 15.0378 40.8892 -14.4763 21.1633 40.4944 -13.3023 26.3352 39.1643 -11.6805 31.0124 36.9583 -9.58174 35.0656 34.0174 -7.11804 38.3807 30.448 -4.39445 40.9085 26.2489 -1.43808 42.5113 21.6867 1.62452 43.1278 16.9793 4.82177 42.6227 12.3567 8.15921 40.8019 7.70939 11.7801 37.9194 3.53995 15.2915 34.239 -0.025598 18.7216 29.8191 -2.66926 22.1125 25.5626 -3.90689 24.847 20.9832 -4.16203 27.3149 16.2573 -3.50283 29.4024 11.5434 -2.02222 31.0498 6.31261 0.551723 32.3832 1.34265 3.78837 33.1505 -3.45712 7.35198 33.3173 -8.16925 10.9865 32.7245 -12.019 13.9726 31.4994 -15.6923 16.7933 29.5528 -19.1218 19.3124 26.8823 -22.2503 21.3871 23.5437 -25.3401 23.0758 19.1506 -27.9493 24.0598 14.2596 -30.0111 24.2907 9.02567 -31.3959 23.6574 3.60539 -31.9872 22.1778 -1.55418 -31.8819 19.8964 -6.44746 -31.1944 16.9045 -10.8899 -30.0287 13.279 -14.7185 -28.4872 9.18769 -17.7424 -26.6461 4.70867 -19.935 -24.6341 -0.0320222 -21.2529 -22.5874 -4.92031 -21.6712 -20.5221 -10.03 -21.1651 -18.5556 -15.0132 -19.7752 -16.6782 -19.732 -17.5754 -14.9031 -24.0505 -14.6038 -13.1297 -28.1799 -10.5853 -11.5063 -31.6964 -5.96515 -9.90022 -34.6117 -0.938464 -8.16166 -36.787 4.40869 -6.67131 -37.789 8.75454 -5.07418 -38.0904 13.167 -3.39028 -37.6784 17.5381 -1.63106 -36.5958 21.7624 0.304721 -34.7809 25.952 2.32406 -32.2999 29.7416 4.40753 -29.1663 32.9717 6.50186 -25.4472 35.4968 8.93522 -20.4388 37.5207 11.2786 -15.0942 38.5426 13.598 -9.64252 38.5112 15.8887 -4.34529 37.1724 18.1312 0.75383 34.2599 20.0781 5.15718 30.2184 21.8271 8.88825 25.4715 23.4641 11.7499 20.1195 24.5732 13.0673 15.6931 25.5046 13.5434 11.0602 26.2261 13.1995 6.37841 26.7474 12.1444 1.77695 27.1234 10.1927 -3.35625 27.2447 7.62335 -8.2229 27.0495 4.55128 -12.7863 26.4648 1.04692 -16.9909 25.4897 -2.61843 -20.5746 24.0133 -6.53927 -23.6853 21.897 -10.5872 -26.208 19.0594 -14.5769 -28.0132 14.6478 -19.2247 -29.2115 9.65789 -23.4106 -29.4937 4.27149 -27.0599 -29.0819 -0.428045 -0.349026 -0.289135 -0.248605 -0.0904232 -0.110173 -0.135753 -0.165758 -0.190881 -0.2356 -0.278814 -0.318938 -0.413178 -0.468905 -0.526705 -0.584617 -0.865163 -0.94275 -1.00898 -1.10787 -1.63704 -1.66894 -1.68297 -1.69397 -1.9129 -1.85008 -1.79133 -1.735 -1.63449 -1.51741 -1.40229 -1.27778 -0.619312 -0.408208 -0.232059 -0.027429 1.0613 1.20077 1.31097 1.40113 1.69405 1.69346 1.6825 1.66383 1.65868 1.637 1.6167 1.60012 1.63317 1.6352 1.63922 1.64653 1.78509 1.80857 1.83643 1.87229 1.96254 1.97123 1.98137 1.99545 1.8843 1.85032 1.81531 1.77728 1.5153 1.46293 1.41985 1.37698 1.24854 1.2276 1.20792 1.19015 1.16629 1.14359 1.12053 1.09789 0.857509 0.765025 0.652979 0.486534 -0.961585 -1.23235 -1.38517 -1.50752 -2.27528 -2.25518 -2.23419 -2.21077 -2.36744 -2.29518 -2.22915 -2.1656 -2.12108 -2.01021 -1.88888 -1.75852 -1.34121 -1.17741 -1.06151 -0.925664 0.0943718
-1.47555 -31.2495 -25.393 -5.57019 -31.9137 -23.8253 -9.53811 -31.6562 -21.862 -13.1922 -30.4897 -19.6368 -16.4197 -28.5385 -17.3042 -19.6115 -25.4696 -14.598 -22.2104 -21.7745 -12.0445 -24.2592 -17.5943 -9.75155 -25.7517 -13.0053 -7.84321 -26.487 -9.24913 -6.72514 -26.8487 -5.3544 -5.95052 -26.8477 -1.38965 -5.5256 -26.5127 2.58245 -5.42592 -25.7994 6.82094 -5.63767 -24.7147 10.9561 -6.13042 -23.2358 14.9299 -6.86525 -21.3681 18.6894 -7.81193 -17.8873 23.9677 -9.59687 -13.9213 28.8032 -11.6094 -9.42978 33.2067 -13.5061 -4.13478 36.8451 -14.8799 1.59383 39.2582 -15.5246 7.67691 40.6875 -15.6221 13.8891 41.2694 -15.2675 20.0609 40.8597 -14.3742 25.3063 39.49 -13.0486 30.086 37.2194 -11.2749 34.2638 34.1886 -9.15165 37.7173 30.5039 -6.77592 40.3945 26.1641 -4.17574 42.1499 21.4435 -1.45607 42.9215 16.5603 1.42867 42.5709 11.7449 4.50293 40.908 6.88021 7.90768 38.1713 2.49572 11.2708 34.6312 -1.27794 14.625 30.3529 -4.11884 18.0381 26.2167 -5.50455 20.8838 21.7555 -5.87866 23.5453 17.1459 -5.29848 25.8995 12.5503 -3.85056 27.877 7.46137 -1.25864 29.6516 2.63654 2.04691 30.9004 -2.02614 5.73226 31.5657 -6.62239 9.55728 31.4728 -10.4014 12.7654 30.6568 -14.0385 15.8591 29.0951 -17.4773 18.6868 26.7677 -20.6662 21.0856 23.7156 -23.8794 23.1336 19.5708 -26.6613 24.4518 14.8568 -28.9412 24.9676 9.7349 -30.5868 24.5402 4.36763 -31.457 23.167 -0.781834 -31.6436 20.9103 -5.68415 -31.2502 17.8826 -10.1382 -30.3743 14.1796 -13.9697 -29.107 9.98574 -16.9804 -27.5222 5.39476 -19.1416 -25.742 0.550431 -20.4153 -23.8954 -4.42061 -20.7863 -21.998 -9.59035 -20.2343 -20.156 -14.6091 -18.8026 -18.3583 -19.3407 -16.5641 -16.6145 -23.648 -13.558 -14.8191 -27.7382 -9.5091 -13.1266 -31.1908 -4.86568 -11.4219 -34.0166 0.179637 -9.56739 -36.0669 5.5372 -7.97829 -36.9404 9.8758 -6.27875 -37.0867 14.2578 -4.49327 -36.4992 18.5681 -2.63766 -35.2297 22.698 -0.608315 -33.217 26.7508 1.49768 -30.5541 30.3658 3.66525 -27.2731 33.3874 5.84517 -23.4537 35.6796 8.38483 -18.3884 37.4099 10.842 -13.0467 38.1379 13.2961 -7.66313 37.8298 15.7621 -2.51162 36.2547 18.2422 2.36072 33.1527 20.4635 6.49792 28.9739 22.4986 9.93745 24.1219 24.4131 12.4746 18.6988 25.7129 13.5227 14.2524 26.8066 13.7132 9.63444 27.6511 13.073 5.00463 28.2489 11.7154 0.492666 28.6545 9.41179 -4.49022 28.7485 6.4981 -9.1595 28.4764 3.09929 -13.4809 27.7676 -0.703164 -17.3975 26.635 -4.61144 -20.6642 24.9741 -8.71951 -23.4199 22.6666 -12.879 -25.5653 19.6516 -16.891 -26.9944 15.0521 -21.4482 -27.754 9.90817 -25.4516 -27.6416 4.40143 -28.8597 -26.8929 -0.284035 -0.220515 -0.173187 -0.142368 -0.00409079 -0.0290621 -0.0585684 -0.0920313 -0.124495 -0.171425 -0.21683 -0.259078 -0.356656 -0.41453 -0.474668 -0.534893 -0.818102 -0.897071 -0.965619 -1.06856 -1.61464 -1.65251 -1.67211 -1.69018 -1.93296 -1.87739 -1.82488 -1.77443 -1.69676 -1.58586 -1.47676 -1.35911 -0.745039 -0.537153 -0.363292 -0.161505 0.954598 1.11064 1.23648 1.34138 1.66039 1.66825 1.66263 1.64774 1.64359 1.62477 1.60736 1.59366 1.62766 1.63197 1.63902 1.65109 1.78028 1.80342 1.83013 1.8641 1.92561 1.92958 1.93483 1.94362 1.81006 1.77394 1.73688 1.69669 1.43433 1.38445 1.34307 1.30138 1.18171 1.16283 1.14517 1.12923 1.10522 1.08387 1.06192 1.04008 0.77991 0.686878 0.573606 0.405767 -0.999539 -1.24089 -1.3785 -1.49168 -2.21785 -2.19728 -2.17648 -2.15395 -2.29336 -2.21954 -2.15183 -2.08618 -2.00991 -1.89472 -1.77052 -1.6386 -1.19124 -1.03549 -0.927584 -0.804292 0.043973
1.04087 -30.7287 -26.3716 -3.0927 -31.3493 -24.8906 -7.11146 -31.069 -23.0369 -10.8385 -29.9028 -20.936 -14.1687 -27.9727 -18.7338 -17.5223 -24.9471 -16.1788 -20.3241 -21.3043 -13.7687 -22.6077 -17.1754 -11.6087 -24.3561 -12.6282 -9.82115 -25.294 -8.89335 -8.78643 -25.8566 -5.0084 -8.08615 -26.048 -1.04182 -7.72661 -25.89 2.94226 -7.68339 -25.3431 7.20269 -7.94455 -24.391 11.3663 -8.4703 -23.0028 15.3707 -9.21584 -21.1793 19.1556 -10.1473 -17.6841 24.4479 -11.8612 -13.6449 29.2681 -13.7618 -9.07223 33.6576 -15.4896 -3.72379 37.3129 -16.5826 2.0167 39.7704 -16.8342 8.07439 41.26 -16.458 14.2309 41.9277 -15.6166 20.3278 41.657 -14.2709 25.513 40.4633 -12.587 30.2631 38.3912 -10.5157 34.4597 35.5389 -8.19171 37.9994 31.9787 -5.75379 40.8465 27.6927 -3.24658 42.8382 22.9381 -0.758683 43.8685 17.905 1.76486 43.7546 12.79 4.33108 42.3 7.43708 7.02438 39.7235 2.44671 9.57018 36.2815 -1.99578 12.1081 32.0066 -5.53123 14.8004 27.7936 -7.48741 17.1563 23.2085 -8.37586 19.4616 18.471 -8.21412 21.6195 13.7884 -7.05867 23.5854 8.69126 -4.64116 25.5702 3.96151 -1.36853 27.2086 -0.530982 2.40269 28.3749 -4.90673 6.4497 28.8644 -8.47775 9.97263 28.5901 -11.9128 13.499 27.5885 -15.1907 16.8536 25.7882 -18.2846 19.8318 23.1813 -21.4731 22.5388 19.4124 -24.3027 24.4811 14.9494 -26.6911 25.5407 9.96225 -28.4924 25.5186 4.62816 -29.5366 24.3687 -0.543636 -29.9051 22.1905 -5.47107 -29.6985 19.1441 -9.9249 -29.0156 15.3654 -13.7217 -27.9447 11.0673 -16.6609 -26.5634 6.36596 -18.722 -24.9965 1.42393 -19.8968 -23.3717 -3.62807 -20.2074 -21.7062 -8.87691 -19.6537 -20.0886 -13.9865 -18.2728 -18.5058 -18.8313 -16.1157 -16.9659 -23.2819 -13.2085 -15.3745 -27.5683 -9.27909 -13.8645 -31.2494 -4.74962 -12.3309 -34.3005 0.218798 -10.6501 -36.5253 5.56404 -9.20374 -37.4723 9.93699 -7.65394 -37.6262 14.3739 -6.02441 -36.9793 18.7371 -4.33047 -35.5899 22.8979 -2.47663 -33.4005 26.9431 -0.545203 -30.5353 30.5004 1.46101 -27.0579 33.4119 3.50582 -23.0747 35.5441 5.92598 -17.8748 37.0291 8.30875 -12.4697 37.4848 10.7505 -7.09964 36.9355 13.3091 -2.04155 35.2122 16.036 2.67173 32.0718 18.6317 6.63084 27.9364 21.1161 9.904 23.1796 23.5344 12.3172 17.9031 25.2538 13.3196 13.5907 26.7927 13.5093 9.10138 28.0884 12.9037 4.57229 29.1217 11.6027 0.122803 29.9935 9.37826 -4.83628 30.5023 6.54413 -9.5277 30.5838 3.20978 -13.9067 30.1531 -0.552794 -17.9015 29.2054 -4.44318 -21.2475 27.6566 -8.54298 -24.0797 25.4006 -12.6938 -26.2955 22.3896 -16.6872 -27.7837 17.7495 -21.1945 -28.5926 12.5424 -25.1161 -28.5072 6.97248 -28.4277 -27.7932 -0.165315 -0.107524 -0.0654169 -0.0393356 0.094641 0.0666654 0.0342727 -0.00241831 -0.0354753 -0.0856481 -0.134433 -0.180096 -0.27879 -0.341292 -0.40671 -0.472814 -0.760788 -0.84599 -0.914209 -1.01027 -1.5176 -1.54631 -1.56147 -1.57492 -1.79842 -1.74458 -1.69609 -1.65142 -1.59362 -1.49476 -1.39429 -1.28351 -0.757277 -0.576617 -0.4234 -0.242471 0.778446 0.945762 1.08822 1.21487 1.57742 1.603 1.6096 1.60467 1.60495 1.59303 1.58229 1.5752 1.62139 1.63227 1.64623 1.6674 1.80704 1.83352 1.8619 1.89622 1.93423 1.93327 1.93355 1.93716 1.7783 1.73925 1.69919 1.65613 1.37397 1.32199 1.27766 1.23143 1.09762 1.07493 1.0538 1.03468 1.00543 0.980072 0.9533 0.925561 0.640904 0.53734 0.417509 0.247652 -1.10552 -1.30727 -1.4202 -1.51137 -2.22097 -2.19382 -2.16801 -2.14214 -2.30163 -2.22385 -2.15199 -2.08163 -2.01263 -1.88963 -1.75975 -1.62379 -1.17784 -1.01916 -0.912913 -0.796535 -0.0839768
2.9947 -28.5752 -27.279 -1.24832 -29.1801 -26.1407 -5.43215 -28.8901 -24.6997 -9.3821 -27.724 -23.0555 -12.9879 -25.8049 -21.3291 -16.7182 -22.8023 -19.3298 -19.9322 -19.1865 -17.4523 -22.6321 -15.0832 -15.7782 -24.7638 -10.5568 -14.4011 -25.9498 -6.83293 -13.6101 -26.7067 -2.9539 -13.081 -27.0301 1.01161 -12.8165 -26.9373 4.99791 -12.7928 -26.385 9.26103 -12.9909 -25.3482 13.4211 -13.3619 -23.7969 17.4048 -13.8534 -21.7376 21.1392 -14.4292 -17.7702 26.2803 -15.4249 -13.1915 30.8738 -16.4724 -8.1245 34.9781 -17.2737 -2.44963 38.2864 -17.3881 3.40378 40.36 -16.6855 9.41814 41.4375 -15.373 15.4238 41.712 -13.6661 21.29 41.1254 -11.5925 26.2368 39.7407 -9.41096 30.7612 37.5495 -6.98706 34.7795 34.6205 -4.4529 38.2208 31.0062 -1.95454 41.0757 26.6739 0.462678 43.1723 21.8556 2.73218 44.3491 16.7023 4.92789 44.366 11.3877 7.05296 43.0117 5.74828 9.14729 40.4971 0.434374 11.008 37.0537 -4.3438 12.8343 32.6707 -8.1932 14.8328 28.2901 -10.3559 16.6384 23.513 -11.3731 18.4468 18.6061 -11.2609 20.1893 13.8122 -10.0823 21.8495 8.68861 -7.56337 23.6294 4.04091 -4.1386 25.1898 -0.293731 -0.190194 26.367 -4.46819 4.05284 26.9461 -7.85446 7.76139 26.8104 -11.1123 11.4967 25.9904 -14.2476 15.0768 24.3808 -17.2531 18.2775 21.9393 -20.4089 21.2026 18.3085 -23.2624 23.3109 13.9369 -25.7151 24.4661 9.00257 -27.604 24.4432 3.69887 -28.7346 23.1923 -1.4311 -29.1774 20.8397 -6.27148 -29.0254 17.5875 -10.5796 -28.3741 13.6078 -14.171 -27.3113 9.14255 -16.8526 -25.92 4.32422 -18.6153 -24.3303 -0.674157 -19.4804 -22.671 -5.72445 -19.5028 -20.9559 -10.9237 -18.6921 -19.2794 -15.9513 -17.0972 -17.6413 -20.6933 -14.7604 -16.0619 -25.03 -11.706 -14.4486 -29.192 -7.6537 -12.938 -32.7496 -3.02679 -11.4401 -35.6546 2.03916 -9.86264 -37.6734 7.49646 -8.56222 -38.3993 11.9567 -7.21849 -38.2759 16.4612 -5.84929 -37.3012 20.8529 -4.46091 -35.5447 24.9879 -2.96807 -32.9436 28.9376 -1.42413 -29.668 32.3259 0.186858 -25.8133 34.9979 1.84988 -21.5142 36.8273 3.8516 -16.0395 37.8862 5.86493 -10.4675 37.8873 8.00207 -5.02585 36.9269 10.3648 0.019672 34.9117 13.0481 4.65302 31.6185 15.7538 8.50077 27.4487 18.4474 11.671 22.7362 21.1598 14.0356 17.5821 23.176 15.0592 13.4053 25.0796 15.3193 9.06173 26.7927 14.8165 4.66054 28.2712 13.6314 0.305307 29.6665 11.541 -4.59203 30.6856 8.8237 -9.26947 31.2442 5.56803 -13.6728 31.2336 1.82955 -17.7131 30.615 -2.08586 -21.1066 29.325 -6.24007 -23.9888 27.2601 -10.4552 -26.2685 24.3737 -14.507 -27.8434 19.8052 -19.0612 -28.7855 14.6076 -22.9958 -28.8512 9.0084 -26.2969 -28.3489 -0.0309251 0.00936321 0.036619 0.0505587 0.166446 0.131661 0.0942266 0.0530089 0.0152109 -0.0386986 -0.0911819 -0.140402 -0.241276 -0.306796 -0.374802 -0.443212 -0.7177 -0.799583 -0.859494 -0.938784 -1.35828 -1.37842 -1.38849 -1.39666 -1.57388 -1.52734 -1.4856 -1.44782 -1.39913 -1.31575 -1.2257 -1.12242 -0.654688 -0.490792 -0.348579 -0.176154 0.752321 0.919853 1.06429 1.19509 1.55111 1.58387 1.59587 1.59578 1.59665 1.58904 1.58282 1.58057 1.63414 1.64851 1.66588 1.69131 1.82412 1.84987 1.87692 1.90929 1.92172 1.91732 1.91441 1.91494 1.745 1.70663 1.6669 1.62438 1.34484 1.29238 1.24535 1.19383 1.05053 1.02059 0.992308 0.966151 0.924556 0.890332 0.853196 0.813314 0.483113 0.358636 0.223738 0.0439547 -1.3245 -1.48768 -1.57502 -1.64123 -2.33503 -2.29672 -2.26166 -2.22879 -2.41 -2.32538 -2.24613 -2.16723 -2.10529 -1.9698 -1.83109 -1.68922 -1.24673 -1.08637 -0.985942 -0.886143 -0.350759
5.69872 -25.6842 -30.4341 1.46231 -26.6108 -29.5071 -2.78832 -26.6506 -28.2439 -6.87323 -25.8061 -26.7389 -10.6691 -24.1877 -25.1149 -14.673 -21.5016 -23.1959 -18.1933 -18.1585 -21.3629 -21.209 -14.2772 -19.6989 -23.6401 -9.91317 -18.2938 -25.0263 -6.27025 -17.4528 -25.9452 -2.43744 -16.8488 -26.3846 1.50898 -16.4849 -26.3601 5.4936 -16.3369 -25.8304 9.76406 -16.367 -24.769 13.9315 -16.523 -23.1518 17.9135 -16.7398 -20.9906 21.6271 -16.9762 -16.814 26.685 -17.3454 -11.9994 31.1422 -17.6848 -6.75724 35.1021 -17.706 -1.07463 38.3074 -16.934 4.60233 40.3405 -15.2926 10.3151 41.4265 -13.0033 15.9619 41.7688 -10.3475 21.4592 41.3542 -7.40412 26.1099 40.2285 -4.53157 30.4133 38.3558 -1.51139 34.3234 35.7363 1.48811 37.8001 32.3733 4.27211 40.8478 28.2223 6.77062 43.2617 23.4917 8.9052 44.8172 18.288 10.7122 45.2173 12.7544 12.1196 44.251 6.73681 13.0565 42.086 0.978375 13.4764 38.902 -4.29632 13.7276 34.6106 -8.70673 14.1216 30.1579 -11.3611 14.6259 25.2042 -12.8365 15.2663 20.0645 -13.1138 16.0619 15.0306 -12.2401 17.0731 9.68604 -9.97118 18.5056 4.91979 -6.71269 20.0644 0.573321 -2.85189 21.467 -3.50687 1.40946 22.4457 -6.73681 5.24317 22.7755 -9.79597 9.21902 22.5061 -12.735 13.1557 21.4559 -15.5806 16.8042 19.4991 -18.6083 20.2839 16.2706 -21.3798 22.9406 12.1526 -23.7939 24.5755 7.33623 -25.6787 24.8869 2.04022 -26.8163 23.7744 -3.12 -27.2636 21.402 -7.95025 -27.1211 18.0269 -12.1631 -26.4988 13.8697 -15.5529 -25.495 9.21913 -17.9243 -24.2003 4.2479 -19.2917 -22.75 -0.846706 -19.7399 -21.273 -5.94139 -19.3906 -19.7863 -11.1549 -18.2773 -18.364 -16.189 -16.4698 -16.9888 -20.9536 -14.0127 -15.6615 -25.3618 -10.9407 -14.2906 -29.6936 -6.97799 -12.9839 -33.5152 -2.50198 -11.6625 -36.7281 2.42519 -10.245 -39.0382 7.81039 -9.06204 -39.9469 12.2698 -7.83507 -39.9472 16.8092 -6.59227 -39.0223 21.249 -5.35278 -37.2353 25.4181 -4.05381 -34.5238 29.362 -2.75082 -31.0815 32.6856 -1.43287 -27.0342 35.2305 -0.114307 -22.5449 36.8743 1.41972 -16.8749 37.6481 2.93019 -11.1547 37.3351 4.57031 -5.59592 36.1058 6.49631 -0.42788 33.9418 8.83389 4.3822 30.6385 11.3206 8.46776 26.5596 13.9041 11.9377 21.999 16.6403 14.6884 17.0534 18.802 16.0797 13.0597 20.9749 16.7672 8.89264 23.0721 16.7289 4.63137 25.0257 16.0188 0.360849 27.0537 14.4649 -4.51493 28.7615 12.2428 -9.25268 30.0341 9.41059 -13.798 30.7292 5.99506 -18.0584 30.7449 2.27935 -21.722 30.0377 -1.78257 -24.9204 28.488 -6.01667 -27.547 26.0305 -10.1952 -29.478 21.8669 -15.0224 -30.8431 16.9637 -19.295 -31.2937 11.5842 -22.9749 -31.1557 0.0984693 0.142872 0.172734 0.187861 0.31658 0.281092 0.242805 0.200487 0.168528 0.112675 0.0583739 0.00761585 -0.0898928 -0.155602 -0.222737 -0.289921 -0.54581 -0.624307 -0.676227 -0.737743 -1.07211 -1.07758 -1.08006 -1.08105 -1.21277 -1.16933 -1.13292 -1.10254 -1.07417 -1.00819 -0.931317 -0.840607 -0.481933 -0.351545 -0.234715 -0.0922738 0.63691 0.790622 0.928923 1.0598 1.4267 1.47509 1.49909 1.50959 1.51797 1.51694 1.5166 1.5198 1.58436 1.60571 1.63067 1.66652 1.81982 1.85179 1.88455 1.92345 1.91198 1.9046 1.89894 1.89716 1.69113 1.65155 1.6106 1.56749 1.2677 1.21672 1.16783 1.11137 0.952358 0.917793 0.884781 0.853975 0.806211 0.766581 0.724077 0.678632 0.320838 0.181729 0.0376434 -0.144582 -1.57935 -1.7153 -1.78202 -1.82367 -2.54824 -2.49209 -2.44186 -2.39671 -2.6236 -2.52758 -2.43696 -2.3462 -2.32231 -2.1705 -2.01714 -1.86212 -1.43113 -1.2515 -1.1417 -1.03677 -0.61783
5.89811 -23.4104 -32.8441 1.99256 -25.2138 -31.7673 -2.06818 -26.1027 -30.2229 -6.07591 -26.0237 -28.3264 -9.86403 -25.056 -26.2338 -13.8961 -22.9822 -23.7099 -17.4491 -20.1127 -21.2459 -20.4878 -16.5897 -18.9473 -22.929 -12.4832 -16.9211 -24.3138 -8.97606 -15.6243 -25.2236 -5.23326 -14.5931 -25.6502 -1.34175 -13.8356 -25.6179 2.61285 -13.326 -25.0988 6.87186 -12.9947 -24.0843 11.0497 -12.8093 -22.5619 15.0732 -12.6973 -20.5445 18.8734 -12.615 -16.6576 24.1691 -12.5182 -12.1716 28.9678 -12.4144 -7.27239 33.3273 -12.0227 -1.92691 36.9772 -10.8977 3.47342 39.4853 -8.99988 8.98168 41.0877 -6.52053 14.5016 41.9512 -3.72039 19.9628 42.019 -0.682723 24.6708 41.2686 2.21879 29.1089 39.7088 5.22181 33.2024 37.3314 8.17788 36.8745 34.1334 10.9048 40.1054 30.077 13.3274 42.6671 25.3779 15.3567 44.312 20.1525 17.0157 44.7073 14.571 18.2204 43.6153 8.53773 18.8762 41.2402 2.84779 18.9586 37.8187 -2.27986 18.804 33.298 -6.4722 18.7004 28.6827 -8.88564 18.7173 23.617 -10.0906 18.8294 18.4144 -10.1205 19.072 13.3315 -9.07674 19.5205 7.88973 -6.73029 20.3241 2.95658 -3.49081 21.2908 -1.60923 0.282723 22.1146 -5.94518 4.38436 22.49 -9.40839 8.01784 22.2838 -12.6855 11.7345 21.4562 -15.763 15.3598 19.8359 -18.5985 18.6535 17.3161 -21.4008 21.6979 13.4982 -23.7408 23.8924 8.87153 -25.5534 25.0495 3.6683 -26.6984 24.8925 -1.84186 -27.0485 23.3766 -7.01282 -26.7133 20.6685 -11.6726 -25.8809 17.0219 -15.5674 -24.7364 12.6477 -18.5198 -23.4252 7.83953 -20.3694 -22.0275 2.7723 -21.1622 -20.6526 -2.36098 -21.0264 -19.4096 -7.44866 -20.1156 -18.3161 -12.6157 -18.4613 -17.3871 -17.5708 -16.1777 -16.5079 -22.2411 -13.3411 -15.5811 -26.5674 -10.0162 -14.4857 -30.8555 -5.92241 -13.2979 -34.693 -1.42698 -11.9445 -37.9735 3.44672 -10.3031 -40.3974 8.71708 -8.78855 -41.4275 13.0479 -7.11165 -41.5728 17.4386 -5.35043 -40.803 21.7301 -3.58361 -39.1642 25.768 -1.77949 -36.5857 29.6008 -0.0881673 -33.2394 32.8466 1.43139 -29.2392 35.3532 2.70963 -24.741 37.0045 3.87008 -18.9924 37.8453 4.72576 -13.1334 37.6422 5.49941 -7.36431 36.5376 6.36028 -1.87129 34.4914 7.36823 3.44468 31.2918 8.40489 8.1776 27.287 9.54908 12.3848 22.7589 10.9863 15.9414 17.7791 12.3253 17.9821 13.7047 13.8443 19.3381 9.41374 15.4748 19.9653 4.99714 17.1529 19.8954 0.554482 19.0883 19.031 -4.52564 20.9192 17.4303 -9.46387 22.5123 15.1416 -14.2099 23.7233 12.1728 -18.6843 24.4026 8.76034 -22.5731 24.5014 4.8424 -26.0182 23.8534 0.542707 -28.9028 22.3358 -3.94499 -31.0905 19.3195 -9.47723 -32.7627 15.4807 -14.6954 -33.4934 11.045 -19.4726 -33.5534 -0.0663738 0.00843541 0.061581 0.0940269 0.275139 0.244354 0.210289 0.172651 0.159088 0.106728 0.0564456 0.0102008 -0.0732897 -0.131208 -0.188545 -0.244798 -0.464283 -0.531077 -0.57533 -0.627233 -0.931898 -0.93577 -0.938345 -0.940859 -1.08711 -1.04774 -1.01374 -0.984706 -0.97231 -0.904168 -0.824964 -0.731244 -0.375704 -0.240485 -0.123762 0.0136405 0.676774 0.81338 0.933019 1.04219 1.35944 1.398 1.41621 1.42226 1.43001 1.42551 1.4215 1.42052 1.49096 1.51455 1.54419 1.58818 1.79184 1.84102 1.89457 1.96072 1.96393 1.96848 1.974 1.98381 1.7293 1.68973 1.64713 1.60045 1.27272 1.23039 1.18791 1.13838 1.00212 0.980045 0.958283 0.937975 0.903779 0.876853 0.850612 0.826087 0.501187 0.388391 0.257842 0.0788277 -1.66669 -1.84857 -1.92989 -1.96484 -2.77059 -2.69135 -2.61991 -2.55528 -2.80249 -2.69364 -2.59172 -2.49072 -2.51359 -2.34961 -2.17767 -1.99993 -1.55874 -1.33566 -1.19058 -1.03924 -0.32361
13.5462 -22.8124 -33.7872 10.1451 -25.377 -32.5543 6.48189 -27.1031 -30.7469 2.74436 -27.8849 -28.492 -0.897459 -27.7557 -25.965 -4.89478 -26.5992 -22.8646 -8.53964 -24.5611 -19.7841 -11.7979 -21.7716 -16.8633 -14.6075 -18.2816 -14.2452 -16.3928 -15.1513 -12.5383 -17.808 -11.6913 -11.1506 -18.8401 -7.98631 -10.0982 -19.503 -4.12516 -9.35545 -19.8224 0.134634 -8.83522 -19.7265 4.42495 -8.51514 -19.192 8.69019 -8.31387 -18.2182 12.8798 -8.1817 -15.9909 19.0596 -8.07488 -13.1733 24.9941 -8.00716 -9.80475 30.6214 -7.62214 -5.66717 35.574 -6.39185 -1.06947 39.2447 -4.2841 3.89292 41.8757 -1.54389 9.06637 43.5967 1.51057 14.3797 44.242 4.73676 19.0863 43.6899 7.68476 23.5842 42.0735 10.5663 27.7812 39.5133 13.2079 31.6186 36.1187 15.4212 35.0879 31.8954 17.1211 37.9493 27.0715 18.2634 39.9812 21.7614 18.9241 40.9067 16.1155 19.0945 40.5535 9.97265 18.6895 39.0035 4.06898 17.8134 36.3835 -1.42181 16.8081 32.5488 -6.18393 16.0083 28.356 -9.2489 15.6178 23.5288 -11.2015 15.5055 18.382 -11.9792 15.6827 13.2123 -11.6015 16.1912 7.57323 -9.8738 17.1809 2.42198 -7.09396 18.4064 -2.31024 -3.60089 19.4878 -6.67652 0.447389 20.0461 -9.98741 4.22291 19.8984 -12.9035 8.21986 19.027 -15.3901 12.2101 17.257 -17.4092 15.8892 14.4956 -19.0672 19.3147 10.3466 -20.094 21.7826 5.39149 -20.5141 23.0672 -0.0739331 -20.3 22.8516 -5.69576 -19.5032 21.0992 -10.7409 -18.2681 18.0377 -15.0142 -16.8283 14.0068 -18.3065 -15.3987 9.28711 -20.5066 -14.1363 4.22447 -21.5239 -13.08 -0.984898 -21.4494 -12.2601 -6.14667 -20.4783 -11.7084 -11.1687 -18.8248 -11.4273 -16.1947 -16.5245 -11.3652 -20.9552 -13.7023 -11.3569 -25.384 -10.3832 -11.2481 -29.4196 -6.5973 -10.9461 -33.3336 -2.02171 -10.465 -36.7335 2.93364 -9.77936 -39.4767 8.25825 -8.79988 -41.1932 13.9539 -7.80422 -41.5203 18.5379 -6.65311 -40.8447 23.0467 -5.43508 -39.1826 27.2735 -4.23845 -36.6392 31.0431 -3.06655 -33.1593 34.3765 -2.03007 -29.035 36.9279 -1.17068 -24.4436 38.5933 -0.536711 -19.5785 39.3167 -0.0985078 -13.678 39.0122 0.109207 -7.90466 37.6983 0.34766 -2.36959 35.599 0.849575 2.80801 32.7632 1.71488 7.75709 28.9855 2.8215 12.1307 24.6082 4.18498 16.0037 19.8486 5.98483 19.2721 14.7897 7.7163 21.1456 10.7835 9.73136 22.3889 6.66621 11.9433 22.9607 2.50226 14.2615 22.8882 -1.6425 16.9851 22.0742 -6.35629 19.64 20.5612 -10.9349 22.0872 18.3778 -15.3558 24.1723 15.5165 -19.5707 25.6871 12.1907 -23.2954 26.6287 8.31147 -26.656 26.8389 3.95459 -29.5199 26.1865 -0.723897 -31.7368 24.2148 -6.68034 -33.5069 21.3475 -12.4701 -34.3776 17.831 -17.9571 -34.5399 -0.173043 -0.066086 0.0097051 0.0578592 0.303139 0.273913 0.238632 0.197456 0.205284 0.147987 0.0933034 0.0437199 -0.0182954 -0.0756628 -0.129872 -0.181019 -0.349791 -0.412952 -0.458992 -0.514217 -0.792929 -0.802888 -0.814337 -0.829901 -0.99405 -0.968501 -0.949074 -0.935302 -0.968286 -0.922627 -0.867258 -0.803093 -0.575033 -0.467575 -0.367337 -0.246073 0.360073 0.512557 0.650216 0.779893 1.16414 1.21956 1.24967 1.26637 1.28107 1.28188 1.28482 1.29395 1.42768 1.47798 1.53963 1.62983 1.97917 2.07345 2.17057 2.28171 2.2568 2.27229 2.28622 2.30192 1.94377 1.90001 1.84773 1.7859 1.37297 1.32351 1.26952 1.20116 1.03059 0.993154 0.956526 0.922476 0.863202 0.822126 0.781666 0.743131 0.305227 0.157663 -0.000282134 -0.195386 -1.98189 -2.0688 -2.09245 -2.07717 -2.81286 -2.71009 -2.61815 -2.5373 -2.80779 -2.68559 -2.57039 -2.45635 -2.5155 -2.3326 -2.1384 -1.93659 -1.48514 -1.22601 -1.04929 -0.850604 0.124381
17.0632 -14.1272 -40.4501 14.1551 -17.3654 -39.6004 10.9761 -19.9576 -37.9154 7.69538 -21.7255 -35.512 4.48017 -22.6234 -32.5929 0.950462 -22.6456 -28.7891 -2.26541 -21.7095 -24.8254 -5.16429 -19.9049 -20.918 -7.73 -17.2366 -17.2813 -9.43338 -14.5991 -14.8233 -10.866 -11.5059 -12.7547 -12.0157 -8.0536 -11.124 -12.8936 -4.35505 -9.92008 -13.5529 -0.197208 -9.02803 -13.9123 4.05093 -8.44303 -13.9534 8.33675 -8.05812 -13.6727 12.6235 -7.80746 -12.6933 19.1174 -7.62896 -11.2811 25.5333 -7.5801 -9.3084 31.7785 -7.06321 -6.4391 37.4117 -5.27626 -2.93153 41.6 -2.24147 0.99833 44.5456 1.62314 5.18614 46.3991 5.87549 9.56744 46.9282 10.3004 13.4489 46.0023 14.2022 17.0906 43.8301 17.8307 20.4294 40.6895 21.0145 23.4848 36.81 23.6148 26.2948 32.2266 25.5791 28.6581 27.173 26.859 30.3764 21.757 27.5497 31.2442 16.1009 27.679 31.1669 9.9549 27.1843 30.1586 3.95839 26.1603 28.1708 -1.7359 24.8768 24.9142 -6.80981 23.5834 21.1051 -10.2186 22.5849 16.5345 -12.5534 21.699 11.5059 -13.6787 20.9421 6.3316 -13.5355 20.3657 0.593372 -11.8968 19.9761 -4.65898 -9.04609 19.7506 -9.35949 -5.37394 19.3199 -13.3932 -1.08275 18.2808 -16.0588 2.89041 16.7489 -17.9041 7.00525 14.535 -18.845 10.9605 11.584 -18.8721 14.4067 7.9286 -17.9083 17.3353 3.21775 -16.0927 19.1086 -1.80791 -13.6205 19.5806 -6.84413 -10.655 18.5268 -11.5124 -7.6139 16.0437 -15.2199 -4.67939 12.393 -17.9071 -2.09287 7.94991 -19.559 -0.0311213 3.00503 -20.2354 1.38014 -2.11391 -19.9828 2.18501 -7.2586 -18.9135 2.48161 -12.2888 -17.2197 2.36737 -17.164 -15.1036 1.88183 -22.0624 -12.5735 1.1266 -26.7309 -9.69855 0.282351 -31.0708 -6.36942 -0.458525 -34.9639 -2.50605 -1.03541 -38.6152 2.25645 -1.3992 -41.6307 7.46419 -1.61022 -43.8375 13.0706 -1.66531 -44.7852 19.0241 -1.58817 -44.3253 23.7032 -1.43354 -42.7486 28.1305 -1.26502 -40.1651 32.0558 -1.14562 -36.7722 35.3093 -1.10861 -32.5477 37.9067 -1.16874 -27.8852 39.5953 -1.32913 -22.9877 40.3581 -1.60579 -18.038 40.2216 -2.0907 -12.2588 39.0108 -2.64136 -6.734 36.9432 -3.01416 -1.45777 34.2742 -2.95735 3.55479 31.1164 -2.35023 8.50317 27.2878 -1.30453 13.0485 23.0735 0.127184 17.212 18.587 2.09286 20.8762 13.8729 4.02501 23.1384 10.1705 6.30839 24.8524 6.37493 8.84542 25.9663 2.51735 11.5265 26.4859 -1.3685 14.6976 26.3953 -5.86699 17.8147 25.6295 -10.3389 20.7297 24.2143 -14.7887 23.2766 22.1392 -19.2054 25.2193 19.5571 -23.3026 26.592 16.3817 -27.2092 27.2592 12.6319 -30.7761 27.0986 8.40404 -33.8303 25.7639 2.74817 -36.7849 23.5253 -2.99458 -38.9084 20.6518 -8.68794 -40.2609 -0.842082 -0.635864 -0.485453 -0.382819 -0.0234407 -0.0312966 -0.055068 -0.0911782 -0.0566914 -0.115587 -0.172181 -0.223307 -0.26937 -0.324086 -0.372518 -0.416165 -0.538978 -0.593526 -0.629118 -0.663532 -0.828668 -0.816327 -0.81403 -0.815841 -0.87055 -0.837892 -0.813316 -0.795107 -0.771394 -0.73891 -0.696096 -0.645758 -0.45312 -0.374902 -0.290723 -0.179079 0.35045 0.481672 0.598381 0.708516 1.02618 1.05928 1.07437 1.08048 1.07163 1.06017 1.05424 1.06 1.31747 1.40194 1.51019 1.67531 2.35213 2.53999 2.72336 2.91115 2.84857 2.89001 2.92158 2.94485 2.50005 2.45553 2.3914 2.30545 1.78347 1.71142 1.63217 1.52861 1.29054 1.21951 1.1515 1.08923 0.98758 0.919342 0.852836 0.789893 0.228299 0.0459666 -0.124839 -0.302063 -2.11454 -2.11511 -2.096 -2.0536 -2.84121 -2.72245 -2.61918 -2.53222 -2.87316 -2.74901 -2.63631 -2.52942 -2.67518 -2.50405 -2.3226 -2.13476 -1.84161 -1.57967 -1.38263 -1.13111 0.656781
20.0276 -2.15212 -44.9741 18.291 -6.18999 -44.3868 16.3051 -9.8309 -42.8168 14.1637 -12.8443 -40.3676 11.9778 -15.1161 -37.249 9.47308 -16.826 -33.0382 7.06623 -17.5878 -28.5044 4.72517 -17.4248 -23.876 2.40635 -16.2689 -19.3799 0.641095 -14.6493 -16.1924 -1.07807 -12.4138 -13.3734 -2.72005 -9.64803 -11.0168 -4.26238 -6.47858 -9.15264 -5.79648 -2.74701 -7.65596 -7.17362 1.19236 -6.60578 -8.37022 5.26874 -5.92071 -9.37851 9.43637 -5.55727 -10.5929 15.8928 -5.57584 -11.5304 22.381 -6.00567 -12.0453 28.9301 -5.93795 -11.706 35.2748 -4.26786 -10.4237 40.4539 -1.01418 -8.43704 44.5363 3.28023 -5.96093 47.5352 8.17214 -3.04567 49.0598 13.4855 -0.197475 48.7761 18.2765 2.67375 47.01 22.7244 5.4421 44.116 26.6114 8.0649 40.3836 29.8266 10.549 35.8768 32.3326 12.7196 30.8582 34.025 14.4309 25.4762 34.9563 15.5493 19.8655 35.1345 16.0614 13.7547 34.4869 15.9159 7.74754 33.1025 14.9922 1.96871 31.1595 12.9596 -3.32289 28.7324 10.2577 -7.07195 26.3302 6.79152 -9.8948 23.6575 2.7991 -11.6149 20.789 -1.47145 -12.1172 17.8502 -6.39916 -11.2188 14.583 -11.0335 -9.05915 11.4808 -15.0803 -6.0018 8.31208 -18.1563 -2.23749 4.82892 -19.6728 1.33602 1.64012 -20.0402 5.05121 -1.72151 -19.1776 8.57845 -5.1932 -17.1015 11.5803 -8.64528 -13.5493 14.0589 -12.2419 -9.11166 15.5072 -15.3896 -4.16079 15.7849 -18.0561 0.967632 14.632 -20.073 5.66108 12.164 -21.0927 9.80494 8.70159 -21.1109 13.2387 4.60994 -20.3184 15.8434 0.0782986 -18.9619 17.4783 -4.66631 -17.2084 18.1969 -9.49627 -15.1074 18.152 -14.2559 -12.7402 17.5125 -18.8845 -10.2053 16.3281 -23.5389 -7.45491 14.7066 -27.9665 -4.55697 12.7647 -32.058 -1.37585 10.6262 -35.6936 2.20749 8.1743 -39.0654 6.56242 5.63641 -41.8179 11.2878 3.01949 -43.7991 16.3447 0.364666 -44.5943 21.6987 -1.65515 -44.0873 25.9147 -3.55482 -42.5237 29.9219 -5.28512 -39.9941 33.4882 -6.81658 -36.6736 36.4445 -8.18911 -32.5257 38.7909 -9.28695 -27.9245 40.2801 -10.0988 -23.0678 40.8687 -10.6379 -18.1482 40.5504 -10.9704 -12.4158 39.0909 -11.0126 -6.96769 36.7635 -10.7331 -1.79839 33.8823 -10.0402 3.08757 30.6039 -8.83018 7.89726 26.7417 -7.24233 12.3213 22.568 -5.35445 16.4465 18.2168 -3.09195 20.2776 13.7765 -1.06491 22.8856 10.3636 1.22445 25.1687 6.88443 3.71933 27.077 3.32179 6.34952 28.5989 -0.328473 9.4904 29.8906 -4.66055 12.6467 30.6696 -9.10259 15.7019 30.8651 -13.6773 18.5083 30.3749 -18.3873 20.8174 29.2066 -22.9185 22.6954 27.2941 -27.3956 24.0355 24.5632 -31.6353 24.7096 21.0204 -35.4066 24.5613 15.7398 -39.2267 23.5738 9.9901 -42.1364 22.055 3.99509 -44.1989 -0.791548 -0.434041 -0.188861 -0.0297754 0.483279 0.479305 0.453013 0.40839 0.474792 0.40543 0.339467 0.281187 0.267683 0.213572 0.169872 0.133585 0.0892736 0.0499172 0.0633613 0.111578 0.142877 0.21204 0.273412 0.34118 0.43795 0.521111 0.595509 0.665099 0.775051 0.850542 0.933312 1.02034 1.20687 1.30019 1.39919 1.51262 1.86335 1.94407 2.00024 2.0371 2.16614 2.10444 2.01226 1.88601 1.70871 1.53057 1.33579 1.12503 1.28453 1.12915 1.02628 1.04451 2.26428 2.43316 2.57716 2.70505 2.41983 2.3804 2.34171 2.30461 1.72407 1.64356 1.55987 1.46818 0.756404 0.668787 0.58273 0.466079 0.0863039 -0.00215537 -0.0845536 -0.158221 -0.279193 -0.356691 -0.434789 -0.514285 -1.12808 -1.31234 -1.4341 -1.52803 -3.09382 -3.04859 -2.98099 -2.88699 -3.70203 -3.57282 -3.45451 -3.34939 -3.78125 -3.63835 -3.49802 -3.35844 -3.57802 -3.37748 -3.16186 -2.93306 -2.74643 -2.4015 -2.14183 -1.80933 0.258513
27.5813 4.1918 -45.4229 27.0708 -0.204683 -45.1486 26.2803 -4.39031 -43.9154 25.2339 -8.13241 -41.7785 23.9892 -11.2711 -38.9036 22.366 -14.0882 -34.8591 20.6137 -15.9728 -30.3529 18.7095 -16.8867 -25.613 16.5967 -16.7003 -20.877 14.8216 -15.7066 -17.4476 12.961 -13.9696 -14.3783 11.0723 -11.577 -11.8079 9.20088 -8.68249 -9.80317 7.22018 -5.18535 -8.26543 5.26357 -1.47308 -7.31225 3.30086 2.33234 -6.88295 1.30994 6.14677 -6.94648 -1.77614 11.863 -7.92652 -4.89279 17.4139 -9.54973 -8.10308 23.0247 -10.7214 -11.3739 28.6944 -10.1607 -14.269 33.6566 -7.70118 -16.7927 37.9273 -3.90015 -18.8661 41.4432 0.832133 -20.212 43.8414 6.44395 -20.5472 44.6413 11.9571 -20.0853 44.1321 17.4955 -19.0256 42.5209 22.7327 -17.5266 39.9928 27.4771 -15.6263 36.5853 31.6652 -13.494 32.5007 35.061 -11.3435 27.8507 37.6135 -9.38911 22.7251 39.2477 -7.62947 16.856 39.9413 -6.23397 10.8574 39.6376 -5.26691 4.89721 38.3866 -4.95131 -0.790567 36.026 -5.32793 -5.06865 33.0794 -6.24811 -8.58877 29.3527 -7.56696 -11.147 25.0119 -9.14724 -12.5892 20.2634 -11.1433 -12.8315 14.6313 -13.1161 -11.8378 9.0738 -14.7067 -9.98549 3.61459 -15.4893 -7.44701 -1.74339 -15.287 -4.85338 -6.04108 -14.2017 -2.01288 -10.04 -12.1466 0.783296 -13.6727 -9.09564 3.24101 -16.8173 -4.68354 5.39027 -19.5762 0.402813 6.81611 -21.524 5.86802 7.31846 -22.7797 11.4276 6.56462 -23.2491 16.4363 4.6155 -22.7271 20.79 1.78533 -21.2455 24.3658 -1.6205 -19.0604 27.0735 -5.49077 -16.4433 28.7561 -9.65553 -13.6004 29.4299 -13.9804 -10.5836 29.212 -18.29 -7.47906 28.2519 -22.4974 -4.37495 26.5696 -26.7156 -1.21142 24.2574 -30.69 1.86897 21.3581 -34.3046 4.89543 17.9118 -37.4422 7.88025 13.6267 -40.2524 11.0563 8.92889 -42.4387 14.1381 3.92372 -43.9114 17.159 -1.31283 -44.3687 20.1112 -5.44793 -43.7831 22.2721 -9.47417 -42.3058 24.2005 -13.237 -39.9883 25.8072 -16.6074 -36.9504 27.0416 -19.6301 -33.1173 27.9156 -22.0184 -28.7909 28.3314 -23.693 -24.1235 28.2621 -24.6049 -19.2818 27.6958 -24.7381 -13.4966 26.4251 -24.0458 -7.87801 24.6778 -22.7423 -2.47745 22.6196 -20.8981 2.66524 20.3277 -18.367 7.76747 17.6678 -15.3751 12.5046 14.818 -12.1184 16.9714 11.8254 -8.68889 21.2037 8.6886 -5.966 24.181 6.18263 -3.1237 26.8999 3.52041 -0.181856 29.301 0.667544 2.81827 31.3544 -2.38878 6.31682 33.2909 -6.17172 9.79928 34.7245 -10.1864 13.2149 35.5504 -14.4234 16.4659 35.6211 -18.8648 19.29 34.8958 -23.1923 21.7951 33.3475 -27.4999 23.93 30.9175 -31.5946 25.6147 27.6032 -35.256 26.9946 22.4668 -39.026 27.6724 16.712 -42.0132 27.8544 10.606 -44.2899 1.35892 1.83044 2.09651 2.23315 2.80653 2.72091 2.61423 2.48665 2.50297 2.36765 2.23867 2.12141 2.06695 1.96179 1.87554 1.80295 1.77631 1.69884 1.73768 1.8909 2.34714 2.45963 2.53317 2.60636 2.96564 2.9678 2.98097 2.99899 3.13103 3.11896 3.12406 3.1405 3.2256 3.22312 3.21868 3.21246 3.27415 3.21182 3.12945 3.02923 2.85167 2.66752 2.46306 2.21605 1.8886 1.59467 1.28001 0.935286 1.0183 0.684444 0.402502 0.203871 2.00482 2.23146 2.42358 2.57183 2.10022 2.02121 1.94311 1.86715 1.15304 1.02842 0.917308 0.819162 -0.167349 -0.340026 -0.516235 -0.741257 -1.47384 -1.68161 -1.88198 -2.06692 -2.32032 -2.49397 -2.66129 -2.82296 -3.4869 -3.65704 -3.75419 -3.82142 -5.04291 -4.99876 -4.95345 -4.90827 -5.86573 -5.77651 -5.688 -5.60447 -6.1498 -6.00064 -5.84438 -5.68059 -5.94121 -5.71621 -5.48132 -5.235 -5.17326 -4.79133 -4.5053 -4.13059 -3.81355
28.6547 9.31893 -45.9512 29.6135 5.14145 -44.8135 30.1348 1.16762 -42.9157 30.1958 -2.44474 -40.3442 29.8206 -5.60406 -37.255 28.9007 -8.6831 -33.1805 27.54 -11.108 -28.7991 25.7536 -12.8641 -24.2545 23.496 -13.8624 -19.69 21.418 -14.0275 -16.2908 19.0741 -13.6341 -13.0891 16.5235 -12.7016 -10.1694 13.8349 -11.2951 -7.58248 10.8441 -9.337 -5.18675 7.81033 -7.00978 -3.21228 4.77342 -4.37466 -1.67884 1.7734 -1.48125 -0.608279 -2.65467 3.31013 0.163849 -6.90765 8.31655 0.260517 -11.1655 13.3185 0.373699 -15.5763 18.1342 1.09183 -19.8835 22.4592 2.43255 -24.2469 26.5241 4.30182 -28.6618 30.1611 6.81896 -33.0471 32.9493 10.2904 -36.7293 34.39 14.229 -39.9916 34.7507 18.7429 -42.6764 34.0317 23.5826 -44.6113 32.2055 28.4885 -45.6839 29.2464 33.2693 -45.8233 25.4076 37.5126 -45.0349 20.9246 40.9829 -43.2792 16.0357 43.3867 -40.4179 10.6979 44.5462 -36.8949 5.64058 44.3601 -33.0021 1.02828 43.0964 -28.8887 -2.92367 40.7543 -25.3824 -5.48829 37.8812 -22.0055 -7.21662 34.3124 -18.8665 -8.12761 30.2574 -16.0254 -8.28996 25.8952 -13.166 -7.65454 20.6814 -10.6524 -6.37098 15.4089 -8.23725 -4.77443 10.176 -5.66978 -3.1268 5.03225 -3.29074 -1.80954 0.808089 -0.646987 -0.652508 -3.30413 2.3357 0.187492 -7.25842 5.7015 0.550818 -10.9703 9.88336 0.297293 -14.7314 14.369 -0.667864 -17.9941 19.01 -2.40888 -20.6639 23.615 -5.03894 -22.5546 27.7574 -8.38058 -23.4679 31.4177 -12.3508 -23.4719 34.4417 -16.7458 -22.6359 36.688 -21.384 -21.0231 38.0242 -25.9941 -18.7382 38.4589 -30.4475 -15.8681 38.0251 -34.5785 -12.5506 36.774 -38.2567 -8.9223 34.6855 -41.4967 -4.95104 31.9237 -44.069 -0.902949 28.6124 -45.9172 3.12818 24.8487 -46.9652 7.04822 20.3711 -47.1712 11.08 15.6759 -46.54 14.8087 10.8965 -45.2332 18.2432 6.11954 -43.2403 21.3344 2.46497 -41.1282 23.4068 -1.0561 -38.5198 25.1127 -4.38601 -35.469 26.4226 -7.48853 -32.0581 27.3454 -10.4862 -28.1489 27.9167 -13.163 -23.9768 28.068 -15.4605 -19.5924 27.7636 -17.326 -15.0647 26.9801 -18.9783 -9.58099 25.4635 -20.0802 -4.11637 23.4573 -20.665 1.26916 21.0583 -20.6529 6.49246 18.2623 -19.9351 11.7343 14.868 -18.6433 16.6322 11.1457 -17.004 21.262 7.22265 -15.0859 25.637 3.13677 -13.3985 28.6942 -0.0826773 -11.4833 31.4639 -3.43214 -9.354 33.8908 -6.91559 -7.05288 35.9551 -10.5214 -4.22195 37.8977 -14.824 -1.23259 39.3395 -19.2156 1.92094 40.1704 -23.6501 5.20903 40.2284 -28.0644 8.38538 39.4732 -32.1349 11.5724 37.8998 -35.9553 14.7337 35.4769 -39.3265 17.7679 32.2057 -42.0322 21.1737 27.1479 -44.3385 24.0786 21.4725 -45.6992 26.5958 15.4925 -46.335 2.72504 2.57353 2.39971 2.21466 2.55515 2.29656 2.07139 1.86322 1.88647 1.72738 1.58266 1.45422 1.45816 1.33622 1.22066 1.10771 1.14534 0.99999 0.958179 1.00267 1.56402 1.60824 1.67401 1.78857 2.65216 2.60766 2.56475 2.52423 2.85956 2.7171 2.59253 2.47169 2.34969 2.14785 2.00007 1.8593 1.30976 1.15189 1.03162 0.938636 0.386359 0.355497 0.332329 0.309061 0.168861 0.135788 0.100608 0.0601776 0.576467 0.626723 0.722657 0.926192 1.93462 2.17366 2.42219 2.68978 2.44591 2.52055 2.59728 2.68085 1.96364 1.90746 1.8468 1.78077 0.717965 0.542238 0.383211 0.211124 -0.307423 -0.455711 -0.602568 -0.739817 -0.956717 -1.09779 -1.24613 -1.40019 -2.0949 -2.31537 -2.48579 -2.65398 -4.42936 -4.39014 -4.34518 -4.29038 -5.24421 -5.12066 -4.9924 -4.86626 -5.30599 -5.1234 -4.92743 -4.71941 -4.97414 -4.75168 -4.5358 -4.3187 -4.54249 -4.11035 -3.81891 -3.34768 -3.06256
