# num_vectors 21
# vector_size 401
# Iterations: 650464, stepsize: 0.028061, max step size: 1.000000, spring constant: 0.000100, global NEB Hessian: false, global NEB Linesearch: true, climbing image: false
-9.22324 -27.101 -25.2082 -11.4444 -23.2646 -25.0888 -13.3467 -19.2818 -24.6593 -14.9208 -15.1996 -23.9361 -16.1655 -11.062 -22.9379 -17.2106 -6.20274 -21.4464 -17.8314 -1.37889 -19.637 -18.0532 3.36183 -17.5381 -17.9054 7.97912 -15.1742 -17.5608 11.4208 -13.1902 -17.0286 14.7543 -11.0678 -16.3207 17.9652 -8.81194 -15.4472 21.0384 -6.42606 -14.3287 24.1821 -3.70855 -13.036 27.1237 -0.845973 -11.5757 29.8378 2.15745 -9.95298 32.2955 5.29516 -7.17404 35.4895 10.319 -4.04671 37.8946 15.5723 -0.601554 39.3882 20.9633 3.1126 39.8587 26.3621 6.83045 39.2784 31.3518 10.6461 37.661 36.0296 14.4624 35.0211 40.2157 18.1718 31.427 43.7342 21.3036 27.5087 46.181 24.1857 23.0408 47.8778 26.7476 18.1615 48.7589 28.9257 13.0231 48.7855 30.7009 7.65193 47.9123 31.9557 2.3552 46.1424 32.6387 -2.6861 43.5192 32.704 -7.28904 40.1175 32.0443 -11.5508 35.7101 30.6067 -14.8781 30.7215 28.408 -17.0855 25.4002 25.5157 -18.0454 20.0395 22.6203 -17.8494 15.7146 19.4131 -16.7603 11.758 16.004 -14.8623 8.30805 12.4987 -12.2796 5.44979 8.46652 -8.65323 2.92869 4.50508 -4.53684 1.16024 0.640309 -0.119985 0.0113348 -3.15173 4.44932 -0.700689 -6.32635 8.32006 -1.12266 -9.53439 12.1664 -1.51374 -12.8184 15.9364 -2.00478 -16.2116 19.5708 -2.72324 -20.1613 23.3942 -3.93961 -24.2505 26.823 -5.73407 -28.4121 29.6965 -8.20856 -32.5243 31.8363 -11.4036 -36.2631 33.036 -15.1107 -39.619 33.2733 -19.3346 -42.404 32.4725 -23.8912 -44.446 30.6271 -28.5372 -45.5998 27.8591 -32.9265 -45.8286 24.289 -36.8585 -45.1197 20.1207 -40.0805 -43.5253 15.6037 -42.3857 -41.0451 10.8234 -43.6615 -37.908 6.2643 -43.7253 -34.3282 2.19454 -42.606 -30.5263 -1.18087 -40.4191 -26.3628 -3.92433 -37.0302 -22.3664 -5.65377 -32.8608 -18.6499 -6.42692 -28.1773 -15.2419 -6.37664 -23.2044 -12.7659 -5.88773 -19.2367 -10.4067 -5.09786 -15.2465 -8.10542 -4.1037 -11.2681 -5.79503 -3.00315 -7.32311 -3.27361 -1.83434 -3.21572 -0.588693 -0.774976 0.817054 2.32328 0.0551798 4.74458 5.5041 0.536334 8.51884 9.66802 0.503929 12.7333 14.1795 -0.356002 16.4761 18.9038 -2.156 19.565 23.6308 -4.92679 21.8188 28.3613 -8.85099 23.1365 32.4825 -13.5959 23.2565 35.7151 -18.8791 22.1838 37.8611 -24.3765 20.0188 38.6951 -28.4725 17.7638 38.8379 -32.3819 15.0703 38.3079 -35.9964 12.035 37.1438 -39.2267 8.75351 35.071 -42.3987 4.76075 32.3196 -44.8809 0.690223 28.9998 -46.6196 -3.3417 25.2273 -47.5845 -7.2325 21.3408 -47.7747 -10.7093 17.2537 -47.2649 -13.9131 13.065 -46.0736 -16.788 8.87093 -44.2312 -19.2869 3.75996 -41.0793 -21.8254 -1.05124 -37.086 -23.6711 -5.4182 -32.3787 -24.7987 -0.0188884 -0.019083 -0.0192591 -0.0194111 -0.0201469 -0.0198962 -0.0195519 -0.0192201 -0.018465 -0.0179715 -0.0174308 -0.0169127 -0.0157978 -0.0152832 -0.0147259 -0.0141804 -0.013357 -0.0129702 -0.0125798 -0.0120748 -0.0109026 -0.0109993 -0.0113286 -0.0114827 -0.0130155 -0.0137304 -0.0146451 -0.0154595 -0.0191369 -0.0192562 -0.0193885 -0.0196067 -0.0198277 -0.0172732 -0.0143729 -0.0117984 -0.00664798 -0.00459786 -0.00245085 -0.000624873 -0.000881039 -0.000485518 0.000186571 0.000808015 -0.000594577 0.000116614 0.00114412 0.00233076 0.00505195 0.00608678 0.00730534 0.00857847 0.00941673 0.00926749 0.00899489 0.00876602 0.00609039 0.00552791 0.00479229 0.00418643 0.00133875 0.00121731 0.00105699 0.000908661 0.00113372 0.00267202 0.00420054 0.00532162 0.00726264 0.00841527 0.00951948 0.0103377 0.0105182 0.0112822 0.0121582 0.0128517 0.0128228 0.0143206 0.0163126 0.0182036 0.0191544 0.0197269 0.0205942 0.0212418 0.0185138 0.0181274 0.0177792 0.0174413 0.015639 0.0154292 0.0151567 0.014978 0.0156742 0.015842 0.0159315 0.0161115 0.0173528 0.0171418 0.016805 0.0165669 0.121482
-8.34694 -30.476 -26.5655 -11.6778 -27.5556 -26.3596 -14.6766 -24.3314 -25.8331 -17.298 -20.851 -25.0079 -19.5089 -17.1664 -23.9121 -21.5496 -12.6658 -22.3281 -22.9943 -8.0405 -20.4712 -23.854 -3.36428 -18.3921 -24.1543 1.29882 -16.1351 -24.028 4.83815 -14.3028 -23.6081 8.31605 -12.3981 -22.9116 11.7126 -10.4288 -21.9543 15.0087 -8.39913 -20.6448 18.4312 -6.14283 -19.0642 21.6886 -3.81707 -17.2264 24.7537 -1.41976 -15.1443 27.5961 1.05094 -11.5231 31.4391 4.96001 -7.41532 34.5639 9.02507 -2.8894 36.842 13.2071 1.96321 38.1533 17.4374 6.77572 38.4134 21.4159 11.659 37.6582 25.2422 16.4811 35.8759 28.7957 21.1056 33.0982 31.9508 24.9576 29.8352 34.3306 28.4529 25.9133 36.2148 31.5052 21.4308 37.5331 34.0326 16.5033 38.2262 35.996 11.1267 38.2396 37.2385 5.58661 37.5146 37.6783 0.0729496 36.0419 37.2435 -5.19479 33.8455 35.7452 -10.3131 30.7501 33.1773 -14.5311 27.0571 29.6274 -17.5365 23.0088 25.2879 -19.0928 18.9137 21.2169 -19.1958 15.6667 16.9805 -18.2166 12.7995 12.7664 -16.27 10.4376 8.72047 -13.5283 8.63747 4.39116 -9.64397 7.24674 0.418119 -5.24345 6.46236 -3.26573 -0.545881 6.10576 -6.78369 4.28824 5.96323 -9.72169 8.36128 5.83159 -12.7226 12.3805 5.55048 -15.8459 16.2744 4.98369 -19.121 19.9559 4.00443 -22.9597 23.7009 2.29058 -26.9033 26.8723 -0.176926 -30.814 29.2879 -3.42792 -34.507 30.7845 -7.40539 -37.6533 31.2466 -11.7697 -40.2384 30.7099 -16.4803 -42.1227 29.1921 -21.3079 -43.2132 26.7688 -26.0088 -43.4708 23.6167 -30.2817 -42.9258 19.8518 -33.9948 -41.6264 15.642 -36.9694 -39.656 11.1692 -39.0599 -37.0131 6.43799 -40.1831 -33.9206 1.84814 -40.1651 -30.5526 -2.38624 -39.0001 -27.0897 -6.07123 -36.7508 -23.406 -9.28068 -33.2186 -19.9866 -11.5311 -28.7926 -16.9401 -12.7873 -23.7442 -14.2938 -13.0998 -18.3363 -12.4693 -12.7678 -14.0151 -10.8019 -12.0042 -9.68512 -9.21541 -10.8917 -5.4006 -7.61832 -9.51732 -1.19679 -5.81398 -7.88134 3.12319 -3.76651 -6.16334 7.30058 -1.36372 -4.47947 11.2988 1.48606 -2.95449 15.06 5.5451 -1.51471 19.1285 10.3155 -0.711427 22.5488 15.6609 -0.736538 25.1037 21.3114 -1.71059 26.5949 27.2346 -3.79621 26.8756 32.624 -6.8472 25.7993 37.0764 -10.6333 23.4852 40.3185 -14.8672 20.1571 41.8851 -18.1839 17.1399 42.679 -21.4822 13.8158 42.7279 -24.6692 10.2946 42.0799 -27.671 6.67133 40.5326 -30.8439 2.44773 38.2284 -33.6256 -1.70604 35.2649 -35.9669 -5.71061 31.7353 -37.8298 -9.50171 27.9474 -39.1244 -12.8491 23.8027 -39.9336 -15.9143 19.3745 -40.2325 -18.6587 14.7399 -39.997 -21.0448 8.78426 -38.9258 -23.4704 2.81759 -36.9701 -25.2239 -2.96179 -34.1377 -26.2616 -0.0422765 -0.0312108 -0.0209087 -0.0111928 0.0287273 0.0320161 0.0349054 0.0375682 0.0403026 0.0380955 0.0360637 0.0341134 0.0184974 0.012576 0.00664869 0.000462228 -0.0542983 -0.0721861 -0.09109 -0.111536 -0.227989 -0.246933 -0.266319 -0.286158 -0.360726 -0.364484 -0.368627 -0.372953 -0.36538 -0.350048 -0.334261 -0.317589 -0.194241 -0.151191 -0.106197 -0.0594732 0.120269 0.151935 0.181739 0.208849 0.266521 0.271027 0.274081 0.275731 0.269904 0.270896 0.272836 0.275668 0.291414 0.296574 0.302429 0.308571 0.33855 0.344889 0.351345 0.358108 0.395931 0.401811 0.407707 0.414342 0.426255 0.422766 0.419114 0.415653 0.362449 0.347495 0.334118 0.321872 0.273699 0.267315 0.262536 0.258811 0.249616 0.245472 0.241461 0.236775 0.182647 0.153387 0.121783 0.0871804 -0.130832 -0.184809 -0.235763 -0.284689 -0.448238 -0.465757 -0.481979 -0.497147 -0.542086 -0.539932 -0.538141 -0.536475 -0.503124 -0.489884 -0.477196 -0.464615 -0.377292 -0.354106 -0.331966 -0.310201 -0.0965027
-6.84905 -32.3726 -26.2331 -10.8509 -30.5364 -25.705 -14.5573 -28.2431 -24.8872 -17.895 -25.5293 -23.8098 -20.8042 -22.4451 -22.5098 -23.6068 -18.4439 -20.7593 -25.7245 -14.1185 -18.8266 -27.1465 -9.56971 -16.7735 -27.886 -4.89155 -14.653 -28.0105 -1.26298 -13.0044 -27.7661 2.35849 -11.3536 -27.1713 5.94199 -9.70896 -26.2447 9.45908 -8.07448 -24.8924 13.1496 -6.32228 -23.1949 16.6987 -4.57843 -21.1709 20.0735 -2.83684 -18.8388 23.2404 -1.09023 -14.725 27.602 1.59609 -10.0107 31.2721 4.32889 -4.78685 34.1228 7.11237 0.831028 36.0345 9.93152 6.41071 36.8896 12.6135 12.0767 36.7461 15.2465 17.6743 35.5794 17.769 23.0433 33.4012 20.1111 27.5133 30.6377 21.9901 31.562 27.1573 23.616 35.08 23.0323 24.9409 37.9575 18.3519 25.9217 40.1262 13.09 26.5318 41.3796 7.50796 26.7107 41.5977 1.79457 26.4421 40.6804 -3.81036 25.7309 38.3665 -9.39439 24.511 34.7201 -14.1039 22.9152 29.9347 -17.5393 21.0926 24.3581 -19.3989 19.2308 19.3643 -19.6439 17.7718 14.3965 -18.7132 16.5144 9.67842 -16.7472 15.5137 5.35099 -13.9432 14.7803 0.928775 -9.95493 14.23 -2.96468 -5.42807 13.8928 -6.46775 -0.587956 13.6341 -9.75819 4.39437 13.2955 -12.4947 8.58004 12.8153 -15.2922 12.6821 12.0498 -18.2079 16.6069 10.8952 -21.2611 20.2458 9.25974 -24.8158 23.8366 6.77614 -28.4167 26.7347 3.56175 -31.9117 28.7714 -0.354225 -35.1139 29.8165 -4.86558 -37.7295 29.82 -9.58985 -39.7454 28.8424 -14.5031 -41.0474 26.9383 -19.3857 -41.5689 24.2098 -24.0164 -41.3045 20.8496 -28.1272 -40.2986 16.9687 -31.6179 -38.6202 12.7235 -34.342 -36.3703 8.27333 -36.184 -33.5555 3.59281 -37.0787 -30.4193 -0.963158 -36.8838 -27.1327 -5.22794 -35.6028 -23.8637 -9.05033 -33.2934 -20.4956 -12.5647 -29.7366 -17.4718 -15.2919 -25.2908 -14.874 -17.1764 -20.1872 -12.71 -18.2205 -14.6579 -11.2776 -18.4856 -10.1869 -10.013 -18.3056 -5.66139 -8.83767 -17.7244 -1.14558 -7.65755 -16.7892 3.30914 -6.29514 -15.4721 7.89207 -4.6846 -13.875 12.3023 -2.7026 -12.0641 16.472 -0.241445 -10.1167 20.3118 3.42302 -7.73569 24.3123 7.91735 -5.48282 27.447 13.147 -3.57359 29.4733 18.8702 -2.22169 30.1935 25.0768 -1.58556 29.4283 30.9278 -1.88033 27.1496 35.9594 -3.10042 23.5848 39.8346 -5.13652 19.0737 41.8846 -7.10869 15.2703 43.1514 -9.36435 11.2871 43.6565 -11.8187 7.25232 43.4453 -14.394 3.26714 42.3789 -17.4416 -1.19107 40.5263 -20.4679 -5.39943 37.9785 -23.3938 -9.30434 34.8168 -26.1482 -12.8706 31.3174 -28.5376 -15.9159 27.3835 -30.6509 -18.6155 23.0672 -32.4244 -20.9507 18.4242 -33.7912 -22.901 12.2637 -34.8296 -24.7641 5.85634 -35.0007 -25.9543 -0.595077 -34.2011 -26.4446 -0.171873 -0.150522 -0.131025 -0.113039 -0.0341025 -0.031631 -0.0298447 -0.0283869 -0.026722 -0.0338173 -0.0404988 -0.0468961 -0.0789347 -0.0927123 -0.106416 -0.120447 -0.22696 -0.263993 -0.302399 -0.343084 -0.575947 -0.612777 -0.649331 -0.686055 -0.8392 -0.844496 -0.849838 -0.855258 -0.845136 -0.809517 -0.771773 -0.731112 -0.452479 -0.346839 -0.23642 -0.121201 0.295944 0.368267 0.434304 0.493003 0.603191 0.612263 0.618226 0.622041 0.613505 0.617087 0.622922 0.631018 0.672449 0.6854 0.699593 0.714186 0.775079 0.786471 0.797749 0.808975 0.867469 0.876239 0.885261 0.895506 0.915567 0.911385 0.907057 0.903273 0.8197 0.79423 0.770917 0.749586 0.659546 0.645737 0.63486 0.626265 0.615294 0.606141 0.597186 0.587283 0.504901 0.440173 0.368146 0.288265 -0.206125 -0.342056 -0.467835 -0.585008 -0.957756 -0.99092 -1.02058 -1.04752 -1.13452 -1.12318 -1.11334 -1.10437 -1.03142 -1.00033 -0.97037 -0.940528 -0.752096 -0.700182 -0.650562 -0.602289 -0.16304
-4.49055 -34.5039 -27.1552 -8.76677 -33.7458 -26.2581 -12.8226 -32.4083 -25.0636 -16.5613 -30.5135 -23.6155 -19.8988 -28.1033 -21.9669 -23.2077 -24.7066 -19.8593 -25.8084 -20.7967 -17.6508 -27.6683 -16.492 -15.4283 -28.7868 -11.9093 -13.2657 -29.1588 -8.26893 -11.6817 -29.1231 -4.57309 -10.1852 -28.7001 -0.862746 -8.78721 -27.911 2.82501 -7.49191 -26.6726 6.74093 -6.20711 -25.0577 10.5521 -5.02994 -23.0897 14.2221 -3.94512 -20.7899 17.7158 -2.93314 -16.6843 22.6369 -1.48768 -11.9287 26.9451 -0.07793 -6.60732 30.5148 1.37186 -0.824421 33.2203 2.92161 4.98398 34.8805 4.52252 10.9507 35.5598 6.25262 16.9122 35.1921 8.09189 22.6856 33.7438 9.99639 27.5212 31.5393 11.7008 31.9068 28.5098 13.3549 35.6988 24.7192 14.9043 38.7564 20.2634 16.2988 40.9899 15.1378 17.5245 42.1788 9.62673 18.5131 42.2139 3.95081 19.2514 41.0234 -1.62598 19.7461 38.3598 -7.17978 20.0358 34.3572 -11.8696 20.1298 29.2468 -15.32 20.1009 23.3911 -17.2509 20.0273 18.1948 -17.6022 19.9837 13.0471 -16.8098 19.9844 8.16475 -14.9968 20.037 3.68388 -12.3435 20.1279 -0.905105 -8.51016 20.2377 -4.95892 -4.11353 20.2748 -8.61848 0.614423 20.1361 -12.0611 5.48488 19.6975 -14.9172 9.55664 18.9888 -17.8172 13.5071 17.8829 -20.8031 17.2236 16.2985 -23.8738 20.5826 14.171 -27.3582 23.7664 11.1016 -30.7647 26.1672 7.31617 -33.9226 27.6445 2.8954 -36.6433 28.1117 -2.01149 -38.6768 27.5911 -6.98682 -40.0215 26.161 -12.0174 -40.6006 23.9081 -16.8907 -40.3891 20.9518 -21.4047 -39.4336 17.4882 -25.3226 -37.8024 13.6121 -28.5743 -35.5935 9.45635 -31.0461 -32.9282 5.1474 -32.6549 -29.8137 0.626726 -33.3577 -26.5112 -3.80366 -33.0471 -23.1772 -8.02349 -31.7401 -19.9538 -11.921 -29.493 -16.703 -15.6841 -26.0846 -13.8246 -18.8437 -21.8327 -11.3643 -21.3258 -16.9202 -9.30809 -23.0879 -11.5338 -7.93591 -23.9512 -7.11982 -6.71517 -24.365 -2.5976 -5.57755 -24.3325 1.96493 -4.44369 -23.8588 6.50385 -3.15876 -22.8881 11.1944 -1.67865 -21.445 15.7023 0.0957793 -19.5489 19.9272 2.2502 -17.235 23.748 5.39687 -14.0057 27.5914 9.20085 -10.4295 30.3917 13.5881 -6.74313 31.8961 18.3682 -3.24306 31.9229 23.5481 -0.0817833 30.2833 28.447 2.18798 27.0644 32.6974 3.35399 22.5824 36.0351 3.35016 17.2558 37.8687 2.6091 12.9375 39.0899 1.29486 8.53982 39.7157 -0.51223 4.19226 39.7791 -2.7261 -0.00932145 39.1991 -5.69196 -4.6102 37.9772 -8.96548 -8.86362 36.1633 -12.433 -12.7349 33.7951 -15.989 -16.2059 31.0612 -19.348 -19.1166 27.867 -22.6075 -21.6468 24.2262 -25.6758 -23.7821 20.1589 -28.4553 -25.5026 14.5339 -31.3735 -27.0338 8.41523 -33.4759 -27.8349 1.98854 -34.5697 -27.8744 -0.321626 -0.287681 -0.257296 -0.229943 -0.10722 -0.105102 -0.104364 -0.104367 -0.100344 -0.112491 -0.12399 -0.134945 -0.179431 -0.200662 -0.221524 -0.242555 -0.391058 -0.443846 -0.497572 -0.553711 -0.879119 -0.924653 -0.969378 -1.01428 -1.21616 -1.21547 -1.21496 -1.21443 -1.18648 -1.12977 -1.07078 -1.00867 -0.609351 -0.460503 -0.305849 -0.144978 0.454872 0.554063 0.643835 0.722843 0.88359 0.897166 0.905721 0.910885 0.905337 0.909416 0.915995 0.925088 0.973232 0.98884 1.00526 1.02125 1.10288 1.11833 1.13332 1.14817 1.24387 1.25878 1.2743 1.29174 1.33887 1.33754 1.33615 1.33539 1.24382 1.21423 1.18714 1.16218 1.05296 1.03585 1.02194 1.01047 0.999735 0.985636 0.971022 0.954572 0.843568 0.746051 0.633372 0.504109 -0.315861 -0.547474 -0.752817 -0.933215 -1.47475 -1.50658 -1.53405 -1.55846 -1.66905 -1.64511 -1.62422 -1.60522 -1.51488 -1.46617 -1.41825 -1.36976 -1.09722 -1.01041 -0.927496 -0.847835 -0.157789
-1.40978 -33.9649 -26.1759 -5.71628 -34.24 -25.1541 -9.94392 -33.8772 -23.8654 -13.9891 -32.8625 -22.358 -17.7497 -31.2074 -20.6893 -21.6658 -28.5084 -18.6137 -24.9433 -25.0825 -16.5044 -27.4961 -21.0557 -14.4556 -29.2764 -16.5705 -12.5473 -30.112 -12.9059 -11.2158 -30.4893 -9.12012 -10.022 -30.4223 -5.27284 -8.97611 -29.9306 -1.41849 -8.08046 -28.9488 2.69369 -7.27744 -27.5284 6.70404 -6.63062 -25.6993 10.5658 -6.12066 -23.4901 14.2374 -5.72382 -19.4446 19.3954 -5.28568 -14.6755 23.9016 -4.9505 -9.282 27.6387 -4.62298 -3.37772 30.4915 -4.21793 2.58716 32.2818 -3.69639 8.74562 33.0851 -3.00005 14.9259 32.8359 -2.10595 20.9317 31.4999 -1.0096 25.9714 29.3915 0.132279 30.5436 26.4582 1.41234 34.4931 22.7722 2.81355 37.673 18.4404 4.32063 39.9966 13.4745 5.96493 41.2489 8.16711 7.70431 41.3363 2.74552 9.53767 40.2066 -2.52517 11.4628 37.6399 -7.69837 13.6246 33.788 -11.9715 15.8442 28.8928 -14.9983 18.0577 23.3103 -16.5365 20.1773 18.3694 -16.6101 21.823 13.4699 -15.6074 23.2778 8.79681 -13.6578 24.4976 4.45931 -10.9363 25.4499 -0.0657723 -7.09552 26.1826 -4.16387 -2.75126 26.496 -7.95647 1.87033 26.3466 -11.5875 6.57454 25.6748 -14.6138 10.4511 24.6487 -17.6693 14.1479 23.1534 -20.7727 17.5506 21.146 -23.9044 20.5409 18.5987 -27.3759 23.2639 15.1012 -30.6804 25.1836 10.9668 -33.6563 26.1945 6.2956 -36.1339 26.243 1.24016 -37.8988 25.3892 -3.79134 -38.962 23.7056 -8.81085 -39.2657 21.2826 -13.6272 -38.8006 18.2352 -18.0608 -37.6277 14.7481 -21.898 -35.8176 10.8988 -25.0863 -33.4705 6.80107 -27.5274 -30.7055 2.56041 -29.1493 -27.5217 -1.90099 -29.9175 -24.1761 -6.30553 -29.7235 -20.8144 -10.5495 -28.5751 -17.5689 -14.5302 -26.5132 -14.2917 -18.4517 -23.3151 -11.3787 -21.8278 -19.2577 -8.87475 -24.5614 -14.5033 -6.77001 -26.5786 -9.22626 -5.36216 -27.6192 -4.86197 -4.11348 -28.1735 -0.362485 -2.96288 -28.2288 4.19657 -1.84011 -27.7755 8.74034 -0.605262 -26.7411 13.4307 0.769333 -25.1367 17.9174 2.36414 -22.9763 22.0868 4.24513 -20.294 25.8099 6.91969 -16.4926 29.4837 10.0786 -12.2058 32.0809 13.664 -7.67435 33.3891 17.5418 -3.19666 33.2691 21.757 1.13888 31.5522 25.8094 4.69641 28.3219 29.4371 7.20434 23.8427 32.4303 8.51032 18.4716 34.1857 8.67826 14.0615 35.4689 8.16466 9.51748 36.2721 7.02292 4.97768 36.6031 5.32274 0.555199 36.4183 2.75436 -4.30998 35.6583 -0.331752 -8.80432 34.3571 -3.81231 -12.8655 32.543 -7.56921 -16.4566 30.3671 -11.2819 -19.408 27.7568 -15.0459 -21.9075 24.7167 -18.7644 -23.9471 21.2509 -22.3349 -25.5184 16.3443 -26.4285 -26.81 10.8458 -29.8899 -27.3449 4.86652 -32.4782 -27.1234 -0.43327 -0.397031 -0.366014 -0.339181 -0.186824 -0.19509 -0.204249 -0.213609 -0.213511 -0.235552 -0.256435 -0.276316 -0.335023 -0.367735 -0.399547 -0.431083 -0.620799 -0.693702 -0.766494 -0.841111 -1.25908 -1.31798 -1.37465 -1.4303 -1.67926 -1.67591 -1.67182 -1.667 -1.63007 -1.55689 -1.48074 -1.40062 -0.863543 -0.654274 -0.433284 -0.200954 0.650641 0.776273 0.885675 0.978125 1.16463 1.17757 1.18483 1.18853 1.18533 1.18866 1.19443 1.20253 1.2495 1.26381 1.27837 1.29189 1.37421 1.38864 1.40252 1.41629 1.52167 1.53751 1.55409 1.57276 1.63156 1.63112 1.63051 1.63039 1.54227 1.51104 1.48222 1.45537 1.34254 1.32343 1.30739 1.29352 1.27923 1.26063 1.24081 1.21841 1.08607 0.973502 0.843488 0.694519 -0.303428 -0.578027 -0.817145 -1.02337 -1.68536 -1.71501 -1.74076 -1.76378 -1.91266 -1.88084 -1.8525 -1.82659 -1.74086 -1.67828 -1.61687 -1.5552 -1.22514 -1.11113 -1.00491 -0.905712 -0.0216875
-0.465634 -30.833 -23.2015 -4.72842 -31.5036 -22.1795 -8.99499 -31.5507 -20.9713 -13.176 -30.9401 -19.6251 -17.1732 -29.6601 -18.1936 -21.4845 -27.3336 -16.4822 -25.2541 -24.1802 -14.8165 -28.3507 -20.3116 -13.276 -30.6757 -15.8728 -11.9268 -31.8983 -12.1797 -11.0515 -32.6156 -8.32385 -10.332 -32.8282 -4.38134 -9.77399 -32.5472 -0.423676 -9.3767 -31.7119 3.79003 -9.12035 -30.356 7.87313 -9.0277 -28.5164 11.7631 -9.07869 -26.2327 15.4064 -9.24984 -21.9804 20.395 -9.69191 -16.9445 24.5763 -10.257 -11.2782 27.8483 -10.8483 -5.14021 30.1317 -11.3716 0.982961 31.3318 -11.723 7.22718 31.551 -11.8593 13.4271 30.7784 -11.7145 19.4073 29.0294 -11.2295 24.4112 26.6793 -10.4641 28.9608 23.6435 -9.35364 32.9247 20.0049 -7.87168 36.1758 15.8734 -5.99849 38.6461 11.2695 -3.66085 40.13 6.47696 -0.905522 40.5405 1.71253 2.23997 39.8308 -2.77867 5.71672 37.8264 -7.01801 9.72097 34.6408 -10.3343 13.8293 30.4777 -12.4823 17.839 25.6187 -13.3232 21.5411 21.2069 -13.0048 24.2911 16.6985 -11.8052 26.6066 12.2365 -9.83662 28.4347 7.9173 -7.23943 29.7487 3.19805 -3.66911 30.6128 -1.25869 0.314738 30.7908 -5.48756 4.51313 30.2854 -9.54287 8.74349 29.0922 -12.8567 12.1893 27.5482 -16.1024 15.4328 25.5028 -19.2807 18.3718 22.9534 -22.3715 20.9051 19.909 -25.6799 23.1464 15.943 -28.7415 24.6384 11.4598 -31.4524 25.2877 6.56821 -33.7026 25.0375 1.41335 -35.3322 23.9391 -3.61639 -36.371 22.0275 -8.55876 -36.7731 19.3659 -13.24 -36.5239 16.0473 -17.4927 -35.6604 12.251 -21.1122 -34.2307 8.05358 -24.0443 -32.3076 3.58624 -26.19 -29.9838 -1.01802 -27.4783 -27.2524 -5.81601 -27.8653 -24.329 -10.4774 -27.2691 -21.3389 -14.8679 -25.7155 -18.3973 -18.8652 -23.2661 -15.3593 -22.6483 -19.6877 -12.5809 -25.7281 -15.3125 -10.1077 -28.0238 -10.3166 -7.9402 -29.4848 -4.88396 -6.43122 -30.028 -0.46357 -5.04724 -30.0438 4.03045 -3.74012 -29.5347 8.51869 -2.45336 -28.5082 12.9235 -1.05265 -26.8782 17.3929 0.464301 -24.7084 21.5863 2.16266 -22.0329 25.401 4.09518 -18.9028 28.727 6.75167 -14.6687 31.9076 9.8021 -10.0618 34.0459 13.2027 -5.30247 34.9872 16.8521 -0.648561 34.6349 20.8289 3.8737 32.8328 24.7026 7.67047 29.656 28.2527 10.4981 25.3069 31.2825 12.1977 20.0681 33.1302 12.6896 15.7204 34.546 12.5004 11.1907 35.5027 11.6608 6.61488 35.9893 10.2212 2.11495 35.9686 7.88584 -2.86964 35.341 4.94812 -7.4823 34.1373 1.53122 -11.6268 32.3921 -2.23908 -15.2378 30.2683 -6.02494 -18.1337 27.713 -9.91052 -20.5005 24.7464 -13.7907 -22.337 21.3852 -17.5594 -23.6518 16.6598 -21.9527 -24.5841 11.3869 -25.7817 -24.7755 5.63838 -28.8175 -24.2874 -0.408448 -0.384484 -0.366025 -0.351587 -0.203162 -0.229119 -0.254737 -0.279482 -0.295262 -0.330551 -0.364298 -0.396751 -0.477519 -0.525789 -0.572843 -0.619294 -0.86222 -0.960636 -1.05675 -1.15239 -1.64713 -1.71389 -1.77507 -1.8322 -2.08801 -2.0773 -2.06463 -2.05045 -1.99794 -1.90879 -1.81435 -1.71316 -1.01107 -0.72529 -0.425807 -0.12013 0.939688 1.05543 1.1517 1.23014 1.42636 1.4292 1.42854 1.42603 1.42535 1.42377 1.42471 1.42829 1.47623 1.48961 1.50485 1.52164 1.60805 1.62337 1.63932 1.65645 1.71803 1.7261 1.73488 1.7452 1.7318 1.72218 1.71273 1.7037 1.58356 1.55532 1.52919 1.50453 1.40854 1.39406 1.3815 1.37001 1.35174 1.33356 1.31321 1.28951 1.12002 1.00795 0.879367 0.733289 -0.301241 -0.560011 -0.788324 -0.989007 -1.6929 -1.72256 -1.74913 -1.77345 -1.94383 -1.90874 -1.87678 -1.84711 -1.75474 -1.68328 -1.61403 -1.54589 -1.17804 -1.05924 -0.953833 -0.859965 0.0185383
-1.83557 -28.5238 -24.4081 -6.11384 -29.2184 -23.4702 -10.4003 -29.3339 -22.3395 -14.6155 -28.8325 -21.0565 -18.67 -27.6945 -19.6667 -23.0849 -25.5602 -17.969 -26.9986 -22.6035 -16.2751 -30.2715 -18.9116 -14.6668 -32.7878 -14.61 -13.2201 -34.1521 -10.988 -12.2609 -34.9949 -7.17386 -11.4599 -35.3067 -3.24818 -10.834 -35.0911 0.709027 -10.3937 -34.2839 4.9278 -10.1307 -32.9125 9.00646 -10.0836 -31.0187 12.8675 -10.2404 -28.6521 16.4454 -10.5821 -24.2448 21.247 -11.4085 -19.0638 25.1377 -12.4959 -13.2993 28.0415 -13.7212 -7.12783 29.9287 -14.9517 -1.02632 30.7842 -15.9989 5.1712 30.7468 -16.8028 11.3413 29.855 -17.2397 17.3568 28.1612 -17.1872 22.4833 26.0271 -16.6283 27.2632 23.3706 -15.5131 31.5724 20.2734 -13.785 35.2773 16.8398 -11.4117 38.3073 13.1034 -8.31014 40.4231 9.31283 -4.57946 41.5162 5.65126 -0.317954 41.5232 2.30713 4.32738 40.3116 -0.740717 9.54907 37.91 -3.03685 14.7437 34.467 -4.46188 19.6568 30.1836 -4.96698 24.0637 26.0795 -4.69067 27.2585 21.67 -3.81392 29.8882 17.0789 -2.4045 31.9037 12.4121 -0.545921 33.2797 7.06968 2.02534 34.0623 1.83638 4.91924 34.0063 -3.22181 7.9897 33.1389 -8.06219 11.0942 31.4964 -11.9407 13.6234 29.5472 -15.6323 15.9994 27.1047 -19.1227 18.1441 24.1968 -22.3942 19.9809 20.8558 -25.7708 21.5841 16.6454 -28.7999 22.607 12.0111 -31.4289 22.9584 7.04492 -33.5985 22.5616 1.86478 -35.1909 21.4265 -3.16875 -36.2548 19.5313 -8.11207 -36.7526 16.8873 -12.7942 -36.6649 13.5441 -17.0339 -36.0113 9.65722 -20.601 -34.8268 5.30227 -23.41 -33.17 0.632225 -25.3348 -31.1237 -4.17998 -26.291 -28.6862 -9.14832 -26.2209 -26.0553 -13.8829 -25.0842 -23.347 -18.2147 -22.9554 -20.6615 -22.0093 -19.9519 -17.8492 -25.4207 -15.8533 -15.2087 -28.0102 -11.0922 -12.7537 -29.7485 -5.86742 -10.4598 -30.6371 -0.363349 -8.74227 -30.7537 4.01253 -7.05263 -30.3776 8.38467 -5.34847 -29.5236 12.6833 -3.58481 -28.208 16.8391 -1.61295 -26.3418 20.9892 0.520094 -24.0125 24.8127 2.85027 -21.2589 28.216 5.39906 -18.1336 31.1022 8.73102 -14.0082 33.7442 12.3467 -9.60313 35.364 16.1714 -5.10389 35.8426 20.091 -0.721944 35.11 24.191 3.55226 33.0042 28.0387 7.18733 29.6138 31.4384 9.96183 25.113 34.2167 11.7133 19.7533 35.8191 12.2994 15.3207 36.9499 12.2389 10.7081 37.5896 11.5507 6.05245 37.7358 10.2758 1.47952 37.3034 8.1406 -3.57563 36.2606 5.40916 -8.23959 34.6528 2.20364 -12.4157 32.5275 -1.35017 -16.0426 30.0749 -4.92661 -18.9449 27.2281 -8.60072 -21.3168 24.0118 -12.2712 -23.1639 20.445 -15.8376 -24.5011 15.5252 -20.0006 -25.4837 10.1241 -23.6414 -25.7541 4.30315 -26.5519 -25.3714 -0.515702 -0.49084 -0.471127 -0.455264 -0.297168 -0.32042 -0.34412 -0.367732 -0.376729 -0.412999 -0.448302 -0.482787 -0.565271 -0.618569 -0.671023 -0.723063 -0.991687 -1.10538 -1.21518 -1.32215 -1.87451 -1.94171 -1.99817 -2.04625 -2.31327 -2.28837 -2.26004 -2.22905 -2.1854 -2.07116 -1.94763 -1.81298 -0.939474 -0.572824 -0.218568 0.107902 1.24991 1.3189 1.3744 1.41868 1.65053 1.63187 1.61269 1.59357 1.59571 1.57934 1.56519 1.55362 1.5766 1.57889 1.58455 1.59431 1.67824 1.69307 1.71039 1.73109 1.77685 1.78157 1.78704 1.79374 1.72723 1.70891 1.69109 1.67362 1.52583 1.50045 1.47771 1.45651 1.38367 1.37666 1.37086 1.36547 1.35185 1.34015 1.3264 1.30979 1.11434 1.01895 0.909557 0.784443 -0.225416 -0.467992 -0.69203 -0.89707 -1.61596 -1.65484 -1.68973 -1.72162 -1.89305 -1.86503 -1.83966 -1.81626 -1.7249 -1.66111 -1.59951 -1.53902 -1.18951 -1.0816 -0.985009 -0.897936 0.0798764
0.436471 -28.4102 -24.9893 -3.80463 -29.2991 -24.0466 -8.08359 -29.581 -22.9168 -12.3168 -29.2193 -21.6459 -16.4117 -28.1965 -20.2854 -20.9 -26.1686 -18.6509 -24.9145 -23.2919 -17.0582 -28.3161 -19.6572 -15.5932 -30.9902 -15.3925 -14.332 -32.4968 -11.7863 -13.5414 -33.5005 -7.97634 -12.9274 -33.9921 -4.04226 -12.5017 -33.9744 -0.0617106 -12.2676 -33.3996 4.20285 -12.2253 -32.2761 8.35379 -12.3872 -30.6406 12.3193 -12.7318 -28.5349 16.0388 -13.2314 -24.5112 21.1357 -14.2286 -19.6642 25.4169 -15.3867 -14.1548 28.7926 -16.5757 -8.14122 31.2038 -17.6647 -2.09873 32.5702 -18.4883 4.11392 33.0188 -18.9968 10.3456 32.5554 -19.0886 16.4339 31.2085 -18.6708 21.6071 29.3044 -17.7986 26.3987 26.8016 -16.4111 30.6789 23.786 -14.4789 34.3226 20.3678 -11.9915 37.2783 16.583 -8.87676 39.3382 12.6799 -5.23184 40.4232 8.83895 -1.1291 40.4885 5.24667 3.32665 39.4157 1.85922 8.36628 37.2125 -0.832326 13.458 33.9938 -2.67567 18.384 29.9254 -3.5816 22.9284 25.9755 -3.60156 26.3232 21.6869 -2.96645 29.2096 17.1812 -1.73829 31.5155 12.5657 -0.00391951 33.1936 7.24345 2.48213 34.3154 1.99085 5.33001 34.5704 -3.12505 8.3688 33.9716 -8.06013 11.4308 32.5454 -12.0441 13.8972 30.7333 -15.8596 16.1719 28.3866 -19.4852 18.1646 25.5366 -22.8937 19.7886 22.2224 -26.4124 21.0736 18.0193 -29.5561 21.6922 13.3898 -32.2582 21.5605 8.45217 -34.4493 20.62 3.35189 -36.0108 18.9341 -1.53479 -36.9971 16.493 -6.2495 -37.3799 13.3454 -10.6206 -37.1537 9.57634 -14.4811 -36.355 5.37285 -17.6357 -35.0272 0.816514 -20.0307 -33.2338 -3.94166 -21.5807 -31.0538 -8.74531 -22.2378 -28.4685 -13.6312 -21.9637 -25.6631 -18.2432 -20.7432 -22.7351 -22.444 -18.6428 -19.7705 -26.1203 -15.7572 -16.5809 -29.4266 -11.8533 -13.495 -31.9267 -7.31755 -10.5508 -33.5693 -2.31958 -7.76032 -34.3275 2.9705 -5.68128 -34.2991 7.18816 -3.6769 -33.73 11.4037 -1.72826 -32.629 15.5392 0.187646 -31.0106 19.5169 2.19959 -28.7666 23.4552 4.23246 -26.0052 27.038 6.31286 -22.7734 30.172 8.4618 -19.133 32.765 11.1327 -14.3574 35.0369 13.9218 -9.28115 36.2832 16.807 -4.10795 36.4045 19.7401 0.9303 35.3488 22.8227 5.85697 32.9533 25.7685 10.0724 29.3385 28.4565 13.3302 24.6829 30.7681 15.4488 19.2349 32.1994 16.2279 14.7736 33.3181 16.2856 10.158 34.0963 15.6416 5.51715 34.5149 14.3401 0.968601 34.5366 12.0917 -4.05583 34.0553 9.16866 -8.69533 33.073 5.70476 -12.8591 31.5959 1.83831 -16.4881 29.7454 -2.07273 -19.405 27.4628 -6.1074 -21.8009 24.7537 -10.1533 -23.6771 21.6243 -14.0992 -25.0433 17.1445 -18.7261 -26.0554 12.0647 -22.8021 -26.3419 6.45595 -26.1031 -25.9606 -0.398659 -0.374929 -0.357147 -0.34388 -0.185945 -0.2153 -0.245076 -0.274623 -0.289391 -0.330268 -0.369799 -0.408119 -0.494216 -0.550601 -0.605577 -0.659663 -0.926386 -1.03905 -1.14696 -1.25177 -1.79045 -1.85341 -1.90729 -1.95419 -2.21594 -2.18921 -2.15998 -2.12886 -2.07985 -1.97069 -1.85622 -1.73485 -0.941066 -0.611248 -0.279521 0.0422349 1.25711 1.34044 1.4074 1.4602 1.71452 1.69638 1.67671 1.65645 1.65974 1.64265 1.62792 1.61592 1.62792 1.62878 1.6331 1.64158 1.69423 1.70509 1.71816 1.73413 1.74744 1.74907 1.75132 1.75448 1.68763 1.67358 1.65985 1.6461 1.53554 1.51903 1.504 1.48952 1.44448 1.44105 1.4382 1.43529 1.42011 1.40905 1.39527 1.37772 1.15192 1.04609 0.920388 0.772303 -0.452756 -0.719601 -0.952939 -1.15533 -1.88617 -1.90627 -1.92486 -1.94266 -2.11396 -2.07463 -2.03898 -2.00596 -1.91746 -1.84184 -1.76841 -1.69629 -1.32362 -1.20011 -1.09171 -0.996384 -0.117197
1.32816 -29.5049 -24.1197 -2.85775 -30.343 -22.9192 -7.06623 -30.4987 -21.53 -11.1971 -29.9469 -20.0145 -15.1472 -28.6876 -18.4408 -19.4078 -26.353 -16.6171 -23.1406 -23.1733 -14.9187 -26.2277 -19.2721 -13.4425 -28.5842 -14.8009 -12.2661 -29.8665 -11.0843 -11.6015 -30.6778 -7.20528 -11.1595 -31.0199 -3.23843 -10.9428 -30.9035 0.747345 -10.9441 -30.2831 4.99958 -11.1725 -29.176 9.13525 -11.6079 -27.6127 13.0984 -12.2143 -25.6242 16.843 -12.9512 -21.8374 22.0545 -14.241 -17.246 26.5606 -15.5738 -11.9623 30.2694 -16.7944 -6.11106 33.0978 -17.7569 -0.152882 34.9004 -18.3116 6.03353 35.7798 -18.4197 12.269 35.6984 -18.009 18.3519 34.6476 -17.0335 23.478 32.9139 -15.6678 28.1576 30.4829 -13.8404 32.2472 27.4384 -11.5701 35.6201 23.8925 -8.88719 38.2263 19.8785 -5.74748 39.8849 15.6511 -2.26314 40.5422 11.3963 1.50884 40.1766 7.31024 5.50041 38.6562 3.32114 9.95003 36.0372 -0.0081692 14.4311 32.4451 -2.47532 18.7938 28.0573 -3.93413 22.8734 23.8911 -4.32521 25.9745 19.4459 -3.94923 28.6626 14.8519 -2.85614 30.8597 10.2207 -1.13237 32.5052 4.96809 1.48318 33.6602 -0.133169 4.58695 33.9903 -5.03358 7.97556 33.4721 -9.70735 11.4436 32.0959 -13.4474 14.2622 30.2776 -17.0003 16.8714 27.8677 -20.3441 19.1532 24.8926 -23.4468 20.9951 21.397 -26.5869 22.4145 16.9447 -29.3078 23.0355 12.055 -31.5425 22.7746 6.89392 -33.2326 21.5929 1.65506 -34.3029 19.603 -3.24948 -34.8167 16.8255 -7.85187 -34.779 13.3481 -11.9831 -34.2163 9.28721 -15.4977 -33.1932 4.85189 -18.2437 -31.7607 0.122679 -20.2037 -29.983 -4.75825 -21.3331 -27.9277 -9.65253 -21.6178 -25.5644 -14.6226 -21.031 -23.0423 -19.3319 -19.5847 -20.4232 -23.6609 -17.3416 -17.7589 -27.5042 -14.3816 -14.8542 -31.0325 -10.4497 -11.9858 -33.7772 -5.91258 -9.18281 -35.656 -0.916605 -6.46483 -36.6055 4.38031 -4.40971 -36.6706 8.60928 -2.41701 -36.1325 12.8344 -0.48735 -34.9918 16.968 1.38098 -33.2614 20.9211 3.28878 -30.8263 24.7973 5.14003 -27.8114 28.2726 6.94424 -24.2804 31.251 8.71264 -20.3135 33.645 10.7917 -15.1356 35.6369 12.8563 -9.66381 36.5846 14.9208 -4.11299 36.4186 16.99 1.28266 35.1123 19.1803 6.56792 32.5081 21.3385 11.1198 28.7482 23.4169 14.6834 24.0054 25.3519 17.0611 18.5176 26.6733 17.9921 14.0516 27.8358 18.156 9.4494 28.8049 17.5669 4.83722 29.547 16.2668 0.32975 30.0832 13.953 -4.6361 30.228 10.8958 -9.21139 29.941 7.23372 -13.3111 29.1855 3.11117 -16.8796 28.0054 -1.08894 -19.7424 26.3482 -5.44836 -22.083 24.1932 -9.8419 -23.8946 21.5279 -14.141 -25.1763 17.4883 -19.1846 -26.0388 12.697 -23.6049 -26.1097 7.25403 -27.13 -25.4405 -0.288516 -0.262888 -0.243931 -0.230093 -0.0813224 -0.11285 -0.144532 -0.175658 -0.201524 -0.242848 -0.28252 -0.320713 -0.413944 -0.469035 -0.522634 -0.575407 -0.845757 -0.952589 -1.05484 -1.15448 -1.6717 -1.72449 -1.77107 -1.81334 -2.05296 -2.02307 -1.99253 -1.9614 -1.88668 -1.78112 -1.67365 -1.56299 -0.840662 -0.570667 -0.294504 -0.0156313 1.12771 1.23122 1.31816 1.38947 1.65387 1.64459 1.63186 1.61723 1.61757 1.60433 1.594 1.58724 1.62524 1.63534 1.6504 1.67145 1.75654 1.77601 1.79824 1.824 1.82931 1.83199 1.83525 1.83917 1.73816 1.72076 1.70351 1.68579 1.54387 1.52522 1.50784 1.49073 1.43969 1.43606 1.43283 1.42948 1.41174 1.39938 1.38437 1.36559 1.11944 1.00516 0.867178 0.701624 -0.727415 -1.00509 -1.2344 -1.42317 -2.15559 -2.15662 -2.15831 -2.16124 -2.33534 -2.2833 -2.23578 -2.1914 -2.10535 -2.01357 -1.9232 -1.83343 -1.41745 -1.26688 -1.13601 -1.02251 -0.228109
0.161833 -29.4988 -25.4803 -3.9877 -30.3081 -24.1417 -8.12285 -30.3957 -22.5423 -12.1289 -29.7392 -20.7574 -15.8937 -28.348 -18.8714 -19.8584 -25.8431 -16.65 -23.2232 -22.5011 -14.5434 -25.8957 -18.4673 -12.6686 -27.8255 -13.9066 -11.1179 -28.7953 -10.1523 -10.1881 -29.3229 -6.25958 -9.50367 -29.4219 -2.29708 -9.06929 -29.1106 1.6737 -8.87948 -28.3382 5.90681 -8.93291 -27.1395 10.0294 -9.22705 -25.5405 13.9932 -9.72719 -23.5647 17.7577 -10.3932 -19.87 23.0444 -11.6431 -15.4202 27.6797 -13.0129 -10.2898 31.5639 -14.3376 -4.57163 34.5992 -15.4566 1.29957 36.6106 -16.1914 7.44706 37.6947 -16.4913 13.6917 37.8001 -16.2669 19.8243 36.9096 -15.4574 25.0196 35.2933 -14.2146 29.7827 32.9558 -12.4835 33.9623 29.9822 -10.2844 37.4264 26.4865 -7.65226 40.1236 22.5027 -4.55114 41.8694 18.2824 -1.10087 42.609 14.0072 2.63248 42.3207 9.86626 6.57352 40.8757 5.77053 10.9508 38.3194 2.27559 15.3411 34.7694 -0.422422 19.6004 30.393 -2.17675 23.5745 26.2048 -2.8611 26.5941 21.7044 -2.80776 29.2152 17.021 -2.05301 31.3654 12.2695 -0.668031 32.9878 6.84911 1.5769 34.1473 1.56327 4.35003 34.5145 -3.52114 7.46612 34.063 -8.36078 10.7356 32.777 -12.2137 13.4555 31.0462 -15.8473 16.0357 28.727 -19.2332 18.3636 25.8364 -22.3353 20.3289 22.4081 -25.4211 21.976 17.9964 -28.0309 22.9079 13.0955 -30.1005 23.0215 7.86082 -31.5787 22.2509 2.48312 -32.4125 20.6606 -2.60959 -32.6717 18.2605 -7.43999 -32.3802 15.1146 -11.8193 -31.5869 11.3216 -15.5802 -30.3827 7.07786 -18.5466 -28.8373 2.46506 -20.6897 -27.0343 -2.37293 -21.9556 -25.056 -7.29298 -22.3279 -22.8894 -12.3567 -21.7841 -20.682 -17.2223 -20.3405 -18.4852 -21.7667 -18.0703 -16.3313 -25.8831 -15.0625 -14.0518 -29.7739 -11.061 -11.8397 -32.9466 -6.43646 -9.67977 -35.3129 -1.3294 -7.54829 -36.7959 4.11154 -5.88525 -37.2952 8.48154 -4.21214 -37.1935 12.875 -2.51972 -36.4772 17.2033 -0.801769 -35.1445 21.3728 1.0402 -33.0862 25.4916 2.91279 -30.3939 29.2117 4.8115 -27.1266 32.4232 6.72894 -23.3656 35.0256 9.02878 -18.3669 37.2221 11.3239 -13.0167 38.3218 13.5942 -7.54465 38.2608 15.8174 -2.19353 37.0262 18.0958 3.08266 34.4798 20.2587 7.67649 30.7742 22.2668 11.3509 26.0859 24.0763 13.9234 20.6434 25.2836 15.0619 16.1931 26.3288 15.4826 11.5791 27.1893 15.1921 6.9172 27.8418 14.2208 2.31402 28.3073 12.3078 -2.82645 28.4235 9.64977 -7.64538 28.1514 6.36294 -12.0526 27.4503 2.57213 -15.9818 26.3503 -1.36794 -19.2214 24.7909 -5.52944 -21.9562 22.7389 -9.79115 -24.1599 20.1691 -14.0225 -25.8096 16.2236 -19.0583 -27.0641 11.4872 -23.5246 -27.4085 6.06734 -27.1054 -26.8577 -0.344584 -0.304721 -0.273114 -0.247951 -0.0878989 -0.108943 -0.13083 -0.152625 -0.171321 -0.205024 -0.23716 -0.267925 -0.352775 -0.39951 -0.445334 -0.491046 -0.749365 -0.850603 -0.950365 -1.05009 -1.5847 -1.64133 -1.69099 -1.73563 -1.99 -1.95905 -1.92761 -1.89578 -1.82784 -1.7212 -1.61317 -1.5024 -0.799474 -0.53835 -0.274643 -0.0111968 1.11295 1.21095 1.29363 1.36196 1.64846 1.63684 1.622 1.60516 1.60602 1.58892 1.57397 1.56172 1.59817 1.60515 1.61707 1.63537 1.76276 1.78919 1.81976 1.85584 1.909 1.91894 1.93005 1.94261 1.83571 1.81488 1.79447 1.77368 1.57302 1.54435 1.51791 1.49226 1.40348 1.39574 1.38876 1.38196 1.3647 1.34948 1.33228 1.31222 1.07976 0.965608 0.831265 0.672947 -0.724124 -1.00932 -1.24652 -1.44204 -2.20516 -2.21058 -2.21551 -2.22089 -2.41693 -2.36979 -2.32688 -2.28694 -2.23581 -2.14875 -2.06132 -1.97254 -1.58616 -1.4179 -1.26683 -1.13244 -0.257816
-1.31212 -29.5641 -27.4088 -5.35928 -30.1828 -25.7049 -9.30266 -30.0724 -23.6793 -13.0272 -29.2199 -21.4285 -16.4294 -27.6456 -19.0595 -19.889 -24.9562 -16.2798 -22.6982 -21.4733 -13.6518 -24.8068 -17.3472 -11.3156 -26.2054 -12.7406 -9.37874 -26.813 -8.97747 -8.20831 -27.0317 -5.09341 -7.333 -26.8843 -1.15067 -6.75596 -26.3942 2.79612 -6.46832 -25.5065 7.0069 -6.46101 -24.2707 11.1199 -6.73353 -22.7059 15.0962 -7.24306 -20.8257 18.9036 -7.94119 -17.3682 24.33 -9.26874 -13.2143 29.2076 -10.7238 -8.38412 33.4373 -12.1172 -2.92302 36.9036 -13.2681 2.77361 39.3714 -13.9856 8.82513 40.9147 -14.2183 15.044 41.4357 -13.8846 21.197 40.8746 -12.9454 26.4228 39.4523 -11.598 31.2037 37.201 -9.80279 35.3695 34.2028 -7.61087 38.7773 30.5765 -5.08394 41.3707 26.3594 -2.21124 42.9726 21.818 0.882625 43.5412 17.1468 4.14143 43.0692 12.5475 7.51567 41.4273 7.90273 11.2243 38.6871 3.82134 14.9469 34.9742 0.526346 18.6049 30.461 -1.80167 22.1027 26.1816 -2.92422 24.8511 21.6157 -3.24526 27.3364 16.8953 -2.78492 29.4888 12.1356 -1.60426 31.2433 6.73764 0.522577 32.6937 1.49835 3.30116 33.4647 -3.52891 6.5402 33.4863 -8.31377 10.0394 32.6953 -12.1289 13.0226 31.3596 -15.7324 15.9163 29.3897 -19.0911 18.5903 26.7807 -22.16 20.914 23.5525 -25.1873 22.9509 19.2648 -27.7006 24.2338 14.3929 -29.6261 24.6405 9.11789 -30.9121 24.0974 3.66359 -31.5274 22.6669 -1.50703 -31.5534 20.3799 -6.39876 -31.0382 17.3128 -10.8133 -30.0552 13.575 -14.5846 -28.7188 9.36776 -17.5464 -27.1101 4.77363 -19.6831 -25.3213 -0.0684272 -20.9534 -23.4359 -5.02288 -21.3508 -21.4446 -10.1634 -20.8604 -19.482 -15.1558 -19.4985 -17.5839 -19.8824 -17.3332 -15.7645 -24.2384 -14.4444 -13.8669 -28.4536 -10.5742 -12.0285 -32.0083 -6.06527 -10.2084 -34.7997 -1.04115 -8.3593 -36.7304 4.36252 -6.86324 -37.5772 8.73935 -5.30341 -37.8079 13.1694 -3.66662 -37.3961 17.5584 -1.94608 -36.3294 21.8027 -0.0416719 -34.5023 26.0014 1.94692 -31.9883 29.7855 4.00365 -28.8505 33.0287 6.10683 -25.181 35.6182 8.64359 -20.2618 37.7317 11.1669 -14.9857 38.6786 13.6346 -9.60601 38.4117 16.0081 -4.37952 36.9449 18.3849 0.72866 34.1573 20.5825 5.13352 30.2482 22.5685 8.6267 25.4143 24.3125 11.0598 19.8869 25.4515 12.141 15.4045 26.4195 12.5557 10.7731 27.1996 12.3147 6.09422 27.7723 11.4473 1.45978 28.1483 9.71428 -3.75136 28.1774 7.28473 -8.69071 27.8163 4.25557 -13.2727 27.0183 0.732166 -17.426 25.813 -2.96087 -20.9099 24.1303 -6.89209 -23.9004 21.9354 -10.9454 -26.3462 19.2055 -14.9898 -28.1955 15.0501 -19.813 -29.5988 10.125 -24.0713 -29.9324 4.58643 -27.4267 -29.1804 -0.396091 -0.340024 -0.29385 -0.255656 -0.0829939 -0.0921969 -0.103605 -0.115845 -0.128788 -0.155361 -0.180521 -0.204432 -0.283385 -0.322307 -0.3607 -0.399501 -0.646401 -0.738713 -0.831763 -0.926961 -1.45998 -1.51424 -1.56335 -1.60918 -1.86921 -1.83883 -1.8093 -1.78026 -1.71211 -1.61132 -1.51154 -1.41164 -0.789864 -0.569527 -0.345881 -0.118112 0.944622 1.05757 1.15613 1.24008 1.55923 1.55759 1.55034 1.53909 1.54106 1.52591 1.51239 1.50121 1.5451 1.55568 1.57148 1.59414 1.75313 1.78648 1.82429 1.86815 1.94112 1.95453 1.96925 1.98562 1.86991 1.84722 1.82502 1.80238 1.56676 1.53306 1.50214 1.47239 1.3642 1.35571 1.34832 1.34134 1.32652 1.31131 1.29438 1.27488 1.03735 0.920627 0.784743 0.626221 -0.762953 -1.03795 -1.26573 -1.45316 -2.19967 -2.20776 -2.21516 -2.2229 -2.42774 -2.38675 -2.34951 -2.31476 -2.28338 -2.20103 -2.11658 -2.02892 -1.65783 -1.47567 -1.30642 -1.15138 -0.198501
-0.138237 -30.9081 -24.9602 -4.23964 -31.2832 -23.3161 -8.24271 -30.9414 -21.4389 -12.0431 -29.8808 -19.4146 -15.5457 -28.1284 -17.3347 -19.1607 -25.271 -14.9481 -22.1661 -21.6613 -12.7421 -24.5051 -17.443 -10.8281 -26.1564 -12.7703 -9.28937 -26.9636 -8.96872 -8.39681 -27.3794 -5.05304 -7.76871 -27.42 -1.08243 -7.40471 -27.1033 2.89092 -7.2944 -26.381 7.13077 -7.43856 -25.2844 11.2742 -7.82314 -23.8308 15.2821 -8.40862 -22.0337 19.1211 -9.15085 -18.6527 24.5919 -10.4936 -14.5275 29.5021 -11.9203 -9.69559 33.7464 -13.2625 -4.22024 37.2067 -14.3623 1.48898 39.6524 -15.055 7.54775 41.1637 -15.3084 13.7734 41.6497 -15.0608 19.9464 41.0551 -14.2879 25.2163 39.6028 -13.1625 30.0792 37.3155 -11.6564 34.374 34.2651 -9.8128 37.96 30.558 -7.68082 40.7831 26.2154 -5.24478 42.6511 21.4953 -2.60013 43.5062 16.5872 0.217939 43.3239 11.6939 3.1819 41.9784 6.6788 6.50787 39.5017 2.19126 9.93595 36.0093 -1.51708 13.4108 31.6733 -4.23189 16.8535 27.5171 -5.63485 19.6615 23.0605 -6.17607 22.3022 18.4476 -5.86385 24.7002 13.804 -4.75321 26.7812 8.55847 -2.6094 28.6926 3.49223 0.287173 29.9996 -1.35146 3.74063 30.6139 -5.9619 7.54623 30.4514 -9.65771 10.8538 29.6517 -13.1837 14.1273 28.2059 -16.5227 17.226 26.0874 -19.6414 20.0023 23.2937 -22.8139 22.5511 19.4031 -25.5649 24.3119 14.8173 -27.8073 25.1221 9.71694 -29.469 24.8763 4.34327 -30.4784 23.6167 -0.809858 -30.9124 21.3918 -5.71106 -30.8038 18.2963 -10.1345 -30.2148 14.4669 -13.896 -29.2458 10.1366 -16.8233 -27.9778 5.41179 -18.9034 -26.4968 0.449417 -20.1037 -24.8804 -4.60452 -20.427 -23.1227 -9.82217 -19.8637 -21.3418 -14.8645 -18.4374 -19.5719 -19.6149 -16.2165 -17.8281 -23.9684 -13.2776 -15.9576 -28.1469 -9.35494 -14.0971 -31.6219 -4.7932 -12.2165 -34.2802 0.280612 -10.281 -36.0153 5.72021 -8.7081 -36.6637 10.104 -7.06946 -36.6581 14.5116 -5.35696 -35.9796 18.8381 -3.56764 -34.628 22.9713 -1.60044 -32.4989 26.9951 0.441264 -29.7031 30.5461 2.54469 -26.3259 33.5065 4.69432 -22.4773 35.7785 7.29736 -17.4392 37.4938 9.91532 -12.1542 38.056 12.5221 -6.86864 37.4485 15.092 -1.82268 35.7063 17.7464 3.02254 32.7077 20.29 7.11343 28.6694 22.6773 10.2583 23.7782 24.8551 12.3179 18.2529 26.3245 13.1015 13.8048 27.6108 13.2061 9.23395 28.6832 12.6429 4.64143 29.5101 11.4428 0.120995 30.1208 9.31618 -4.91938 30.3101 6.49335 -9.64129 30.0308 3.08475 -13.9545 29.2384 -0.787295 -17.786 27.9756 -4.76494 -20.9185 26.1859 -8.91927 -23.52 23.8497 -13.1193 -25.5526 20.9618 -17.2229 -26.9843 16.6102 -21.9908 -27.8959 11.5172 -26.0597 -27.8256 5.85186 -29.1218 -26.8117 -0.200047 -0.160584 -0.128988 -0.103593 0.0437266 0.0251353 0.00555698 -0.0139958 -0.0359646 -0.0669622 -0.0964627 -0.124666 -0.208021 -0.251239 -0.293775 -0.336469 -0.58625 -0.682263 -0.7779 -0.874661 -1.40633 -1.46408 -1.51734 -1.56784 -1.8445 -1.82256 -1.80141 -1.78059 -1.74465 -1.65507 -1.56589 -1.47621 -0.929744 -0.719897 -0.503774 -0.279777 0.806582 0.939737 1.05788 1.16036 1.51153 1.52167 1.52446 1.52162 1.5262 1.51613 1.5075 1.50134 1.548 1.56344 1.58446 1.61284 1.75716 1.78935 1.82531 1.86646 1.90092 1.90769 1.91562 1.92499 1.77837 1.75207 1.72635 1.70017 1.4584 1.42532 1.39449 1.36437 1.26361 1.25585 1.249 1.24241 1.2249 1.20942 1.19181 1.17102 0.90367 0.783334 0.644595 0.485013 -0.855545 -1.0916 -1.2883 -1.45316 -2.15412 -2.1584 -2.16292 -2.16842 -2.35876 -2.31187 -2.2687 -2.22796 -2.16246 -2.0715 -1.98004 -1.8872 -1.47722 -1.30872 -1.15786 -1.02366 -0.30689
3.13859 -28.977 -27.4567 -1.0486 -29.4136 -26.063 -5.1689 -29.1551 -24.4438 -9.12307 -28.1989 -22.6787 -12.8189 -26.5667 -20.8505 -16.7085 -23.8585 -18.7372 -20.0303 -20.3912 -16.7696 -22.7095 -16.2933 -15.0498 -24.701 -11.7087 -13.6553 -25.753 -7.95042 -12.8378 -26.388 -4.05757 -12.2526 -26.6132 -0.0922389 -11.8986 -26.4401 3.8892 -11.7641 -25.8222 8.14724 -11.8418 -24.7762 12.3126 -12.1151 -23.3217 16.3402 -12.5411 -21.4777 20.192 -13.0721 -17.954 25.661 -13.9865 -13.6388 30.5393 -14.849 -8.61533 34.7243 -15.4922 -2.99216 38.1101 -15.7731 2.78381 40.4906 -15.605 8.82273 41.9646 -14.9603 14.9493 42.4619 -13.8311 20.973 41.9376 -12.2512 26.104 40.5935 -10.5152 30.8579 38.4396 -8.53797 35.1018 35.5196 -6.3907 38.7117 31.9055 -4.14223 41.6383 27.5839 -1.79256 43.6763 22.7783 0.555948 44.7427 17.6568 2.87884 44.7801 12.4129 5.17279 43.6414 6.87087 7.62494 41.2985 1.72497 10.0855 37.8355 -2.72842 12.5751 33.4134 -6.21033 15.0941 29.1068 -8.22079 17.2243 24.457 -9.28743 19.3145 19.6469 -9.38612 21.3094 14.8432 -8.55535 23.1427 9.50186 -6.57057 24.9582 4.45989 -3.67464 26.3572 -0.241429 -0.082797 27.2298 -4.61846 3.98572 27.4621 -8.08111 7.60437 27.0694 -11.3703 11.2674 26.0684 -14.4972 14.8258 24.3954 -17.4511 18.1144 22.0082 -20.5106 21.2638 18.4842 -23.2256 23.5968 14.1386 -25.4948 24.8887 9.15066 -27.2228 24.9849 3.79317 -28.3119 23.903 -1.38402 -28.8286 21.7202 -6.29609 -28.8033 18.567 -10.6798 -28.303 14.6258 -14.3373 -27.4348 10.1735 -17.1089 -26.2875 5.34158 -19.0052 -24.9507 0.298166 -20.0232 -23.5019 -4.81375 -20.1922 -21.9399 -10.0801 -19.5165 -20.3717 -15.1763 -18.0331 -18.8267 -20.0008 -15.8042 -17.3162 -24.4571 -12.8901 -15.7068 -28.7791 -9.00731 -14.1142 -32.4157 -4.47024 -12.5092 -35.2268 0.615843 -10.8593 -37.0715 6.1132 -9.51792 -37.7511 10.5686 -8.11952 -37.7156 15.0581 -6.65649 -36.94 19.4592 -5.12549 -35.4268 23.6399 -3.43856 -33.071 27.6646 -1.68125 -30.0142 31.152 0.139872 -26.3707 33.9808 2.01788 -22.2797 36.0619 4.32466 -17.0147 37.4972 6.69752 -11.5928 37.7677 9.13229 -6.26088 36.9051 11.6238 -1.24012 34.9853 14.3164 3.53639 31.9115 17.037 7.5611 27.9223 19.7459 10.6856 23.1881 22.3856 12.8015 17.8901 24.288 13.6868 13.6291 26.0685 13.9417 9.23333 27.6825 13.5678 4.78207 29.081 12.5808 0.351644 30.367 10.7087 -4.66255 31.2149 8.1217 -9.44681 31.548 4.9087 -13.904 31.2962 1.1792 -17.9448 30.4628 -2.71485 -21.3169 29.0132 -6.82993 -24.1794 26.9275 -11.0239 -26.4792 24.2072 -15.1415 -28.1745 19.9665 -19.9377 -29.4052 14.9029 -24.0364 -29.6503 9.20807 -27.1339 -28.9616 -0.115774 -0.0813198 -0.0549709 -0.0348219 0.10916 0.0860574 0.0621074 0.0383077 0.0168387 -0.0175179 -0.0503851 -0.081949 -0.164842 -0.211515 -0.257025 -0.302038 -0.540991 -0.631767 -0.718174 -0.802039 -1.25223 -1.29369 -1.33236 -1.37016 -1.60448 -1.58451 -1.56646 -1.54932 -1.52613 -1.44877 -1.37124 -1.29263 -0.844155 -0.665609 -0.480609 -0.287151 0.671842 0.814011 0.944851 1.06244 1.43862 1.4624 1.47689 1.4839 1.4907 1.48613 1.48299 1.4827 1.54304 1.56663 1.59673 1.63523 1.7942 1.83106 1.87121 1.9159 1.93113 1.9352 1.94055 1.94747 1.77655 1.7486 1.72134 1.69348 1.42762 1.39 1.35353 1.31674 1.19645 1.18317 1.17062 1.15815 1.13151 1.10852 1.08292 1.0535 0.755596 0.619316 0.467399 0.299849 -1.03533 -1.23073 -1.38935 -1.52157 -2.22324 -2.21831 -2.2153 -2.21467 -2.44048 -2.38706 -2.33762 -2.29096 -2.25232 -2.15223 -2.05316 -1.95472 -1.56421 -1.39325 -1.24551 -1.11848 -0.504762
5.13437 -25.8488 -29.7198 0.879369 -26.5353 -28.6762 -3.37286 -26.5247 -27.4177 -7.51778 -25.8076 -26.0138 -11.454 -24.3979 -24.5357 -15.6701 -21.9193 -22.801 -19.3402 -18.6387 -21.1588 -22.3576 -14.6798 -19.6924 -24.6463 -10.1875 -18.4634 -25.8805 -6.47268 -17.704 -26.6479 -2.60476 -17.1122 -26.9495 1.34802 -16.6826 -26.7948 5.32252 -16.401 -26.1336 9.57163 -16.2379 -24.9853 13.7186 -16.1849 -23.38 17.7113 -16.2004 -21.3509 21.506 -16.2403 -17.511 26.8368 -16.2622 -12.8996 31.5131 -16.0886 -7.65705 35.4416 -15.5934 -1.93472 38.5387 -14.6848 3.8055 40.6449 -13.3922 9.68897 41.8764 -11.6819 15.5708 42.1907 -9.59344 21.3091 41.5597 -7.1996 26.1978 40.1858 -4.8841 30.7609 38.0529 -2.48061 34.8956 35.183 -0.069016 38.494 31.6197 2.27677 41.51 27.3191 4.55074 43.7206 22.4733 6.64697 45.008 17.2295 8.54644 45.2698 11.7736 10.257 44.3227 5.9126 11.9231 42.069 0.384731 13.4681 38.5639 -4.46447 14.9592 33.972 -8.2995 16.4526 29.4495 -10.5378 17.7424 24.5562 -11.7484 19.0527 19.5167 -11.905 20.3587 14.534 -11.0574 21.6162 9.07886 -8.98553 22.9252 4.03011 -5.96017 23.9846 -0.583409 -2.21768 24.6733 -4.80498 2.01444 24.8541 -8.10952 5.78136 24.4948 -11.2348 9.60498 23.5722 -14.2079 13.3348 21.9949 -17.0286 16.7963 19.6925 -19.9674 20.1181 16.2245 -22.5865 22.5631 11.8817 -24.7704 23.868 6.8592 -26.4077 23.856 1.47246 -27.3953 22.5627 -3.67651 -27.797 20.0959 -8.46332 -27.6518 16.6339 -12.605 -27.0401 12.4078 -15.9105 -26.0822 7.73393 -18.255 -24.8726 2.75766 -19.6808 -23.5031 -2.35024 -20.2221 -22.0491 -7.4557 -19.9398 -20.5062 -12.6567 -18.8445 -18.9758 -17.6478 -17.0065 -17.4815 -22.3457 -14.491 -16.0306 -26.6677 -11.3531 -14.4941 -30.8434 -7.28495 -12.9846 -34.3322 -2.60567 -11.4785 -36.983 2.59544 -9.95225 -38.6356 8.18882 -8.73356 -39.1279 12.7037 -7.48763 -38.8647 17.2303 -6.2138 -37.818 21.6341 -4.9147 -35.9954 25.7696 -3.52281 -33.2855 29.6828 -2.11333 -29.8676 32.9881 -0.689291 -25.8799 35.5697 0.750704 -21.4827 37.3543 2.49784 -15.9194 38.4024 4.29765 -10.2758 38.2949 6.17649 -4.7843 37.1054 8.16069 0.361277 34.9404 10.4016 5.26763 31.7125 12.7914 9.45468 27.6787 15.3166 12.7997 22.9939 17.9382 15.206 17.8121 19.9422 16.3549 13.6621 21.9237 16.904 9.38067 23.8331 16.8424 5.03222 25.6123 16.1702 0.680091 27.4297 14.6439 -4.28662 28.8805 12.3563 -9.07856 29.8582 9.37402 -13.6008 30.262 5.79139 -17.7604 30.0328 1.95323 -21.2881 29.1481 -2.18517 -24.341 27.5697 -6.47387 -26.8599 25.2862 -10.746 -28.7998 21.4794 -15.7998 -30.3706 16.7166 -20.2067 -30.9996 11.1838 -23.6452 -30.7437 -0.0328064 -0.00443529 0.0158891 0.0304218 0.171552 0.143378 0.115402 0.0884019 0.0678689 0.0318836 -0.00222911 -0.0346996 -0.113515 -0.159295 -0.203037 -0.245331 -0.456566 -0.532557 -0.602136 -0.667686 -1.01897 -1.0473 -1.07442 -1.10188 -1.28836 -1.27304 -1.25974 -1.24726 -1.23631 -1.17197 -1.10565 -1.03647 -0.660322 -0.49919 -0.330861 -0.154714 0.669808 0.806589 0.93333 1.04812 1.40027 1.4275 1.4452 1.45519 1.46106 1.45902 1.45883 1.46206 1.53231 1.56142 1.59827 1.64501 1.81007 1.85108 1.89565 1.94503 1.93503 1.93842 1.9433 1.94988 1.75691 1.73018 1.70409 1.67715 1.40546 1.36801 1.33022 1.29059 1.16414 1.14677 1.12951 1.11178 1.0749 1.04469 1.0114 0.973827 0.638186 0.484677 0.316702 0.136069 -1.30232 -1.47182 -1.60367 -1.71099 -2.43263 -2.41522 -2.40127 -2.39111 -2.6493 -2.58653 -2.528 -2.47275 -2.46302 -2.351 -2.24138 -2.13442 -1.75799 -1.5791 -1.43078 -1.30844 -0.788348
8.28779 -22.9645 -33.4734 4.27747 -24.4991 -32.3653 0.159659 -25.3196 -30.9385 -3.94814 -25.3852 -29.269 -7.92696 -24.6843 -27.4405 -12.2679 -22.9187 -25.2118 -16.1136 -20.2136 -23.016 -19.3315 -16.6946 -20.969 -21.8281 -12.5201 -19.1609 -23.2222 -8.97876 -17.9711 -24.1491 -5.23236 -16.9684 -24.6122 -1.35721 -16.1507 -24.6245 2.57742 -15.5038 -24.154 6.82152 -14.97 -23.2116 11.0009 -14.566 -21.8301 15.0638 -14.2445 -20.0434 18.968 -13.955 -16.6055 24.5461 -13.4781 -12.4258 29.5682 -12.7909 -7.63008 33.9372 -11.7539 -2.35246 37.558 -10.2709 2.98455 40.2219 -8.40627 8.50352 42.0481 -6.11222 14.0812 42.9695 -3.44816 19.5982 42.9303 -0.512423 24.3761 42.0467 2.23329 28.92 40.3451 4.9911 33.1291 37.8262 7.65307 36.8885 34.5163 10.1147 40.1428 30.3642 12.3356 42.6418 25.5545 14.1751 44.2409 20.2447 15.5935 44.813 14.6378 16.5922 44.1761 8.53948 17.2468 42.1872 2.7115 17.5673 38.8823 -2.4929 17.6891 34.4052 -6.73251 17.7604 29.8994 -9.34183 17.8875 24.9465 -10.9338 18.1351 19.78 -11.4607 18.5304 14.6241 -10.9502 19.0626 8.95038 -9.20225 19.7823 3.7069 -6.41683 20.498 -1.04022 -2.82181 21.051 -5.31003 1.36068 21.2526 -8.57954 5.16569 20.9862 -11.5979 9.10164 20.1883 -14.3915 13.0137 18.7287 -16.961 16.7118 16.5015 -19.5347 20.3266 13.0364 -21.7061 23.0322 8.60211 -23.373 24.4968 3.42778 -24.4524 24.4963 -2.09785 -24.9085 23.07 -7.28604 -24.8319 20.3644 -11.9587 -24.3103 16.6168 -15.8114 -23.461 12.1169 -18.6732 -22.4223 7.22594 -20.4784 -21.2833 2.10233 -21.3214 -20.1205 -3.08481 -21.2916 -18.9843 -8.21633 -20.4941 -17.8575 -13.4115 -18.9541 -16.794 -18.3899 -16.7825 -15.7818 -23.0939 -14.0477 -14.7956 -27.4618 -10.795 -13.7135 -31.7487 -6.69647 -12.5763 -35.4168 -2.04905 -11.3424 -38.3021 3.09868 -9.98367 -40.2137 8.6526 -8.83036 -40.8938 13.1603 -7.60569 -40.7814 17.6989 -6.32943 -39.8286 22.1233 -5.02997 -38.032 26.27 -3.67039 -35.2776 30.1635 -2.3573 -31.7571 33.4 -1.11742 -27.6327 35.8591 0.0372193 -23.0891 37.4765 1.30895 -17.3605 38.2932 2.50179 -11.5666 37.9623 3.67237 -5.92218 36.5943 4.88748 -0.588627 34.3188 6.29711 4.59465 31.0538 7.89752 9.17249 27.0543 9.73221 13.0408 22.4517 11.8137 16.1024 17.3716 13.5373 17.8226 13.2938 15.3632 18.9949 9.0688 17.2513 19.5914 4.75164 19.1483 19.593 0.397366 21.2766 18.8404 -4.62305 23.2188 17.2846 -9.53303 24.8549 14.9556 -14.2447 26.0628 11.9102 -18.6682 26.7042 8.44009 -22.5121 26.7645 4.50309 -25.9364 26.1696 0.225962 -28.8657 24.8677 -4.23885 -31.2321 22.2244 -9.82191 -33.316 18.4821 -15.0539 -34.3752 13.7647 -19.5534 -34.405 -0.0698437 -0.0205043 0.0169686 0.045788 0.241958 0.219828 0.197533 0.176135 0.177742 0.145081 0.114852 0.0868179 0.0256858 -0.0140849 -0.0511052 -0.0860818 -0.261482 -0.32359 -0.378845 -0.430061 -0.727268 -0.746086 -0.765096 -0.785848 -0.957814 -0.943959 -0.933319 -0.924289 -0.935657 -0.881253 -0.825462 -0.767383 -0.47808 -0.346441 -0.210779 -0.070796 0.583541 0.703805 0.817657 0.92333 1.2691 1.30108 1.32308 1.33691 1.34536 1.34457 1.34585 1.35126 1.44087 1.48176 1.53403 1.60119 1.82662 1.88778 1.95396 2.02631 1.99993 2.00815 2.01775 2.02845 1.78066 1.7537 1.72733 1.69943 1.38703 1.35121 1.31367 1.27276 1.13655 1.11918 1.10134 1.0828 1.04472 1.0135 0.980089 0.943535 0.59386 0.438189 0.268158 0.0854014 -1.54217 -1.70239 -1.81871 -1.90784 -2.69698 -2.66464 -2.6365 -2.61323 -2.91956 -2.8471 -2.77895 -2.71433 -2.76874 -2.64411 -2.51969 -2.39617 -2.04223 -1.80531 -1.60418 -1.43589 -0.77426
11.5071 -20.804 -34.8047 8.08911 -23.2789 -33.4417 4.44792 -25.0664 -31.6495 0.700694 -26.0852 -29.508 -3.02753 -26.2882 -27.1154 -7.20208 -25.4816 -24.1403 -11.0036 -23.6043 -21.1483 -14.2897 -20.7715 -18.3012 -16.9632 -17.1426 -15.7298 -18.5698 -13.9299 -13.9986 -19.7776 -10.4358 -12.5044 -20.5926 -6.73918 -11.2512 -21.0284 -2.91006 -10.2276 -21.0935 1.30305 -9.35335 -20.7622 5.53968 -8.67513 -20.057 9.75115 -8.14124 -18.9966 13.8979 -7.69525 -16.7226 20.0302 -7.07355 -13.6936 25.812 -6.326 -9.94752 31.1073 -5.28221 -5.53976 35.7534 -3.81644 -0.81265 39.4006 -1.97006 4.3247 42.1323 0.31072 9.73198 43.807 2.95901 15.2453 44.3212 5.85658 20.1121 43.7532 8.52852 24.7879 42.2148 11.1588 29.1372 39.742 13.6321 33.0233 36.4047 15.8475 36.3854 32.1909 17.7716 38.9727 27.3172 19.2936 40.6483 21.957 20.3993 41.2904 16.314 21.1109 40.7212 10.1862 21.4978 38.7859 4.33218 21.5941 35.5149 -0.894576 21.5229 31.0533 -5.14949 21.4104 26.5507 -7.76706 21.3676 21.5948 -9.36819 21.415 16.4172 -9.91311 21.5635 11.2357 -9.43551 21.7895 5.50656 -7.74397 22.0738 0.181835 -5.02741 22.2546 -4.64991 -1.50442 22.1651 -8.9605 2.60368 21.6106 -12.1774 6.33323 20.6205 -15.0139 10.1613 19.0269 -17.4462 13.9052 16.7235 -19.4332 17.3453 13.6484 -21.0681 20.5372 9.30831 -22.0183 22.6764 4.18788 -22.2636 23.468 -1.38087 -21.8534 22.7587 -6.951 -20.9588 20.6947 -11.8601 -19.7272 17.4498 -15.997 -18.3249 13.2902 -19.142 -16.9009 8.50896 -21.209 -15.5886 3.45634 -22.2131 -14.4338 -1.73221 -22.2815 -13.4674 -6.90536 -21.5305 -12.6891 -11.9596 -20.0785 -12.0536 -17.0211 -17.9317 -11.5505 -21.8233 -15.2267 -11.1227 -26.317 -12.0243 -10.7073 -30.4444 -8.3606 -10.1975 -34.4338 -3.86935 -9.55435 -37.7586 1.11849 -8.72111 -40.2412 6.54884 -7.66799 -41.678 12.3084 -6.69637 -41.9347 16.9021 -5.61657 -41.3593 21.4424 -4.46698 -39.9199 25.7689 -3.29785 -37.6376 29.7104 -2.10343 -34.4041 33.2758 -1.00603 -30.471 36.0901 -0.0477743 -26.0243 38.0656 0.751619 -21.2578 39.177 1.50302 -15.3855 39.4088 2.07978 -9.55038 38.5606 2.55536 -3.92275 36.7704 3.01904 1.38278 34.1747 3.59994 6.57004 30.672 4.37699 11.2234 26.5179 5.43595 15.26 21.817 6.83345 18.5873 16.6702 8.12834 20.5662 12.5513 9.61826 22.0384 8.28847 11.2759 22.9648 3.93505 13.0578 23.3142 -0.453758 15.2043 22.972 -5.51102 17.3327 21.8169 -10.4544 19.3241 19.861 -15.1988 21.0544 17.1408 -19.6605 22.3396 13.9121 -23.5532 23.1782 10.126 -27.0447 23.4787 5.87945 -30.0623 23.1644 1.29432 -32.5335 21.8325 -4.68917 -34.7526 19.4077 -10.63 -35.9046 15.922 -16.1391 -35.9213 -0.299632 -0.220924 -0.158981 -0.109556 0.165064 0.149963 0.134042 0.118397 0.148092 0.118224 0.0912184 0.0669334 0.0296093 -0.00473678 -0.0356947 -0.064134 -0.196865 -0.252566 -0.303242 -0.352035 -0.640631 -0.668003 -0.695624 -0.724651 -0.921608 -0.912353 -0.905958 -0.900842 -0.929273 -0.878294 -0.826388 -0.772483 -0.504774 -0.375286 -0.241466 -0.103286 0.530624 0.64593 0.752753 0.849949 1.1732 1.19495 1.20782 1.21431 1.21626 1.21131 1.20981 1.21408 1.34617 1.40291 1.4783 1.57868 1.92305 2.02284 2.13087 2.24738 2.21932 2.24452 2.26954 2.29333 1.98027 1.95298 1.9244 1.89185 1.52304 1.48437 1.44224 1.39489 1.2516 1.23175 1.21074 1.18879 1.14153 1.10727 1.07202 1.0352 0.640201 0.48243 0.311013 0.126361 -1.72603 -1.86718 -1.96252 -2.03027 -2.83652 -2.79157 -2.75054 -2.71451 -3.03474 -2.95413 -2.87706 -2.80307 -2.89876 -2.76464 -2.62728 -2.48724 -2.14642 -1.83648 -1.56114 -1.32304 -0.252668
18.9506 -17.4533 -37.3952 15.9322 -20.4328 -36.1002 12.6581 -22.8081 -34.2824 9.22895 -24.4784 -32.0206 5.751 -25.3717 -29.4184 1.75977 -25.3844 -26.102 -2.00039 -24.2939 -22.696 -5.4036 -22.1751 -19.401 -8.36085 -19.1578 -16.3878 -10.2996 -16.3346 -14.3457 -11.9364 -13.1567 -12.5789 -13.2731 -9.70316 -11.1002 -14.3182 -6.04627 -9.90236 -15.1322 -1.94191 -8.89715 -15.6355 2.26454 -8.14137 -15.8399 6.52532 -7.57327 -15.7505 10.8041 -7.12282 -15.0418 17.3077 -6.51976 -13.6037 23.6726 -5.75645 -11.3827 29.7455 -4.59464 -8.33938 35.3004 -2.85006 -4.69162 39.8292 -0.560846 -0.393083 43.3327 2.32088 4.39641 45.5528 5.66582 9.45472 46.3174 9.25542 13.9939 45.7265 12.4482 18.3733 43.9834 15.4367 22.4402 41.2059 18.0623 26.0704 37.5526 20.2123 29.2366 33.0779 21.8601 31.7524 28.0495 22.9317 33.5391 22.6374 23.4605 34.517 16.9979 23.5141 34.5713 10.843 23.1435 33.4861 4.81103 22.4639 31.1836 -0.846895 21.6212 27.6532 -5.82899 20.7616 23.7846 -9.25712 20.1228 19.2499 -11.7698 19.6223 14.2591 -13.2203 19.2836 9.06397 -13.5352 19.0893 3.17242 -12.5152 18.9706 -2.32261 -10.1603 18.8153 -7.1829 -6.69664 18.4336 -11.2575 -2.39708 17.611 -14.0038 1.63336 16.4061 -16.0843 5.83913 14.6112 -17.4596 9.98684 12.1325 -18.0959 13.8049 8.93003 -17.9165 17.3278 4.54199 -16.8414 19.6417 -0.476752 -15.0121 20.4176 -5.7445 -12.6669 19.5114 -10.782 -10.2117 17.1413 -14.967 -7.81599 13.5525 -18.2137 -5.68441 9.08702 -20.3762 -3.94253 4.09034 -21.453 -2.65604 -1.06675 -21.5463 -1.78598 -6.25968 -20.8143 -1.28879 -11.3579 -19.3929 -1.10304 -16.2813 -17.3966 -1.1687 -21.1665 -14.7963 -1.42351 -25.7604 -11.7201 -1.79854 -30.0093 -8.19347 -2.23393 -33.8388 -4.22151 -2.72069 -37.4126 0.609467 -3.17191 -40.185 5.94391 -3.55429 -41.9412 11.6986 -3.85016 -42.4611 17.6976 -4.01935 -41.885 22.3614 -4.1386 -40.4093 26.8246 -4.2169 -38.0568 30.8954 -4.26502 -34.9143 34.3931 -4.29334 -30.8997 37.3045 -4.30488 -26.3684 39.3197 -4.29813 -21.5311 40.4124 -4.2624 -16.5763 40.6194 -4.15569 -10.7077 39.8133 -3.93117 -5.06093 38.0343 -3.53078 0.259069 35.4577 -2.89193 5.19254 32.2399 -1.88781 9.96034 28.2683 -0.487666 14.2054 23.8486 1.3464 17.8748 19.0857 3.6217 20.9038 14.0696 5.6167 22.7205 10.1609 7.81983 24.0965 6.18448 10.1888 25.0008 2.16844 12.669 25.4065 -1.86179 15.6001 25.2256 -6.51764 18.4808 24.3227 -11.1206 21.1906 22.6879 -15.6244 23.6055 20.3277 -19.9717 25.5096 17.445 -23.8824 26.9394 13.9786 -27.5113 27.807 9.9965 -30.77 28.0399 5.59332 -33.5605 27.3697 -0.311322 -36.2412 25.5931 -6.37292 -37.854 22.7456 -12.2234 -38.259 -0.514106 -0.403599 -0.317486 -0.250349 0.0873336 0.0740479 0.056566 0.0369958 0.084621 0.0493999 0.0173261 -0.011389 -0.0315308 -0.0682155 -0.100008 -0.127778 -0.214976 -0.265796 -0.310269 -0.35259 -0.577549 -0.60343 -0.630346 -0.65908 -0.814883 -0.809952 -0.808731 -0.809236 -0.83467 -0.804871 -0.77526 -0.744476 -0.573298 -0.484323 -0.387021 -0.280939 0.267154 0.383683 0.494941 0.59904 0.953344 0.976036 0.98852 0.994666 0.987555 0.980759 0.980233 0.989326 1.21129 1.30996 1.44371 1.62476 2.2185 2.39302 2.57335 2.75557 2.69489 2.73762 2.77622 2.80977 2.41061 2.3804 2.34578 2.30377 1.83392 1.77061 1.69841 1.61597 1.40014 1.34984 1.29729 1.24296 1.14616 1.0754 1.00297 0.928295 0.390536 0.177145 -0.0328717 -0.233783 -1.95314 -2.01056 -2.04422 -2.06708 -2.83047 -2.77952 -2.73438 -2.69568 -3.06299 -2.98037 -2.90119 -2.82487 -2.97668 -2.83677 -2.69355 -2.54736 -2.27757 -1.93156 -1.61235 -1.32733 0.0702496
20.1335 -7.32681 -43.4684 17.7933 -10.9769 -42.5379 15.1932 -14.1803 -40.9123 12.414 -16.7973 -38.6555 9.54148 -18.7082 -35.8694 6.1759 -19.9349 -32.1149 2.9239 -20.0065 -28.0716 -0.110282 -18.9294 -24.002 -2.84989 -16.7854 -20.1515 -4.72688 -14.5035 -17.4739 -6.39104 -11.7542 -15.1134 -7.84003 -8.62602 -13.1097 -9.07731 -5.20637 -11.4742 -10.1825 -1.27913 -10.1053 -11.059 2.81174 -9.09772 -11.7143 7.00353 -8.37782 -12.1494 11.2527 -7.8544 -12.3747 17.7896 -7.23731 -12.0074 24.3025 -6.45682 -10.9587 30.6541 -5.14494 -9.14412 36.5927 -2.99958 -6.67794 41.507 -0.0291546 -3.55253 45.3124 3.8188 0.0728165 47.6639 8.33359 3.96867 48.3628 13.1699 7.4756 47.5826 17.4408 10.8498 45.588 21.4137 13.9749 42.5604 24.9087 16.7689 38.7035 27.8184 19.2267 34.0887 30.1476 21.2126 28.9859 31.8149 22.658 23.5454 32.8515 23.4763 17.8983 33.3032 23.5382 11.7333 33.1921 22.6081 5.67399 32.5259 20.5657 -0.02868 31.3718 17.3624 -5.05993 29.8068 13.8022 -8.51954 28.2311 9.59721 -11.0478 26.4839 4.95656 -12.4997 24.6176 0.137064 -12.8113 22.6677 -5.27842 -11.7986 20.3414 -10.2148 -9.48468 17.8831 -14.3768 -6.11838 15.2164 -17.5338 -2.00153 12.2416 -19.2701 1.77985 9.42642 -20.0787 5.62323 6.29381 -19.9008 9.27694 2.85037 -18.7212 12.4713 -0.843263 -16.274 15.1832 -5.12753 -12.8263 16.6636 -9.32509 -8.69112 16.708 -13.1456 -4.26395 15.2769 -16.3157 -0.121889 12.6376 -18.5602 3.60952 8.98635 -19.9404 6.71995 4.60347 -20.4656 9.10497 -0.23471 -20.2125 10.732 -5.21471 -19.3117 11.6932 -10.2416 -17.8742 12.0727 -15.1993 -15.9938 11.9686 -20.0111 -13.7365 11.4486 -24.8074 -11.0241 10.6058 -29.3318 -7.94993 9.5198 -33.519 -4.49757 8.252 -37.279 -0.639317 6.7157 -40.7464 4.04722 5.06005 -43.354 9.22462 3.32361 -44.8654 14.7966 1.55071 -45.0559 20.5556 0.178108 -44.1788 24.9668 -1.14928 -42.388 29.1071 -2.39782 -39.7373 32.785 -3.53646 -36.3442 35.8349 -4.59041 -32.1401 38.245 -5.47407 -27.5041 39.7685 -6.1757 -22.6377 40.4162 -6.68891 -17.7077 40.2526 -7.04806 -11.9032 39.1217 -7.12007 -6.31543 37.1535 -6.88731 -1.01396 34.5188 -6.32606 3.96836 31.3624 -5.34305 8.88378 27.5694 -3.9341 13.3932 23.4229 -2.08551 17.4586 18.9992 0.19529 21.0262 14.3533 2.1844 23.3483 10.7188 4.37473 25.3148 6.99132 6.72821 26.8916 3.17904 9.19644 28.0452 -0.711412 12.128 28.813 -5.30676 15.0371 28.9265 -9.9785 17.816 28.3498 -14.695 20.3535 27.0582 -19.4061 22.4348 25.1645 -23.8005 24.1116 22.6275 -28.0409 25.3051 19.4748 -32.024 25.9503 15.7576 -35.6289 25.9202 10.4442 -39.4061 24.9187 4.60288 -42.1221 22.9607 -1.45291 -43.5342 -1.0095 -0.812246 -0.65981 -0.542417 -0.0799511 -0.0784015 -0.0873918 -0.103258 -0.0307501 -0.0694783 -0.105738 -0.138871 -0.148126 -0.189181 -0.22401 -0.253014 -0.309819 -0.351983 -0.381089 -0.402618 -0.516832 -0.51083 -0.506501 -0.50511 -0.528351 -0.507727 -0.492767 -0.481135 -0.433256 -0.408571 -0.383479 -0.356349 -0.176974 -0.107514 -0.0292269 0.0565332 0.483798 0.551359 0.611881 0.664639 0.867848 0.840246 0.807761 0.774009 0.71731 0.678477 0.645346 0.619699 0.927943 1.02268 1.1704 1.40073 2.41809 2.68549 2.95425 3.21204 3.1393 3.2112 3.27454 3.32879 2.89479 2.87044 2.8378 2.79405 2.21566 2.12417 2.01805 1.89628 1.58368 1.49941 1.41234 1.32343 1.18068 1.07499 0.970029 0.86614 0.263379 0.0348317 -0.172658 -0.356983 -2.06157 -2.09398 -2.11198 -2.12589 -2.98006 -2.93171 -2.89002 -2.85556 -3.30079 -3.22605 -3.15484 -3.08655 -3.31969 -3.19354 -3.06293 -2.92753 -2.82863 -2.47093 -2.1049 -1.74538 0.33636
23.6134 1.45548 -45.4224 22.4953 -2.7657 -44.6499 21.1162 -6.70029 -43.1391 19.5083 -10.2003 -40.9413 17.7039 -13.1283 -38.1419 15.3879 -15.6747 -34.2586 12.899 -17.1388 -29.9469 10.291 -17.4439 -25.471 7.62059 -16.5889 -21.1045 5.56045 -15.1899 -17.9903 3.52459 -13.2101 -15.1912 1.53862 -10.7322 -12.7796 -0.374688 -7.84991 -10.7968 -2.33648 -4.39334 -9.14694 -4.17557 -0.684117 -7.97308 -5.88184 3.19159 -7.2075 -7.44909 7.17378 -6.75519 -9.56069 13.3875 -6.44915 -11.3021 19.7157 -6.15918 -12.6102 26.1116 -5.42222 -13.3777 32.4321 -3.80212 -13.4815 38.0814 -1.13166 -12.8784 42.9469 2.74378 -11.5459 46.5453 7.67649 -9.56803 48.489 13.277 -7.40059 48.6862 18.4161 -5.01651 47.4821 23.3166 -2.56869 45.0549 27.7057 -0.185394 41.6366 31.4182 2.08546 37.3416 34.4446 4.0904 32.4611 36.6636 5.74432 27.1695 38.0871 6.95761 21.613 38.7323 7.66222 15.4893 38.5686 7.61905 9.41271 37.521 6.72363 3.62118 35.6026 4.9248 -1.59828 32.8558 2.72614 -5.32319 29.9544 -0.00551397 -8.23505 26.6099 -3.12228 -10.1968 22.9269 -6.42986 -11.1348 19.0145 -10.1868 -10.9495 14.3653 -13.5703 -9.52223 9.64511 -16.2644 -7.04366 4.91611 -17.984 -3.76979 0.216147 -18.4854 -0.640544 -3.68193 -18.0102 2.61427 -7.47916 -16.4961 5.7527 -11.098 -13.9522 8.51946 -14.4315 -10.0017 10.8834 -17.6724 -5.15656 12.1911 -20.2243 0.201115 12.2676 -21.9527 5.63894 11.0753 -22.7932 10.5482 8.826 -22.7798 14.8625 5.66437 -22.0376 18.3873 1.8053 -20.6798 21.0265 -2.52904 -18.8336 22.7471 -7.06343 -16.6568 23.6403 -11.7025 -14.2194 23.7826 -16.3211 -11.5912 23.2636 -20.8244 -8.81444 22.1155 -25.3115 -5.78474 20.4364 -29.5229 -2.61042 18.3 -33.3874 0.726108 15.7646 -36.8228 4.2476 12.604 -39.9602 8.31132 9.08614 -42.3082 12.6076 5.28615 -43.6837 17.0814 1.31267 -43.9035 21.6101 -1.80717 -43.1693 25.0509 -4.84537 -41.6082 28.2826 -7.69931 -39.237 31.1712 -10.2678 -36.1269 33.5882 -12.5719 -32.1797 35.513 -14.3907 -27.7276 36.7232 -15.6903 -22.9653 37.1985 -16.4725 -18.0735 36.9688 -16.7666 -12.2608 35.8608 -16.4442 -6.64708 33.9945 -15.5923 -1.3293 31.5253 -14.2913 3.6521 28.5937 -12.4927 8.56125 25.1038 -10.3254 13.0928 21.3247 -7.83776 17.2548 17.3242 -5.07116 21.0434 13.1402 -2.82154 23.6447 9.86433 -0.454309 26.0022 6.48835 2.00836 28.0896 3.00458 4.54013 29.8725 -0.596803 7.52091 31.5054 -4.92688 10.4945 32.599 -9.42828 13.393 33.0729 -14.0839 16.1398 32.8475 -18.8489 18.528 31.9232 -23.3955 20.6345 30.265 -27.8723 22.3932 27.8564 -32.1542 23.7475 24.7141 -36.0939 24.8107 19.8498 -40.302 25.1369 14.1363 -43.4245 24.7243 7.87528 -45.1936 -0.716699 -0.438897 -0.242993 -0.104411 0.481974 0.45712 0.422385 0.380793 0.468822 0.408518 0.350673 0.296226 0.297622 0.235079 0.180818 0.135555 0.12593 0.0764793 0.055236 0.0552233 0.101944 0.13621 0.16826 0.195101 0.289283 0.306677 0.318039 0.325495 0.395117 0.399134 0.404293 0.411335 0.526828 0.547719 0.572497 0.599124 0.802774 0.800325 0.792597 0.779338 0.806203 0.719289 0.628519 0.535708 0.403349 0.304497 0.204095 0.100723 0.426839 0.433294 0.481192 0.609428 2.41912 2.82017 3.21093 3.56016 3.3872 3.48606 3.57414 3.65223 3.15088 3.13772 3.11602 3.08364 2.32303 2.19829 2.05196 1.88071 1.38038 1.24566 1.10518 0.960309 0.747949 0.582066 0.419036 0.261311 -0.390401 -0.644322 -0.856049 -1.02972 -2.51783 -2.55851 -2.58984 -2.61819 -3.54643 -3.52148 -3.50057 -3.48359 -4.02361 -3.96247 -3.89892 -3.83272 -4.1377 -4.00969 -3.87249 -3.72643 -3.75804 -3.3606 -2.91712 -2.44809 -0.257882
29.688 5.56951 -45.5192 29.6213 1.1803 -44.89 29.2669 -3.03416 -43.5565 28.6215 -6.93125 -41.5411 27.6821 -10.3661 -38.8982 26.2113 -13.6166 -35.13 24.3476 -15.8526 -30.8341 22.1199 -16.9346 -26.2739 19.5811 -16.8032 -21.75 17.4631 -15.898 -18.4951 15.2465 -14.349 -15.5648 12.9745 -12.2421 -13.0551 10.6876 -9.68257 -11.0256 8.24163 -6.53916 -9.39637 5.8449 -3.13024 -8.32238 3.50904 0.435837 -7.73472 1.23098 4.08117 -7.53346 -2.15911 9.70495 -7.74059 -5.52179 15.3371 -8.10613 -8.92522 20.9564 -8.15691 -12.3805 26.4976 -7.43644 -15.6377 31.5306 -5.67149 -18.7016 36.0575 -2.64225 -21.346 39.7319 1.66605 -23.3422 42.2213 7.03954 -24.4396 43.2546 12.4131 -24.8454 43.1107 17.9775 -24.5929 41.8419 23.4065 -23.7718 39.5683 28.4368 -22.466 36.3482 32.9853 -20.8334 32.3881 36.7819 -19.0153 27.8335 39.7337 -17.1468 22.8187 41.7642 -15.2221 17.0596 42.8375 -13.5377 11.1302 42.6685 -12.2284 5.28751 41.1946 -11.3981 -0.154988 38.4173 -11.1085 -4.18105 35.1258 -11.1867 -7.48137 31.0974 -11.5748 -9.90888 26.5057 -12.1726 -11.3865 21.5473 -12.9554 -11.9128 15.6418 -13.6147 -11.3008 9.72947 -13.9151 -9.7385 3.96459 -13.6255 -7.46092 -1.55751 -12.7578 -5.19808 -5.9581 -11.2106 -2.79071 -10.0872 -8.90685 -0.428428 -13.8755 -5.8213 1.68625 -17.229 -1.49584 3.51805 -20.3326 3.56183 4.52693 -22.5909 9.04249 4.52721 -23.8794 14.5605 3.44155 -24.1455 19.5218 1.41803 -23.4739 23.8587 -1.43994 -21.9965 27.3621 -4.95069 -19.8608 29.9188 -8.91381 -17.2307 31.4818 -13.0715 -14.3101 32.1261 -17.325 -11.1873 31.9135 -21.5449 -7.96137 30.9199 -25.6272 -4.70449 29.1394 -29.6399 -1.33429 26.6803 -33.329 1.97856 23.6175 -36.6169 5.20968 20.0198 -39.425 8.34054 15.5712 -41.8409 11.6147 10.6655 -43.4715 14.7164 5.42168 -44.1974 17.6013 -0.00646965 -43.9095 20.2087 -4.24103 -42.9236 21.9999 -8.36 -41.2547 23.5363 -12.2452 -38.9155 24.7793 -15.7785 -35.9511 25.6956 -19.0058 -32.2318 26.2833 -21.6227 -28.0234 26.4718 -23.5659 -23.4652 26.2689 -24.8132 -18.6994 25.6989 -25.412 -12.9111 24.5861 -25.1254 -7.18999 23.0733 -24.0694 -1.65934 21.2299 -22.3716 3.60763 19.1137 -20.003 8.86719 16.6157 -17.1779 13.773 13.8833 -14.002 18.3179 10.9217 -10.5593 22.4892 7.71816 -7.82536 25.3756 5.11959 -5.00227 28.0117 2.35557 -2.1122 30.3674 -0.586655 0.823192 32.4038 -3.7164 4.25204 34.3053 -7.58007 7.6695 35.6342 -11.6857 11.0267 36.3063 -15.9959 14.2676 36.2434 -20.4449 17.1766 35.4473 -24.7031 19.8734 33.9019 -28.8946 22.3088 31.6019 -32.8956 24.4403 28.5723 -36.5708 26.6263 23.8528 -40.5012 28.2447 18.2673 -43.4479 29.2696 12.0665 -45.1799 -0.156121 0.13597 0.318807 0.436808 1.08298 1.01281 0.941155 0.867685 0.951237 0.868504 0.788971 0.713575 0.711972 0.62957 0.558103 0.499479 0.530914 0.495193 0.509743 0.565166 0.971982 1.07435 1.1596 1.22734 1.6407 1.61406 1.59149 1.57252 1.72344 1.66757 1.62398 1.58856 1.62754 1.56772 1.514 1.46207 1.40887 1.32678 1.24603 1.16577 0.953403 0.820191 0.688719 0.558088 0.366017 0.236518 0.101984 -0.0409213 0.289198 0.225304 0.177996 0.159776 2.23425 2.69183 3.1606 3.58104 3.30051 3.41722 3.52432 3.62336 3.0347 3.03413 3.0301 3.02167 2.06746 1.91686 1.73686 1.51989 0.810139 0.625845 0.435127 0.240813 -0.0440929 -0.251371 -0.448204 -0.631799 -1.30297 -1.52714 -1.70789 -1.85589 -3.16837 -3.20751 -3.25271 -3.30462 -4.32636 -4.31565 -4.30865 -4.30366 -4.91955 -4.85157 -4.77946 -4.70337 -5.04957 -4.90996 -4.76216 -4.60636 -4.7542 -4.33913 -3.84958 -3.29802 -1.14384
29.2556 9.62439 -45.9036 30.1785 5.50138 -44.5565 30.7205 1.53887 -42.6407 30.8603 -2.16105 -40.2001 30.5816 -5.50071 -37.2959 29.7133 -8.83271 -33.4136 28.2615 -11.4238 -29.1583 26.2498 -13.1767 -24.7076 23.7277 -14.0324 -20.2539 21.4892 -14.07 -16.9543 19.0365 -13.5808 -13.8487 16.4186 -12.5961 -11.0067 13.687 -11.1621 -8.48057 10.6674 -9.17516 -6.14546 7.62593 -6.8113 -4.22703 4.60352 -4.1506 -2.70905 1.62588 -1.26772 -1.55091 -2.80888 3.4315 -0.362264 -7.13881 8.31448 0.393335 -11.4361 13.2455 1.01086 -15.7889 18.1037 1.79356 -20.046 22.5267 2.96464 -24.4321 26.5923 4.77864 -28.8962 30.0863 7.4091 -33.3073 32.7565 10.9403 -37.0306 34.2292 14.8281 -40.3621 34.6858 19.2824 -43.1115 34.0357 24.0955 -45.1104 32.27 28.998 -46.2525 29.384 33.8072 -46.4082 25.5803 38.0815 -45.5793 21.0979 41.5433 -43.8335 16.2194 43.9753 -41.0707 10.8643 45.2838 -37.6027 5.76689 45.1672 -33.6773 1.25345 43.6692 -29.5497 -2.42371 40.9371 -26.0786 -4.76092 37.8361 -22.7378 -6.3559 34.1725 -19.5989 -7.23079 30.1094 -16.6906 -7.45285 25.7944 -13.6221 -7.02624 20.679 -10.766 -6.05156 15.5159 -8.00493 -4.72217 10.3803 -5.19794 -3.23556 5.31312 -2.69159 -2.02017 1.13223 0.0287089 -0.957004 -2.95536 3.02432 -0.170317 -6.91088 6.3295 0.216164 -10.6745 10.3963 0.036097 -14.5639 14.7797 -0.927 -17.9633 19.3399 -2.75783 -20.7112 23.8748 -5.46979 -22.6548 27.9774 -8.83617 -23.6531 31.6196 -12.8218 -23.7485 34.6097 -17.246 -22.945 36.8027 -21.8993 -21.3024 38.0982 -26.4958 -18.9673 38.5102 -30.9181 -16.0463 38.0605 -35.0053 -12.677 36.8085 -38.6299 -8.99545 34.7429 -41.8118 -4.9656 32.0104 -44.3207 -0.858355 28.7276 -46.115 3.22028 25.0104 -47.1748 7.18134 20.5958 -47.4899 11.2751 15.9335 -46.9421 15.0579 11.1513 -45.5562 18.4573 6.37065 -43.3691 21.4082 2.71979 -41.1383 23.3593 -0.805219 -38.4786 24.9757 -4.15295 -35.4262 26.2356 -7.27511 -32.0236 27.1222 -10.2754 -28.1091 27.6411 -12.9322 -23.9225 27.7289 -15.2108 -19.5307 27.391 -17.0875 -15.0016 26.6424 -18.7857 -9.50118 25.2415 -19.894 -4.00081 23.3392 -20.4312 1.41243 20.9919 -20.4296 6.66775 18.2564 -19.8841 12.0088 14.9869 -18.8316 17.056 11.3909 -17.3232 21.7636 7.50796 -15.4048 26.0858 3.36644 -13.7082 29.0626 0.0772445 -11.8131 31.7615 -3.34083 -9.73113 34.1492 -6.87958 -7.47268 36.1867 -10.5274 -4.6487 38.0538 -14.8679 -1.62228 39.3169 -19.289 1.57872 39.9011 -23.7289 4.91583 39.7393 -28.1037 8.15873 38.8501 -32.0939 11.4241 37.2233 -35.8249 14.6491 34.8658 -39.182 17.7645 31.8156 -42.0491 21.3944 27.1421 -44.7845 24.6035 21.7054 -46.4106 27.2622 15.7659 -46.8028 0.831134 0.772063 0.732846 0.701276 1.23912 1.11558 1.00609 0.906633 1.0197 0.932324 0.849734 0.77218 0.818594 0.734891 0.659632 0.594182 0.706188 0.637871 0.612029 0.630854 1.18883 1.31022 1.4479 1.58677 2.47403 2.45965 2.44882 2.44043 2.81547 2.69569 2.59334 2.50283 2.42652 2.23379 2.06484 1.91442 1.36886 1.23532 1.12564 1.03527 0.461568 0.413717 0.372487 0.336632 0.187833 0.156624 0.125674 0.0951385 0.609146 0.684738 0.814319 1.03771 2.01594 2.27484 2.56786 2.8857 2.67018 2.78599 2.90769 3.03579 2.35668 2.34636 2.33335 2.31649 1.32325 1.18871 1.04256 0.882167 0.402653 0.291233 0.176822 0.0593572 -0.150301 -0.286716 -0.423698 -0.559959 -1.22329 -1.46365 -1.67469 -1.8584 -3.68108 -3.69476 -3.71212 -3.73344 -4.74324 -4.69724 -4.65403 -4.61241 -5.13344 -5.04365 -4.94781 -4.84576 -5.19178 -5.04022 -4.87166 -4.68493 -5.00543 -4.44344 -3.65626 -2.76727 -0.714637
