# num_vectors 11
# vector_size 201
10.9774 -20.7406 4.38769 16.9105 -19.2582 -0.751284 21.6677 -16.688 -6.61812 24.3677 -13.2706 -13.2828 24.02 -9.532 -20.2755 20.0409 -6.41467 -26.3586 13.0833 -5.05863 -29.8245 5.23422 -6.05469 -29.7729 -1.50596 -9.00451 -26.7858 -6.26647 -12.9167 -21.7426 -9.03687 -16.8902 -15.4045 -10.2135 -20.2649 -8.26422 -10.3058 -22.5168 -0.602794 -9.83119 -23.1405 7.33979 -9.31399 -21.6214 15.146 -9.29746 -17.5853 21.9958 -10.2355 -11.2295 26.6595 -11.8518 -3.76447 28.9741 -13.0663 4.07253 29.9011 -12.292 11.9425 29.2008 -9.42537 18.3926 25.6336 -6.4203 22.1152 19.3069 -5.12176 23.5036 11.5833 -5.62078 23.049 3.63749 -7.11748 21.0196 -3.94037 -8.81536 17.662 -10.9898 -9.94602 13.1582 -17.4893 -9.71927 7.72397 -23.3257 -7.36058 1.81887 -28.1124 -2.40372 -3.59616 -31.1165 4.70613 -7.02475 -31.4982 12.2102 -7.1056 -29.0451 18.0478 -3.82347 -24.817 21.1443 1.67618 -19.9936 21.4083 8.03083 -15.2017 19.3114 14.2338 -10.6464 15.4547 19.654 -6.23201 10.3955 23.8648 -1.71129 4.66853 26.4795 3.19442 -1.09109 27.0719 8.6737 -6.00234 25.2389 14.6577 -8.98395 20.9168 20.6216 -10.1725 15.0313 25.8847 -11.0108 8.25448 30.016 -12.303 0.583427 31.5696 -12.911 -6.96406 29.2861 -11.349 -12.9443 24.3047 -7.39964 -17.2135 18.8662 -1.80297 -19.8746 13.8402 4.54488 -20.9954 9.1221 0 0 0 0 0 0 0 0 0 0 0 0 0 0 0 0 0 0 0 0 0 0 0 0 0 0 0 0 0 0 0 0 0 0 0 0 0 0 0 0 0 0 0 0 0 0 0 0 0 0 0
17.5149 -19.0262 -3.86436 21.7253 -14.6632 -10.1612 24.2876 -9.329 -16.5971 24.3645 -3.47525 -23.0751 21.2249 1.99213 -29.0047 14.8521 5.65685 -33.2416 6.64006 6.10448 -34.5446 -0.93647 3.05293 -32.71 -6.13206 -2.4276 -28.7368 -8.56269 -8.8904 -23.4729 -8.65036 -15.2336 -17.4478 -7.09137 -20.7721 -10.8794 -4.60456 -25.0412 -3.77981 -1.90128 -27.6079 3.87702 0.251595 -27.985 11.9439 1.00016 -25.7267 19.8395 -0.37811 -20.8283 26.4008 -3.33439 -14.386 31.078 -6.34657 -7.10613 34.3599 -7.802 1.14743 35.5056 -7.54153 9.27143 32.8708 -7.15095 15.4219 26.7307 -8.22303 19.1575 19.0305 -10.671 20.6402 11.0962 -13.6112 20.193 3.3798 -16.2696 18.2277 -4.10139 -17.9195 15.1207 -11.4785 -17.7973 11.2639 -18.7877 -15.1477 7.21776 -25.7244 -9.56358 3.87389 -31.4268 -1.66103 2.39434 -34.5503 6.50226 3.62758 -34.0706 12.586 7.32845 -30.5073 15.5066 12.3788 -25.0586 15.364 17.5555 -18.6822 12.8384 22.0278 -11.9675 8.72007 25.2962 -5.13963 3.74151 27.0146 1.79281 -1.38947 26.863 8.86876 -5.87769 24.5314 16.0006 -8.75522 19.8638 22.7855 -9.06077 13.2145 28.4007 -7.34884 5.65044 32.4418 -5.34924 -2.41931 35.028 -4.24149 -10.8307 34.9221 -3.48001 -17.9423 30.8331 -1.65812 -22.2202 23.8895 1.98703 -24.047 16.3128 6.96843 -23.9444 9.13842 12.3804 -22.1863 2.47726 0 0 0 0 0 0 0 0 0 0 0 0 0 0 0 0 0 0 0 0 0 0 0 0 0 0 0 0 0 0 0 0 0 0 0 0 0 0 0 0 0 0 0 0 0 0 0 0 0 0 0
21.3398 -14.2113 -12.7536 23.0234 -7.35763 -19.0144 22.7957 0.109496 -24.7931 19.9495 7.51702 -29.9018 14.1084 13.6457 -33.7912 5.86264 16.8042 -35.6488 -2.76439 15.6141 -34.8991 -9.18273 10.3317 -31.992 -12.1374 2.67784 -28.0863 -11.7884 -5.60885 -23.7782 -8.94426 -13.401 -19.2359 -4.51546 -20.127 -14.3499 0.666173 -25.4895 -8.85171 5.79281 -29.2303 -2.44406 9.94726 -31.0093 5.02314 12.0321 -30.4451 13.2765 11.048 -27.4287 21.3257 7.67328 -22.7958 28.2307 3.71344 -17.0079 33.9523 0.573179 -9.37091 37.3994 -1.71662 -0.560614 36.6285 -4.23937 7.13785 31.8537 -8.02218 12.4446 25.2932 -12.7023 15.2278 18.2906 -17.3657 15.9127 11.1651 -21.3315 15.0906 3.84818 -23.9936 13.3412 -3.87436 -24.6898 11.2459 -12.1267 -22.7253 9.47209 -20.6505 -17.7003 8.80357 -28.4693 -10.1874 9.93761 -33.8166 -2.20271 12.9922 -34.9796 3.84836 17.2905 -31.9811 6.86338 21.7416 -26.0276 7.00519 25.373 -18.3904 5.01118 27.655 -10.0169 1.73656 28.3287 -1.43807 -2.00608 27.2237 7.08182 -5.42385 24.1787 15.3381 -7.66887 19.0927 22.9811 -7.83174 12.1347 29.3417 -5.2301 4.08188 33.4531 -0.767309 -4.03423 35.2955 3.75818 -12.243 35.4949 6.83467 -20.3668 33.1326 8.31262 -26.3286 27.1774 9.50261 -28.5287 18.7879 11.7848 -27.6955 9.91414 15.0413 -24.7116 1.58326 18.4576 -20.0916 -5.944 0 0 0 0 0 0 0 0 0 0 0 0 0 0 0 0 0 0 0 0 0 0 0 0 0 0 0 0 0 0 0 0 0 0 0 0 0 0 0 0 0 0 0 0 0 0 0 0 0 0 0
22.4165 -12.8845 -11.8262 22.9167 -7.54825 -20.0662 22.4542 -0.142626 -25.9152 19.7533 8.36815 -29.5052 13.8135 13.7636 -34.4016 5.53304 16.868 -36.1974 -3.07724 16.0926 -34.5965 -9.48512 10.2097 -32.7576 -12.3667 2.34941 -29.201 -11.9811 -5.14514 -23.3722 -8.81682 -12.8398 -18.8631 -4.34893 -19.2084 -13.5205 2.64583 -24.3275 -9.49376 6.04345 -29.1816 -2.35265 10.3187 -30.7516 5.09714 12.825 -29.671 13.2088 11.032 -27.6436 21.5296 7.82649 -22.7913 28.3701 3.64701 -17.0363 33.973 1.30769 -9.24949 37.8178 -1.81389 -0.658358 37.0128 -4.28524 6.97701 32.1091 -8.00109 12.1973 25.44 -11.604 14.6639 17.5916 -16.5642 14.9625 10.6233 -22.0971 13.0627 4.27684 -24.0958 14.1804 -4.32389 -24.4362 11.7913 -12.5316 -21.8494 7.9634 -20.4846 -17.4061 9.28648 -28.8475 -10.0736 11.2255 -34.2776 -1.66352 13.4041 -34.8202 4.50231 17.3095 -31.49 7.17358 22.2402 -25.721 6.72121 26.7615 -18.4959 5.44867 28.2827 -9.74322 2.92931 28.1651 -0.813983 -3.31161 27.1723 6.623 -5.91765 24.5784 15.3817 -7.23881 19.9798 23.6205 -8.79376 12.0753 28.9099 -6.22491 4.07079 33.1367 -2.24487 -4.36602 34.7357 3.39856 -11.9642 34.7002 5.03149 -20.9732 33.5022 9.5762 -26.2669 27.6393 10.7005 -28.1571 19.1592 11.3376 -26.4857 9.94099 15.6407 -24.0258 1.83154 17.5759 -19.2815 -6.2916 0 0 0 0 0 0 0 0 0 0 0 0 0 0 0 0 0 0 0 0 0 0 0 0 0 0 0 0 0 0 0 0 0 0 0 0 0 0 0 0 0 0 0 0 0 0 0 0 0 0 0
22.3615 -13.0897 -12.2365 22.7301 -7.64357 -20.4134 22.3401 -0.122505 -26.1219 19.7668 8.50972 -29.5199 13.9059 14.1053 -34.2916 5.59064 16.9374 -36.3975 -3.01655 16.1804 -34.7712 -9.42554 10.3154 -32.8789 -12.2769 2.40211 -29.415 -12.0207 -5.00958 -23.4711 -8.96341 -12.6505 -18.7952 -4.44667 -19.0012 -13.4722 2.58233 -24.1364 -9.52523 5.93024 -29.2542 -2.53979 9.98952 -31.0651 4.98316 12.6825 -29.922 13.0288 11.1271 -27.611 21.3318 8.14775 -22.5088 28.101 3.53608 -17.0881 33.7247 0.731107 -9.50728 37.7035 -2.04846 -0.786617 36.9546 -4.55252 6.85457 32.0765 -8.24545 12.0781 25.3972 -11.7321 14.5673 17.5025 -16.7279 15.0151 10.5659 -22.0711 13.1473 4.04441 -23.7869 14.2702 -4.62138 -24.4493 11.6175 -12.7391 -21.956 7.95552 -20.8023 -17.4055 9.38685 -29.0911 -9.99585 11.365 -34.403 -1.5061 13.2694 -34.8126 4.64836 17.2615 -31.5631 7.36342 22.0653 -25.7059 6.87994 26.6251 -18.5068 5.28799 28.2445 -9.81763 2.91831 27.8792 -0.84942 -3.32357 27.2618 6.63687 -6.08095 24.6098 15.3333 -7.54889 19.9543 23.5168 -8.98002 11.9821 28.7415 -6.22922 4.11092 33.1102 -2.16616 -4.26756 34.8103 3.35265 -11.9575 34.5877 4.79396 -20.9972 33.3597 9.45107 -26.3481 27.6355 10.9845 -28.0879 19.1762 11.4547 -26.3491 9.95867 15.5966 -23.7755 1.79815 17.2718 -19.0199 -6.38033 0 0 0 0 0 0 0 0 0 0 0 0 0 0 0 0 0 0 0 0 0 0 0 0 0 0 0 0 0 0 0 0 0 0 0 0 0 0 0 0 0 0 0 0 0 0 0 0 0 0 0
23.5767 -13.0581 -12.3628 22.008 -7.95851 -20.8578 20.9484 -0.560493 -26.6828 18.4431 8.26145 -29.6504 12.7 14.1158 -34.2633 4.45121 17.29 -36.1714 -4.21258 16.2131 -34.9935 -10.1753 10.3462 -31.5953 -11.7906 1.1115 -30.1327 -13.6222 -5.05377 -22.5446 -12.1575 -11.6357 -15.0969 -5.78412 -18.4011 -11.8441 2.88476 -21.5705 -8.26 7.50873 -26.9333 -2.06562 12.8407 -28.9956 4.71007 14.2723 -29.525 13.4155 12.0221 -26.6149 21.4216 9.24164 -20.6172 27.6034 3.90619 -16.0595 33.4655 -1.2115 -8.86925 36.558 1.31895 1.5138 35.4587 -2.67977 8.53292 30.3734 -9.12117 12.9401 24.5753 -13.2279 15.0908 16.8478 -19.0661 15.5718 10.52 -24.7258 13.601 4.28738 -27.7886 15.9705 -3.95019 -25.1232 15.6563 -13.1035 -21.1691 8.65763 -19.1997 -16.8922 7.33792 -28.1137 -10.9786 13.1476 -34.0857 -2.6587 15.5938 -35.4971 3.81501 19.2451 -32.4336 7.81939 20.9344 -24.6197 7.5428 25.5809 -17.4615 2.92999 28.154 -9.50362 1.86673 27.1948 -0.214404 -3.37293 27.287 8.16603 -4.39496 26.7855 18.0685 -10.5773 20.8424 24.6738 -10.2602 11.5781 28.4057 -5.51428 4.37365 32.7196 -0.50896 -3.65198 33.9067 6.37376 -10.3639 33.7142 8.92226 -19.5839 35.1124 10.3293 -26.2462 27.9699 9.37371 -27.9172 19.0452 11.8997 -24.5283 10.2438 18.5874 -23.1084 3.0116 21.0446 -21.5221 -6.84954 0 0 0 0 0 0 0 0 0 0 0 0 0 0 0 0 0 0 0 0 0 0 0 0 0 0 0 0 0 0 0 0 0 0 0 0 0 0 0 0 0 0 0 0 0 0 0 0 0 0 0
12.1935 -7.19966 -24.0959 12.9378 -1.57912 -32.4175 6.93503 1.28697 -38.6 -1.61058 1.41673 -42.3587 -7.85351 10.0295 -41.9328 -15.6158 12.8241 -36.4719 -20.8067 6.54911 -30.1658 -18.1809 -1.02032 -25.4739 -12.2554 -0.871894 -17.4948 -4.35091 -3.50995 -14.2186 1.75823 -13.2632 -17.1242 7.59717 -16.7003 -11.0663 7.08587 -21.7144 -2.28296 5.62399 -20.4294 6.39484 1.27387 -19.193 14.2089 -0.45499 -17.3363 22.4355 -3.27798 -11.4727 28.858 -1.64846 -7.50224 35.9333 5.20354 -4.96887 41.0875 9.6963 3.56338 40.2707 18.5024 4.22346 35.1765 20.0571 11.6217 27.9682 21.376 11.0558 18.9751 18.5285 8.99721 11.5253 17.3522 2.47031 5.02649 11.5618 2.25406 -2.00797 3.26835 0.393552 -3.55524 -1.04469 -9.41791 -7.82166 -4.72957 -11.3977 -17.8126 -10.0749 -10.3689 -26.5186 -15.2481 -5.51667 -33.1523 -19.0499 3.90675 -32.34 -14.3132 13.163 -28.0092 -15.7109 17.0264 -19.0607 -11.432 21.6823 -12.9359 -12.7 25.1284 -4.98092 -10.7928 28.2414 3.36604 -10.3991 27.7611 12.8911 -4.66668 29.45 21.5661 -2.99253 24.0137 30.1312 3.72893 17.1523 31.6476 5.4431 8.34503 35.4349 6.47263 -1.27138 35.9649 6.9671 -10.1759 31.8386 2.37099 -16.8336 27.0369 -2.05601 -18.9763 18.4871 -2.19237 -18.8992 9.31949 3.15682 -12.1533 2.51529 6.93384 -11.5993 -6.31614 7.35374 -11.8523 -15.4821 0 0 0 0 0 0 0 0 0 0 0 0 0 0 0 0 0 0 0 0 0 0 0 0 0 0 0 0 0 0 0 0 0 0 0 0 0 0 0 0 0 0 0 0 0 0 0 0 0 0 0
6.86344 -1.24603 -33.5324 4.56158 5.504 -39.329 -1.91383 7.3827 -45.31 -10.7086 8.12799 -48.1287 -17.3974 13.4287 -44.0922 -23.481 12.1556 -37.8278 -24.7633 9.16768 -29.6972 -22.7669 2.00329 -24.243 -15.6123 1.4816 -17.6509 -8.74224 -2.84001 -14.4272 -1.40376 -6.80861 -11.8743 4.33782 -11.9521 -7.86718 8.40721 -15.0893 -0.91924 9.21274 -15.4753 7.46374 7.48847 -14.94 15.8616 5.81004 -13.6706 24.188 5.00465 -8.64507 31.4178 8.43446 -5.4918 37.9415 16.0116 -4.96547 42.0028 22.1834 1.52009 39.8398 30.024 -0.790478 34.6106 31.2367 3.49326 25.8348 30.6495 0.501798 17.8967 26.5737 -1.40747 11.1464 22.6766 -7.464 6.22224 16.5635 -6.72172 -0.407339 8.18352 -8.30018 -1.74526 2.68808 -11.115 -8.0912 -4.19269 -10.148 -12.7476 -10.7338 -6.2671 -16.8586 -15.2988 0.592663 -20.0914 -22.1203 6.48036 -19.066 -22.3652 16.0385 -17.6642 -26.5325 20.0137 -10.3556 -24.8288 24.4546 -3.45647 -23.9902 26.0165 4.64368 -20.4382 26.4124 12.374 -17.7884 23.1448 19.8926 -10.2306 21.8825 25.3669 -7.87149 14.4774 31.1138 -0.0447218 9.1397 31.633 3.49553 1.04812 31.8202 6.45518 -6.529 28.9531 9.32088 -11.5985 22.7787 6.91502 -15.9944 15.7978 7.15685 -16.7374 7.2584 8.12585 -14.4351 -1.17466 7.8103 -10.6113 -9.155 8.81893 -7.42319 -17.298 8.09092 -6.27218 -26.1882 0 0 0 0 0 0 0 0 0 0 0 0 0 0 0 0 0 0 0 0 0 0 0 0 0 0 0 0 0 0 0 0 0 0 0 0 0 0 0 0 0 0 0 0 0 0 0 0 0 0 0
7.21849 -0.802927 -33.3166 5.04762 5.90949 -39.2044 -1.36497 7.80967 -45.2453 -10.1109 8.33245 -48.2451 -17.0853 13.1933 -44.1727 -23.2752 11.4157 -38.1672 -24.6994 8.94569 -29.9063 -23.0622 2.01506 -24.0734 -15.906 1.4602 -17.4859 -8.68435 -2.4855 -14.6321 -1.46306 -6.62197 -12.021 4.30689 -11.3897 -7.64214 7.61244 -15.1853 -0.690517 8.68995 -15.5432 7.65857 7.28857 -14.8646 16.0985 5.70378 -13.5211 24.4307 4.82582 -8.41311 31.5928 8.15584 -5.2723 38.1731 15.7133 -4.56681 42.2398 21.8371 1.90625 39.9157 29.7697 -0.495165 34.8743 30.9624 3.33431 25.902 30.7616 -0.122431 18.1617 27.0933 -2.22414 11.2535 22.5098 -7.93937 6.58546 16.1927 -6.72607 0.249498 8.06926 -8.95965 -1.453 2.80358 -11.1796 -8.17536 -4.23704 -10.2967 -12.5939 -10.7491 -6.5118 -16.8351 -15.2847 0.269221 -20.2625 -21.7959 6.4849 -19.2548 -21.6337 15.841 -17.0321 -26.4676 19.5883 -10.0635 -25.4763 24.1489 -3.14121 -24.0484 25.9682 4.79391 -19.9404 26.6217 12.1928 -17.1725 23.8137 19.8375 -9.57608 21.7398 24.9231 -7.75999 14.1747 30.6308 0.0444367 9.05382 32.0532 3.95045 1.14187 32.111 6.84032 -6.46186 29.2442 9.62095 -11.5688 23.0624 7.22486 -15.6715 15.9101 7.7392 -16.2696 7.377 7.45532 -14.2945 -1.09039 7.34883 -10.953 -9.27044 8.60573 -7.75938 -17.3728 7.77482 -6.16614 -26.1732 0 0 0 0 0 0 0 0 0 0 0 0 0 0 0 0 0 0 0 0 0 0 0 0 0 0 0 0 0 0 0 0 0 0 0 0 0 0 0 0 0 0 0 0 0 0 0 0 0 0 0
7.35509 -1.62026 -33.5088 4.2753 2.45133 -40.5295 -1.25869 6.63086 -45.6615 -8.92306 10.1336 -47.479 -17.0444 11.8657 -44.9423 -22.9741 11.0838 -38.5723 -24.7259 8.05327 -30.5963 -22.191 3.82592 -23.4778 -16.6073 -0.574666 -18.5392 -9.46914 -4.67229 -15.6947 -2.24049 -8.78585 -13.068 3.84743 -12.8692 -8.50108 7.77312 -15.4197 -1.4444 8.74399 -15.2828 6.90898 7.39774 -13.8289 15.2223 5.61702 -12.0438 23.4157 5.73448 -9.59984 31.3806 8.9817 -6.35005 37.9478 15.2621 -2.72115 41.2248 22.9114 0.296177 39.7338 29.2002 1.70899 33.8513 32.1191 1.25155 25.7421 31.3893 -0.590601 17.6808 27.8566 -3.10562 10.8547 22.5418 -5.72293 5.4112 16.2127 -8.05833 0.949978 9.38053 -9.82041 -3.12273 2.44522 -10.6811 -7.42629 -4.21861 -9.71095 -12.3387 -10.1693 -5.88376 -17.2298 -15.5117 0.426719 -20.2068 -20.1686 7.83889 -19.8452 -23.4844 14.9365 -16.3395 -25.115 20.7248 -10.4992 -25.0482 24.6672 -3.23309 -23.4531 26.5649 4.6493 -20.5705 26.4112 12.4832 -16.6618 24.2932 19.7133 -12.0054 20.3527 25.8339 -6.92369 14.8021 30.3404 -1.82698 7.98886 32.7177 2.74686 0.492589 32.4968 6.13617 -6.78717 29.4141 7.66383 -12.647 23.6669 7.38695 -15.8427 16.0566 6.72476 -15.7831 7.62049 6.74138 -13.6285 -0.800377 7.45548 -11.1334 -9.16289 8.24605 -8.38873 -17.4582 8.44484 -5.24736 -25.6392 0 0 0 0 0 0 0 0 0 0 0 0 0 0 0 0 0 0 0 0 0 0 0 0 0 0 0 0 0 0 0 0 0 0 0 0 0 0 0 0 0 0 0 0 0 0 0 0 0 0 0
-2.93011 6.15057 -30.9945 -8.30681 9.97213 -35.4682 -15.3064 12.8753 -37.8582 -23.1079 14.0341 -37.1946 -29.7697 12.8029 -33.1543 -33.0017 9.37706 -26.8379 -31.7492 4.92243 -20.4422 -26.796 0.791963 -15.8389 -19.7724 -2.2589 -13.6898 -12.0395 -4.25689 -13.5397 -4.28735 -6.20735 -13.5996 3.01905 -8.77513 -11.7668 8.89893 -11.0279 -6.96202 12.1276 -11.9888 0.231273 13.1022 -12.4564 8.14525 13.6081 -12.7394 16.1202 15.6025 -11.8629 23.7755 19.8037 -9.15386 29.9296 25.6523 -4.70553 32.8189 31.4283 0.377122 31.136 35.0122 4.37907 25.3692 35.3108 6.13773 17.6643 32.6546 5.62769 10.1972 28.0095 3.5219 4.07424 22.2186 0.589251 -0.577845 15.7763 -2.54808 -4.12395 8.91206 -5.39141 -7.08328 1.74441 -7.43782 -9.96881 -5.65866 -7.70444 -12.9052 -12.8964 -5.2687 -15.1177 -19.4558 -0.795967 -15.0401 -24.6348 4.29467 -11.8348 -27.6849 8.98371 -6.18628 -28.3756 12.6309 0.855185 -26.8703 14.9183 8.33788 -23.5172 15.7548 15.5234 -18.717 15.1737 21.8673 -12.8726 13.2664 26.951 -6.39589 10.1592 30.4179 0.251227 6.0277 31.9399 6.50495 1.14191 31.2327 11.6654 -4.06913 28.14 14.931 -8.9653 22.7973 15.5701 -12.72 15.8335 13.6604 -14.3581 8.29847 10.6461 -13.123 1.03896 7.88937 -9.86146 -5.71548 5.7045 -6.1108 -12.4345 3.56526 -2.13076 -19.0354 0.876322 2.00785 -25.3259 0 0 0 0 0 0 0 0 0 0 0 0 0 0 0 0 0 0 0 0 0 0 0 0 0 0 0 0 0 0 0 0 0 0 0 0 0 0 0 0 0 0 0 0 0 0 0 0 0 0 0
