Optimization finished after 2600 iterations.
NEB Energy: 2.49704
Max NEB Force: 0.844285
Optimization took: 35549 ms
Energies: 
1.07731, 2.4896, 2.11687, 2.09459, 2.06499, 2.04697, 2.33765, 1.71442, 1.48551, 1.57052, 1.41249, 1.47095, 0.983532, 
NEB Forces: 
0, 0.780007, 0.536227, 0.674231, 0.594122, 0.587542, 0.844285, 0.319682, 0.326394, 0.3087, 0.354414, 0.295235, 0, 
Gradients: 
0.678847, 0.78011, 0.536308, 0.675366, 0.594109, 0.587566, 0.912817, 0.30588, 0.31367, 0.309583, 0.344292, 0.294825, 2.70705e-12, 
Spring Forces: 
0, 0.0148908, 0.000466787, 0.101526, 0.00632506, 0.0182944, 0.173577, 0.0937394, 0.0945813, 0.00818947, 0.0959126, 0.0168598, 0, 