# num_vectors 13
# vector_size 401
# Iterations: 2600, stepsize: 0.008142, max step size: 1.000000, spring constant: 0.001000, global NEB Hessian: false, global NEB Linesearch: true, climbing image: false
16.0272 -22.3284 6.62119 18.5208 -21.6376 3.57863 20.6929 -20.6422 0.378099 22.4665 -19.3774 -2.9639 23.7665 -17.882 -6.42625 24.5137 -16.2084 -9.96001 24.6385 -14.414 -13.5113 24.0827 -12.5783 -16.9855 22.8101 -10.7832 -20.288 20.8246 -9.13305 -23.2836 18.1646 -7.72632 -25.8496 14.9311 -6.66733 -27.8464 11.2668 -6.03997 -29.1672 7.3559 -5.91115 -29.749 3.42298 -6.31302 -29.6031 -0.364678 -7.16629 -28.7729 -3.85466 -8.38216 -27.322 -6.96131 -9.86652 -25.323 -9.62145 -11.5159 -22.8626 -11.8193 -13.2412 -20.0163 -13.555 -14.9554 -16.8606 -14.8519 -16.5844 -13.4542 -15.7413 -18.0574 -9.85162 -16.2623 -19.3105 -6.09628 -16.4566 -20.2835 -2.22846 -16.3674 -20.917 1.71053 -16.039 -21.1537 5.68054 -15.5185 -20.9375 9.62523 -14.8541 -20.2165 13.4875 -14.1007 -18.9503 17.1796 -13.3152 -17.1091 20.6141 -12.5625 -14.6927 23.672 -11.9097 -11.7289 26.2306 -11.4237 -8.27292 28.1655 -11.1767 -4.46654 29.3378 -11.2285 -0.489484 29.682 -11.4405 3.49012 29.4448 -11.4942 7.42155 28.8991 -11.0496 11.2405 27.9122 -10.1785 14.695 26.1962 -9.29592 17.6535 23.7255 -8.79668 20.0991 20.6436 -8.68168 21.9695 17.1483 -8.8904 23.2333 13.3832 -9.34897 23.888 9.48724 -9.98028 23.9621 5.55101 -10.7038 23.497 1.65765 -11.4436 22.5411 -2.14823 -12.1238 21.1461 -5.82753 -12.6722 19.3617 -9.35994 -13.0169 17.238 -12.7265 -13.0867 14.8264 -15.9095 -12.8115 12.1809 -18.889 -12.1242 9.36828 -21.6328 -10.9633 6.46094 -24.1049 -9.28213 3.55811 -26.2459 -7.05011 0.764922 -27.9931 -4.29236 -1.76955 -29.2972 -1.04447 -3.88249 -30.1434 2.59455 -5.40058 -30.3996 6.42694 -6.29518 -30.0458 10.264 -6.39248 -29.1234 13.8957 -5.66793 -27.7561 17.1448 -4.21779 -26.0175 19.851 -2.16406 -23.9828 21.9248 0.361348 -21.7252 23.3151 3.20642 -19.3278 24.0229 6.2403 -16.8483 24.0749 9.33263 -14.3406 23.5206 12.3836 -11.8325 22.4218 15.3013 -9.34536 20.8435 18.0173 -6.88216 18.8536 20.4702 -4.4411 16.5177 22.6102 -2.01108 13.9006 24.3918 0.421563 11.0686 25.7717 2.87122 8.08745 26.7096 5.35291 5.03431 27.1643 7.87452 1.98649 27.0994 10.4423 -0.957925 26.4842 13.045 -3.70214 25.2951 15.6675 -6.12887 23.5289 18.2706 -8.11757 21.203 20.8044 -9.54861 18.3567 23.2103 -10.3027 15.1065 25.4024 -10.6487 11.6378 27.3447 -10.998 8.00211 28.9522 -11.4661 4.16897 29.8576 -11.7448 0.21246 29.8461 -11.4975 -3.67023 29.1386 -10.5529 -7.36231 28.0835 -9 -10.7699 26.7677 -6.94757 -13.7969 25.2252 -4.49556 -16.401 23.477 -1.75396 -18.5493 21.5486 1.18798 -20.2409 19.451 4.23758 -21.4804 17.1971 7.31945 -22.2864 14.7876 10.3572 -22.6796 12.2243 13.2828 -22.685 9.50305 -8.66386 -8.63003 -8.62244 -8.58708 -8.59238 -8.56256 -8.60488 -8.57804 -8.68319 -8.62987 -8.79321 -8.66649 -8.82473 -8.64484 -8.78565 -8.65024 -8.7424 -8.69154 -8.70996 -8.70226 -8.69889 -8.78109 -8.74396 -8.78483 -8.75079 -8.76113 -8.75404 -8.73516 -8.72847 -8.71533 -8.64906 -8.64331 -8.50842 -8.56414 -8.44515 -8.60978 -8.45326 -8.54788 -8.45989 -8.54339 -8.56227 -8.64745 -8.69286 -8.75109 -8.78962 -8.80826 -8.82925 -8.82288 -8.82983 -8.8187 -8.81268 -8.81643 -8.78737 -8.81824 -8.69949 -8.69562 -8.23127 -7.81831 -9.88419 -9.89247 -8.53274 -8.60979 -8.51718 -8.64558 -8.59886 -8.66184 -8.62577 -8.666 -8.64468 -8.67079 -8.66416 -8.67213 -8.69204 -8.67495 -8.76061 -8.70281 -8.8902 -8.71462 -8.8993 -8.57376 -8.72977 -8.46096 -8.65168 -8.47881 -8.6831 -8.50306 -8.65337 -8.51621 -8.61022 -8.674 -8.69488 -8.79935 -8.79319 -8.86222 -8.8815 -8.90353 -8.91128 -8.902 -8.90048 -8.87464 0.0810044
10.9678 -20.7103 4.37025 14.0098 -20.0877 1.85942 16.885 -19.2275 -0.774907 19.4152 -18.0463 -3.62293 21.6212 -16.6603 -6.64304 23.2236 -15.023 -9.89778 24.2978 -13.253 -13.297 24.4776 -11.3863 -16.7938 23.9349 -9.53672 -20.262 22.3275 -7.86792 -23.4661 19.966 -6.44952 -26.3026 16.7316 -5.54784 -28.3728 13.0591 -5.10929 -29.7442 9.12655 -5.36345 -30.0864 5.25753 -6.09598 -29.7116 1.71619 -7.40604 -28.4862 -1.46195 -9.0219 -26.7405 -4.05779 -10.9206 -24.3949 -6.22029 -12.9153 -21.7134 -7.79722 -14.9267 -18.6522 -8.9969 -16.8761 -15.3866 -9.72761 -18.6484 -11.8854 -10.182 -20.2414 -8.25364 -10.3174 -21.5033 -4.46848 -10.2837 -22.4837 -0.598578 -10.0832 -22.9848 3.35458 -9.81928 -23.0978 7.33407 -9.54308 -22.5807 11.2747 -9.31343 -21.5723 15.1221 -9.23176 -19.8228 18.6899 -9.3135 -17.5333 21.9377 -9.68703 -14.5498 24.5279 -10.2483 -11.2133 26.6023 -11.0252 -7.54876 27.9756 -11.842 -3.76927 28.9588 -12.5507 0.112668 29.5595 -13.0077 4.06472 29.8832 -12.8556 8.02836 29.7521 -12.2278 11.8986 29.1376 -10.9583 15.3436 27.6711 -9.42211 18.3185 25.5686 -7.84663 20.4793 22.6408 -6.4691 22.0667 19.2784 -5.6178 22.9814 15.5036 -5.16685 23.4618 11.5822 -5.25622 23.4096 7.59714 -5.64332 23.0088 3.64984 -6.32279 22.1453 -0.188396 -7.12369 20.986 -3.92385 -7.98291 19.4366 -7.50399 -8.80449 17.6338 -10.9726 -9.45915 15.4948 -14.2803 -9.91653 13.1366 -17.4701 -9.97577 10.5061 -20.467 -9.67034 7.71548 -23.2998 -8.74077 4.78598 -25.8264 -7.29839 1.82545 -28.0591 -5.08813 -0.987699 -29.769 -2.29137 -3.48817 -31.0528 1.133 -5.35985 -31.6666 4.68767 -7.07938 -31.5513 8.42335 -7.38073 -30.314 12.1094 -6.9985 -28.9559 15.3036 -5.6948 -27.0136 17.9661 -3.76641 -24.8072 19.8216 -1.18991 -22.4223 21.0651 1.69978 -19.9989 21.4799 4.83668 -17.5833 21.3438 8.03053 -15.2109 20.5162 11.1783 -12.9073 19.2626 14.2183 -10.6519 17.4932 17.0279 -8.43734 15.4201 19.6279 -6.23036 12.9944 21.8727 -3.99165 10.3743 23.8293 -1.70232 7.55805 25.3168 0.700749 4.6619 26.4332 3.20768 1.75552 26.955 5.88369 -1.07725 27.0146 8.68585 -3.66139 26.3607 11.6372 -5.95246 25.1709 14.6622 -7.65855 23.2358 17.6827 -8.9364 20.8773 20.6123 -9.66867 18.0576 23.3408 -10.1689 15.0154 25.8759 -10.5787 11.7268 28.0975 -11.0337 8.23016 29.9641 -11.6559 4.47292 31.0695 -12.2857 0.578488 31.4728 -12.7248 -3.27778 30.7196 -12.8475 -6.93426 29.221 -12.3169 -10.1215 26.917 -11.2834 -12.9215 24.3017 -9.53209 -15.2295 21.5722 -7.3559 -17.1866 18.8744 -4.68921 -18.678 16.3103 -1.78303 -19.8423 13.8388 1.34353 -20.5532 11.4585 4.54891 -20.9644 9.11267 7.77888 -20.9708 6.76213 0.0827061 0.0910341 0.0499716 0.0725235 0.0408504 0.0547266 0.0106843 0.00925532 -0.0542207 -0.0282771 -0.109595 -0.00277632 -0.102941 0.0375013 -0.0793458 0.0541147 -0.0348886 0.0375795 0.015074 0.0482636 0.0461267 -0.00775916 0.0254446 -0.00288861 0.0231916 0.0139589 0.0123891 0.0239211 0.0125846 0.00460776 0.0263389 -0.00726604 0.0409619 -0.0478183 0.0515511 -0.0849795 0.0411883 -0.0527935 0.052649 0.0161026 0.0623414 0.0282554 0.0352701 0.00453814 0.0041165 -0.00951061 -0.00862195 -0.0132204 -0.0108542 -0.0185511 -0.00854138 -0.03329 -0.00292172 -0.0612017 0.0335165 -0.0602731 0.189483 0.08565 -3.11122 -0.287579 1.65834 0.797177 0.48568 0.143841 0.145941 0.0358941 0.0829808 0.0251378 0.0668201 0.0287944 0.0598121 0.0367532 0.0471656 0.0397296 -0.0014485 0.0177973 -0.106335 0.00128429 -0.150934 0.0749681 -0.123437 0.0852721 -0.13857 0.0880817 -0.0565756 0.0895168 -0.0756294 0.087 0.0179683 0.0437714 0.0302804 0.00343436 0.0233734 0.0147345 -0.000579457 0.0122042 -0.0119223 0.0041473 -0.0378673 -0.0339858 0.124385
16.5226 -17.9402 -3.66812 18.3846 -16.1491 -6.7175 19.9955 -14.124 -9.76328 21.2819 -11.892 -12.8124 22.1658 -9.48288 -15.8697 22.5575 -6.94747 -18.9161 22.3628 -4.34664 -21.9259 21.4866 -1.78435 -24.8291 19.8422 0.61009 -27.5352 17.3951 2.64173 -29.8873 14.2029 4.10892 -31.7053 10.4948 4.8875 -32.8086 6.55913 4.91023 -33.0987 2.85979 3.62512 -32.5313 -0.315903 1.59852 -31.3199 -2.937 -0.827543 -29.5829 -4.92729 -3.53001 -27.4595 -6.30227 -6.39151 -25.0549 -7.12128 -9.28764 -22.4466 -7.462 -12.1351 -19.6723 -7.39816 -14.8623 -16.7604 -7.00024 -17.4195 -13.7183 -6.33534 -19.7585 -10.5499 -5.46798 -21.8361 -7.25011 -4.46313 -23.6056 -3.81271 -3.39006 -25.0138 -0.234634 -2.32448 -25.9996 3.48409 -1.35585 -26.4913 7.3193 -0.582937 -26.4154 11.2289 -0.111637 -25.7125 15.1142 -0.0231883 -24.3635 18.8536 -0.335657 -22.418 22.3006 -0.98989 -19.9734 25.3602 -1.94707 -17.1163 27.9779 -3.16424 -13.9544 30.088 -4.39305 -10.5713 31.8172 -5.47064 -6.92555 33.0388 -6.32602 -3.09955 33.6658 -6.91717 0.825678 33.5893 -7.25184 4.6692 32.7188 -7.38455 8.24812 31.0406 -7.36469 11.3935 28.6237 -7.40443 14.0087 25.6414 -8.10428 16.1658 22.373 -8.93514 17.7719 18.8296 -9.89079 18.8475 15.1098 -11.0017 19.4288 11.3236 -12.2244 19.5559 7.52295 -13.4779 19.2681 3.74113 -14.676 18.6066 -0.0139548 -15.7293 17.6149 -3.73962 -16.5479 16.3389 -7.43608 -17.0419 14.8278 -11.1013 -17.1221 13.1396 -14.7159 -16.7053 11.3373 -18.2512 -15.7212 9.50126 -21.6431 -14.1198 7.71824 -24.8213 -11.9031 6.10376 -27.6877 -9.09184 4.7789 -30.1531 -5.74406 3.87669 -32.0499 -1.99898 3.47258 -33.246 1.93409 3.56166 -33.5832 5.79123 4.17954 -33.0077 9.03336 5.98884 -31.6281 11.5626 8.20948 -29.5398 13.2853 10.6343 -26.9062 14.1548 13.1362 -23.945 14.2621 15.5823 -20.8034 13.7399 17.8611 -17.5784 12.7145 19.9097 -14.3116 11.2968 21.6821 -11.0297 9.57845 23.1491 -7.73628 7.64138 24.2833 -4.43259 5.55807 25.0591 -1.11329 3.3986 25.4487 2.22516 1.23499 25.4224 5.58123 -0.858218 24.9489 8.94869 -2.7966 24.0014 12.303 -4.49865 22.563 15.6108 -5.89152 20.6471 18.8094 -6.95137 18.2945 21.84 -7.67304 15.5655 24.6395 -7.86335 12.4696 27.1261 -7.51686 9.08655 29.2221 -6.99336 5.51924 30.9419 -6.36942 1.79259 32.2325 -5.68387 -2.06534 32.9994 -4.97828 -5.96883 33.1166 -4.26043 -9.81641 32.4618 -3.51691 -13.4072 30.9764 -2.65507 -16.4994 28.6639 -1.51671 -18.946 25.7504 -0.058205 -20.7251 22.5132 1.63746 -21.8798 19.0986 3.54099 -22.485 15.6518 5.61974 -22.6183 12.2462 7.8126 -22.3416 8.92163 10.0603 -21.7029 5.67887 12.2999 -20.739 2.51176 14.4739 -19.4771 -0.597723 0.0918943 0.082119 0.0536183 0.0619931 0.0348011 0.0446463 -0.0157365 -0.00145185 -0.104201 -0.0266112 -0.171357 -0.0611039 -0.0751192 0.0960792 -0.0826918 0.045934 -0.0386511 0.0274166 0.0275503 0.0362854 0.0476835 -0.0167058 0.0300294 -0.00849043 0.0226754 0.00188127 -0.00824084 -0.0046527 -0.0128862 -0.0237341 0.00964953 -0.0221563 0.0846189 0.0192128 0.168038 -0.0201092 0.058866 -0.0889953 0.00826767 -0.0254267 0.0365108 0.0225738 -0.00303052 -0.0173297 -0.0239932 -0.0229081 -0.0327029 -0.0215805 -0.0283671 -0.0200781 -0.0184254 -0.0270055 -0.00140955 -0.0299206 0.108804 0.177383 0.788553 1.4466 -0.665255 0.0257678 -0.86264 -0.805196 -0.1332 -0.104028 0.0138598 -0.0115325 0.0413519 0.0100767 0.0389446 0.0208871 0.0366229 0.0393253 0.0328393 0.0678816 0.00586916 0.0902054 -0.0806977 0.0771866 -0.17613 0.0528492 -0.17097 0.0574781 -0.143925 0.114687 -0.0410951 0.0797432 -0.154292 0.00406539 -0.0253512 -0.0177175 0.0285577 -0.0206237 0.0362143 0.00589343 0.0131558 0.00607665 0.00116411 -0.00066156 -0.0262376 -0.0400165 0.122262
19.2743 -12.4796 -11.7528 19.6968 -9.80378 -14.7025 19.8646 -6.97908 -17.5358 19.725 -4.04174 -20.2458 19.2185 -1.02931 -22.8255 18.2806 1.99647 -25.2496 16.8379 4.96382 -27.4899 14.8249 7.75124 -29.4846 12.1871 10.2103 -31.1551 8.95439 12.1423 -32.3785 5.26033 13.408 -33.0341 1.35618 14.0085 -33.0354 -2.52563 13.776 -32.3431 -5.35232 11.2297 -31.2463 -7.14887 7.91694 -30.0297 -8.36078 4.46989 -28.4658 -8.98079 0.984072 -26.6594 -9.02591 -2.49317 -24.7115 -8.56365 -5.89102 -22.6792 -7.67576 -9.16719 -20.575 -6.44245 -12.2809 -18.399 -4.93332 -15.2092 -16.1342 -3.21371 -17.9273 -13.76 -1.34363 -20.4133 -11.2482 0.6161 -22.6407 -8.56797 2.59882 -24.5748 -5.68835 4.53044 -26.1738 -2.57811 6.31872 -27.3824 0.776511 7.86243 -28.1416 4.3751 9.04885 -28.3904 8.16471 9.78945 -28.0839 12.0616 10.0434 -27.198 15.9255 9.84704 -25.7227 19.6083 9.24172 -23.647 22.9651 8.02365 -21.0809 25.7711 6.11421 -18.5364 28.1869 4.5482 -15.9361 30.7834 3.11538 -12.7081 32.6 1.61203 -9.14279 33.4957 0.148897 -5.46671 33.5138 -1.15704 -1.83182 32.6545 -2.3373 1.57377 30.993 -4.19825 4.55321 29.1457 -6.40865 7.10403 27.0359 -8.55411 9.25615 24.4647 -10.6514 10.9819 21.5404 -12.7178 12.2715 18.3784 -14.7373 13.1475 15.0416 -16.6622 13.6452 11.5734 -18.4345 13.8115 7.99132 -19.9853 13.699 4.30595 -21.2424 13.3649 0.524869 -22.1337 12.87 -3.34148 -22.5893 12.2808 -7.26476 -22.5487 11.6676 -11.2104 -21.9639 11.108 -15.1109 -20.8044 10.6804 -18.8978 -19.0707 10.4653 -22.4625 -16.7685 10.525 -25.6959 -13.9328 10.8648 -28.4317 -10.632 11.3853 -30.5473 -6.96895 11.9115 -31.9323 -3.11342 12.687 -32.3158 -0.377898 15.3161 -31.1708 1.58672 18.0449 -29.072 3.07027 20.3862 -26.2217 3.93134 22.3034 -22.8462 4.17886 23.8124 -19.1643 3.92942 24.9222 -15.3423 3.31392 25.6493 -11.4626 2.44499 26.0056 -7.57892 1.41324 26.0005 -3.71437 0.29655 25.6374 0.109898 -0.837123 24.9156 3.87917 -1.92455 23.8314 7.57493 -2.90567 22.3815 11.172 -3.72529 20.5651 14.6409 -4.33341 18.3922 17.9388 -4.69329 15.8794 21.025 -4.7846 13.0637 23.8476 -4.61223 9.98159 26.3724 -4.20599 6.6838 28.5691 -3.55198 3.20315 30.3917 -2.16511 -0.394094 31.465 -0.519916 -4.00298 31.9983 1.17613 -7.62491 32.0672 2.88423 -11.2155 31.6333 4.56815 -14.6869 30.6753 6.12527 -18.0018 29.1297 7.33164 -20.8277 26.6273 8.54314 -22.6745 23.3365 9.91655 -23.813 19.7806 11.2315 -24.3139 16.059 12.478 -24.2252 12.2684 13.669 -23.6126 8.50814 14.8142 -22.5471 4.82626 15.9049 -21.0985 1.26013 16.9253 -19.3232 -2.18247 17.8488 -17.2707 -5.49593 18.6443 -14.9785 -8.68482 0.0934015 0.0817451 0.0514163 0.0585571 0.0312858 0.0427987 -0.0133123 0.00862978 -0.0872305 -0.0226782 -0.226926 -0.187522 -0.0251144 0.174975 -0.0563417 0.0440023 -0.0461834 0.0229932 0.0273737 0.0322304 0.04331 -0.0143096 0.0364796 -0.000829878 0.0301203 0.00517524 -0.0158588 -0.0209273 -0.0288094 -0.0396785 -0.00626682 -0.0369032 0.0654952 0.00478984 0.239723 0.251123 0.164053 -0.135179 -0.076557 -0.0750885 0.036132 -0.0268349 -0.030713 -0.0295439 -0.0309101 -0.0280256 -0.0369987 -0.0249823 -0.0308044 -0.0217459 -0.0197619 -0.0284297 -0.00373054 -0.0350479 0.0962062 0.14658 0.702627 1.20643 -1.15241 -0.0165405 0.202443 -0.792685 -0.139917 -0.131871 -0.0445655 -0.0634726 0.00759499 -0.00968899 0.027747 0.0153936 0.0359237 0.0437022 0.0431736 0.0850259 0.0294514 0.117222 -0.0564985 0.0914859 -0.174917 0.0428761 -0.188387 0.0671197 -0.123659 0.119894 -0.0415937 0.0659975 -0.191894 -0.037251 -0.0464479 -0.060251 0.00492021 -0.0165381 0.0468846 0.0169763 0.0230545 0.0143753 0.00795256 0.00473755 -0.0222381 -0.037524 0.121905
19.1645 -12.2597 -11.3705 19.6599 -9.7029 -14.4111 19.8975 -6.98622 -17.3414 19.8214 -4.13891 -20.1463 19.3719 -1.19431 -22.8114 18.4869 1.78727 -25.3071 17.0972 4.73291 -27.6067 15.1403 7.51946 -29.6555 12.5594 9.99746 -31.3831 9.37323 11.9655 -32.6667 5.70334 13.2731 -33.3677 1.80317 13.8916 -33.3542 -2.04961 13.5795 -32.5474 -4.85293 10.9919 -31.4887 -6.85202 7.75746 -30.3842 -8.23968 4.36349 -28.8524 -8.94646 0.931045 -26.9787 -9.00831 -2.46838 -24.9002 -8.5182 -5.7652 -22.7156 -7.57628 -8.92884 -20.4693 -6.27697 -11.9323 -18.1816 -4.70224 -14.765 -15.8428 -2.92859 -17.4117 -13.4298 -1.0251 -19.8567 -10.9044 0.941493 -22.0738 -8.22225 2.90275 -24.0228 -5.33943 4.787 -25.6505 -2.21633 6.50791 -26.8877 1.16191 7.97139 -27.6645 4.78913 9.07059 -27.9181 8.60373 9.71721 -27.6105 12.5163 9.86522 -26.724 16.3848 9.54894 -25.2385 20.0542 8.81314 -23.1313 23.3641 7.40149 -20.5972 26.1065 5.30854 -18.1904 28.5102 3.85502 -15.5698 31.1501 2.49568 -12.3121 32.9685 1.06957 -8.72238 33.8889 -0.373079 -5.03972 33.955 -1.78023 -1.43175 33.1484 -3.06313 1.91784 31.4526 -4.34454 4.84488 29.1001 -6.35857 7.39184 26.7998 -8.35325 9.46516 24.0505 -10.3124 11.0459 20.955 -12.284 12.1649 17.6714 -14.2653 12.884 14.2762 -16.2043 13.2709 10.8031 -18.0239 13.3936 7.24462 -19.6268 13.3065 3.58231 -20.9088 13.0451 -0.194736 -21.7744 12.6301 -4.07491 -22.1502 12.0869 -8.01195 -21.994 11.4668 -11.9524 -21.2895 10.8641 -15.8254 -20.0348 10.4009 -19.5764 -18.2473 10.1992 -23.1141 -15.9317 10.3315 -26.3344 -13.1066 10.7684 -29.066 -9.82285 11.3641 -31.1862 -6.15386 11.9516 -32.5271 -2.29929 12.8093 -32.6297 0.410041 15.2829 -31.1308 2.46202 17.8859 -28.9577 3.99455 20.2399 -26.1445 4.86231 22.262 -22.8332 5.09396 23.8987 -19.206 4.81163 25.1129 -15.4193 4.14179 25.9083 -11.5632 3.19134 26.3066 -7.70403 2.04827 26.3355 -3.87247 0.792604 26.0149 -0.0892862 -0.502024 25.3517 3.637 -1.76487 24.3407 7.29575 -2.92808 22.9692 10.8672 -3.92957 21.2233 14.3226 -4.71297 19.1012 17.6144 -5.23575 16.6136 20.6953 -5.4707 13.8002 23.5093 -5.41516 10.7072 26.0232 -5.08085 7.39411 28.2056 -4.36924 3.88823 29.953 -3.03289 0.265053 30.9987 -1.52238 -3.38414 31.6372 0.103796 -7.03102 31.8526 1.82306 -10.6314 31.5876 3.58822 -14.1056 30.807 5.31741 -17.4159 29.4489 6.69328 -20.3084 27.1175 7.948 -22.2062 23.8738 9.40998 -23.2782 20.3338 10.7855 -23.7021 16.6258 12.0664 -23.558 12.8496 13.2792 -22.922 9.10148 14.4454 -21.8685 5.42408 15.5646 -20.4661 1.84968 16.6257 -18.7672 -1.61754 17.603 -16.8143 -4.9739 18.4631 -14.6371 -8.22426 0.0945308 0.0850092 0.0549359 0.0603502 0.0306279 0.041005 -0.0142117 0.00888162 -0.087968 -0.0272037 -0.234026 -0.178309 -0.011726 0.173491 -0.0489048 0.0468609 -0.0519018 0.0128126 0.017171 0.0263142 0.0428699 -0.010482 0.0421391 0.00397204 0.0320487 0.00413621 -0.0176025 -0.0215005 -0.0286078 -0.0389634 -0.00425024 -0.0349229 0.0586407 -0.00233285 0.256903 0.233146 0.157342 -0.115489 -0.0642243 -0.096147 -0.00829707 0.00662498 -0.0267365 -0.0288391 -0.0280332 -0.0230876 -0.0306129 -0.0187264 -0.0278774 -0.0258871 -0.0314627 -0.0415155 -0.00809163 -0.0245841 0.117285 0.164773 0.705038 1.19138 -1.17137 -0.00348663 0.229997 -0.803246 -0.199536 -0.14166 -0.0304513 -0.0488326 0.0150243 -0.00787226 0.0278433 0.0161761 0.0376127 0.0452012 0.0430962 0.082334 0.0239118 0.110039 -0.0624148 0.0903752 -0.169732 0.05157 -0.182051 0.0637103 -0.117864 0.130994 -0.0372131 0.0653667 -0.192523 -0.0430701 -0.0465768 -0.0559174 -0.00420676 -0.0220921 0.0445328 0.0160685 0.0226024 0.0138219 0.00712196 0.00400818 -0.0219623 -0.0350945 0.126171
19.074 -12.3553 -11.4652 19.5813 -9.79829 -14.5034 19.8376 -7.07453 -17.4254 19.7865 -4.2131 -20.2163 19.3676 -1.24795 -22.8632 18.5167 1.75916 -25.3399 17.1621 4.73304 -27.6237 15.2364 7.54671 -29.6648 12.6764 10.0441 -31.3956 9.49566 12.013 -32.6908 5.81918 13.2948 -33.4045 1.91257 13.8711 -33.4071 -1.94658 13.5372 -32.6404 -4.77317 10.962 -31.6147 -6.79103 7.74762 -30.4865 -8.19699 4.37337 -28.9284 -8.92748 0.954217 -27.0398 -9.01942 -2.43992 -24.954 -8.56375 -5.73832 -22.7645 -7.65796 -8.90884 -20.5132 -6.39402 -11.9233 -18.2203 -4.85231 -14.7702 -15.8769 -3.10832 -17.4343 -13.4615 -1.23043 -19.8995 -10.9368 0.715364 -22.14 -8.25895 2.66162 -24.1148 -5.38353 4.53796 -25.7685 -2.26937 6.25948 -27.0275 1.10043 7.73317 -27.8159 4.72099 8.85239 -28.0644 8.53009 9.52779 -27.7347 12.436 9.70818 -26.8225 16.2972 9.41075 -25.3391 19.9691 8.67261 -23.2665 23.3002 7.38049 -20.6675 26.0409 5.33413 -18.1402 28.3595 3.71413 -15.5526 30.9344 2.30146 -12.3227 32.7617 0.839705 -8.75232 33.7017 -0.62033 -5.0766 33.7774 -1.98527 -1.45352 32.9653 -3.17576 1.93366 31.2763 -4.5518 4.87926 29.0014 -6.585 7.41431 26.7046 -8.58057 9.49531 23.9614 -10.5288 11.1033 20.8728 -12.4775 12.2575 17.5876 -14.4237 13.0097 14.1791 -16.3163 13.42 10.683 -18.0827 13.5506 7.09784 -19.6338 13.4534 3.41335 -20.8764 13.1665 -0.375204 -21.7247 12.7184 -4.25572 -22.1085 12.144 -8.18772 -21.9789 11.5011 -12.1256 -21.305 10.8844 -16.002 -20.0694 10.4111 -19.7582 -18.2799 10.1972 -23.2943 -15.941 10.3119 -26.4986 -13.0809 10.73 -29.1965 -9.76577 11.3171 -31.27 -6.08655 11.908 -32.5814 -2.22974 12.7493 -32.7306 0.532999 15.1855 -31.2688 2.6103 17.7465 -29.0702 4.14687 20.0608 -26.2266 5.00295 22.0559 -22.8961 5.21095 23.6804 -19.2621 4.89942 24.8966 -15.4784 4.20078 25.7064 -11.6305 3.22549 26.1284 -7.78017 2.06237 26.1862 -3.95509 0.790527 25.8956 -0.175005 -0.518032 25.2606 3.55118 -1.79379 24.274 7.21197 -2.96909 22.9226 10.787 -3.98082 21.1929 14.2473 -4.77072 19.084 17.5458 -5.29457 16.6077 20.6355 -5.52536 13.8039 23.4593 -5.4651 10.7191 25.9829 -5.13954 7.41208 28.1756 -4.4867 3.90763 29.9483 -3.12685 0.301611 31.0217 -1.56881 -3.32589 31.6681 0.0781703 -6.96328 31.8822 1.79657 -10.5634 31.6105 3.547 -14.0415 30.8153 5.22756 -17.3624 29.4227 6.56405 -20.2462 27.058 7.89615 -22.0874 23.8126 9.342 -23.2005 20.2788 10.7126 -23.6736 16.5751 11.9954 -23.5614 12.7987 13.2073 -22.945 9.04714 14.3685 -21.9065 5.36406 15.4805 -20.5184 1.78205 16.5345 -18.8335 -1.69396 17.5072 -16.8937 -5.05898 18.3672 -14.7268 -8.31605 0.0960637 0.0860972 0.0555298 0.0602982 0.029593 0.0385908 -0.0180382 0.0045784 -0.0903749 -0.0247456 -0.227174 -0.174059 -0.00941274 0.169459 -0.0522491 0.0461006 -0.0513881 0.0135053 0.0177817 0.0268883 0.0432872 -0.0103151 0.0422137 0.00401064 0.0319244 0.00369439 -0.0181437 -0.0217581 -0.0286228 -0.0396208 -0.00600708 -0.0331211 0.0740947 -0.0047465 0.225587 0.245421 0.166514 -0.117501 -0.0714817 -0.0947807 0.00599415 0.000321944 -0.0282952 -0.0290773 -0.0282977 -0.0238345 -0.0318176 -0.0200777 -0.0287544 -0.0255147 -0.0294424 -0.0384897 -0.00573909 -0.0244307 0.115535 0.1637 0.708087 1.19995 -1.16281 -0.018918 0.20115 -0.778518 -0.195774 -0.146298 -0.0330303 -0.0492668 0.0155245 -0.00706014 0.0285801 0.0166016 0.0376238 0.0447566 0.0423184 0.0816578 0.0239059 0.110963 -0.0609107 0.0915495 -0.169832 0.0499832 -0.183278 0.0697979 -0.123338 0.125472 -0.0375317 0.067023 -0.191115 -0.0371066 -0.0419508 -0.0680024 -0.000323659 -0.0204349 0.0441886 0.0153546 0.022027 0.0134861 0.00711858 0.00441605 -0.0212138 -0.0342974 0.125106
20.6931 -12.7929 -10.8411 20.8896 -10.1794 -13.8699 20.8133 -7.39995 -16.7525 20.4403 -4.4959 -19.4778 19.7393 -1.50891 -22.0436 18.6686 1.49827 -24.4385 17.1684 4.45777 -26.6545 15.1767 7.26011 -28.6537 12.6311 9.78155 -30.3783 9.53284 11.8592 -31.7132 5.96184 13.3753 -32.5165 2.12028 14.297 -32.6361 -1.76999 14.3171 -31.9394 -4.47365 11.578 -30.9991 -6.40883 8.27149 -29.9869 -7.96101 4.91357 -28.5263 -9.0169 1.55741 -26.6711 -9.50763 -1.76442 -24.5183 -9.41536 -4.99099 -22.1745 -8.7598 -8.08398 -19.7297 -7.59244 -11.0054 -17.2641 -5.98865 -13.7378 -14.8206 -4.04333 -16.2695 -12.4086 -1.85669 -18.5986 -9.99808 0.470925 -20.7228 -7.53084 2.83988 -22.6295 -4.93295 5.15017 -24.2895 -2.12211 7.28497 -25.6422 0.969205 9.11699 -26.5967 4.38568 10.5065 -27.0272 8.09303 11.352 -26.8169 11.9788 11.6168 -25.9305 15.846 11.3229 -24.4229 19.5138 10.3487 -22.3739 22.8055 8.45495 -20.1163 25.508 6.42509 -17.5101 27.7644 4.45351 -14.5237 29.5538 2.57393 -11.2504 30.8114 0.803852 -7.75868 31.5228 -0.806554 -4.13956 31.6722 -2.32533 -0.551767 30.9399 -4.10945 2.65242 29.4026 -6.4734 5.38185 27.7354 -8.88313 7.78577 25.6561 -11.2705 9.84937 23.2162 -13.6411 11.5562 20.4845 -15.9697 12.9043 17.5254 -18.2156 13.9219 14.3688 -20.3085 14.6459 11.0312 -22.1593 15.1162 7.50822 -23.6578 15.3626 3.80015 -24.6867 15.4012 -0.0704355 -25.1472 15.2398 -4.04545 -24.9872 14.8952 -8.02689 -24.2162 14.4112 -11.9212 -22.8911 13.8692 -15.6452 -21.0774 13.3725 -19.1636 -18.8409 13.0245 -22.4321 -16.2113 12.8884 -25.4104 -13.2164 12.955 -28.0006 -9.8626 13.1184 -30.0995 -6.18708 13.1986 -31.5595 -2.26974 13.367 -32.0782 0.7394 15.6378 -30.8478 2.98672 18.1981 -28.8177 4.72828 20.4079 -26.0065 5.7341 22.2023 -22.6023 5.98018 23.6105 -18.8796 5.61699 24.6648 -15.0502 4.82462 25.3948 -11.2026 3.74865 25.8159 -7.37713 2.49116 25.935 -3.58153 1.12704 25.7479 0.174673 -0.285513 25.2384 3.88383 -1.69099 24.3786 7.53064 -3.02677 23.1335 11.0892 -4.21862 21.468 14.5248 -5.1779 19.365 17.7828 -5.81826 16.8338 20.8059 -6.07587 13.9312 23.5261 -5.94336 10.7323 25.9008 -5.4784 7.3239 27.9054 -4.7184 3.76869 29.5281 -3.28373 0.174809 30.5417 -1.1657 -3.18345 31.0304 1.00253 -6.4967 31.5847 3.06408 -9.92196 31.572 4.99213 -13.3277 30.8864 6.74234 -16.5899 29.4444 8.20804 -19.501 27.1937 9.34576 -21.8352 24.2028 10.6463 -23.2458 20.7204 12.2743 -23.8542 17.1435 13.7993 -23.8126 13.4573 15.1956 -23.2619 9.76014 16.4857 -22.2931 6.10086 17.6612 -20.9669 2.5152 18.7005 -19.3228 -0.985539 19.5722 -17.3941 -4.38578 20.2458 -15.208 -7.67536 0.0919433 0.0820497 0.0531575 0.060522 0.0328976 0.0454338 -0.00741618 0.0170423 -0.0837188 -0.0359392 -0.263078 -0.227709 0.0500311 0.208067 -0.0432615 0.043361 -0.0605997 -2.06669e-05 0.00228606 0.0134003 0.0335917 -0.0145908 0.0437575 0.0105818 0.0420806 0.0135283 -0.0154189 -0.0244658 -0.0286902 -0.036865 -0.00563313 -0.0362705 0.09321 0.125473 0.282149 0.073359 0.0774237 -0.125931 -0.0139415 -0.0303659 0.0123829 -0.0517863 -0.0224961 -0.0253827 -0.0287191 -0.025617 -0.034579 -0.0240766 -0.0346105 -0.0345762 -0.0430455 -0.0554074 -0.019817 -0.0267511 0.128378 0.183939 0.714435 1.18479 -1.15378 0.124801 0.351392 -1.05269 -0.192049 -0.117939 -0.0431931 -0.0686154 0.0063214 -0.00659951 0.0326912 0.0205592 0.0397622 0.0435271 0.0357644 0.0689344 0.00783415 0.0992286 -0.0594948 0.108357 -0.145192 0.0719612 -0.16645 0.0869254 -0.100906 0.0827944 -0.092597 0.0481544 -0.189745 -0.0373078 -0.0621296 -0.019034 0.0307413 -0.0279837 0.035563 0.011478 0.021968 0.0156403 0.00971599 0.00546168 -0.0231382 -0.0392274 0.122376
8.41254 -6.77185 -21.5789 8.51073 -5.23755 -25.269 8.08794 -3.57501 -28.8791 6.98881 -1.82556 -32.2946 5.11571 -0.0415674 -35.3341 2.51589 1.74587 -37.7641 -0.626197 3.57207 -39.3915 -4.04825 5.46045 -40.084 -7.5556 7.29363 -39.7809 -11.0214 8.67514 -38.469 -14.2569 9.01123 -36.2201 -16.7277 7.92239 -33.3438 -17.8803 5.75153 -30.258 -17.5811 3.28487 -27.1798 -16.0851 1.12609 -24.2216 -13.7655 -0.63457 -21.5231 -10.9455 -2.26233 -19.2516 -7.8698 -4.07376 -17.4888 -4.77926 -6.20906 -16.1707 -1.83802 -8.64509 -15.021 0.842551 -11.2505 -13.6307 3.11977 -13.8281 -11.6042 4.76267 -16.1094 -8.77 5.61018 -17.8484 -5.27742 5.70174 -18.9369 -1.43716 5.21508 -19.4087 2.49493 4.34966 -19.3407 6.38936 3.30796 -18.6937 10.18 2.33001 -17.2415 13.7586 1.44456 -15.3183 17.1221 0.135426 -14.7441 20.8309 -0.815576 -13.6957 24.5389 -1.21356 -12.0074 28.1088 -0.884655 -9.97719 31.528 0.351781 -7.81159 34.643 2.4874 -5.53814 37.1343 5.26622 -3.08981 38.6242 8.30932 -0.554392 38.8813 11.3375 1.84521 37.9717 14.1244 3.96631 36.1358 16.493 5.84144 33.5841 18.3035 7.45818 30.4476 19.4852 8.64425 26.8522 20.04 9.18885 22.9517 20.0052 8.99697 18.9791 19.4481 8.15727 15.1208 18.4272 6.87281 11.4862 16.9622 5.35296 8.09586 15.0691 3.75351 4.96378 12.8051 2.14144 2.09241 10.2837 0.512996 -0.545906 7.64162 -1.15917 -3.03233 4.99802 -2.87298 -5.48863 2.43653 -4.56288 -8.03852 -0.0132875 -6.10612 -10.7836 -2.35607 -7.33241 -13.7585 -4.63616 -8.06304 -16.9381 -6.90231 -8.12931 -20.193 -9.20125 -7.3587 -23.3322 -11.4411 -5.54892 -26.0385 -13.391 -2.65713 -27.896 -14.7666 0.999264 -28.4666 -15.4546 4.81206 -27.7058 -15.585 8.35422 -25.9375 -15.3653 11.4849 -23.5199 -14.9521 14.2335 -20.6799 -14.4387 16.6441 -17.5623 -13.871 18.7662 -14.2382 -13.2697 20.6207 -10.763 -12.6327 22.2201 -7.16193 -11.9457 23.5572 -3.46415 -11.1829 24.6169 0.311833 -10.3148 25.3711 4.13812 -9.31073 25.7819 7.98415 -8.14646 25.7992 11.8067 -6.81044 25.3637 15.5453 -5.31006 24.4133 19.1224 -3.6824 22.9011 22.4352 -1.99096 20.8105 25.381 -0.328198 18.1777 27.8605 1.21166 15.0713 29.8156 2.53615 11.5919 31.2103 3.57205 7.84127 32.0256 4.26381 3.91243 32.2364 4.56497 -0.0474332 31.8032 4.4637 -3.8822 30.6943 4.00039 -7.42043 28.9019 3.28858 -10.4832 26.4794 2.48103 -12.9907 23.5098 1.73675 -14.9003 20.1239 1.25912 -15.9937 16.3498 1.44995 -15.7743 12.3867 1.9152 -15.1991 8.48202 2.59112 -14.4616 4.62314 3.43313 -13.6103 0.820639 4.38231 -12.6742 -2.94524 5.37213 -11.6702 -6.68301 6.3405 -10.5953 -10.4114 7.2217 -9.43535 -14.1357 7.94301 -8.16774 -17.8603 0.0659435 0.0640134 0.0449551 0.0716214 0.0707936 0.103209 0.045466 0.037334 -0.0967786 -0.0299449 -0.131614 0.0627371 -0.0760329 0.0572938 -0.133345 -0.0233388 -0.103663 -0.00943583 0.025091 0.049986 0.0681652 0.00158582 0.0319063 -0.020251 0.00785693 -0.00420196 0.00224937 -0.012516 -0.0811836 0.0223184 0.00269278 -0.0952538 -0.0329499 -0.108358 0.063489 -0.0522643 0.089301 -0.0157101 0.0993556 0.0523123 0.0701204 0.0146394 0.00737259 -0.00406908 0.00216734 0.0150443 0.00714902 0.0103879 -0.00764446 -0.00680302 -0.00752331 -0.0180064 -0.000914587 -0.0515783 0.0449263 0.0389666 0.536005 0.971697 -1.50086 -0.408602 0.346864 0.0458873 0.0697986 -0.0616027 0.00439373 -0.0356659 0.0210703 -0.00106257 0.0366806 0.0258059 0.0472357 0.0548605 0.0521309 0.0883443 0.0236093 0.100625 -0.0831122 0.056765 -0.21585 -0.00367907 -0.242032 0.00524058 -0.143832 0.134886 -0.0075359 0.110342 -0.151629 -0.0363139 -0.0728436 -0.0425161 0.00401761 -0.0148377 0.0499515 0.0192394 0.0241404 0.0142208 0.00646007 0.00214069 -0.0241547 -0.0333554 0.17074
5.65745 -1.0656 -31.3835 4.39334 0.901357 -34.6267 2.67862 2.86468 -37.6575 0.430998 4.70615 -40.3952 -2.38976 6.33976 -42.6991 -5.72669 7.76911 -44.3372 -9.41989 9.08847 -45.0281 -13.1656 10.3072 -44.5372 -16.6406 11.205 -42.8421 -19.5435 11.4285 -40.165 -21.6126 10.7908 -36.8552 -22.6413 9.39223 -33.312 -22.5974 7.52258 -29.8375 -21.5968 5.50576 -26.5836 -19.8643 3.57674 -23.5945 -17.6512 1.78323 -20.8274 -15.0954 0.0702953 -18.3163 -12.0129 -1.54853 -16.3832 -8.79549 -3.2027 -14.7186 -5.6473 -4.98439 -13.0356 -2.59444 -6.86816 -11.2894 0.32212 -8.80402 -9.36749 2.83272 -10.6365 -6.86043 4.87215 -12.2452 -3.82665 6.47277 -13.5372 -0.4034 7.57811 -14.3401 3.34665 8.08895 -14.3982 7.3044 7.77305 -13.8407 11.2377 7.23477 -13.6214 15.1801 6.83671 -13.3748 19.1279 6.42431 -12.5294 22.9904 6.18638 -11.1606 26.7089 6.40795 -9.48265 30.2995 7.41304 -7.76236 33.757 9.43221 -6.28282 36.8645 12.404 -5.04849 39.2271 15.9354 -3.63296 40.4358 19.5063 -1.91227 40.2283 22.9212 -0.498015 38.7816 26.0193 0.234371 36.4362 28.471 0.699744 33.3688 29.99 1.21339 29.7415 30.5818 1.47333 25.8285 30.3979 1.12821 21.8706 29.5379 0.203109 18.0992 28.1114 -1.12305 14.6196 26.2723 -2.69831 11.4513 24.0963 -4.31636 8.51919 21.5638 -5.69824 5.75735 18.6668 -6.70136 3.19426 15.4854 -7.42869 0.888065 12.1492 -8.06686 -1.21463 8.76828 -8.68251 -3.25153 5.38177 -9.17077 -5.30381 2.00513 -9.34271 -7.42213 -1.15299 -9.08222 -9.83077 -4.20803 -8.2127 -12.2294 -7.21085 -6.67682 -14.3175 -10.037 -4.53594 -16.0967 -12.5838 -1.90058 -17.5759 -15.0751 1.04621 -18.4298 -17.5558 4.11813 -18.4276 -19.7177 7.37835 -17.8906 -21.4922 10.747 -16.7986 -22.8947 14.009 -15.0431 -23.9345 16.9663 -12.6025 -24.5622 19.4868 -9.59642 -24.7376 21.5413 -6.1889 -24.4737 23.1181 -2.54087 -23.8209 24.21 1.24063 -22.8276 24.8071 5.05847 -21.525 24.9162 8.83204 -19.9382 24.5624 12.4799 -18.0911 23.7838 15.9351 -16.0169 22.6133 19.1422 -13.7651 21.0634 22.0524 -11.3922 19.1296 24.6162 -8.95343 16.8215 26.7681 -6.4883 14.1729 28.4455 -4.04813 11.2468 29.5969 -1.69041 8.09705 30.1994 0.510335 4.78618 30.2321 2.49171 1.38675 29.6619 4.20585 -2.00775 28.4368 5.58784 -5.23794 26.5343 6.59487 -8.15117 23.9945 7.23823 -10.6291 20.9285 7.59823 -12.6026 17.502 7.7505 -14.0201 13.7957 7.61231 -14.437 9.86087 7.58709 -14.1273 5.9133 7.70008 -13.5179 1.98691 7.81679 -12.6808 -1.89751 7.90851 -11.6524 -5.74908 7.95807 -10.4791 -9.5599 7.9424 -9.19124 -13.3426 7.83258 -7.80496 -17.0886 7.59443 -6.31295 -20.7924 7.18775 -4.69913 -24.4295 6.56291 -2.94765 -27.9718 0.0600885 0.0530656 0.0314245 0.0587391 0.0600282 0.0944151 0.0441455 0.0604562 -0.0398923 0.0355237 -0.0994046 0.046826 -0.115952 0.0259951 -0.146214 -0.0247458 -0.0975908 -0.0228807 -0.0159918 0.00574597 0.0458388 -0.00184639 0.046497 0.00412673 0.0272516 -0.000114752 -0.00429629 0.0141159 -0.00231564 -0.0373753 -0.0412829 -0.121619 -0.0616848 -0.133369 0.0579881 -0.0439693 0.0844604 -0.025184 0.106875 0.0779642 0.0978935 0.0401626 0.0339178 0.0204977 0.0200774 0.0288611 0.0201178 0.0166075 -0.0134898 -0.0210168 -0.0247093 -0.0365794 -0.0205398 -0.070803 0.0295731 0.0250624 0.519521 0.941803 -1.55612 -0.474675 0.327 0.102509 0.154124 0.00629947 0.044912 -0.017262 0.0243463 -0.0067564 0.0271308 0.0163293 0.0407277 0.0533898 0.0568232 0.0991803 0.0397011 0.120933 -0.0596251 0.0815111 -0.192451 0.0172858 -0.222398 0.0240724 -0.12898 0.139344 -0.0185991 0.0837112 -0.188779 -0.0774908 -0.124034 -0.0901738 0.0153585 -0.00283522 0.0575564 0.0241348 0.0269264 0.0155706 0.00726219 0.00276971 -0.024567 -0.0369592 0.167605
5.71461 -0.545156 -31.0865 4.53258 1.56925 -34.2666 2.87724 3.62628 -37.2674 0.643334 5.45172 -40.0263 -2.20921 6.92794 -42.3956 -5.60293 8.10506 -44.1149 -9.35856 9.19768 -44.8614 -13.1368 10.3087 -44.3654 -16.5942 11.1924 -42.6277 -19.4703 11.4141 -39.9219 -21.5382 10.7499 -36.6166 -22.5948 9.31335 -33.0968 -22.5964 7.42018 -29.6348 -21.6369 5.42064 -26.358 -19.9119 3.56229 -23.3201 -17.6398 1.8876 -20.5263 -14.9492 0.356293 -18.0387 -11.7314 -0.977426 -16.1078 -8.48978 -2.45245 -14.3252 -5.33818 -4.14764 -12.5606 -2.31292 -6.02678 -10.7615 0.550927 -8.034 -8.83284 3.06256 -10.0404 -6.46319 4.92828 -11.7962 -3.39886 6.45393 -13.2624 -0.0112555 7.68227 -14.2021 3.66843 8.08053 -14.1503 7.63931 7.56546 -13.8828 11.5821 7.15956 -14.1003 15.5407 6.69572 -13.7378 19.4724 6.23059 -12.7192 23.2869 5.93929 -11.1793 26.9341 6.08314 -9.31863 30.4375 7.01875 -7.4681 33.8468 9.02251 -6.02219 36.9799 12.0125 -4.98209 39.4117 15.5646 -3.68388 40.6892 19.0852 -1.86146 40.4969 22.4502 -0.348549 39.0337 25.5768 0.320407 36.7077 28.049 0.74792 33.6517 29.5033 1.38958 30.0186 30.017 1.79606 26.1074 29.8375 1.46164 22.1486 29.0511 0.422367 18.3913 27.7154 -1.06849 14.9429 25.9514 -2.81099 11.8203 23.8168 -4.54375 8.92411 21.282 -5.91579 6.16024 18.3587 -6.77953 3.57705 15.1504 -7.34373 1.26323 11.7966 -7.9024 -0.833009 8.40923 -8.54268 -2.85046 5.02237 -9.11832 -4.87838 1.71669 -9.41937 -7.09113 -1.20652 -9.32721 -9.79041 -4.22033 -8.548 -12.2702 -7.25397 -7.06623 -14.352 -10.1241 -4.94351 -16.0809 -12.6648 -2.26512 -17.4908 -14.9577 0.803687 -18.4613 -17.4349 3.87716 -18.5357 -19.5969 7.13718 -18.0001 -21.3309 10.5088 -16.8543 -22.7209 13.7407 -15.035 -23.8353 16.626 -12.542 -24.5938 19.0697 -9.50315 -24.8756 21.093 -6.08434 -24.6368 22.7017 -2.44873 -23.9212 23.8754 1.29644 -22.8025 24.5832 5.06004 -21.3468 24.8118 8.77159 -19.609 24.5693 12.3589 -17.6299 23.8823 15.7597 -15.4515 22.7775 18.9204 -13.1319 21.2659 21.797 -10.7325 19.3483 24.3479 -8.29844 17.0476 26.5124 -5.84273 14.4138 28.226 -3.3919 11.5177 29.4286 -0.999377 8.406 30.0867 1.24449 5.12555 30.1707 3.25804 1.73899 29.6407 4.98286 -1.65848 28.4404 6.34918 -4.90007 26.547 7.30588 -7.82756 24.005 7.8501 -10.3173 20.93 8.05147 -12.2942 17.4932 8.01479 -13.7543 13.8012 7.75561 -14.4822 9.91872 7.46921 -14.1204 5.98656 7.53717 -13.4725 2.06599 7.68774 -12.6528 -1.8202 7.7888 -11.6418 -5.67537 7.82854 -10.4738 -9.4871 7.80125 -9.17252 -13.2643 7.69047 -7.748 -16.995 7.46956 -6.18714 -20.6706 7.10248 -4.4701 -24.2636 6.54017 -2.58284 -27.7454 0.0557414 0.0440842 0.0216915 0.0542269 0.0643029 0.104213 0.0517915 0.0621625 -0.0414732 0.0343103 -0.0984866 0.0500638 -0.111999 0.0289602 -0.143011 -0.021132 -0.103882 -0.0319427 -0.0195138 0.00738013 0.0516747 0.0113792 0.043409 0.000869772 0.0250724 -0.00700948 0.000425252 0.021574 -0.00298476 -0.0377564 -0.0429696 -0.129908 -0.0745018 -0.139411 0.0685829 -0.0277649 0.0848414 -0.0333386 0.107025 0.0846738 0.0980112 0.0323437 0.0249539 0.0157779 0.0210084 0.0355373 0.0290553 0.0208054 -0.0165361 -0.0266018 -0.0273602 -0.0348581 -0.0159389 -0.0659819 0.0323496 0.0204106 0.515998 0.941156 -1.55672 -0.473152 0.331514 0.100581 0.144453 -0.00272196 0.0438327 -0.010884 0.0327658 -0.000462827 0.03033 0.0170841 0.0398616 0.0515942 0.0546662 0.0971209 0.0381621 0.120368 -0.0590697 0.0823527 -0.19283 0.0150356 -0.225463 0.0217424 -0.130254 0.138097 -0.0205251 0.0816763 -0.190284 -0.0786402 -0.115258 -0.0883032 0.0158655 -0.00133291 0.0584884 0.0246754 0.0276108 0.0168072 0.00910447 0.0046449 -0.0240753 -0.0399285 0.163826
6.1894 -2.11439 -31.3641 5.07433 -0.322287 -34.7609 3.51658 1.55258 -37.9304 1.44884 3.47308 -40.7553 -1.1749 5.38193 -43.0813 -4.33363 7.18385 -44.7063 -7.92187 8.75622 -45.4226 -11.6934 9.94309 -45.0671 -15.3225 10.5995 -43.5987 -18.4269 10.6259 -41.1479 -20.7027 10.0116 -37.9718 -21.9535 8.83658 -34.4187 -22.1407 7.23709 -30.8164 -21.352 5.36635 -27.4202 -19.7649 3.37027 -24.3947 -17.5891 1.34091 -21.7645 -15.0456 -0.664911 -19.467 -12.2776 -2.64481 -17.3991 -9.27636 -4.56649 -15.622 -6.14549 -6.43149 -13.9983 -3.1532 -8.30727 -12.1423 -0.38864 -10.135 -9.9145 2.14122 -11.7644 -7.28943 4.28654 -13.1073 -4.19997 5.90192 -14.0565 -0.67297 6.91852 -14.539 3.15636 7.38856 -14.5154 7.11975 7.41061 -13.9407 11.0634 6.82451 -13.1057 14.916 6.26278 -12.4814 18.8022 6.04774 -11.8584 22.723 5.97567 -10.8564 26.5637 6.299 -9.56732 30.3046 7.29869 -8.05672 33.8607 9.16139 -6.36183 36.9564 11.9148 -4.56128 39.2183 15.3245 -2.79707 40.3141 18.976 -1.2553 40.0957 22.4959 -0.0704326 38.6941 25.5865 0.690021 36.3469 28.0669 1.04023 33.2867 29.8122 1.00776 29.725 30.744 0.611108 25.8898 30.848 -0.114386 21.9801 30.1643 -1.09866 18.1869 28.7819 -2.2576 14.6298 26.828 -3.50305 11.3833 24.4267 -4.75939 8.44839 21.6933 -5.96034 5.79392 18.7181 -7.05924 3.36103 15.5765 -8.02183 1.08446 12.3292 -8.81435 -1.10553 9.02371 -9.39007 -3.27613 5.70572 -9.68193 -5.47505 2.40919 -9.61012 -7.72383 -0.827581 -9.10609 -9.9873 -3.98343 -8.12347 -12.2073 -6.8972 -6.53882 -14.3855 -9.61218 -4.40381 -16.3388 -12.2743 -1.82372 -17.7112 -14.7959 1.1225 -18.478 -17.0809 4.33823 -18.6644 -19.1109 7.69471 -18.206 -20.8565 11.0611 -17.0596 -22.2651 14.2889 -15.2454 -23.2998 17.2626 -12.8217 -23.9281 19.8701 -9.89006 -24.1393 22.0404 -6.55652 -23.9392 23.716 -2.94814 -23.3518 24.8721 0.825481 -22.4129 25.4994 4.65271 -21.1626 25.6081 8.44448 -19.6442 25.2185 12.1182 -17.8994 24.3581 15.6077 -15.9688 23.0578 18.8548 -13.8927 21.3504 21.8081 -11.7081 19.2674 24.4228 -9.45489 16.8456 26.6518 -7.16749 14.1188 28.4528 -4.89061 11.1333 29.7755 -2.6656 7.92967 30.5719 -0.549535 4.56985 30.7842 1.39594 1.12897 30.3509 3.10687 -2.29683 29.2091 4.50547 -5.53773 27.3357 5.5599 -8.42356 24.7826 6.30803 -10.8351 21.6864 6.80562 -12.7008 18.2158 6.8927 -13.7649 14.3899 6.89333 -14.0391 10.4388 6.9894 -13.8449 6.48348 7.10044 -13.3724 2.53671 7.22903 -12.6704 -1.37556 7.37515 -11.7754 -5.26027 7.52144 -10.7274 -9.10661 7.63878 -9.55222 -12.9257 7.68842 -8.26911 -16.7112 7.62458 -6.88359 -20.4647 7.39455 -5.39756 -24.1726 6.93851 -3.80798 -27.817 0.0682191 0.0672984 0.0443982 0.0592196 0.0419116 0.0665505 0.026532 0.0644507 -0.0213486 0.0542801 -0.0918537 0.0391377 -0.133489 0.0116229 -0.146374 -0.0139467 -0.0956645 -0.0153277 -0.00632969 0.00272003 0.0315837 -0.00971671 0.0437704 0.00226195 0.0303748 0.00903559 -0.00108308 0.0064694 -0.0136417 -0.0435584 -0.0348925 -0.0959587 -0.0250361 -0.115424 0.0330312 -0.085702 0.0734318 -0.0182341 0.0970458 0.0554248 0.0922245 0.0569735 0.0569553 0.037191 0.0268106 0.0240806 0.00764115 0.00947159 -0.00779076 -0.0097497 -0.0181679 -0.0379114 -0.0271915 -0.0785838 0.0233653 0.027065 0.530654 0.950716 -1.55965 -0.475541 0.334256 0.0957169 0.145647 0.00540332 0.0480106 -0.0150954 0.024943 -0.0072179 0.0257982 0.014355 0.0382176 0.0501623 0.0534124 0.0974436 0.0411852 0.124607 -0.0570537 0.0809817 -0.194898 0.0156652 -0.222274 0.0253829 -0.126239 0.144934 -0.0113582 0.087407 -0.191388 -0.082001 -0.131585 -0.0896859 0.0168252 -0.00211643 0.0580608 0.0244395 0.0266395 0.0142063 0.0046932 -0.000104297 -0.0254322 -0.0326818 0.170726
-2.92892 6.10926 -30.9249 -5.43451 8.08107 -33.3291 -8.29186 9.93696 -35.4118 -11.6433 11.5258 -36.8788 -15.2863 12.8498 -37.8192 -19.1849 13.6514 -37.8368 -23.0902 14.0117 -37.1581 -26.6545 13.6488 -35.4527 -29.7332 12.7705 -33.1086 -31.7733 11.2376 -30.0883 -32.9205 9.34465 -26.8119 -32.7417 7.16043 -23.532 -31.6588 4.91939 -20.4717 -29.5018 2.77668 -17.9414 -26.7423 0.812805 -15.8985 -23.3818 -0.835308 -14.5758 -19.7589 -2.23031 -13.7476 -15.933 -3.3058 -13.5234 -12.0672 -4.25382 -13.5461 -8.19257 -5.19202 -13.6433 -4.3393 -6.21632 -13.5727 -0.602107 -7.45965 -12.925 2.98184 -8.76725 -11.7514 6.14251 -9.98388 -9.63792 8.8804 -11.0155 -6.922 10.7696 -11.6119 -3.45901 12.105 -12.0005 0.280382 12.741 -12.2579 4.20467 13.0921 -12.4714 8.16728 13.306 -12.6591 12.1315 13.6335 -12.7249 16.0918 14.4175 -12.451 19.9726 15.601 -11.8602 23.7144 17.4779 -10.7085 27.0414 19.7815 -9.16251 29.9087 22.6186 -7.06359 31.7738 25.6539 -4.68892 32.8133 28.6571 -2.12253 32.4311 31.4195 0.394964 31.0959 33.5008 2.57399 28.5362 34.9688 4.36807 25.3334 35.4506 5.49051 21.5609 35.2547 6.11038 17.6492 34.1802 6.0554 13.821 32.5971 5.59403 10.2026 30.4304 4.66377 6.98819 27.9556 3.49065 4.09135 25.1493 2.0784 1.62756 22.1701 0.567443 -0.559032 19.0051 -1.00003 -2.42515 15.7347 -2.55364 -4.11267 12.3462 -4.02081 -5.63267 8.88367 -5.37707 -7.0876 5.34004 -6.50945 -8.52487 1.72856 -7.37649 -9.97774 -1.94833 -7.73284 -11.4556 -5.65357 -7.56645 -12.8957 -9.29588 -6.62067 -14.1458 -12.8903 -5.20495 -15.0401 -16.2694 -3.16674 -15.2261 -19.4038 -0.785722 -14.8884 -22.1554 1.75516 -13.6429 -24.5277 4.27696 -11.7476 -26.3069 6.69058 -9.16191 -27.5809 8.93586 -6.15978 -28.1871 10.8922 -2.75747 -28.2939 12.58 0.835631 -27.7714 13.8817 4.56138 -26.8147 14.8776 8.29528 -25.3217 15.4549 11.9475 -23.4809 15.7261 15.4744 -21.216 15.5843 18.7578 -18.6914 15.1532 21.8189 -15.8591 14.3339 24.5101 -12.8531 13.2493 26.9024 -9.66062 11.8131 28.817 -6.38469 10.1427 30.3655 -3.0601 8.17202 31.3377 0.245335 6.0132 31.881 3.43072 3.63464 31.7676 6.47025 1.13983 31.1724 9.19079 -1.45141 29.8825 11.6077 -4.0495 28.097 13.481 -6.57238 25.6355 14.8684 -8.95175 22.7465 15.4637 -10.9961 19.3723 15.4719 -12.6899 15.7599 14.7267 -13.7518 12.0125 13.584 -14.2357 8.24602 12.1486 -13.8974 4.57774 10.6502 -13.0078 1.0289 9.23373 -11.5588 -2.38312 7.92814 -9.85478 -5.72069 6.7841 -8.02144 -9.06334 5.71753 -6.12484 -12.3963 4.66522 -4.16287 -15.7057 3.56066 -2.15865 -18.9726 2.30285 -0.106065 -22.1586 0.867774 1.96888 -25.254 -0.887222 4.04922 -28.178 0.0620311 0.0603385 0.0242618 0.0407802 0.0170235 0.0469855 0.0161722 0.058559 -0.00607547 0.0658208 -0.0587467 0.0592733 -0.101962 0.0264386 -0.127602 -0.00486462 -0.0825437 -0.0159959 -0.016184 -0.0114511 0.0163019 -0.00982551 0.0482066 0.0165095 0.0459327 0.0255006 0.0037534 -0.00776974 -0.0293364 -0.0506203 -0.0376912 -0.0790103 -0.0114032 -0.06467 0.0700763 -0.0134345 0.100958 0.0141884 0.0818519 0.0389148 0.0622167 0.0281702 0.0330079 0.00902113 0.00904209 0.00257793 -0.00187156 -0.000334729 -0.00839478 -0.00993709 -0.0155389 -0.0354669 -0.026441 -0.0783944 0.016012 0.0111122 0.507277 0.934349 -1.55981 -0.463165 0.327841 0.0994708 0.147616 0.0222531 0.0605668 0.00595337 0.0395584 0.0118304 0.0390023 0.0292233 0.0492831 0.0610027 0.0632676 0.105444 0.051328 0.13087 -0.0456808 0.0858558 -0.182496 0.0184681 -0.212576 0.019117 -0.13041 0.118561 -0.0321603 0.0578764 -0.205362 -0.103058 -0.135223 -0.0786401 0.0321424 0.0103922 0.0710796 0.0358258 0.0369143 0.0234953 0.0112149 0.00611621 -0.0255851 -0.0338563 0.163265
-1.70763 3.52318 -35.5125 -4.26923 4.29117 -38.479 -7.28469 5.01856 -40.995 -10.7217 5.67531 -42.9106 -14.4974 6.22646 -44.0744 -18.448 6.63204 -44.3472 -22.3591 6.8566 -43.6403 -25.9481 6.87343 -41.947 -28.9454 6.67385 -39.3538 -31.0983 6.27139 -36.0612 -32.2536 5.69817 -32.3229 -32.3518 5.00348 -28.4406 -31.4397 4.23949 -24.6791 -29.6335 3.45466 -21.248 -27.1027 2.6927 -18.3043 -24.0147 1.98039 -15.9126 -20.5437 1.3375 -14.0953 -16.8167 0.768899 -12.8161 -12.9473 0.274769 -12.0196 -9.00541 -0.174945 -11.6094 -5.08612 -0.806931 -11.2235 -1.275 -1.65353 -10.3881 2.282 -2.50996 -8.79025 5.41853 -3.26308 -6.43674 7.98228 -3.85252 -3.43278 9.85117 -4.22681 0.0731723 10.9835 -4.42504 3.8946 11.6107 -4.71327 7.81912 12.1651 -5.19921 11.7351 13.0693 -5.71298 15.5719 14.4635 -6.19802 19.2629 16.4042 -6.63606 22.6978 18.923 -7.00618 25.7434 22.0207 -7.28495 28.2435 25.6021 -7.44476 29.9962 29.5061 -7.46409 30.8303 33.4907 -7.33047 30.6231 37.2397 -7.04757 29.3499 40.4741 -6.63278 27.0865 42.9244 -6.12038 24.0256 44.4296 -5.54987 20.4137 44.9201 -4.96213 16.5224 44.4216 -4.39666 12.6288 43.036 -3.88031 8.93686 40.9136 -3.43191 5.6035 38.2075 -3.05747 2.69926 35.0724 -2.75699 0.254032 31.6295 -2.52333 -1.75529 27.9824 -2.34673 -3.37191 24.2022 -2.21511 -4.6588 20.3421 -2.11578 -5.68476 16.4377 -2.03573 -6.52199 12.5101 -1.96188 -7.24361 8.57994 -1.88125 -7.92112 4.65527 -1.78053 -8.62726 0.760159 -1.63499 -9.42961 -3.09344 -1.41456 -10.3981 -6.88657 -0.942221 -11.4558 -10.6817 -0.106863 -12.2486 -14.4886 0.932815 -12.4464 -18.25 2.01027 -11.8952 -21.8306 3.08576 -10.6277 -25.1153 4.12357 -8.69974 -28.0111 5.09329 -6.17866 -30.4243 5.96235 -3.16152 -32.2972 6.70861 0.260469 -33.5797 7.31025 3.97101 -34.2496 7.75436 7.8707 -34.2972 8.03036 11.8425 -33.7311 8.13403 15.789 -32.5745 8.06469 19.6052 -30.8613 7.82575 23.2029 -28.6385 7.4243 26.4942 -25.9609 6.87046 29.4036 -22.8927 6.17738 31.8626 -19.5071 5.36135 33.8112 -15.8814 4.44057 35.2013 -12.106 3.43742 35.9928 -8.2682 2.37447 36.1603 -4.47292 1.28004 35.6909 -0.813428 0.180166 34.5862 2.60286 -0.893912 32.8657 5.67725 -1.91234 30.5645 8.32154 -2.84777 27.7236 10.4263 -3.66371 24.4308 11.9098 -4.33053 20.7869 12.7097 -4.82284 16.9085 12.7867 -5.11889 12.9539 12.1379 -5.20379 9.04191 11.0472 -4.9253 5.25112 9.85405 -4.2585 1.54044 8.81587 -3.45454 -2.20529 7.94306 -2.68214 -5.99953 7.16192 -1.92068 -9.82844 6.40341 -1.15996 -13.662 5.59412 -0.394762 -17.493 4.66327 0.37649 -21.295 3.53699 1.15656 -25.0468 2.1443 1.94419 -28.7065 0.416021 2.73595 -32.2208 -4.11773 -4.02831 -3.97246 -3.90083 -3.88828 -3.86632 -3.94923 -4.00084 -4.22404 -4.32591 -4.67532 -4.75328 -5.12159 -5.13959 -5.4151 -5.34586 -5.44003 -5.33856 -5.27413 -5.17843 -5.04081 -4.95617 -4.7825 -4.72014 -4.61183 -4.58201 -4.56829 -4.55204 -4.53421 -4.48897 -4.35984 -4.2457 -3.93637 -3.72516 -3.22764 -2.98455 -2.48349 -2.28623 -1.94749 -1.83654 -1.71746 -1.73664 -1.77572 -1.87325 -1.98302 -2.09249 -2.21328 -2.3069 -2.40724 -2.47744 -2.53616 -2.58388 -2.57423 -2.59975 -2.46033 -2.45606 -2.04949 -1.83874 -4.54286 -3.45421 -2.43884 -2.40228 -2.1102 -2.07023 -1.89983 -1.87385 -1.77483 -1.77507 -1.73693 -1.77207 -1.80429 -1.88626 -2.02122 -2.16613 -2.46617 -2.67959 -3.20132 -3.42659 -4.06541 -4.19281 -4.73063 -4.74098 -5.12003 -5.0601 -5.42031 -5.50516 -5.92111 -5.87773 -5.88289 -5.72706 -5.48144 -5.35707 -5.1611 -5.07534 -4.97032 -4.89174 -4.81559 -4.73323 -4.66514 -4.57644 -0.106667
