Optimization finished after 3500 iterations.
NEB Energy: 1.39626
Max NEB Force: 0.470794
Optimization took: 48146 ms
Energies: 
0.980936, 1.38886, 1.74913, 1.69755, 1.70789, 1.69668, 1.77758, 1.58896, 1.35699, 1.42611, 1.294, 1.35138, 0.983532, 
NEB Forces: 
0, 0.470794, 0.275761, 0.236948, 0.219763, 0.217185, 0.306034, 0.157239, 0.156968, 0.137956, 0.145716, 0.109441, 0, 
Gradients: 
0.216369, 0.470597, 0.275828, 0.214185, 0.219683, 0.216452, 0.253843, 0.1272, 0.125287, 0.138576, 0.109925, 0.108284, 1.59965e-12, 
Spring Forces: 
0, 0.0148025, 0.00080076, 0.101373, 0.00605955, 0.0178543, 0.172952, 0.0927734, 0.0945699, 0.00806651, 0.0956665, 0.0163725, 0, 