Optimization finished after 12400 iterations.
NEB Energy: 0.819273
Max NEB Force: 0.00499581
Optimization took: 134997 ms
Energies: 
0.813076, 0.819203, 0.904657, 0.953868, 0.907308, 0.862154, 0.819406, 0.811169, 
NEB Forces: 
0, 0.00219969, 0.00338868, 0.00499581, 0.00406485, 0.00309767, 0.00187676, 0, 
Gradients: 
0.00, 0.00232847, 0.00361361, 0.00499734, 0.00410299, 0.00321883, 0.00189421, 0.00, 
Spring Forces: 
0, 0.00014089, 3.50021e-05, 3.07558e-05, 4.04194e-05, 2.76191e-05, 0.000159794, 0, 
Bend Energies: 
0.812858, 0.818999, 0.904534, 0.953789, 0.907206, 0.862011, 0.819183, 0.810949, 
Twist Energies: 
0.000216827, 0.000203162, 0.000121522, 7.62373e-05, 9.85166e-05, 0.000140827, 0.000221414, 0.000216844, 
Stretch Energies: 
5.18249e-07, 9.14334e-07, 1.57207e-06, 3.0294e-06, 3.11704e-06, 2.62331e-06, 2.04239e-06, 1.9848e-06, 
