Optimization finished after 1000000 iterations.
NEB Energy: 0.814689
Max NEB Force: 0.00219714
Optimization took: 18956158 ms
Energies: 
0.812861, 0.814644, 0.863486, 0.866969, 0.847933, 0.831027, 0.813086, 0.810954, 
NEB Forces: 
0, 0.00051518, 0.00175441, 0.00219714, 0.00161301, 0.00123891, 0.000505139, 0, 
Gradients: 
5.77034e-07, 0.000537303, 0.00182908, 0.00219613, 0.00162254, 0.00128917, 0.000487588, 3.58215e-06, 
Spring Forces: 
0, 9.1038e-05, 5.73421e-05, 9.06383e-05, 5.38691e-05, 4.93966e-05, 0.000150148, 0, 
Bend Energies: 
0.81286, 0.814643, 0.863481, 0.866941, 0.847923, 0.831023, 0.813083, 0.810951, 
Twist Energies: 
1.08482e-10, 9.57392e-08, 3.60913e-06, 2.62439e-05, 8.39757e-06, 2.05256e-06, 1.34311e-06, 8.61371e-11, 
Stretch Energies: 
5.13342e-07, 6.28056e-07, 1.17264e-06, 1.4617e-06, 1.80716e-06, 2.12809e-06, 1.99663e-06, 1.98594e-06, 
