# num_vectors 8
# vector_size 401
# Iterations: 12400, stepsize: 0.024404, max step size: 1.000000, spring constant: 0.000010, global NEB Hessian: false, global NEB Linesearch: true, climbing image: true
2.82888 -19.9255 -21.0179 -0.985462 -20.9078 -20.7574 -4.8705 -21.4047 -20.2659 -8.75714 -21.3608 -19.5775 -12.5612 -20.7305 -18.7323 -16.1663 -19.4914 -17.7824 -19.4795 -17.634 -16.7779 -22.3805 -15.1799 -15.7798 -24.7485 -12.1849 -14.8538 -26.4735 -8.73956 -14.0671 -27.4666 -4.97912 -13.4862 -27.7175 -1.0686 -13.1549 -27.2475 2.83456 -13.0584 -26.0912 6.61664 -13.1619 -24.3153 10.1424 -13.4222 -21.9986 13.3281 -13.7907 -19.2248 16.1168 -14.2171 -16.0664 18.48 -14.6528 -12.6109 20.3918 -15.0475 -8.93206 21.8487 -15.3543 -5.09767 22.8576 -15.528 -1.16943 23.432 -15.5254 2.7913 23.5899 -15.3047 6.72523 23.3532 -14.8258 10.5715 22.7472 -14.0514 14.2512 21.8057 -12.9523 17.711 20.5611 -11.4978 20.8755 19.0541 -9.6677 23.6635 17.334 -7.45333 25.9739 15.4753 -4.88194 27.7447 13.5361 -1.96482 28.8967 11.5986 1.24833 29.3638 9.75513 4.68174 29.1062 8.11408 8.20967 28.1169 6.75987 11.73 26.425 5.78177 15.1044 24.1323 5.2307 18.2102 21.3168 5.09476 20.9624 18.1111 5.34093 23.2391 14.6257 5.9142 24.984 10.9627 6.75091 26.1686 7.18656 7.79096 26.79 3.3976 8.96014 26.8507 -0.34221 10.1908 26.3749 -3.98362 11.4178 25.3945 -7.4926 12.5809 23.9435 -10.8326 13.6184 22.0623 -13.9773 14.4731 19.7926 -16.903 15.0891 17.1788 -19.579 15.4122 14.2782 -21.9905 15.3935 11.1375 -24.1115 14.9851 7.81878 -25.9145 14.1454 4.39481 -27.3614 12.8521 0.975143 -28.4377 11.0821 -2.36683 -29.1184 8.83472 -5.52049 -29.3853 6.13289 -8.36453 -29.2342 3.05244 -10.756 -28.6772 -0.343949 -12.596 -27.7423 -3.94446 -13.7764 -26.482 -7.61176 -14.2164 -24.968 -11.2323 -13.9049 -23.2657 -14.6334 -12.8891 -21.4181 -17.6985 -11.2493 -19.4639 -20.3412 -9.08257 -17.4224 -22.5164 -6.47575 -15.3306 -24.1734 -3.54775 -13.2051 -25.3005 -0.400151 -11.0552 -25.9014 2.87273 -8.87813 -25.9903 6.19311 -6.67656 -25.5872 9.47385 -4.4444 -24.7193 12.642 -2.17351 -23.4175 15.6288 0.140308 -21.7194 18.3634 2.50822 -19.661 20.7864 4.93403 -17.2858 22.8331 7.41632 -14.6446 24.4386 9.93095 -11.8163 25.534 12.4758 -8.85701 26.0718 15.0233 -5.85241 26.0008 17.5345 -2.9026 25.2834 19.9412 -0.14135 23.9149 22.2028 2.33358 21.9027 24.2526 4.39895 19.2908 26.0211 5.93803 16.1615 27.4538 6.85657 12.6157 28.5128 7.11077 8.83649 29.1624 6.73173 4.97597 29.3769 5.77996 1.16582 29.1469 4.32389 -2.50678 28.4779 2.45831 -5.93214 27.3881 0.277037 -9.04909 25.9015 -2.12761 -11.8183 24.0379 -4.67646 -14.2259 21.8288 -7.27868 -16.2544 19.3011 -9.85664 -17.9067 16.4803 -12.3376 -19.1928 13.3948 -14.6505 -20.1269 10.0697 -16.7301 -20.7282 6.53555 -18.5102 -21.0175 -4.70395 -4.70432 -4.70517 -4.7065 -4.70828 -4.7105 -4.71312 -4.71611 -4.71942 -4.72301 -4.72682 -4.73081 -4.73493 -4.73911 -4.74329 -4.74741 -4.75139 -4.7552 -4.75876 -4.76202 -4.76494 -4.76746 -4.76956 -4.77117 -4.77228 -4.77284 -4.77286 -4.77232 -4.77123 -4.76961 -4.76744 -4.76474 -4.76154 -4.75791 -4.75392 -4.74967 -4.74521 -4.74062 -4.73603 -4.73153 -4.72716 -4.72299 -4.71911 -4.71556 -4.7124 -4.70968 -4.70744 -4.70572 -4.70453 -4.70388 -4.70378 -4.7042 -4.70513 -4.70654 -4.70841 -4.71069 -4.71334 -4.7163 -4.71954 -4.72297 -4.72656 -4.73026 -4.73399 -4.73769 -4.7413 -4.74479 -4.7481 -4.75119 -4.75402 -4.75655 -4.75874 -4.76056 -4.76198 -4.76297 -4.7635 -4.76358 -4.76319 -4.76235 -4.76106 -4.75931 -4.75712 -4.75447 -4.75138 -4.74789 -4.74406 -4.73998 -4.73572 -4.73134 -4.72691 -4.7225 -4.71819 -4.71404 -4.71013 -4.7065 -4.70324 -4.70041 -4.69805 -4.69621 -4.69492 -4.69421 0.00981358
1.79382 -20.5837 -21.3248 -1.99972 -21.6492 -21.0888 -5.88201 -22.1811 -20.6126 -9.76904 -22.1131 -19.9285 -13.5562 -21.3971 -19.0762 -17.1061 -20.0197 -18.1086 -20.3089 -17.9919 -17.0765 -23.0389 -15.3638 -16.0395 -25.185 -12.2227 -15.0582 -26.6625 -8.68325 -14.1898 -27.4166 -4.88835 -13.4865 -27.4352 -0.988684 -12.9795 -26.7476 2.87095 -12.671 -25.3997 6.58857 -12.5507 -23.4683 10.0411 -12.5997 -21.0363 13.1558 -12.7879 -18.1869 15.885 -13.0784 -14.988 18.2076 -13.4302 -11.5199 20.102 -13.7964 -7.84631 21.5667 -14.1279 -4.02415 22.6066 -14.3735 -0.104912 23.2304 -14.4805 3.85818 23.4485 -14.3947 7.81035 23.2734 -14.0618 11.6904 22.7207 -13.4289 15.4132 21.8151 -12.4514 18.9137 20.5828 -11.0867 22.1 19.0622 -9.30638 24.8715 17.3053 -7.10035 27.1098 15.3942 -4.5037 28.741 13.3975 -1.54432 29.685 11.4081 1.70471 29.8886 9.52453 5.1421 29.3407 7.85305 8.62227 28.0678 6.46331 12.0361 26.1304 5.41784 15.2546 23.6194 4.75386 18.1631 20.6123 4.48107 20.6936 17.2528 4.59342 22.7484 13.6568 5.05514 24.2898 9.92676 5.81535 25.3048 6.12277 6.82111 25.7999 2.3369 8.00169 25.7839 -1.38031 9.28864 25.2808 -4.99186 10.6132 24.317 -8.47506 11.9087 22.917 -11.8023 13.1046 21.1087 -14.9527 14.1318 18.9198 -17.9033 14.921 16.3817 -20.6198 15.4021 13.5412 -23.0789 15.5114 10.4395 -25.2429 15.1877 7.13929 -27.0698 14.3803 3.72024 -28.5071 13.0654 0.30483 -29.5291 11.2278 -3.01764 -30.104 8.88412 -6.12185 -30.214 6.08237 -8.87825 -29.8639 2.9269 -11.1479 -29.078 -0.497044 -12.848 -27.8989 -4.06582 -13.899 -26.388 -7.6467 -14.2532 -24.5994 -11.1359 -13.9013 -22.6158 -14.3799 -12.8822 -20.5043 -17.2826 -11.2656 -18.3233 -19.7748 -9.13733 -16.1048 -21.8239 -6.57328 -13.895 -23.3895 -3.68185 -11.712 -24.4649 -0.555653 -9.56074 -25.0549 2.71834 -7.43021 -25.1708 6.06797 -5.31144 -24.8263 9.40934 -3.18475 -24.0389 12.6697 -1.02798 -22.828 15.7769 1.17654 -21.2189 18.652 3.4509 -19.2369 21.2238 5.80674 -16.9175 23.4113 8.24602 -14.3082 25.1308 10.7425 -11.4909 26.294 13.2855 -8.53138 26.8387 15.8341 -5.52983 26.7056 18.3319 -2.60281 25.8597 20.6933 0.103399 24.3139 22.8638 2.48745 22.1015 24.7699 4.43712 19.2989 26.3462 5.86338 16.0171 27.5472 6.7122 12.3694 28.3294 6.95188 8.52238 28.6794 6.59603 4.62109 28.6015 5.68799 0.795066 28.1091 4.28263 -2.87147 27.2276 2.46344 -6.27358 25.9856 0.315646 -9.35668 24.4106 -2.07519 -12.0888 22.5192 -4.63503 -14.4628 20.3348 -7.27639 -16.4673 17.8713 -9.92269 -18.1085 15.1392 -12.4994 -19.3977 12.1507 -14.9301 -20.3478 8.916 -17.1407 -20.9747 5.45392 -19.0523 -21.2944 0.196967 0.196943 0.195898 0.194145 0.192136 0.19043 0.189632 0.190336 0.193026 0.19804 0.205317 0.213937 0.222591 0.230047 0.2355 0.238619 0.239448 0.238284 0.235598 0.231924 0.227786 0.223645 0.219869 0.216714 0.214322 0.212713 0.211788 0.211357 0.211134 0.210782 0.209928 0.208197 0.205249 0.200782 0.194461 0.186247 0.177111 0.168707 0.162392 0.158833 0.158146 0.160059 0.164013 0.169327 0.17531 0.181322 0.186819 0.191385 0.194734 0.196733 0.197394 0.196866 0.195453 0.193584 0.191787 0.190659 0.190805 0.192727 0.196806 0.20324 0.211845 0.221619 0.231066 0.23887 0.244225 0.246769 0.246547 0.243929 0.239455 0.233742 0.227421 0.22106 0.215144 0.210045 0.206016 0.203192 0.201594 0.201107 0.201512 0.202485 0.203606 0.204394 0.204316 0.202797 0.199196 0.193151 0.185569 0.178102 0.17211 0.168421 0.167342 0.16874 0.172208 0.17718 0.183017 0.189105 0.194897 0.199933 0.20387 0.206479 0.0106429
2.56032 -24.3366 -19.5819 -1.2294 -25.3928 -19.2591 -5.10777 -25.8622 -18.6937 -8.97448 -25.6744 -17.9224 -12.7066 -24.788 -16.9909 -16.1523 -23.2089 -15.9574 -19.1965 -20.974 -14.8742 -21.7213 -18.1632 -13.7972 -23.6368 -14.8884 -12.7769 -24.8885 -11.2768 -11.8524 -25.4543 -7.46832 -11.0524 -25.3453 -3.59327 -10.3914 -24.5963 0.232075 -9.87103 -23.2482 3.93104 -9.48093 -21.3638 7.39899 -9.20769 -19.0068 10.5714 -9.02864 -16.2408 13.398 -8.91731 -13.1179 15.8461 -8.84497 -9.70744 17.8747 -8.78215 -6.06948 19.4586 -8.69873 -2.26409 20.5774 -8.56472 1.64848 21.2152 -8.35029 5.60256 21.36 -8.02582 9.52934 21.0051 -7.56147 13.354 20.1503 -6.9271 16.9801 18.8104 -6.09611 20.3334 17.0025 -5.03698 23.3145 14.7619 -3.72288 25.8161 12.145 -2.13279 27.7145 9.25774 -0.271392 28.9244 6.19528 1.86472 29.3569 3.10419 4.24443 28.9572 0.158865 6.80767 27.7327 -2.43694 9.44732 25.7426 -4.52809 12.0688 23.108 -5.97552 14.5525 19.9958 -6.69843 16.7879 16.5554 -6.68008 18.7073 12.9955 -5.96076 20.2337 9.45627 -4.63824 21.3498 6.02756 -2.83414 22.064 2.72853 -0.65914 22.3998 -0.417587 1.75504 22.3754 -3.43737 4.29925 22.008 -6.36949 6.87465 21.3032 -9.25576 9.392 20.2527 -12.1182 11.7561 18.8426 -14.9628 13.8744 17.056 -17.77 15.6534 14.8822 -20.4853 16.9998 12.334 -23.0461 17.8399 9.43292 -25.3639 18.1134 6.23418 -27.3438 17.7864 2.82063 -28.8872 16.8653 -0.676402 -29.939 15.3791 -4.16131 -30.4547 13.3843 -7.5101 -30.4189 10.9574 -10.6034 -29.8522 8.20798 -13.3146 -28.795 5.20935 -15.5778 -27.3063 2.05021 -17.3198 -25.4595 -1.18451 -18.4847 -23.3181 -4.44155 -19.0357 -20.9879 -7.61297 -18.939 -18.5609 -10.6216 -18.1942 -16.1252 -13.3939 -16.8233 -13.7447 -15.8766 -14.8575 -11.4995 -17.992 -12.3719 -9.4324 -19.6937 -9.45184 -7.56173 -20.9498 -6.19342 -5.87619 -21.7447 -2.68633 -4.34936 -22.0692 0.96552 -2.93022 -21.9266 4.67207 -1.55345 -21.3253 8.34845 -0.148089 -20.2796 11.9046 1.36301 -18.8049 15.2597 3.04861 -16.9253 18.316 4.9631 -14.6796 20.963 7.12319 -12.1449 23.0682 9.53814 -9.39565 24.5284 12.1684 -6.54899 25.2358 14.9354 -3.74705 25.1144 17.7071 -1.16389 24.148 20.3761 1.07444 22.3717 22.8126 2.8428 19.8766 24.9018 4.05289 16.8009 26.5657 4.66166 13.2896 27.7377 4.65772 9.53519 28.3986 4.07364 5.70228 28.5576 2.96655 1.93158 28.2399 1.39663 -1.68718 27.4832 -0.552352 -5.04723 26.3309 -2.80167 -8.09253 24.8237 -5.27492 -10.7893 22.9892 -7.90773 -13.1278 20.8581 -10.6203 -15.0943 18.4481 -13.3412 -16.6926 15.7697 -15.9973 -17.9323 12.8316 -18.5098 -18.8252 9.63901 -20.7978 -19.3867 6.20597 -22.7716 -19.6328 0.0368598 0.0389852 0.0398219 0.0397721 0.0394442 0.0395985 0.0410947 0.0448133 0.0515872 0.0621854 0.0766782 0.0939622 0.112658 0.131557 0.149815 0.166957 0.182745 0.19697 0.209399 0.219731 0.227528 0.232183 0.232901 0.228682 0.218346 0.200538 0.173724 0.136392 0.0875127 0.0267305 -0.0453723 -0.126299 -0.211359 -0.294578 -0.369792 -0.430475 -0.472429 -0.493761 -0.495353 -0.480286 -0.45255 -0.416396 -0.376047 -0.335051 -0.296227 -0.26169 -0.232853 -0.210393 -0.194333 -0.184017 -0.178155 -0.174974 -0.172292 -0.167771 -0.159161 -0.144587 -0.122912 -0.0938566 -0.0579533 -0.0168191 0.0261207 0.0679075 0.104664 0.133174 0.151572 0.159146 0.156316 0.144364 0.125069 0.100465 0.0727065 0.0438905 0.0160031 -0.00916748 -0.0300373 -0.0452245 -0.0535691 -0.0543725 -0.0473457 -0.0327633 -0.0117279 0.0139263 0.0418521 0.0692154 0.0931148 0.110589 0.121511 0.127641 0.130884 0.132856 0.1348 0.137532 0.141458 0.146636 0.152849 0.159714 0.166758 0.173491 0.179478 0.184383 0.1511
1.08051 -28.4526 -23.106 -2.86274 -28.578 -22.9767 -6.73986 -28.0617 -22.4448 -10.4011 -26.9019 -21.533 -13.706 -25.1366 -20.2905 -16.5283 -22.8488 -18.7955 -18.8094 -20.1218 -17.1235 -20.5119 -17.0532 -15.3571 -21.6317 -13.7371 -13.5724 -22.1883 -10.2547 -11.8323 -22.2138 -6.68241 -10.1883 -21.7477 -3.08281 -8.67481 -20.8295 0.48935 -7.3104 -19.4861 4.00546 -6.09205 -17.7537 7.39647 -5.01854 -15.6594 10.6156 -4.06834 -13.2264 13.6152 -3.21072 -10.4681 16.353 -2.40672 -7.41655 18.7655 -1.6198 -4.10369 20.796 -0.812067 -0.571505 22.3872 0.0494776 3.12604 23.4846 0.99013 6.91856 24.0394 2.02453 10.7237 24.0145 3.15666 14.448 23.3875 4.38012 17.9764 22.1588 5.67453 21.2176 20.3397 7.02359 24.0604 17.9624 8.40254 26.3888 15.0811 9.78501 28.0743 11.8033 11.1343 29.0222 8.22329 12.4343 29.1323 4.49583 13.6586 28.3363 0.819812 14.7803 26.6371 -2.54835 15.767 24.1 -5.38896 16.6034 20.8798 -7.48331 17.2735 17.2028 -8.68142 17.773 13.2858 -8.93029 18.1133 9.40751 -8.26672 18.3086 5.74203 -6.82469 18.3838 2.37615 -4.77745 18.3605 -0.704189 -2.28232 18.248 -3.53126 0.491019 18.0405 -6.19384 3.41174 17.7134 -8.78905 6.36998 17.2231 -11.4061 9.27035 16.5091 -14.0996 12.0092 15.502 -16.8884 14.4821 14.1314 -19.7442 16.5802 12.339 -22.5831 18.1944 10.0997 -25.2981 19.2428 7.41491 -27.7503 19.6662 4.33488 -29.7976 19.4447 0.952819 -31.309 18.6085 -2.57932 -32.2167 17.2162 -6.14265 -32.482 15.3508 -9.59361 -32.1111 13.1059 -12.8003 -31.1574 10.5938 -15.6306 -29.6905 7.87966 -18.0208 -27.7973 5.03219 -19.902 -25.5738 2.1092 -21.2224 -23.097 -0.863282 -21.9484 -20.4868 -3.80857 -22.0436 -17.8409 -6.67281 -21.5025 -15.2489 -9.39829 -20.3403 -12.772 -11.9408 -18.581 -10.4851 -14.2236 -16.2889 -8.42211 -16.1938 -13.5398 -6.5908 -17.8081 -10.4197 -4.96922 -19.0365 -7.00883 -3.52085 -19.8518 -3.4019 -2.18591 -20.2391 0.318417 -0.891313 -20.1884 4.07264 0.441784 -19.6949 7.77323 1.89929 -18.7572 11.3385 3.56096 -17.3819 14.6646 5.49413 -15.591 17.6261 7.72755 -13.4472 20.0629 10.2781 -11.0244 21.8369 13.1024 -8.45046 22.7962 16.1015 -5.89577 22.8236 19.1033 -3.57438 21.8805 21.9539 -1.65844 20.0119 24.4788 -0.305311 17.3506 26.5367 0.388826 14.0991 28.0483 0.397194 10.4681 28.9729 -0.247011 6.7 29.334 -1.46068 2.97632 29.186 -3.14001 -0.577152 28.5902 -5.19258 -3.90779 27.6099 -7.50974 -6.96242 26.295 -10.0044 -9.73898 24.6782 -12.6006 -12.2503 22.7668 -15.2388 -14.5203 20.5651 -17.8439 -16.5531 18.0625 -20.3472 -18.352 15.2461 -22.674 -19.9076 12.1129 -24.7391 -21.1961 8.67381 -26.4531 -22.185 4.9706 -27.7208 -22.8342 0.102547 0.081189 0.0653959 0.0583124 0.0624276 0.0790296 0.10817 0.14857 0.197933 0.253379 0.310185 0.364878 0.415938 0.462732 0.505601 0.545619 0.584107 0.622035 0.659802 0.697139 0.733039 0.765848 0.793436 0.813375 0.823031 0.819638 0.800034 0.760413 0.696471 0.603408 0.476321 0.313019 0.117729 -0.0971284 -0.312233 -0.502776 -0.652277 -0.754481 -0.81162 -0.831289 -0.822513 -0.794077 -0.754259 -0.710022 -0.666818 -0.628559 -0.597636 -0.574938 -0.56007 -0.551482 -0.546696 -0.542647 -0.535971 -0.523445 -0.502288 -0.470577 -0.427731 -0.374495 -0.312786 -0.246095 -0.180382 -0.120176 -0.0700637 -0.033184 -0.0107377 -0.00249231 -0.00697788 -0.0219167 -0.0446695 -0.0724802 -0.102595 -0.132428 -0.159587 -0.181942 -0.197601 -0.204914 -0.202547 -0.189734 -0.166244 -0.132707 -0.0910201 -0.0441067 0.00445393 0.0505034 0.0901021 0.1196 0.140171 0.154564 0.165161 0.173633 0.180882 0.18708 0.191806 0.194209 0.193246 0.187936 0.17761 0.162136 0.142133 0.11909 -0.00715646
-1.73209 -26.4681 -21.5319 -5.49434 -25.2737 -21.5069 -9.03603 -23.575 -21.1165 -12.2532 -21.407 -20.3877 -15.0596 -18.8267 -19.3639 -17.3836 -15.9195 -18.106 -19.2048 -12.7493 -16.6678 -20.5119 -9.38985 -15.1054 -21.3111 -5.90898 -13.4683 -21.6198 -2.36362 -11.795 -21.4598 1.18906 -10.1164 -20.8545 4.69994 -8.45132 -19.8263 8.12213 -6.80923 -18.3857 11.4281 -5.18218 -16.5577 14.5477 -3.57622 -14.3636 17.4293 -1.98437 -11.8285 20.02 -0.398747 -8.97497 22.2733 1.19201 -5.85073 24.1301 2.78642 -2.50517 25.5464 4.38384 1.00469 26.4875 5.97944 4.61734 26.9296 7.56507 8.26583 26.8602 9.12864 11.8832 26.2763 10.6567 15.4018 25.1824 12.1344 18.7388 23.5943 13.5405 21.8341 21.5199 14.8637 24.6029 18.9745 16.084 26.9455 15.9826 17.1775 28.7335 12.615 18.1087 29.858 8.9289 18.8531 30.1896 5.053 19.375 29.6233 1.17835 19.6421 28.1266 -2.42236 19.6347 25.7468 -5.49876 19.3563 22.6394 -7.79629 18.8359 19.0496 -9.15083 18.1403 15.2097 -9.51464 17.3383 11.402 -8.9377 16.5087 7.79667 -7.56854 15.7037 4.47547 -5.5884 14.9489 1.42472 -3.15603 14.2395 -1.3805 -0.43705 13.5577 -4.01568 2.44417 12.8639 -6.56342 5.38705 12.1054 -9.10224 8.30955 11.2198 -11.6859 11.1263 10.1419 -14.3465 13.7546 8.80633 -17.0862 16.1074 7.15424 -19.8663 18.0883 5.14772 -22.6328 19.6144 2.76099 -25.296 20.6026 0.0023888 -27.7462 20.9857 -3.08456 -29.8511 20.7251 -6.39529 -31.5176 19.8153 -9.83841 -32.6519 18.2809 -13.2762 -33.1896 16.1812 -16.5568 -33.1058 13.6269 -19.5062 -32.4179 10.7147 -22.0116 -31.173 7.56851 -23.9566 -29.449 4.31689 -25.2548 -27.3259 1.05686 -25.8564 -24.9328 -2.06634 -25.7301 -22.3889 -4.95201 -24.8942 -19.8068 -7.51956 -23.3983 -17.2688 -9.72369 -21.3019 -14.8688 -11.5114 -18.7061 -12.6577 -12.8695 -15.7124 -10.6576 -13.8037 -12.4228 -8.85773 -14.3355 -8.92277 -7.23023 -14.4931 -5.30352 -5.71901 -14.3132 -1.63519 -4.24881 -13.8348 2.02301 -2.73209 -13.0992 5.61098 -1.06613 -12.1467 9.07976 0.852701 -11.0224 12.3614 3.1212 -9.78062 15.3659 5.79545 -8.49908 17.9598 8.9166 -7.25818 20.0191 12.4458 -6.16495 21.3872 16.2601 -5.33675 21.923 20.1257 -4.88545 21.5455 23.8192 -4.88162 20.2623 27.0881 -5.35673 18.1703 29.7265 -6.28758 15.4387 31.6129 -7.61318 12.2523 32.6882 -9.2355 8.83467 32.9859 -11.0582 5.36216 32.5854 -12.996 1.96309 31.576 -14.9925 -1.30131 30.0545 -16.9812 -4.36585 28.1024 -18.9178 -7.21191 25.7826 -20.7629 -9.83403 23.1311 -22.482 -12.2382 20.1873 -24.0245 -14.411 16.9767 -25.3397 -16.3418 13.525 -26.3707 -18.0118 9.86959 -27.0556 -19.3942 6.05793 -27.334 -20.4602 2.16044 -27.1514 -21.1803 0.325445 0.275325 0.233229 0.20238 0.18523 0.182899 0.195408 0.221847 0.260729 0.310376 0.367116 0.428108 0.492312 0.558829 0.626879 0.695805 0.764847 0.832686 0.897606 0.957776 1.01136 1.05666 1.09223 1.1167 1.12867 1.12634 1.10698 1.06641 0.998801 0.896292 0.748899 0.547509 0.290012 -0.0118116 -0.329009 -0.61603 -0.843287 -1.00194 -1.09807 -1.14452 -1.15434 -1.13866 -1.10704 -1.06716 -1.02495 -0.984823 -0.949809 -0.921676 -0.901136 -0.887922 -0.880907 -0.878344 -0.877905 -0.876956 -0.872793 -0.86292 -0.845415 -0.819177 -0.783979 -0.74081 -0.692708 -0.642913 -0.59628 -0.556992 -0.527663 -0.509569 -0.502665 -0.505796 -0.51709 -0.534164 -0.554172 -0.573867 -0.589561 -0.597118 -0.591871 -0.568672 -0.522274 -0.447875 -0.341678 -0.202919 -0.0365308 0.146722 0.331888 0.502327 0.644295 0.747476 0.815335 0.854767 0.87252 0.874469 0.865338 0.848419 0.825552 0.79748 0.764248 0.725578 0.681305 0.631785 0.578148 0.522457 0.14235
-3.40923 -25.9379 -21.323 -6.52868 -23.5209 -21.4178 -9.34292 -20.768 -21.13 -11.7916 -17.7403 -20.4828 -13.8332 -14.5042 -19.5125 -15.4397 -11.141 -18.2702 -16.618 -7.69379 -16.7991 -17.3779 -4.21222 -15.1449 -17.7379 -0.737212 -13.3477 -17.72 2.7007 -11.4384 -17.3463 6.06875 -9.443 -16.6372 9.33928 -7.37759 -15.6099 12.4836 -5.2508 -14.2696 15.4873 -3.05227 -12.6338 18.294 -0.794119 -10.7149 20.8613 1.525 -8.5272 23.1424 3.90473 -6.082 25.0925 6.34777 -3.41202 26.6531 8.83512 -0.551843 27.7756 11.347 2.45565 28.4186 13.8554 5.56106 28.5499 16.3253 8.70705 28.1486 18.7133 11.833 27.2065 20.972 14.8753 25.7273 23.05 17.7557 23.7351 24.8854 20.4164 21.2512 26.4299 22.7809 18.3153 27.6233 24.765 14.9855 28.4045 26.2676 11.3728 28.7144 27.2121 7.5685 28.513 27.5127 3.72556 27.7738 27.1061 0.0341688 26.5038 25.9802 -3.27086 24.7675 24.1699 -6.00536 22.6578 21.7717 -7.99601 20.3146 18.9318 -9.13661 17.8979 15.7882 -9.40296 15.5386 12.5365 -8.83799 13.3874 9.31041 -7.55972 11.5221 6.19492 -5.71447 9.96981 3.20688 -3.43332 8.70696 0.363146 -0.860808 7.69593 -2.36799 1.89251 6.867 -5.03262 4.73778 6.1384 -7.68398 7.60599 5.42101 -10.3626 10.4278 4.62491 -13.0999 13.1382 3.65989 -15.909 15.6667 2.44045 -18.7701 17.927 0.896417 -21.6529 19.8375 -1.03192 -24.4896 21.3026 -3.37419 -27.185 22.2273 -6.12355 -29.6069 22.5291 -9.20619 -31.652 22.16 -12.5441 -33.2022 21.1005 -15.9986 -34.1606 19.3755 -19.3994 -34.4656 17.0769 -22.5385 -34.1094 14.3069 -25.2645 -33.1207 11.2096 -27.4232 -31.57 7.94624 -28.8986 -29.541 4.65183 -29.6247 -27.1715 1.5088 -29.5663 -24.5937 -1.35294 -28.752 -21.9331 -3.83524 -27.2499 -19.28 -5.88662 -25.141 -16.734 -7.46082 -22.5459 -14.3471 -8.55965 -19.581 -12.1405 -9.20981 -16.3557 -10.1016 -9.45649 -12.9565 -8.20334 -9.35526 -9.46952 -6.39236 -8.97143 -5.95586 -4.59996 -8.37521 -2.46234 -2.75013 -7.6425 0.9664 -0.755169 -6.85153 4.29951 1.46811 -6.08865 7.4917 3.99211 -5.44899 10.4809 6.84622 -5.03772 13.1655 10.0515 -4.95465 15.455 13.5568 -5.29602 17.2208 17.2426 -6.13265 18.333 20.8965 -7.47887 18.6876 24.3241 -9.30816 18.2468 27.3013 -11.5331 17.0326 29.6439 -14.025 15.1375 31.2435 -16.6544 12.6888 32.0461 -19.2693 9.86266 32.0795 -21.7591 6.81811 31.4152 -24.0456 3.68764 30.1346 -26.0917 0.551618 28.3346 -27.8537 -2.50061 26.1009 -29.3143 -5.42274 23.5071 -30.4595 -8.18347 20.6045 -31.2758 -10.767 17.4553 -31.7392 -13.1407 14.1106 -31.826 -15.2786 10.6232 -31.5108 -17.1507 7.05569 -30.7721 -18.7222 3.47461 -29.5951 -19.9604 -0.0417335 -27.9785 -20.8345 0.539411 0.455104 0.384377 0.331001 0.297403 0.284165 0.290648 0.315386 0.356524 0.412201 0.478041 0.551166 0.631067 0.717196 0.808927 0.905563 1.00606 1.10835 1.20955 1.30639 1.3955 1.47381 1.53877 1.58834 1.62076 1.63424 1.62624 1.59253 1.52646 1.41751 1.24905 0.998901 0.64658 0.193924 -0.306863 -0.758114 -1.09973 -1.32817 -1.46669 -1.54152 -1.57287 -1.57487 -1.55798 -1.52998 -1.49675 -1.46271 -1.43118 -1.40439 -1.38365 -1.36933 -1.36087 -1.35705 -1.35593 -1.35512 -1.35202 -1.34406 -1.32906 -1.30549 -1.27261 -1.23081 -1.18243 -1.13022 -1.0792 -1.03386 -0.997156 -0.970722 -0.954866 -0.94869 -0.950486 -0.957941 -0.968171 -0.977755 -0.982664 -0.978151 -0.958498 -0.916738 -0.844632 -0.732519 -0.569497 -0.346748 -0.0650988 0.25832 0.589687 0.888742 1.12823 1.29717 1.4082 1.47476 1.50734 1.51399 1.50084 1.47229 1.43107 1.37867 1.31588 1.24309 1.16096 1.07092 0.975531 0.878637 0.245972
-4.20984 -24.0854 -19.3327 -6.35744 -20.7734 -19.3647 -8.20306 -17.2973 -19.0613 -9.73194 -13.7116 -18.4393 -10.9385 -10.0672 -17.5201 -11.8219 -6.42734 -16.3343 -12.3978 -2.814 -14.9032 -12.6804 0.739509 -13.2515 -12.6866 4.2056 -11.4018 -12.4343 7.56417 -9.37162 -11.9413 10.7912 -7.17888 -11.2236 13.867 -4.83593 -10.2954 16.771 -2.35194 -9.16025 19.4957 0.2824 -7.83208 21.9954 3.04651 -6.3177 24.237 5.93328 -4.62283 26.1824 8.93256 -2.74768 27.792 12.038 -0.705847 29.0108 15.2155 1.48961 29.7881 18.4289 3.81917 30.0745 21.6292 6.25547 29.8263 24.7539 8.75937 29.0105 27.7247 11.2815 27.6114 30.4528 13.7617 25.6358 32.8416 16.1216 23.129 34.7861 18.2968 20.1476 36.2053 20.2107 16.7853 37.0216 21.7897 13.1636 37.1791 22.9611 9.45407 36.6576 23.687 5.78479 35.4681 23.9337 2.31323 33.6536 23.6885 -0.811614 31.2913 22.9666 -3.44474 28.5072 21.798 -5.50921 25.4124 20.2298 -6.94138 22.1421 18.3217 -7.71525 18.8305 16.1154 -7.83898 15.569 13.6959 -7.34439 12.4995 11.1231 -6.29948 9.70498 8.44521 -4.78853 7.24181 5.67825 -2.89024 5.12821 2.87079 -0.704786 3.3764 0.0593024 1.6907 1.93273 -2.73917 4.22927 0.728137 -5.52703 6.85715 -0.317385 -8.30978 9.51954 -1.28648 -11.1028 12.1672 -2.26639 -13.9219 14.7478 -3.34513 -16.7697 17.1935 -4.60542 -19.653 19.4381 -6.13112 -22.5518 21.3905 -7.99239 -25.4195 22.9422 -10.2392 -28.1579 23.966 -12.8685 -30.6756 24.3544 -15.8634 -32.8321 24.0058 -19.1326 -34.4731 22.8635 -22.5181 -35.4512 20.9583 -25.7806 -35.6824 18.3825 -28.7035 -35.1355 15.3153 -31.0537 -33.8572 11.9912 -32.6497 -31.9449 8.63167 -33.3937 -29.5719 5.49363 -33.2588 -26.9151 2.74637 -32.3147 -24.1343 0.487602 -30.683 -21.3359 -1.26132 -28.4911 -18.6202 -2.50615 -25.8891 -16.0293 -3.30323 -22.9999 -13.5716 -3.72759 -19.9218 -11.225 -3.86173 -16.7205 -8.96214 -3.78812 -13.4576 -6.7386 -3.58842 -10.173 -4.50462 -3.34157 -6.89863 -2.21319 -3.12488 -3.67101 0.188291 -3.01346 -0.518908 2.74172 -3.08247 2.51266 5.47719 -3.40578 5.3636 8.38786 -4.04793 7.94006 11.4517 -5.07626 10.1936 14.5965 -6.54467 12.0579 17.7262 -8.48327 13.4612 20.6998 -10.8695 14.3289 23.409 -13.6742 14.6177 25.7178 -16.8133 14.2951 27.5019 -20.165 13.3613 28.6692 -23.6004 11.8433 29.1489 -26.9382 9.8189 28.9281 -30.0237 7.38992 28.0373 -32.7251 4.67378 26.5305 -34.9551 1.77246 24.5012 -36.6297 -1.18365 22.0507 -37.7155 -4.09518 19.2824 -38.2056 -6.88031 16.2849 -38.1114 -9.48264 13.1592 -37.4564 -11.8422 9.98861 -36.2759 -13.9204 6.84737 -34.6108 -15.6886 3.80393 -32.5088 -17.1243 0.914166 -30.0182 -18.2146 -1.77126 -27.1919 -18.9512 0.431599 0.325099 0.237149 0.170311 0.125795 0.103236 0.101554 0.119385 0.155365 0.208333 0.274178 0.350639 0.438073 0.536542 0.645816 0.765409 0.894266 1.02978 1.16785 1.30344 1.43104 1.54549 1.64255 1.71912 1.77294 1.80233 1.80519 1.77779 1.71384 1.60238 1.42407 1.14876 0.739896 0.183314 -0.45103 -1.00952 -1.41071 -1.66795 -1.82266 -1.91026 -1.95449 -1.97072 -1.96865 -1.9545 -1.9328 -1.90705 -1.88024 -1.85483 -1.83293 -1.81614 -1.80536 -1.80083 -1.80179 -1.80653 -1.81243 -1.81619 -1.81424 -1.80329 -1.78086 -1.74581 -1.69936 -1.6445 -1.58762 -1.53461 -1.48942 -1.45425 -1.42954 -1.41425 -1.40636 -1.40327 -1.40192 -1.39877 -1.38979 -1.37015 -1.33386 -1.27317 -1.17834 -1.04217 -0.852578 -0.593857 -0.257011 0.147276 0.577993 0.97466 1.29412 1.52177 1.67705 1.77761 1.83555 1.85899 1.8536 1.82335 1.77093 1.69835 1.60757 1.50079 1.38099 1.25227 1.11983 0.989747 0.43703
-3.12497 -22.9474 -19.9065 -5.20904 -19.5973 -19.782 -7.0544 -16.1351 -19.3458 -8.6525 -12.5996 -18.6192 -9.99765 -9.02448 -17.6235 -11.0813 -5.45683 -16.3856 -11.9076 -1.90621 -14.9205 -12.4814 1.59848 -13.2402 -12.8106 5.02863 -11.3531 -12.9026 8.3596 -9.26478 -12.7639 11.5601 -6.98392 -12.4008 14.6016 -4.51753 -11.8196 17.4537 -1.87314 -11.0141 20.1039 0.951632 -9.98342 22.5063 3.92129 -8.72507 24.6301 7.01291 -7.23799 26.4421 10.2 -5.51827 27.9112 13.4612 -3.57585 28.9939 16.7483 -1.42193 29.6528 20.0159 0.925253 29.852 23.2099 3.43929 29.5595 26.2685 6.08139 28.7507 29.1191 8.80134 27.4131 31.6831 11.536 25.5503 33.8768 14.1993 23.1973 35.6103 16.7175 20.3972 36.8155 18.9994 17.2265 37.4268 20.9534 13.7891 37.3984 22.4842 10.2395 36.7186 23.5374 6.69502 35.4023 24.0635 3.30496 33.4955 24.0382 0.214656 31.0759 23.4712 -2.42981 28.2668 22.3949 -4.54586 25.1733 20.8637 -6.05988 21.9224 18.9489 -6.93119 18.639 16.7084 -7.14975 15.406 14.2479 -6.72299 12.359 11.6522 -5.69339 9.57986 8.97885 -4.14162 7.13728 6.22635 -2.1716 5.07094 3.46241 0.0982255 3.35761 0.712822 2.57577 1.93331 -2.01656 5.18556 0.722347 -4.73724 7.86918 -0.358039 -7.46088 10.5688 -1.38995 -10.2055 13.2331 -2.45778 -12.9865 15.8073 -3.64524 -15.8052 18.2205 -5.02767 -18.6737 20.3979 -6.67396 -21.5756 22.2414 -8.63861 -24.4672 23.6372 -10.956 -27.2515 24.4579 -13.608 -29.8376 24.5982 -16.5665 -32.0829 23.9654 -19.7315 -33.829 22.5187 -22.9436 -34.9208 20.3128 -25.9723 -35.267 17.4626 -28.6157 -34.8271 14.1704 -30.6647 -33.6392 10.6878 -31.9652 -31.7936 7.24378 -32.444 -29.4569 4.09477 -32.0974 -26.8023 1.40011 -31.0067 -23.9889 -0.756787 -29.2951 -21.1242 -2.3688 -27.0839 -18.313 -3.45642 -24.5131 -15.6038 -4.08813 -21.6923 -13.0136 -4.34926 -18.706 -10.5298 -4.33107 -15.6071 -8.1342 -4.1242 -12.4463 -5.78335 -3.81361 -9.26038 -3.42918 -3.48278 -6.07896 -1.02741 -3.21529 -2.93648 1.47131 -3.09434 0.138756 4.10385 -3.20549 3.10062 6.89274 -3.63475 5.88505 9.81958 -4.45805 8.39072 12.8497 -5.748 10.5534 15.8684 -7.55752 12.3241 18.7841 -9.86274 13.6306 21.4779 -12.5893 14.4042 23.8709 -15.675 14.6078 25.8642 -19.0158 14.214 27.3697 -22.4854 13.2217 28.3218 -25.9625 11.6494 28.6658 -29.2778 9.56161 28.3879 -32.2886 7.04623 27.506 -34.8692 4.21216 26.0568 -36.931 1.16104 24.1162 -38.3876 -1.96516 21.7732 -39.2036 -5.04825 19.1253 -39.3752 -7.98423 16.261 -38.9225 -10.6965 13.2825 -37.8875 -13.1098 10.2742 -36.3276 -15.1792 7.30794 -34.3076 -16.8782 4.44492 -31.8967 -18.1948 1.72955 -29.1594 -19.131 -0.802492 -26.1575 -19.6964 5.27308 5.17521 5.0976 5.0405 5.00356 4.98571 4.98537 5.00184 5.03506 5.08532 5.15003 5.22863 5.32288 5.43275 5.55656 5.69158 5.83409 5.97895 6.1203 6.25269 6.37149 6.47325 6.55567 6.61724 6.65675 6.67287 6.6633 6.6238 6.54733 6.42195 6.22723 5.93221 5.50117 4.92502 4.28064 3.71923 3.31349 3.04702 2.87959 2.78161 2.73278 2.71538 2.71814 2.73365 2.75669 2.78334 2.81044 2.83551 2.85627 2.8699 2.8751 2.87122 2.85871 2.83914 2.81519 2.79063 2.77006 2.75798 2.75823 2.77343 2.80378 2.84665 2.89578 2.94489 2.98923 3.02561 3.05256 3.07027 3.08004 3.08399 3.08516 3.08721 3.09438 3.11181 3.14604 3.20584 3.30285 3.44787 3.65006 3.93227 4.30115 4.73537 5.17976 5.57005 5.87224 6.08224 6.224 6.31519 6.36647 6.38428 6.37253 6.3337 6.26933 6.18103 6.07135 5.94419 5.80509 5.66106 5.51957 5.38756 -0.00223704
