# num_vectors 8
# vector_size 401
# Iterations: 1000000, stepsize: 0.026476, max step size: 1.000000, spring constant: 0.000010, global NEB Hessian: false, global NEB Linesearch: true, climbing image: true
2.82846 -19.9268 -21.0177 -0.985934 -20.9089 -20.7574 -4.87101 -21.4056 -20.266 -8.75766 -21.3615 -19.5777 -12.5617 -20.7312 -18.7326 -16.1667 -19.4918 -17.7827 -19.4798 -17.6342 -16.7781 -22.3806 -15.1798 -15.7799 -24.7483 -12.1846 -14.8539 -26.4732 -8.73925 -14.0671 -27.4665 -4.97886 -13.4862 -27.7175 -1.06834 -13.155 -27.2472 2.83479 -13.0584 -26.0906 6.61678 -13.1617 -24.3145 10.1424 -13.4218 -21.9978 13.3281 -13.7901 -19.2239 16.1168 -14.2165 -16.0656 18.4801 -14.6523 -12.6101 20.3918 -15.0475 -8.9313 21.8486 -15.3548 -5.09686 22.8573 -15.5291 -1.16858 23.4314 -15.527 2.79218 23.5889 -15.3065 6.72611 23.3518 -14.8278 10.5723 22.7455 -14.0533 14.252 21.804 -12.954 17.7116 20.5594 -11.4992 20.8761 19.0528 -9.66873 23.6641 17.3335 -7.45378 25.9745 15.4758 -4.88163 27.7452 13.5377 -1.96372 28.8971 11.6012 1.25003 29.364 9.75789 4.6836 29.1063 8.11623 8.21123 28.117 6.76073 11.7311 26.4254 5.78129 15.1052 24.1323 5.22926 18.2105 21.3161 5.09268 20.962 18.1099 5.33871 23.2381 14.6243 5.91231 24.9824 10.9614 6.74973 26.167 7.1856 7.7907 26.7887 3.39694 8.9608 26.8498 -0.342665 10.1922 26.3743 -3.98395 11.4198 25.3941 -7.49287 12.583 23.9431 -10.8329 13.6206 22.0619 -13.9776 14.475 19.7921 -16.9032 15.0908 17.1783 -19.5793 15.4135 14.2777 -21.9909 15.3944 11.137 -24.1121 14.9858 7.81844 -25.9152 14.1458 4.39461 -27.3622 12.8524 0.975099 -28.4387 11.0822 -2.36673 -29.1195 8.83465 -5.52027 -29.3863 6.13275 -8.36426 -29.2349 3.05233 -10.7557 -28.6775 -0.34394 -12.5958 -27.7422 -3.94431 -13.7764 -26.4818 -7.61155 -14.2165 -24.9675 -11.2319 -13.905 -23.2648 -14.6328 -12.8891 -21.4169 -17.6976 -11.2491 -19.4626 -20.3402 -9.08228 -17.4212 -22.5154 -6.47537 -15.3297 -24.1726 -3.54725 -13.2046 -25.2999 -0.39951 -11.0549 -25.9009 2.87352 -8.87803 -25.9899 6.19403 -6.6766 -25.5869 9.47487 -4.44455 -24.719 12.6431 -2.17382 -23.4171 15.63 0.139769 -21.7187 18.3646 2.50736 -19.6599 20.7876 4.93282 -17.2843 22.8343 7.4149 -14.6429 24.4397 9.92966 -11.8147 25.535 12.4751 -8.85589 26.0726 15.0235 -5.85213 26.0013 17.5359 -2.90335 25.2835 19.9433 -0.142951 23.9146 22.2051 2.33164 21.9021 24.2543 4.39741 19.2902 26.0221 5.93756 16.161 27.4545 6.85739 12.6154 28.513 7.11206 8.83605 29.1618 6.7329 4.97541 29.3756 5.78065 1.16534 29.1453 4.32397 -2.50699 28.4764 2.4578 -5.93205 27.387 0.276031 -9.04878 25.9008 -2.12902 -11.8179 24.0376 -4.67819 -14.2254 21.8288 -7.28062 -16.254 19.3011 -9.85868 -17.9062 16.4803 -12.3396 -19.1923 13.3947 -14.6524 -20.1264 10.0694 -16.7317 -20.7278 6.53522 -18.5116 -21.0172 -4.73504 -4.73504 -4.73504 -4.73504 -4.73505 -4.73506 -4.73507 -4.73509 -4.7351 -4.73511 -4.73512 -4.73513 -4.73514 -4.73515 -4.73516 -4.73517 -4.73518 -4.73518 -4.73519 -4.73519 -4.73519 -4.7352 -4.7352 -4.7352 -4.73521 -4.73521 -4.73521 -4.73521 -4.7352 -4.7352 -4.73518 -4.73517 -4.73515 -4.73512 -4.7351 -4.73508 -4.73505 -4.73503 -4.73501 -4.73499 -4.73497 -4.73496 -4.73495 -4.73494 -4.73494 -4.73494 -4.73493 -4.73493 -4.73493 -4.73493 -4.73493 -4.73492 -4.73492 -4.73492 -4.73492 -4.73493 -4.73494 -4.73495 -4.73496 -4.73496 -4.73497 -4.73498 -4.73499 -4.73499 -4.735 -4.735 -4.735 -4.735 -4.735 -4.735 -4.735 -4.735 -4.735 -4.73501 -4.73501 -4.73501 -4.73501 -4.73501 -4.73501 -4.735 -4.735 -4.73499 -4.73498 -4.73496 -4.73494 -4.73492 -4.73491 -4.73489 -4.73487 -4.73485 -4.73484 -4.73483 -4.73482 -4.73481 -4.73481 -4.73481 -4.7348 -4.7348 -4.7348 -4.7348 0.000197003
2.04567 -20.4708 -21.3685 -1.77834 -21.4188 -21.1227 -5.67118 -21.8572 -20.6375 -9.55516 -21.7282 -19.9449 -13.3359 -20.9877 -19.0847 -16.8876 -19.62 -18.1104 -20.1107 -17.6265 -17.0742 -22.8837 -15.0429 -16.0397 -25.0918 -11.9401 -15.0743 -26.6379 -8.42056 -14.2453 -27.4499 -4.62437 -13.6174 -27.5149 -0.713756 -13.2079 -26.8619 3.15879 -13.0036 -25.5374 6.88668 -12.9805 -23.6186 10.3442 -13.1073 -21.189 13.4574 -13.3452 -18.3326 16.1776 -13.6522 -15.1192 18.4827 -13.9854 -11.6315 20.3505 -14.2989 -7.93706 21.7788 -14.5471 -4.09732 22.7729 -14.6841 -0.168494 23.3429 -14.6638 3.79202 23.5017 -14.4398 7.72664 23.2653 -13.9665 11.5736 22.653 -13.2003 15.25 21.6934 -12.106 18.6963 20.4153 -10.6484 21.8285 18.8584 -8.80466 24.5565 17.0738 -6.56673 26.772 15.1412 -3.96644 28.4081 13.1254 -1.0228 29.3863 11.1164 2.204 29.6478 9.21426 5.62725 29.1675 7.53353 9.11296 27.9552 6.1609 12.5556 26.0575 5.18449 15.8191 23.5715 4.63399 18.7726 20.584 4.49379 21.3369 17.2424 4.73368 23.4098 13.6625 5.30132 24.9536 9.94515 6.13598 25.9563 6.14846 7.18072 26.426 2.36389 8.36441 26.3735 -1.35697 9.62179 25.8246 -4.97473 10.8891 24.8085 -8.4636 12.1058 23.353 -11.793 13.2082 21.4899 -14.9395 14.1349 19.2512 -17.879 14.8247 16.6717 -20.5777 15.2162 13.8005 -23.0139 15.2534 10.6791 -25.1535 14.8826 7.36794 -26.9588 14.0577 3.94162 -28.3827 12.7563 0.515404 -29.4033 10.9594 -2.82966 -29.992 8.67503 -5.97528 -30.1316 5.93847 -8.7951 -29.8254 2.83894 -11.1467 -29.0954 -0.550713 -12.938 -27.9827 -4.11476 -14.074 -26.5494 -7.72101 -14.4884 -24.8571 -11.2595 -14.153 -22.9798 -14.5613 -13.1181 -20.973 -17.5186 -11.4675 -18.8846 -20.0559 -9.30008 -16.738 -22.1381 -6.70171 -14.5725 -23.7242 -3.78802 -12.403 -24.8086 -0.655511 -10.2347 -25.3979 2.60731 -8.05924 -25.5057 5.92824 -5.87311 -25.1481 9.22455 -3.66343 -24.3458 12.4256 -1.41571 -23.121 15.4621 0.87971 -21.5021 18.2595 3.23785 -19.5167 20.752 5.6643 -17.2013 22.8654 8.15691 -14.603 24.5238 10.6877 -11.8003 25.6473 13.2483 -8.85358 26.1798 15.8022 -5.85586 26.0654 18.3013 -2.91634 25.2677 20.6692 -0.177178 23.7914 22.8613 2.25842 21.6579 24.8122 4.26705 18.9287 26.4617 5.73781 15.703 27.7668 6.58525 12.0909 28.6761 6.76831 8.26881 29.157 6.32438 4.39056 29.199 5.31816 0.588601 28.8052 3.82058 -3.05326 27.9928 1.92741 -6.43216 26.7869 -0.269106 -9.49518 25.2141 -2.67984 -12.211 23.2933 -5.22954 -14.5723 21.0526 -7.83112 -16.5666 18.5127 -10.4098 -18.1991 15.6922 -12.8939 -19.4798 12.6123 -15.2114 -20.421 9.29216 -17.2942 -21.0385 5.75821 -19.0712 -21.3482 0.393213 0.392161 0.39119 0.390533 0.390446 0.391168 0.392889 0.395708 0.399599 0.404438 0.410348 0.417334 0.424755 0.431879 0.438184 0.443397 0.447446 0.450381 0.452344 0.453528 0.45413 0.454321 0.454229 0.453923 0.453409 0.45263 0.45147 0.449779 0.447392 0.444169 0.440008 0.434899 0.428979 0.422501 0.41578 0.408908 0.401967 0.395554 0.39028 0.386445 0.384099 0.383131 0.383298 0.384291 0.385782 0.387466 0.389085 0.390448 0.391449 0.392078 0.39242 0.392652 0.393036 0.393895 0.395579 0.398418 0.402644 0.408343 0.415443 0.42367 0.432528 0.441278 0.449333 0.456181 0.461562 0.465406 0.467805 0.468992 0.469267 0.468947 0.468341 0.467719 0.467288 0.467183 0.467452 0.468055 0.468861 0.469666 0.470219 0.470241 0.469485 0.467795 0.465138 0.46166 0.457639 0.453161 0.448376 0.443654 0.439434 0.436002 0.433481 0.431844 0.430958 0.430633 0.430648 0.430789 0.430868 0.430744 0.430335 0.429629 0.0354304
3.07853 -24.2152 -20.3455 -0.793069 -24.9562 -20.1367 -4.71106 -25.1471 -19.6954 -8.58363 -24.7399 -19.0481 -12.3041 -23.7072 -18.227 -15.7401 -22.0572 -17.2755 -18.7937 -19.8156 -16.2331 -21.356 -17.0429 -15.1462 -23.3363 -13.8278 -14.0615 -24.6699 -10.2774 -13.0217 -25.3185 -6.51836 -12.0658 -25.2767 -2.6775 -11.2226 -24.5668 1.12443 -10.5111 -23.2236 4.80106 -9.93653 -21.3107 8.2368 -9.50179 -18.899 11.358 -9.19591 -16.0627 14.1092 -9.00013 -12.8652 16.4574 -8.88902 -9.38612 18.3663 -8.83247 -5.69294 19.8187 -8.79504 -1.84912 20.8048 -8.73734 2.08547 21.3199 -8.61634 6.04855 21.3629 -8.38581 9.97645 20.9368 -7.99698 13.7996 20.0493 -7.39964 17.4253 18.7213 -6.5481 20.7804 16.9751 -5.39529 23.7635 14.8506 -3.90467 26.263 12.4082 -2.0548 28.1503 9.75371 0.13535 29.3367 6.98041 2.64666 29.7327 4.2236 5.4122 29.2847 1.63535 8.32856 28.0246 -0.617836 11.251 26.0381 -2.42946 14.0755 23.447 -3.71483 16.6907 20.393 -4.43275 19.0067 16.9847 -4.58165 20.9769 13.3883 -4.1862 22.5357 9.71816 -3.30625 23.6658 6.0621 -2.0166 24.3666 2.45771 -0.386776 24.6478 -1.03219 1.49216 24.5168 -4.38732 3.53892 23.9868 -7.59944 5.67541 23.0678 -10.6707 7.82905 21.764 -13.5955 9.92189 20.0797 -16.3692 11.8782 18.018 -18.9804 13.6204 15.5855 -21.4019 15.0653 12.8056 -23.6114 16.1393 9.70007 -25.5696 16.7664 6.31606 -27.2304 16.8792 2.72325 -28.5374 16.431 -0.957886 -29.4586 15.3956 -4.63748 -29.9586 13.7731 -8.18389 -30.017 11.5959 -11.4574 -29.6374 8.95091 -14.3019 -28.8417 5.91678 -16.624 -27.6702 2.60801 -18.33 -26.1795 -0.849005 -19.3585 -24.421 -4.35609 -19.6831 -22.4808 -7.75996 -19.3007 -20.4309 -10.9526 -18.2506 -18.3359 -13.846 -16.5965 -16.2352 -16.389 -14.4022 -14.1809 -18.5164 -11.7661 -12.1958 -20.201 -8.77999 -10.2874 -21.4306 -5.53336 -8.44402 -22.2052 -2.10193 -6.65086 -22.5266 1.42708 -4.87785 -22.404 4.97874 -3.08736 -21.8485 8.47995 -1.24055 -20.8752 11.85 0.708785 -19.4989 15.0156 2.80015 -17.7415 17.8883 5.06409 -15.6357 20.3693 7.50019 -13.2476 22.3403 10.1149 -10.6375 23.709 12.8738 -7.90469 24.3742 15.7125 -5.17519 24.2577 18.5177 -2.61357 23.3312 21.2011 -0.348012 21.6121 23.6483 1.48373 19.174 25.7558 2.77301 16.1432 27.4536 3.45543 12.6618 28.6838 3.50166 8.92641 29.4379 2.93496 5.10813 29.7223 1.81089 1.34985 29.5351 0.195364 -2.25791 28.8902 -1.81435 -5.60545 27.8136 -4.12187 -8.63485 26.3353 -6.63248 -11.313 24.478 -9.26534 -13.6335 22.2731 -11.9276 -15.5872 19.7443 -14.5397 -17.1833 16.913 -17.0257 -18.4362 13.8031 -19.3093 -19.3615 10.4375 -21.3184 -19.9769 6.84818 -22.9783 -20.2991 -0.126958 -0.132868 -0.139006 -0.144597 -0.148654 -0.150088 -0.14777 -0.140642 -0.12785 -0.108822 -0.0841298 -0.0554806 -0.0250889 0.00485137 0.0326026 0.0570694 0.077691 0.0941985 0.106554 0.114854 0.119197 0.119597 0.115934 0.107915 0.0950923 0.076861 0.0524678 0.021184 -0.0174046 -0.0633881 -0.116504 -0.175596 -0.23759 -0.298749 -0.355758 -0.404787 -0.442799 -0.468 -0.480144 -0.480419 -0.470659 -0.45292 -0.429356 -0.401863 -0.372005 -0.341025 -0.309856 -0.279104 -0.249142 -0.220099 -0.191867 -0.164289 -0.137217 -0.110416 -0.0836135 -0.0567345 -0.0299489 -0.003489 0.0223827 0.0472112 0.0701422 0.0907646 0.107497 0.119067 0.12495 0.125203 0.120397 0.11144 0.0994213 0.0854987 0.0708608 0.0566495 0.0439527 0.0337697 0.0270176 0.0245116 0.0269095 0.0345806 0.0476244 0.0657141 0.0878992 0.112752 0.138541 0.16322 0.184764 0.201061 0.212498 0.22103 0.227918 0.233592 0.238366 0.242441 0.245889 0.24867 0.250658 0.251691 0.2516 0.250244 0.247548 0.243541 0.365331
1.98488 -26.6967 -22.8519 -1.95428 -26.7398 -22.601 -5.82915 -26.2234 -22.0529 -9.5315 -25.1303 -21.2287 -12.9495 -23.47 -20.1597 -15.9637 -21.2913 -18.8938 -18.5014 -18.6493 -17.4741 -20.4946 -15.6252 -15.9517 -21.9013 -12.3119 -14.3775 -22.7061 -8.80253 -12.796 -22.9143 -5.19348 -11.248 -22.5511 -1.56979 -9.76414 -21.6538 1.9945 -8.36569 -20.2569 5.45721 -7.05781 -18.4121 8.74362 -5.85416 -16.1668 11.8092 -4.75302 -13.5659 14.6156 -3.74703 -10.6426 17.1352 -2.82155 -7.44546 19.3246 -1.96391 -4.01522 21.1493 -1.15477 -0.394358 22.5729 -0.371684 3.37113 23.5577 0.410811 7.22469 24.0638 1.22014 11.0992 24.0525 2.08577 14.9121 23.4898 3.03778 18.5483 22.357 4.10043 21.9046 20.6462 5.30149 24.8452 18.3768 6.65698 27.2239 15.6044 8.17032 28.8875 12.4529 9.81512 29.7354 9.04557 11.5691 29.6875 5.56382 13.3802 28.7214 2.21302 15.1812 26.8965 -0.781473 16.8866 24.3168 -3.26143 18.4359 21.1394 -5.08871 19.7665 17.5606 -6.20477 20.8401 13.7265 -6.61488 21.6474 9.83118 -6.35636 22.1769 5.9921 -5.51133 22.439 2.28555 -4.1762 22.4469 -1.2707 -2.43742 22.2087 -4.63839 -0.399306 21.7273 -7.82296 1.84864 20.9976 -10.8397 4.22384 20.0055 -13.7103 6.65194 18.7268 -16.4442 9.05285 17.1353 -19.0459 11.3478 15.2026 -21.5077 13.4532 12.9053 -23.8 15.2756 10.2401 -25.8924 16.7297 7.20905 -27.7338 17.7247 3.84773 -29.2644 18.1787 0.224136 -30.4162 18.0313 -3.53237 -31.1483 17.2534 -7.31639 -31.4233 15.8457 -10.9773 -31.2265 13.8474 -14.3578 -30.576 11.3545 -17.2892 -29.5083 8.45613 -19.6747 -28.0808 5.27272 -21.4237 -26.365 1.93109 -22.4823 -24.4221 -1.47462 -22.8337 -22.3462 -4.80089 -22.482 -20.2108 -7.94971 -21.4708 -18.078 -10.8419 -19.8635 -15.9825 -13.4328 -17.7208 -13.9701 -15.6595 -15.135 -12.0559 -17.4937 -12.191 -10.2389 -18.9192 -8.97214 -8.49825 -19.9306 -5.5487 -6.80812 -20.5224 -2.00387 -5.12636 -20.6972 1.58974 -3.40178 -20.4598 5.15938 -1.58097 -19.8199 8.62205 0.396874 -18.7897 11.8995 2.58463 -17.3904 14.8947 5.02254 -15.6574 17.4963 7.71145 -13.6602 19.5707 10.6525 -11.4704 21.0121 13.7948 -9.19843 21.7093 17.0481 -6.97988 21.5822 20.2648 -4.98004 20.6114 23.33 -3.32837 18.8322 26.1053 -2.15264 16.3413 28.4566 -1.52318 13.2813 30.2931 -1.4659 9.80382 31.5426 -1.96908 6.10862 32.1903 -2.98158 2.3637 32.2549 -4.42945 -1.29261 31.7715 -6.23946 -4.77847 30.7884 -8.3144 -8.0017 29.3564 -10.5681 -10.9225 27.5211 -12.9201 -13.5227 25.3123 -15.3033 -15.8047 22.7662 -17.6385 -17.7619 19.908 -19.8557 -19.399 16.7612 -21.8852 -20.7202 13.3553 -23.6544 -21.7262 9.72282 -25.0929 -22.4176 5.91132 -26.1292 -22.7929 -0.106801 -0.12298 -0.13573 -0.143168 -0.143417 -0.134943 -0.116629 -0.0879877 -0.0491994 -0.00110928 0.0531431 0.110346 0.168043 0.223987 0.276573 0.325013 0.36912 0.408866 0.444312 0.475511 0.502308 0.524231 0.540384 0.549368 0.549239 0.537534 0.511246 0.467031 0.401896 0.313634 0.20132 0.0670874 -0.0828333 -0.239211 -0.391581 -0.524912 -0.631302 -0.708244 -0.757031 -0.781646 -0.786741 -0.776683 -0.755504 -0.72657 -0.692536 -0.655415 -0.616673 -0.577232 -0.537636 -0.498058 -0.458323 -0.418208 -0.377554 -0.336161 -0.293859 -0.250867 -0.207882 -0.165736 -0.125313 -0.0877855 -0.054874 -0.0273625 -0.00675601 0.00601917 0.0109117 0.00850284 -7.91957e-05 -0.0133771 -0.0297626 -0.0475202 -0.0648779 -0.0800808 -0.0913947 -0.0971565 -0.0957798 -0.0858326 -0.0662317 -0.0363996 0.00372528 0.0533249 0.110352 0.171985 0.235036 0.295173 0.34751 0.38705 0.413779 0.42995 0.437992 0.440058 0.437915 0.432827 0.425541 0.416409 0.405524 0.392845 0.378338 0.362106 0.344493 0.32617 0.415013
-0.396348 -25.267 -21.2473 -4.13531 -24.0016 -21.2189 -7.68729 -22.3074 -20.9104 -10.9739 -20.1988 -20.3327 -13.9193 -17.7054 -19.5024 -16.443 -14.8851 -18.4477 -18.5002 -11.7819 -17.1934 -20.0447 -8.46067 -15.7723 -21.0546 -4.99681 -14.2177 -21.5223 -1.46068 -12.5618 -21.4532 2.0738 -10.8392 -20.8666 5.54166 -9.07992 -19.7927 8.88513 -7.30989 -18.2584 12.0731 -5.5394 -16.3112 15.0427 -3.79515 -13.9952 17.7584 -2.08839 -11.3542 20.1902 -0.425935 -8.42166 22.3179 1.19389 -5.24756 24.1085 2.76554 -1.87362 25.5368 4.29098 1.65776 26.5766 5.77385 5.30255 27.1993 7.21909 9.00897 27.3735 8.63088 12.7179 27.0663 10.0131 16.3582 26.2454 11.3679 19.8297 24.8897 12.6891 23.0442 22.9808 13.9765 25.8807 20.522 15.2188 28.2038 17.5472 16.3972 29.8628 14.1583 17.4777 30.7492 10.4571 18.4374 30.7655 6.6153 19.2406 29.8665 2.84422 19.8534 28.0906 -0.604951 20.247 25.532 -3.54292 20.412 22.3507 -5.79699 20.3495 18.7461 -7.25905 20.0752 14.8866 -7.90769 19.6242 10.9905 -7.77785 19.0548 7.18709 -6.97011 18.4203 3.55892 -5.59821 17.7309 0.12523 -3.76446 16.9732 -3.0826 -1.58826 16.1359 -6.08203 0.829866 15.1962 -8.90447 3.40111 14.1241 -11.5903 6.04959 12.882 -14.1706 8.6966 11.4306 -16.6731 11.2672 9.72734 -19.1133 13.6821 7.73121 -21.4843 15.849 5.41566 -23.7748 17.6818 2.75596 -25.9467 19.0806 -0.24491 -27.9429 19.9462 -3.55333 -29.6796 20.1889 -7.07249 -31.0928 19.7509 -10.7154 -32.1052 18.6013 -14.3366 -32.6531 16.7554 -17.7647 -32.6983 14.3006 -20.7983 -32.2395 11.3391 -23.2984 -31.3039 8.02242 -25.13 -29.9496 4.52316 -26.2034 -28.2427 0.986695 -26.4804 -26.2899 -2.39211 -25.9635 -24.1887 -5.47726 -24.7127 -22.0272 -8.16897 -22.8207 -19.8632 -10.4188 -20.3814 -17.7629 -12.183 -17.5229 -15.7583 -13.4686 -14.3568 -13.8492 -14.2965 -10.9857 -12.0136 -14.7049 -7.48764 -10.2232 -14.7389 -3.94276 -8.43121 -14.4497 -0.41034 -6.57953 -13.8894 3.05811 -4.60625 -13.1108 6.407 -2.43941 -12.1643 9.58888 -0.0127022 -11.1037 12.5387 2.72976 -9.98726 15.1745 5.80213 -8.88821 17.3825 9.2184 -7.87393 19.0626 12.9265 -7.02672 20.0894 16.8111 -6.43953 20.3847 20.6861 -6.19736 19.921 24.4027 -6.35619 18.7165 27.7705 -6.929 16.8143 30.614 -7.89637 14.3107 32.8071 -9.21762 11.3252 34.2468 -10.8157 8.03248 34.9062 -12.607 4.59362 34.8075 -14.5066 1.15113 34.001 -16.4484 -2.20147 32.5632 -18.3516 -5.3592 30.5786 -20.158 -8.26775 28.1297 -21.8183 -10.8959 25.2819 -23.2948 -13.2361 22.1109 -24.5426 -15.2742 18.678 -25.5249 -17.0109 15.04 -26.2061 -18.4486 11.2555 -26.5511 -19.589 7.37908 -26.5278 -20.4349 3.47261 -26.1073 -20.9873 0.215822 0.171059 0.131923 0.100693 0.0797458 0.0710934 0.0763692 0.0964789 0.131947 0.182529 0.244889 0.315226 0.390587 0.467785 0.543947 0.617027 0.685756 0.749182 0.80669 0.857929 0.902541 0.939977 0.96933 0.989164 0.997363 0.991066 0.966431 0.918548 0.841895 0.730571 0.578863 0.384412 0.152203 -0.103903 -0.362867 -0.597226 -0.787397 -0.925966 -1.01623 -1.06769 -1.08928 -1.08831 -1.07104 -1.0426 -1.00706 -0.967649 -0.926891 -0.88664 -0.848265 -0.812652 -0.780206 -0.751118 -0.72533 -0.702452 -0.681824 -0.662748 -0.644534 -0.626471 -0.607929 -0.588555 -0.568551 -0.548424 -0.530475 -0.516739 -0.508403 -0.505955 -0.50923 -0.51725 -0.528548 -0.541404 -0.553784 -0.563328 -0.567293 -0.562513 -0.545305 -0.511473 -0.456652 -0.376633 -0.267938 -0.132515 0.0253907 0.198633 0.377497 0.546692 0.692302 0.802541 0.878237 0.924003 0.944871 0.945752 0.931286 0.905497 0.871519 0.831731 0.787872 0.741118 0.692293 0.642111 0.591343 0.540994 0.276732
-2.02762 -25.2015 -20.7855 -5.16543 -22.8077 -20.8631 -8.05418 -20.1275 -20.6322 -10.6429 -17.1946 -20.1042 -12.8851 -14.048 -19.2958 -14.7317 -10.7467 -18.2345 -16.1598 -7.32181 -16.9435 -17.1509 -3.82627 -15.4488 -17.7097 -0.318545 -13.7699 -17.8473 3.15185 -11.9253 -17.5797 6.5344 -9.93744 -16.9273 9.78767 -7.82659 -15.9129 12.8752 -5.61228 -14.5516 15.7816 -3.2988 -12.8739 18.4581 -0.916803 -10.9055 20.8776 1.517 -8.67192 23.014 3.98667 -6.19108 24.847 6.48398 -3.49631 26.3425 8.9845 -0.615966 27.4726 11.4698 2.41905 28.2076 13.9192 5.57447 28.516 16.3086 8.80754 28.3649 18.6076 12.0675 27.7224 20.7803 15.2919 26.5601 22.7836 18.3917 24.8659 24.56 21.2882 22.6314 26.0607 23.8736 19.8752 27.224 26.0278 16.6487 27.9882 27.6167 13.0732 28.2983 28.545 9.26352 28.1253 28.7251 5.39963 27.4599 28.1136 1.69153 26.3281 26.7359 -1.62329 24.8052 24.6645 -4.37767 22.9808 22.0252 -6.42723 20.9712 18.9758 -7.69277 18.8962 15.6471 -8.16433 16.8425 12.2207 -7.8787 14.9194 8.81068 -6.93586 13.1863 5.48914 -5.45638 11.6698 2.27132 -3.54639 10.3567 -0.802515 -1.31639 9.21406 -3.73849 1.1432 8.18569 -6.55859 3.75397 7.20709 -9.29702 6.45085 6.20762 -11.982 9.16595 5.11673 -14.6419 11.8348 3.86237 -17.2957 14.3875 2.37508 -19.9405 16.738 0.597706 -22.5702 18.8035 -1.52321 -25.1482 20.4817 -4.01655 -27.6133 21.6638 -6.88102 -29.8653 22.2411 -10.0519 -31.8204 22.1357 -13.4617 -33.3683 21.2923 -16.9763 -34.4051 19.7047 -20.4207 -34.8488 17.4469 -23.5729 -34.6675 14.6248 -26.2625 -33.8664 11.4056 -28.3182 -32.4992 7.98871 -29.6167 -30.6419 4.55128 -30.0981 -28.4275 1.31501 -29.752 -25.9876 -1.5676 -28.6407 -23.446 -3.99476 -26.867 -20.8898 -5.92758 -24.5379 -18.4122 -7.34601 -21.7912 -16.0611 -8.28393 -18.7436 -13.8574 -8.80083 -15.4923 -11.7779 -8.96157 -12.1125 -9.78428 -8.83262 -8.68013 -7.8201 -8.48566 -5.24582 -5.82111 -7.99349 -1.84955 -3.723 -7.43048 1.46648 -1.45467 -6.8696 4.66886 1.04556 -6.38624 7.70701 3.82594 -6.05722 10.5135 6.8916 -5.95871 12.9862 10.2446 -6.16245 15.0449 13.8188 -6.74215 16.5978 17.5052 -7.7494 17.5559 21.1281 -9.19096 17.8487 24.5462 -11.0457 17.4417 27.5825 -13.2475 16.3365 30.0765 -15.6975 14.5853 31.9135 -18.2921 12.2697 33.0032 -20.8922 9.52731 33.3254 -23.3824 6.50008 32.9066 -25.6666 3.32578 31.7986 -27.6835 0.106263 30.0842 -29.3671 -3.03812 27.8548 -30.6856 -6.03018 25.2022 -31.6213 -8.81398 22.2035 -32.1672 -11.3587 18.9488 -32.3176 -13.6282 15.5136 -32.074 -15.6045 11.968 -31.4407 -17.2759 8.38056 -30.4254 -18.6331 4.81169 -29.0375 -19.672 1.3225 -27.2902 -20.3896 0.521808 0.448589 0.386287 0.337264 0.303635 0.286827 0.287454 0.305481 0.341298 0.394822 0.462651 0.541703 0.630243 0.725813 0.825616 0.927086 1.02803 1.12615 1.21935 1.30584 1.38398 1.45222 1.50892 1.5522 1.57973 1.58858 1.57471 1.53229 1.45337 1.32687 1.13744 0.868383 0.511616 0.0841907 -0.361775 -0.753871 -1.05428 -1.26199 -1.39347 -1.46918 -1.50604 -1.51626 -1.5079 -1.48703 -1.45834 -1.42551 -1.39155 -1.35879 -1.32902 -1.30342 -1.28253 -1.26642 -1.25457 -1.24583 -1.2386 -1.23096 -1.22084 -1.2063 -1.18574 -1.15823 -1.12426 -1.08536 -1.04571 -1.00932 -0.979055 -0.956713 -0.942962 -0.937367 -0.938437 -0.943678 -0.950071 -0.954249 -0.952381 -0.940016 -0.911786 -0.861158 -0.780569 -0.662209 -0.499118 -0.284469 -0.0194432 0.282472 0.593015 0.877718 1.11131 1.28064 1.3948 1.46454 1.49841 1.50311 1.48421 1.44626 1.39291 1.32721 1.2519 1.16941 1.08204 0.992147 0.902215 0.814891 0.211404
-3.41103 -23.8813 -19.3612 -5.55646 -20.5679 -19.3413 -7.42921 -17.1087 -19.0115 -9.01847 -13.5493 -18.3897 -10.3191 -9.93153 -17.4938 -11.3262 -6.31124 -16.3475 -12.0498 -2.70605 -14.9637 -12.4954 0.851802 -13.3579 -12.6707 4.3326 -11.5444 -12.5842 7.7116 -9.53443 -12.2448 10.9585 -7.34183 -11.6619 14.0469 -4.97815 -10.8446 16.9503 -2.45482 -9.79408 19.6569 0.232742 -8.52276 22.1193 3.05639 -7.03833 24.3061 6.00023 -5.34859 26.1839 9.0451 -3.45616 27.721 12.1767 -1.37693 28.8728 15.3549 0.874577 29.5998 18.5412 3.27863 29.8633 21.6879 5.809 29.6271 24.7379 8.42843 28.8615 27.6212 11.0892 27.5483 30.2588 13.731 25.6855 32.5635 16.2712 23.3045 34.4377 18.6381 20.4467 35.8036 20.7423 17.1914 36.5841 22.4942 13.6493 36.7215 23.8029 9.98685 36.1934 24.6173 6.33431 35.0096 24.8945 2.8549 33.2147 24.6196 -0.294694 30.8889 23.8142 -2.96207 28.1609 22.5188 -5.06519 25.1435 20.7956 -6.53667 21.97 18.7201 -7.3467 18.7697 16.3488 -7.49785 15.6273 13.7847 -7.01194 12.6761 11.1045 -5.94332 9.99355 8.36029 -4.37903 7.63914 5.55149 -2.42254 5.63669 2.7378 -0.18371 3.96403 -0.0576542 2.25372 2.55994 -2.82946 4.82044 1.35331 -5.58834 7.46225 0.266783 -8.34462 10.1243 -0.776149 -11.1153 12.7572 -1.85437 -13.9157 15.3083 -3.04631 -16.7464 17.7099 -4.42424 -19.6127 19.8964 -6.06231 -22.4934 21.7787 -8.02124 -25.343 23.2516 -10.3429 -28.0663 24.1929 -13.0183 -30.5768 24.4991 -16.0288 -32.7397 24.0728 -19.2845 -34.4054 22.8599 -22.6332 -35.4284 20.892 -25.8444 -35.7231 18.2599 -28.7108 -35.2527 15.1403 -31.0081 -34.0556 11.766 -32.5611 -32.221 8.35711 -33.2755 -29.9135 5.17125 -33.1253 -27.3048 2.379 -32.1791 -24.5522 0.0798151 -30.5561 -21.7625 -1.70332 -28.3806 -19.0383 -2.97425 -25.8003 -16.4252 -3.78809 -22.9359 -13.9363 -4.21919 -19.8839 -11.5544 -4.34984 -16.7087 -9.25676 -4.26289 -13.4705 -7.00331 -4.04097 -10.2077 -4.74772 -3.76459 -6.95054 -2.44551 -3.51349 -3.73308 -0.0454041 -3.36624 -0.581401 2.49417 -3.40315 2.46235 5.20366 -3.70538 5.3403 8.07676 -4.34726 7.95867 11.1104 -5.40149 10.2409 14.2111 -6.9348 12.1268 17.2753 -8.96254 13.5486 20.1747 -11.4321 14.4338 22.8187 -14.2962 14.7428 25.0912 -17.4642 14.4451 26.8846 -20.8185 13.5386 28.1155 -24.2415 12.043 28.7103 -27.5646 10.0251 28.6428 -30.6418 7.57655 27.9232 -33.3422 4.80904 26.5862 -35.572 1.82555 24.7074 -37.2365 -1.23398 22.3795 -38.2916 -4.2553 19.7047 -38.7236 -7.13972 16.7772 -38.5425 -9.81603 13.7059 -37.7776 -12.2136 10.5827 -36.4744 -14.2903 7.48779 -34.687 -16.0203 4.49177 -32.4757 -17.3901 1.64839 -29.8989 -18.399 -0.997425 -27.0153 -19.0523 0.367451 0.267798 0.186856 0.125912 0.0854187 0.0648521 0.063463 0.0805608 0.115662 0.168531 0.235927 0.316188 0.409649 0.515799 0.633326 0.760354 0.8944 1.03171 1.16767 1.29756 1.41682 1.52158 1.60877 1.67604 1.72145 1.74308 1.73828 1.70249 1.62847 1.50422 1.30952 1.01458 0.58735 0.0251908 -0.593797 -1.12992 -1.51823 -1.77421 -1.93526 -2.02986 -2.0778 -2.09643 -2.09605 -2.08343 -2.06336 -2.03946 -2.01468 -1.99141 -1.97167 -1.95696 -1.9482 -1.94575 -1.94902 -1.95652 -1.96583 -1.97378 -1.97673 -1.97121 -1.95445 -1.9249 -1.88326 -1.83215 -1.77774 -1.72593 -1.68082 -1.64487 -1.6189 -1.60218 -1.59302 -1.58911 -1.58761 -1.58518 -1.57789 -1.561 -1.52844 -1.47224 -1.38199 -1.24461 -1.05298 -0.789854 -0.44712 -0.0401033 0.385969 0.771584 1.07852 1.29577 1.44338 1.53832 1.59161 1.61041 1.5995 1.56226 1.50102 1.41795 1.31569 1.19766 1.06833 0.933243 0.798532 0.670309 0.186873
-3.12636 -22.9483 -19.9053 -5.2104 -19.5981 -19.7809 -7.05572 -16.136 -19.3447 -8.65373 -12.6004 -18.6182 -9.99876 -9.02517 -17.6226 -11.0823 -5.45744 -16.3848 -11.9084 -1.90677 -14.9197 -12.4821 1.59797 -13.2395 -12.8111 5.0282 -11.3525 -12.9029 8.35926 -9.26433 -12.764 11.5599 -6.98363 -12.4009 14.6014 -4.51737 -11.8196 17.4536 -1.87311 -11.014 20.104 0.951577 -9.98338 22.5064 3.92121 -8.72506 24.6301 7.01286 -7.238 26.4422 10.2 -5.51818 27.9113 13.461 -3.57553 28.9941 16.7481 -1.42122 29.6532 20.0153 0.926442 29.8527 23.209 3.44097 29.5604 26.2672 6.08349 28.7519 29.1175 8.80372 27.4144 31.6812 11.5385 25.5517 33.8748 14.2018 23.1987 35.6083 16.7198 20.3985 36.8137 19.0015 17.2277 37.4252 20.9549 13.79 37.3973 22.4848 10.2399 36.7181 23.5371 6.6948 35.4025 24.0621 3.30423 33.4964 24.0364 0.213676 31.0771 23.4695 -2.43068 28.2679 22.3939 -4.54626 25.1739 20.8638 -6.05965 21.9221 18.95 -6.93039 18.638 16.7101 -7.14861 15.4045 14.2497 -6.72182 12.3575 11.654 -5.69227 9.57833 8.98043 -4.14072 7.13579 6.22772 -2.17074 5.06969 3.46351 0.0990235 3.35672 0.71358 2.57642 1.9328 -2.01612 5.186 0.72213 -4.73704 7.86944 -0.358097 -7.46084 10.569 -1.38996 -10.2056 13.2331 -2.45779 -12.9867 15.8072 -3.64522 -15.8056 18.2202 -5.02753 -18.6742 20.3975 -6.67365 -21.5764 22.2409 -8.63811 -24.4681 23.6365 -10.9553 -27.2527 24.4572 -13.6072 -29.8388 24.5974 -16.5656 -32.0842 23.9646 -19.7306 -33.83 22.518 -22.9429 -34.9215 20.3124 -25.9718 -35.2672 17.4625 -28.6157 -34.8267 14.1707 -30.6652 -33.6382 10.6885 -31.9661 -31.7922 7.24472 -32.4452 -29.4552 4.09585 -32.0988 -26.8007 1.40116 -31.008 -23.9876 -0.755916 -29.2961 -21.1233 -2.36822 -27.0846 -18.3126 -3.45619 -24.5134 -15.604 -4.08823 -21.6921 -13.0143 -4.34965 -18.7055 -10.5308 -4.33167 -15.6063 -8.13538 -4.12491 -12.4453 -5.78459 -3.81438 -9.25936 -3.43035 -3.48353 -6.07799 -1.02832 -3.21589 -2.93573 1.47092 -3.09458 0.139074 4.10424 -3.20518 3.10027 6.89399 -3.63385 5.88393 9.82138 -4.45682 8.38906 12.8515 -5.7469 10.5517 15.8692 -7.55704 12.3233 18.7835 -9.86324 13.6313 21.476 -12.5908 14.4063 23.8682 -15.677 14.6107 25.8615 -19.0178 14.2167 27.3676 -22.4869 13.2237 28.3209 -25.9631 11.6503 28.6661 -29.2776 9.56135 28.389 -32.2878 7.04516 27.5075 -34.8681 4.21077 26.0581 -36.9301 1.1598 24.117 -38.3871 -1.96593 21.7733 -39.2035 -5.04842 19.1248 -39.3754 -7.98384 16.26 -38.923 -10.6957 13.2813 -37.8882 -13.1087 10.2728 -36.3284 -15.1779 7.30647 -34.3084 -16.8769 4.44343 -31.8976 -18.1934 1.72809 -29.1603 -19.1297 -0.803922 -26.1583 -19.6951 5.24234 5.14485 5.06808 5.01232 4.97714 4.96148 4.96373 4.98315 5.01963 5.07343 5.1419 5.22443 5.32275 5.43675 5.56471 5.70382 5.85032 5.99898 6.14389 6.27954 6.40127 6.50556 6.59007 6.65326 6.69388 6.71056 6.70099 6.6609 6.58326 6.45616 6.25926 5.96167 5.52768 4.94806 4.29961 3.73381 3.32364 3.05271 2.88074 2.77829 2.72504 2.70345 2.70232 2.71427 2.73415 2.75808 2.78295 2.80629 2.82584 2.83881 2.84388 2.84042 2.82883 2.81067 2.78859 2.76634 2.74844 2.73937 2.7429 2.76158 2.79556 2.84214 2.89499 2.94777 2.99569 3.03553 3.06576 3.08653 3.0991 3.10556 3.1089 3.11276 3.12135 3.13978 3.17458 3.23446 3.33104 3.47509 3.67573 3.95611 4.32294 4.75474 5.19615 5.5829 5.88118 6.08707 6.22459 6.31142 6.35828 6.37166 6.35559 6.31261 6.24434 6.15244 6.03953 5.90955 5.76811 5.62225 5.47948 5.34677 -0.0123947
