# num_vectors 8
# vector_size 401
# Iterations: 307300, stepsize: 0.026468, max step size: 1.000000, spring constant: 0.000010, global NEB Hessian: false, global NEB Linesearch: true, climbing image: false
2.8284 -19.9248 -21.0193 -0.985926 -20.9072 -20.7591 -4.87096 -21.4042 -20.2678 -8.75763 -21.3604 -19.5796 -12.5617 -20.7304 -18.7344 -16.1668 -19.4913 -17.7843 -19.4799 -17.634 -16.7795 -22.3808 -15.1798 -15.781 -24.7486 -12.1847 -14.8547 -26.4736 -8.73945 -14.0676 -27.467 -4.9791 -13.4865 -27.718 -1.06859 -13.155 -27.2478 2.83455 -13.0581 -26.0911 6.61654 -13.1611 -24.315 10.1422 -13.421 -21.9982 13.3279 -13.789 -19.2244 16.1166 -14.2151 -16.066 18.4799 -14.6508 -12.6106 20.3917 -15.0458 -8.93186 21.8487 -15.353 -5.09748 22.8575 -15.5272 -1.16924 23.4318 -15.525 2.79149 23.5896 -15.3045 6.72542 23.3528 -14.8258 10.5717 22.7469 -14.0513 14.2514 21.8056 -12.9521 17.7112 20.5613 -11.4974 20.8758 19.0548 -9.66707 23.6639 17.3355 -7.45228 25.9745 15.4778 -4.88028 27.7454 13.5396 -1.96258 28.8974 11.6028 1.25097 29.3645 9.7592 4.68436 29.1068 8.11714 8.21183 28.1176 6.7612 11.7316 26.4262 5.78131 15.1057 24.133 5.22883 18.2109 21.3167 5.09179 20.9623 18.1104 5.33738 23.2382 14.6247 5.91057 24.9825 10.9617 6.74764 26.1669 7.18579 7.78832 26.7885 3.39706 8.9582 26.8495 -0.342566 10.1895 26.3741 -3.9839 11.417 25.394 -7.49286 12.5803 23.9432 -10.8329 13.6179 22.0621 -13.9777 14.4724 19.7925 -16.9035 15.0884 17.1789 -19.5797 15.4114 14.2784 -21.9914 15.3925 11.1379 -24.1127 14.9841 7.81938 -25.916 14.1443 4.39559 -27.3631 12.8511 0.976024 -28.4396 11.0811 -2.36588 -29.1204 8.83379 -5.51959 -29.3872 6.13205 -8.36375 -29.2357 3.05176 -10.7554 -28.6781 -0.344352 -12.5958 -27.7428 -3.94464 -13.7766 -26.4822 -7.61183 -14.2169 -24.9678 -11.2322 -13.9057 -23.2649 -14.633 -12.8899 -21.4168 -17.6978 -11.25 -19.4624 -20.3403 -9.08326 -17.4209 -22.5155 -6.47642 -15.3293 -24.1727 -3.54836 -13.204 -25.3 -0.400727 -11.0543 -25.901 2.87225 -8.87733 -25.9901 6.1927 -6.67584 -25.5872 9.4735 -4.44375 -24.7194 12.6417 -2.17296 -23.4176 15.6286 0.140707 -21.7194 18.3632 2.50837 -19.6608 20.7863 4.93389 -17.2854 22.8331 7.41603 -14.6441 24.4386 9.93083 -11.816 25.5341 12.4763 -8.85726 26.0718 15.0247 -5.85345 26.0008 17.537 -2.90457 25.2832 19.9444 -0.144022 23.9145 22.2061 2.33081 21.9022 24.2552 4.39692 19.2904 26.0229 5.93747 16.1613 27.4552 6.85776 12.6158 28.5136 7.11284 8.83641 29.1622 6.73402 4.9757 29.3758 5.78208 1.16553 29.1452 4.32566 -2.50689 28.4761 2.45972 -5.93203 27.3864 0.278157 -9.04882 25.9001 -2.12673 -11.818 24.0368 -4.67574 -14.2256 21.828 -7.27802 -16.2543 19.3004 -9.85606 -17.9067 16.4797 -12.337 -19.193 13.3942 -14.6498 -20.1273 10.0691 -16.7293 -20.7289 6.53503 -18.5094 -21.0186 -4.73579 -4.67228 -4.62034 -4.58252 -4.74133 -4.70349 -4.68404 -4.67967 -4.7059 -4.69272 -4.69845 -4.72075 -4.69139 -4.73082 -4.78334 -4.84879 -4.71198 -4.7761 -4.84327 -4.90997 -4.64705 -4.725 -4.792 -4.84826 -4.69798 -4.77369 -4.82873 -4.85691 -4.82315 -4.83452 -4.77636 -4.6209 -5.28784 -5.05071 -4.72106 -4.42508 -4.92767 -4.72072 -4.59509 -4.52563 -4.75683 -4.70798 -4.68443 -4.67542 -4.68699 -4.69236 -4.69932 -4.70461 -4.65458 -4.65256 -4.65004 -4.64456 -4.6768 -4.67257 -4.66885 -4.67124 -4.66144 -4.67374 -4.70667 -4.75977 -4.68139 -4.73024 -4.77939 -4.82249 -4.73076 -4.76055 -4.7762 -4.78113 -4.77859 -4.7795 -4.77723 -4.77726 -4.7722 -4.77969 -4.79803 -4.83605 -4.65426 -4.70492 -4.79263 -4.94395 -4.61471 -4.81618 -5.02853 -5.20154 -4.4856 -4.6535 -4.74565 -4.78656 -4.62458 -4.67316 -4.69336 -4.68764 -4.72169 -4.70581 -4.6666 -4.60533 -4.75307 -4.69153 -4.62362 -4.55417 -0.000302817
1.78927 -20.5798 -21.325 -2.00354 -21.6476 -21.0881 -5.88531 -22.1822 -20.6107 -9.77213 -22.1166 -19.9251 -13.5593 -21.4024 -19.0715 -17.1094 -20.0259 -18.1032 -20.3121 -17.9978 -17.0715 -23.0416 -15.3687 -16.0356 -25.1865 -12.2263 -15.0558 -26.6626 -8.68606 -14.1882 -27.4156 -4.89107 -13.484 -27.4337 -0.991755 -12.9742 -26.7458 2.86755 -12.662 -25.3977 6.585 -12.5384 -23.4661 10.0374 -12.5852 -21.0338 13.152 -12.773 -18.1842 15.8808 -13.0646 -14.9854 18.203 -13.4188 -11.5175 20.0972 -13.7881 -7.84422 21.562 -14.1229 -4.02236 22.6022 -14.3714 -0.103316 23.2268 -14.4806 3.85974 23.4459 -14.3963 7.81201 23.2721 -14.0642 11.6923 22.7206 -13.4318 15.4154 21.8158 -12.4548 18.9163 20.5839 -11.0906 22.103 19.0633 -9.31113 24.875 17.3058 -7.10622 27.1139 15.3937 -4.51076 28.7457 13.3958 -1.5526 29.6901 11.4048 1.69536 29.8939 9.51946 5.13179 29.3459 7.84604 8.61101 28.0724 6.45436 12.0238 26.1342 5.40719 15.2414 23.6225 4.74209 18.149 20.6148 4.46898 20.6789 17.2552 4.58189 22.7334 13.6594 5.04489 24.2751 9.92995 5.80685 25.2907 6.12663 6.8145 25.7869 2.34129 7.99678 25.7723 -1.37566 9.28503 25.2708 -4.98736 10.6104 24.3087 -8.47103 11.9063 22.9102 -11.7991 13.1021 21.1033 -14.9503 14.1292 18.9157 -17.9018 14.9183 16.3786 -20.6189 15.3997 13.5387 -23.0783 15.5097 10.4374 -25.2424 15.1874 7.13705 -27.0691 14.3815 3.71757 -28.5062 13.068 0.301532 -29.5279 11.2312 -3.02141 -30.1026 8.88731 -6.12559 -30.2122 6.08458 -8.88103 -29.8617 2.92774 -11.1488 -29.0751 -0.497291 -12.8463 -27.895 -4.06642 -13.895 -26.3823 -7.64668 -14.2483 -24.5913 -11.1347 -13.8975 -22.6051 -14.3777 -12.8801 -20.4913 -17.2796 -11.265 -18.309 -19.7712 -9.13735 -16.0903 -21.8197 -6.57302 -13.8815 -23.3848 -3.68055 -11.7002 -24.4597 -0.553017 -9.55104 -25.0494 2.7224 -7.42243 -25.1652 6.07324 -5.30514 -24.8208 9.41555 -3.1794 -24.0336 12.6765 -1.02315 -22.8227 15.7841 1.18104 -21.2134 18.6593 3.45497 -19.2309 21.231 5.81011 -16.9105 23.4183 8.24845 -14.3001 25.1374 10.7439 -11.4818 26.3004 13.286 -8.52142 26.8449 15.8337 -5.51915 26.7117 18.3307 -2.59139 25.8658 20.6909 0.115809 24.3199 22.8595 2.50134 22.1072 24.7628 4.45299 19.3041 26.3355 5.88145 16.0216 27.5327 6.73228 12.373 28.3114 6.97332 8.52535 28.659 6.61791 4.62381 28.5799 5.70932 0.797921 28.0878 4.30264 -2.86813 27.2074 2.48168 -6.26962 25.9673 0.331997 -9.35217 24.3946 -2.06062 -12.084 22.5054 -4.62199 -14.4581 20.3231 -7.26459 -16.4631 17.8613 -9.91199 -18.1052 15.1306 -12.4897 -19.3955 12.1433 -14.9214 -20.3467 8.90966 -17.1332 -20.9745 5.4485 -19.0463 -21.2947 0.162628 0.228689 0.281558 0.318957 0.159031 0.195828 0.215047 0.22072 0.198067 0.217711 0.219208 0.204773 0.243442 0.214684 0.173648 0.119532 0.266324 0.209681 0.146686 0.0806969 0.341299 0.258928 0.186538 0.12504 0.271229 0.19341 0.138986 0.114891 0.157073 0.159404 0.237166 0.415983 -0.235147 -0.0141579 0.255555 0.487329 -0.0538551 0.137926 0.261109 0.333785 0.107709 0.16147 0.189362 0.202196 0.194057 0.191826 0.187754 0.18505 0.23728 0.241011 0.244794 0.251191 0.219618 0.224389 0.228603 0.226878 0.237914 0.228159 0.200148 0.155388 0.2457 0.211945 0.178645 0.149688 0.252396 0.229839 0.21794 0.214068 0.215917 0.213464 0.214042 0.212619 0.216734 0.208582 0.189396 0.149504 0.327159 0.268386 0.166765 -0.0049753 0.300584 0.0806788 -0.13728 -0.305337 0.416831 0.247223 0.153499 0.112834 0.275716 0.227652 0.206912 0.210791 0.173804 0.186274 0.222482 0.282153 0.134903 0.199118 0.27126 0.3454 0.00485308
2.55088 -24.3379 -19.5749 -1.23651 -25.4015 -19.2491 -5.11368 -25.8768 -18.6805 -8.97998 -25.693 -17.9061 -12.7118 -24.8084 -16.972 -16.157 -23.2292 -15.9367 -19.2 -20.993 -14.8528 -21.7229 -18.1802 -13.7766 -23.6363 -14.9035 -12.7581 -24.886 -11.2905 -11.8364 -25.4504 -7.48106 -11.0399 -25.3409 -3.60538 -10.3826 -24.5924 0.220578 -9.866 -23.2455 3.92039 -9.47963 -21.3628 7.38951 -9.20998 -19.0075 10.5635 -9.03432 -16.2431 13.3917 -8.9261 -13.1215 15.8414 -8.85638 -9.71191 17.8715 -8.79542 -6.07438 19.4565 -8.71276 -2.26922 20.5759 -8.57813 1.64316 21.2141 -8.36151 5.59692 21.3591 -8.03331 9.52311 21.0046 -7.56403 13.347 20.1504 -6.92416 16.9722 18.8113 -6.08797 20.3246 17.0042 -5.02484 23.3054 14.7644 -3.70866 25.8075 12.1478 -2.11884 27.7074 9.25978 -0.260021 28.9199 6.19523 1.87153 29.3556 3.10003 4.24534 28.9589 0.148484 6.80189 27.7359 -2.45514 9.43461 25.7454 -4.55453 12.0492 23.1083 -6.00897 14.5262 19.9924 -6.73592 16.7552 16.5488 -6.71755 18.6688 12.9876 -5.99379 20.1903 9.4503 -4.66312 21.3026 6.02684 -2.84829 22.0148 2.73581 -0.661207 22.3504 -0.40086 1.76523 22.3276 -3.41128 4.32096 21.9637 -6.33565 6.9065 21.2637 -9.21699 9.43199 20.2194 -12.0782 11.8017 18.8162 -14.9255 13.9224 17.0368 -17.7391 15.7003 14.8703 -20.4634 17.0416 12.3291 -23.0346 17.8732 9.43489 -25.3627 18.1351 6.24265 -27.3513 17.7949 2.83548 -28.9007 16.8606 -0.655386 -29.9556 15.3629 -4.13443 -30.4711 13.3595 -7.47816 -30.4327 10.928 -10.5678 -29.861 8.17799 -13.2774 -28.7974 5.18234 -15.5415 -27.301 2.02872 -17.287 -25.4459 -1.19911 -18.4578 -23.2958 -4.44907 -19.0165 -20.9569 -7.61438 -18.9284 -18.5217 -10.6185 -18.1917 -16.0791 -13.3881 -16.8277 -13.6937 -15.8698 -14.8668 -11.4459 -17.9855 -12.3837 -9.37911 -19.6881 -9.46403 -7.51169 -20.9454 -6.20415 -5.83214 -21.741 -2.69437 -4.31354 -22.0656 0.960899 -2.90424 -21.9222 4.67112 -1.53814 -21.319 8.35113 -0.143509 -20.2702 11.9106 1.3575 -18.7916 15.2685 3.03439 -16.9077 18.327 4.94222 -14.6581 20.9754 7.09828 -12.1206 23.0814 9.51199 -9.37043 24.5418 12.1436 -6.52496 25.2492 14.9139 -3.72624 25.1274 17.6896 -1.14757 24.1606 20.3623 1.08601 22.3838 22.8012 2.85044 19.8883 24.8912 4.05817 16.8122 26.5541 4.66652 13.3003 27.7238 4.66403 9.54515 28.3817 4.08297 5.71125 28.5373 2.97997 1.9392 28.2161 1.41475 -1.68129 27.4562 -0.529482 -5.04338 26.3012 -2.7745 -8.09083 24.7921 -5.24442 -10.7896 22.9569 -7.87531 -13.1297 20.8264 -10.5877 -15.0969 18.4185 -13.3104 -16.6953 15.7434 -15.9703 -17.9341 12.8096 -18.4883 -18.8255 9.62171 -20.7832 -19.385 6.19302 -22.7649 -19.6286 0.02024 0.0873324 0.139063 0.173987 0.0111913 0.0455706 0.0634773 0.0695231 0.0494616 0.0744185 0.0839175 0.0797526 0.131093 0.11727 0.0929372 0.0564891 0.220772 0.17997 0.129596 0.0717159 0.335163 0.250305 0.170666 0.0981567 0.230752 0.1378 0.0672919 0.0260373 0.0486717 0.0256016 0.0650836 0.181349 -0.567367 -0.469521 -0.303348 -0.117043 -0.656208 -0.44367 -0.298996 -0.210324 -0.426764 -0.3649 -0.328235 -0.304395 -0.298573 -0.28406 -0.269597 -0.253531 -0.184223 -0.167033 -0.154212 -0.143015 -0.172621 -0.166112 -0.157085 -0.147588 -0.116518 -0.0966338 -0.0863639 -0.0869561 0.0496076 0.0589225 0.0601399 0.0537633 0.165951 0.140618 0.116284 0.0938691 0.0747077 0.0519937 0.035477 0.0213752 0.0176506 0.0062737 -0.0121075 -0.0478063 0.137073 0.0884107 0.00053101 -0.152861 0.176741 -0.0172121 -0.215393 -0.374314 0.349008 0.177335 0.0815169 0.0400499 0.203611 0.157374 0.139094 0.145634 0.111338 0.126691 0.166443 0.23087 0.0898442 0.161357 0.240802 0.320915 0.126406
1.06878 -28.4841 -23.1262 -2.87474 -28.6078 -23.004 -6.75184 -28.0879 -22.4755 -10.4115 -26.9235 -21.5629 -13.7123 -25.1541 -20.3158 -16.5285 -22.8639 -18.8128 -18.8019 -20.1369 -17.1305 -20.4968 -17.0707 -15.3526 -21.61 -13.7586 -13.5564 -22.1622 -10.2808 -11.8057 -22.1857 -6.71232 -10.1532 -21.7202 -3.11501 -8.63409 -20.8046 0.457108 -7.26773 -19.4655 3.97564 -6.05158 -17.7384 7.37132 -4.98446 -15.6496 10.597 -4.0443 -13.2217 13.6043 -3.19938 -10.4675 16.3503 -2.40931 -7.41875 18.7705 -1.63577 -4.10718 20.8074 -0.838982 -0.575255 22.4029 0.0156253 3.1223 23.5018 0.95448 6.91401 24.0551 1.99258 10.7165 24.026 3.13339 14.4357 23.3928 4.36915 17.9565 22.1572 5.67742 21.1886 20.3317 7.03982 24.022 17.9496 8.42972 26.3429 15.0657 9.81939 28.0243 11.7871 11.1716 28.9729 8.20672 12.4702 29.0883 4.47765 13.6891 28.3009 0.797063 14.8019 26.6107 -2.57914 15.7767 24.0804 -5.43003 16.5984 20.863 -7.53391 17.2523 17.1854 -8.73708 17.7349 13.2669 -8.98386 18.059 9.38958 -8.31037 18.2408 5.73031 -6.85226 18.3066 2.37641 -4.78556 18.2785 -0.687357 -2.27013 18.1661 -3.49596 0.522217 17.963 -6.14123 3.45946 17.6438 -8.72321 6.431 17.1642 -11.3333 9.34068 16.4627 -14.0273 12.084 15.4691 -16.824 14.5555 14.1125 -19.6941 16.6459 12.3339 -22.5509 18.2462 10.1076 -25.285 19.2758 7.43485 -27.7543 19.6777 4.36563 -29.8145 19.4349 0.992929 -31.3334 18.5806 -2.53168 -32.2429 17.1757 -6.08959 -32.505 15.3046 -9.53774 -32.1269 13.0612 -12.7446 -31.1635 10.5565 -15.5783 -29.6853 7.85436 -17.9751 -27.7804 5.02097 -19.8656 -25.5452 2.11199 -21.1973 -23.0575 -0.848348 -21.9355 -20.4377 -3.78484 -22.0422 -17.7844 -6.64407 -21.5111 -15.1878 -9.36826 -20.3563 -12.7092 -11.9124 -18.6017 -10.4237 -14.1988 -16.3119 -8.36477 -16.1737 -13.5631 -6.53943 -17.7929 -10.4421 -4.92488 -19.0259 -7.02953 -3.48377 -19.8451 -3.42057 -2.15578 -20.2351 0.301901 -0.867551 -20.1859 4.0583 0.459734 -19.6925 7.76098 1.91175 -18.7536 11.3282 3.56805 -17.3763 14.6561 5.49594 -15.5832 17.6197 7.72446 -13.4373 20.0592 10.2708 -11.013 21.8371 13.0923 -8.4377 22.8012 16.09 -5.88133 22.8339 19.0912 -3.55745 21.8954 21.9412 -1.6381 20.0293 24.4642 -0.281101 17.368 26.5178 0.416466 14.1146 28.0226 0.426976 10.4808 28.9388 -0.216941 6.71053 29.2909 -1.43222 2.9865 29.1348 -3.11472 -0.565135 28.5329 -5.1715 -3.89207 27.5491 -7.4934 -6.94201 26.234 -9.99301 -9.71392 24.6197 -12.5943 -12.2216 22.7137 -15.2378 -14.4899 20.5194 -17.8485 -16.5235 18.0253 -20.3577 -18.326 15.2174 -22.6906 -19.8879 12.0917 -24.7616 -21.1853 8.65817 -26.4804 -22.1846 4.95798 -27.7513 -22.8446 0.0298173 0.0939836 0.15108 0.198083 0.0524257 0.107702 0.149111 0.180703 0.188204 0.242927 0.284614 0.315173 0.403945 0.429678 0.44583 0.449465 0.652106 0.646693 0.627816 0.597149 0.883582 0.817816 0.75378 0.693697 0.835646 0.748886 0.681013 0.637886 0.652163 0.610288 0.612975 0.662261 -0.197488 -0.258288 -0.274712 -0.249945 -0.900987 -0.752234 -0.639478 -0.565205 -0.788067 -0.729402 -0.693834 -0.669264 -0.661205 -0.643616 -0.626202 -0.608373 -0.5394 -0.525125 -0.517282 -0.511704 -0.54535 -0.538755 -0.523265 -0.499614 -0.446899 -0.399547 -0.358583 -0.328323 -0.163395 -0.130258 -0.110971 -0.105286 0.0133619 -0.0102872 -0.0365204 -0.0630272 -0.0870995 -0.114281 -0.133664 -0.148305 -0.149751 -0.155729 -0.165457 -0.189359 0.00992992 -0.0234119 -0.0979306 -0.24213 0.0909347 -0.102123 -0.294214 -0.43696 0.310752 0.16707 0.0989339 0.0823391 0.266331 0.234764 0.224342 0.231229 0.189387 0.189336 0.206476 0.242512 0.0697268 0.10943 0.160752 0.219709 0.00342228
-1.75341 -26.4949 -21.5587 -5.51552 -25.3001 -21.5333 -9.05564 -23.599 -21.1389 -12.2691 -21.4278 -20.4032 -15.0693 -18.8444 -19.3705 -17.3854 -15.935 -18.1031 -19.1981 -12.7641 -16.6559 -20.4974 -9.40511 -15.0859 -21.2906 -5.92541 -13.4434 -21.596 -2.38115 -11.767 -21.4357 1.17131 -10.0879 -20.8331 4.68351 -8.42462 -19.8099 8.10901 -6.78626 -18.3759 11.4205 -5.16441 -16.5551 14.5473 -3.56453 -14.3675 17.4374 -1.97891 -11.8377 20.0366 -0.399086 -8.98736 22.2974 1.18689 -5.86447 24.1592 2.77798 -2.51882 25.5771 4.37383 0.991611 26.5156 5.96965 4.60423 26.9512 7.55714 8.25115 26.8719 9.12389 11.8649 26.2763 10.6559 15.378 25.1704 12.1379 18.7082 23.5716 13.5478 21.7967 21.489 14.874 24.5601 18.9387 16.0963 26.9002 15.9451 17.1907 28.6896 12.5783 18.1222 29.8195 8.89386 18.8662 30.1599 5.01855 19.387 29.604 1.1422 19.6514 28.1167 -2.46242 19.6388 25.7434 -5.54307 19.3521 22.6392 -7.8424 18.8207 19.0506 -9.19389 18.1132 15.2122 -9.54899 17.2999 11.4083 -8.95875 16.4621 7.80991 -7.57398 15.6527 4.49825 -5.57816 14.8974 1.45823 -3.13161 14.1907 -1.33682 -0.400966 13.5139 -3.96393 2.48905 12.8262 -6.50683 5.43779 12.0742 -9.04466 8.36309 11.1951 -11.6313 11.1795 10.1235 -14.2984 13.8043 8.79409 -17.0473 16.1505 7.14806 -19.8383 18.1223 5.14759 -22.616 19.6375 2.7669 -25.2895 20.6141 0.0141879 -27.7482 20.986 -3.06725 -29.8594 20.7161 -6.37325 -31.5296 19.7995 -9.81276 -32.665 18.2613 -13.2485 -33.2016 16.161 -16.5288 -33.1147 13.6087 -19.4799 -32.422 10.7005 -21.9887 -31.1712 7.55969 -23.9386 -29.4403 4.31398 -25.2427 -27.3101 1.05978 -25.8506 -24.91 -2.05829 -25.7305 -22.3595 -4.93985 -24.9005 -19.7717 -7.50464 -23.4097 -17.2289 -9.70737 -21.3176 -14.8254 -11.4951 -18.725 -12.6118 -12.8545 -15.7339 -10.6103 -13.791 -12.4458 -8.81005 -14.3259 -8.94639 -7.18335 -14.4868 -5.32694 -5.67416 -14.31 -1.65766 -4.20731 -13.8341 2.00217 -2.69536 -13.1001 5.59247 -1.03561 -12.1479 9.0643 0.875783 -11.0227 12.35 3.13611 -9.77912 15.3598 5.80241 -8.49497 17.9606 8.91686 -7.25099 20.0282 12.4416 -6.15445 21.4051 16.2542 -5.32306 21.9486 20.1199 -4.86903 21.5762 23.8139 -4.86318 20.2944 27.0818 -5.33709 18.2003 29.7162 -6.26753 15.4648 31.5954 -7.59316 12.2742 32.6613 -9.21558 8.85351 32.9486 -11.0382 5.38009 32.5387 -12.9758 1.982 31.5223 -14.9721 -1.28035 29.997 -16.9608 -4.34291 28.0445 -18.8984 -7.18811 25.7275 -20.7455 -9.81122 23.0813 -22.4683 -12.2186 20.1443 -24.0161 -14.3968 16.9408 -25.338 -16.3347 13.4954 -26.3766 -18.0131 9.84471 -27.0691 -19.4042 6.03578 -27.3541 -20.478 2.13919 -27.1761 -21.204 0.265122 0.288917 0.311593 0.330575 0.163224 0.202633 0.233291 0.258531 0.263333 0.318314 0.362643 0.397863 0.493347 0.528174 0.556288 0.575335 0.797302 0.815191 0.823004 0.821194 1.1369 1.09879 1.05877 1.01732 1.17118 1.08875 1.0172 0.962247 0.956623 0.886619 0.851981 0.852939 -0.0679747 -0.202814 -0.302186 -0.361673 -1.08866 -1.00144 -0.934273 -0.890614 -1.13152 -1.08264 -1.05132 -1.0275 -1.01817 -0.998122 -0.977384 -0.955319 -0.881093 -0.860881 -0.847175 -0.837216 -0.869899 -0.867772 -0.86372 -0.858969 -0.83165 -0.814002 -0.804234 -0.80356 -0.663961 -0.649765 -0.641708 -0.639252 -0.516432 -0.5299 -0.542015 -0.552744 -0.561375 -0.574899 -0.58315 -0.58878 -0.58221 -0.579452 -0.577403 -0.583228 -0.35458 -0.340758 -0.342851 -0.374177 0.119207 0.118244 0.109636 0.103887 0.933895 0.831587 0.780724 0.769048 0.95182 0.915522 0.897546 0.893741 0.837208 0.817381 0.808635 0.812016 0.59996 0.595028 0.598632 0.609675 0.112867
-3.43297 -25.9546 -21.3488 -6.55106 -23.5358 -21.4434 -9.36247 -20.7803 -21.1523 -11.8066 -17.7502 -20.4992 -13.8421 -14.5127 -19.521 -15.4415 -11.1493 -18.2701 -16.6126 -7.7032 -16.7907 -17.3659 -4.22366 -15.1292 -17.7207 -0.750946 -13.3264 -17.6995 2.6851 -11.4137 -17.3246 6.05241 -9.41728 -16.6163 9.3238 -7.35291 -15.5916 12.4709 -5.22895 -14.2551 15.4793 -3.0346 -12.6238 18.2925 -0.781328 -10.709 20.8674 1.53289 -8.52464 23.1562 3.90818 -6.08152 25.1134 6.34771 -3.41233 26.6789 8.8327 -0.551944 27.8036 11.3434 2.45602 28.4452 13.8516 5.56132 28.5716 16.3218 8.70579 28.1625 18.7105 11.8284 27.2107 20.9699 14.8653 25.7213 23.0482 17.7391 23.7198 24.884 20.3927 21.2285 26.4288 22.7507 18.2878 27.623 24.7299 14.9554 28.4058 26.23 11.3419 28.7182 27.175 7.53762 28.5199 27.4789 3.69444 27.7832 27.0778 0.00219053 26.5138 25.9588 -3.30396 24.7752 24.1559 -6.03888 22.6597 21.7648 -8.02805 20.3078 18.9316 -9.16444 17.8814 15.7941 -9.42381 15.513 12.5483 -8.8499 13.3553 9.32795 -7.56205 11.4868 6.21782 -5.70776 9.93453 3.23458 -3.41891 8.67433 0.394676 -0.840486 7.66764 -2.33392 1.91687 6.84392 -4.9976 4.76445 6.12078 -7.64968 7.63332 5.40879 -10.3307 10.4542 4.61785 -13.0719 13.1624 3.65768 -15.886 15.6874 2.44275 -18.753 17.9432 0.902839 -21.6416 19.8486 -1.0218 -24.4837 21.3082 -3.36087 -27.1835 22.2278 -6.10757 -29.6086 22.5252 -9.1882 -31.6552 22.1529 -12.5247 -33.2054 21.0915 -15.9787 -34.1623 19.3663 -19.3798 -34.4644 17.069 -22.5202 -34.1043 14.3016 -25.2485 -33.1111 11.2079 -27.4103 -31.5555 7.94864 -28.8895 -29.5217 4.65813 -29.62 -27.1478 1.51823 -29.5663 -24.5665 -1.34154 -28.7565 -21.9032 -3.82345 -27.2585 -19.2484 -5.87608 -25.1529 -16.7017 -7.4531 -22.5603 -14.315 -8.55599 -19.5968 -12.1095 -9.21104 -16.3717 -10.0726 -9.46288 -12.9717 -8.1769 -9.36648 -9.4832 -6.36913 -8.98652 -5.96751 -4.58042 -8.39267 -2.47174 -2.73462 -7.66038 0.959266 -0.743909 -6.86766 4.29449 1.47505 -6.10088 7.48874 3.99488 -5.45548 10.4802 6.84538 -5.03727 13.1676 10.048 -4.94689 15.4606 13.552 -5.28147 17.2303 17.2379 -6.11265 18.3462 20.8929 -7.45522 18.7034 24.3215 -9.28261 18.2631 27.2986 -11.507 17.0473 29.6388 -13.9988 15.1491 31.2335 -16.6281 12.6971 32.0291 -19.2427 9.86862 32.0548 -21.7318 6.82348 31.3831 -24.0177 3.69417 30.0968 -26.0638 0.560485 28.2933 -27.8268 -2.48918 26.0587 -29.2895 -5.40948 23.4662 -30.4384 -8.1699 20.5665 -31.2599 -10.7551 17.4211 -31.7297 -13.1324 14.08 -31.8235 -15.2758 10.5956 -31.5153 -17.1546 7.03013 -30.7825 -18.7334 3.45002 -29.6098 -19.9783 -0.0659668 -27.9952 -20.8576 0.468532 0.459936 0.456059 0.454576 0.272673 0.302913 0.328992 0.353586 0.361161 0.421987 0.475083 0.522044 0.63262 0.686236 0.737014 0.782658 1.035 1.08651 1.13029 1.1657 1.51869 1.51678 1.51087 1.50055 1.68156 1.62113 1.56467 1.51523 1.50175 1.40584 1.32191 1.24582 0.219567 -0.0434138 -0.281965 -0.475169 -1.31842 -1.32263 -1.3203 -1.31699 -1.5787 -1.53863 -1.50949 -1.48509 -1.47483 -1.45484 -1.43559 -1.4163 -1.34564 -1.32935 -1.31936 -1.31245 -1.34728 -1.34641 -1.34293 -1.33839 -1.31122 -1.29391 -1.28471 -1.28465 -1.14527 -1.13029 -1.11985 -1.11298 -0.983571 -0.988516 -0.990783 -0.991146 -0.989748 -0.994355 -0.995309 -0.995213 -0.983818 -0.975648 -0.965064 -0.955372 -0.698902 -0.639523 -0.574442 -0.511519 0.102106 0.238568 0.369054 0.487682 1.41757 1.38738 1.38349 1.39895 1.59421 1.55969 1.53543 1.51883 1.44366 1.39957 1.36105 1.32951 1.0783 1.03149 0.992521 0.962488 0.22479
-4.22261 -24.0875 -19.34 -6.37025 -20.7757 -19.3736 -8.21534 -17.2992 -19.0707 -9.74302 -13.7131 -18.4479 -10.9477 -10.0686 -17.5268 -11.8285 -6.42895 -16.3383 -12.4014 -2.8164 -14.9041 -12.6806 0.735947 -13.2493 -12.6834 4.20061 -11.3968 -12.428 7.5577 -9.36462 -11.9322 10.7835 -7.17057 -11.2124 13.8585 -4.82719 -10.2827 16.7624 -2.34358 -9.14687 19.4878 0.289715 -7.8186 21.989 3.05233 -6.30456 24.2331 5.93751 -4.6104 26.1813 8.93525 -2.73609 27.7941 12.0395 -0.695171 29.0159 15.2164 1.49938 29.7957 18.4298 3.82791 30.0836 21.6307 6.2629 29.8357 24.7564 8.76501 29.0189 27.7285 11.2847 27.6177 30.4577 13.7618 25.6392 32.8472 16.1181 23.1291 34.792 18.2892 20.1446 36.2108 20.1989 16.7797 37.0264 21.7738 13.1562 37.1833 22.9416 9.44557 36.6614 23.6645 5.77577 35.4718 23.9094 2.30399 33.6574 23.6641 -0.82087 31.2952 22.9441 -3.45397 28.5106 21.7789 -5.51851 25.4145 20.2152 -6.95097 22.1421 18.3119 -7.72541 18.828 16.1099 -7.85003 15.5635 13.6936 -7.35654 12.4913 11.1226 -6.31278 9.69457 8.44574 -4.80279 7.22978 5.67941 -2.905 5.11494 2.87207 -0.719677 3.3628 0.060448 1.67597 1.91972 -2.73825 4.21496 0.716523 -5.52627 6.84345 -0.326985 -8.30905 9.50662 -1.2937 -11.102 12.1553 -2.2711 -13.921 14.737 -3.34744 -16.7686 17.1839 -4.6056 -19.6518 19.4298 -6.12957 -22.5505 21.3836 -7.98955 -25.4181 22.9366 -10.2355 -28.1565 23.9616 -12.8643 -30.6743 24.3511 -15.8591 -32.8309 24.0035 -19.1283 -34.4719 22.8621 -22.5142 -35.4498 20.9577 -25.7773 -35.6807 18.383 -28.701 -35.1331 15.3168 -31.0525 -33.8538 11.9936 -32.6497 -31.9403 8.63504 -33.3949 -29.566 5.49793 -33.2608 -26.908 2.75171 -32.3171 -24.1263 0.494 -30.6854 -21.3275 -1.25382 -28.493 -18.612 -2.49761 -25.8904 -16.0217 -3.29381 -23.0005 -13.5648 -3.7176 -19.9217 -11.2193 -3.85152 -16.7196 -8.95751 -3.77808 -13.4559 -6.73493 -3.57887 -10.1707 -4.50156 -3.33269 -6.89589 -2.21019 -3.11662 -3.66817 0.191889 -3.00557 -0.516534 2.74662 -3.07455 2.51393 5.48387 -3.39736 5.36319 8.39645 -4.03869 7.93771 11.4615 -5.06613 10.1899 14.6072 -6.53368 12.0537 17.7373 -8.47154 13.457 20.711 -10.8573 14.3254 23.4203 -13.6618 14.6151 25.7291 -16.801 14.2933 27.5129 -20.1531 13.36 28.679 -23.589 11.8421 29.1567 -26.9271 9.81786 28.9329 -30.0127 7.38929 28.0385 -32.714 4.67411 26.528 -34.9435 1.77435 24.4954 -36.6175 -1.17981 22.0424 -37.7031 -4.08936 19.2725 -38.1935 -6.87293 16.2743 -38.1003 -9.47441 13.1484 -37.4471 -11.8341 9.97774 -36.2688 -13.9135 6.83637 -34.6064 -15.6838 3.79259 -32.5069 -17.1225 0.902339 -30.0183 -18.216 -1.78365 -27.1934 -18.9559 0.379124 0.343259 0.315634 0.294273 0.0964985 0.114767 0.132444 0.151974 0.157636 0.219567 0.276755 0.330877 0.451969 0.519721 0.588396 0.655756 0.933557 1.01397 1.0895 1.15876 1.54682 1.58021 1.60874 1.63076 1.84054 1.80363 1.76344 1.72063 1.70174 1.58636 1.46763 1.34152 0.252147 -0.0832329 -0.398669 -0.667784 -1.5813 -1.64611 -1.69203 -1.72276 -2.00374 -1.97242 -1.94564 -1.92052 -1.90857 -1.88702 -1.86672 -1.84684 -1.77584 -1.7595 -1.74995 -1.74437 -1.78194 -1.78571 -1.78911 -1.7936 -1.77708 -1.7711 -1.77281 -1.78201 -1.64913 -1.63697 -1.62515 -1.61275 -1.47429 -1.46776 -1.45752 -1.4457 -1.43353 -1.42945 -1.42385 -1.41879 -1.40296 -1.38932 -1.37021 -1.34653 -1.06812 -0.977013 -0.86911 -0.748868 -0.0642682 0.15343 0.370182 0.573522 1.58065 1.61576 1.66285 1.71489 1.93357 1.91098 1.88887 1.86623 1.77804 1.71496 1.65244 1.59286 1.31067 1.23116 1.15905 1.09672 0.41818
-3.12396 -22.9468 -19.9074 -5.2081 -19.5967 -19.783 -7.05354 -16.1347 -19.3467 -8.65172 -12.5992 -18.62 -9.99692 -9.02414 -17.6242 -11.0807 -5.45647 -16.3862 -11.907 -1.90597 -14.921 -12.4809 1.59865 -13.2405 -12.8101 5.02877 -11.3534 -12.9022 8.35973 -9.26493 -12.7635 11.5603 -6.98402 -12.4005 14.6017 -4.51759 -11.8194 17.4538 -1.87317 -11.014 20.1041 0.951664 -9.9835 22.5064 3.92141 -8.72532 24.63 7.01322 -7.23843 26.442 10.2004 -5.51879 27.9109 13.4616 -3.57636 28.9937 16.7488 -1.42227 29.6526 20.0162 0.925152 29.8519 23.21 3.43942 29.5595 26.2684 6.08167 28.7509 29.1189 8.8016 27.4133 31.6828 11.5361 25.5503 33.8766 14.1992 23.1973 35.6103 16.717 20.397 36.8158 18.9985 17.226 37.4275 20.9518 13.7882 37.3996 22.4817 10.2381 36.7205 23.534 6.69313 35.4049 24.0593 3.30262 33.4986 24.0337 0.212183 31.0792 23.4671 -2.43202 28.2697 22.392 -4.54742 25.1754 20.8622 -6.06062 21.9234 18.9488 -6.93112 18.639 16.7093 -7.14912 15.4051 14.2492 -6.72209 12.3578 11.6538 -5.69235 9.57844 8.98057 -4.14063 7.13572 6.2281 -2.17051 5.06947 3.46406 0.0993516 3.35638 0.714249 2.5768 1.93238 -2.01541 5.18641 0.721663 -4.73634 7.86982 -0.358558 -7.46018 10.5693 -1.39037 -10.205 13.2333 -2.45809 -12.9863 15.8073 -3.64537 -15.8054 18.2201 -5.02749 -18.6743 20.3973 -6.67337 -21.5767 22.2404 -8.63759 -24.4688 23.6359 -10.9545 -27.2535 24.4565 -13.6062 -29.8399 24.5966 -16.5644 -32.0854 23.9637 -19.7294 -33.8313 22.5171 -22.9416 -34.9227 20.3115 -25.9707 -35.2682 17.4618 -28.6147 -34.8275 14.1702 -30.6644 -33.6386 10.6882 -31.9656 -31.7923 7.24463 -32.4451 -29.4549 4.09599 -32.099 -26.8001 1.40156 -31.0085 -23.9866 -0.755326 -29.2969 -21.1221 -2.36746 -27.0855 -18.3112 -3.45529 -24.5144 -15.6025 -4.08724 -21.6933 -13.0127 -4.34861 -18.7067 -10.5293 -4.33062 -15.6076 -8.13386 -4.1239 -12.4465 -5.7832 -3.81346 -9.26052 -3.42914 -3.48271 -6.07905 -1.0273 -3.2152 -2.93662 1.4717 -3.09404 0.13836 4.10476 -3.20481 3.09976 6.89424 -3.63365 5.88365 9.82137 -4.4568 8.38904 12.8512 -5.74705 10.5519 15.8688 -7.55736 12.3238 18.7829 -9.86369 13.632 21.4752 -12.5913 14.407 23.8674 -15.6776 14.6114 25.8607 -19.0183 14.2175 27.3669 -22.4874 13.2244 28.3204 -25.9636 11.6508 28.6658 -29.278 9.56166 28.389 -32.2879 7.04521 27.5077 -34.8681 4.21053 26.0587 -36.9298 1.15925 24.1179 -38.3865 -1.96679 21.7745 -39.2027 -5.04958 19.1263 -39.3744 -7.98529 16.2618 -38.9218 -10.6974 13.2833 -37.8869 -13.1106 10.275 -36.327 -15.18 7.30881 -34.307 -16.879 4.44585 -31.8961 -18.1956 1.73055 -29.1587 -19.1319 -0.801472 -26.1568 -19.6973 5.24143 5.20745 5.18262 5.16469 4.97071 4.9929 5.01461 5.0384 5.04866 5.11564 5.17839 5.23864 5.36632 5.4409 5.51633 5.59003 5.87332 5.95788 6.03564 6.1046 6.48925 6.51561 6.53313 6.54008 6.73098 6.67196 6.60736 6.5391 6.49523 6.35678 6.21806 6.07595 4.97506 4.6325 4.31359 4.04371 3.1309 3.06689 3.02055 2.98756 2.70312 2.73037 2.75279 2.77376 2.78207 2.80062 2.81853 2.83657 2.90613 2.92111 2.92868 2.9307 2.88685 2.87292 2.85455 2.82992 2.82184 2.80048 2.77112 2.73673 2.84911 2.84688 2.85062 2.86032 3 3.01006 3.02465 3.04049 3.05561 3.06116 3.06677 3.07059 3.08425 3.09519 3.11165 3.1335 3.41189 3.50527 3.61825 3.74732 4.44341 4.67378 4.90284 5.11655 6.13077 6.16875 6.21411 6.26001 6.46883 6.43362 6.39735 6.36007 6.25773 6.1817 6.10798 6.03925 5.75007 5.66574 5.59085 5.5276 -0.0125446
