# num_vectors 8
# vector_size 401
# Iterations: 100, stepsize: 0.028943, max step size: 1.000000, spring constant: 0.000010, global NEB Hessian: false, global NEB Linesearch: true, climbing image: true
2.82841 -19.9249 -21.0193 -0.986109 -20.9068 -20.7599 -4.87099 -21.4042 -20.2677 -8.75748 -21.3606 -19.5785 -12.5618 -20.7305 -18.7344 -16.167 -19.491 -17.7852 -19.4799 -17.6339 -16.7795 -22.3807 -15.1798 -15.7807 -24.7486 -12.1846 -14.8547 -26.4735 -8.73937 -14.0676 -27.4671 -4.97914 -13.4863 -27.7181 -1.06861 -13.1552 -27.2477 2.83449 -13.058 -26.091 6.61647 -13.1606 -24.315 10.1422 -13.421 -21.9983 13.3278 -13.7899 -19.2245 16.1166 -14.2151 -16.066 18.48 -14.6499 -12.6106 20.3917 -15.0459 -8.93179 21.8482 -15.3542 -5.09754 22.8577 -15.5273 -1.16931 23.4323 -15.5238 2.79152 23.5896 -15.3045 6.72551 23.3522 -14.8264 10.5718 22.747 -14.0513 14.2515 21.8062 -12.9515 17.7113 20.5612 -11.4974 20.8758 19.0543 -9.66727 23.6639 17.3352 -7.4523 25.9744 15.4774 -4.88029 27.7453 13.5396 -1.9623 28.8977 11.6065 1.25337 29.3656 9.7578 4.6839 29.1035 8.1116 8.20911 28.1192 6.75882 11.7315 26.4281 5.7838 15.1072 24.1335 5.2292 18.211 21.3153 5.08917 20.9603 18.1107 5.33782 23.2382 14.6255 5.91253 24.9829 10.962 6.74781 26.1671 7.18557 7.78721 26.788 3.39715 8.95812 26.8495 -0.342427 10.1897 26.3741 -3.98381 11.4171 25.394 -7.49282 12.5803 23.9432 -10.8329 13.6178 22.0621 -13.9778 14.4722 19.7926 -16.9035 15.0884 17.1789 -19.5796 15.4116 14.2783 -21.9914 15.3926 11.1378 -24.1126 14.9842 7.81927 -25.916 14.1443 4.39555 -27.3632 12.851 0.976073 -28.4396 11.0811 -2.36591 -29.1204 8.83375 -5.51961 -29.3871 6.13206 -8.36382 -29.2354 3.05185 -10.7555 -28.6779 -0.344331 -12.5958 -27.7431 -3.94483 -13.7763 -26.4823 -7.61186 -14.217 -24.9672 -11.2319 -13.906 -23.265 -14.633 -12.8899 -21.4175 -17.698 -11.2497 -19.4626 -20.3403 -9.08325 -17.4205 -22.5153 -6.47669 -15.3293 -24.1727 -3.5484 -13.2041 -25.3 -0.400697 -11.0544 -25.901 2.87224 -8.87735 -25.9901 6.19269 -6.67585 -25.5872 9.4735 -4.44375 -24.7194 12.6417 -2.17291 -23.4176 15.6286 0.140823 -21.7195 18.3632 2.50836 -19.6608 20.7864 4.93329 -17.2848 22.8333 7.4162 -14.6442 24.4387 9.93199 -11.8168 25.5339 12.4767 -8.8574 26.0718 15.0232 -5.85201 26.0005 17.5376 -2.90479 25.2834 19.947 -0.146105 23.9145 22.2056 2.33133 21.9019 24.2499 4.39988 19.2883 26.0238 5.9411 16.163 27.457 6.85629 12.6166 28.5127 7.11267 8.8365 29.1607 6.73483 4.9756 29.3757 5.78217 1.16568 29.1459 4.32504 -2.50651 28.4761 2.45978 -5.9319 27.3864 0.278214 -9.04871 25.9001 -2.12659 -11.818 24.0366 -4.67542 -14.2257 21.828 -7.27794 -16.2543 19.3007 -9.85654 -17.9063 16.4798 -12.337 -19.1931 13.394 -14.6492 -20.1279 10.0691 -16.7293 -20.729 6.5352 -18.5099 -21.0178 -4.68404 -4.66747 -4.63254 -4.63085 -4.69491 -4.70105 -4.6896 -4.68751 -4.69707 -4.697 -4.70184 -4.71016 -4.70958 -4.73733 -4.77921 -4.8007 -4.76045 -4.78404 -4.82986 -4.83102 -4.72915 -4.73531 -4.78117 -4.79881 -4.75226 -4.77609 -4.8182 -4.83926 -4.82933 -4.81571 -4.78079 -4.80998 -5.05986 -4.98879 -4.75737 -4.6243 -4.76544 -4.71798 -4.62518 -4.60243 -4.69201 -4.70395 -4.68939 -4.68186 -4.68635 -4.69225 -4.69639 -4.6908 -4.66577 -4.65457 -4.6511 -4.65362 -4.66809 -4.67135 -4.66999 -4.66923 -4.66845 -4.68113 -4.70785 -4.72889 -4.71195 -4.73491 -4.77228 -4.78892 -4.7586 -4.76115 -4.77267 -4.77854 -4.779 -4.77879 -4.77758 -4.77658 -4.77617 -4.78323 -4.79473 -4.7849 -4.71325 -4.72676 -4.7933 -4.83386 -4.7461 -4.83638 -4.98076 -4.98422 -4.69439 -4.66691 -4.72284 -4.73517 -4.67389 -4.67315 -4.68723 -4.6952 -4.70776 -4.69677 -4.66796 -4.65444 -4.70219 -4.68162 -4.63202 -4.60852 0.0378729
1.7893 -20.5799 -21.3251 -2.0037 -21.6472 -21.089 -5.88532 -22.1822 -20.6106 -9.77191 -22.1169 -19.9239 -13.5594 -21.4024 -19.0715 -17.1095 -20.0256 -18.1043 -20.3121 -17.9977 -17.0715 -23.0415 -15.3686 -16.0353 -25.1865 -12.2262 -15.0558 -26.6626 -8.68604 -14.1883 -27.4156 -4.8911 -13.4838 -27.4337 -0.991775 -12.9744 -26.7458 2.86753 -12.662 -25.3976 6.58491 -12.5381 -23.4662 10.0374 -12.5854 -21.034 13.152 -12.774 -18.1843 15.8809 -13.0647 -14.9854 18.203 -13.418 -11.5175 20.0973 -13.7883 -7.84423 21.5617 -14.1241 -4.02242 22.6025 -14.3714 -0.103386 23.2272 -14.4794 3.85974 23.446 -14.3963 7.81204 23.2716 -14.0649 11.6924 22.7207 -13.4318 15.4154 21.8165 -12.4542 18.9163 20.5838 -11.0907 22.1029 19.0628 -9.31144 24.875 17.3055 -7.10634 27.1137 15.3933 -4.51093 28.7456 13.3957 -1.55243 29.6904 11.4088 1.69779 29.8953 9.5185 5.13149 29.3431 7.84116 8.60809 28.0725 6.45411 12.0239 26.1354 5.41201 15.2436 23.6232 4.74222 18.1499 20.6135 4.4662 20.6769 17.2554 4.58224 22.7336 13.66 5.04676 24.2759 9.93007 5.80709 25.2911 6.12636 6.81357 25.7865 2.34127 7.99678 25.7724 -1.3756 9.28524 25.271 -4.98736 10.6105 24.3088 -8.47103 11.9063 22.9103 -11.7992 13.1021 21.1034 -14.9505 14.129 18.9158 -17.9019 14.9183 16.3787 -20.6188 15.3999 13.5387 -23.0783 15.5098 10.4373 -25.2423 15.1875 7.13697 -27.0692 14.3815 3.71754 -28.5064 13.0679 0.301621 -29.528 11.2311 -3.02144 -30.1026 8.88725 -6.12556 -30.2121 6.08457 -8.88107 -29.8614 2.92787 -11.1489 -29.075 -0.497275 -12.8464 -27.8956 -4.06667 -13.8948 -26.3824 -7.64666 -14.2484 -24.5907 -11.1344 -13.8978 -22.6053 -14.3777 -12.8801 -20.4921 -17.2799 -11.2647 -18.3092 -19.7713 -9.13735 -16.09 -21.8195 -6.57328 -13.8816 -23.3848 -3.68061 -11.7004 -24.4598 -0.552998 -9.55117 -25.0495 2.72236 -7.42251 -25.1653 6.07319 -5.30521 -24.8209 9.41549 -3.17943 -24.0337 12.6765 -1.02313 -22.8228 15.7841 1.18113 -21.2135 18.6592 3.45494 -19.2309 21.231 5.80944 -16.9099 23.4184 8.24865 -14.3003 25.1375 10.7452 -11.4829 26.3001 13.2864 -8.52181 26.8449 15.832 -5.51779 26.7115 18.3312 -2.5918 25.866 20.6935 0.113551 24.32 22.8587 2.50189 22.1071 24.7573 4.45583 19.3024 26.3367 5.88334 16.0226 27.5362 6.72806 12.3735 28.3115 6.97298 8.52536 28.6578 6.61867 4.62362 28.5801 5.70931 0.797893 28.0887 4.30187 -2.86796 27.2076 2.48156 -6.26961 25.9675 0.331902 -9.35215 24.3947 -2.06062 -12.084 22.5054 -4.62179 -14.4582 20.3232 -7.26462 -16.4632 17.8617 -9.91251 -18.1049 15.1307 -12.4897 -19.3956 12.1431 -14.9209 -20.3473 8.90971 -17.1333 -20.9746 5.44871 -19.0468 -21.2939 0.214261 0.233121 0.268985 0.270371 0.205195 0.198117 0.20943 0.212905 0.206924 0.212931 0.215598 0.215898 0.226265 0.209333 0.178745 0.168139 0.217787 0.201211 0.159315 0.15885 0.258533 0.248283 0.197392 0.174859 0.217692 0.192091 0.150962 0.134437 0.153273 0.180745 0.234116 0.22381 -0.0184237 0.0340895 0.21775 0.296769 0.116995 0.145249 0.232471 0.256703 0.171511 0.164428 0.183557 0.19521 0.19443 0.191892 0.190779 0.199019 0.226275 0.239191 0.243898 0.242231 0.228306 0.225438 0.227164 0.228541 0.230658 0.220787 0.199295 0.186807 0.215808 0.207695 0.18581 0.183074 0.22428 0.229059 0.221449 0.216804 0.215771 0.214488 0.213966 0.213465 0.212725 0.204726 0.191987 0.199424 0.266398 0.244234 0.163771 0.104224 0.171741 0.065672 -0.0848644 -0.0862574 0.206807 0.234274 0.176913 0.163997 0.225409 0.226261 0.21155 0.201946 0.186892 0.195034 0.221416 0.23378 0.186726 0.209843 0.263324 0.290992 0.0420368
2.55095 -24.338 -19.575 -1.23667 -25.4011 -19.2501 -5.11367 -25.8768 -18.6804 -8.97971 -25.6931 -17.9049 -12.7119 -24.8084 -16.9721 -16.1571 -23.2288 -15.9379 -19.2 -20.9928 -14.853 -21.7228 -18.1801 -13.7765 -23.6363 -14.9033 -12.7583 -24.886 -11.2904 -11.8366 -25.4504 -7.48099 -11.0399 -25.3409 -3.6053 -10.3828 -24.5924 0.22062 -9.86595 -23.2455 3.92036 -9.47925 -21.3628 7.3896 -9.21 -19.0076 10.5635 -9.0351 -16.2432 13.3918 -8.926 -13.1215 15.8414 -8.85539 -9.71186 17.8716 -8.79537 -6.07424 19.4563 -8.71391 -2.26922 20.5762 -8.57795 1.64308 21.2143 -8.36003 5.59698 21.3592 -8.03322 9.52327 21.0042 -7.56493 13.3471 20.1505 -6.92419 16.9722 18.8117 -6.08728 20.3247 17.0041 -5.02516 23.3054 14.7639 -3.70942 25.8075 12.1474 -2.11936 27.7072 9.25934 -0.260556 28.9198 6.19523 1.87167 29.3563 3.10353 4.24986 28.9607 0.147663 6.80158 27.7323 -2.4584 9.4293 25.7451 -4.55486 12.0487 23.1103 -6.00538 14.5304 19.9929 -6.73601 16.7561 16.5471 -6.71903 18.6657 12.9881 -5.99324 20.1911 9.45142 -4.66162 21.3046 6.02703 -2.84813 22.0157 2.73537 -0.661749 22.35 -0.400986 1.76509 22.3279 -3.41142 4.32087 21.9641 -6.33587 6.90625 21.264 -9.21732 9.43165 20.2197 -12.0786 11.8013 18.8165 -14.9261 13.9219 17.0371 -17.7394 15.6999 14.8705 -20.4635 17.0414 12.3291 -23.0347 17.873 9.4348 -25.3626 18.1351 6.24244 -27.3513 17.7949 2.83529 -28.9008 16.8605 -0.65551 -29.9555 15.363 -4.13469 -30.471 13.3597 -7.47842 -30.4325 10.9282 -10.5681 -29.8607 8.17837 -13.2778 -28.7973 5.18257 -15.5418 -27.3015 2.02852 -17.287 -25.446 -1.19902 -18.458 -23.2954 -4.44859 -19.0169 -20.9572 -7.61432 -18.9285 -18.5226 -10.6189 -18.1916 -16.0795 -13.3881 -16.8277 -13.6936 -15.8695 -14.8669 -11.4463 -17.9855 -12.3837 -9.37964 -19.6883 -9.46394 -7.51216 -20.9455 -6.20409 -5.83254 -21.7411 -2.69433 -4.31388 -22.0657 0.960913 -2.90449 -21.9222 4.67114 -1.53824 -21.3191 8.35113 -0.14344 -20.2703 11.9106 1.35752 -18.7916 15.2685 3.03379 -16.9071 18.3269 4.94257 -14.6585 20.9755 7.09994 -12.122 23.0813 9.5127 -9.37103 24.5418 12.142 -6.52338 25.2486 14.9146 -3.72686 25.1277 17.6926 -1.15047 24.1612 20.3618 1.08667 22.3836 22.7959 2.85421 19.8857 24.8923 4.05999 16.8132 26.5574 4.66188 13.3012 27.7238 4.66391 9.54509 28.3805 4.08406 5.71082 28.5374 2.98006 1.93912 28.2169 1.41399 -1.68106 27.4564 -0.52961 -5.04337 26.3014 -2.77467 -8.0908 24.7923 -5.24453 -10.7896 22.957 -7.87528 -13.1298 20.8266 -10.5879 -15.097 18.419 -13.3111 -16.6949 15.7437 -15.9705 -17.9342 12.8095 -18.4879 -18.8261 9.62182 -20.7834 -19.3851 6.19332 -22.7655 -19.6278 0.0709637 0.0909914 0.126027 0.125264 0.0573961 0.0480956 0.0582423 0.0621766 0.0588364 0.0700998 0.0806977 0.0912967 0.114221 0.112052 0.0979146 0.104644 0.171394 0.17034 0.14089 0.148598 0.251611 0.239522 0.182231 0.149637 0.179872 0.139896 0.0830588 0.0490535 0.0468128 0.0454992 0.0552986 -0.0220563 -0.360909 -0.418285 -0.327296 -0.297154 -0.485667 -0.442595 -0.335214 -0.293816 -0.366253 -0.362832 -0.333084 -0.309205 -0.295433 -0.281224 -0.264287 -0.238116 -0.194761 -0.169217 -0.156026 -0.153072 -0.164811 -0.165329 -0.158007 -0.144701 -0.122146 -0.102372 -0.0858668 -0.0545337 0.0194807 0.0533342 0.0653603 0.085134 0.136303 0.139113 0.120061 0.0977961 0.0764336 0.0552048 0.0374684 0.0238391 0.0145795 0.00256299 -0.0101772 0.00085349 0.0748113 0.062785 -0.00372767 -0.0446597 0.0465324 -0.0358885 -0.167582 -0.158251 0.139322 0.166146 0.107231 0.093464 0.155175 0.157291 0.144514 0.137193 0.124655 0.135701 0.165747 0.182935 0.141965 0.172027 0.232378 0.265682 0.163373
1.06883 -28.4839 -23.1262 -2.87473 -28.6069 -23.0049 -6.75179 -28.0878 -22.4751 -10.4113 -26.9241 -21.5614 -13.7124 -25.1541 -20.3154 -16.5285 -22.8633 -18.8135 -18.802 -20.1368 -17.1303 -20.4969 -17.0706 -15.3523 -21.6102 -13.7584 -13.5565 -22.1624 -10.2805 -11.806 -22.1859 -6.71212 -10.1535 -21.7204 -3.11473 -8.6346 -20.8048 0.457307 -7.26809 -19.4656 3.9757 -6.05171 -17.7386 7.37149 -4.98479 -15.6497 10.5972 -4.04513 -13.2219 13.6044 -3.19941 -10.4676 16.3501 -2.40851 -7.41875 18.7705 -1.63563 -4.1068 20.8072 -0.839964 -0.575337 22.403 0.0160559 3.12191 23.5018 0.956276 6.91404 24.0551 1.9929 10.7169 24.0257 3.1325 14.4358 23.3928 4.36924 17.9565 22.1574 5.67825 21.1889 20.3317 7.03936 24.0225 17.9495 8.4286 26.3434 15.0656 9.81847 28.0247 11.7869 11.1706 28.9732 8.20676 12.4701 29.0871 4.47956 13.6947 28.3033 0.796607 14.8023 26.61 -2.58016 15.7693 24.0805 -5.42995 16.5976 20.8632 -7.53176 17.258 17.1857 -8.73749 17.7353 13.2668 -8.98382 18.0543 9.38989 -8.30998 18.2421 5.73074 -6.85159 18.3098 2.37639 -4.78559 18.2798 -0.687476 -2.27035 18.1658 -3.4962 0.521955 17.9635 -6.14158 3.45912 17.6443 -8.72368 6.43054 17.1646 -11.3339 9.34011 16.4631 -14.0279 12.0834 15.4695 -16.8248 14.5548 14.1129 -19.6946 16.6454 12.334 -22.551 18.246 10.1074 -25.285 19.2757 7.43459 -27.7541 19.6779 4.36524 -29.8144 19.435 0.992527 -31.3334 18.5807 -2.532 -32.2428 17.176 -6.09002 -32.5049 15.3049 -9.53818 -32.1267 13.0615 -12.7451 -31.1633 10.557 -15.5788 -29.6853 7.85458 -17.9754 -27.7809 5.0206 -19.8657 -25.5455 2.11196 -21.1975 -23.0573 -0.847991 -21.9357 -20.4381 -3.78494 -22.0422 -17.7854 -6.64471 -21.511 -15.1883 -9.36848 -20.3562 -12.7093 -11.9122 -18.6016 -10.4242 -14.199 -16.3118 -8.36532 -16.1739 -13.563 -6.53989 -17.7931 -10.4419 -4.92528 -19.026 -7.02941 -3.48412 -19.8452 -3.42045 -2.15607 -20.2351 0.302044 -0.86772 -20.1859 4.05845 0.459683 -19.6925 7.76108 1.91162 -18.7535 11.3283 3.56728 -17.3755 14.6562 5.4961 -15.5836 17.6199 7.72601 -13.4389 20.0592 10.2715 -11.0137 21.8372 13.0907 -8.43575 22.8007 16.0907 -5.88217 22.8342 19.0943 -3.56098 21.8962 21.9405 -1.63715 20.029 24.4583 -0.276668 17.3647 26.5193 0.418634 14.1154 28.0259 0.421605 10.4824 28.9389 -0.21727 6.71048 29.29 -1.43132 2.98599 29.1352 -3.11475 -0.565274 28.534 -5.17226 -3.89185 27.5496 -7.49352 -6.94212 26.2345 -9.99309 -9.71406 24.6202 -12.5943 -12.2218 22.7141 -15.2376 -14.4902 20.5197 -17.8484 -16.5238 18.0257 -20.358 -18.3257 15.2177 -22.6904 -19.8882 12.0918 -24.7607 -21.1862 8.65827 -26.4801 -22.1848 4.95811 -27.7517 -22.8436 0.0834524 0.0983154 0.136987 0.146924 0.0954155 0.106853 0.141121 0.171836 0.197686 0.240527 0.284342 0.329863 0.389686 0.426151 0.451367 0.497035 0.601055 0.634786 0.636661 0.671798 0.798404 0.806067 0.765045 0.745471 0.785716 0.752402 0.698689 0.663266 0.652767 0.631643 0.601595 0.453166 -0.000470446 -0.212376 -0.294682 -0.419928 -0.723055 -0.748311 -0.676578 -0.65152 -0.730587 -0.729367 -0.699492 -0.673949 -0.657453 -0.640141 -0.620598 -0.593198 -0.55067 -0.528325 -0.520066 -0.522344 -0.537532 -0.537292 -0.523015 -0.495401 -0.451413 -0.404602 -0.357804 -0.295722 -0.193549 -0.136056 -0.106109 -0.0743872 -0.0168496 -0.0123159 -0.0331252 -0.0592911 -0.0853564 -0.110844 -0.131338 -0.145458 -0.152444 -0.159133 -0.163394 -0.140897 -0.0531445 -0.0508475 -0.104793 -0.136812 -0.0398401 -0.118515 -0.242311 -0.217245 0.104293 0.156937 0.124133 0.134353 0.215863 0.232422 0.227494 0.220713 0.201067 0.197318 0.205579 0.195439 0.123824 0.123079 0.155787 0.167063 0.0350283
-1.75331 -26.4947 -21.5586 -5.51517 -25.2993 -21.534 -9.05558 -23.5989 -21.1386 -12.2691 -21.4282 -20.402 -15.0694 -18.8443 -19.3703 -17.3853 -15.9345 -18.1038 -19.1982 -12.7639 -16.6559 -20.4975 -9.40509 -15.0858 -21.2907 -5.92521 -13.4435 -21.5962 -2.38103 -11.7673 -21.4359 1.17143 -10.0881 -20.8333 4.68361 -8.42498 -19.81 8.10908 -6.7864 -18.3761 11.4203 -5.16436 -16.5551 14.5473 -3.56466 -14.3674 17.4374 -1.97966 -11.8377 20.0365 -0.39905 -8.9876 22.297 1.18767 -5.86433 24.159 2.778 -2.5182 25.5769 4.3727 0.991628 26.5156 5.96984 4.60375 26.9508 7.55851 8.25126 26.8718 9.12398 11.8654 26.2763 10.655 15.3782 25.1706 12.1379 18.7081 23.5718 13.5485 21.7971 21.4892 14.8737 24.5607 18.9389 16.0955 26.9007 15.9454 17.19 28.6901 12.5785 18.1213 29.8197 8.89405 18.8661 30.1574 5.01931 19.3926 29.6065 1.1419 19.6519 28.1176 -2.46199 19.6307 25.7435 -5.54266 19.3508 22.6375 -7.84116 18.8268 19.0506 -9.19447 18.1137 15.2134 -9.5485 17.2952 11.4081 -8.95862 16.4633 7.80939 -7.57378 15.6556 4.49789 -5.57839 14.8983 1.45824 -3.13182 14.1902 -1.33712 -0.401257 13.5142 -3.9643 2.48871 12.8265 -6.50722 5.4374 12.0744 -9.04509 8.36267 11.1953 -11.6318 11.1791 10.1237 -14.299 13.8038 8.79435 -17.0477 16.1502 7.14817 -19.8384 18.1221 5.14752 -22.6161 19.6374 2.76682 -25.2894 20.6142 0.0139619 -27.7482 20.9861 -3.06746 -29.8595 20.7161 -6.37339 -31.5295 19.7996 -9.81299 -32.665 18.2614 -13.2487 -33.2014 16.1612 -16.5291 -33.1144 13.609 -19.4803 -32.4219 10.7006 -21.9889 -31.1717 7.55933 -23.9384 -29.4404 4.31401 -25.2428 -27.3096 1.06026 -25.8509 -24.9102 -2.0583 -25.7305 -22.3604 -4.94038 -24.9002 -19.7721 -7.50477 -23.4096 -17.2288 -9.7071 -21.3177 -14.8258 -11.4952 -18.7249 -12.6123 -12.8547 -15.7337 -10.6107 -13.7912 -12.4456 -8.81046 -14.326 -8.94625 -7.18375 -14.4869 -5.32679 -5.67452 -14.31 -1.65749 -4.20759 -13.8341 2.00236 -2.69558 -13.1001 5.59263 -1.03583 -12.1478 9.06445 0.875417 -11.0219 12.3499 3.13602 -9.77944 15.3601 5.80286 -8.49676 17.961 8.91703 -7.2516 20.0284 12.4413 -6.15168 21.4037 16.2543 -5.32347 21.949 20.1206 -4.8733 21.5776 23.814 -4.86269 20.294 27.08 -5.33167 18.1959 29.7183 -6.26662 15.4658 31.5953 -7.59903 12.2767 32.6613 -9.21555 8.85332 32.9484 -11.0366 5.37909 32.5391 -12.9757 1.98174 31.5228 -14.9729 -1.28005 29.9974 -16.9609 -4.34307 28.045 -18.8985 -7.18822 25.728 -20.7456 -9.81139 23.0817 -22.4682 -12.2189 20.1446 -24.0162 -14.3969 16.941 -25.3385 -16.3342 13.4957 -26.3766 -18.0132 9.84508 -27.0683 -19.4048 6.03595 -27.3539 -20.478 2.13916 -27.1765 -21.203 0.319077 0.294508 0.298928 0.280818 0.207698 0.202939 0.225992 0.249741 0.272175 0.314603 0.36064 0.410656 0.477422 0.523612 0.56171 0.623787 0.748115 0.805761 0.834474 0.898115 1.05319 1.08746 1.06937 1.06746 1.11873 1.08946 1.03223 0.985614 0.956345 0.908753 0.843245 0.648473 0.133191 -0.154936 -0.324231 -0.5351 -0.913502 -0.998111 -0.970374 -0.975322 -1.07297 -1.08213 -1.05708 -1.0327 -1.0151 -0.995214 -0.971989 -0.939882 -0.891785 -0.863271 -0.849174 -0.847405 -0.862131 -0.866921 -0.864499 -0.855945 -0.837233 -0.819897 -0.804155 -0.771722 -0.6944 -0.655324 -0.636125 -0.607315 -0.545473 -0.530991 -0.538105 -0.548952 -0.559983 -0.572121 -0.58161 -0.586806 -0.585909 -0.584016 -0.576476 -0.535432 -0.417466 -0.365936 -0.342707 -0.258891 -0.0048311 0.0985101 0.149596 0.311558 0.722379 0.821759 0.809463 0.825533 0.905312 0.91596 0.902115 0.883382 0.847962 0.823599 0.805435 0.762537 0.651956 0.607257 0.593183 0.558014 0.14936
-3.43286 -25.9545 -21.3487 -6.55046 -23.5352 -21.444 -9.36243 -20.7802 -21.1521 -11.8069 -17.7506 -20.4982 -13.8422 -14.5126 -19.5209 -15.4412 -11.1489 -18.2706 -16.6127 -7.70308 -16.7907 -17.3661 -4.22362 -15.1291 -17.7208 -0.750808 -13.3265 -17.6996 2.68522 -11.414 -17.3248 6.0525 -9.41744 -16.6164 9.32391 -7.35322 -15.5918 12.4709 -5.22912 -14.2554 15.4792 -3.03458 -12.6239 18.2925 -0.781464 -10.7087 20.8675 1.53227 -8.52474 23.1561 3.90816 -6.08201 25.113 6.34828 -3.41229 26.6787 8.83267 -0.551114 27.8035 11.3424 2.45591 28.4452 13.8517 5.56042 28.5711 16.323 8.7058 28.1624 18.7106 11.829 27.2108 20.9691 14.8654 25.7214 23.0483 17.7386 23.7198 24.8847 20.393 21.2287 26.4287 22.7514 18.2881 27.6225 24.7305 14.9557 28.4055 26.2306 11.3423 28.7177 27.1751 7.53773 28.5199 27.4748 3.69356 27.7868 27.0802 0.00161443 26.5144 25.9627 -3.30116 24.7685 24.1567 -6.03861 22.659 21.7611 -8.02875 20.3126 18.9314 -9.1651 17.8821 15.7966 -9.42207 15.5099 12.548 -8.85002 13.3561 9.3266 -7.56266 11.4889 6.21741 -5.7081 9.93502 3.23498 -3.41869 8.67388 0.394485 -0.840654 7.66781 -2.33421 1.91664 6.84413 -4.99784 4.76424 6.12091 -7.64991 7.63311 5.40888 -10.331 10.454 4.61793 -13.0723 13.1622 3.65781 -15.8863 15.6873 2.44277 -18.753 17.9432 0.90273 -21.6417 19.8486 -1.02193 -24.4836 21.3083 -3.36109 -27.1836 22.2278 -6.10774 -29.6088 22.5251 -9.18826 -31.6553 22.1529 -12.5249 -33.2054 21.0915 -15.9788 -34.1622 19.3664 -19.38 -34.4641 17.0692 -22.5205 -34.1042 14.3017 -25.2486 -33.1117 11.2075 -27.41 -31.5556 7.94861 -28.8896 -29.5212 4.65864 -29.6204 -27.148 1.51822 -29.5663 -24.5674 -1.34208 -28.7561 -21.9035 -3.8236 -27.2585 -19.2482 -5.87579 -25.1531 -16.702 -7.45318 -22.5602 -14.3154 -8.55612 -19.5967 -12.1098 -9.21109 -16.3716 -10.0728 -9.46287 -12.9716 -8.17712 -9.36642 -9.48312 -6.3693 -8.9864 -5.96741 -4.58054 -8.39254 -2.47164 -2.73471 -7.66029 0.959361 -0.743964 -6.86749 4.29455 1.47523 -6.10013 7.48851 3.99475 -5.45556 10.4804 6.845 -5.03866 13.1683 10.0479 -4.94737 15.4608 13.5531 -5.27947 17.2286 17.2378 -6.11306 18.3468 20.8914 -7.45882 18.7055 24.3219 -9.28224 18.2626 27.3001 -11.5023 17.0419 29.641 -13.9986 15.1504 31.2305 -16.6326 12.7002 32.0291 -19.2427 9.86848 32.0555 -21.7305 6.82228 31.3835 -24.0177 3.69396 30.0968 -26.0646 0.560978 28.2936 -27.827 -2.48925 26.0591 -29.2897 -5.40953 23.4665 -30.4385 -8.17002 20.567 -31.2599 -10.7553 17.4214 -31.7298 -13.1325 14.0799 -31.824 -15.2752 10.5959 -31.5153 -17.1547 7.0308 -30.7818 -18.734 3.45023 -29.6096 -19.9783 -0.0662026 -27.9956 -20.8567 0.522901 0.465689 0.443383 0.404709 0.317144 0.303125 0.321526 0.344569 0.369772 0.418192 0.47305 0.534775 0.616607 0.681598 0.742414 0.831141 0.985885 1.07728 1.14211 1.24308 1.43558 1.50606 1.52198 1.5509 1.6289 1.62082 1.57762 1.53539 1.49766 1.42501 1.31346 1.04817 0.43287 0.0121024 -0.308597 -0.660047 -1.15051 -1.31993 -1.35286 -1.39703 -1.51686 -1.53653 -1.51519 -1.49128 -1.47329 -1.45356 -1.43159 -1.40184 -1.3569 -1.33184 -1.32108 -1.3221 -1.33887 -1.34495 -1.34326 -1.33513 -1.31681 -1.30003 -1.28507 -1.25337 -1.1761 -1.13601 -1.11418 -1.08078 -1.01225 -0.989351 -0.986829 -0.987574 -0.988847 -0.992268 -0.994507 -0.993836 -0.987752 -0.979837 -0.962912 -0.905547 -0.759758 -0.663715 -0.574335 -0.398076 -0.0249037 0.217258 0.410078 0.697606 1.20751 1.37671 1.41091 1.45451 1.54745 1.56033 1.54038 1.5088 1.45453 1.40568 1.35763 1.27989 1.13029 1.04393 0.987411 0.911137 0.260846
-4.22258 -24.0875 -19.34 -6.36969 -20.7753 -19.3741 -8.21534 -17.2992 -19.0706 -9.74342 -13.7133 -18.4472 -10.9477 -10.0685 -17.5267 -11.8281 -6.42871 -16.3386 -12.4014 -2.81634 -14.904 -12.6807 0.735957 -13.2492 -12.6834 4.20066 -11.3968 -12.428 7.55777 -9.36468 -11.9323 10.7835 -7.17062 -11.2124 13.8586 -4.82733 -10.2828 16.7624 -2.34364 -9.14715 19.4878 0.289761 -7.8187 21.989 3.05226 -6.30425 24.2332 5.93706 -4.61059 26.1813 8.93521 -2.73679 27.7939 12.0399 -0.695229 29.0159 15.2163 1.5004 29.7959 18.429 3.82771 30.0837 21.6308 6.26165 29.8352 24.7573 8.76496 29.0189 27.7285 11.2857 27.618 30.4569 13.7618 25.6392 32.8473 16.1172 23.1288 34.7925 18.2894 20.1446 36.2107 20.1995 16.78 37.026 21.7742 13.1563 37.1831 22.942 9.44576 36.6612 23.6644 5.77574 35.4717 23.9052 2.30285 33.6591 23.6662 -0.821709 31.2957 22.9491 -3.45058 28.5065 21.7797 -5.51851 25.4142 20.211 -6.95244 22.1449 18.3113 -7.72624 18.8285 16.1124 -7.84824 15.562 13.6934 -7.35661 12.4916 11.1214 -6.31357 9.69565 8.44548 -4.80298 7.23008 5.67983 -2.90441 5.11508 2.8721 -0.719561 3.3629 0.0603723 1.67598 1.91986 -2.73828 4.21502 0.716622 -5.52624 6.84354 -0.326916 -8.30907 9.50674 -1.29364 -11.1021 12.1553 -2.271 -13.9211 14.7371 -3.3474 -16.7686 17.1841 -4.60564 -19.6518 19.43 -6.12962 -22.5504 21.3838 -7.98968 -25.4182 22.9367 -10.2356 -28.1567 23.9615 -12.8642 -30.6744 24.3511 -15.8591 -32.831 24.0034 -19.1283 -34.4718 22.8621 -22.5143 -35.4495 20.9579 -25.7775 -35.6805 18.3831 -28.7011 -35.1337 15.3163 -31.052 -33.8538 11.9936 -32.6497 -31.9396 8.63561 -33.3954 -29.5661 5.4979 -33.2608 -26.9088 2.75117 -32.3166 -24.1265 0.493874 -30.6854 -21.3272 -1.25355 -28.4933 -18.6121 -2.49769 -25.8904 -16.0218 -3.29396 -23.0005 -13.5649 -3.71771 -19.9217 -11.2194 -3.85162 -16.7197 -8.95758 -3.77817 -13.456 -6.73494 -3.57895 -10.1707 -4.50158 -3.33277 -6.89587 -2.21025 -3.11672 -3.66813 0.191881 -3.0056 -0.516533 2.74703 -3.07413 2.5136 5.48416 -3.39731 5.36295 8.39591 -4.03955 7.93817 11.4613 -5.06639 10.1901 14.6085 -6.5327 12.0523 17.7369 -8.47172 13.4578 20.7087 -10.8594 14.3276 23.4206 -13.6617 14.6149 25.732 -16.7984 14.2881 27.5146 -20.1529 13.3615 28.6749 -23.5915 11.8452 29.1566 -26.9271 9.81775 28.934 -30.0117 7.38788 28.0387 -32.714 4.674 26.5274 -34.944 1.77508 24.4955 -36.6176 -1.17985 22.0425 -37.7032 -4.08936 19.2727 -38.1936 -6.87299 16.2747 -38.1003 -9.47471 13.1485 -37.4472 -11.8342 9.97733 -36.2692 -13.913 6.83645 -34.6065 -15.6839 3.7933 -32.5065 -17.1232 0.902447 -30.0183 -18.2161 -1.78411 -27.1937 -18.9552 0.432375 0.348463 0.302954 0.244896 0.141891 0.115918 0.12575 0.143454 0.166442 0.215795 0.27455 0.343231 0.435439 0.514494 0.593163 0.703595 0.883875 1.00443 1.1014 1.23666 1.46471 1.5707 1.62094 1.68177 1.78803 1.80245 1.77435 1.73772 1.69416 1.6029 1.45964 1.1507 0.479342 -0.0196533 -0.433757 -0.867822 -1.42107 -1.64388 -1.72078 -1.7973 -1.93725 -1.96746 -1.9504 -1.92718 -1.90836 -1.88739 -1.86426 -1.83353 -1.78781 -1.76221 -1.75146 -1.75356 -1.77297 -1.78383 -1.78928 -1.79052 -1.78314 -1.77794 -1.77407 -1.75169 -1.68023 -1.64239 -1.61872 -1.57962 -1.5022 -1.46828 -1.45382 -1.44291 -1.43378 -1.42861 -1.42412 -1.41808 -1.40696 -1.39289 -1.36675 -1.29477 -1.12584 -0.998076 -0.867227 -0.637224 -0.197235 0.127272 0.411344 0.787132 1.37361 1.60523 1.68884 1.76866 1.88579 1.91133 1.89424 1.85714 1.79 1.72207 1.64968 1.54347 1.36229 1.24268 1.1527 1.04413 0.4551
-3.12408 -22.9468 -19.9074 -5.20766 -19.5964 -19.7834 -7.05365 -16.1346 -19.3466 -8.65214 -12.5994 -18.6195 -9.99703 -9.02405 -17.6242 -11.0805 -5.45635 -16.3864 -11.9071 -1.90591 -14.9209 -12.481 1.5986 -13.2404 -12.8101 5.02883 -11.3533 -12.9022 8.35972 -9.26496 -12.7635 11.5602 -6.98399 -12.4005 14.6016 -4.51765 -11.8195 17.4537 -1.87313 -11.0142 20.1039 0.951752 -9.98353 22.5064 3.92138 -8.72489 24.6302 7.01279 -7.2385 26.442 10.2004 -5.51936 27.9106 13.462 -3.57631 28.9937 16.7487 -1.42123 29.6531 20.0154 0.925021 29.8521 23.2101 3.43833 29.5588 26.2692 6.08166 28.7509 29.119 8.80247 27.4137 31.6822 11.5361 25.5503 33.8767 14.1984 23.1968 35.6109 16.7171 20.397 36.8158 18.999 17.2263 37.4271 20.9521 13.7883 37.3994 22.482 10.2383 36.7203 23.5339 6.69305 35.4048 24.0553 3.30098 33.5004 24.0358 0.211553 31.0796 23.4715 -2.4282 28.2656 22.3927 -4.5475 25.1751 20.858 -6.06246 21.9263 18.9483 -6.9321 18.6395 16.7118 -7.14736 15.4035 14.2492 -6.72205 12.358 11.6526 -5.69303 9.57945 8.9801 -4.14102 7.13607 6.22887 -2.16994 5.0691 3.46412 0.0993501 3.35635 0.714179 2.5767 1.93242 -2.01542 5.18636 0.721671 -4.73631 7.86981 -0.358566 -7.46018 10.5693 -1.39036 -10.2051 13.2333 -2.45803 -12.9863 15.8073 -3.64536 -15.8054 18.2202 -5.02754 -18.6743 20.3974 -6.6734 -21.5766 22.2406 -8.63772 -24.4688 23.6359 -10.9545 -27.2537 24.4564 -13.6061 -29.84 24.5966 -16.5644 -32.0854 23.9637 -19.7294 -33.8312 22.5172 -22.9417 -34.9223 20.3117 -25.971 -35.268 17.4619 -28.6148 -34.8281 14.1697 -30.6639 -33.6386 10.6882 -31.9656 -31.7916 7.24509 -32.4457 -29.455 4.09597 -32.099 -26.8008 1.4011 -31.0079 -23.9868 -0.755412 -29.2968 -21.1217 -2.36719 -27.0858 -18.3113 -3.4553 -24.5145 -15.6026 -4.08731 -21.6933 -13.0127 -4.34861 -18.7068 -10.5291 -4.33054 -15.6077 -8.13389 -4.12391 -12.4466 -5.78319 -3.81346 -9.2605 -3.42915 -3.48272 -6.07902 -1.02733 -3.21523 -2.93654 1.47172 -3.09401 0.138363 4.10528 -3.20438 3.09939 6.89428 -3.63359 5.88367 9.82069 -4.45752 8.38968 12.8506 -5.74768 10.5524 15.8702 -7.55654 12.3224 18.7826 -9.86382 13.6325 21.473 -12.593 14.409 23.868 -15.6772 14.6109 25.864 -19.0158 14.2125 27.3688 -22.4873 13.226 28.3161 -25.9656 11.6534 28.6656 -29.2779 9.56167 28.3901 -32.287 7.04403 27.5079 -34.8681 4.21054 26.0579 -36.9303 1.15996 24.1179 -38.3865 -1.9668 21.7746 -39.2027 -5.04955 19.1264 -39.3744 -7.98535 16.2622 -38.9216 -10.6977 13.2834 -37.8869 -13.1107 10.2745 -36.3274 -15.1795 7.30876 -34.307 -16.8791 4.44646 -31.8957 -18.1962 1.73053 -29.1587 -19.1319 -0.802017 -26.1572 -19.6968 5.29326 5.21225 5.17034 5.11622 5.0173 4.99538 5.00901 5.03051 5.05753 5.11133 5.17499 5.24927 5.34804 5.43436 5.52054 5.6382 5.82481 5.94992 6.04906 6.18349 6.40725 6.50532 6.54393 6.58942 6.67683 6.66962 6.61785 6.55666 6.48908 6.37567 6.21305 5.88778 5.20285 4.69438 4.27708 3.84462 3.29282 3.06989 2.99045 2.91069 2.76794 2.73445 2.74781 2.76729 2.7827 2.80074 2.82147 2.85041 2.89493 2.91909 2.92763 2.92164 2.89555 2.87414 2.85341 2.83193 2.8149 2.79317 2.76988 2.76744 2.81872 2.84224 2.85766 2.89381 2.97219 3.00947 3.02817 3.04309 3.0552 3.06187 3.06642 3.07128 3.08026 3.09164 3.115 3.18468 3.35284 3.48342 3.61778 3.85715 4.31207 4.6536 4.95075 5.33354 5.92247 6.15505 6.23689 6.31131 6.41962 6.43368 6.40344 6.35252 6.27164 6.19072 6.10658 5.99025 5.80095 5.6756 5.58242 5.47326 0.0256581
