# num_vectors 116
# vector_size 101
-13.7394 -20.7859 -18.1892 1.86834 -20.0962 -20.4779 15.237 -11.7973 -18.4051 23.9071 -1.05565 -10.5494 26.813 6.41379 3.10185 23.5259 5.38537 18.4533 15.4896 -4.20333 27.8401 5.45784 -16.3154 26.8165 -3.87998 -24.8506 17.2554 -12.0643 -26.7771 3.7764 -19.6795 -20.8751 -8.80535 -26.3051 -7.89957 -14.779 -29.4646 6.54094 -9.76081 -26.1171 15.4895 2.73217 -16.9591 16.3305 15.6279 -4.03544 11.6635 23.5978 10.8345 6.15116 23.9086 24.1028 4.61257 15.5488 29.1974 9.65005 1.69486 23.4263 18.0442 -10.2504 10.1277 24.298 -16.0957 -5.73864 24.6932 -16.6092 -19.8475 17.7116 -14.5621 -27.7946 4.12533 -12.9243 -25.6896 -11.4151 -14.147 6.17346 6.03221 5.94181 5.89732 5.82588 5.74386 5.73296 5.87368 5.92013 5.86741 5.85057 5.87729 5.83833 5.78404 5.77926 5.8048 5.93051 6.00683 6.05427 5.99129 5.7657 5.9067 6.00918 6.08652 1.12476 -6.19541
-12.7029 -21.3142 -19.7057 2.82207 -19.6609 -22.063 15.7261 -10.766 -19.5615 24.0186 -0.0308901 -11.2997 27.0535 7.1448 2.48043 24.2251 5.89763 17.9068 16.6111 -3.91076 27.4179 6.73423 -16.1521 26.4263 -2.62304 -24.6012 16.808 -10.9076 -26.3781 3.36967 -18.7227 -20.5344 -9.11645 -25.6975 -7.76362 -15.1336 -29.2578 6.55624 -10.0387 -26.1303 15.4403 2.55691 -17.0459 16.2887 15.5041 -4.13019 11.7318 23.5503 10.8015 6.40639 24.0806 24.2822 4.99469 16.0445 29.7307 10.0381 2.32807 24.0189 18.2103 -9.79817 10.5058 23.9314 -15.6971 -5.36916 23.7228 -16.0198 -19.3154 16.4364 -13.9208 -27.1979 2.76534 -12.7405 -24.9429 -12.6308 -15.0431 5.70578 5.48959 5.35036 5.25981 5.15715 5.05071 5.02264 5.16451 5.21018 5.15267 5.14213 5.18013 5.15074 5.0969 5.09379 5.06629 5.18556 5.26038 5.2832 5.16633 4.94591 5.10109 5.22822 5.26526 0.650816 -6.28857
-11.8289 -20.8297 -21.2639 3.58614 -18.3881 -23.6579 16.2758 -9.28312 -20.8359 24.505 1.15875 -12.1461 27.5479 7.76564 1.91387 24.5517 6.13031 17.2722 16.8009 -3.76131 26.5845 6.93475 -16.0073 25.5449 -2.34503 -24.5685 15.9506 -10.5628 -26.3763 2.47543 -18.3346 -20.3618 -9.95645 -25.3373 -7.4488 -15.6279 -29.0611 6.6392 -10.0284 -25.9215 15.1564 2.81513 -16.6662 15.9121 15.6465 -3.50212 11.6455 23.4456 11.6082 6.83027 23.7449 25.0609 5.86492 15.5966 30.3026 11.0468 1.85115 24.2521 18.9664 -10.2783 10.4006 24.1883 -15.8462 -5.46346 23.5051 -15.6876 -19.2465 15.9621 -13.4233 -26.9677 2.16854 -12.6862 -24.3855 -12.9936 -15.9832 5.04589 4.74634 4.5704 4.46696 4.36909 4.26126 4.22516 4.35323 4.39863 4.34267 4.32759 4.36452 4.34731 4.30482 4.32773 4.32322 4.34734 4.417 4.41219 4.22506 4.02764 4.22062 4.37123 4.36744 0.0482247 -6.26056
-12.6955 -19.9972 -21.3448 2.68753 -17.6452 -24.0182 15.5487 -8.82259 -21.0781 23.9004 1.18316 -12.0008 26.9815 7.23416 2.29911 24.0759 5.10354 17.6141 16.2862 -5.13342 26.5116 6.50848 -17.4235 25.194 -2.83 -25.7974 15.492 -11.2127 -27.1943 2.06967 -19.0383 -20.7058 -10.0871 -25.8672 -7.52466 -15.3379 -29.3007 6.49334 -9.3882 -25.8253 14.6763 3.58555 -16.3072 15.0003 16.2416 -3.01248 10.4703 23.6611 12.1008 5.65697 23.5341 25.3258 4.93253 14.9973 30.4251 10.5279 1.36094 24.1988 18.6532 -10.5414 10.2778 24.0583 -15.7494 -5.5886 23.7161 -15.2008 -19.5132 16.5254 -12.6723 -27.4794 2.87012 -11.9676 -25.0967 -12.2515 -15.5851 4.26553 3.91478 3.73572 3.63184 3.52578 3.42197 3.37323 3.49832 3.55528 3.49256 3.46072 3.48134 3.45202 3.40376 3.43071 3.52608 3.48356 3.53607 3.51729 3.28545 3.07076 3.29661 3.46426 3.46899 -0.688744 -6.3566
-13.5027 -20.7401 -21.5413 1.79381 -18.1094 -24.4417 14.358 -8.95364 -21.2474 22.248 1.25143 -11.9808 25.2241 7.4523 2.27706 22.895 5.43723 17.7058 15.9048 -4.87227 27.1658 6.70547 -17.6166 26.0083 -2.27335 -26.1097 16.0732 -10.612 -27.4363 2.61634 -18.8419 -21.1394 -9.37308 -26.2678 -8.24645 -14.5283 -29.8379 5.70315 -8.49878 -26.2479 13.8725 4.4523 -16.4773 14.3037 16.9112 -2.90811 10.0864 24.0114 12.3251 5.68805 23.5638 25.4319 5.09374 14.8368 30.3842 9.99994 0.884476 24.078 17.5862 -11.3276 10.0661 22.8398 -16.4458 -5.77041 22.5763 -15.3069 -19.6297 15.5465 -12.067 -27.7224 1.98437 -11.066 -25.6116 -13.0735 -15.0949 3.57809 3.21314 3.03871 2.91609 2.77543 2.63453 2.5688 2.6861 2.73528 2.6812 2.67069 2.70646 2.67799 2.62666 2.67304 2.79489 2.67658 2.73225 2.71888 2.51018 2.24907 2.48093 2.69403 2.73166 -1.19175 -6.32982
-13.6717 -20.8199 -22.439 1.76803 -18.6601 -24.942 14.4199 -9.73531 -21.4537 22.1413 0.622672 -12.2147 24.8017 7.46038 1.81256 22.1129 6.28019 17.2692 14.7246 -3.6408 26.8413 5.65998 -16.4651 25.5163 -2.64495 -25.2216 15.2299 -10.247 -26.777 1.36742 -18.2257 -20.524 -10.8132 -26.1286 -7.72207 -15.4609 -30.5774 5.49832 -8.45224 -27.3652 12.9139 5.04024 -17.2657 13.1689 17.239 -3.29563 9.37479 23.7784 12.1038 5.61194 23.236 25.5681 5.46918 15.051 31.2997 10.5213 1.45371 25.4056 18.0223 -11.0141 11.368 22.9387 -16.3906 -4.47418 22.4159 -15.4354 -18.4991 15.5496 -12.5803 -27.2014 2.3428 -12.0551 -25.634 -12.7436 -16.2232 2.78812 2.48168 2.34746 2.24692 2.11862 2.0023 1.95628 2.0446 2.04651 1.99074 1.99702 2.06161 2.09003 2.06889 2.16532 2.25447 2.04056 2.1104 2.09198 1.87654 1.64456 1.93326 2.2116 2.27275 -1.75545 -6.21974
-13.0749 -20.6373 -24.6011 2.35378 -18.0078 -26.6883 14.5892 -9.02381 -22.0544 21.4914 1.02786 -11.8764 23.5371 7.60705 2.37585 20.8419 6.50259 17.8371 13.5417 -3.66706 27.2139 5.00891 -16.7947 25.413 -2.53126 -25.5689 14.5679 -9.52715 -26.7819 0.356465 -17.2993 -20.1096 -11.7349 -25.4578 -7.28327 -15.8425 -30.5067 5.33482 -8.16235 -27.6286 12.2599 5.66214 -17.2978 12.5224 17.6655 -2.96151 9.04388 23.5553 12.4837 5.58223 22.527 26.1946 5.63443 14.761 32.6159 10.8011 1.51965 26.7703 18.1721 -11.048 12.4051 22.5199 -16.0348 -3.35761 21.4116 -14.4631 -17.2972 14.3918 -11.5634 -26.306 1.38618 -11.91 -25.0249 -13.23 -17.5806 2.43757 2.10226 1.98412 1.88094 1.72997 1.6188 1.56584 1.61946 1.58462 1.51294 1.51769 1.60161 1.6749 1.67695 1.80662 1.93231 1.59684 1.67769 1.64075 1.32526 1.10599 1.4797 1.84767 1.92557 -1.86782 -6.10371
-12.354 -20.469 -23.7598 3.1896 -18.2502 -25.4298 15.4263 -9.48516 -20.397 21.9845 0.596826 -10.0235 23.2834 7.33005 4.24439 19.7199 6.12564 19.5212 12.5384 -4.37646 28.6191 4.45873 -17.7268 26.4115 -2.63577 -26.331 15.138 -9.29119 -27.1883 0.738329 -16.8388 -20.4168 -11.4399 -24.8457 -7.6242 -15.9328 -29.5968 5.38088 -8.72264 -26.8518 12.4111 5.07583 -17.0008 12.4502 17.4787 -2.92576 8.87881 23.9177 12.5767 5.60204 23.1879 26.0977 5.93062 15.1023 32.0073 11.0553 1.60863 26.3034 18.291 -11.1021 12.2142 22.9608 -16.5626 -3.59443 22.3104 -15.2113 -17.4915 15.3213 -12.046 -26.0293 1.99745 -11.9657 -24.3426 -12.7607 -17.1406 1.77622 1.48993 1.40693 1.33535 1.207 1.08477 1.01964 1.05599 0.995645 0.901038 0.8985 0.973769 1.02672 1.02834 1.16048 1.25967 0.970771 1.04409 1.01928 0.808425 0.538623 0.834643 1.13358 1.20218 -2.65552 -6.26231
-12.0803 -20.9977 -23.4006 3.49788 -18.7329 -24.6273 15.5585 -10.0179 -19.1063 21.6428 0.198449 -8.5767 22.3302 7.32758 5.54064 18.3467 6.40989 20.7334 11.3669 -4.34152 29.696 3.95233 -18.0047 27.1025 -2.53439 -26.6302 15.4844 -9.04711 -27.4721 1.01868 -16.8781 -20.8889 -11.0836 -25.201 -8.29094 -15.5523 -29.792 4.79549 -8.38582 -26.7059 11.9152 5.29421 -16.7621 12.0512 17.6221 -2.67225 8.65476 24.1231 12.8832 5.68979 23.2103 26.0252 6.59582 14.5634 30.9469 11.9949 0.783343 24.4341 18.9957 -11.6675 10.084 23.3186 -16.7188 -5.66875 22.3243 -14.98 -19.1941 14.7562 -11.5472 -26.8582 0.911226 -11.5074 -24.3545 -13.6556 -16.8894 1.43622 1.1655 1.11278 1.06203 0.937153 0.812158 0.732869 0.732403 0.647999 0.560407 0.572439 0.651332 0.689348 0.686594 0.826709 0.939535 0.618096 0.674036 0.613118 0.366229 0.123433 0.387884 0.638007 0.684726 -3.13908 -6.34142
-10.7406 -22.1448 -23.0947 4.88521 -20.0296 -23.9165 16.8553 -11.2977 -18.2277 22.6342 -0.773067 -7.83046 22.7433 6.92777 6 18.0944 6.50136 21.0245 11.0923 -4.31938 29.8857 4.12418 -18.2084 27.2537 -1.96236 -27.1333 15.6452 -8.29145 -28.1687 1.11077 -16.0105 -21.5477 -11.0427 -24.1927 -8.85278 -15.4967 -28.7446 4.2698 -8.37143 -25.5821 11.4712 5.24826 -15.5088 11.6175 17.4705 -1.36692 8.19631 23.8442 14.2387 5.5115 22.9193 27.3156 7.44754 14.3434 31.8383 13.6768 0.778512 24.845 20.6329 -11.4345 10.2248 24.1253 -16.3521 -5.43588 22.1265 -14.6464 -18.6124 13.8724 -11.4457 -25.8951 -0.175744 -11.6316 -23.162 -14.7168 -16.9717 1.2076 0.980206 0.956664 0.93489 0.830356 0.710979 0.615802 0.58166 0.490994 0.408467 0.416482 0.492668 0.528207 0.518624 0.657961 0.775631 0.402199 0.450758 0.339155 0.028895 -0.131196 0.131993 0.39078 0.448465 -3.47512 -6.39539
-10.146 -22.2119 -22.4913 5.55712 -20.6232 -22.9411 17.4808 -12.0943 -16.8607 22.6374 -1.48323 -6.2267 21.7308 6.33799 7.50659 16.1689 5.91693 22.2178 9.00855 -5.17867 30.5996 2.77619 -19.296 27.3991 -2.28384 -28.2307 15.315 -7.8896 -29.0148 0.471094 -15.28 -22.0019 -11.6668 -23.4637 -9.17728 -15.7295 -28.3015 3.59426 -8.16809 -25.3929 10.4429 5.68807 -15.2599 10.5021 17.8616 -0.930203 7.31182 23.9282 14.7467 5.16805 22.8162 27.8096 8.03503 14.4829 32.3849 14.7526 1.17112 25.3792 21.7984 -10.9833 10.7288 25.0754 -15.9589 -4.9142 22.7979 -14.4522 -18.0445 14.3676 -11.5334 -25.2663 0.289681 -11.8199 -22.519 -14.38 -16.7881 0.988384 0.816876 0.840496 0.854154 0.767911 0.658313 0.550597 0.464546 0.328132 0.226521 0.224608 0.306177 0.368991 0.375246 0.543799 0.659676 0.196462 0.24412 0.113181 -0.212932 -0.340053 -0.0735196 0.177772 0.237026 -3.80898 -6.53459
-10.7217 -21.3358 -22.1006 5.01777 -20.078 -22.1019 16.7393 -11.5336 -15.6606 21.2776 -0.708017 -4.96128 19.6664 7.18105 8.66823 13.8068 6.40238 23.2487 6.78079 -5.18026 31.0663 1.60859 -19.5036 27.0073 -2.2897 -28.1708 14.3132 -7.4064 -28.6685 -0.71847 -15.1004 -21.6075 -12.6379 -23.8803 -9.00221 -16.0972 -28.8262 3.41978 -8.03964 -25.8373 9.97862 5.9391 -15.6828 10.1211 18.094 -1.26604 7.42024 24.1917 14.4797 5.95895 22.9539 27.5044 8.90923 14.59 32.0013 15.2605 1.07329 24.9755 22.0569 -11.2108 10.3667 25.5564 -16.1571 -5.3282 23.7599 -14.5437 -18.6261 15.6031 -11.6066 -25.8658 1.53654 -11.9827 -23.0492 -13.1836 -16.7591 0.850615 0.739218 0.798184 0.82593 0.733681 0.628896 0.504764 0.359249 0.168977 0.065454 0.0801497 0.176511 0.25513 0.278969 0.483038 0.560899 0.0576132 0.108076 -0.0155516 -0.305081 -0.449944 -0.16825 0.0604735 0.103306 -4.04761 -6.63325
-10.0658 -21.2314 -22.9996 5.65529 -19.7953 -22.6866 17.074 -11.1048 -15.906 21.0875 -0.178832 -5.09947 18.9205 7.83972 8.37657 12.5823 7.2056 22.7626 5.48141 -4.40713 30.4671 0.680634 -18.8601 26.411 -2.61985 -27.7875 13.7277 -7.1876 -28.5866 -1.46694 -14.5757 -21.707 -13.6823 -23.4499 -9.212 -17.2978 -28.8432 2.9195 -9.08621 -26.2493 9.25597 5.07281 -16.2258 9.54661 17.3334 -1.75063 7.37512 23.5037 14.0627 6.76199 22.427 26.9886 10.6698 14.3059 31.421 17.5378 1.02255 24.4186 24.1848 -11.3564 9.81838 27.0226 -16.7331 -5.80839 24.4455 -15.583 -18.8181 15.7483 -12.9185 -25.6818 1.4939 -13.2738 -22.5724 -13.2318 -17.8471 0.799998 0.697744 0.770184 0.810525 0.727951 0.626894 0.490532 0.313233 0.0963105 -0.0109658 0.0118629 0.122296 0.22814 0.273536 0.51201 0.508013 -0.0422589 0.00562253 -0.14299 -0.40709 -0.499316 -0.25685 -0.0438485 -0.0103602 -4.2171 -6.66026
-10.1438 -22.3597 -22.8543 5.59051 -21.2879 -22.0829 16.8652 -12.4699 -15.2264 20.4582 -1.08693 -4.74859 17.7909 7.51613 8.26947 11.1372 7.25963 22.5241 4.41668 -4.61107 30.1764 0.716118 -19.2442 25.642 -1.46413 -27.7411 12.4318 -5.67054 -28.0192 -2.88508 -13.7337 -21.1597 -14.6775 -23.7619 -9.33981 -17.447 -29.7146 2.05824 -8.59591 -26.8824 7.97764 5.69731 -16.3329 8.19509 17.5099 -1.59861 6.46892 23.188 14.2173 6.95513 22.085 26.877 12.0079 14.1792 30.9093 19.3669 1.03191 23.4726 25.6071 -11.3053 8.68226 27.5923 -16.5431 -6.80359 24.3006 -15.3128 -19.5276 15.1153 -12.9208 -25.9823 0.688237 -13.708 -22.6241 -13.9916 -18.2526 0.696622 0.666683 0.775444 0.836224 0.755291 0.646775 0.49224 0.274702 0.0147153 -0.0886442 -0.0264911 0.13108 0.268495 0.322248 0.613865 0.552823 -0.0762939 -0.035673 -0.235899 -0.516551 -0.543709 -0.283202 -0.0775527 -0.0406366 -4.41089 -6.66089
-10.2019 -21.7175 -24.2964 5.48775 -20.2809 -23.2555 16.2398 -11.4417 -15.6298 19.009 -0.346997 -4.60688 15.6137 7.80728 8.52997 8.69521 6.97019 22.6355 2.46496 -5.366 29.9594 -0.538098 -20.0735 25.1576 -2.28422 -28.463 11.815 -6.23881 -28.6029 -3.57073 -14.0728 -21.6037 -15.4353 -23.9004 -9.62563 -18.2444 -29.5489 1.98326 -9.46836 -26.6964 7.59239 4.94543 -16.4008 7.42417 16.9807 -1.79108 5.79228 22.9985 14.0015 6.97048 22.1031 26.3752 12.5873 14.1253 30.003 20.1819 0.994197 22.3333 26.3787 -11.2217 7.48864 28.1568 -16.3797 -7.91684 24.5549 -15.0168 -20.3614 15.0276 -12.4953 -26.4229 0.458844 -13.6921 -22.7905 -13.8343 -19.1641 0.820047 0.761902 0.874114 0.93782 0.84818 0.719942 0.536117 0.288343 0.00944926 -0.108277 -0.0572218 0.0856859 0.205269 0.268092 0.585373 0.493747 -0.147802 -0.118856 -0.338862 -0.629142 -0.654675 -0.41687 -0.203671 -0.152615 -4.26469 -6.76354
-10.972 -21.6408 -24.7011 4.65767 -19.8403 -23.366 14.9056 -10.6804 -15.4309 17.2316 0.558085 -4.45121 13.8699 8.83563 8.61703 7.55102 7.98763 23.0005 2.30448 -4.667 30.5484 0.286407 -19.4462 25.4603 -0.880963 -27.3692 11.7738 -4.70849 -27.0203 -3.64081 -12.661 -20.0216 -15.4265 -22.9174 -8.48343 -18.5291 -29.3725 2.83553 -9.93229 -26.9324 8.17297 4.65934 -16.8331 8.03661 16.8603 -2.29147 6.67309 23.1056 13.493 8.14383 22.5732 26.0781 13.7483 14.9241 30.0676 21.0269 1.7192 22.5372 26.6737 -10.8449 7.67006 27.9119 -16.095 -7.65759 24.0813 -14.4985 -20.0681 14.6087 -11.6273 -26.3623 0.126983 -12.6689 -23.4714 -13.929 -19.111 0.887992 0.838644 0.948942 0.990379 0.862727 0.698286 0.484749 0.211812 -0.0918029 -0.22479 -0.1606 0.0191091 0.164624 0.248809 0.581333 0.421758 -0.202889 -0.159682 -0.381377 -0.642686 -0.665674 -0.424566 -0.169341 -0.00786416 -4.03743 -6.72239
-10.3947 -21.1381 -27.456 5.0883 -18.7666 -25.4645 14.5651 -9.7387 -16.4881 16.1608 0.959338 -4.85734 12.6532 8.82787 8.42355 6.70595 7.94092 22.9623 1.82523 -4.73571 30.7159 -0.041658 -19.5787 25.7574 -1.16289 -27.5857 12.1159 -4.77231 -27.2994 -3.35244 -12.2058 -20.2148 -15.4223 -21.9405 -8.38612 -19.0647 -28.6469 3.08663 -10.8738 -26.9185 8.15857 3.91288 -17.1662 7.83441 16.3894 -2.68747 6.50738 22.7869 13.0788 8.24416 22.7108 25.9289 14.2021 15.8057 30.4106 21.7188 2.89537 23.1682 27.0654 -9.96589 8.4053 27.4157 -15.6284 -6.72717 22.7786 -14.3377 -19.1065 13.1782 -11.7724 -25.8962 -1.01765 -13.4462 -23.1815 -14.3452 -21.3478 1.00361 0.915007 1.0106 1.02691 0.868648 0.68667 0.461217 0.184295 -0.123512 -0.272067 -0.226229 -0.0518136 0.103304 0.203835 0.547434 0.334584 -0.291383 -0.230546 -0.463366 -0.695478 -0.67637 -0.411021 -0.0745689 0.0737109 -3.82587 -6.64919
-9.95188 -21.3012 -29.7133 5.48273 -19.1912 -27.138 14.6336 -10.7393 -17.3036 15.6972 -0.453858 -5.24761 11.7771 7.39135 7.93136 5.68141 6.82013 22.4244 0.925965 -5.75625 30.4155 -0.680127 -20.633 25.4671 -1.56211 -28.3279 11.6298 -4.99648 -27.539 -3.86096 -12.3506 -20.2105 -15.8334 -22.2098 -8.4511 -19.3635 -28.9426 2.84008 -10.9451 -26.8693 7.60465 3.89935 -16.8118 6.84764 16.1121 -2.23611 5.33396 22.2423 13.4804 7.47543 22.1872 26.0855 13.9898 15.3332 30.0555 21.9248 2.50598 22.2149 27.2217 -10.0207 7.25119 27.1144 -15.1398 -7.67475 21.9311 -13.5555 -19.6965 11.7875 -11.4161 -25.9127 -2.46679 -14.3481 -22.8686 -14.9903 -23.3661 1.0495 0.952705 1.06201 1.08529 0.915967 0.722449 0.491877 0.215102 -0.10537 -0.275377 -0.233521 -0.0564888 0.0951401 0.190339 0.553748 0.355085 -0.30107 -0.253764 -0.53518 -0.82575 -0.765949 -0.470524 -0.133733 0.0357432 -3.73802 -6.69182
-9.4107 -21.2936 -30.8515 5.96449 -19.2499 -27.8957 14.7228 -10.7112 -17.7827 15.3521 -0.336511 -5.7728 11.2586 7.61415 7.28972 5.33052 7.01598 21.8511 1.05908 -5.74813 29.8177 -0.0636438 -20.4987 24.3822 -0.700393 -27.465 10.1511 -4.10697 -26.0121 -5.29767 -11.6552 -18.5897 -17.0901 -22.0247 -7.21683 -20.419 -29.2591 3.41975 -11.5749 -27.3567 7.60914 3.46465 -17.3061 6.66758 15.6702 -2.69519 5.34331 21.7603 12.9721 7.80868 21.5252 25.364 14.5942 14.5466 29.3034 22.7095 1.82321 21.7289 28.2086 -10.7799 6.90497 28.2057 -16.2916 -7.97958 22.8196 -15.0264 -19.6744 12.2821 -12.9811 -25.4124 -2.20029 -15.7668 -22.3157 -14.7803 -24.6877 1.04317 0.974311 1.09135 1.10675 0.919035 0.708452 0.471246 0.188878 -0.154837 -0.344115 -0.289852 -0.0847753 0.10147 0.219503 0.610554 0.410344 -0.27727 -0.236654 -0.505022 -0.772042 -0.728879 -0.486276 -0.18198 0.0238778 -3.79087 -6.74392
-8.38376 -21.7966 -32.2204 6.81157 -19.2186 -28.7902 14.7556 -10.5208 -18.154 14.5794 -0.4098 -5.90634 10.0521 7.17953 7.22779 4.03587 6.34321 21.7412 -0.0643817 -6.49904 29.6722 -1.02841 -21.3181 24.3949 -1.5765 -28.4974 10.2663 -4.83985 -27.1584 -5.22364 -12.0628 -19.5901 -17.1266 -21.8842 -7.77348 -20.5701 -28.4786 3.2532 -11.7035 -26.2357 7.54896 3.25894 -16.1377 6.4691 15.4138 -1.55938 4.97071 21.5417 14.0722 7.66335 21.5046 26.4614 14.4555 14.5278 30.3498 22.395 1.67836 22.6965 27.5588 -11.0186 7.89578 27.17 -16.5788 -6.89134 21.5006 -15.4128 -18.5615 10.905 -13.5328 -24.4687 -3.45241 -16.5978 -21.4564 -15.7395 -25.9456 1.13781 1.06227 1.1734 1.17907 0.982469 0.762329 0.510197 0.217821 -0.124776 -0.319436 -0.286478 -0.116869 0.03901 0.145503 0.530682 0.32896 -0.347325 -0.305954 -0.580955 -0.823804 -0.754454 -0.500109 -0.169142 0.0354465 -3.76915 -6.76318
-8.4762 -21.3802 -33.7725 6.52389 -18.3616 -29.8744 13.5896 -9.70585 -18.603 12.5804 0.0840805 -6.13675 7.87846 7.45762 7.05887 2.54357 6.42843 21.8241 -0.244595 -6.77081 29.7388 -0.338717 -21.4905 24.108 -0.936026 -28.4203 9.85734 -4.65747 -27.1488 -5.53477 -12.1597 -19.7592 -17.3771 -21.9668 -7.9233 -20.7953 -28.7778 2.77267 -11.6906 -26.615 6.79377 3.3597 -16.3222 5.86793 15.363 -1.67485 4.96555 21.4426 13.7088 8.78267 22.0514 26.0318 16.3421 15.7825 30.2969 24.2155 3.01214 23.11 28.3666 -10.3133 8.64682 26.6435 -16.4759 -5.85287 20.2297 -15.5905 -17.6553 9.75877 -13.8416 -24.3945 -4.18627 -17.089 -21.6558 -15.9755 -27.136 1.25793 1.17078 1.28031 1.26181 1.01791 0.751795 0.459543 0.141541 -0.199967 -0.382092 -0.344248 -0.169388 0.00415339 0.125702 0.551111 0.218407 -0.483887 -0.427511 -0.708764 -0.849586 -0.73548 -0.449716 -0.0318612 0.139963 -3.59546 -6.7126
-7.80388 -20.5647 -34.8635 6.93915 -17.156 -30.3542 13.6054 -8.84804 -18.5886 12.4617 0.468816 -5.77624 7.86019 7.55906 7.60868 2.7527 6.53588 22.4546 -0.0118222 -6.54288 30.5748 -0.143069 -21.2698 24.9637 -0.61316 -27.8829 10.5587 -4.04365 -26.121 -4.85269 -11.3382 -18.5787 -16.7285 -21.4148 -7.04632 -20.3916 -28.6505 3.5566 -11.5082 -26.9278 7.45781 3.6302 -16.9951 6.28599 15.9121 -2.43266 5.04586 22.1345 13.0922 8.28237 22.4511 25.3945 15.5618 15.8203 29.2161 23.5195 2.96215 21.4431 27.8611 -9.96767 6.73139 26.1353 -15.5099 -7.60174 19.4306 -14.1802 -18.966 8.44536 -12.7068 -24.9296 -5.41635 -17.4724 -21.4336 -16.2155 -28.362 1.31624 1.19721 1.29022 1.26086 1.00681 0.734012 0.444955 0.136724 -0.21804 -0.426388 -0.38493 -0.187574 0.00315268 0.131168 0.540391 0.275227 -0.413275 -0.369943 -0.678389 -0.886313 -0.768124 -0.467726 -0.0497275 0.103946 -3.58957 -6.63745
-7.79416 -21.9399 -34.7523 6.74091 -17.7747 -30.2033 13.2709 -9.01278 -18.6933 12.3571 0.481415 -5.99309 8.04309 7.63382 7.45436 3.02668 6.67954 22.3359 0.104017 -6.32434 30.5208 -0.350697 -21.1267 25.1294 -1.07911 -28.0678 10.8904 -4.64919 -26.6653 -4.52615 -12.0508 -19.3978 -16.5066 -22.2179 -7.98742 -20.2992 -29.4233 2.7197 -11.5168 -27.615 6.85342 3.54971 -17.6411 5.86526 15.8144 -3.06363 4.84448 22.0415 12.3816 8.44927 22.2571 24.2838 16.2306 15.4681 27.5216 24.2082 2.46279 19.383 27.9199 -10.4382 4.74102 25.3822 -15.8513 -9.29404 18.0864 -14.4554 -20.2795 6.71807 -13.0151 -25.7843 -7.30111 -17.8712 -21.7171 -18.106 -28.555 1.32333 1.193 1.26717 1.22898 0.980292 0.714351 0.432258 0.134993 -0.203861 -0.396256 -0.342771 -0.141693 0.0439425 0.165915 0.581566 0.304947 -0.413518 -0.386337 -0.731247 -0.905217 -0.74665 -0.456974 -0.0530131 0.0681691 -3.66113 -6.53938
-7.94653 -23.7389 -34.8643 6.54532 -19.6485 -30.114 12.7384 -10.8148 -18.4735 11.4908 -1.10841 -5.9635 7.30682 6.50118 7.27244 2.9886 6.11062 22.3964 0.756945 -6.68844 31.1049 0.420635 -21.5406 25.8434 -0.744467 -28.5038 11.6442 -4.82376 -27.3508 -3.66634 -12.467 -20.4331 -15.702 -22.5785 -9.06512 -19.7614 -29.5239 1.95514 -11.1587 -27.4632 6.46463 3.76701 -17.386 5.64199 15.9593 -2.80094 4.48241 22.1441 12.7233 7.73422 22.285 24.6525 15.2589 15.2583 27.4993 23.1808 2.1281 18.9147 26.8229 -10.5008 4.20384 24.1296 -15.6455 -9.69335 16.5717 -14.2644 -20.4544 4.97812 -12.9292 -25.8392 -9.04679 -17.902 -21.8394 -19.7936 -28.6694 1.39414 1.28427 1.36918 1.31042 1.01447 0.713318 0.416341 0.125673 -0.197262 -0.375676 -0.3163 -0.125906 0.0363306 0.139898 0.533196 0.27625 -0.423817 -0.406934 -0.777867 -0.966168 -0.782623 -0.50178 -0.0937152 0.043367 -3.68865 -6.66436
-8.29544 -22.8536 -35.3515 6.20671 -19.0641 -30.3878 12.4553 -10.4748 -18.595 11.0861 -0.998931 -5.92206 6.41334 6.24452 7.35574 1.46381 5.38012 22.2651 -0.668113 -7.78157 30.4419 -0.0994537 -22.4195 24.6288 -0.23089 -28.6003 10.0261 -3.68684 -26.3444 -5.31506 -11.229 -18.6145 -16.9123 -21.6913 -7.32504 -20.2349 -29.2557 2.75813 -11.0262 -27.4413 6.19373 4.21392 -17.134 4.78248 16.1573 -2.37196 3.84821 21.9479 12.8613 8.24764 22.3829 24.5376 16.5704 15.8486 27.5595 24.6063 2.82719 19.2022 27.7034 -10.0961 4.64506 24.3616 -15.2973 -9.17013 16.6742 -13.8128 -20.2496 5.35722 -12.7326 -26.1611 -8.1876 -18.3907 -22.2315 -18.7667 -29.3483 1.35385 1.25022 1.34102 1.30785 1.04014 0.74505 0.432707 0.105593 -0.2615 -0.477669 -0.429056 -0.20919 0.00457933 0.14261 0.60757 0.294898 -0.45406 -0.431063 -0.809415 -0.960072 -0.756773 -0.412961 0.0439139 0.151802 -3.62001 -6.56946
-7.49787 -21.4134 -37.5659 6.86369 -17.7077 -32.1509 12.2391 -9.74855 -19.5157 9.69383 -1.01201 -6.4979 4.4121 5.73245 6.81442 -0.105272 4.54578 21.8384 -1.06346 -8.77924 29.9723 0.253366 -23.2028 23.7586 -0.00983766 -28.8966 8.96092 -3.90883 -26.4126 -6.23815 -11.7258 -18.6931 -17.6591 -22.2201 -7.36392 -20.7366 -29.3883 2.55297 -11.0432 -27.0403 5.73557 4.17903 -16.4534 4.30956 15.8735 -1.63877 3.62737 21.5642 13.4476 8.49216 22.1401 24.9488 17.0068 15.5427 27.6152 25.2502 2.57353 18.9791 28.5187 -10.1223 4.41362 25.1155 -15.2599 -9.20027 17.0442 -13.9652 -19.8474 5.29255 -13.2364 -25.295 -8.24653 -19.3552 -21.3951 -17.9724 -31.0867 1.51933 1.39985 1.50409 1.46073 1.14753 0.803182 0.452789 0.105876 -0.264915 -0.481421 -0.434272 -0.228282 -0.0262901 0.115253 0.604892 0.248565 -0.509811 -0.500168 -0.90103 -1.06756 -0.848272 -0.526686 -0.0826989 0.0700501 -3.56069 -6.76506
-6.59242 -21.3598 -38.2654 7.18499 -16.4842 -32.2886 11.7857 -8.34785 -19.4619 8.98444 -0.0434068 -6.21576 3.70144 6.06188 7.40107 -0.716153 4.24956 22.3923 -1.42206 -9.32162 30.1356 0.00835212 -23.6672 23.7683 -0.294556 -29.4502 9.00606 -4.27316 -27.1254 -6.19756 -12.1482 -19.4673 -17.6199 -22.6708 -8.13893 -20.6024 -29.8277 1.63777 -10.7594 -27.5159 4.81577 4.46925 -16.9714 3.55084 16.2205 -2.20619 3.26186 22.0708 12.6082 8.8535 23.0003 23.7738 17.9516 16.6084 26.3223 26.0422 3.51993 17.9247 28.3295 -9.54521 3.80333 23.8084 -15.0475 -9.45606 15.1307 -14.0237 -20.0017 3.27352 -13.5869 -25.3809 -10.0747 -20.1681 -20.9117 -19.2327 -32.1508 1.57078 1.4262 1.50309 1.44865 1.14182 0.796306 0.437337 0.0812919 -0.285808 -0.49384 -0.44325 -0.236282 -0.0259976 0.12259 0.629001 0.201726 -0.577176 -0.571568 -0.980382 -1.0481 -0.789692 -0.456793 -0.005152 0.0975081 -3.54229 -6.57202
-5.46428 -21.3695 -39.009 7.58906 -15.3912 -32.4377 11.4237 -7.13703 -19.4355 8.47341 0.688222 -5.93242 3.22075 6.13987 7.97056 -1.37115 3.87268 22.8471 -2.28479 -9.81333 30.3634 -0.841614 -24.2225 24.1442 -0.769206 -30.2191 9.46448 -4.29493 -27.8496 -5.84362 -11.8535 -19.9035 -17.2831 -22.228 -8.42059 -20.1922 -29.5829 1.22381 -10.3646 -27.6094 4.40239 4.91144 -17.1251 3.15225 16.7178 -2.34144 3.02566 22.5272 12.1872 9.25724 23.8241 23.1016 18.8197 17.6811 25.7008 26.6369 4.43739 17.7068 27.7738 -9.02559 4.17047 22.0128 -14.8315 -8.71628 12.768 -14.0387 -19.3701 1.00015 -13.9462 -25.0199 -11.9167 -21.1336 -20.1008 -20.5146 -33.3527 1.58207 1.4208 1.46863 1.40743 1.12117 0.788917 0.429703 0.0649088 -0.30972 -0.526864 -0.487699 -0.278901 -0.0508309 0.101845 0.622677 0.147121 -0.646701 -0.638735 -1.04415 -1.00843 -0.706335 -0.337419 0.144996 0.19166 -3.45618 -6.29825
-5.30613 -20.2697 -40.3818 7.56048 -14.74 -33.0891 10.5847 -7.08614 -19.5183 6.55361 0.27032 -6.0311 0.67844 5.55209 7.68713 -3.39367 3.3755 22.7277 -2.74015 -10.1792 30.5044 0.248874 -24.2066 23.9714 0.821022 -29.5218 9.04218 -2.8795 -26.7736 -6.16104 -10.6852 -18.8606 -17.4565 -21.4083 -7.69311 -20.3297 -29.3665 1.27981 -10.3376 -27.7247 3.85596 5.09042 -17.2553 2.56814 16.906 -2.5114 3.03377 22.7985 11.8537 9.53857 24.5089 22.8027 19.1954 18.5787 25.6006 26.8791 5.2974 17.9017 27.5901 -8.36537 4.62403 21.3949 -14.3195 -8.14688 11.9811 -13.6527 -18.9395 0.344467 -13.9754 -24.8903 -11.8638 -22.0976 -20.0148 -19.6131 -34.8884 1.69242 1.54787 1.61895 1.55498 1.21661 0.814967 0.390474 -0.0291536 -0.432254 -0.657508 -0.608653 -0.370421 -0.105374 0.0762718 0.642751 0.0705561 -0.713796 -0.699664 -1.09558 -1.02265 -0.706427 -0.302366 0.221278 0.265837 -3.36908 -6.37041
-4.74857 -19.7008 -40.2316 7.63148 -12.8178 -33.2551 10.7791 -4.61213 -20.0394 7.39073 2.48185 -6.23841 1.95442 6.88085 7.96371 -2.18738 3.63026 22.79 -1.84113 -10.4103 29.6731 1.17523 -24.2073 22.6781 2.26056 -29.1938 7.66427 -1.19674 -26.1207 -7.53393 -9.57033 -18.0355 -18.2877 -20.9959 -7.36289 -20.1591 -29.2813 1.1751 -10.0524 -27.7961 4.0159 5.34496 -17.1481 2.9276 17.0202 -2.24773 3.18678 22.5185 12.1506 9.57522 24.3814 23.198 19.2297 18.6326 25.9349 26.7943 5.27053 18.0701 27.0449 -8.31364 4.85767 20.4618 -13.9903 -7.93663 11.0758 -13.3812 -19.0571 -0.225959 -14.157 -25.0186 -12.2922 -22.481 -19.5549 -20.1203 -34.9828 1.65963 1.48014 1.51174 1.44582 1.14741 0.781671 0.371908 -0.0592434 -0.483807 -0.70155 -0.635194 -0.366572 -0.0729527 0.101196 0.654715 0.0849891 -0.687706 -0.66886 -1.08019 -0.991389 -0.634879 -0.173377 0.31832 0.304028 -3.30587 -6.06673
-3.47134 -17.8399 -40.3599 8.80632 -11.1589 -33.0157 11.8852 -3.18197 -19.6448 8.34023 3.72271 -5.78727 2.63614 7.79087 8.40841 -1.69067 3.95812 23.0415 -1.17849 -10.3629 29.309 2.12131 -23.81 21.781 3.29554 -28.2188 6.59403 -0.308537 -24.7036 -8.4737 -8.90153 -16.5093 -18.9687 -20.6094 -6.10178 -20.5692 -29.1506 1.78757 -10.1531 -27.7745 4.09321 5.34356 -17.196 2.92856 17.0745 -2.33808 3.26011 22.6828 12.0502 9.69292 24.4695 23.1551 19.3429 18.825 26.0764 27.0129 5.56237 18.2618 27.571 -8.0416 4.89495 21.3565 -13.772 -8.05386 12.1797 -13.2457 -19.0854 0.813638 -14.301 -24.5326 -11.1522 -23.1083 -18.4381 -18.4932 -35.614 1.62327 1.44838 1.48409 1.42705 1.14011 0.781956 0.370674 -0.0715595 -0.509644 -0.737182 -0.667265 -0.380614 -0.0585188 0.140942 0.700537 0.131684 -0.650197 -0.626177 -1.03044 -0.961472 -0.613309 -0.154901 0.305246 0.263173 -3.35584 -6.05007
-2.37372 -15.7125 -41.8257 9.73423 -9.50718 -33.813 11.9449 -2.43391 -19.7782 7.02005 3.74832 -6.00156 0.257493 7.5541 7.79656 -4.02419 3.78597 22.4596 -2.23198 -10.2889 29.0415 2.46115 -23.323 21.5268 4.08617 -27.4909 6.31337 0.256269 -24.2296 -8.75578 -8.6957 -16.4998 -19.303 -20.666 -6.40473 -20.9618 -29.3215 1.27376 -10.4826 -27.8749 3.63082 4.99986 -17.2891 2.71347 16.7461 -2.59208 3.52134 22.7181 11.7667 9.91087 24.8614 23.0791 19.4213 19.3949 26.2611 27.0596 6.17398 18.5576 27.5851 -7.49453 5.23563 21.2188 -13.1625 -7.57493 11.8494 -12.6468 -18.4564 0.407056 -14.2776 -23.5805 -10.9703 -24.0101 -17.314 -16.9877 -37.123 1.74004 1.56653 1.63477 1.58975 1.26605 0.847643 0.371328 -0.130898 -0.591345 -0.803278 -0.712097 -0.412424 -0.0847164 0.117217 0.683214 0.0392124 -0.718816 -0.686023 -1.08543 -1.02374 -0.669741 -0.185597 0.275009 0.253389 -3.28004 -6.14596
-0.22735 -15.3475 -42.5173 11.177 -8.63919 -33.9004 12.4112 -1.93198 -19.5692 6.85321 3.68622 -5.7918 -0.00587858 7.21716 8.03172 -3.82895 3.45039 22.8213 -1.34928 -10.5095 29.4249 3.57555 -23.3731 21.766 5.03368 -27.3889 6.4949 1.15169 -24.0688 -8.54802 -7.76352 -16.3122 -19.1066 -19.9258 -6.40907 -20.5047 -29.0033 0.71106 -9.98837 -27.882 2.74064 5.56727 -17.2595 1.90222 17.2862 -2.50162 3.22319 23.0116 11.5346 10.3545 24.9411 22.3718 20.3906 19.4516 25.5232 28.0239 6.22055 18.3387 27.8505 -7.73659 5.67882 20.4604 -13.6731 -6.60409 10.4075 -13.1922 -17.2874 -1.19757 -14.977 -22.0228 -12.3945 -25.1075 -15.1563 -17.7176 -38.2202 1.7785 1.60263 1.6679 1.60894 1.25986 0.813928 0.31755 -0.191209 -0.652112 -0.867425 -0.769551 -0.451873 -0.0931573 0.127561 0.736765 0.0589269 -0.755173 -0.730229 -1.11962 -0.98902 -0.62156 -0.129373 0.325356 0.276789 -3.20442 -6.01697
0.794943 -17.2941 -42.6628 12.0073 -10.765 -33.6648 12.488 -3.5917 -19.5153 6.17077 2.60887 -6.32756 -1.22517 6.76527 7.03766 -5.21361 3.63579 21.9318 -2.22822 -9.96702 29.0511 3.41929 -22.6817 21.6466 5.33857 -26.5707 6.39367 1.76299 -23.1835 -8.71018 -6.87848 -15.422 -19.4905 -19.0182 -5.5492 -21.2529 -28.3937 1.30514 -10.8217 -27.53 2.95561 4.79509 -17.0455 1.95797 16.6253 -2.48386 3.58057 22.7608 11.351 11.042 24.8864 22.0385 21.2397 19.4013 25.199 28.7172 6.08372 18.2746 28.2762 -7.99845 5.85432 20.8109 -14.3337 -6.46716 10.7946 -14.4575 -17.1129 -0.790074 -16.5693 -21.5915 -12.2719 -26.4955 -14.4261 -18.609 -38.9826 1.79829 1.67958 1.76875 1.71135 1.33887 0.858127 0.327637 -0.210756 -0.691526 -0.919449 -0.821362 -0.49068 -0.114186 0.123302 0.749428 0.0347288 -0.783018 -0.758704 -1.13347 -0.954136 -0.563901 -0.0923636 0.316765 0.232545 -3.40584 -6.21875
2.29054 -17.8503 -42.9011 12.7594 -10.7586 -33.4447 12.6323 -3.57888 -19.291 6.28614 2.48157 -6.05198 -0.899471 6.55904 7.45161 -4.66509 3.43417 22.4047 -1.49245 -10.1825 29.4157 4.32155 -22.6379 21.7058 6.38976 -25.8354 6.31232 2.94136 -21.6812 -8.62869 -5.76474 -13.5416 -19.0729 -18.1596 -3.95266 -20.6116 -27.9224 2.86334 -10.5161 -27.5698 4.00171 5.16617 -17.2224 2.17273 17.0177 -2.52503 3.23422 22.949 11.3333 10.6271 25.1597 21.9614 20.9719 19.8372 25.2751 28.532 6.60368 18.7954 27.9122 -7.68189 6.82833 20.0307 -14.3753 -5.18489 9.65619 -14.8373 -15.6951 -1.97318 -17.3452 -20.2398 -13.4294 -27.2711 -12.9652 -19.8031 -39.6761 1.79229 1.67943 1.75481 1.68628 1.3106 0.82672 0.293972 -0.247248 -0.74625 -1.00021 -0.908084 -0.560527 -0.168439 0.0744177 0.721978 0.052324 -0.765966 -0.735855 -1.09272 -0.873409 -0.470672 0.00421117 0.410903 0.31439 -3.35293 -6.06576
1.40172 -16.8547 -43.0256 12.0357 -9.85782 -33.6835 12.1949 -3.17637 -19.2881 5.96475 2.49991 -5.82559 -1.28073 6.39917 7.69865 -5.16251 3.21958 22.6104 -1.88433 -10.4054 29.5564 4.23766 -22.6444 21.7391 6.6473 -25.4339 6.31595 3.54397 -20.8532 -8.57597 -4.86124 -12.386 -19.0061 -17.1997 -2.73258 -20.5943 -27.2308 3.80005 -10.5748 -27.2629 4.31163 5.1443 -17.1581 2.00289 17.1208 -2.59932 3.05109 23.3866 11.0577 10.6936 25.97 21.6527 21.2169 20.9395 25.3796 28.5699 7.69922 19.5501 27.1891 -6.81139 8.10992 18.469 -13.3848 -3.65035 7.79878 -13.3217 -14.5146 -3.56915 -15.4972 -20.0146 -14.2837 -25.7622 -13.5715 -19.569 -39.1031 1.80569 1.66071 1.73372 1.67326 1.30274 0.815359 0.273516 -0.283331 -0.805843 -1.08595 -1.00792 -0.655074 -0.242922 0.020252 0.682889 -0.0113416 -0.828766 -0.785122 -1.11765 -0.8551 -0.455551 0.0696114 0.569707 0.531132 -3.00402 -5.79383
1.76865 -16.8234 -42.5546 11.9641 -9.19318 -33.2194 12.099 -2.53076 -18.8149 6.16739 2.90363 -5.11975 -0.834548 6.43351 8.63231 -4.81918 2.78853 23.4099 -2.06509 -11.1474 29.9551 3.61944 -23.5355 22.0428 6.01739 -26.5252 6.65544 3.02708 -22.1042 -8.30771 -5.39299 -13.6974 -18.7746 -17.7525 -4.05756 -20.2788 -27.7057 2.56475 -10.2405 -27.7473 3.37054 5.46619 -17.7135 1.38313 17.5593 -3.15082 2.57939 23.7896 10.3631 10.4502 26.4392 20.8666 21.0918 21.4662 24.7992 28.2768 8.19322 19.4521 26.3681 -6.4428 8.50087 17.0301 -13.0002 -2.89247 5.97338 -12.6819 -13.6141 -5.58277 -14.5519 -19.2253 -16.2141 -24.8432 -12.9089 -20.7306 -38.5227 1.75417 1.58939 1.64548 1.58314 1.23607 0.781864 0.26719 -0.275458 -0.795 -1.06939 -0.987968 -0.638045 -0.230407 0.0281475 0.68043 -0.0336104 -0.860381 -0.811529 -1.12498 -0.823683 -0.423611 0.095434 0.629822 0.609652 -2.82674 -5.49537
3.00672 -17.7671 -42.1486 12.6207 -9.24218 -32.972 12.6058 -2.25724 -18.7204 6.82552 3.11681 -4.93702 -0.150633 6.30554 8.91116 -4.49487 2.19931 23.4647 -2.28945 -11.9922 29.6593 3.25378 -24.444 21.7467 6.0616 -27.485 6.4389 3.59216 -23.0158 -8.60471 -4.51947 -14.4544 -19.1892 -16.797 -4.71899 -20.7481 -26.8577 1.85414 -10.7849 -27.2112 2.61225 4.9203 -17.4754 0.670748 17.262 -3.04733 1.99219 23.7737 10.2929 10.1086 26.5585 20.5693 20.9317 21.5032 24.3175 27.9971 8.11317 19.0606 25.6647 -6.49407 8.474 15.8414 -12.9404 -2.46513 4.33902 -12.5021 -12.6794 -7.69419 -14.1945 -17.8318 -18.6658 -24.368 -11.3186 -22.7858 -38.0803 1.73313 1.55926 1.60237 1.54439 1.22616 0.804038 0.308482 -0.235606 -0.771321 -1.05805 -0.983094 -0.633088 -0.216705 0.0497361 0.693923 -0.0384671 -0.870921 -0.830629 -1.14682 -0.818044 -0.408824 0.0738101 0.598696 0.58453 -2.76696 -5.31012
4.08801 -16.7431 -42.8915 13.4733 -8.08557 -33.6029 13.22 -1.33414 -19.2415 7.03727 3.70779 -5.50736 -0.401114 6.62553 8.15878 -4.98674 2.40097 22.604 -2.43664 -11.6602 28.9613 3.71361 -24.065 21.4326 7.06571 -27.4558 6.30897 4.97431 -23.4974 -8.9337 -2.93826 -15.3013 -19.9493 -15.2075 -5.63752 -21.9552 -25.4254 1.11611 -12.2768 -26.0938 2.17089 3.40098 -16.7795 0.563994 16.1106 -2.77528 2.33907 23.394 10.2335 10.8389 26.5749 20.3226 21.8513 21.5511 24.0385 28.7275 8.05415 18.981 25.9059 -6.5372 8.75547 15.6349 -12.8674 -1.84323 3.81809 -12.4293 -11.7525 -8.42704 -14.3934 -16.5868 -19.1439 -24.9858 -9.99332 -22.4499 -38.879 1.79966 1.61971 1.67051 1.62402 1.30625 0.865795 0.339862 -0.239235 -0.790353 -1.06817 -0.97865 -0.621525 -0.205034 0.0606277 0.679944 -0.11638 -0.948415 -0.911662 -1.22423 -0.865679 -0.440431 0.0398804 0.562165 0.562512 -2.72116 -5.30411
5.45695 -15.3332 -43.5289 14.808 -7.68833 -33.359 14.1022 -1.55289 -18.7387 7.43328 3.31629 -5.17074 -0.334034 6.32029 8.29219 -5.0694 2.21477 22.7234 -2.51261 -11.7916 29.1979 3.67937 -24.243 21.7812 7.02284 -27.8052 6.69509 4.88933 -24.0976 -8.60473 -3.07209 -16.1439 -19.7619 -15.391 -6.58294 -21.9479 -25.6396 0.293174 -12.3889 -26.3156 1.60425 3.26923 -17.0386 0.222976 16.0326 -3.09995 2.13916 23.4055 9.75827 10.8023 26.7538 19.7838 22.0098 22.0441 23.7263 29.2214 8.78857 19.0237 26.8061 -5.99316 8.88667 16.813 -12.8857 -1.94335 5.20221 -13.1323 -12.0586 -6.70688 -15.9338 -16.5586 -16.9632 -27.1132 -9.18225 -20.2466 -40.6126 1.77419 1.62187 1.68587 1.64101 1.31805 0.873791 0.344334 -0.237081 -0.784626 -1.05234 -0.951743 -0.589861 -0.176886 0.0835833 0.694766 -0.125802 -0.967615 -0.922287 -1.21751 -0.850508 -0.417976 0.0846951 0.563498 0.509798 -2.90126 -5.49422
6.50046 -14.8077 -42.5619 15.2765 -6.77835 -32.1779 14.4978 -0.653428 -17.5569 8.13142 4.06292 -3.791 0.577485 6.72355 9.86422 -4.42569 2.06597 24.0351 -2.65076 -12.368 29.7924 3.00245 -24.7692 21.8782 6.38486 -27.8526 6.69557 4.55572 -23.4692 -8.4643 -3.1514 -14.9464 -19.3771 -15.4239 -5.28638 -21.381 -25.9832 1.14231 -11.8487 -27.2091 1.85009 3.81487 -18.1967 0.0658969 16.717 -4.09975 1.77071 23.8365 8.5617 10.7347 27.1426 18.2106 22.3123 22.5429 22.1666 29.7167 9.39808 17.9971 27.1081 -5.51022 8.4744 16.6252 -12.5497 -1.90221 4.60619 -12.7255 -11.6558 -7.61841 -15.4495 -15.6996 -17.9475 -26.7357 -7.89989 -20.6115 -40.1331 1.67619 1.51962 1.56858 1.52358 1.2326 0.838781 0.352647 -0.207188 -0.767943 -1.06716 -0.98866 -0.620423 -0.177347 0.105193 0.734394 -0.066703 -0.938247 -0.896071 -1.17633 -0.775505 -0.341866 0.141698 0.611673 0.543849 -2.8254 -5.23721
7.03886 -16.2742 -41.6267 16.0256 -8.27569 -31.4004 15.2366 -1.93774 -16.871 8.7195 3.15156 -3.30999 0.896428 6.33272 10.0798 -4.4328 2.22962 24.3031 -2.4614 -11.9597 30.5811 3.28326 -24.4977 22.9535 6.46753 -27.8049 7.77512 4.42379 -23.6668 -7.42625 -3.31685 -15.4342 -18.5364 -15.5938 -5.87792 -20.966 -26.263 0.79962 -11.732 -27.505 1.82626 3.9127 -18.4506 0.125553 16.7968 -4.39468 1.75842 24.0136 7.9249 11.0663 27.6447 17.2747 23.0324 23.4381 21.611 30.5177 10.4602 18.4544 27.4438 -4.60745 9.84007 16.2922 -11.7882 -0.162434 3.95904 -11.8426 -10.068 -8.21634 -14.2162 -14.7255 -18.6031 -25.2091 -7.43687 -21.698 -38.8003 1.64095 1.49235 1.55153 1.51456 1.22031 0.805837 0.307221 -0.250494 -0.797554 -1.08581 -0.995328 -0.618793 -0.181524 0.089363 0.70634 -0.112368 -1.00179 -0.94634 -1.18734 -0.72844 -0.287867 0.203295 0.715664 0.667195 -2.72098 -5.134
7.24311 -15.4354 -41.3065 16.1514 -7.83371 -30.7153 15.6182 -1.94861 -15.9851 9.37262 2.93455 -2.22208 1.55462 5.95744 11.2073 -4.12914 1.56716 25.2058 -2.65627 -12.836 31.1231 2.96746 -25.3683 23.3964 6.48678 -28.573 8.27017 4.90237 -24.2446 -6.93301 -2.50513 -15.7525 -18.0749 -14.629 -6.00977 -20.5324 -25.3828 0.662573 -11.3933 -27.0143 1.53911 4.22477 -18.3747 -0.419417 17.3547 -4.41684 0.874993 24.8261 8.17751 9.87717 28.2812 17.8455 21.5253 23.905 22.5721 28.7557 10.9188 19.7164 25.6151 -4.19506 11.0675 14.5128 -11.4105 0.817276 2.38486 -11.3374 -9.50415 -9.43183 -13.7514 -14.4793 -19.1562 -25.2015 -7.15406 -21.2801 -38.9584 1.57538 1.4165 1.4705 1.44254 1.17316 0.788566 0.308398 -0.249923 -0.813541 -1.11922 -1.04172 -0.668667 -0.222644 0.0543875 0.651768 -0.120216 -0.991075 -0.921686 -1.13778 -0.674123 -0.241467 0.288477 0.831675 0.784096 -2.5834 -4.92848
8.64477 -13.3614 -42.4007 17.1104 -6.28377 -31.1067 15.8339 -1.20023 -16.1259 8.91637 3.1976 -2.52142 0.819477 6.17895 10.751 -4.65197 1.95175 24.8837 -2.67888 -12.323 30.9643 3.12104 -24.708 23.1312 6.36061 -27.7617 7.91146 4.40645 -23.425 -7.24625 -3.23105 -15.0292 -18.3055 -15.4379 -5.36776 -20.6715 -26.113 1.25151 -11.4025 -27.4944 2.0652 4.24305 -18.6291 0.0996396 17.2205 -4.62409 1.47952 24.5876 7.8288 10.6149 28.202 17.517 22.2943 23.9556 22.5595 29.2978 10.9639 20.2772 25.6243 -4.12722 12.2044 14.069 -11.2989 2.22435 1.71907 -11.4911 -8.08386 -9.94474 -14.6039 -13.0317 -18.7404 -26.7931 -5.65377 -19.6431 -40.6557 1.59469 1.44498 1.50773 1.47153 1.17726 0.766141 0.268216 -0.294432 -0.852424 -1.15269 -1.07249 -0.701533 -0.261845 0.0123125 0.619577 -0.175985 -1.04861 -0.969572 -1.16275 -0.65759 -0.197993 0.35964 0.912972 0.877879 -2.46502 -4.83178
10.7645 -10.9204 -43.4028 16.9378 -2.81677 -31.3389 14.6753 1.63359 -16.2733 7.66509 4.72261 -2.35966 -0.285389 6.18002 11.2518 -5.18196 0.826063 25.2123 -2.11907 -13.4116 30.917 4.76831 -25.3029 23.2002 8.79199 -28.2138 8.14049 7.18416 -23.9903 -7.0897 -0.527949 -15.908 -18.3293 -13.1415 -6.87064 -21.0073 -24.5657 -0.894344 -12.2062 -26.9482 -0.205761 3.32453 -18.8563 -1.75915 16.8515 -5.28287 0.256467 24.8527 6.77216 9.86543 28.586 16.0475 21.7108 23.9004 20.721 28.2432 10.5307 18.6376 23.8799 -4.40472 11.417 11.8104 -11.638 2.5059 -1.30083 -12.5595 -6.3439 -13.8256 -16.659 -9.67077 -22.2274 -29.6498 -1.81316 -20.338 -43.1446 1.69406 1.54184 1.57958 1.53843 1.24611 0.807056 0.258838 -0.359402 -0.947627 -1.24554 -1.1385 -0.722524 -0.235249 0.0624079 0.652573 -0.203841 -1.08733 -1.03062 -1.2207 -0.654423 -0.153421 0.32501 0.816872 0.803256 -2.3269 -4.54798
8.83019 -10.2464 -42.95 15.5204 -1.90507 -31.332 13.5973 1.9724 -16.0623 6.2175 4.17755 -2.17173 -2.11867 4.94938 11.264 -6.36422 -0.620891 25.3524 -1.21084 -14.1329 31.311 7.32349 -24.9618 23.6765 11.7286 -27.3754 8.63562 9.72686 -23.4421 -6.62557 1.30715 -16.3222 -18.0073 -12.1938 -8.77312 -20.954 -24.4294 -4.25151 -12.3788 -27.179 -4.08131 3.10555 -19.1942 -4.79095 16.7661 -6.18844 -1.00658 25.0636 4.18161 10.2921 29.1128 12.1624 23.0951 24.5642 17.2491 29.3219 11.1997 17.2695 23.3732 -3.3282 12.3934 9.74469 -9.70129 4.87473 -4.23792 -10.0438 -3.79161 -16.9159 -14.0636 -8.40988 -24.2961 -27.278 -2.74085 -20.7835 -41.5239 1.82416 1.62681 1.67248 1.63851 1.30987 0.781584 0.13649 -0.55927 -1.17327 -1.44668 -1.2749 -0.781004 -0.233768 0.0998206 0.724947 -0.311265 -1.29028 -1.23995 -1.36225 -0.673408 -0.12847 0.377337 0.990897 1.11523 -1.8236 -4.20322
11.819 -7.08743 -44.313 17.2889 0.280904 -31.4638 14.1411 3.26369 -16.1965 5.92892 4.77349 -2.68523 -3.0338 4.67261 10.3633 -7.63462 -2.002 23.8474 -2.33692 -15.8209 28.9078 7.06147 -25.7334 21.0464 12.6897 -27.0848 6.28308 11.5776 -22.4579 -8.87398 3.11773 -15.1716 -20.1198 -10.9514 -8.47134 -22.3806 -23.18 -5.65293 -13.0958 -25.4933 -6.61779 2.43064 -17.5282 -6.87385 16.1187 -5.50347 -1.39041 24.9309 3.83493 10.8253 28.825 11.2522 23.8481 23.9576 16.2706 30.0066 10.5357 16.5823 24.1945 -4.04411 11.919 10.7956 -11.0336 4.3673 -3.0966 -12.4958 -3.97273 -15.4792 -17.8911 -7.21981 -21.9953 -31.9415 0.103838 -17.53 -45.1266 1.78539 1.63465 1.69017 1.66797 1.36874 0.870889 0.218751 -0.52864 -1.21104 -1.51338 -1.31773 -0.779811 -0.17936 0.212145 0.878564 -0.284104 -1.30997 -1.27255 -1.37871 -0.666391 -0.101464 0.400138 0.919737 0.959417 -2.06338 -4.34264
13.1184 -3.74044 -43.5775 17.4287 4.42715 -30.7701 14.5803 7.25914 -15.4155 6.76447 7.84725 -1.60095 -2.43508 6.16022 11.1712 -8.34979 -2.23146 23.0931 -4.96951 -17.0983 26.5845 3.58079 -27.6881 18.6387 9.95186 -29.5164 4.23296 9.96948 -24.7741 -10.9292 2.13273 -16.6825 -22.0754 -11.4821 -8.90303 -23.5111 -22.7486 -5.36586 -13.3012 -24.1528 -6.1212 2.34528 -16.1367 -6.41113 16.0029 -4.77484 -0.827559 25.5971 4.47553 11.3133 29.9126 12.0764 24.2011 24.9698 16.9942 29.9747 11.3411 17.0349 23.8171 -3.09947 12.4743 10.3274 -9.98113 5.96942 -4.06127 -11.6589 -0.849121 -17.0192 -17.7903 -3.00493 -22.7928 -32.3655 3.52624 -16.1047 -45.016 1.68587 1.51609 1.55506 1.56012 1.35336 0.977818 0.410015 -0.312043 -1.01279 -1.34196 -1.19459 -0.728407 -0.181602 0.198827 0.84045 -0.355533 -1.35685 -1.32385 -1.44184 -0.719703 -0.146503 0.297413 0.784373 0.881617 -1.94492 -3.96778
16.5471 -0.218128 -42.9067 19.8406 6.63451 -29.0679 15.8182 8.26188 -13.8014 7.20231 8.16315 -0.458574 -2.49596 6.40344 11.929 -8.77204 -1.71895 23.8527 -5.3938 -16.467 27.8177 3.38963 -27.2119 20.3486 10.1163 -29.3039 6.14179 10.737 -24.6794 -9.04404 3.8599 -16.4302 -20.6966 -9.22958 -8.12631 -23.4635 -21.3972 -4.10877 -14.5474 -24.426 -5.11368 0.852942 -17.5319 -6.18669 15.0724 -6.58536 -1.04735 25.3718 1.5617 11.5983 30.4023 8.10518 25.1276 25.6653 12.9658 30.9489 12.0364 14.0858 24.3464 -2.16216 10.9653 10.4721 -9.0828 5.29332 -4.05387 -12.0807 -0.364403 -16.4324 -20.251 -0.648987 -20.4014 -35.5671 7.15321 -12.2786 -46.5475 1.71865 1.5868 1.63689 1.64239 1.43198 1.04419 0.460007 -0.276113 -0.987365 -1.33982 -1.21443 -0.736395 -0.165248 0.214059 0.829295 -0.394072 -1.43315 -1.41504 -1.50146 -0.710262 -0.0829517 0.347725 0.728088 0.746785 -2.12754 -4.14659
16.6064 -0.192847 -43.1204 18.4447 7.72599 -29.5841 14.0375 9.38114 -14.4271 5.21592 8.42408 -1.2538 -4.57672 5.27868 10.7801 -10.0233 -3.82773 22.3967 -4.59672 -17.8637 26.6611 6.07217 -27.3087 19.9265 13.9683 -28.7013 6.24539 14.9449 -24.1718 -8.95035 7.482 -16.7422 -20.7923 -6.54332 -10.0182 -23.2464 -18.7149 -7.58586 -13.7794 -21.1049 -8.73436 1.72298 -14.4768 -8.16085 16.097 -5.79981 -0.619756 27.0587 0.768653 13.1125 31.5165 6.71728 26.5826 25.9069 11.6361 31.7066 12.0213 13.2375 24.7689 -1.96994 10.7625 10.8827 -9.12372 6.47059 -4.11474 -12.0935 2.25277 -17.3441 -19.7868 2.48876 -22.1814 -34.8521 9.20157 -13.692 -46.2666 1.90166 1.77548 1.82528 1.8409 1.62087 1.16826 0.489744 -0.340333 -1.10417 -1.4402 -1.23774 -0.689567 -0.0784868 0.337948 0.934128 -0.457522 -1.56257 -1.56653 -1.62554 -0.792074 -0.174901 0.170901 0.529336 0.606618 -2.12023 -4.19784
15.9996 0.432976 -42.7504 18.1709 7.79786 -28.9532 13.7296 8.46825 -13.7308 4.17594 6.6151 -1.1784 -6.65483 2.84251 9.73327 -12.6453 -6.6487 20.759 -6.72908 -20.2018 25.8534 5.02931 -29.2454 20.5297 14.3233 -30.866 7.78385 16.685 -26.8221 -7.3967 10.0546 -19.5476 -19.8162 -3.78958 -12.5642 -22.5576 -15.8421 -9.81033 -13.0266 -18.603 -10.5533 2.43891 -13.6958 -9.15123 17.4331 -8.23497 -0.166538 29.3399 -3.12068 14.3 33.3593 2.79188 27.5059 27.1188 8.5808 31.9384 13.331 11.4203 24.7285 -0.322048 9.94516 10.8395 -7.74163 6.40485 -4.25005 -11.1961 2.54687 -17.3884 -19.2269 2.43179 -21.8468 -34.4101 8.58348 -13.0562 -45.9124 2.0868 1.94552 2.01129 2.05606 1.84876 1.36645 0.627963 -0.269882 -1.07983 -1.42591 -1.21467 -0.6742 -0.0743877 0.344084 0.869008 -0.663837 -1.81029 -1.79866 -1.78906 -0.898387 -0.27214 0.0568569 0.433874 0.543972 -2.16825 -4.46792
14.0651 0.698605 -43.222 15.2731 8.31359 -29.4426 11.4826 9.04441 -14.048 2.25443 6.9346 -1.2942 -8.73454 2.31196 9.12087 -14.8804 -8.27011 19.0092 -9.05437 -22.0225 23.6536 3.11056 -30.7951 18.8116 13.3755 -31.9325 6.7784 16.7206 -27.2567 -8.03129 10.4379 -19.3132 -20.2195 -3.40835 -12.1151 -22.3197 -15.1213 -9.65316 -12.298 -17.969 -10.4613 3.14854 -14.4424 -8.44239 18.4575 -11.2765 1.92451 30.0687 -6.99207 16.949 32.8072 -0.9988 29.3099 25.0879 5.00322 32.0105 10.9477 8.20785 23.8315 -2.0633 7.82855 9.74105 -9.23604 6.70693 -5.77018 -12.4464 5.09182 -19.5272 -20.2008 5.39922 -23.9844 -35.3816 9.41366 -13.8898 -46.7572 2.14543 1.99831 2.05888 2.12797 1.9648 1.51747 0.781063 -0.146499 -1.00272 -1.387 -1.19721 -0.669163 -0.0638709 0.372441 0.876093 -0.750036 -1.93929 -1.95091 -1.91261 -0.961468 -0.330079 -0.0890817 0.282508 0.498347 -2.03283 -4.26888
13.4017 4.42873 -41.8905 13.4383 11.1739 -27.6139 9.43545 10.673 -12.2639 -0.102586 7.47951 0.0281961 -10.9919 2.10545 10.184 -16.0907 -8.84171 20.2684 -9.29172 -22.0846 25.0684 3.37172 -30.3071 20.5499 14.1166 -31.5412 8.95312 18.3881 -27.3703 -5.76895 13.1004 -19.6629 -18.5658 -0.509398 -12.2905 -21.4575 -12.6211 -9.47174 -12.0208 -16.6276 -9.76118 3.18522 -14.9305 -7.30147 18.7398 -13.7648 3.20158 30.5992 -10.4091 18.4557 33.3637 -4.37632 30.5457 25.256 1.91692 32.4574 11.1137 5.59415 23.9455 -1.5543 6.27594 9.91405 -8.8199 7.21512 -5.57061 -12.2121 7.64741 -18.9917 -20.6785 8.78095 -21.9557 -36.1817 11.1435 -10.3973 -46.5857 2.3327 2.19817 2.25934 2.31937 2.13109 1.65231 0.879589 -0.0779782 -0.954996 -1.34981 -1.15214 -0.616312 -0.00694153 0.416484 0.839796 -0.868363 -2.07393 -2.08781 -2.02463 -1.03212 -0.395351 -0.210231 0.113434 0.378221 -2.02974 -4.35926
15.5254 5.76453 -40.0839 12.8645 12.0273 -25.8355 7.6754 11.6266 -10.8418 -1.69396 8.29762 1.54375 -12.1978 1.96729 11.5536 -16.9952 -10.0716 20.4744 -10.1921 -23.6819 24.0964 2.50546 -31.6653 19.2562 13.5389 -32.192 7.8787 18.0558 -27 -6.43985 12.8411 -18.3997 -18.6859 -0.742719 -10.8285 -21.1553 -12.9295 -8.53699 -11.6725 -17.1329 -9.80895 3.42952 -15.8921 -8.38834 19.1559 -15.4249 1.49281 31.5841 -12.6861 16.8531 34.439 -7.14509 28.7313 25.6924 -1.34231 29.8578 11.259 2.28345 20.8855 -1.10249 4.27366 6.84827 -8.11174 7.03725 -8.19093 -12.3954 10.2543 -20.4756 -21.9207 13.8753 -21.593 -37.2849 16.0367 -8.74486 -46.0983 2.31583 2.25293 2.3108 2.37664 2.22756 1.79954 1.05579 0.0953441 -0.810648 -1.25014 -1.09255 -0.55851 0.0748732 0.511923 0.917856 -0.797503 -2.02217 -2.07567 -2.02231 -0.993109 -0.327173 -0.221678 -0.0582715 0.141821 -2.18594 -4.33075
15.5123 7.74221 -38.593 11.9268 13.4746 -24.324 6.21996 12.7097 -9.534 -3.0636 9.04916 2.82261 -13.1323 2.24035 12.9647 -16.9538 -10.1332 21.899 -9.43145 -23.4282 25.2601 3.303 -31.0348 19.9345 14.0263 -31.3676 8.25722 18.5389 -25.9613 -5.98321 13.9786 -16.7508 -18.0453 1.12956 -8.05713 -20.7405 -11.1881 -5.31079 -11.5525 -15.8922 -7.58484 3.28187 -15.6258 -7.97847 19.1138 -17.0019 0.360732 32.5629 -16.5778 15.7816 36.2515 -12.307 28.2647 27.6359 -6.16135 29.8187 13.3853 -1.01947 21.355 1.20401 2.78277 7.89844 -6.18518 7.02717 -6.57379 -11.1556 11.3083 -18.4236 -20.8122 15.3687 -19.5238 -36.0673 17.0838 -6.58748 -44.8497 2.54336 2.50623 2.56186 2.61893 2.45848 2.02025 1.27034 0.315446 -0.585139 -1.04857 -0.949865 -0.45025 0.187643 0.627321 0.974295 -0.818833 -2.11318 -2.17914 -2.07342 -0.990869 -0.318305 -0.258975 -0.132456 0.078068 -2.20962 -4.53378
13.4761 8.57876 -37.6903 9.29018 14.3464 -23.6001 3.74599 13.5226 -8.75156 -4.58023 9.2762 4.09026 -13.4084 1.51029 14.69 -16.0704 -11.3722 23.3205 -8.62732 -24.8886 25.8797 3.71572 -32.8317 20.1399 14.4953 -33.4308 8.52524 19.6675 -27.9018 -5.44108 16.1035 -17.8012 -17.1201 4.20416 -7.71887 -19.2861 -7.69052 -4.01948 -9.87768 -13.0623 -6.14404 4.75065 -14.7633 -6.95165 20.4774 -18.7699 0.815095 33.7416 -20.5679 16.2298 37.019 -17.2453 28.5302 27.7476 -10.7843 29.5056 13.5854 -4.48832 20.7704 2.16116 0.866402 7.51697 -4.60717 6.39134 -6.49181 -9.64643 11.6417 -17.8331 -19.4344 15.7586 -18.6039 -34.6946 16.3509 -5.67926 -43.6402 2.96223 2.92893 2.96444 3.00089 2.83573 2.41717 1.69679 0.764995 -0.137592 -0.639458 -0.620298 -0.195971 0.416197 0.847385 1.11331 -0.809038 -2.20109 -2.29676 -2.15162 -1.02167 -0.340338 -0.313197 -0.204823 0.0510612 -2.15593 -4.84619
13.7679 11.5073 -36.6373 8.26765 16.0818 -22.561 2.13795 14.0816 -8.05847 -5.96028 8.64883 4.47846 -13.7459 -0.210992 15.0373 -14.7917 -13.3765 23.5875 -6.48209 -26.4224 25.9106 6.18649 -33.7214 20.0268 17.1178 -33.679 8.53921 22.5094 -27.4631 -5.05024 19.2053 -16.6818 -16.1844 7.47428 -6.32217 -17.9169 -4.5577 -2.8895 -8.5822 -10.7116 -5.45663 5.66201 -14.2712 -6.75044 21.0416 -20.3061 0.32132 33.9212 -23.9143 15.5027 36.7662 -21.1738 27.7551 27.2444 -14.1356 28.784 13.3639 -6.69143 20.4233 2.3574 -0.0199463 7.77572 -4.40034 6.79202 -5.50022 -9.83283 13.4194 -15.8441 -19.8866 18.376 -15.4667 -34.9102 18.2882 -2.06436 -43.1437 3.5241 3.52605 3.56163 3.58172 3.39705 2.9595 2.22052 1.27255 0.34778 -0.190571 -0.20983 0.20486 0.837243 1.27131 1.46641 -0.564368 -2.03502 -2.1308 -1.9373 -0.770401 -0.0871178 -0.104436 -0.0628035 0.177682 -1.97448 -5.15308
14.2259 14.2159 -34.5433 6.98994 18.2083 -21.0889 0.0329039 15.5393 -7.07555 -7.61426 8.96557 5.19544 -13.9823 -1.25604 15.47 -13.8371 -14.9237 23.2615 -5.58628 -28.0963 25.0074 6.89607 -35.7626 19.1931 18.1619 -35.9624 8.03512 24.1566 -29.3768 -5.12051 21.5331 -17.7624 -15.5774 10.5035 -6.59677 -16.849 -1.55525 -2.5142 -7.81523 -8.97523 -4.68706 5.88077 -14.434 -6.17 20.6753 -21.9088 0.164386 33.178 -26.841 14.9356 36.19 -24.6919 27.5966 27.059 -17.2915 29.326 13.4389 -9.01206 21.4303 2.68872 -1.52202 9.06989 -3.73442 6.13119 -3.86674 -8.85669 14.2158 -13.6082 -18.4348 20.6555 -12.4461 -32.8431 20.4412 1.16929 -40.7168 4.35692 4.4041 4.44127 4.44854 4.26568 3.84104 3.1178 2.17577 1.23553 0.651643 0.563942 0.935482 1.56785 1.99367 2.12348 0.00917538 -1.50621 -1.58736 -1.35967 -0.173637 0.506594 0.442418 0.393774 0.589853 -1.50638 -5.4253
12.0159 18.1261 -32.5775 4.29551 21.4632 -19.2141 -2.4178 18.2913 -5.18678 -9.24576 10.6073 6.92126 -14.3485 -0.996696 16.4032 -13.1148 -15.3167 22.8023 -4.68517 -28.4808 23.3402 7.54139 -36.1655 17.0279 18.7693 -36.3919 5.83232 24.9673 -29.3673 -6.99802 22.6971 -16.9454 -16.5722 12.2022 -5.21151 -16.9106 0.302862 -0.935122 -7.7559 -7.8344 -3.21167 5.50914 -14.2534 -5.31995 19.8349 -22.4096 0.0434449 32.3659 -27.7753 14.5188 36.0073 -25.5949 27.3875 27.1791 -18.0911 28.93 13.5931 -9.81897 20.7526 3.04975 -1.73927 8.57244 -2.9916 6.96054 -3.61837 -8.2701 16.1523 -11.5356 -18.5084 22.0755 -7.89707 -32.7244 19.772 6.21472 -39.2798 5.39047 5.44755 5.47637 5.47947 5.31193 4.91167 4.21174 3.285 2.34166 1.72149 1.56977 1.89869 2.53317 2.95879 3.05305 0.912588 -0.591725 -0.662927 -0.434543 0.765073 1.44758 1.35043 1.2646 1.48075 -0.540894 -5.43556
10.0178 21.2648 -31.6193 2.03789 25.0626 -18.5342 -4.79819 21.8528 -4.575 -10.785 13.2996 7.39446 -14.4105 0.680256 16.2379 -12.2216 -13.9135 21.6937 -3.69374 -27.0183 22.1202 8.37033 -35.4234 16.4456 19.8838 -36.8709 5.63797 26.4577 -30.5744 -7.38177 24.1986 -18.3131 -17.1633 13.6564 -6.6219 -17.5068 1.80524 -2.13979 -8.38807 -6.46259 -3.89571 4.87537 -13.2635 -5.5747 19.0812 -22.4026 -0.528246 31.0531 -29.3801 13.3058 34.4474 -28.2831 26.521 25.9357 -20.3072 28.8872 12.7429 -10.897 20.9764 2.97943 -2.13325 8.81904 -2.07332 6.64796 -3.27842 -7.43101 15.6315 -10.1783 -18.5521 20.7058 -5.01584 -32.624 17.8251 9.3711 -38.2935 6.81791 6.87768 6.89996 6.89278 6.72773 6.33147 5.63017 4.70564 3.77333 3.16849 3.02605 3.35505 3.98446 4.40687 4.47785 2.25606 0.677841 0.619651 0.898969 2.12294 2.80728 2.71946 2.64003 2.85168 0.832462 -5.48059
11.5983 22.1945 -32.034 3.09368 26.734 -19.5287 -4.17128 24.1654 -5.65368 -9.85982 15.8082 6.5964 -12.8616 2.94955 15.3281 -10.7263 -11.9175 20.0126 -3.06129 -25.5517 19.9631 8.26199 -35.1526 14.672 20.1101 -38.1288 4.56144 27.9127 -32.5742 -8.11298 26.8544 -19.8882 -17.5504 17.2221 -7.43247 -17.4242 5.6923 -2.07957 -8.36308 -3.38383 -2.9033 4.45511 -11.5246 -4.37351 17.9623 -21.6912 -0.207556 29.4342 -29.9174 12.8537 33.0839 -29.1958 26.3045 24.9078 -20.3814 28.6472 12.2555 -10.1858 20.499 3.53112 -1.029 8.42654 -1.0015 7.98478 -3.35814 -6.66152 17.0662 -9.72084 -18.0209 22.2325 -4.32976 -31.9731 19.53 9.97579 -37.929 8.46687 8.53738 8.55584 8.54093 8.38176 8.0071 7.33443 6.42984 5.4933 4.85054 4.64486 4.92564 5.54337 5.96207 5.99209 3.70287 2.09411 2.0701 2.39772 3.64192 4.32706 4.23327 4.14072 4.34532 2.33789 -5.60424
11.2291 22.4693 -32.405 3.01487 27.9708 -20.0934 -3.81704 25.8181 -5.93062 -8.87003 17.1654 6.39272 -11.5991 3.81779 14.4543 -9.87007 -11.3214 18.3723 -3.01673 -25.3808 18.2668 7.81607 -35.831 13.5943 20.0638 -39.6031 4.25496 28.9485 -34.0695 -7.69567 29.0296 -20.8037 -16.3634 20.1032 -7.84069 -15.8909 8.43191 -2.19752 -7.19435 -1.53652 -3.032 4.94216 -10.7695 -5.04186 17.654 -21.8472 -1.87657 28.5895 -30.9517 10.4855 32.5741 -30.498 24.4624 25.3125 -21.0627 27.8187 13.3554 -10.0727 20.2906 5.04836 -0.300911 8.58721 0.843871 9.02154 -2.96455 -4.79624 17.8031 -9.20648 -16.4544 22.1446 -4.10323 -30.7906 19.0146 9.79144 -37.4665 10.6582 10.7066 10.7082 10.6903 10.5438 10.1861 9.52608 8.6212 7.65464 6.94528 6.67173 6.93006 7.56243 7.985 7.97815 5.63525 4.02455 4.06284 4.44504 5.70811 6.38863 6.29694 6.23924 6.49407 4.51452 -5.62585
12.0697 24.1994 -33.974 3.23868 29.3284 -21.9314 -3.82883 26.7521 -7.95623 -8.56903 17.954 4.38844 -10.8032 4.7551 12.838 -9.02715 -10.224 17.3111 -2.64381 -24.4967 17.7455 7.74057 -35.582 13.5417 20.0005 -40.041 4.52682 29.4102 -34.7918 -7.14699 30.2366 -21.3873 -15.5587 21.826 -8.08151 -15.1569 10.0401 -2.01114 -6.9145 -0.525906 -2.51493 4.72452 -10.354 -4.49292 16.9873 -21.6648 -1.51859 27.7362 -31.105 10.6581 31.5047 -30.7897 24.448 23.887 -21.1905 27.4504 11.9664 -9.97593 19.8421 4.04145 0.167061 8.45363 -0.148867 10.0609 -2.42385 -6.145 19.2577 -7.73313 -17.9443 23.7324 -2.08715 -32.0339 20.4129 11.7574 -38.7224 12.9751 13.0424 13.0454 13.0159 12.8542 12.485 11.8246 10.9241 9.95081 9.21251 8.90637 9.15586 9.79602 10.2201 10.2005 7.83589 6.19668 6.22256 6.61336 7.88429 8.55953 8.44394 8.35528 8.60095 6.64385 -5.78258
12.2838 24.7439 -34.2274 2.49652 29.8285 -22.9281 -5.33768 27.1915 -9.37955 -10.0911 18.3535 2.93144 -11.5621 5.31033 11.7807 -8.90622 -9.34388 16.8538 -1.92494 -23.2959 17.9713 8.77479 -34.3247 14.4683 21.2704 -39.0935 5.94907 30.8747 -34.2886 -5.75756 31.5038 -21.2356 -14.721 22.4697 -8.34206 -15.0099 10.137 -2.66149 -7.30718 -0.534175 -3.14844 4.23622 -10.2871 -4.82518 16.6035 -21.4916 -1.55109 27.3765 -31.1163 10.6041 30.7241 -31.2167 23.9734 22.3849 -21.819 26.4024 10.1767 -10.5406 18.4333 2.71022 -0.143045 7.04567 -0.804155 10.3308 -3.4488 -6.48974 20.007 -7.89024 -18.2641 24.6542 -1.41149 -31.9333 21.1984 12.4982 -38.4145 15.4425 15.5428 15.556 15.5156 15.3314 14.935 14.2475 13.3253 12.3438 11.6219 11.358 11.651 12.3062 12.7274 12.7108 10.3375 8.64914 8.6242 9.00522 10.2824 10.9511 10.8072 10.6804 10.9034 8.96548 -5.88527
12.9308 25.4896 -34.1703 2.93225 30.7055 -23.1186 -5.3785 28.2226 -9.82728 -10.8076 19.5738 2.33777 -12.9425 6.71596 11.322 -10.7629 -7.85636 16.8386 -3.81664 -21.723 18.8659 7.07316 -32.8686 16.5038 19.9677 -38.2573 9.0104 30.3238 -34.5737 -2.45948 31.8231 -22.4017 -12.4951 23.0992 -9.44069 -14.4573 10.412 -3.19438 -7.84576 -0.572238 -3.62241 3.40261 -10.3347 -5.50047 15.7334 -21.7206 -2.68326 26.4453 -31.709 9.13516 29.9303 -32.0278 22.7186 21.9504 -22.4712 25.7342 9.99887 -10.8886 18.193 2.55364 -0.401792 6.90912 -1.02946 10.0681 -3.58489 -6.72328 19.8928 -7.70475 -18.4916 24.869 -0.920473 -31.8942 21.7462 13.1316 -38.2358 17.6273 17.7401 17.7675 17.7385 17.5576 17.153 16.4444 15.4953 14.4975 13.7907 13.5693 13.9006 14.5703 14.9932 14.971 12.581 10.8889 10.8877 11.2911 12.573 13.2411 13.0925 12.9454 13.1428 11.1935 -5.83765
12.814 26.2561 -34.7351 2.69192 31.4663 -23.7937 -5.68652 29.05 -10.5326 -11.1321 20.5374 1.72082 -13.4021 7.80169 10.8447 -11.6695 -6.82172 16.3845 -5.20624 -20.9032 18.5256 5.52512 -32.2885 16.6273 18.7806 -37.8454 9.92866 29.8329 -34.2485 -0.901107 31.7468 -22.1499 -10.955 22.82 -9.42551 -13.4743 9.67419 -3.55924 -7.4354 -1.42376 -4.30366 3.68413 -11.1221 -6.15988 16.0686 -22.3025 -2.8738 26.8632 -31.8105 9.42817 30.0013 -31.5044 22.6708 21.4673 -21.7673 24.8201 9.47441 -10.3186 16.8332 2.29135 0.170358 5.56101 -1.32216 10.742 -4.55911 -7.48538 20.4481 -7.68739 -19.6508 25.0549 -0.180792 -32.798 21.7292 13.9714 -38.8051 20.1607 20.277 20.3039 20.2741 20.0957 19.697 18.9905 18.0272 16.9966 16.2656 16.0579 16.4256 17.1164 17.5403 17.5239 15.1521 13.4687 13.4563 13.8501 15.1304 15.7979 15.6465 15.4924 15.683 13.7345 -5.82424
14.6669 26.4763 -34.0352 3.69417 31.0764 -23.6547 -5.31265 28.1628 -10.9158 -11.0673 19.5771 1.14393 -13.3523 7.07677 10.5841 -11.7196 -7.36482 16.6099 -5.69821 -21.6175 18.901 4.6259 -33.3285 16.743 17.6672 -38.8021 9.57206 28.5162 -34.5468 -1.22454 30.4831 -21.8572 -10.5104 21.9707 -8.75718 -12.4781 8.86882 -2.78258 -6.44986 -2.18262 -3.90359 4.68439 -11.9574 -6.27185 16.9206 -23.4791 -3.25533 27.4311 -33.394 8.86577 29.9534 -33.1343 21.8863 21.0826 -23.1272 24.1704 9.33947 -11.2254 16.6421 2.40193 -0.300971 5.75485 -1.10009 10.6485 -4.16581 -6.91849 21.1562 -7.11926 -18.4449 26.8879 0.290377 -31.199 24.0966 14.4069 -37.552 22.6167 22.7691 22.8128 22.7837 22.5986 22.1974 21.5018 20.5553 19.5274 18.7668 18.5134 18.8597 19.5532 19.9798 19.9522 17.5474 15.8275 15.8172 16.2359 17.5277 18.189 18.0077 17.8022 17.9598 16.0264 -5.946
13.8858 26.0895 -33.5982 3.04164 31.2379 -23.3408 -5.89107 28.5149 -10.5079 -11.6573 19.8955 1.52229 -13.9028 7.4308 11.0189 -11.9732 -6.82065 17.3993 -5.39236 -20.7045 20.3279 5.24234 -32.2171 18.6682 18.0975 -38.0118 11.414 28.366 -34.3289 -0.134498 29.6154 -21.9529 -9.95259 20.8701 -8.95905 -11.5726 8.0817 -2.84823 -5.02963 -2.91426 -3.41468 6.20119 -13.0889 -5.1033 18.2223 -25.1878 -1.89823 28.0031 -35.5536 9.9781 29.7611 -35.209 22.7984 20.6062 -24.6263 24.8435 9.33302 -12.4039 17.0414 3.31636 -1.50363 5.93361 0.498752 9.41362 -4.16994 -5.05959 19.8847 -7.31294 -16.5692 25.6296 -0.208303 -29.4898 23.0598 13.6558 -36.4619 24.8688 25.0144 25.0569 25.0276 24.8364 24.4189 23.7023 22.752 21.7587 21.0527 20.8229 21.1534 21.8286 22.2524 22.2156 19.7694 18.0138 18.0186 18.4686 19.7699 20.4312 20.2517 20.0539 20.2249 18.3002 -5.92829
