# num_vectors 31
# vector_size 101
-14.9689 -20.1806 -16.5577 0.611076 -20.9467 -19.0057 14.8885 -14.0715 -18.1188 24.9245 -3.62755 -11.6015 28.4554 5.14304 1.09502 24.3645 6.3531 16.2382 15.3977 -2.23405 25.7503 5.26729 -14.2954 25.2131 -3.95711 -23.6561 16.3385 -12.332 -26.5677 3.15621 -20.3011 -20.981 -9.35032 -27.0443 -7.84121 -14.8101 -29.7721 6.31865 -8.83232 -25.9014 14.6455 3.93615 -16.4469 15.5196 16.6141 -3.18664 11.5499 24.4079 11.9531 6.81761 24.3778 24.9334 5.88481 15.4932 29.4975 11.534 1.69106 23.6517 19.4741 -10.5252 10.5794 25.066 -17.4521 -5.21092 25.3468 -19.1125 -19.5664 18.8036 -17.3495 -28.0436 5.70824 -14.6901 -26.6009 -9.93818 -13.9616 -1.32274 -1.3331 -1.34391 -1.34585 -1.32759 -1.29503 -1.27929 -1.28593 -1.29836 -1.30545 -1.302 -1.28383 -1.26147 -1.25443 -1.26285 -1.27624 -1.28424 -1.28976 -1.29458 -1.28879 -1.27942 -1.27818 -1.28669 -1.29343 -1.29217 -0.316638
-13.1758 -20.2095 -17.723 2.39282 -19.619 -20.2889 16.1279 -11.8307 -18.6788 25.4319 -1.44095 -11.0788 28.477 6.22495 2.43238 24.4902 5.83847 17.6466 16.0733 -3.86141 26.5736 6.4607 -16.2954 25.3978 -2.48563 -25.4797 16.066 -10.7499 -27.9567 2.72604 -18.7501 -22.0582 -9.61637 -25.7998 -8.96873 -14.8033 -29.1418 4.97303 -8.62801 -25.7975 13.2342 4.33045 -16.6286 14.202 17.2097 -3.44612 10.4407 25.2354 11.7818 6.00876 25.5078 25.0003 5.43116 16.9502 29.8144 11.4158 3.3763 23.9403 19.5797 -8.67781 10.6975 25.1141 -15.3213 -5.11741 25.0873 -16.7555 -19.2941 18.1154 -15.2011 -27.3836 4.63054 -13.4283 -25.3409 -10.9523 -14.0811 0.962343 0.960101 0.9479 0.931506 0.912314 0.894638 0.871891 0.847932 0.829625 0.821311 0.833266 0.87866 0.93017 0.952081 0.945568 0.924331 0.897883 0.866375 0.844287 0.843262 0.850796 0.856305 0.869392 0.908487 0.962285 -0.318411
-11.0193 -21.4944 -18.2706 4.6817 -20.3578 -19.4971 18.0036 -12.1301 -16.9023 26.3066 -1.35236 -8.70649 27.7512 6.42253 5.00686 22.0928 5.49288 19.6573 13.0774 -4.78615 27.2525 4.2273 -17.5831 24.7417 -3.26556 -26.9904 14.4058 -10.1926 -29.4905 0.329024 -17.5443 -23.2804 -12.2613 -24.7789 -10.0193 -16.7041 -28.4505 3.1816 -9.22537 -25.2957 10.0644 4.55964 -16.1269 10.0063 17.4752 -2.652 6.31594 25.0346 12.9431 3.45095 24.5969 25.7176 5.71996 15.6551 29.2575 13.6589 2.70574 22.4948 22.1243 -8.65472 8.9483 26.7292 -15.3945 -6.70137 25.1776 -17.5967 -20.1415 16.7551 -16.9445 -27.0401 2.57343 -15.635 -23.9154 -12.8409 -15.871 0.175951 0.143389 0.130789 0.144972 0.180544 0.210655 0.180479 0.112342 0.0426677 -0.00568033 -0.00237214 0.0776137 0.183007 0.240966 0.241488 0.191969 0.0908069 -0.0317814 -0.10355 -0.100224 -0.0572555 -0.00879273 0.0340479 0.0658279 0.0656002 -0.484554
-10.226 -22.0534 -18.8808 5.44633 -20.137 -19.0248 17.9028 -11.047 -15.2686 24.5391 0.168071 -6.18821 24.0737 7.68412 7.73602 17.2545 5.99456 21.813 8.61326 -5.2265 28.4492 1.11645 -18.6275 24.8993 -4.82562 -28.157 13.7033 -10.5182 -30.4303 -0.953273 -17.2011 -23.9043 -13.7548 -24.4309 -10.5845 -18.0266 -28.0872 2.32773 -10.0528 -24.5885 8.61664 3.93155 -14.9987 8.26267 16.5328 -1.14453 5.22339 23.6855 14.6851 4.35281 23.1629 26.8611 9.68208 14.6992 29.2371 18.6644 2.17254 21.4574 26.2997 -9.12497 7.51197 29.0664 -16.0537 -7.80066 25.6832 -18.553 -20.4779 16.1349 -18.2074 -26.7484 1.65054 -17.063 -23.4427 -13.7275 -17.1635 0.421113 0.364503 0.357977 0.409797 0.493194 0.536601 0.463454 0.338473 0.219155 0.132974 0.119494 0.207913 0.325333 0.382908 0.370798 0.281615 0.0835132 -0.134375 -0.213259 -0.168188 -0.0817915 -0.00620725 0.0479206 0.0778797 0.0553901 -0.776224
-9.31219 -21.3144 -20.3075 6.14166 -18.1724 -19.5192 17.5235 -8.36688 -14.3999 22.6113 2.62059 -4.12075 20.7406 8.9562 10.2651 13.3499 5.7191 23.7712 5.31875 -6.57125 29.1629 -0.893938 -20.2365 24.3614 -5.50979 -29.3882 12.2615 -10.2447 -30.9989 -2.81751 -16.6061 -23.9782 -15.5208 -24.2882 -10.7733 -19.3352 -28.6878 1.5622 -10.8408 -25.6048 7.34956 3.45439 -16.112 6.96085 16.1279 -2.20663 4.63593 23.4472 13.6378 5.38321 23.4915 25.312 12.8329 15.9743 27.0175 22.8123 4.11062 18.6489 30.1046 -6.99091 4.58124 31.5816 -14.0659 -10.2347 26.7121 -17.0568 -21.9951 16.0628 -17.5921 -27.2483 1.13534 -17.5702 -23.1191 -14.0081 -18.594 0.357386 0.284215 0.274842 0.336269 0.425374 0.454214 0.337246 0.164495 0.00561209 -0.106589 -0.118015 0.0126834 0.176061 0.251354 0.233096 0.109066 -0.17597 -0.486535 -0.593342 -0.528264 -0.408096 -0.299452 -0.209058 -0.141463 -0.143925 -0.922312
-7.99382 -21.8197 -23.6939 7.17644 -17.5696 -22.6375 17.7565 -7.20053 -16.9415 21.9206 3.67796 -6.14379 19.426 9.4454 8.38568 11.9451 5.63459 21.691 4.18347 -6.95619 26.7756 -1.52035 -20.7769 21.7912 -5.51105 -30.1114 9.60884 -9.67616 -31.99 -5.60671 -15.7961 -25.2243 -18.5644 -23.7469 -12.2321 -22.5547 -28.8477 -0.015588 -14.2835 -26.397 6.01045 0.0354738 -17.2877 6.00342 12.9932 -3.56751 4.09644 20.7686 12.2346 5.31187 21.4186 23.9878 13.2122 14.5093 25.6041 23.4399 2.84634 16.933 30.4273 -8.21906 2.77127 31.1598 -15.2223 -11.7555 25.5261 -18.2887 -22.9514 14.3141 -19.262 -27.3902 -0.857013 -20.0092 -22.3115 -15.6427 -21.7449 0.221338 0.155637 0.15581 0.227274 0.318452 0.338489 0.205056 0.0118512 -0.167474 -0.29477 -0.305622 -0.153314 0.0334458 0.117893 0.0961865 -0.0432802 -0.359989 -0.705221 -0.81829 -0.739962 -0.605994 -0.48527 -0.374398 -0.279507 -0.261064 -0.892514
-4.51933 -23.0453 -26.8281 9.67433 -16.3543 -25.0713 17.996 -4.94265 -17.8307 19.9941 5.32932 -5.88224 16.6159 9.63333 8.97228 9.54156 4.40974 22.0178 2.43998 -8.89324 26.1678 -2.46408 -22.6143 20.1617 -5.64133 -31.2114 7.22083 -9.11609 -32.0528 -8.25846 -14.975 -24.4218 -20.8511 -23.3801 -11.4076 -23.6648 -28.8951 -0.19357 -14.3104 -26.364 4.85188 0.369174 -17.1019 4.30313 13.2064 -3.32331 2.46499 20.8946 12.3835 4.44256 21.8895 24.0527 12.9683 15.61 25.4203 23.3644 4.06469 16.2115 29.559 -7.03845 1.89798 28.8144 -13.7247 -12.1176 21.8639 -16.4493 -22.4594 9.8888 -17.7319 -25.8082 -5.42753 -19.8811 -19.4735 -19.2807 -23.8031 0.542079 0.497753 0.521047 0.610227 0.684213 0.659506 0.490822 0.268738 0.0628534 -0.0870862 -0.0963395 0.101339 0.335563 0.43675 0.419037 0.26965 -0.0811859 -0.465376 -0.575566 -0.466948 -0.312965 -0.18965 -0.0604411 0.0990564 0.212167 -0.688398
-1.44533 -22.1728 -30.1466 11.6491 -13.9259 -27.01 18.4542 -2.44303 -18.4229 19.357 7.0913 -5.75194 15.5978 10.5294 9.2361 8.75115 4.72663 22.1578 2.03231 -8.8013 26.217 -2.96174 -22.556 20.3638 -6.93244 -31.1612 7.64956 -11.513 -31.8244 -7.54809 -17.7202 -23.7871 -19.7137 -24.6839 -9.97424 -22.6547 -28.6668 2.10465 -13.6043 -25.5853 6.67899 1.1243 -16.3373 5.14457 13.8915 -2.55128 2.74421 21.4094 13.1298 5.05694 22.0095 23.9508 14.1014 14.9815 23.6141 24.1602 3.06729 13.0251 28.923 -7.49891 -1.5128 26.4155 -13.1997 -14.8343 18.0205 -15.2571 -24.0142 5.16319 -16.8138 -25.817 -10.0328 -20.8459 -16.8519 -21.3014 -27.1755 0.345704 0.298493 0.32058 0.409218 0.472424 0.425917 0.244365 0.0333339 -0.143081 -0.26534 -0.296498 -0.191611 -0.0122734 0.0967414 0.0981542 -0.0484029 -0.41653 -0.798146 -0.881438 -0.747251 -0.587739 -0.473371 -0.332453 -0.0766934 0.13102 -0.546956
1.69236 -20.0256 -31.7752 13.0504 -9.90016 -27.5579 17.5744 1.77761 -17.8078 16.7457 10.2606 -4.40537 12.4814 12.0859 10.73 6.53826 4.73156 23.3042 1.53876 -9.69997 26.6748 -1.90441 -23.6759 20.2555 -5.08648 -32.2659 7.31112 -9.78683 -33.1023 -7.84136 -16.8072 -25.466 -19.8218 -24.5794 -12.014 -22.3855 -28.9219 -0.381505 -12.9249 -26.1555 4.33243 1.82223 -16.9687 3.54125 14.7008 -3.14924 2.2213 22.4219 12.2908 5.74976 23.2926 22.5294 15.3879 16.1815 21.3992 24.9708 3.92867 10.3975 28.3971 -6.73326 -3.86438 24.5809 -12.4055 -16.5377 15.3049 -14.7539 -24.6869 1.8858 -17.1035 -24.518 -13.1132 -22.1461 -13.6523 -22.1109 -29.103 0.566085 0.544822 0.593267 0.698181 0.740126 0.620586 0.358456 0.0985476 -0.0904586 -0.194875 -0.183856 -0.032446 0.167172 0.272484 0.252238 0.0691707 -0.348192 -0.739004 -0.787268 -0.612666 -0.432349 -0.304046 -0.131591 0.16649 0.412949 -0.450497
4.59483 -18.5747 -33.5324 14.5168 -7.6776 -27.8647 16.9055 3.58279 -16.9377 14.2338 10.9571 -3.12625 9.041 11.5509 11.8162 3.4481 3.07108 23.83 0.0646339 -12.0028 26.2704 -1.33911 -25.8349 18.8479 -2.82702 -33.7793 5.20451 -6.6435 -34.0207 -10.2152 -13.7512 -26.1439 -21.9867 -22.0913 -12.9059 -23.7559 -26.5979 -1.96817 -13.5709 -23.9845 2.21624 1.36275 -15.0278 1.55028 14.4094 -1.51986 1.08347 22.7553 13.3571 6.14682 24.9098 23.1789 16.5319 18.2788 21.8353 25.6685 5.7106 10.9869 27.9177 -5.41181 -2.84164 23.1554 -11.431 -15.1208 13.4866 -14.2429 -22.884 0.0267362 -17.4937 -21.9451 -14.463 -23.7856 -10.5603 -22.1625 -31.4358 0.564353 0.534496 0.590756 0.720745 0.775899 0.61898 0.274615 -0.0598069 -0.294963 -0.417621 -0.388544 -0.193131 0.0365262 0.153887 0.128775 -0.0906974 -0.597162 -1.01406 -1.02641 -0.804736 -0.600593 -0.46042 -0.252113 0.109798 0.411932 -0.43753
7.75751 -14.7106 -34.9647 16.1773 -3.17157 -28.2361 17.1321 7.56349 -16.585 13.6317 13.9998 -2.49259 8.32587 13.7724 12.4202 3.30158 4.79149 24.3206 0.868386 -10.4925 26.5799 0.471966 -24.2772 18.95 -0.156689 -32.0231 5.12706 -3.37132 -32.1579 -10.4305 -10.3169 -24.522 -22.4547 -19.2485 -11.7619 -24.7662 -25.0858 -1.04121 -15.0364 -23.811 3.3691 0.00613001 -15.7445 3.05867 13.6339 -2.73433 2.66961 22.7399 12.1638 7.21667 25.7357 22.8897 17.0621 19.7099 22.688 25.92 6.87487 12.4399 27.9426 -4.84432 -1.16938 22.9607 -11.1774 -13.2892 13.1584 -14.2097 -20.7309 -0.323167 -18.066 -19.0055 -14.2117 -25.452 -6.9074 -20.176 -33.5442 0.656264 0.632628 0.694548 0.827104 0.872842 0.68081 0.288832 -0.0857998 -0.346591 -0.482714 -0.44812 -0.212079 0.0661537 0.209843 0.189328 -0.0296924 -0.524791 -0.928748 -0.91618 -0.666328 -0.449191 -0.304892 -0.0714831 0.359427 0.715449 -0.205531
11.1958 -13.2694 -35.6067 17.6949 -1.19778 -27.7738 17.2687 9.05442 -15.6654 13.2214 14.9916 -1.50046 8.05405 14.6078 13.4577 3.71081 5.65026 25.6405 2.23502 -9.71484 28.1623 2.76892 -23.5132 20.5656 2.82781 -31.1521 6.66906 -0.0516829 -31.3295 -8.95361 -7.14043 -24.1779 -21.1902 -16.8915 -12.1566 -24.0782 -24.1135 -1.79918 -14.8998 -24.1133 2.84306 0.12688 -16.8045 3.05993 14.1774 -4.09137 3.0775 23.7016 10.8489 7.4751 26.7106 21.8912 16.7866 20.4135 22.0084 24.6818 6.9639 11.9296 25.5055 -5.04416 -1.34872 19.479 -11.1684 -12.8042 8.87811 -14.0947 -19.0444 -5.00691 -18.5968 -15.554 -17.7438 -27.3152 -2.4688 -21.0273 -35.4032 0.59346 0.574282 0.643147 0.779614 0.817665 0.587561 0.143128 -0.27141 -0.55017 -0.686996 -0.631235 -0.34123 -0.0133671 0.149044 0.122461 -0.107862 -0.586248 -0.945969 -0.875011 -0.575752 -0.343688 -0.204216 0.0466799 0.566356 0.973763 0.128689
13.6071 -11.6846 -36.7378 18.4364 0.197898 -27.5291 16.3067 9.50456 -14.8502 10.909 14.4622 -0.758973 4.96517 13.4299 13.8767 0.830625 4.17419 25.9083 0.868677 -11.2538 28.4772 3.44192 -24.8719 20.9728 5.34897 -32.2031 7.04135 3.71513 -32.0433 -8.7604 -2.91414 -24.731 -21.1585 -12.935 -12.9791 -24.2263 -21.0798 -2.8772 -15.5493 -22.247 1.32587 -0.43897 -15.7376 1.45829 14.0002 -3.59645 2.09771 24.2237 10.5998 7.80765 28.4032 21.2305 17.7729 22.4056 21.3681 24.8839 8.52565 11.8315 24.0589 -3.91731 -0.61671 16.7111 -10.3352 -11.3379 5.521 -13.8009 -16.9716 -8.16353 -19.5453 -12.7413 -19.2749 -29.9886 0.734079 -20.6099 -37.9916 0.73582 0.687074 0.749727 0.905067 0.967441 0.721638 0.196065 -0.309075 -0.648218 -0.817911 -0.768589 -0.456399 -0.0756387 0.120947 0.0935905 -0.173272 -0.736038 -1.10402 -0.977586 -0.610284 -0.350223 -0.20862 0.0817822 0.750867 1.2167 0.216605
16.3814 -9.06738 -37.0936 19.3065 2.8051 -27.1033 15.9888 11.2122 -14.0565 9.94511 15.1485 0.0946401 3.65914 13.3893 14.5165 -0.547062 3.95034 26.3797 -0.142485 -11.4135 29.2804 3.08937 -25.2858 22.5346 5.88452 -33.3604 9.17583 5.1816 -34.0755 -6.67927 -0.80038 -27.3743 -19.7346 -10.7365 -15.828 -23.7208 -19.3896 -5.54169 -15.784 -21.3535 -0.667824 -0.960325 -15.66 0.35489 13.7848 -4.20897 1.9061 24.6845 9.43957 8.35115 29.5613 20.0952 18.296 23.5742 20.6701 24.2683 9.17841 11.7585 21.8627 -3.52005 0.0393966 13.3705 -9.8984 -9.84123 1.51164 -13.6285 -14.1696 -12.1988 -20.3584 -8.38981 -21.5792 -31.7171 5.22145 -19.8844 -39.4163 0.768651 0.731402 0.794002 0.945659 1.01189 0.7742 0.239662 -0.292792 -0.661862 -0.853865 -0.817752 -0.50553 -0.12128 0.0730541 0.0312199 -0.269847 -0.87134 -1.20972 -1.01238 -0.576805 -0.298231 -0.160026 0.158764 0.940675 1.4872 0.485994
15.4891 -7.71838 -38.1031 17.2604 4.02335 -27.6958 13.0056 11.6053 -14.4174 6.12865 14.6066 -0.418237 -0.871631 12.2277 13.5795 -5.25321 2.74977 25.3478 -3.59402 -12.3181 29.199 1.30325 -26.2301 23.6436 5.51339 -34.7821 10.9705 5.66984 -36.0569 -4.86425 -0.00900636 -29.6588 -18.2038 -9.8567 -18.1072 -22.3892 -18.3184 -7.52469 -14.6377 -20.1332 -1.96121 -0.0395456 -14.6379 0.0359293 14.681 -3.99282 2.81215 26.14 8.65747 10.4292 31.9327 19.3269 20.1002 25.5358 20.3834 24.1603 10.5145 12.2022 19.7935 -2.15249 1.12378 10.3236 -8.29488 -8.43132 -1.76493 -12.1342 -12.7394 -15.0792 -19.629 -7.25767 -23.181 -32.0681 5.54031 -19.644 -40.5012 0.869402 0.84588 0.900706 1.05472 1.14285 0.920954 0.324257 -0.288288 -0.703509 -0.913965 -0.882802 -0.581265 -0.224691 -0.0560018 -0.115966 -0.458405 -1.11893 -1.39498 -1.09502 -0.583978 -0.299378 -0.177048 0.156163 1.05928 1.75395 0.720588
16.4946 -2.98571 -39.0807 16.7446 8.0547 -27.7951 11.928 14.1348 -13.9481 5.0427 15.5593 0.294097 -1.62829 11.8589 14.1651 -5.24305 1.56889 25.5041 -2.38754 -13.4393 28.8543 3.68918 -26.7634 23.029 8.80428 -34.6859 10.2799 9.36068 -35.6108 -5.57019 3.37151 -29.3682 -18.8476 -7.40266 -18.5981 -22.8294 -16.9326 -9.15436 -14.8499 -19.4404 -4.15007 -0.152306 -14.2941 -1.91067 14.6592 -4.05472 1.72683 26.2462 7.68781 10.5554 32.2272 17.4028 21.2418 25.9259 18.2488 25.194 10.8626 10.8328 19.7013 -1.83721 1.1252 8.89323 -8.08926 -6.79172 -4.16244 -12.4532 -9.38227 -17.2272 -21.0904 -2.99507 -22.8889 -34.4159 8.71253 -16.1991 -42.515 0.996896 0.980022 1.00889 1.13116 1.19489 0.941535 0.288558 -0.375189 -0.813916 -1.02251 -0.957099 -0.579994 -0.163707 0.014834 -0.0612655 -0.44451 -1.19072 -1.50131 -1.18817 -0.620751 -0.305729 -0.195541 0.133024 1.1926 2.05325 0.949149
17.8354 1.62833 -39.2482 16.511 11.9403 -27.3642 10.76 16.6675 -13.3469 3.33015 16.6383 0.69133 -3.5865 11.692 14.0439 -6.87765 0.62236 24.7283 -3.10464 -14.2666 27.6793 4.13474 -26.962 21.7795 10.3401 -34.1478 9.07801 11.6279 -34.495 -6.75267 5.75875 -28.0564 -19.99 -5.50193 -17.6963 -23.705 -15.6343 -9.34828 -15.2599 -18.5742 -5.26587 -0.358794 -14.0226 -3.14582 14.6635 -4.7967 1.35749 26.7853 5.77022 11.5476 32.794 14.1118 23.1996 26.2414 14.4605 27.0148 11.1232 7.91347 20.6877 -1.66584 -0.0979238 8.81225 -8.36894 -5.90657 -5.03871 -13.5248 -6.23792 -17.7238 -23.0631 1.28524 -21.2313 -36.536 12.0285 -12.2704 -43.7264 1.12313 1.10987 1.12489 1.23716 1.30411 1.04777 0.351205 -0.374819 -0.85267 -1.07789 -1.00205 -0.568961 -0.0981323 0.0969996 0.0120874 -0.444209 -1.29817 -1.64109 -1.32956 -0.724184 -0.369121 -0.258214 0.0526272 1.21781 2.17971 0.977701
17.5667 3.21985 -40.3353 15.0567 13.4571 -28.5787 8.57029 17.3749 -14.633 0.718824 16.1676 -0.87902 -6.39076 10.1707 11.9307 -9.37181 -1.37144 22.1979 -4.7295 -15.9279 25.542 3.74168 -28.2315 20.5169 11.3015 -35.2541 8.4752 13.6362 -35.5074 -7.23703 8.14288 -28.9106 -20.5575 -3.21421 -18.5741 -24.0369 -13.3638 -10.6325 -15.2282 -16.483 -6.98588 -0.25071 -12.8785 -4.63085 14.9921 -5.73712 1.23374 27.9127 2.84195 13.216 33.7801 9.4007 25.635 26.636 9.44878 28.7735 11.359 4.24093 21.3079 -1.43159 -1.73331 8.40708 -8.36109 -5.38541 -6.07512 -13.7556 -3.98345 -18.6437 -23.3506 3.80223 -21.3328 -36.8626 13.3335 -11.3543 -44.4125 1.29522 1.33824 1.36607 1.47162 1.54281 1.29286 0.560433 -0.244011 -0.779523 -1.03344 -0.962356 -0.512788 -0.0269816 0.171347 0.0734012 -0.519683 -1.52183 -1.87661 -1.54976 -0.885899 -0.474248 -0.364704 -0.119411 1.0106 2.11906 0.847206
18.1936 5.34247 -40.4367 14.3844 15.2207 -28.7222 7.28051 18.2275 -14.8515 -0.722698 15.8094 -1.34675 -7.69261 8.66585 10.9409 -10.1351 -3.43289 20.6968 -4.66315 -17.6576 24.2101 4.84586 -29.4357 19.8233 13.5232 -36.0493 8.31533 16.6602 -35.9767 -7.25845 11.2954 -29.1594 -20.52 -0.327017 -18.9894 -23.5903 -10.5022 -11.6167 -14.3282 -13.8508 -8.41556 0.701498 -11.3442 -5.80575 16.1219 -6.50597 1.27403 29.4936 -0.266187 14.7724 35.0127 4.57979 27.5198 27.1193 4.73503 29.6187 11.6658 1.24756 20.9356 -0.939636 -2.41551 7.2131 -7.89773 -3.71259 -7.5584 -13.5804 -0.370179 -19.536 -23.4478 7.7443 -20.8647 -36.9685 15.8488 -9.66365 -44.47 1.4799 1.56973 1.61061 1.70427 1.76721 1.51629 0.751298 -0.126714 -0.713948 -0.989327 -0.914149 -0.437618 0.06298 0.262947 0.149371 -0.602025 -1.75789 -2.10258 -1.74959 -1.01871 -0.555955 -0.454326 -0.271755 0.846064 2.12546 0.758735
18.6181 8.30193 -40.1618 13.9615 17.8739 -28.4995 6.39846 20.0235 -14.7124 -1.73413 16.2983 -1.58765 -8.68446 7.81266 9.8265 -11.1061 -5.05481 18.5493 -5.78301 -19.3768 21.8917 3.86434 -31.2345 18.0556 13.2665 -37.8104 7.10905 17.4359 -37.0379 -8.2013 12.9714 -28.8847 -21.0356 2.03355 -17.7894 -23.314 -7.85158 -10.5998 -13.6047 -11.7476 -8.08022 1.42281 -10.904 -5.80237 17.0747 -8.85886 1.70704 30.9225 -4.94251 16.0057 36.5625 -0.966201 28.9774 28.5494 0.241886 30.6431 13.0896 -1.21938 21.493 0.416868 -2.89802 7.55885 -6.87425 -2.5241 -7.0806 -13.0158 1.99049 -18.3905 -23.1994 10.2645 -18.7242 -36.6846 17.4467 -6.86323 -44.1109 1.66191 1.79752 1.8549 1.93306 1.98553 1.75938 1.03144 0.125725 -0.532591 -0.872489 -0.853514 -0.417612 0.0897183 0.310892 0.193696 -0.716966 -2.00335 -2.33233 -1.96069 -1.16943 -0.653669 -0.546922 -0.392465 0.712006 2.10144 0.620604
19.2472 10.7203 -38.8248 13.4906 20.0932 -27.4966 5.3441 21.6827 -13.9684 -2.85455 16.9709 -1.20693 -9.39942 7.36693 9.54131 -11.5012 -6.08631 17.4226 -6.49193 -20.5427 20.6704 2.89546 -32.7606 17.3551 12.684 -39.6455 6.95068 17.8455 -38.4045 -8.02281 14.515 -28.9952 -20.3313 4.46145 -16.9697 -21.8303 -5.15625 -9.88592 -11.7806 -9.91596 -7.91125 3.07877 -11.2005 -5.86946 18.7333 -11.7373 2.0385 32.4996 -10.0739 16.9365 37.6844 -6.81621 29.7917 29.1746 -4.39579 30.6871 13.7934 -3.74196 20.8871 1.54638 -3.39029 6.74443 -5.52486 -1.22855 -7.6793 -11.8061 4.74035 -18.0731 -22.2148 13.3633 -17.1172 -35.4493 19.5255 -4.53256 -42.5959 1.83075 2.0238 2.12198 2.20391 2.22976 2.00719 1.32338 0.418196 -0.305439 -0.718361 -0.766485 -0.381705 0.125517 0.36816 0.22969 -0.863581 -2.25516 -2.54698 -2.1458 -1.27809 -0.721709 -0.631236 -0.510498 0.563209 2.05007 0.467673
20.4836 12.8821 -37.7531 13.4509 21.5553 -26.5893 4.64284 22.2529 -13.4046 -3.74268 16.6933 -1.11446 -10.221 6.44034 9.05925 -12.0501 -7.27208 16.5524 -7.00835 -21.6935 19.9036 2.65959 -33.801 17.0173 13.2068 -40.2193 7.06592 19.3476 -37.9218 -7.40471 16.7723 -27.393 -18.9649 6.99367 -15.0811 -19.8189 -2.98046 -8.52875 -9.75607 -8.91724 -7.17555 4.74494 -12.4359 -5.27162 20.0707 -15.2708 3.15491 33.2346 -15.3228 18.5053 37.2298 -12.0705 30.7009 27.7971 -8.06142 30.4089 12.7278 -5.28085 19.9709 1.3359 -2.86216 5.7684 -5.18931 1.17004 -8.29345 -11.3681 8.50162 -17.6473 -21.892 17.3395 -15.4841 -34.8394 22.3926 -2.22653 -41.6307 2.03918 2.26191 2.37029 2.44684 2.47046 2.24782 1.57203 0.618624 -0.187259 -0.663954 -0.753895 -0.380342 0.153019 0.414777 0.234468 -1.07867 -2.4884 -2.71278 -2.27027 -1.32324 -0.727782 -0.671154 -0.589473 0.442742 2.08822 0.370341
18.3735 15.7207 -36.7184 10.4763 23.2313 -25.293 1.8299 22.726 -11.9931 -5.70819 16.1073 0.321267 -10.9898 5.07405 10.3696 -11.6037 -8.85079 17.6665 -6.00998 -23.099 20.88 4.00714 -34.912 17.9643 14.9308 -40.7304 8.05023 21.3401 -37.4256 -6.1055 18.8058 -26.069 -16.8634 9.00439 -13.7472 -17.0549 -1.32455 -7.37828 -7.23514 -8.0922 -6.57654 6.93922 -12.9689 -5.12919 21.9395 -17.3531 3.35339 34.6342 -18.8277 18.9024 37.4005 -15.948 30.204 26.8049 -11.1966 28.4809 12.0503 -7.07392 17.3544 1.77102 -2.97638 3.2453 -4.08439 2.7528 -10.0578 -10.5941 10.9675 -17.2494 -22.1179 19.1193 -13.0128 -35.0028 22.1877 1.13538 -41.1537 2.37781 2.59483 2.68462 2.71843 2.69169 2.4233 1.72581 0.735077 -0.116969 -0.623167 -0.726461 -0.361268 0.200197 0.484188 0.276606 -1.25533 -2.69922 -2.87536 -2.40748 -1.42532 -0.857942 -0.905526 -0.844695 0.20564 2.26673 0.248081
15.9977 17.1439 -36.5532 7.18493 24.1012 -25.4516 -1.38067 22.8655 -12.1472 -8.02452 15.4834 0.247802 -12.0024 3.92772 10.3096 -11.5708 -9.99883 17.6163 -5.79529 -24.1403 20.9765 4.19599 -36.0491 18.3793 15.3848 -41.8818 8.77419 22.3316 -38.1805 -5.02533 20.3848 -26.3394 -15.3754 10.923 -13.7561 -15.6393 0.179035 -7.14187 -6.447 -7.64068 -6.04879 7.15498 -14.1783 -4.61487 21.5108 -20.8552 3.50016 33.4229 -24.6626 18.7636 35.4552 -22.2593 29.9124 24.5828 -15.9221 27.9559 10.467 -9.57928 16.7811 1.44748 -3.45351 2.97604 -3.24684 3.95452 -9.78155 -9.12365 12.9149 -16.1689 -20.5654 20.3271 -11.2418 -33.6499 21.5623 2.9425 -40.3356 2.5838 2.86171 2.96858 2.972 2.8888 2.57774 1.88209 0.879785 -0.01772 -0.561046 -0.691322 -0.349567 0.219035 0.530939 0.335263 -1.45256 -2.9653 -3.11068 -2.63496 -1.53492 -0.921151 -1.04495 -1.09747 -0.33666 2.2161 0.19271
15.4597 18.2086 -36.0481 5.69164 24.2697 -25.2239 -3.19936 22.6883 -12.172 -9.6357 15.1196 0.219995 -12.9238 3.42499 10.3698 -11.6757 -10.4222 17.7333 -5.33468 -24.3134 21.1176 5.13522 -35.8305 18.6421 16.8242 -41.1388 9.33318 24.2869 -36.9566 -4.0535 22.7491 -24.9338 -14.262 13.2688 -12.3855 -15.0344 1.76932 -5.85077 -6.74356 -7.04417 -5.08124 6.25981 -14.7425 -4.34289 20.0828 -23.1893 2.67623 31.5597 -29.0847 17.2607 33.5929 -27.3805 28.8729 23.0793 -19.8182 27.8125 9.48043 -11.6263 17.3234 1.15388 -3.9453 4.09509 -2.86534 4.75597 -8.01048 -8.33472 14.5233 -13.5452 -19.5581 21.9497 -8.4387 -32.5655 22.9685 5.12798 -40.4604 2.90429 3.13779 3.25935 3.27244 3.16947 2.82661 2.10457 1.06046 0.121096 -0.444394 -0.585537 -0.241741 0.372052 0.726686 0.574 -1.40499 -3.02838 -3.16813 -2.71991 -1.52971 -0.854863 -1.02903 -1.10254 -0.503989 -2.33009 -4.86709
12.8529 21.3866 -34.7663 2.67138 26.851 -24.0056 -5.7705 24.3127 -10.8073 -11.2392 15.9685 1.55153 -13.5444 3.86169 11.4867 -11.5964 -10.0121 18.6453 -4.81731 -23.6894 22.0518 6.06392 -34.8849 19.8954 18.2952 -39.8334 11.0991 26.3167 -35.339 -1.85621 25.0012 -23.2157 -11.9765 15.2384 -10.9071 -13.0363 3.15225 -4.81376 -5.25976 -6.34495 -4.56025 7.27404 -14.9095 -4.57419 20.5982 -24.7686 1.39796 31.5283 -32.3306 15.2367 33.2322 -31.1571 27.0335 22.8523 -22.5953 26.7485 9.8194 -12.8697 17.0887 2.167 -3.76597 4.63207 -1.31098 6.00871 -6.74964 -6.5152 16.1389 -11.5391 -17.7598 22.5684 -5.5446 -30.9184 21.1083 8.41614 -38.0167 2.92594 3.20691 3.30122 3.26428 3.11722 2.75323 2.0203 0.937484 -0.0519803 -0.639755 -0.781962 -0.417896 0.238799 0.630498 0.520049 -1.67337 -3.36293 -3.48676 -3.07227 -1.83281 -1.08011 -1.30346 -1.51317 -1.27302 -4.13891 -6.17816
12.1606 23.3726 -32.7592 0.974921 27.9462 -22.5965 -7.86564 24.7426 -9.81047 -13.108 15.9437 2.32914 -14.7407 3.61484 12.1235 -12.2168 -10.2611 19.0957 -5.17508 -23.8238 22.4269 5.89444 -34.881 20.531 18.6139 -39.679 12.3665 27.5467 -34.923 0.12013 27.0853 -22.4581 -9.65426 17.4899 -10.0427 -10.9657 4.75514 -4.32642 -3.97796 -5.64253 -4.79947 7.81281 -15.2758 -5.86903 20.3405 -26.689 -1.30009 30.4002 -35.9892 11.4987 31.5385 -35.2208 23.5185 21.3789 -25.4017 24.2849 9.28593 -13.9994 15.7015 2.7459 -3.49849 4.18076 0.0730116 7.46109 -6.20323 -4.84955 18.3549 -9.61323 -15.8811 24.4765 -2.56851 -28.6608 21.7922 11.2866 -35.6071 2.53712 2.81394 2.91694 2.87936 2.70605 2.32058 1.58977 0.492419 -0.561423 -1.2031 -1.37432 -1.01232 -0.297307 0.149741 0.0976175 -2.40815 -4.12271 -4.21961 -3.84157 -2.53168 -1.71223 -2.0036 -2.29632 -2.30062 -4.86797 -6.23583
12.9592 26.7375 -32.4744 1.23816 30.6484 -22.6439 -7.88948 26.8447 -10.2294 -13.1684 17.5484 1.51726 -14.7298 4.8524 10.843 -12.2042 -9.23641 17.3737 -5.19814 -22.8507 20.5667 5.99073 -33.8418 19.019 19.2753 -38.4802 11.7065 29.2775 -33.4698 0.426539 29.8675 -20.7056 -8.9465 20.5572 -8.13371 -10.7355 7.20415 -2.67893 -4.76724 -3.96884 -3.91543 6.23242 -14.247 -6.15016 18.0752 -26.5442 -3.01816 27.6305 -36.9037 8.9279 28.8841 -36.4505 21.5416 19.4516 -25.9115 23.6349 8.14725 -13.5088 16.137 2.11282 -2.15501 5.39942 -0.323805 9.42989 -4.25849 -5.29235 20.6939 -6.56429 -16.2378 26.5823 1.3253 -28.6274 23.2663 15.2037 -35.2466 1.81869 2.07699 2.17748 2.13269 1.94869 1.57014 0.862614 -0.246608 -1.38298 -2.08747 -2.29017 -1.93204 -1.14549 -0.633575 -0.625947 -3.27966 -5.05321 -5.13704 -4.78706 -3.47372 -2.58921 -2.91994 -3.25678 -3.37823 -5.72009 -6.23858
14.0691 30.7023 -31.8381 2.05713 34.2771 -22.2335 -7.50145 30.0741 -10.2807 -13.2341 20.3903 0.927895 -15.2192 7.39877 9.7526 -13.1606 -6.934 15.9055 -6.463 -20.6809 19.1909 4.64054 -31.823 18.2132 18.2813 -36.7601 11.8084 29.2315 -32.1393 1.26669 30.9627 -19.5171 -8.15721 22.1598 -6.7192 -10.7373 8.49335 -1.14797 -5.65134 -3.10519 -2.91238 4.82327 -13.5137 -6.06599 16.3387 -26.0979 -3.94169 25.7969 -36.8329 7.61467 27.4728 -36.3566 20.7372 18.7633 -25.4465 23.5911 7.98981 -12.6798 16.6516 2.0474 -1.04049 6.30638 -0.717702 10.7866 -2.7306 -6.2516 22.1691 -3.76864 -17.268 27.9201 5.14914 -29.0077 24.4916 19.3381 -34.8677 0.513115 0.763015 0.864013 0.820614 0.642139 0.293534 -0.377864 -1.47945 -2.67499 -3.43006 -3.65999 -3.30875 -2.46393 -1.89912 -1.85715 -4.5072 -6.34717 -6.42743 -6.0822 -4.81207 -3.95802 -4.30815 -4.64999 -4.79705 -6.76331 -6.20974
15.7639 32.0017 -31.1194 3.14514 35.6316 -22.3498 -7.14014 31.4796 -10.9975 -13.4467 21.7702 -0.12427 -15.7825 8.73245 8.54504 -14.0379 -5.65358 14.6706 -7.6429 -19.4498 18.3309 3.34422 -30.7488 18.2556 17.3568 -36.1006 13.1102 29.3947 -32.0189 3.58056 32.4704 -19.619 -5.7954 24.3139 -6.61122 -9.28882 10.3205 -0.884929 -5.40656 -1.98629 -2.97157 4.16141 -12.8403 -6.8038 15.0421 -25.9614 -5.68442 23.9258 -37.4321 5.1707 25.4048 -37.2105 18.5629 17.1052 -25.8296 22.2173 7.08704 -12.4041 15.9799 1.8613 -0.202947 6.16844 -0.377179 12.146 -2.35973 -5.56814 23.9322 -2.75589 -16.1948 29.868 6.55853 -27.5275 26.4477 20.7182 -33.4628 -1.5769 -1.25193 -1.10972 -1.12711 -1.294 -1.62209 -2.25664 -3.35121 -4.62831 -5.44994 -5.70945 -5.36576 -4.46215 -3.83221 -3.73723 -6.53706 -8.39945 -8.4623 -8.13464 -6.83862 -5.92321 -6.3136 -6.67448 -6.8141 -9.54894 -6.1944
16.1824 30.9668 -31.8409 3.33134 35.1318 -23.6666 -7.23551 31.5235 -12.3873 -13.6947 22.1836 -1.28239 -16.0348 9.35028 7.68563 -14.2595 -4.89332 14.1271 -7.93189 -18.5954 18.2312 2.93001 -29.9985 18.8481 17.0241 -35.8713 14.5661 29.7563 -32.6494 5.62767 34.0866 -20.8013 -3.96383 26.9787 -7.45757 -8.36324 13.2329 -0.695868 -5.36129 0.121977 -2.35675 3.16526 -11.2515 -6.22538 13.4883 -24.6032 -5.92644 22.0893 -37.0437 3.76714 23.783 -38.2657 17.344 15.8799 -27.2113 22.2032 6.00932 -13.3015 16.7397 1.20042 -0.720861 7.23251 -0.0175637 12.0673 -1.35074 -3.88542 23.956 -2.67506 -14.3211 30.1132 5.79828 -26.1835 26.8762 19.5262 -33.1468 -3.52278 -3.07611 -2.88504 -2.87841 -3.04044 -3.36809 -3.98868 -5.06594 -6.37176 -7.2363 -7.52703 -7.21767 -6.31978 -5.62604 -5.45789 -8.17724 -10.3108 -10.3672 -10.0688 -8.67008 -7.57148 -8.03521 -8.39814 -8.48156 -6.0188 0.0844164
