# num_vectors 31
# vector_size 101
-15.0055 -20.1757 -16.4116 0.578504 -21.1056 -18.776 14.9193 -14.3591 -17.9224 25.0258 -3.91911 -11.5084 28.5643 4.99444 1.086 24.3837 6.41368 16.1864 15.3018 -2.03811 25.7104 5.14645 -14.0778 25.1567 -3.99486 -23.4802 16.2403 -12.2744 -26.4501 3.01077 -20.2334 -20.8781 -9.50878 -27.0461 -7.72488 -14.8483 -29.8319 6.32213 -8.63588 -25.9831 14.4346 4.27639 -16.4919 15.1628 16.9362 -3.14945 11.2061 24.5953 12.0411 6.64371 24.3936 24.9756 5.94526 15.4213 29.4576 11.7292 1.64815 23.6125 19.6769 -10.5635 10.5731 25.2233 -17.5884 -5.20451 25.4509 -19.3735 -19.5523 18.8776 -17.6603 -28.0241 5.79533 -14.9204 -26.5965 -9.84229 -13.9998 -1.31269 -1.31557 -1.31624 -1.31365 -1.30607 -1.2964 -1.29169 -1.29295 -1.29659 -1.29881 -1.29673 -1.28971 -1.28104 -1.27634 -1.27658 -1.28025 -1.28617 -1.292 -1.29476 -1.29329 -1.28958 -1.2865 -1.28702 -1.29292 -1.3018 -0.308972
-12.9938 -20.4092 -17.3884 2.62835 -20.1658 -19.6699 16.4925 -12.5972 -18.1195 25.8726 -2.10536 -10.7569 28.7912 5.94116 2.55958 24.4774 5.922 17.6892 15.8425 -3.67692 26.5164 6.31319 -16.1522 25.1201 -2.34925 -25.3907 15.5763 -10.3946 -27.9006 2.10915 -18.4228 -21.9635 -10.1966 -25.6909 -8.85832 -15.0301 -29.1926 4.79412 -8.32024 -25.9347 12.5689 4.95723 -16.7352 13.1979 17.8358 -3.41922 9.44615 25.6426 11.9247 5.42467 25.6264 25.067 5.5263 16.9337 29.6148 12.0449 3.5148 23.6349 20.334 -8.40099 10.4325 25.7174 -15.2459 -5.33495 25.421 -17.1095 -19.417 18.1946 -15.8939 -27.3394 4.61374 -14.0994 -25.1674 -10.9639 -14.2998 1.04676 1.04655 1.04473 1.03884 1.02049 0.989966 0.956772 0.932787 0.917228 0.911716 0.92812 0.975387 1.02575 1.05244 1.05542 1.03928 1.00298 0.954902 0.923766 0.917747 0.927944 0.947334 0.975543 1.00923 1.03517 -0.316034
-10.6811 -21.719 -18.3997 5.04413 -20.6088 -19.2943 18.3362 -12.3602 -16.614 26.5159 -1.42685 -8.50049 27.6942 6.59055 5.0982 21.735 5.81066 19.6375 12.7141 -4.5546 27.1078 4.13227 -17.4899 24.3835 -2.98422 -26.9711 13.8509 -9.64873 -29.5293 -0.341717 -17.028 -23.4038 -12.9574 -24.5771 -10.2771 -17.2741 -28.6346 2.63752 -9.50104 -25.7808 9.1811 4.51285 -16.7429 8.9956 17.5192 -3.24459 5.53553 25.1456 12.4462 3.22922 24.8491 25.2365 6.12861 16.1145 28.6615 14.3756 3.32785 21.9013 22.767 -8.08873 8.46639 27.1069 -15.2166 -7.06185 25.2443 -17.9691 -20.3497 16.5619 -17.7398 -27.0323 2.27016 -16.5101 -23.6745 -13.0968 -16.4562 0.0458115 0.0167591 0.0157955 0.0400076 0.0723993 0.0815236 0.0324456 -0.0396174 -0.108668 -0.15615 -0.147709 -0.0603202 0.0482123 0.112691 0.121521 0.0707855 -0.049779 -0.18923 -0.261538 -0.2558 -0.204236 -0.136999 -0.074597 -0.0417499 -0.0636289 -0.466813
-10.0629 -22.1161 -18.8539 5.62768 -20.3563 -18.6917 18.1583 -11.4203 -14.8145 24.8012 -0.185606 -5.76311 24.1271 7.52298 8.04685 16.9539 6.04393 21.9706 8.07816 -5.07865 28.4613 0.588488 -18.4368 24.7389 -5.14157 -27.9542 13.4226 -10.5798 -30.2631 -1.32485 -17.1356 -23.757 -14.2021 -24.4227 -10.4449 -18.3995 -28.1225 2.30981 -10.1958 -24.6247 8.27713 3.92896 -15.0208 7.68845 16.5108 -1.12 4.71978 23.6026 14.7281 4.31939 23.0676 26.6684 10.3479 14.7383 28.6309 19.7457 2.44717 20.612 27.3654 -8.69243 6.67481 29.8434 -15.7459 -8.48487 26.0647 -18.5881 -20.8944 16.1649 -18.5764 -26.8392 1.53453 -17.5592 -23.3262 -13.7977 -17.4991 0.437136 0.382295 0.380321 0.433752 0.512426 0.545317 0.469011 0.351919 0.237254 0.148317 0.129398 0.207354 0.312188 0.370385 0.368076 0.281332 0.0658394 -0.168402 -0.254766 -0.215713 -0.125505 -0.0336524 0.0390574 0.0732849 0.0358899 -0.791702
-9.00428 -21.494 -20.5665 6.47639 -18.6072 -19.4127 18.0289 -9.05848 -14.1912 23.2251 1.93445 -3.97221 21.1123 8.52663 10.264 13.1745 5.5931 23.5267 4.74271 -6.53145 28.6765 -1.50307 -20.112 23.6816 -5.85836 -29.2371 11.4653 -10.2518 -30.8524 -3.71625 -16.4399 -23.7981 -16.4864 -24.2413 -10.6175 -20.1389 -28.7251 1.4205 -11.2702 -25.6766 6.69326 3.23005 -16.2011 5.97559 15.9023 -2.25844 3.79624 23.1955 13.5355 5.26504 23.2532 24.6627 13.6374 15.8789 25.7148 24.0886 4.35044 17.1033 31.3406 -6.59056 3.15915 32.478 -13.9665 -11.3533 27.1046 -17.5285 -22.6342 15.9808 -18.5306 -27.3289 0.868624 -18.6174 -22.8696 -14.1975 -19.3571 0.319088 0.245249 0.236241 0.295226 0.383189 0.414017 0.303317 0.141468 -0.0150666 -0.134099 -0.150862 -0.0235336 0.13454 0.214972 0.206532 0.0780948 -0.237521 -0.569511 -0.686781 -0.627967 -0.497199 -0.362811 -0.25008 -0.182316 -0.206692 -0.930902
-7.61455 -22.2012 -23.8584 7.61495 -18.3018 -22.3841 18.415 -8.177 -16.6615 22.6903 2.79007 -5.99752 19.8857 8.81633 8.36946 11.8591 5.135 21.39 3.9367 -7.48056 26.1549 -1.55163 -21.2688 20.8489 -5.18786 -30.4404 8.43394 -9.10408 -32.0882 -6.87422 -15.2604 -25.1693 -19.7335 -23.5565 -12.3026 -23.4148 -28.8623 -0.545831 -14.6228 -26.4642 4.83087 -0.0388481 -17.3083 4.48049 12.8813 -3.4989 2.80191 20.5509 12.2232 4.82684 21.1201 23.2972 13.6585 14.2165 24.2039 24.3017 2.85252 15.3944 31.2867 -8.10457 1.45828 31.8207 -15.5636 -12.7382 25.7984 -19.3538 -23.4429 14.1661 -20.804 -27.3264 -1.16028 -21.4697 -21.958 -15.8998 -22.6314 0.264007 0.19483 0.195586 0.26623 0.356825 0.372492 0.23324 0.0434696 -0.134305 -0.26323 -0.268567 -0.104445 0.0856364 0.175737 0.160646 0.0135614 -0.334948 -0.696069 -0.817786 -0.747305 -0.601085 -0.450531 -0.318145 -0.232455 -0.249518 -0.916088
-3.45806 -23.059 -25.3768 10.9621 -16.886 -23.5684 20.182 -5.89487 -16.7793 22.9049 4.43248 -5.02317 19.1849 8.84678 9.71684 11.0472 3.61619 22.1238 3.41138 -9.60275 25.526 -1.57604 -22.9967 18.8838 -4.6304 -31.1544 5.63253 -8.12643 -31.6487 -9.85698 -14.502 -23.8875 -22.1145 -23.7825 -11.3156 -24.0508 -29.5559 -0.800232 -14.0624 -27.3417 3.58764 0.87732 -18.1626 2.81092 13.7624 -4.27318 1.10249 21.2794 11.4201 3.34822 21.8147 22.3676 12.5275 15.1677 22.7479 23.3717 3.96511 13.1891 29.8389 -6.67717 -1.00079 29.2698 -13.6386 -14.7175 22.1191 -17.229 -24.304 9.62201 -19.21 -26.312 -5.96004 -21.105 -18.6464 -19.4826 -23.5131 0.475124 0.434585 0.452531 0.52501 0.598419 0.595642 0.444473 0.243802 0.0509498 -0.087747 -0.0646723 0.172902 0.418728 0.5315 0.521394 0.373208 0.0147528 -0.372409 -0.501136 -0.42095 -0.265798 -0.105118 0.0574059 0.188921 0.212353 -0.625319
-0.890714 -23.0594 -28.2158 13.1473 -16.4561 -25.2755 21.7942 -5.6657 -17.4844 24.1814 4.28137 -5.33406 20.4422 8.67995 9.4058 12.1495 3.9552 21.9127 3.70104 -8.67615 25.6133 -2.72405 -21.7 19.4904 -7.61441 -29.7592 6.73862 -12.6788 -30.0777 -8.316 -19.0747 -21.7635 -20.1945 -25.9123 -7.76839 -22.5005 -29.5534 3.78867 -12.6593 -26.4465 7.64063 2.2692 -17.1643 5.46645 14.9182 -3.25425 2.34567 21.9261 12.5485 3.67268 21.5802 23.1935 12.5241 14.0553 22.6628 22.9928 2.50693 12.2377 28.7011 -7.74911 -2.2235 27.206 -13.9763 -15.6634 19.312 -17.0141 -24.7099 6.43166 -19.0788 -25.8754 -9.04057 -22.1897 -16.346 -20.7858 -26.5091 0.215621 0.151602 0.151654 0.214412 0.288094 0.307654 0.203671 0.0612582 -0.0734415 -0.178276 -0.209801 -0.119095 0.0503128 0.169696 0.193815 0.0841632 -0.232365 -0.587488 -0.697466 -0.610068 -0.460133 -0.311238 -0.142453 0.0550492 0.147116 -0.429175
1.64342 -20.5976 -29.3167 14.4363 -11.9596 -25.9935 21.4933 -0.640335 -17.3927 22.607 8.5003 -4.45114 18.4353 11.1864 10.5813 10.7728 4.7486 22.7203 3.36061 -8.6444 25.9312 -2.25733 -22.0806 19.9062 -6.80487 -30.8017 7.46691 -11.8852 -31.9514 -7.54175 -18.5077 -24.2531 -19.7077 -25.6563 -10.4715 -22.3338 -29.7177 1.13678 -12.7201 -27.0785 5.43416 2.17681 -18.1455 4.04872 15.1832 -4.28849 1.98706 22.6712 11.362 4.55151 22.3704 21.1763 14.0273 14.485 19.5321 24.0836 2.67786 8.3839 28.653 -7.38651 -6.09124 25.9167 -13.1416 -18.9074 16.9381 -15.8442 -26.568 3.21676 -18.0902 -25.4293 -12.0618 -22.0517 -13.9198 -21.4115 -27.299 0.408105 0.383122 0.407359 0.472386 0.511348 0.468443 0.317683 0.149353 0.00633334 -0.0935086 -0.112089 -0.00571838 0.171819 0.287464 0.291152 0.137639 -0.224678 -0.582312 -0.666724 -0.554848 -0.39462 -0.242822 -0.0623926 0.166386 0.303477 -0.415193
4.45368 -19.6264 -30.5999 15.9831 -9.80293 -26.1405 21.0623 1.64113 -16.3867 20.205 9.86211 -2.82372 14.8238 10.9894 12.0209 7.29177 3.01715 23.3004 1.3025 -11.2612 25.5094 -2.5757 -24.9546 18.7387 -5.71265 -33.549 5.78608 -9.95853 -34.2975 -9.50455 -16.3194 -26.1268 -21.5009 -23.5747 -12.291 -23.4663 -27.6621 -1.2491 -13.2173 -24.8622 2.34292 1.83623 -15.8341 0.823491 14.7617 -2.03497 -0.268244 22.5547 13.0577 4.57 23.1931 21.7071 15.5466 15.9135 18.938 25.5629 4.28394 7.42447 28.8971 -5.85392 -6.59146 24.7475 -11.8932 -18.542 14.8102 -15.1502 -25.2457 0.760164 -18.2586 -23.2146 -14.1104 -23.275 -10.9798 -22.1411 -29.0401 0.458897 0.438373 0.478907 0.568301 0.615986 0.540359 0.323913 0.0961523 -0.0896013 -0.215301 -0.238239 -0.114186 0.0852578 0.207838 0.201082 -0.00518746 -0.484683 -0.908673 -0.98736 -0.841369 -0.650596 -0.477614 -0.269552 0.0114576 0.18394 -0.575616
7.95003 -15.8151 -31.8949 18.1218 -5.05824 -26.4049 21.514 6.22344 -15.7692 19.3972 13.4599 -1.7896 13.6641 13.2846 12.9649 6.76687 4.22088 23.818 1.92284 -10.5574 25.4797 -0.742962 -24.3011 18.2411 -2.84824 -32.702 4.95706 -6.40065 -33.2813 -10.5167 -12.5922 -25.2358 -22.6849 -20.3831 -11.7549 -25.0298 -25.7007 -0.886885 -15.1667 -24.1703 2.91496 0.0173082 -16.0402 1.74903 13.5608 -2.80579 0.893401 22.3048 12.2087 5.68167 24.1057 21.5313 16.5956 17.6046 19.6017 26.6314 5.82332 8.6 29.802 -4.91743 -5.08564 25.3661 -11.4874 -16.7101 15.2205 -15.244 -22.9409 1.12144 -19.0385 -20.0681 -13.308 -24.8661 -7.17057 -19.9803 -30.9119 0.576751 0.563607 0.618968 0.71954 0.754354 0.633693 0.365661 0.0953385 -0.121337 -0.264885 -0.282826 -0.119405 0.12656 0.274138 0.269504 0.0507333 -0.452246 -0.893471 -0.962439 -0.792277 -0.581364 -0.392708 -0.156001 0.170765 0.372945 -0.49474
11.557 -13.9153 -32.0251 20.0369 -2.08228 -25.9106 21.9183 9.14132 -14.8474 19.0982 15.805 -0.708209 13.628 15.0503 14.1276 7.69672 5.54275 25.1702 3.92034 -9.53143 26.9397 2.23159 -23.4106 19.6659 0.916444 -31.9306 6.35595 -2.20485 -33.004 -9.18422 -8.65151 -25.9075 -21.8021 -17.5116 -13.2781 -24.9534 -24.361 -2.60143 -15.8557 -24.483 1.98318 -0.811794 -17.5472 1.95693 13.4282 -4.89714 1.72706 23.0335 10.2303 6.00044 25.156 20.3503 16.033 18.4313 19.1745 25.2345 5.89383 8.42473 27.675 -5.28385 -5.16368 22.6852 -11.6553 -16.4534 12.0635 -15.1043 -21.574 -2.43294 -19.0585 -16.608 -16.0491 -25.4114 -2.76555 -20.3612 -31.5114 0.487316 0.503898 0.585043 0.696079 0.711668 0.536967 0.217898 -0.0869961 -0.32092 -0.462139 -0.446038 -0.216761 0.0744629 0.236358 0.221421 -0.00881071 -0.482114 -0.87067 -0.887113 -0.68028 -0.461072 -0.275082 -0.0244946 0.324859 0.552808 -0.195348
14.172 -11.2391 -34.4274 20.7619 0.685939 -26.4471 20.7269 10.8294 -14.2401 16.6369 16.2277 0.12678 10.8238 14.6522 14.7664 5.50722 4.75921 25.7836 3.06103 -10.5704 27.6921 2.81412 -24.6098 20.5348 2.61065 -33.1953 7.20357 0.124588 -34.2662 -8.45094 -5.97313 -27.2018 -21.2589 -14.4841 -14.5041 -25.0358 -21.3264 -3.00129 -17.0021 -22.1989 1.74142 -2.03216 -16.2125 1.48168 12.63 -4.32913 1.24284 23.1689 10.3927 6.1055 26.5198 20.3355 16.5341 20.1423 18.7842 25.0691 7.18135 7.88217 25.8022 -4.09082 -5.15113 19.1512 -10.0939 -15.4512 7.58093 -13.5885 -19.4095 -6.7869 -19.0566 -13.2696 -17.9916 -28.3934 0.816134 -19.4803 -35.2338 0.661804 0.653816 0.722735 0.839305 0.858261 0.649501 0.266805 -0.0936694 -0.36112 -0.520636 -0.522749 -0.327368 -0.0370838 0.151628 0.15078 -0.101521 -0.638996 -1.04329 -1.0165 -0.754866 -0.520412 -0.351542 -0.0670878 0.49504 0.837771 -0.0735346
17.3038 -8.65934 -35.0426 21.7838 3.50473 -26.0269 20.1184 12.8108 -13.2783 15.1166 17.1326 1.16407 9.09049 14.7932 15.6143 4.19215 4.62332 26.5731 2.63232 -10.7883 28.7349 3.42496 -25.0173 22.0045 4.24161 -34.0153 8.97212 2.61183 -35.6658 -6.74445 -3.03324 -29.2055 -20.0684 -11.7525 -16.9254 -24.6626 -19.4157 -5.47412 -17.3266 -21.2767 -0.271237 -2.60183 -16.1421 0.234208 12.3737 -4.92055 0.841003 23.6007 9.38909 6.34358 27.6703 19.3929 16.7426 21.3401 18.1537 24.2836 7.74475 7.72052 23.4895 -3.95877 -4.57474 15.5987 -10.0169 -13.8809 3.30087 -13.8028 -16.3931 -10.9846 -20.2537 -8.70424 -20.3214 -30.4579 5.53318 -18.8873 -36.9891 0.713523 0.716296 0.792447 0.912972 0.93128 0.702807 0.280642 -0.121045 -0.42007 -0.599532 -0.605083 -0.388795 -0.0740597 0.121198 0.106987 -0.179206 -0.752265 -1.1344 -1.04467 -0.71957 -0.462507 -0.29522 0.0200486 0.686923 1.09159 0.15206
16.481 -8.03802 -35.9586 19.6863 4.16243 -26.4616 16.7544 12.7885 -13.4655 10.7754 16.3605 0.809273 4.20102 13.7169 14.965 -0.683721 3.71558 26.0839 -1.49861 -11.6189 29.0525 0.368561 -26.1951 23.3569 2.28376 -35.942 10.9955 1.59638 -38.3023 -4.69993 -3.25985 -32.0317 -18.4196 -11.1426 -19.3483 -23.412 -17.8794 -7.13428 -16.4045 -19.2239 -1.05478 -1.96209 -14.1405 0.311502 12.977 -3.48258 1.94949 24.6416 9.88471 8.82701 29.7033 19.7422 19.1513 23.0305 18.7475 24.906 8.56916 8.80323 22.0571 -3.23965 -3.00419 13.1543 -8.84895 -12.2434 0.7421 -12.4197 -15.1659 -13.222 -19.3813 -8.03618 -21.8306 -30.5831 5.61852 -19.2194 -37.9416 0.849026 0.864636 0.942896 1.07363 1.11236 0.889236 0.433486 -0.0161079 -0.355221 -0.567721 -0.611557 -0.452751 -0.195543 -0.0301325 -0.0629476 -0.393739 -1.03573 -1.36926 -1.18108 -0.780064 -0.521337 -0.380404 -0.0568252 0.705219 1.22802 0.208442
16.251 -4.46497 -37.7451 17.7315 7.39808 -27.4304 13.7606 14.6589 -13.8872 7.28304 16.6715 0.47491 0.693293 12.8226 14.3443 -3.4918 2.29476 25.2607 -2.46188 -12.9472 28.6139 1.36203 -27.3209 23.4018 4.71896 -36.9649 11.2693 4.66861 -39.3079 -4.44373 -0.365433 -33.1082 -18.1314 -8.86001 -20.7069 -22.8198 -16.0427 -8.95776 -15.4687 -17.5059 -2.81446 -1.06485 -12.5809 -0.651063 13.8331 -2.54669 2.31577 25.7851 9.84067 10.4782 31.4005 19.3665 20.8484 24.3292 18.5721 24.9724 9.30936 9.34926 20.1227 -2.43262 -1.50685 9.93174 -7.76446 -9.85678 -3.03191 -11.5588 -12.0769 -16.483 -19.6915 -4.95757 -22.8213 -32.3232 7.42415 -17.2235 -40.2462 0.996198 1.03173 1.0972 1.21017 1.23878 0.989688 0.44647 -0.0845377 -0.465142 -0.685253 -0.707149 -0.509577 -0.238547 -0.0877473 -0.145188 -0.524128 -1.23279 -1.52755 -1.2535 -0.775311 -0.505954 -0.389584 -0.0616449 0.880652 1.60593 0.524276
17.6106 0.60615 -37.9188 17.2361 11.7634 -26.7521 12.2294 17.6417 -12.8855 5.35966 18.1712 1.42553 -1.08907 13.0284 14.9371 -4.55594 1.67883 25.266 -2.29356 -13.5544 27.996 2.85666 -27.3352 22.343 7.34673 -36.1647 9.95935 7.95887 -37.7894 -5.83229 2.81936 -31.303 -19.3468 -6.57667 -19.373 -23.5087 -14.919 -8.90939 -15.4719 -17.1111 -3.74119 -0.780464 -12.6143 -1.70608 14.2702 -3.11848 1.98128 26.4591 8.42775 11.2634 32.1275 17.0944 22.2733 24.9194 16.2308 25.875 9.76954 7.90127 19.8455 -2.09292 -1.56706 8.53168 -7.79271 -8.22472 -5.10868 -12.4607 -8.49711 -17.9039 -21.8527 -0.314604 -21.5643 -34.8936 11.0211 -13.1228 -41.7973 1.0849 1.12055 1.17784 1.27887 1.29295 1.01547 0.415445 -0.172155 -0.589111 -0.821583 -0.817875 -0.541919 -0.200419 -0.0302068 -0.100414 -0.53021 -1.31277 -1.62011 -1.3225 -0.795047 -0.5005 -0.387923 -0.0497839 1.05509 1.88756 0.736485
17.4794 3.28898 -39.0349 15.6369 14.2497 -27.8196 9.64205 19.1731 -13.973 2.26508 18.3876 0.0712996 -4.18723 12.0487 13.063 -7.10994 0.126224 22.9032 -3.84097 -14.8958 25.7801 2.57141 -28.368 20.7032 8.40439 -37.0326 8.77121 10.0864 -38.4745 -6.96035 5.38445 -31.7097 -20.4977 -4.13824 -19.7751 -24.3466 -12.7495 -9.8486 -15.9214 -15.3647 -5.28657 -1.0991 -11.8008 -3.18841 14.1908 -4.09745 1.73406 27.1818 5.47025 12.911 33.1096 12.3156 25.0393 25.7388 11.2377 28.0985 10.4838 4.39366 20.7244 -1.56765 -2.98074 8.16894 -7.74169 -7.48638 -6.13236 -12.9711 -6.01251 -18.5591 -22.7387 2.48963 -20.9534 -35.8687 12.6212 -11.1588 -42.8569 1.25351 1.33647 1.41097 1.51144 1.52007 1.23503 0.594471 -0.0587871 -0.530863 -0.797006 -0.801137 -0.504349 -0.133237 0.0500666 -0.0345665 -0.584489 -1.52886 -1.87114 -1.56037 -0.967264 -0.619473 -0.506369 -0.214367 0.906995 1.87141 0.63526
17.8015 5.0214 -39.6041 14.4042 15.7233 -28.5025 7.59503 19.7471 -14.7421 0.0401287 17.7954 -0.907653 -6.06774 10.4661 11.7245 -8.15196 -1.84411 21.297 -3.76809 -16.5176 24.4743 3.88842 -29.5522 20.0167 10.934 -37.9163 8.5331 13.4347 -39.0908 -7.11159 8.83762 -32.0996 -20.5696 -1.08148 -20.3548 -23.9757 -10.0351 -11.1614 -15.0882 -12.9864 -7.13077 -0.175178 -10.3043 -4.7039 15.2456 -4.55797 1.68458 28.6062 2.61972 14.6983 34.1494 7.39545 27.3339 26.0367 6.23307 29.233 10.6004 1.19387 20.3479 -1.32087 -3.71335 6.67055 -7.56501 -5.74075 -8.10533 -13.0182 -2.34885 -20.0131 -22.953 6.3866 -21.0875 -36.1043 14.9959 -10.012 -43.2199 1.43363 1.57648 1.67307 1.76747 1.76202 1.45756 0.767112 0.0428252 -0.480221 -0.768935 -0.765722 -0.432975 -0.0330515 0.151977 0.041442 -0.661489 -1.77234 -2.11643 -1.77926 -1.11006 -0.706648 -0.605266 -0.385722 0.71635 1.85397 0.544285
18.1994 7.69281 -40.0765 13.6948 18.0112 -29.0061 6.26906 21.028 -15.3071 -1.44157 17.723 -1.82003 -7.3584 9.17064 10.115 -9.1082 -3.71974 18.9634 -4.4898 -18.3164 22.1622 3.61624 -31.2442 18.2178 11.4932 -39.4016 7.13247 14.9462 -39.8192 -8.36887 11.074 -31.6223 -21.3668 1.66081 -19.2355 -23.7934 -7.03711 -10.4674 -14.2467 -10.4125 -7.1944 0.761574 -9.2346 -4.98383 16.4016 -6.2671 2.13676 30.2879 -1.81796 16.2948 35.8877 1.54547 29.1964 27.4901 1.30898 30.3778 11.9406 -1.41824 20.7103 -0.12413 -3.94398 6.59222 -6.7905 -3.96663 -8.12544 -12.7541 0.685855 -19.2949 -23.0302 9.37878 -19.3747 -36.2531 16.8277 -7.5787 -43.5185 1.64607 1.84143 1.95452 2.03682 2.01499 1.71716 1.03089 0.264185 -0.322685 -0.668352 -0.708503 -0.396904 0.0159361 0.218365 0.0967513 -0.780471 -2.05826 -2.3919 -2.03448 -1.29295 -0.827577 -0.724427 -0.545751 0.533407 1.82378 0.397482
18.4498 10.089 -39.5709 12.9331 20.1308 -28.7061 5.01534 22.3454 -15.1301 -2.67418 17.8384 -1.98342 -8.19901 8.14967 9.25051 -9.62869 -5.27389 17.3303 -5.22128 -19.9359 20.5282 2.75936 -33.0755 17.0566 11.0484 -41.2847 6.31545 15.3527 -40.8896 -8.97195 12.4364 -31.2267 -21.1888 3.89193 -18.0529 -22.3601 -4.43423 -9.66031 -12.1663 -8.48863 -7.05305 2.80436 -9.28328 -5.08332 18.5007 -9.0994 2.43681 32.4918 -7.21899 17.2447 37.8577 -4.71447 30.0993 29.0958 -3.53844 30.6365 13.5534 -3.83597 20.4737 1.59148 -4.08673 6.21179 -5.24041 -2.25927 -8.24743 -11.5464 3.53067 -18.6108 -22.0858 12.1673 -17.6912 -35.314 18.4593 -5.31086 -42.7001 1.8492 2.10846 2.25068 2.32222 2.27219 1.97729 1.32022 0.538131 -0.111032 -0.52711 -0.630167 -0.360865 0.0552072 0.277002 0.138989 -0.925935 -2.33342 -2.63462 -2.25358 -1.43739 -0.914291 -0.814754 -0.678726 0.354017 1.79245 0.264871
20.3035 11.968 -38.4827 13.4152 21.6495 -28.0838 4.5981 23.1828 -14.9762 -3.44948 17.8691 -2.35567 -8.94229 7.53376 8.30295 -10.2364 -6.15335 15.952 -6.03679 -20.8652 19.2002 1.99812 -34.082 16.1753 11.0518 -42.1247 5.93733 16.6655 -40.9011 -8.87403 14.8953 -30.1194 -20.3522 6.78465 -16.6288 -20.7422 -1.93796 -8.79767 -10.4337 -7.3657 -6.66984 4.17338 -10.6083 -4.66447 19.5471 -13.0865 3.36165 33.0295 -13.3539 18.5416 37.623 -10.9163 31.0943 28.4158 -7.75126 31.0129 13.1445 -5.5365 20.4663 1.72865 -3.65998 6.13481 -4.69223 -0.0571124 -8.09359 -10.7541 7.07321 -17.8149 -21.0815 16.1692 -16.1904 -33.9284 21.7282 -3.43323 -41.2613 1.98716 2.31476 2.4948 2.57432 2.51879 2.22669 1.5919 0.782064 0.0509098 -0.448442 -0.607515 -0.351448 0.0889225 0.331368 0.15829 -1.11395 -2.56552 -2.81049 -2.39258 -1.47481 -0.890194 -0.805122 -0.705618 0.222067 1.72874 0.172828
19.0517 15.5054 -37.3029 11.3495 23.7732 -26.2741 2.6385 23.7738 -13.0068 -4.74971 17.2468 -0.553316 -9.45173 6.18948 9.75309 -9.97795 -7.70067 17.1223 -5.35934 -22.3076 20.2739 3.11849 -35.2436 17.2445 12.7471 -42.5895 7.00734 18.7844 -40.2054 -7.49278 17.0912 -28.5806 -18.1287 8.86354 -15.1573 -17.9022 -0.363579 -7.56817 -7.8553 -6.64915 -5.94883 6.47042 -11.2503 -4.2787 21.5345 -15.4027 3.96032 34.4656 -17.0829 19.4086 37.6481 -14.7027 30.8742 27.105 -10.3789 29.0234 12.2349 -6.58684 17.6147 2.13942 -2.97124 3.32401 -3.59174 2.3068 -10.1033 -10.2268 10.2485 -17.3652 -21.8971 18.5489 -13.297 -34.7413 22.2215 0.598038 -41.1333 2.34701 2.64323 2.78041 2.80821 2.71649 2.39759 1.74493 0.890693 0.105476 -0.426663 -0.595314 -0.336067 0.136481 0.398371 0.193695 -1.31063 -2.77054 -2.95078 -2.48906 -1.52462 -0.984845 -1.0134 -0.919597 0.125278 2.00977 0.106274
16.1757 17.0726 -36.8356 7.63937 24.4988 -25.8221 -0.784045 23.5994 -12.4005 -7.18439 16.2987 0.169824 -10.7523 4.76512 10.409 -10.3309 -9.17592 17.6884 -5.2508 -23.624 20.862 3.61785 -36.3296 17.9797 13.8053 -43.2021 7.95698 20.4061 -40.0665 -6.14919 18.9837 -27.9417 -16.2533 10.5856 -14.6279 -15.8717 0.648425 -7.42908 -6.22259 -6.65116 -5.89903 7.62415 -12.8487 -4.16327 22.0971 -19.2527 4.12022 34.0431 -23.0546 19.4028 35.9373 -20.8732 30.3255 24.7919 -14.7876 27.9441 10.6309 -8.68617 16.4504 1.84881 -2.91144 2.46877 -2.76737 4.07532 -10.3872 -8.93848 12.6293 -16.6602 -20.7487 19.875 -11.5246 -33.8462 21.3127 2.67177 -40.4654 2.61661 2.93849 3.06683 3.05172 2.9127 2.55773 1.88848 0.997979 0.161988 -0.402353 -0.579558 -0.306459 0.194585 0.47302 0.25423 -1.53707 -3.0053 -3.13901 -2.66254 -1.58398 -1.00557 -1.11858 -1.16117 -0.365475 2.13465 0.119938
15.8857 16.9847 -36.6015 6.37214 23.3818 -25.744 -2.41449 22.2261 -12.5773 -8.78386 14.9652 0.0316407 -11.9652 3.46291 10.4322 -10.8648 -10.3646 17.8557 -5.10008 -24.5518 21.0363 4.54643 -36.6756 18.1468 15.4977 -42.6266 8.34241 22.6854 -38.7021 -5.27089 21.5728 -26.4078 -15.2077 12.9558 -13.233 -15.5292 2.04941 -6.01524 -7.00682 -6.43148 -4.75762 6.17845 -13.8806 -3.7469 20.1204 -22.055 3.35743 31.7413 -27.891 17.9446 33.922 -26.377 29.5506 23.3724 -19.0499 28.3471 9.65737 -11.1056 17.6459 1.36093 -3.7972 4.20525 -2.64878 4.43722 -8.15064 -8.27905 13.8219 -13.97 -19.6836 21.341 -9.3232 -32.8095 23.1257 3.83279 -41.2448 2.97195 3.22108 3.35249 3.35328 3.21317 2.83132 2.12324 1.17288 0.288186 -0.294301 -0.472295 -0.184809 0.369963 0.6966 0.524554 -1.43252 -3.01085 -3.14286 -2.69382 -1.52012 -0.861604 -1.00254 -1.03322 -0.462684 -1.97671 -4.69607
13.1851 20.7721 -35.4209 3.12356 26.6238 -24.7514 -5.30132 24.3472 -11.4947 -10.6746 16.1439 0.999749 -12.774 4.18096 11.1524 -10.8376 -9.63155 18.4315 -4.45603 -23.5102 21.7905 5.78316 -35.2546 19.4197 17.4156 -40.9116 10.246 25.1579 -36.8409 -3.01567 24.0491 -24.6223 -13.0458 14.8719 -11.8463 -13.7415 3.2702 -5.16913 -5.71078 -5.899 -4.35878 7.04174 -14.1979 -3.93818 20.5265 -23.7536 2.2949 31.5798 -31.2249 16.1811 33.2976 -30.2506 27.8325 22.7344 -21.9551 27.2363 9.54099 -12.4924 17.2711 1.95081 -3.73747 4.55013 -1.46533 5.66005 -7.11694 -6.73224 15.5598 -12.1956 -18.055 22.1207 -6.40575 -31.2403 21.0755 7.52737 -38.4648 3.08044 3.40547 3.51355 3.46205 3.27512 2.86846 2.13993 1.14022 0.202914 -0.397302 -0.564609 -0.242857 0.352815 0.708597 0.569969 -1.61421 -3.24354 -3.36017 -2.9436 -1.71654 -0.981651 -1.1741 -1.37816 -1.12998 -4.13828 -6.22957
12.0491 22.6495 -33.224 1.09127 27.5652 -22.9732 -7.61367 24.551 -10.0487 -12.7469 15.8447 2.20385 -14.305 3.61221 12.1303 -11.8202 -10.2024 19.2367 -4.97014 -23.8429 22.6485 5.81075 -35.1751 20.7128 18.224 -40.3675 12.3211 26.9044 -35.9312 -0.223073 26.3914 -23.5763 -10.1336 17.0284 -10.9813 -11.4107 4.5731 -4.77139 -4.34123 -5.59582 -4.7069 7.65654 -14.9505 -5.33692 20.4229 -25.986 -0.491841 30.7709 -35.109 12.4075 32.1778 -34.5745 24.3964 21.9668 -25.1346 24.957 9.56478 -14.0834 16.0753 2.82347 -3.95111 4.24783 0.0687204 6.64706 -6.4823 -4.90287 17.323 -10.3121 -16.0095 23.5687 -3.60175 -28.9085 21.2896 10.2477 -36.0089 2.79468 3.10506 3.20984 3.15041 2.94427 2.52345 1.78433 0.73747 -0.273168 -0.915509 -1.09373 -0.751361 -0.0878965 0.322544 0.239471 -2.21121 -3.87919 -3.97534 -3.59307 -2.30613 -1.49644 -1.74814 -2.04004 -2.03817 -4.70936 -6.25962
12.8058 26.0669 -32.5264 1.19921 30.0932 -22.6071 -7.85885 26.3381 -10.127 -13.1042 17.0624 1.65108 -14.6471 4.39441 11.0179 -12.0865 -9.64457 17.6414 -5.03251 -23.2106 20.9324 6.18445 -34.1757 19.4036 19.3997 -38.8061 11.9613 29.1634 -33.8191 0.464121 29.4616 -21.1479 -9.04792 20.0394 -8.65876 -10.8296 6.77399 -3.12138 -4.74348 -4.27534 -4.13628 6.4028 -14.4364 -6.09236 18.3951 -26.5635 -2.68569 28.0731 -36.7457 9.40811 29.3625 -36.278 21.937 19.8183 -25.8902 23.8017 8.33551 -13.6837 16.0809 2.18321 -2.51668 5.15889 -0.296275 8.92323 -4.68011 -5.24569 20.1131 -7.22662 -16.2139 26.0794 0.495529 -28.6715 22.944 14.3936 -35.3372 2.1043 2.37428 2.4695 2.40363 2.1915 1.78051 1.05194 -0.0370191 -1.14208 -1.84171 -2.03903 -1.67599 -0.926012 -0.45151 -0.483048 -3.15796 -4.82113 -4.89743 -4.54112 -3.25205 -2.36486 -2.66266 -3.02312 -3.19005 -5.47371 -6.23749
13.9724 30.2605 -31.7462 2.00534 33.8226 -22.0809 -7.52539 29.6007 -10.1125 -13.2521 19.9007 1.08531 -15.2196 6.89493 9.89294 -13.0544 -7.41624 16.0591 -6.19426 -21.0859 19.3312 5.04715 -32.0826 18.2851 18.6869 -36.8423 11.745 29.4249 -32.0953 1.04222 30.8158 -19.4861 -8.45513 21.7892 -6.82916 -10.9558 8.14641 -1.34679 -5.71242 -3.37251 -3.02827 4.86321 -13.7339 -5.97025 16.4768 -26.1914 -3.58189 26.0394 -36.7379 8.1371 27.7816 -36.2264 21.2188 19.0128 -25.4562 23.9073 8.05783 -12.869 16.7803 1.95637 -1.37835 6.27964 -0.843874 10.3829 -2.90093 -6.2812 21.8022 -4.15713 -17.2366 27.679 4.65466 -28.994 24.3441 18.869 -34.8463 0.824063 1.07177 1.16453 1.09988 0.894055 0.512002 -0.184431 -1.27241 -2.43858 -3.19022 -3.41387 -3.05068 -2.23727 -1.71062 -1.70886 -4.39231 -6.10863 -6.18103 -5.82841 -4.58157 -3.71436 -4.03223 -4.41755 -4.65295 -6.4366 -6.20274
15.8658 31.8178 -30.9098 3.29769 35.2904 -22.0049 -6.95348 31.0283 -10.6625 -13.3251 21.2625 0.122131 -15.7715 8.16984 8.67739 -14.0248 -6.24641 14.7305 -7.45145 -19.9698 18.3478 3.78054 -31.025 18.2132 17.9156 -35.9784 13.0042 29.7761 -31.53 3.4163 32.394 -19.047 -5.9885 23.8029 -6.31003 -9.43705 9.71016 -0.923044 -5.43072 -2.50213 -3.10745 4.23597 -13.3666 -6.81528 15.1494 -26.4326 -5.34658 24.0634 -37.5651 5.85472 25.5462 -37.0125 19.2247 17.2262 -25.6508 22.6387 7.1022 -12.4088 16.1937 1.66436 -0.361975 6.23218 -0.740845 11.9422 -2.38817 -5.88591 23.8601 -2.89172 -16.3602 29.9527 6.38157 -27.6432 26.5651 20.5955 -33.4663 -1.36019 -1.07196 -0.952944 -0.996028 -1.18748 -1.54144 -2.20141 -3.29799 -4.55905 -5.37692 -5.62533 -5.25753 -4.37338 -3.78714 -3.74514 -6.61785 -8.29413 -8.35015 -8.01063 -6.75016 -5.82647 -6.17483 -6.59225 -6.85363 -9.24783 -6.19777
16.3965 30.502 -31.8514 3.58986 34.642 -23.5951 -6.91825 31.0504 -12.2558 -13.4397 21.7683 -1.13862 -15.9504 8.9454 7.79806 -14.2701 -5.31366 14.2304 -7.88176 -18.9912 18.322 3.11011 -30.2728 18.8652 17.2575 -35.9456 14.49 29.9131 -32.5965 5.48961 34.1792 -20.7645 -4.15056 27.1412 -7.40552 -8.6152 13.5207 -0.390257 -5.6245 0.344268 -1.88826 2.83085 -11.0895 -5.88888 13.0364 -24.4042 -5.83902 21.6997 -36.9438 3.64864 23.7842 -38.553 17.4132 16.2856 -27.8069 22.7416 6.31728 -13.9452 17.5406 1.09628 -1.36422 8.05638 -0.28589 11.4308 -0.685155 -3.75697 23.5766 -2.54158 -13.8084 30.1252 5.43676 -25.8036 27.0849 19.0476 -33.0783 -3.50576 -3.07771 -2.90533 -2.91843 -3.0974 -3.44276 -4.07833 -5.13768 -6.40464 -7.26254 -7.54784 -7.22978 -6.35071 -5.65954 -5.49579 -8.22347 -10.2846 -10.3245 -10.0151 -8.65484 -7.44375 -7.84128 -8.24729 -8.41665 -6.11557 -6.00302
