# num_vectors 73
# vector_size 101
-14.5518 -20.3445 -16.0751 0.994485 -20.9425 -18.7716 15.075 -13.6255 -18.4609 24.7758 -2.7284 -12.1826 28.057 5.8324 0.72243 24.4124 6.20404 16.0228 16.1669 -2.84956 25.7527 6.09088 -14.9615 25.3484 -3.57919 -23.9066 16.5201 -12.3505 -26.3364 3.49911 -20.4069 -20.6898 -8.92418 -26.9831 -7.64705 -14.8046 -29.5768 6.87079 -9.6872 -25.7449 15.7305 2.72953 -16.4545 16.5283 15.5331 -3.563 11.9817 23.6243 11.3631 6.63744 24.1283 24.6496 5.29364 15.7641 29.5197 10.655 1.95149 23.409 18.7242 -10.0487 10.198 24.5571 -16.4972 -5.58929 25.1074 -18.1169 -20.0149 18.6193 -16.7736 -28.3412 5.35121 -14.5249 -26.3642 -10.2363 -13.7849 -1.10289 -1.08379 -1.09459 -1.12969 -1.19049 -1.25485 -1.28588 -1.23196 -1.17881 -1.20236 -1.22727 -1.24937 -1.32355 -1.39459 -1.48548 -1.60066 -1.34948 -1.3354 -1.32428 -1.34716 -1.35503 -1.32187 -1.35821 -1.46402 -1.47364 -0.525756
-14.8123 -20.1386 -17.1833 0.639834 -19.6663 -20.3967 14.1841 -11.425 -19.6695 23.5436 -0.626253 -12.7371 27.4146 7.09045 0.531675 24.9198 6.59267 16.0575 17.2856 -2.8634 25.9028 7.14398 -14.926 25.7335 -2.91663 -23.7414 17.2166 -12.0296 -26.2499 4.4476 -20.2568 -20.9265 -8.00645 -26.878 -8.12233 -14.3429 -29.5315 6.55492 -9.73638 -25.8233 15.8722 2.37932 -16.7244 17.2651 15.2692 -3.97982 13.0786 23.7768 10.8324 7.48828 24.7511 24.1891 5.2254 16.7029 29.8716 9.69853 2.88428 24.457 17.5719 -9.57161 11.3532 23.5555 -16.0999 -4.47069 24.3489 -17.1686 -19.0231 18.2916 -15.2888 -27.9066 5.35983 -13.2203 -26.5258 -10.3053 -13.5706 0.345265 0.262589 0.152095 0.0225 -0.0993885 -0.200063 -0.261894 -0.201392 -0.139168 -0.172759 -0.205288 -0.237703 -0.331788 -0.418493 -0.531927 -0.795673 -0.421668 -0.409364 -0.370291 -0.381576 -0.487625 -0.41906 -0.368504 -0.420951 0.408997 -0.689603
-14.8551 -20.1359 -17.9295 0.650353 -19.4619 -20.8351 14.1298 -11.2245 -19.3034 23.4091 -0.691642 -11.872 27.4228 6.79942 1.48352 25.1367 6.25074 17.0398 17.4928 -3.30906 26.7767 7.38343 -15.3865 26.2089 -2.49447 -23.978 17.2603 -11.4682 -26.137 4.3298 -19.7943 -20.4789 -7.90909 -26.6432 -7.56578 -13.7642 -29.5609 6.9464 -8.80779 -25.9522 16.0141 3.52534 -16.7395 17.1036 16.3634 -3.8922 12.7899 24.6501 10.9486 7.26356 25.553 24.3801 5.00587 17.6289 30.3418 9.37948 3.8963 25.0769 17.1187 -8.70689 11.9182 23.0394 -15.1822 -3.92012 23.9118 -15.9245 -18.5125 18.033 -13.8032 -27.5617 5.17743 -11.9937 -26.316 -10.4518 -13.2585 0.362094 0.281704 0.191991 0.078926 -0.0133479 -0.065418 -0.0706208 0.0341184 0.117524 0.123279 0.138994 0.171788 0.146431 0.112287 0.0571515 -0.130706 0.269108 0.342443 0.43892 0.471806 0.392995 0.539183 0.668715 0.654099 -4.01038 -5.73791
-13.0813 -20.8715 -19.5932 2.40462 -19.5285 -22.3682 15.7726 -11.2791 -20.1018 24.6186 -1.00363 -11.8292 27.696 6.24169 1.90504 24.242 5.67489 17.2436 16.1139 -3.75245 26.7139 6.11742 -15.9154 25.9917 -3.24553 -24.7251 16.7079 -11.5133 -26.8834 3.31492 -19.2473 -21.0428 -9.22308 -26.0635 -8.05206 -14.9431 -29.3551 6.13179 -9.31575 -25.8975 14.6752 3.42824 -16.6381 15.5703 16.2478 -3.54026 11.4533 24.2369 11.5275 6.50926 24.588 24.7646 5.27449 16.1294 29.6534 10.61 2.31319 23.6061 18.5686 -9.79252 10.0201 24.0589 -15.7431 -5.85652 23.9127 -16.0228 -19.8374 16.757 -13.7144 -27.6529 3.06631 -12.3331 -25.289 -12.3155 -14.6216 0.716493 0.509127 0.408873 0.308251 0.223939 0.156617 0.131881 0.19616 0.224718 0.190594 0.1819 0.193836 0.172695 0.140961 0.0928157 -0.0175678 0.191188 0.217129 0.240134 0.12004 0.0161875 0.0917338 0.137692 0.011427 -4.52037 -6.40078
-11.6311 -21.4164 -20.2934 3.92276 -19.7916 -22.4741 16.9367 -11.2545 -19.3678 24.9375 -0.867307 -10.4031 27.004 6.27463 3.57247 22.7724 5.36982 18.6986 14.3009 -4.45897 27.4311 4.8694 -16.9924 25.898 -3.49651 -26.0457 15.9225 -10.86 -28.1677 2.00622 -18.0838 -21.9894 -10.6734 -24.8507 -8.75843 -15.8784 -28.3776 5.00868 -9.42001 -25.2032 12.8965 3.81101 -15.9106 13.4767 16.6247 -2.51513 9.50446 24.1818 12.7464 5.18877 23.9314 25.8527 5.04747 15.185 30.7042 11.0705 1.64094 24.6212 19.1183 -10.3876 10.9157 24.2325 -16.399 -4.94668 23.5703 -16.7312 -18.7821 16.1081 -14.5188 -26.5113 2.35637 -13.2639 -24.029 -13.0077 -15.5462 1.12029 0.947801 0.872407 0.7827 0.703517 0.654139 0.620733 0.619342 0.585372 0.533617 0.514765 0.523036 0.535562 0.530486 0.515905 0.504772 0.53736 0.549468 0.547158 0.384599 0.308614 0.38963 0.453465 0.314515 -4.32287 -6.5175
-11.3009 -22.3514 -19.4476 4.35911 -21.0519 -20.9942 17.2088 -12.402 -17.5359 24.4961 -1.52673 -8.54176 25.4424 6.18878 5.24844 20.2391 5.49799 20.0799 11.8842 -4.88497 28.2664 3.58012 -18.0591 25.8427 -3.42501 -27.3262 15.0487 -10.0727 -29.2156 0.743968 -17.4584 -22.5778 -11.6059 -24.6535 -9.19658 -15.7425 -28.1609 4.09259 -8.34117 -24.6572 11.3389 5.17061 -14.8466 11.5625 17.6037 -1.02084 7.8002 24.461 14.4573 4.42523 23.6607 27.3828 5.93072 14.7748 31.567 12.6519 1.3371 24.8286 20.4393 -10.5122 10.8022 24.812 -16.3665 -5.01764 23.4714 -16.6821 -18.6764 15.6453 -14.6352 -26.2741 1.81075 -13.4924 -23.7048 -13.589 -15.4085 0.979207 0.907475 0.890189 0.838832 0.780381 0.73798 0.686003 0.60602 0.516311 0.468868 0.45347 0.465388 0.494145 0.499381 0.529363 0.583887 0.429437 0.432114 0.371718 0.159983 0.169888 0.273813 0.349822 0.209088 -4.72123 -6.63622
-11.4331 -21.1737 -19.1866 4.27615 -19.9919 -20.2537 16.9045 -11.2751 -16.1997 23.4744 -0.267226 -6.82237 23.537 7.44844 7.00003 17.8529 6.43735 21.6353 9.85675 -4.52642 29.4126 2.57397 -18.1607 26.3377 -3.31058 -27.5197 14.9691 -9.31814 -29.3714 0.379121 -16.7936 -22.8017 -11.9531 -24.5602 -9.66031 -15.8162 -28.5674 3.32582 -8.13597 -25.3166 10.4513 5.5027 -15.4674 10.9203 17.8984 -1.43782 7.76601 24.6475 14.2052 5.2917 23.7654 27.0044 7.86182 14.941 30.8898 15.0708 1.66738 23.9031 22.8973 -10.0111 9.75922 27.0386 -15.7498 -6.02308 25.3128 -16.0757 -19.4577 17.0577 -14.2421 -26.6778 3.00013 -13.4166 -23.863 -12.3534 -15.359 0.91699 0.891711 0.911552 0.876525 0.815266 0.761499 0.684311 0.542793 0.399374 0.350188 0.353229 0.390904 0.447804 0.468369 0.535691 0.52871 0.290652 0.287073 0.199795 -0.0453851 -0.00823495 0.092771 0.152931 0.0120566 -4.96292 -6.79302
-10.1255 -20.8236 -20.5335 5.43055 -18.1838 -21.1293 17.1442 -8.63497 -16.2812 22.6399 2.27844 -6.1339 21.8614 9.17307 8.09469 15.8209 7.06528 22.468 8.04792 -4.61865 29.3742 1.54174 -18.4604 25.571 -3.45869 -27.9099 13.8592 -8.85944 -29.8548 -0.954176 -16.1614 -23.2584 -13.3758 -24.1454 -10.1807 -17.0047 -28.6085 2.46109 -9.00793 -25.7598 9.38899 4.82113 -16.0594 10.0936 17.3225 -1.92633 7.58756 24.1273 13.8471 6.09733 23.3648 26.6629 9.78637 14.9719 30.4237 17.3829 1.87984 23.1005 24.7113 -9.91507 8.73542 27.7952 -15.7689 -6.90829 25.0995 -16.1848 -20.0132 16.2881 -14.5666 -26.8006 1.99842 -14.1637 -23.2541 -13.1299 -16.6092 1.024 0.944176 0.932307 0.88077 0.811627 0.755882 0.653521 0.452578 0.265641 0.212942 0.222803 0.277263 0.368527 0.414321 0.52209 0.421716 0.112938 0.112036 -0.0290845 -0.283578 -0.167472 -0.0570915 0.000558162 -0.236538 -5.0543 -6.80632
-10.1086 -22.8778 -21.7201 5.45811 -20.2389 -21.5558 16.4737 -10.4219 -15.7097 20.8253 0.784374 -5.32916 19.44 8.29163 8.53872 13.4913 7.00604 23.0468 6.11162 -4.59142 30.5078 0.26356 -18.6896 26.5798 -3.8805 -27.8765 14.3368 -8.63264 -29.4511 -0.740488 -15.8596 -23.0723 -13.3187 -24.4012 -10.4739 -17.3509 -29.3993 2.08951 -9.54941 -26.7397 8.97332 4.33918 -17.0529 9.60342 16.8551 -2.88944 7.28884 23.6646 12.934 6.35467 23.0721 25.7381 10.8551 15.0662 29.3693 18.7636 2.12312 21.7094 25.7524 -9.66409 7.11109 27.9398 -15.3417 -8.30531 24.1359 -15.515 -20.7476 14.3979 -13.979 -26.8264 -0.211226 -14.1958 -23.1329 -15.1232 -17.5744 0.94432 0.931652 0.961543 0.901792 0.804445 0.732995 0.630627 0.418138 0.183467 0.106326 0.138148 0.222469 0.322021 0.367913 0.496285 0.348611 0.000889591 7.36574e-05 -0.187075 -0.48249 -0.325211 -0.223449 -0.14944 -0.300745 -4.98053 -6.80706
-10.8215 -22.7985 -22.7415 4.83664 -20.8254 -22.2507 15.7905 -11.0974 -16.1457 19.7265 0.257173 -5.76031 17.9226 7.80726 8.03602 11.8792 6.15355 22.4675 4.82514 -6.00298 29.3293 0.0467921 -20.2153 24.4749 -3.01311 -28.8565 11.5354 -7.44451 -29.6139 -3.70189 -15.2173 -22.6451 -15.6244 -24.385 -10.143 -18.3796 -29.2889 1.87687 -9.71038 -26.1431 8.07976 4.39567 -15.9675 8.15969 16.5336 -1.56768 5.84752 22.8286 14.2775 5.76927 22.1032 26.9372 11.1859 14.4425 30.3583 19.769 1.87745 22.4684 26.9493 -9.63978 7.78619 28.9243 -15.1774 -7.57012 24.8873 -15.4052 -20.0439 15.1407 -14.2195 -26.4704 0.701111 -15.01 -23.3934 -14.2736 -18.7135 0.86425 0.927666 0.992318 0.938747 0.834931 0.766712 0.651284 0.394302 0.118564 0.0355637 0.0722101 0.167406 0.276626 0.328103 0.5011 0.359235 -0.0722762 -0.0788488 -0.300862 -0.638644 -0.447697 -0.309365 -0.184555 -0.250205 -5.03973 -6.91755
-9.0324 -22.2362 -25.2338 6.41232 -19.1557 -24.1008 16.2276 -9.04165 -16.8029 18.7996 1.89457 -5.57539 16.0443 8.75791 8.42104 9.69894 6.5658 22.6497 2.95918 -5.93857 29.1952 -1.29275 -20.2338 24.1007 -3.83385 -28.749 10.9668 -7.60404 -29.2602 -4.45755 -14.5619 -22.0616 -16.7416 -23.3153 -9.36456 -19.9202 -28.5032 2.41935 -11.0936 -25.8621 8.03696 3.35702 -16.0923 7.76699 15.8213 -1.83028 5.66061 22.4911 14.0141 6.39678 22.3568 26.7026 12.5337 15.3117 30.39 21.2924 2.9447 22.846 28.0523 -9.04884 8.3745 29.2684 -15.3122 -6.77594 24.5675 -16.041 -19.0413 14.53 -15.1424 -25.3603 0.0674551 -16.2973 -22.0468 -14.6456 -20.7665 0.981337 1.00071 1.05832 0.998467 0.881861 0.800666 0.665196 0.385591 0.0790938 -0.0444242 -0.0287434 0.0589521 0.188402 0.27019 0.476973 0.241717 -0.193833 -0.191265 -0.423712 -0.677793 -0.465459 -0.342727 -0.204331 -0.289964 -4.89524 -6.88823
-8.68402 -22.8194 -28.3625 6.46458 -18.759 -26.5338 15.0164 -8.36797 -18.1204 16.3997 2.27699 -6.4137 13.3305 8.98755 7.59153 7.60656 6.89568 22.0962 1.85774 -5.80978 29.1778 -1.55009 -20.349 24.1395 -3.60146 -28.5993 10.7534 -7.17558 -28.722 -4.72555 -14.1986 -21.6528 -17.0476 -23.3676 -9.37378 -20.6664 -28.7663 2.68456 -12.3518 -26.2449 8.39703 2.08301 -16.6117 8.00789 14.65 -2.47937 5.90042 21.5901 13.3474 6.8746 22.0002 26.1539 13.1646 15.3127 29.7654 21.8891 2.89924 21.8584 28.1512 -9.1307 7.21699 28.5012 -15.1004 -7.6629 22.9654 -15.43 -19.4244 12.3449 -14.4973 -25.2611 -2.21436 -16.5918 -21.8789 -16.1707 -23.0111 1.14798 1.14549 1.19909 1.10994 0.942857 0.815411 0.646817 0.351676 0.0252642 -0.114736 -0.0834857 0.0252119 0.14184 0.217565 0.426245 0.128467 -0.276082 -0.270045 -0.541956 -0.815812 -0.571683 -0.441534 -0.266874 -0.28454 -4.56976 -6.85381
-7.5687 -23.2726 -30.5025 7.02519 -17.8107 -27.9533 14.5937 -7.22636 -18.8658 15.549 2.97956 -6.73309 12.6844 9.13531 7.56727 7.62233 6.48285 22.2256 2.64392 -6.6533 29.1019 -0.35114 -21.1339 23.6496 -2.44542 -28.934 10.0027 -6.30549 -28.5369 -5.40282 -13.6378 -21.1697 -17.3649 -23.0845 -8.9822 -20.5534 -28.908 2.57546 -11.8248 -26.4493 7.63503 2.86225 -16.6503 6.96241 15.2883 -2.32799 5.0758 21.8945 13.448 6.72086 22.0164 25.774 13.7588 15.1731 28.588 22.626 2.65477 19.9986 28.075 -9.30281 5.27122 27.1041 -14.9856 -9.14622 20.4483 -15.0436 -20.2842 9.17262 -14.1475 -25.5244 -5.49126 -16.9646 -21.4376 -18.4303 -24.9209 1.28089 1.22944 1.24854 1.12877 0.934724 0.784151 0.599255 0.302021 -0.0218639 -0.16595 -0.133878 -0.00719364 0.133219 0.230614 0.483477 0.191396 -0.280685 -0.294557 -0.6379 -0.896253 -0.58968 -0.456382 -0.261817 -0.304325 -4.47062 -6.69722
-6.84686 -23.2336 -32.6914 7.35129 -17.2934 -29.1647 13.7923 -6.75317 -19.1992 13.5077 3.12136 -6.76183 9.79296 8.97435 7.46992 4.59212 6.02579 22.0227 0.366153 -7.48674 28.6694 -1.59035 -21.9799 22.795 -2.98439 -29.3619 8.82988 -6.56156 -28.5221 -6.62608 -13.8471 -20.9638 -18.4973 -23.3765 -8.79243 -21.4956 -29.1936 2.46257 -12.376 -26.5954 7.03182 2.44714 -16.6871 6.076 14.7675 -2.36752 4.45136 21.4488 13.248 7.14394 22.161 25.203 15.0587 15.6243 27.4304 24.1366 3.139 18.4166 28.9251 -8.78899 3.797 26.9289 -14.4823 -10.1948 19.429 -14.8664 -20.8641 7.67557 -14.7255 -25.6472 -6.89818 -18.6182 -21.0403 -19.1776 -27.3025 1.37577 1.3426 1.38119 1.2649 1.05435 0.879408 0.662669 0.327716 -0.0283837 -0.191565 -0.163471 -0.0377425 0.108817 0.21863 0.509572 0.122527 -0.365488 -0.394419 -0.798236 -1.00961 -0.633236 -0.482907 -0.286444 -0.353938 -4.49794 -6.75714
-6.35473 -23.6207 -34.1464 7.33979 -16.9184 -30.0413 12.8942 -6.60458 -19.333 11.9829 2.63254 -6.44415 8.08714 8.01661 7.92372 3.10598 4.96021 22.531 -0.701337 -8.59934 29.3332 -2.48966 -23.1964 23.6661 -4.01323 -30.7528 9.80816 -7.73569 -30.0369 -5.61972 -14.9599 -22.4919 -17.5367 -24.2344 -10.1464 -20.6213 -29.6555 1.23533 -11.4153 -26.7614 5.8017 3.35382 -16.64 4.79375 15.4955 -2.21015 3.37668 21.984 13.2384 6.87063 22.8419 24.7892 15.4138 16.3698 26.6067 24.4258 3.77086 17.4246 28.3742 -8.33502 3.00287 25.3034 -14.0548 -10.5826 17.0874 -14.3695 -20.9688 5.08224 -14.3553 -25.6075 -9.36429 -18.8505 -20.7305 -20.8376 -28.4422 1.48094 1.41871 1.44794 1.32253 1.09516 0.900674 0.665686 0.32779 -0.0160854 -0.175501 -0.154273 -0.0474876 0.0825729 0.185977 0.503625 0.0768819 -0.445331 -0.486263 -0.927021 -1.07732 -0.668119 -0.503846 -0.279257 -0.354056 -4.37318 -6.69367
-5.38222 -23.9771 -35.6777 7.54235 -16.428 -30.65 11.8242 -6.04502 -19.4358 9.94301 2.89554 -6.44328 5.57316 7.97279 7.89992 0.824783 4.62469 22.5209 -1.84012 -9.26398 29.2014 -2.30548 -23.8176 23.1713 -2.93452 -30.9242 9.00916 -6.23496 -29.7364 -6.48552 -13.4041 -22.0252 -18.3292 -23.0329 -9.91638 -21.2629 -29.0942 0.891734 -11.7695 -26.5527 4.97815 3.20367 -16.4327 4.01331 15.35 -2.00719 3.32058 21.9647 13.0172 8.15178 23.555 24.1604 17.3877 17.3244 25.7361 25.8827 4.33959 16.6515 28.2509 -8.24276 2.72569 23.6426 -14.156 -10.3687 14.6692 -14.5811 -20.6436 2.57312 -14.9153 -25.451 -11.4959 -20.3354 -20.0985 -22.3128 -30.4233 1.57245 1.52747 1.55916 1.4273 1.17739 0.945749 0.666195 0.280101 -0.102647 -0.28197 -0.2543 -0.119376 0.0500271 0.182151 0.553979 -0.0204065 -0.556209 -0.604353 -1.06824 -1.08848 -0.628928 -0.432419 -0.158271 -0.295869 -4.33033 -6.6025
-4.25776 -21.7431 -36.7864 7.88546 -13.4391 -31.0506 11.5704 -3.29154 -19.4167 9.62217 4.96788 -5.99047 5.48701 9.05811 8.73273 1.26112 4.59155 23.2145 -0.720831 -9.81666 28.9678 -0.626158 -23.9713 22.0378 -1.02972 -30.2852 7.49694 -4.45904 -28.3247 -7.89089 -12.0204 -20.1535 -19.1686 -22.1654 -8.30218 -21.306 -28.8588 1.6629 -11.3272 -26.7655 5.14301 3.86683 -16.7134 3.96266 16.0504 -2.23902 3.17086 22.5461 12.8683 7.71628 24.1921 24.2012 16.8104 18.0964 25.8328 25.2001 5.05025 16.6576 27.3296 -7.50896 2.73344 22.5619 -13.2986 -10.3938 13.6432 -13.8465 -20.83 1.72017 -14.8093 -25.5201 -11.8546 -21.4542 -19.2433 -21.6324 -32.0569 1.60009 1.53486 1.54032 1.39507 1.14048 0.901926 0.609953 0.205426 -0.194594 -0.385265 -0.356248 -0.190008 0.0315707 0.190223 0.571541 3.65902e-05 -0.52086 -0.563416 -1.03651 -1.04785 -0.561424 -0.318693 -0.0408826 -0.263028 -4.24271 -6.39765
-3.62927 -18.467 -38.5064 7.97347 -9.91203 -32.0641 11.0838 -0.481596 -19.683 8.66332 6.75581 -5.75318 4.2681 9.83178 9.14055 0.325039 4.55375 23.4277 -0.66522 -10.1529 28.6583 0.528968 -24.019 21.2629 0.748613 -29.8313 6.51046 -2.65435 -27.4779 -8.82804 -10.6066 -19.2292 -19.7757 -21.2947 -7.78614 -21.4379 -28.5391 1.5123 -11.2036 -26.6946 4.71632 4.08315 -16.5793 3.75426 16.2336 -2.10149 3.40008 22.7602 12.8212 8.29834 24.9788 24.2969 17.4498 19.2471 26.1705 25.6151 6.09151 17.07 27.2397 -6.59686 3.22421 22.0714 -12.2286 -9.86328 13.0916 -12.7261 -20.4486 1.35806 -14.2346 -25.1486 -11.5216 -22.1371 -18.5519 -19.8075 -33.7669 1.66735 1.57681 1.58067 1.4397 1.17676 0.91251 0.583123 0.134854 -0.291783 -0.48473 -0.442062 -0.243668 0.017003 0.196732 0.598628 -0.0727651 -0.573805 -0.605604 -1.08032 -1.07145 -0.56244 -0.265354 0.0371253 -0.189366 -4.03793 -6.24192
-0.389007 -17.9789 -39.6537 10.1208 -8.82666 -32.2311 11.7406 0.456539 -19.4602 8.08374 7.29277 -5.59753 2.94308 10.0081 9.12671 -0.981182 4.44274 23.3097 -1.05289 -10.3467 28.3981 1.19833 -23.9615 20.7851 1.97891 -29.4017 5.91036 -1.36502 -26.9189 -9.42075 -9.6117 -18.9288 -20.3424 -20.898 -8.0595 -21.8982 -28.6355 0.458633 -11.3506 -26.9817 3.46005 3.99898 -16.842 2.98412 16.1578 -2.4006 3.50928 22.7532 12.1472 9.32227 25.2379 23.3268 18.8656 19.5605 25.2648 26.7447 6.24077 16.5738 27.6307 -6.80276 3.2187 21.6966 -12.8493 -9.39241 12.0928 -13.7951 -19.3301 -0.113601 -15.8557 -23.0088 -13.0275 -24.2295 -15.4121 -20.5044 -35.7971 1.68703 1.62955 1.64931 1.51103 1.23398 0.94108 0.573704 0.0832574 -0.370766 -0.563737 -0.495204 -0.261332 0.0399213 0.245026 0.681147 -0.10037 -0.628671 -0.662943 -1.12226 -1.0316 -0.500327 -0.230139 0.0220189 -0.246008 -4.0837 -6.18193
1.78457 -18.8936 -40.28 11.7974 -9.82612 -32.1045 12.4019 -0.422644 -19.3332 7.78986 6.63126 -5.87021 2.0458 9.65758 8.56759 -1.8204 4.34924 22.8646 -1.01092 -10.3433 28.1653 2.33946 -23.5876 20.3072 3.76637 -28.1504 5.18738 0.688064 -24.88 -10.0513 -7.4637 -16.655 -20.8694 -19.0299 -6.10232 -22.5447 -27.4669 1.72993 -12.0017 -26.3846 4.07265 3.51253 -16.4514 3.28865 15.8249 -2.05289 3.87602 22.5082 12.3585 9.95624 25.1438 23.3657 19.6237 19.3409 25.1455 27.3773 5.92588 16.591 28.005 -7.22249 3.54084 21.8 -13.6509 -8.7764 11.8932 -15.1702 -18.3481 -0.502288 -17.7652 -21.6867 -13.2587 -26.5146 -13.537 -21.0158 -37.507 1.70887 1.70715 1.75042 1.6123 1.31319 0.98635 0.584204 0.0584033 -0.436376 -0.665017 -0.598072 -0.333534 0.00876868 0.23965 0.695415 -0.104426 -0.633729 -0.675866 -1.13014 -0.989978 -0.438883 -0.18717 0.0514253 -0.271232 -4.25168 -6.31039
2.47299 -17.9507 -40.9442 11.7098 -8.77922 -32.0066 11.5886 0.176104 -18.9036 6.62659 6.75721 -5.32614 0.769184 9.54994 9.11326 -2.89307 4.3191 23.4923 -1.14275 -10.2197 28.9865 3.30326 -23.1951 21.224 5.49627 -27.4497 6.10599 2.73297 -23.897 -9.12988 -5.46089 -15.6086 -19.8674 -17.3481 -5.43345 -21.6292 -26.6507 1.91045 -11.4699 -26.4042 4.07649 4.10563 -16.6932 3.2568 16.5917 -2.3549 4.03507 23.3839 11.781 10.4199 26.7026 22.9606 20.1485 21.3489 25.5588 27.2294 7.69759 17.9985 26.6544 -6.04882 5.57087 19.663 -12.8903 -6.79896 9.87337 -14.7121 -17.0888 -1.81193 -17.8062 -21.1037 -13.7397 -27.3996 -12.8247 -20.8039 -38.7564 1.72397 1.72918 1.7709 1.63223 1.32112 0.959512 0.513966 -0.0567285 -0.580353 -0.819102 -0.743638 -0.440523 -0.0537388 0.190505 0.65915 -0.21535 -0.720068 -0.731452 -1.12815 -0.884367 -0.30809 0.0118721 0.285971 -0.0649095 -4.05188 -6.08109
3.89052 -18.4424 -40.2415 12.2887 -8.45399 -31.3523 11.8852 0.462669 -18.2286 7.08179 6.6699 -4.41993 1.36204 9.00902 10.1546 -2.53746 3.41713 24.3341 -1.37759 -11.3199 29.4429 2.71144 -24.4348 21.7184 5.15575 -28.9954 6.72879 2.82066 -25.6257 -8.61982 -5.37927 -17.3034 -19.3263 -17.453 -7.27998 -20.6284 -26.8429 0.340865 -10.7575 -26.8157 2.89682 4.76071 -17.127 2.14518 17.2683 -2.73997 2.93231 23.9556 11.1738 9.69762 27.4543 22.2488 19.6751 22.3472 25.2193 26.4646 8.62384 18.2426 25.0872 -5.37193 6.26622 17.3964 -12.2675 -5.97392 7.45029 -14.1175 -16.3859 -4.04414 -17.5039 -19.9603 -16.2291 -26.9472 -11.0768 -22.7575 -38.1669 1.67238 1.6581 1.68154 1.5448 1.25635 0.926537 0.502874 -0.0624216 -0.59034 -0.822158 -0.738842 -0.431272 -0.0466331 0.183796 0.654323 -0.234904 -0.753961 -0.751536 -1.12192 -0.822812 -0.225638 0.128485 0.343405 -0.0404436 -3.90973 -5.78647
5.48564 -17.8831 -40.5318 12.9928 -7.07207 -31.8093 12.2102 1.73803 -18.6308 7.25124 7.49459 -4.68266 1.32432 9.28676 9.88666 -2.82248 3.29108 23.829 -1.61945 -11.4889 28.8021 2.81654 -24.5837 21.2368 5.82453 -29.3061 6.40057 4.06876 -26.15 -9.07015 -3.75517 -17.919 -20.1229 -15.7795 -7.88776 -21.7752 -25.408 -0.28729 -12.1208 -25.8267 2.27495 3.39073 -16.6078 1.74027 16.2593 -2.56781 3.00999 23.5801 10.9367 10.3069 27.578 21.7282 20.6051 22.5004 24.6132 27.0333 8.58616 17.8908 24.6619 -5.40093 6.45692 15.9135 -11.948 -5.11063 5.11942 -13.3068 -14.8282 -7.04321 -16.4116 -17.7431 -19.1713 -26.15 -8.70354 -24.1523 -38.0199 1.71631 1.68135 1.69783 1.57008 1.29574 0.968197 0.533718 -0.0552777 -0.60507 -0.843976 -0.757012 -0.442196 -0.0462271 0.196568 0.66215 -0.303368 -0.8238 -0.826794 -1.19819 -0.853836 -0.24948 0.0812825 0.311482 -0.0295169 -3.67996 -5.52694
7.49752 -16.4511 -41.6196 14.9634 -6.44351 -31.954 13.6328 1.8577 -18.4922 7.92089 7.36766 -4.73371 1.27283 9.10732 9.5275 -3.32331 3.19345 23.3635 -1.96318 -11.4605 28.6584 2.99195 -24.639 21.576 6.47456 -29.7903 6.98836 4.97118 -27.2578 -8.62299 -2.72473 -19.569 -20.1462 -14.6965 -9.62758 -22.5517 -24.4867 -1.90778 -13.1582 -25.1251 1.13878 2.25804 -16.2635 1.19069 15.3861 -2.64576 2.96893 23.3687 10.4708 10.6416 27.9171 21.1529 21.2591 23.2854 24.3397 27.923 9.54908 18.1469 25.7084 -4.7056 7.05752 17.0733 -11.9578 -4.45383 6.38162 -14.2697 -14.0741 -5.5892 -18.2884 -16.6873 -17.1756 -28.7455 -7.13476 -22.0196 -40.2652 1.71174 1.7087 1.75014 1.63732 1.36508 1.02546 0.567322 -0.0506115 -0.609857 -0.832976 -0.727157 -0.401975 -0.0046586 0.235002 0.672519 -0.373954 -0.898044 -0.891848 -1.23814 -0.857973 -0.236125 0.0902415 0.300853 -0.0805993 -3.86049 -5.72623
9.28183 -15.2908 -40.433 15.9951 -5.25353 -30.2594 14.446 2.72798 -16.6286 8.84358 7.96907 -2.72086 2.20012 9.45193 11.5715 -2.81526 3.18328 25.1022 -2.21275 -11.7615 29.6757 2.14482 -24.8551 22.0627 5.51234 -29.6002 7.31114 4.24351 -26.437 -8.20568 -3.22937 -18.1802 -19.4799 -15.2509 -8.21319 -21.5003 -25.3729 -0.939807 -12.1022 -26.4796 1.3138 3.42348 -17.7614 0.631044 16.6296 -3.97375 2.06973 24.3858 9.12114 9.95469 28.6229 19.4305 21.0477 24.2692 22.7939 28.1092 10.7758 17.2221 25.8537 -3.72659 6.67857 16.798 -11.2738 -4.45743 5.74492 -13.7207 -13.7207 -6.37945 -18.1016 -15.4289 -17.8445 -28.8746 -5.02734 -21.7721 -40.0012 1.59025 1.58683 1.6203 1.51269 1.26728 0.972527 0.555133 -0.0383249 -0.604358 -0.856157 -0.768076 -0.434748 -0.00920697 0.251602 0.719399 -0.273269 -0.848266 -0.840018 -1.16804 -0.761533 -0.139674 0.187274 0.356678 -0.0675965 -3.81074 -5.48684
10.1158 -16.2113 -39.8301 16.6128 -6.02564 -29.6635 14.836 1.90694 -16.032 9.00252 7.23189 -2.25164 2.12036 9.05522 11.8876 -3.07419 3.25465 25.5588 -2.3125 -11.5312 30.601 2.31652 -24.7108 23.3031 5.8175 -29.6256 8.63842 4.57164 -26.7256 -6.93159 -2.89102 -18.7952 -18.4445 -14.9918 -9.01673 -20.8717 -25.2801 -1.53591 -11.8235 -26.5255 0.97226 3.65246 -17.8665 0.467957 16.9055 -4.18822 2.10284 24.8149 8.58236 10.2852 29.4585 18.9368 21.4794 25.4877 23.1706 28.1258 12.0285 18.8124 24.9413 -2.7131 9.08887 15.0099 -10.2598 -1.76233 3.60066 -12.3206 -11.2759 -8.46159 -16.3198 -13.7294 -19.7126 -27.1742 -3.9327 -23.2011 -38.9756 1.56179 1.55973 1.60046 1.49685 1.24514 0.93503 0.502712 -0.101351 -0.668682 -0.912614 -0.809346 -0.46475 -0.0421694 0.212457 0.676515 -0.364652 -0.938222 -0.898188 -1.16592 -0.695433 -0.0762943 0.273228 0.50254 0.127091 -3.55591 -5.2104
10.699 -13.2909 -41.1454 16.4235 -3.52391 -30.1384 14.4276 3.40418 -15.9991 8.65549 7.81578 -1.87455 1.92085 8.88858 12.4118 -3.0707 2.5583 25.9227 -2.14259 -12.3374 30.6008 2.66432 -25.3562 23.1314 6.42021 -30.0535 8.45859 5.43377 -26.9156 -7.08385 -1.87887 -18.7766 -18.5473 -13.9808 -8.98579 -20.9183 -24.4647 -1.74018 -11.9033 -26.1201 0.50948 3.57402 -17.8219 -0.119421 17.0507 -4.24979 1.41952 25.1596 8.71053 9.342 29.7275 19.4656 20.0758 25.5556 24.074 26.1719 11.9597 19.8634 22.6111 -2.73863 10.1079 12.5943 -10.1296 -0.801665 1.24575 -12.2175 -10.316 -10.5744 -16.8824 -12.4914 -20.5611 -28.9636 -2.59978 -21.6628 -41.1438 1.55456 1.54026 1.57355 1.46886 1.2201 0.911426 0.474632 -0.140346 -0.72356 -0.982701 -0.887757 -0.53906 -0.100037 0.166438 0.620592 -0.404795 -0.949718 -0.894599 -1.14213 -0.661269 -0.0307383 0.356292 0.608324 0.26638 -3.30471 -4.92288
11.952 -10.9324 -42.4806 16.4634 -1.09443 -30.9836 13.6219 5.196 -16.6916 7.3661 8.89706 -2.56894 0.510955 9.43891 11.6901 -4.04429 2.87634 25.2443 -2.10568 -11.8873 30.03 3.48511 -24.6234 22.619 7.39615 -29.1462 7.9319 6.0994 -26.0871 -7.60346 -1.66299 -18.327 -19.0339 -14.1653 -9.05747 -21.423 -24.9038 -2.15177 -12.441 -26.587 0.131804 3.02837 -18.2189 -0.13536 16.4738 -4.74269 1.96609 24.6163 7.73334 10.5102 29.4068 18.1043 21.5872 25.1602 22.66 27.3554 11.4044 18.9304 22.9671 -3.19978 9.99846 12.1625 -10.5219 -0.104139 0.143409 -12.8981 -8.7984 -12.0518 -18.1598 -10.2337 -21.385 -30.8583 -0.344227 -20.6998 -43.0709 1.60624 1.60114 1.63698 1.52852 1.26148 0.915397 0.438644 -0.205869 -0.794149 -1.03833 -0.918052 -0.545645 -0.0936659 0.177477 0.643504 -0.448986 -1.01785 -0.97115 -1.20693 -0.665902 -0.00543543 0.359263 0.606458 0.295539 -3.15868 -4.75807
11.6848 -10.6683 -42.3209 15.4489 -0.440941 -30.8949 12.4984 5.69167 -16.5566 6.38837 8.95132 -2.26236 -0.2054 8.91634 12.1295 -4.22541 1.93755 25.6451 -1.4931 -12.7232 30.3592 4.81528 -25.1913 23.0695 9.24532 -29.6335 8.50567 8.22844 -26.6945 -7.07366 0.468878 -19.2452 -18.7109 -12.3316 -10.4908 -21.4396 -23.6688 -4.08573 -12.83 -26.1184 -1.91851 2.55346 -18.3465 -1.84639 16.3545 -5.21147 0.785397 24.8909 7.00951 9.70432 29.6555 17.0418 21.0208 25.2306 21.3407 26.7035 11.3571 17.7077 21.933 -3.15133 9.22428 10.6355 -10.2598 -0.234433 -1.9329 -12.4361 -8.17319 -14.6456 -17.6671 -9.03485 -23.7556 -30.5778 0.51494 -21.7064 -42.9074 1.68089 1.66672 1.69258 1.57988 1.30414 0.933115 0.423133 -0.255484 -0.864544 -1.10731 -0.963499 -0.555391 -0.0680868 0.221043 0.678638 -0.452173 -1.04396 -1.01297 -1.25475 -0.692691 -0.0274897 0.307157 0.55638 0.287409 -3.03282 -4.6393
9.48479 -10.9349 -42.125 13.8487 -0.601729 -31.0118 11.5926 5.2889 -16.4477 5.63556 8.39846 -2.0558 -1.13333 8.45186 12.2545 -4.93045 1.62647 25.9121 -1.20496 -12.7249 30.8907 5.97673 -24.7658 23.6914 10.6203 -28.958 9.12001 9.31731 -26.1915 -6.4696 1.09782 -19.3691 -18.1753 -12.2019 -11.4556 -21.0793 -23.9565 -5.66329 -12.5964 -26.5452 -3.56585 2.77398 -18.7651 -3.02785 16.56 -5.84189 0.385962 25.1428 5.66871 10.1291 30.06 15.2318 21.9249 25.8535 20.0511 27.4332 12.081 17.5733 21.8503 -2.38082 10.0789 9.69742 -9.1832 1.41069 -3.53049 -10.6158 -6.53177 -16.5105 -15.1363 -8.75609 -25.3327 -28.084 -1.06829 -22.5633 -41.5245 1.7135 1.66112 1.69192 1.5896 1.29811 0.887437 0.335509 -0.377198 -0.995946 -1.21982 -1.03501 -0.585538 -0.072385 0.22902 0.702583 -0.505643 -1.14331 -1.10042 -1.29603 -0.67763 -0.0208727 0.321435 0.688262 0.547067 -2.64858 -4.32878
16.8331 0.405143 -43.2074 17.2615 8.67509 -29.7633 12.2642 11.3626 -14.9408 4.07166 11.0007 -1.33815 -4.73519 7.27961 11.2792 -9.78995 -2.8586 22.1969 -5.3111 -17.5426 25.1883 4.28383 -27.9721 18.2925 12.3658 -30.6385 4.91204 14.0528 -26.7984 -10.411 6.79534 -19.3302 -22.3559 -7.05689 -12.1397 -24.4413 -18.7706 -8.65017 -14.7309 -21.0883 -8.34508 0.821801 -14.7404 -7.03218 15.2737 -5.82534 -0.24236 26.5318 1.9367 12.5046 31.9045 9.03301 25.5111 26.5413 13.2766 30.1992 12.2842 12.5854 23.4829 -1.88856 8.0424 10.4908 -9.67951 2.65165 -3.82094 -13.9553 -1.2676 -16.5588 -22.58 0.972559 -21.2692 -37.5203 9.67725 -12.8829 -47.5858 1.78005 1.80514 1.87602 1.8357 1.63839 1.28602 0.693737 -0.156491 -0.938465 -1.24636 -1.04709 -0.551274 0.0353523 0.436341 0.907668 -0.616496 -1.40983 -1.44409 -1.58119 -0.788568 -0.0412826 0.211624 0.385745 0.169518 -2.90759 -4.43348
18.0112 6.14136 -40.0153 15.2241 14.2296 -26.7439 9.44436 15.435 -12.0116 0.834451 12.4769 1.00364 -8.87988 5.77552 11.5546 -14.1266 -6.39083 20.0385 -9.01156 -20.7681 23.4679 2.17118 -31.022 19.2023 13.0533 -34.3237 8.15042 18.0423 -30.8023 -6.51569 13.3509 -22.2919 -19.0332 0.590493 -13.4118 -21.5335 -11.1098 -9.17106 -12.11 -15.3794 -8.90503 3.02453 -13.8739 -7.26615 18.7066 -12.0321 1.67702 31.7048 -8.49855 16.5352 35.9881 -3.27488 29.1663 28.1485 1.26739 31.1949 13.3666 3.29593 22.4092 0.515413 3.75993 8.25768 -6.53115 4.62348 -6.87065 -11.2805 6.95991 -19.2386 -20.9537 11.9215 -20.7865 -35.9005 16.8023 -8.7758 -44.8078 2.30446 2.35564 2.43402 2.44548 2.3059 1.95116 1.28499 0.322565 -0.563554 -0.956389 -0.836375 -0.398045 0.187361 0.604854 0.934603 -0.883462 -1.85337 -1.9664 -1.9947 -0.999333 -0.20701 -0.148104 -0.108469 -0.202742 -2.91385 -4.72157
13.7002 9.83334 -38.848 8.21014 16.3542 -25.5567 1.55999 15.697 -11.1608 -6.62302 10.2602 1.31945 -14.2719 0.615252 11.2728 -15.4815 -12.8942 19.2451 -7.42221 -25.8378 22.7299 5.72253 -33.9129 19.5051 18.2618 -35.3828 9.90982 24.6368 -30.3132 -3.72997 20.344 -20.6165 -15.5057 7.40248 -11.844 -17.3751 -4.93434 -8.68593 -8.34678 -11.7248 -9.16995 5.83103 -15.9187 -7.31533 20.9918 -20.3333 2.1147 32.9881 -21.6032 17.7709 35.1943 -18.0942 29.6439 25.4471 -12.1205 30.0285 11.045 -6.57765 20.6268 -0.239688 -1.68329 6.92046 -6.42988 3.70583 -7.22439 -11.2308 9.83362 -18.0686 -21.0721 15.4667 -17.8072 -35.8579 16.9773 -4.56792 -44.216 3.21434 3.3181 3.39409 3.38127 3.20134 2.78626 2.02781 0.952882 -0.0488533 -0.535909 -0.463533 -0.00892024 0.640397 1.07858 1.23016 -0.895114 -2.10215 -2.26414 -2.15327 -1.01311 -0.21051 -0.280082 -0.323441 -0.326833 -2.82829 -5.37709
14.3227 20.1979 -33.3532 4.78107 25.0758 -21.7565 -3.59435 22.9479 -8.4441 -10.2815 15.5298 3.90614 -14.6056 3.90534 13.7434 -14.3031 -10.4126 20.2575 -8.00925 -24.618 22.0536 2.9638 -35.1138 17.8323 14.9738 -38.4135 8.01735 22.9408 -32.9417 -4.59099 22.2377 -20.5368 -14.427 12.7478 -7.9998 -15.2629 0.90605 -2.50761 -6.70188 -7.9656 -3.74184 6.22584 -15.1833 -5.3616 20.2316 -23.777 0.25531 32.3528 -29.8316 14.7014 34.8521 -27.6923 26.5846 24.7279 -19.4687 26.3265 11.478 -10.4282 16.9801 2.68168 -1.78398 4.69125 -2.25786 7.50712 -6.75406 -8.16105 17.6431 -12.4319 -18.9786 24.2965 -6.64599 -32.1192 22.5375 7.73031 -38.2551 3.68286 3.89439 3.96964 3.9163 3.73585 3.37437 2.71179 1.73356 0.745624 0.10429 -0.0936451 0.183672 0.815619 1.24677 1.25799 -1.09708 -2.47496 -2.62186 -2.36153 -1.10907 -0.305332 -0.513353 -0.761082 -0.805471 -3.10984 -5.89078
14.3615 28.6137 -32.1679 2.68499 32.2406 -22.1769 -6.72918 28.0186 -10.1169 -12.4841 18.562 1.2729 -14.2641 5.98604 10.7215 -11.5855 -7.86298 17.6899 -4.15374 -21.1011 21.4522 7.31193 -31.8552 20.3217 20.6367 -36.612 13.1603 30.6217 -32.0666 1.67027 31.2794 -19.8328 -8.38079 22.0121 -7.40446 -11.1365 8.54552 -1.60019 -5.78419 -2.6614 -2.65337 5.20007 -12.4394 -5.24532 17.3884 -24.6176 -3.37464 27.4145 -36.0096 7.46936 29.4701 -36.8571 20.3747 20.4691 -26.5798 23.4062 9.13613 -13.8054 16.6934 2.95438 -2.07582 6.50176 0.00683747 9.58766 -2.7671 -5.49043 20.5033 -5.12679 -16.7721 26.7 2.61075 -29.1073 24.1903 16.7938 -35.4293 2.39512 2.69074 2.79652 2.72643 2.50766 2.08568 1.34353 0.281404 -0.786329 -1.48646 -1.67766 -1.31087 -0.597985 -0.162306 -0.27943 -2.94236 -4.55544 -4.60975 -4.13793 -2.79815 -2.0342 -2.32966 -2.64311 -2.69372 -4.91681 -6.29416
14.3265 31.5756 -32.8464 1.12896 36.5453 -25.7442 -9.37485 32.7928 -14.4535 -14.3092 22.654 -3.26738 -14.6241 9.48977 5.51899 -12.0328 -4.69377 11.8152 -6.75981 -18.7818 16.0999 2.34586 -31.5626 17.5595 15.7567 -39.311 14.1573 28.9291 -36.7316 5.65948 33.3952 -24.3462 -3.15979 26.467 -10.6508 -6.67754 13.046 -3.18756 -3.87296 -0.474969 -3.55228 4.15264 -12.3787 -5.86967 14.3418 -25.8322 -4.48321 22.6732 -38.2625 5.36195 23.0692 -38.6967 17.8166 13.4268 -26.5984 20.4508 3.94314 -12.7666 13.456 1.45001 -0.377062 3.63485 1.87819 12.5759 -4.34168 -2.67802 23.5906 -3.52076 -14.0797 28.2625 6.2119 -25.6502 24.7332 19.8009 -32.7434 -2.78101 -2.42016 -2.29797 -2.37491 -2.59075 -2.99429 -3.71895 -4.80615 -5.98525 -6.85077 -7.1544 -6.7903 -6.01258 -5.56221 -5.72683 -8.5015 -10.2072 -10.2007 -9.60186 -8.2125 -7.48966 -7.87162 -8.22676 -8.25203 -10.3829 -6.47814
17.2344 31.2342 -34.6536 4.21993 36.3172 -27.2982 -6.89841 33.1458 -16.4254 -13.7294 24.0645 -5.32854 -16.3137 11.8159 4.3611 -15.1465 -1.73278 12.2732 -9.99083 -15.1806 18.3733 -0.362456 -27.3049 21.3207 13.1997 -35.0515 18.5784 26.0468 -33.9765 9.29508 30.3601 -23.7763 -2.03952 23.2288 -11.1819 -8.24159 9.55551 -3.97498 -6.05352 -2.87059 -3.91532 3.58744 -13.713 -5.92581 14.9578 -26.9369 -3.83921 23.508 -38.6016 6.89921 23.0436 -37.753 18.6228 12.5499 -25.5966 19.8292 2.85349 -12.2732 12.1411 -0.283601 -0.216081 1.94784 -1.2116 12.4323 -5.99322 -6.60817 23.9538 -4.73066 -17.4552 29.6344 5.01339 -28.5552 27.1302 19.0397 -35.22 -9.80295 -9.44136 -9.30204 -9.36003 -9.5749 -10.0021 -10.7657 -11.8784 -13.0103 -13.7346 -13.8835 -13.4407 -12.6891 -12.2469 -12.388 -15.1388 -16.8328 -16.8558 -16.3069 -14.9404 -14.2006 -14.5725 -14.965 -15.0376 -17.2135 -6.31145
17.0055 26.0088 -34.2199 4.39799 31.1532 -26.2259 -6.34133 28.6551 -14.8101 -13.2239 20.4512 -3.07988 -16.0404 8.75758 7.21208 -14.7858 -4.64925 15.3492 -8.93863 -18.0761 20.8414 1.59219 -29.7349 22.0925 15.1919 -36.2161 17.1423 26.5919 -33.7963 6.34577 28.792 -22.9836 -5.02824 20.084 -10.7048 -9.64787 6.53603 -4.48714 -5.01356 -4.75131 -5.25291 5.91206 -14.685 -7.15322 18.102 -26.7133 -3.47096 27.8019 -36.6745 8.86554 28.2274 -35.5378 20.543 17.7094 -24.8208 21.091 6.39136 -12.6882 12.7603 0.926859 -1.45905 1.84233 -1.27364 10.6905 -7.13103 -6.17613 22.6442 -8.28428 -16.5575 29.3241 0.0402728 -28.2411 26.986 13.916 -35.2712 -16.4617 -16.1321 -16.016 -16.0861 -16.3087 -16.7381 -17.4936 -18.5806 -19.6655 -20.3421 -20.4774 -20.0725 -19.3544 -18.9191 -19.0212 -21.647 -23.2452 -23.335 -22.9007 -21.5692 -20.8059 -21.1503 -21.5275 -21.5894 -23.7648 -6.22669