# num_vectors 138
# vector_size 101
-13.7221 -20.4142 -16.4727 1.90883 -21.169 -18.5751 16.1881 -14.3518 -17.3432 26.1118 -3.96873 -10.5627 29.3501 4.72381 2.26489 24.862 5.76569 17.3083 15.6966 -3.04174 26.4224 5.74751 -15.2123 25.2906 -3.02461 -24.4918 15.8886 -10.9983 -27.191 2.41598 -18.9109 -21.3323 -10.0014 -25.9777 -8.11247 -14.8227 -29.1407 5.52438 -7.91422 -25.5932 13.0013 5.45999 -16.2191 13.2765 18.2242 -2.81856 9.29071 25.7646 12.5023 5.19805 25.4238 25.4975 5.33717 16.5127 29.9129 11.8848 3.06281 24.028 20.1981 -8.88346 10.9911 25.7092 -15.9403 -4.74804 25.6355 -18.0458 -18.9647 18.679 -16.8265 -27.1918 5.34412 -14.6082 -25.4871 -10.283 -14.0427 25.948 25.9476 25.9472 25.9469 25.9469 25.9475 25.948 25.9483 25.9482 25.9479 25.9474 25.9469 25.9469 25.9472 25.9476 25.948 25.9482 25.9481 25.9478 25.9476 25.9476 25.9477 25.9479 25.9482 25.9482 -0.301807
-13.7322 -20.2161 -16.5934 1.91105 -20.8516 -18.6429 16.2005 -14.0674 -17.3483 26.1984 -3.77091 -10.5447 29.4337 4.91031 2.29123 24.7747 5.89236 17.2865 15.6968 -3.13108 26.2762 5.83294 -15.3714 25.1491 -3.02018 -24.6246 15.7972 -11.0727 -27.2214 2.3514 -18.9714 -21.2789 -10.035 -26.046 -8.0697 -14.874 -29.3186 5.54882 -7.98045 -25.7747 13.0555 5.37806 -16.3155 13.4125 18.0772 -2.85746 9.55567 25.5823 12.4714 5.48791 25.3098 25.4629 5.45416 16.3922 29.8281 11.9172 2.88508 24.0101 20.1585 -9.14362 10.9998 25.6948 -16.2299 -4.75756 25.6665 -18.1952 -18.9798 18.7495 -16.825 -27.2448 5.44135 -14.5872 -25.579 -10.193 -14.1127 24.3719 24.3495 24.3408 24.346 24.3558 24.3518 24.3368 24.3358 24.3438 24.3391 24.3356 24.3373 24.3381 24.3365 24.3414 24.3133 24.3298 24.329 24.3317 24.3412 24.3208 24.3218 24.3315 24.3312 24.3876 -0.326813
-13.7261 -21.1173 -16.0625 1.84337 -22.3417 -18.3884 16.1156 -15.4769 -17.3555 25.7857 -4.76708 -10.7184 29.0074 4.26308 1.87813 25.0118 5.803 17.0174 15.7127 -2.29316 26.6413 5.63398 -14.3689 25.649 -2.8542 -23.8678 16.2054 -10.611 -26.9682 2.69265 -18.6365 -21.4502 -9.80812 -25.7411 -8.2366 -14.5906 -28.5838 5.45003 -7.64142 -25.0455 12.7964 5.80743 -16.0009 12.7162 18.8098 -2.88684 8.14299 26.5186 12.3251 3.68326 25.9693 25.2462 4.29007 16.9704 29.8041 11.4454 3.88258 23.8402 20.2446 -7.66994 10.8337 25.7917 -14.7547 -4.81602 25.5891 -17.4386 -18.9822 18.4586 -16.7557 -27.031 5.00414 -14.6063 -25.1625 -10.5908 -13.747 23.0213 23.0945 23.1286 23.1171 23.0905 23.0999 23.1379 23.1329 23.1134 23.1309 23.1418 23.1349 23.1318 23.1383 23.118 23.2206 23.1945 23.1883 23.1785 23.1458 23.1988 23.1836 23.148 23.1375 22.9696 -0.21671
-13.4194 -21.8684 -15.4453 2.17454 -22.7274 -17.7703 16.185 -15.3032 -17.0783 25.8042 -4.29329 -10.8723 29.4733 4.68487 1.63873 25.9132 6.05587 16.9024 16.5035 -1.99615 26.4555 6.09782 -13.7945 25.5015 -2.63175 -23.4756 16.4721 -10.5094 -27.1793 3.18292 -18.5718 -22.0292 -9.45027 -25.5539 -8.77706 -14.3061 -28.1213 4.96315 -7.35541 -24.3981 12.4977 5.93854 -15.2596 12.879 18.8697 -2.07547 8.61124 26.6339 13.0895 3.99955 26.0414 25.9869 4.33145 16.9943 30.598 11.6269 4.00291 24.2947 20.3664 -7.41393 11.0796 25.4243 -14.4788 -4.51056 24.811 -17.4334 -18.6401 17.5922 -16.9446 -26.7552 4.20646 -14.6227 -24.9291 -11.3682 -13.3873 21.6115 21.7081 21.705 21.6549 21.6218 21.6476 21.6983 21.6821 21.6688 21.711 21.7293 21.7139 21.708 21.7205 21.6985 21.7768 21.7671 21.7595 21.7257 21.6565 21.7859 21.7861 21.7611 21.77 21.4207 -0.174432
-12.7567 -21.795 -16.0263 2.84729 -22.2525 -18.3972 16.5731 -14.3306 -17.5391 25.8887 -3.18324 -11.1189 29.5923 5.30162 1.72183 26.3237 5.81292 17.1033 17.1725 -2.51744 26.6689 6.48087 -14.0697 25.8789 -2.56172 -23.4545 16.8448 -10.2462 -27.0844 3.42282 -17.971 -22.134 -9.49793 -24.9547 -9.00244 -14.6688 -27.5386 4.76122 -7.77086 -23.8666 12.5312 5.40129 -14.8237 13.4942 18.3694 -1.77664 9.50598 26.5051 13.2338 4.37976 26.4465 26.1636 3.73807 17.4627 30.7114 10.3524 4.08996 24.4324 19.1504 -7.29531 11.4778 24.7563 -14.4288 -4.04393 24.6445 -17.7787 -18.246 17.5587 -17.4904 -26.2619 4.1371 -15.0346 -24.3301 -11.418 -13.7163 20.3113 20.4051 20.3732 20.2818 20.2226 20.2195 20.263 20.2829 20.2558 20.274 20.294 20.2755 20.2738 20.2947 20.2556 20.1991 20.3514 20.3496 20.3475 20.3416 20.4611 20.4164 20.3474 20.3346 20.1997 -0.198364
-12.5449 -21.9361 -15.9189 3.10037 -22.1354 -18.0401 16.6082 -13.8511 -17.1457 25.7482 -2.31914 -11.1678 29.6832 6.45274 1.40844 26.7875 6.53536 16.8725 18.0216 -2.22659 26.4133 7.46295 -13.8973 25.5781 -1.66475 -23.239 16.585 -9.60723 -26.9352 3.3324 -17.7031 -22.1694 -9.42965 -24.9182 -9.18589 -14.6564 -27.2092 4.78645 -8.08203 -23.4095 13.0246 4.76541 -14.5427 14.4125 17.8164 -1.70052 10.3907 26.2558 13.1544 4.83586 26.52 26.1337 3.58347 17.6729 30.5853 9.48703 3.93993 24.2606 18.1717 -7.50688 11.3451 24.0327 -14.505 -4.18709 24.2898 -17.7981 -18.471 17.3703 -17.5126 -26.3495 3.87212 -15.0321 -24.2107 -11.6514 -13.6619 18.8932 19.0102 18.9725 18.8532 18.7816 18.7607 18.7877 18.806 18.7857 18.821 18.8538 18.8357 18.8237 18.8381 18.7715 18.6509 18.9131 18.921 18.9407 18.9585 19.0726 19.0187 18.9063 18.84 18.7814 -0.188874
-13.1765 -21.4725 -15.3466 2.45198 -21.5201 -17.5965 15.975 -13.2178 -17.2954 25.4776 -1.74955 -11.778 29.7008 6.90881 0.783336 26.8634 6.69798 16.257 18.1856 -2.21689 25.7366 7.61352 -13.8861 25.0674 -1.71263 -23.2267 16.279 -9.83425 -26.8653 3.11944 -18.0966 -21.9403 -9.47432 -25.4717 -8.89995 -14.3225 -28.2491 4.89666 -7.56702 -24.4108 12.9982 5.35557 -15.1026 14.1308 18.1207 -2.07655 9.92369 26.1794 12.7542 4.3022 26.3857 25.826 3.13019 17.6647 30.369 9.35906 4.10649 24.0093 18.4902 -6.96746 11.0864 24.681 -13.6612 -4.45107 24.9312 -16.9297 -18.6553 17.8443 -16.8449 -26.7209 4.3992 -14.6998 -24.8982 -11.1759 -13.4644 17.5131 17.6184 17.5465 17.4328 17.3679 17.3391 17.3498 17.374 17.3731 17.4169 17.453 17.4557 17.4536 17.4554 17.3893 17.2871 17.5319 17.5389 17.5614 17.5386 17.6336 17.5801 17.5161 17.5384 17.1797 -0.197552
-13.5055 -21.5314 -15.3494 2.07668 -21.3595 -17.8951 15.5729 -13.0089 -17.7995 25.0438 -1.58303 -12.1415 29.1063 6.94492 0.561357 26.2404 6.82712 16.0308 17.5512 -1.69849 25.8518 6.5894 -13.0219 25.763 -3.19727 -22.2092 17.3207 -11.3398 -25.9554 4.20426 -19.1404 -21.3366 -8.79355 -26.0784 -8.36485 -14.4101 -28.9339 5.59852 -8.04091 -25.2893 13.8392 4.84973 -16.0403 14.9286 17.6615 -3.09136 10.5283 25.7413 11.6358 4.64848 26.1082 24.8658 3.17855 17.6755 29.8266 9.20802 4.17376 23.6926 18.2546 -7.09523 10.768 24.2715 -13.9424 -4.77017 24.3735 -17.2158 -19.0238 17.3873 -17.0727 -27.2805 4.08476 -14.7718 -25.4153 -11.4713 -13.3717 16.3332 16.3993 16.3203 16.2125 16.1408 16.1002 16.1152 16.1832 16.189 16.2089 16.2327 16.2246 16.2152 16.2078 16.1282 16.0026 16.2937 16.306 16.3313 16.3041 16.3979 16.3606 16.3176 16.2948 16.0599 -0.197026
-14.1956 -21.4914 -14.5797 1.3502 -21.532 -17.3439 14.8917 -13.2602 -17.6572 24.536 -1.86577 -12.2336 28.7477 6.81173 0.318428 25.9767 7.03102 15.804 17.3004 -1.28336 25.8157 6.29308 -12.5628 25.8622 -3.53506 -21.7134 17.4282 -11.6649 -25.3811 4.28181 -19.5753 -20.772 -8.65289 -26.8958 -7.99259 -14.2245 -30.1092 6.01899 -8.13802 -26.3759 14.4911 4.57601 -16.861 15.5592 17.1934 -3.81591 11.1489 25.1113 10.9196 5.29656 25.5717 24.246 3.44562 17.369 29.6244 8.80973 3.74685 23.8804 17.6755 -7.86615 11.0321 24.064 -14.5176 -4.61543 24.5827 -17.1716 -18.9291 17.7371 -16.6723 -27.3052 4.50306 -14.4081 -25.8532 -11.0872 -12.902 14.9232 15.0086 14.921 14.8197 14.7503 14.711 14.7317 14.8098 14.8167 14.8362 14.8717 14.8858 14.8697 14.8391 14.7575 14.61 14.9196 14.9424 14.9916 14.9855 14.9982 14.9649 14.9395 15.0578 14.3889 -0.212892
-13.6113 -20.7663 -14.839 1.99195 -21.2493 -17.2096 15.7069 -13.2624 -17.1764 25.2039 -1.78602 -11.6666 29.0134 7.21322 0.787093 26.1856 7.35659 16.2633 17.6811 -1.31105 26.1216 6.96824 -12.8688 25.9168 -2.59783 -22.0411 17.2096 -10.5382 -25.3328 3.84961 -18.2552 -20.2688 -9.03172 -25.4867 -7.47082 -14.6765 -28.7623 6.80336 -9.27165 -25.4365 15.4936 3.40813 -16.3438 16.3222 16.3506 -3.55099 11.6204 24.5088 11.1383 5.66286 25.083 24.4802 3.64964 16.9441 29.9528 8.9491 3.33422 24.2989 18.1743 -8.04049 11.5727 25.127 -14.3522 -4.07815 25.9769 -16.8992 -18.3351 19.0077 -16.4982 -26.4857 5.58498 -14.5426 -25.0111 -10.0381 -13.4579 13.7463 13.8724 13.838 13.7614 13.6792 13.6354 13.6421 13.7044 13.7094 13.7122 13.735 13.7589 13.7357 13.6977 13.6111 13.4739 13.8198 13.8454 13.9155 13.9073 13.877 13.8235 13.7774 13.9051 13.0155 -0.248145
-13.3083 -21.0722 -14.9752 2.34913 -21.4014 -16.9878 16.0893 -13.4592 -16.8448 25.5365 -1.85616 -11.5173 29.2086 7.44015 0.758083 26.8768 7.01719 16.3116 18.595 -2.23949 25.8178 7.94013 -13.8238 25.0015 -1.68488 -22.523 15.8833 -9.8049 -25.2893 2.5122 -17.935 -20.1119 -10.0663 -25.911 -7.58798 -15.3089 -29.7331 6.40538 -9.54081 -26.4049 14.8696 3.29035 -17.0495 15.6038 16.05 -4.04924 11.0078 23.9361 10.705 5.19833 24.3338 24.0407 3.00879 16.2301 29.8127 7.80624 2.55776 24.1388 17.0455 -8.79565 11.3865 24.1495 -14.8823 -4.30203 25.2562 -17.0745 -18.6351 18.4563 -16.5133 -26.7496 4.98865 -14.723 -24.9796 -10.6144 -13.8036 12.5026 12.6157 12.5995 12.537 12.419 12.3758 12.3872 12.4581 12.4575 12.4577 12.503 12.5569 12.5515 12.5156 12.4415 12.3285 12.633 12.6633 12.7442 12.7271 12.6719 12.6342 12.5741 12.5987 11.8762 -0.214734
-13.8705 -21.6851 -14.5504 1.72413 -21.9066 -17.0146 15.2787 -13.6516 -17.1512 24.6536 -1.9924 -11.8189 28.7662 7.04593 0.509369 27.3214 6.55007 16.1681 19.623 -2.93075 25.9399 9.22746 -14.7324 24.9198 -0.298996 -23.077 15.3767 -8.52962 -25.4347 1.99488 -17.2382 -20.4299 -10.2622 -26.2043 -8.43901 -15.1381 -30.795 5.22767 -9.1514 -27.5951 13.8108 3.63328 -17.9579 14.878 16.1576 -4.76259 10.4304 23.801 9.92886 4.45441 24.0129 23.1516 2.08408 15.7761 29.1378 6.93865 2.21648 23.7167 16.4506 -9.03482 10.9815 23.8576 -14.7868 -4.7539 24.9805 -16.6025 -19.0168 18.0509 -15.8652 -27.0527 4.53581 -14.0786 -25.3919 -11.0822 -13.2106 11.4299 11.5528 11.5047 11.394 11.237 11.173 11.185 11.2724 11.2576 11.2582 11.3367 11.4302 11.449 11.4055 11.3182 11.2095 11.5044 11.5231 11.6146 11.5567 11.435 11.4014 11.3474 11.4175 10.6611 -0.284783
-15.0204 -21.2474 -14.097 0.510245 -22.463 -16.6732 14.434 -14.8473 -16.5257 23.7445 -3.17608 -11.1072 27.675 6.5151 0.776593 26.7398 6.58471 16.4817 19.9941 -3.23625 26.615 10.0225 -15.3926 25.5298 0.433842 -23.5285 15.8694 -8.1547 -25.5699 2.66167 -16.9647 -20.4581 -9.47827 -25.6778 -8.48341 -14.8297 -30.2326 5.48325 -9.54973 -27.1036 14.3313 3.07079 -17.6121 15.2086 15.7204 -4.52578 10.4745 23.3792 10.1449 4.44619 23.5429 23.4467 2.27201 15.3796 29.2166 7.70431 1.94603 23.6711 17.6227 -8.8859 10.9554 25.1558 -14.5162 -4.78601 26.2546 -16.2935 -18.9821 19.2207 -15.3 -26.9693 5.71946 -13.215 -25.8261 -9.95186 -12.4823 10.2443 10.42 10.4547 10.3654 10.1694 10.0728 10.0693 10.164 10.1642 10.1597 10.2289 10.3247 10.3261 10.2685 10.1739 10.1061 10.3802 10.3925 10.4755 10.3799 10.235 10.1677 10.1142 10.3398 9.1017 -0.472412
-15.2484 -22.0366 -14.3736 0.319591 -22.8365 -16.886 13.9095 -14.6449 -16.5672 22.8329 -2.74868 -10.9891 26.864 6.78225 0.99025 25.9121 6.92602 16.6939 19.3857 -3.06527 26.8042 9.56366 -15.3243 25.5275 -0.0704407 -23.3465 15.8174 -8.93929 -25.4056 2.79895 -18.0997 -20.4333 -9.13793 -26.8091 -8.41483 -14.3963 -30.9219 5.74832 -9.27924 -27.4443 14.9334 3.00486 -17.7315 16.1164 15.4601 -4.54849 11.5533 23.0566 10.1818 5.67748 23.3597 23.6053 3.62376 15.3662 29.3571 9.05834 1.92571 23.77 18.5679 -9.24611 10.6287 25.3839 -14.8121 -5.19883 25.5846 -16.0806 -19.1749 18.1511 -14.8956 -27.2914 4.69919 -12.9995 -26.244 -10.9844 -12.398 9.02006 9.21232 9.22576 9.09558 8.91121 8.81298 8.81138 8.90407 8.90653 8.91481 8.98496 9.06751 9.04853 8.97425 8.87574 8.77063 9.05201 9.08228 9.16076 8.99875 8.88598 8.902 8.94531 9.18885 8.31386 -0.314854
-14.486 -21.7709 -14.6301 1.15467 -22.4699 -16.6784 14.8499 -14.4669 -16.1473 23.7506 -2.68716 -10.2925 27.0251 6.68686 2.03623 25.224 6.25195 17.6598 18.0052 -3.78212 27.2434 8.11215 -15.9542 25.7083 -1.25162 -24.0513 15.798 -9.73221 -25.9453 2.49889 -18.5214 -20.5884 -9.55008 -26.8557 -8.30495 -14.8039 -30.686 5.97437 -9.79169 -27.1037 15.124 2.48865 -17.5044 16.1457 15.0458 -4.40276 11.5021 22.7337 10.3502 5.67965 22.9469 23.6359 3.49624 14.7599 29.1557 8.4329 1.03302 23.3355 17.5439 -10.3499 10.1696 24.4123 -15.7922 -5.67108 25.1249 -16.6426 -19.7914 18.0279 -15.1456 -27.6774 4.42803 -13.3338 -25.9852 -11.2041 -12.8774 7.76731 7.94375 7.98221 7.91544 7.75806 7.6866 7.69053 7.76705 7.75406 7.74108 7.78266 7.83948 7.79505 7.70972 7.60707 7.52879 7.80445 7.84005 7.92456 7.81293 7.69647 7.73392 7.72869 7.80648 7.31698 -0.258923
-13.8038 -21.7108 -16.2537 1.90202 -22.0071 -17.8519 15.3709 -13.7203 -16.5067 24.0366 -2.06604 -10.0767 27.2848 6.9721 2.50724 25.1462 6.59556 18.0898 17.6058 -3.14335 27.7301 7.70998 -15.3224 26.2701 -1.3531 -23.4404 16.1007 -9.24557 -25.1556 2.42069 -17.5708 -19.795 -9.95191 -25.9968 -7.66815 -15.4191 -30.2383 6.42876 -10.2249 -27.0896 15.3463 2.34178 -17.5924 16.3606 14.977 -4.46809 11.6852 22.6066 10.165 5.56462 22.7099 23.4812 3.35536 14.5795 29.4 8.78133 1.20821 23.9973 18.3744 -9.9829 10.8412 25.1578 -15.554 -5.00721 25.3636 -16.526 -19.0485 18.0896 -15.1391 -27.055 4.48954 -13.9724 -25.3031 -11.1306 -14.5852 6.70952 6.87628 6.8897 6.792 6.63577 6.54691 6.53461 6.5996 6.5522 6.50729 6.55364 6.62576 6.60975 6.54029 6.42623 6.33918 6.58328 6.56576 6.61068 6.39921 6.24012 6.28683 6.33572 6.36365 5.94837 -0.489317
-13.2011 -21.579 -16.9092 2.37389 -20.794 -19.3827 15.5104 -12.1065 -17.421 23.7081 -0.674357 -10.0478 26.6268 7.38304 3.26207 23.7796 6.23872 18.693 15.8781 -3.61089 27.923 5.81786 -15.682 26.711 -3.48732 -24.111 17.0249 -11.2605 -26.1721 3.32432 -18.6349 -20.5249 -9.51517 -25.6759 -7.69893 -15.3347 -29.8973 6.2277 -9.68453 -26.9833 15.1289 2.95014 -17.4851 16.3617 15.5651 -4.33469 11.6317 23.1158 10.13 5.12274 23.1523 23.2981 2.87174 14.7955 29.1525 8.7759 1.59972 23.9578 18.8304 -9.28024 10.8162 25.6399 -14.8535 -5.01199 25.2769 -16.077 -18.813 17.5505 -14.724 -26.7591 3.91541 -13.5518 -25.255 -11.6723 -15.0325 6.55384 6.37671 6.20514 5.96129 5.75355 5.63815 5.61575 5.7008 5.71092 5.69314 5.7394 5.8328 5.89948 5.89476 5.81977 5.7872 6.11449 6.11158 6.14866 5.79339 5.4583 5.2359 5.03217 4.82404 4.55562 -1.97065
-13.1531 -22.0774 -19.1206 2.48421 -20.6885 -20.8121 15.2887 -11.6971 -18.1493 23.0476 -0.288068 -10.282 25.7637 7.6126 3.16404 23.2788 6.51654 18.661 15.9387 -3.40474 28.2699 6.14375 -15.7108 27.2665 -3.18118 -24.0762 17.5442 -11.0956 -25.9112 3.89249 -18.636 -20.3218 -8.87571 -26.0197 -7.74773 -14.819 -30.3272 6.22516 -9.35104 -27.4882 14.8765 3.47286 -17.909 15.967 16.0395 -4.58499 11.2452 23.2849 9.81287 4.59707 22.9698 22.7617 2.09097 14.3472 28.3994 7.90531 1.01785 22.9926 18.0045 -9.71652 9.66746 24.7256 -14.951 -6.17914 24.1704 -15.8093 -19.8244 16.2552 -14.0341 -27.4507 2.45505 -12.6835 -25.1893 -12.9761 -14.7326 5.32073 5.36264 5.36314 5.24544 5.11631 5.04611 5.05403 5.17673 5.2124 5.20005 5.26633 5.3789 5.44692 5.46052 5.40856 5.45904 5.78076 5.83013 5.97105 5.7047 5.58201 5.63349 5.76975 5.83472 1.32851 -4.94231
-12.9594 -20.5389 -21.1415 2.66042 -18.7381 -22.5876 15.3273 -9.84848 -19.0639 22.7478 1.35231 -10.594 25.2409 8.98051 3.05109 22.9539 7.34552 18.531 16.0892 -3.19296 27.8292 6.59834 -15.7149 26.5992 -2.95045 -24.061 17.0798 -11.358 -25.7822 3.7109 -18.9543 -19.9443 -8.91215 -25.8786 -7.21968 -15.0838 -29.5075 7.0595 -9.9233 -26.5477 15.5625 2.9723 -17.1407 16.573 15.6751 -3.86891 11.9616 23.0855 10.6846 5.65432 22.9893 23.8668 3.50234 14.6287 29.5432 9.15056 1.24441 23.8067 18.506 -9.9814 10.12 24.3703 -15.3122 -5.73941 23.6341 -15.6185 -19.5561 16.2275 -13.1221 -27.505 2.61064 -11.7728 -25.3073 -12.4472 -15.7552 4.68425 4.62243 4.62598 4.50722 4.36805 4.29201 4.28028 4.38982 4.46333 4.4594 4.51081 4.60137 4.64545 4.67511 4.64241 4.65544 4.96963 5.04057 5.15244 4.89176 4.82829 4.92791 5.05983 4.96591 0.652527 -5.35722
-12.6718 -20.7084 -22.695 2.85492 -18.2678 -24.2049 15.3184 -9.21638 -20.3807 22.7754 1.6293 -11.491 25.2442 8.66888 2.47124 22.8515 6.57937 17.8803 16.2779 -4.239 27.0668 7.31489 -17.1408 25.8034 -2.00347 -25.5146 16.082 -10.59 -26.5958 2.75995 -18.5429 -20.251 -9.39013 -25.6868 -7.52569 -15.3049 -28.928 6.79776 -10.0107 -25.7459 15.1388 2.93773 -16.2177 15.7499 15.5755 -2.79499 10.9574 22.5885 11.8604 4.91755 22.0078 24.9861 3.10046 13.4804 30.5725 8.81166 0.0849701 24.5939 17.9814 -11.1678 10.6412 23.4302 -16.2436 -5.20379 22.4072 -16.0258 -19.0083 15.1417 -13.086 -27.1527 1.63401 -11.8069 -25.0423 -13.2149 -16.5488 4.10782 3.97761 3.93765 3.81642 3.68115 3.58734 3.54725 3.64874 3.75098 3.74653 3.7947 3.87769 3.9092 3.93102 3.90884 4.0471 4.23204 4.29687 4.38703 4.06411 4.00837 4.1464 4.31716 4.20052 0.124259 -5.40399
-12.4966 -20.0805 -23.5607 3.01528 -17.7217 -25.3315 15.5714 -9.02247 -21.0236 22.5112 1.60088 -11.4713 24.2818 8.75931 2.5364 22.0294 7.021 18.0101 16.1352 -3.97621 27.442 7.64283 -17.1715 25.9758 -1.63031 -25.4328 16.1159 -10.3744 -26.392 2.88725 -18.2639 -19.9323 -9.2435 -25.2383 -7.04464 -15.0071 -29.5302 6.79019 -9.18705 -26.5757 14.7726 4.03829 -16.5714 14.9453 16.3166 -2.87279 10.1434 22.7673 12.0282 4.72335 22.3434 25.683 3.63139 14.5551 31.9242 9.60257 1.56829 26.2174 18.5603 -9.99215 12.0887 23.4741 -15.1268 -3.70222 21.9447 -14.4437 -17.5242 14.6956 -11.5457 -26.4315 1.61938 -11.2336 -24.7889 -13.0019 -16.7967 3.27497 3.08654 3.08943 2.98881 2.81728 2.69606 2.64634 2.73629 2.83602 2.82487 2.86416 2.97027 3.04047 3.05445 3.05557 3.16534 3.26389 3.34469 3.40973 3.04664 2.97126 3.19109 3.49644 3.37224 -0.563764 -5.37841
-12.4145 -19.9518 -24.3336 3.0813 -17.4133 -25.9927 15.6582 -8.94892 -21.2952 22.4066 1.48239 -11.4003 23.6191 8.94009 2.51043 20.9046 7.80227 17.9658 15.2608 -3.19179 27.5532 7.71308 -16.9094 25.7517 -0.651839 -25.3238 15.2312 -9.12001 -26.0439 1.80933 -17.4949 -19.5526 -9.97418 -25.5113 -6.98001 -15.0356 -30.5391 6.18011 -8.31056 -27.4572 13.4213 5.30645 -16.899 13.3282 17.1127 -2.59989 9.23599 22.6902 12.6683 5.11796 21.4572 26.189 4.84923 13.3687 32.2482 10.5095 0.158512 26.1448 18.6338 -11.8078 11.6082 22.8506 -16.3943 -4.06722 21.137 -14.5224 -17.8115 13.996 -11.0446 -26.7417 0.931851 -11.1081 -24.8511 -13.4011 -17.3064 2.42754 2.19509 2.21337 2.14713 1.98077 1.84993 1.78541 1.83166 1.89924 1.89566 1.96348 2.10666 2.21031 2.24074 2.32305 2.50372 2.37498 2.45568 2.48904 2.07926 1.99692 2.30889 2.65735 2.50084 -1.34337 -5.29704
-13.54 -19.3947 -24.5181 2.06181 -17.6098 -26.1655 14.8548 -9.85486 -20.8654 21.2027 0.358562 -10.4898 21.6555 8.20843 3.24961 18.5611 7.7013 18.6671 13.1953 -3.31931 28.3827 6.46348 -17.3876 26.1131 -1.12748 -25.7298 14.9668 -9.24683 -26.2406 1.32157 -17.6998 -19.7594 -10.4117 -26.1454 -7.40987 -15.3223 -31.4293 5.49646 -8.30795 -28.5695 12.1296 5.66271 -18.0396 11.637 17.4844 -3.54932 8.01742 22.8927 11.9286 4.78476 21.6354 25.511 4.8315 13.6466 31.6565 9.91832 0.244289 25.6836 17.4854 -12.1458 11.2511 21.9905 -16.7867 -4.44653 21.1287 -14.5507 -18.3822 14.5958 -10.6632 -27.4388 1.61909 -10.7405 -25.6714 -12.6277 -17.1698 1.79434 1.56457 1.64074 1.61199 1.43659 1.29567 1.22418 1.23303 1.25738 1.24491 1.3238 1.48121 1.59982 1.65078 1.80261 1.92976 1.74529 1.83508 1.87303 1.54182 1.39503 1.7289 2.05921 1.9047 -1.80925 -5.36355
-13.2893 -18.8135 -25.2632 2.39379 -17.6949 -26.7145 15.1987 -10.8703 -20.2843 20.5938 -0.920172 -9.14205 19.8016 7.59062 4.18217 16.2646 7.87804 19.5098 11.5355 -3.29261 29.3835 5.72067 -17.7004 26.7404 -1.42434 -25.9993 15.2716 -9.41245 -26.3235 1.54347 -17.5328 -19.6035 -10.2899 -25.4483 -6.89969 -15.1794 -31.1318 5.6335 -7.8098 -28.2134 11.8441 6.3418 -17.4061 11.0949 17.8966 -2.70387 7.69113 22.8542 12.8819 5.19594 21.2872 26.5607 5.71191 13.4813 33.1956 10.5071 0.205453 27.4524 17.5545 -12.5929 12.8072 21.6314 -16.9545 -2.72412 20.5773 -13.8197 -16.6473 14.2198 -9.61002 -26.3182 1.70788 -10.2034 -25.2114 -12.2194 -17.4308 1.29431 1.05366 1.20693 1.22404 1.02083 0.854976 0.762113 0.733566 0.740552 0.711446 0.769507 0.923721 1.05972 1.11818 1.31285 1.45719 1.17607 1.27704 1.31223 0.944288 0.748426 1.18938 1.63673 1.51547 -2.10243 -5.38423
-11.9553 -18.7295 -26.5256 3.81295 -18.1732 -27.1323 16.2725 -12.0996 -19.402 20.6097 -2.29405 -7.68456 18.6614 6.76932 5.14722 14.6716 7.94971 20.3202 10.4844 -3.06314 30.6071 5.99889 -17.8828 27.6678 0.0213979 -26.0915 15.4882 -7.46456 -26.1243 1.47613 -15.5292 -19.4276 -10.4086 -23.8221 -7.12998 -15.6955 -30.0393 5.23998 -8.48284 -28.0522 10.8891 6.06001 -17.6508 9.96463 17.9692 -2.80182 7.23983 22.9091 12.904 5.75352 21.2614 26.6553 6.90178 13.6527 33.5243 11.6544 0.481022 27.875 18.1769 -12.6335 13.0992 21.6274 -17.0938 -2.34169 20.1621 -13.6891 -16.1312 13.5813 -9.38366 -25.511 0.875291 -10.3829 -23.9682 -12.4776 -18.5528 0.901784 0.702222 0.909029 0.959339 0.726513 0.527695 0.407115 0.327023 0.280464 0.234048 0.302333 0.485529 0.656447 0.755062 1.02727 1.10099 0.750899 0.862768 0.88724 0.53474 0.349211 0.805371 1.24922 1.1156 -2.40668 -5.43626
-10.3605 -18.8588 -26.3748 5.41692 -18.4141 -25.9401 17.613 -12.4831 -17.696 21.7868 -2.51081 -6.06015 19.3029 6.81128 6.49072 13.9938 7.84631 21.2647 8.91404 -3.46694 30.7958 4.99607 -18.2923 27.1568 0.0496156 -26.456 14.4941 -7.00128 -26.3219 0.258876 -15.179 -19.3131 -11.3657 -23.6067 -6.88784 -16.1132 -29.6444 5.50544 -8.78887 -27.7889 10.9248 5.8584 -17.5699 9.70864 17.8985 -2.70242 7.2139 22.904 13.0582 6.56932 21.2351 26.5918 8.66003 13.4392 32.8375 13.7587 0.0877904 26.6199 19.8001 -13.0001 11.6718 22.6203 -17.3274 -3.70225 20.7419 -13.8246 -17.2919 13.6316 -9.73118 -25.8278 0.389465 -11.216 -23.0324 -12.7891 -19.3362 0.524992 0.377277 0.596256 0.682171 0.519432 0.36946 0.25556 0.124407 0.0394287 -0.00115614 0.0665434 0.248087 0.422837 0.531744 0.845408 0.896334 0.501068 0.60653 0.592222 0.248308 0.122736 0.570037 0.941215 0.745302 -2.93844 -5.40745
-10.1257 -18.074 -25.1335 5.65889 -18.1626 -24.7379 18.0765 -12.8616 -16.3959 22.0718 -3.08393 -4.53443 18.8047 6.2904 7.79613 12.7883 7.20149 22.3048 8.01994 -4.43577 31.6038 4.92329 -19.4229 27.8381 0.264595 -27.8296 15.2254 -6.94187 -27.8234 1.06765 -15.0849 -20.6821 -10.5005 -22.7938 -7.87917 -15.4616 -28.106 5.21888 -8.83474 -26.1255 11.0237 5.6476 -16.2059 9.54972 17.9073 -1.5586 6.75655 23.3822 14.2238 6.68449 21.7988 27.3574 9.72299 13.6391 32.8423 15.088 0.0597352 26.0564 20.7438 -12.9176 10.97 23.3074 -16.9121 -4.32458 21.5221 -13.0327 -17.8319 14.378 -8.73052 -26.2223 1.04249 -10.2116 -22.9331 -12.0259 -18.3251 0.444015 0.29783 0.550386 0.68523 0.539974 0.378023 0.232321 0.0624307 -0.0111936 -0.0405236 0.00745178 0.15836 0.290102 0.378772 0.675071 0.760812 0.349535 0.441369 0.393766 0.0483191 -0.061762 0.401685 0.77629 0.531323 -3.16489 -5.56264
-10.9117 -19.6958 -23.8918 4.87235 -20.1 -23.7661 17.442 -14.705 -15.7172 21.3753 -4.70645 -4.02032 17.8202 5.0539 7.9251 11.8084 6.55823 22.3862 7.69859 -5.0361 32.0462 5.22478 -20.1148 28.1865 0.781565 -28.094 15.2232 -6.42678 -27.5846 1.07552 -14.981 -20.6238 -10.3044 -23.527 -8.37703 -15.2979 -28.6188 4.85 -8.75476 -26.2011 10.5825 5.68996 -16.3612 8.8124 17.9747 -1.76166 5.86596 23.4966 13.977 6.1236 21.5405 26.5742 9.81807 12.8246 31.4745 15.2311 -0.957714 24.4867 20.5609 -13.9659 9.43586 23.0336 -18.1475 -5.94862 21.5461 -14.5056 -19.4477 14.55 -9.9427 -27.0868 0.696247 -10.3131 -23.4908 -12.8878 -17.3821 0.395992 0.281877 0.552135 0.712081 0.545972 0.350643 0.186656 0.0157872 -0.0721613 -0.111338 -0.0363138 0.129288 0.24036 0.32632 0.631222 0.787726 0.331129 0.404879 0.346247 0.0603199 -0.0189638 0.391462 0.629298 0.389712 -3.32303 -5.70999
-10.0704 -20.2886 -23.9842 5.65581 -20.9725 -22.7462 17.6293 -15.2801 -14.0216 21.0043 -4.58204 -2.77789 17.1029 5.83114 8.48895 10.3949 7.58691 22.6115 5.9699 -4.26253 31.8119 4.29743 -19.3405 27.5406 0.980306 -27.4245 14.308 -5.78685 -27.2247 -0.0635956 -14.6074 -20.4151 -11.3311 -23.6559 -8.28546 -15.6846 -29.2453 4.33159 -8.38643 -26.6829 9.99842 6.05924 -16.4363 8.58677 18.0545 -1.64865 6.33593 23.4005 14.1016 7.35141 21.8212 26.8378 11.8072 13.6823 32.0264 17.4056 0.080741 25.0677 22.1989 -13.1498 9.85762 23.7662 -17.19 -5.31309 21.4598 -13.105 -18.6181 13.8945 -8.89393 -26.2793 0.143748 -10.5191 -22.7649 -13.2806 -17.9262 0.181048 0.168764 0.463502 0.636639 0.505645 0.342433 0.167606 -0.0633953 -0.197599 -0.215602 -0.120319 0.068902 0.215725 0.306653 0.652305 0.671527 0.191823 0.280481 0.199569 -0.0997 -0.160134 0.311756 0.628567 0.419942 -3.42759 -5.59669
-9.11115 -18.8323 -25.1005 6.58643 -20.0289 -23.8891 18.275 -15.276 -14.2626 20.4119 -5.02486 -2.32084 15.1848 5.4268 8.35792 7.90972 7.56355 22.1432 4.22181 -4.35406 31.5775 3.78553 -19.5228 27.3226 1.36609 -27.571 13.8753 -4.8698 -27.3481 -0.734392 -13.3382 -20.5414 -12.2707 -22.5031 -8.55914 -16.7858 -28.7659 3.53981 -9.16434 -26.503 8.74641 5.50286 -16.0585 7.46096 17.3406 -1.16911 5.848 22.6345 14.4945 7.98384 21.3361 27.2077 13.0882 13.5496 32.5873 18.6469 0.00609514 25.6605 23.1768 -13.3336 10.4054 24.6493 -17.2371 -4.68113 22.3352 -12.8554 -17.8724 14.6217 -8.55627 -25.4127 0.859843 -10.5993 -21.7621 -12.2344 -18.5139 0.216856 0.181383 0.519444 0.730622 0.567386 0.360662 0.140354 -0.138333 -0.309694 -0.341889 -0.239668 -0.0237295 0.165199 0.28538 0.681838 0.591842 0.0813653 0.18152 0.0973274 -0.200159 -0.278356 0.20146 0.539393 0.336711 -3.33995 -5.72571
-9.21734 -17.7589 -25.6048 6.49795 -18.8583 -24.5381 17.9859 -14.3216 -14.5717 19.39 -4.35515 -2.28527 13.5146 5.81827 8.32499 5.94804 7.4155 22.0262 2.52102 -5.02733 30.8618 2.4932 -19.9535 25.8028 0.359979 -27.3923 11.9619 -5.7726 -26.7321 -2.67825 -14.303 -19.466 -13.8838 -23.3337 -7.04997 -17.382 -30.0327 4.14358 -8.80754 -27.6215 8.74939 6.0359 -16.7827 7.16022 17.4756 -1.74633 5.65757 22.3717 13.8525 8.26697 21.1603 26.7031 13.556 13.731 32.5005 18.9622 0.298574 25.8432 23.2437 -13.2586 10.6167 24.659 -17.293 -4.52862 22.5693 -13.0021 -18.0207 15.1979 -9.05002 -25.875 1.68009 -11.4996 -22.1208 -11.5561 -19.1246 0.225976 0.157791 0.505516 0.719773 0.550927 0.350146 0.127267 -0.171545 -0.372792 -0.413424 -0.324915 -0.108622 0.119876 0.25008 0.687413 0.565672 0.0326224 0.147869 0.073055 -0.197082 -0.268187 0.275934 0.606274 0.355954 -3.3822 -5.6789
-10.0955 -17.4901 -26.0031 5.59225 -18.639 -24.6294 16.722 -14.1348 -14.2504 17.4143 -4.26571 -1.82548 10.9408 5.78552 8.55061 3.64534 7.40715 22.3953 1.59346 -5.07659 31.592 2.92899 -19.8763 26.3413 1.45146 -26.937 12.2197 -4.37493 -26.1738 -2.54005 -12.909 -19.3427 -14.0133 -22.6704 -7.65141 -18.0113 -29.6834 3.56899 -9.72813 -27.6965 7.71472 5.31254 -17.2483 6.35879 17.1392 -2.36344 5.58364 22.6311 13.0738 9.06723 21.5565 25.7033 14.6489 13.9639 31.3197 19.8474 0.373574 24.6441 23.6545 -13.3154 9.47249 24.8286 -17.6249 -5.74823 22.8081 -13.5746 -19.1551 15.4505 -9.3189 -26.7215 1.68506 -11.2378 -22.8885 -11.2248 -19.3663 0.32947 0.27636 0.632657 0.855663 0.634274 0.36685 0.0914776 -0.252171 -0.491343 -0.543387 -0.420844 -0.166108 0.077176 0.252365 0.719319 0.512969 -0.0307193 0.0809295 0.00515774 -0.197664 -0.242671 0.235803 0.53202 0.306891 -3.3534 -5.82705
-10.1006 -18.497 -27.1444 5.51488 -19.4632 -25.0143 16.2413 -14.5655 -14.3917 17.1035 -4.35108 -2.25987 11.1864 6.06396 8.0896 3.98607 8.00387 21.9431 1.43716 -4.38444 31.1446 2.55996 -19.1971 25.8808 1.49675 -26.1316 11.6596 -3.90625 -25.288 -3.256 -12.6352 -18.755 -14.7563 -23.0952 -7.61127 -18.5454 -30.191 3.366 -10.0108 -27.8619 7.34495 5.02584 -17.2437 6.09874 16.7124 -2.33938 5.79545 22.198 12.93 9.98186 21.2391 25.1148 16.4504 13.6236 30.0137 22.1069 -0.0610636 22.8704 25.3071 -13.6691 7.64198 25.2952 -17.9378 -7.4103 22.3406 -13.8322 -20.4487 14.2416 -9.7831 -27.3102 0.19401 -12.2335 -23.0818 -12.2737 -20.8419 0.274725 0.257555 0.596994 0.796063 0.592824 0.354562 0.100467 -0.239935 -0.502657 -0.555576 -0.401155 -0.121479 0.125723 0.308688 0.808337 0.537289 -0.039935 0.0539072 -0.0716358 -0.250638 -0.223379 0.23103 0.515787 0.322211 -3.37865 -5.71411
-9.83855 -17.9285 -29.5287 5.69248 -18.9941 -26.8896 15.801 -14.5878 -15.4752 15.75 -4.88039 -2.90452 9.37113 5.26475 7.43886 2.51327 7.37096 21.4412 0.715121 -4.9425 30.9163 2.5882 -19.6254 25.5044 1.91879 -26.217 11.0974 -3.33813 -25.1654 -3.85711 -12.0437 -18.4505 -15.27 -22.5612 -7.29685 -18.866 -30.0744 3.32103 -10.2343 -28.2311 6.76646 5.00016 -17.4299 5.40478 16.5047 -2.34221 5.38002 21.4727 12.7946 10.0921 20.952 25.1379 17.1799 14.1909 30.2359 23.5077 0.877986 23.0233 26.5396 -12.732 7.82015 25.3382 -16.9209 -6.96716 21.2008 -12.8743 -19.9512 12.7554 -9.39829 -27.1777 -0.83518 -13.0714 -22.9742 -12.2847 -23.0046 0.396213 0.367598 0.703307 0.885183 0.627942 0.350472 0.0679722 -0.29826 -0.584321 -0.644153 -0.492127 -0.198788 0.0802537 0.287117 0.837188 0.4808 -0.11836 -0.00955151 -0.170135 -0.368203 -0.26419 0.244987 0.614033 0.428653 -3.19813 -5.69585
-8.9373 -17.227 -31.2977 6.5105 -18.0689 -28.1404 15.4873 -14.0503 -15.6844 13.8587 -4.98047 -2.74836 6.78166 4.83826 7.45488 0.431919 6.80965 21.714 -0.0578817 -5.55058 31.2857 2.71692 -20.009 25.6609 2.27436 -26.4756 11.1886 -2.98804 -25.4946 -3.76885 -11.594 -18.6725 -15.1937 -21.7115 -7.16757 -18.8306 -29.4772 3.25839 -10.1885 -28.1255 6.47832 5.1465 -17.3866 5.21032 16.7199 -2.29733 5.42931 21.6784 12.7542 10.4008 21.1005 25.376 17.1891 14.5494 31.1856 23.4183 1.48377 24.4486 26.6923 -12.3126 9.31139 25.3582 -16.6958 -5.33208 20.5649 -12.8549 -18.1631 11.7835 -9.65383 -25.9096 -1.47928 -13.4634 -22.0787 -12.2697 -24.2485 0.576108 0.520879 0.851995 1.00448 0.676638 0.346705 0.0208335 -0.378424 -0.672998 -0.728477 -0.58864 -0.297106 0.00699184 0.233606 0.798639 0.422374 -0.184381 -0.0565407 -0.186942 -0.398332 -0.29005 0.208134 0.658349 0.493665 -3.02967 -5.76492
-8.65796 -16.2844 -34.0518 6.5002 -17.3468 -29.7608 14.5188 -13.917 -16.501 12.4065 -5.41334 -3.25401 5.56815 4.29677 7.21256 -0.137524 6.56346 21.6983 -0.115678 -5.62866 31.4955 2.48714 -20.0786 25.7675 1.66456 -26.1417 11.138 -3.50785 -24.6547 -3.80906 -11.6102 -17.7643 -15.5567 -21.7153 -6.45777 -19.7996 -29.634 3.82345 -11.1231 -28.1949 6.62698 4.28563 -17.7285 5.09626 16.0749 -2.83005 5.15357 21.5844 12.1622 10.3316 21.4473 24.6642 17.4899 15.0625 30.3708 23.901 2.03949 23.8698 26.9595 -11.9186 8.97302 25.2127 -16.9346 -5.67243 20.0453 -13.6232 -18.3603 10.9948 -10.6069 -25.8239 -2.11706 -15.3808 -22.068 -11.7979 -27.1961 0.656663 0.612936 0.915047 1.02489 0.660711 0.308315 -0.0160036 -0.390937 -0.686668 -0.781013 -0.643581 -0.339562 -0.0288073 0.214646 0.763284 0.37417 -0.218711 -0.0922137 -0.223683 -0.362719 -0.232448 0.212906 0.677956 0.571829 -2.97497 -5.78363
-7.57729 -16.5241 -36.3294 7.42584 -16.967 -31.4284 14.63 -13.7444 -17.6589 12.0952 -5.73461 -4.18018 5.47245 3.85178 6.53612 0.234434 6.37489 21.1555 0.386425 -5.53547 31.2922 2.74651 -20.0992 25.7505 1.7256 -26.2425 11.167 -3.46766 -24.7654 -3.77392 -11.6764 -17.9394 -15.4852 -21.984 -6.78733 -19.6498 -29.7462 3.49303 -10.8319 -28.0133 6.65321 4.47723 -17.3298 5.18595 16.0783 -2.25801 5.11499 21.094 12.8637 9.88523 20.6707 25.2819 16.9876 14.0638 30.6495 23.6503 1.02295 23.8545 26.8202 -12.7693 8.96497 24.6125 -17.6224 -5.30558 18.5789 -14.1434 -17.495 8.82465 -11.2688 -24.7024 -4.184 -16.6768 -21.1362 -12.9852 -29.2167 0.757343 0.674031 0.949283 1.0225 0.634925 0.268645 -0.0498531 -0.40868 -0.696171 -0.787227 -0.6416 -0.335927 -0.0337224 0.189407 0.742766 0.385251 -0.21087 -0.0967726 -0.248223 -0.412277 -0.270861 0.153423 0.667341 0.616811 -2.86891 -5.70781
-6.75966 -17.7232 -36.4434 8.15327 -18.2057 -31.2779 14.966 -14.8167 -17.3501 11.7858 -6.83341 -3.99303 4.62594 2.65255 6.46408 -0.952618 5.02666 20.9821 -0.419888 -7.08984 30.8584 2.50187 -21.4242 24.9956 1.79353 -26.9348 10.1432 -3.32043 -24.7879 -4.74372 -11.5394 -17.7616 -16.3289 -22.0489 -6.78039 -20.4421 -29.8865 3.24726 -11.4028 -27.7727 5.92641 3.9501 -16.9021 4.02244 15.3115 -1.99411 4.04619 20.7955 12.533 10.4118 20.5946 24.4138 18.5894 14.248 29.6215 25.5291 1.28704 22.9307 28.1399 -12.6723 8.2437 25.121 -17.7024 -5.89412 18.6611 -14.4547 -17.9614 8.63201 -12.0489 -24.5499 -4.60327 -17.6912 -20.4376 -13.7871 -29.7816 0.786109 0.725225 1.00668 1.08646 0.69619 0.321572 -0.0156091 -0.389183 -0.696213 -0.810435 -0.663013 -0.343955 -0.0363998 0.194129 0.77116 0.393407 -0.266463 -0.156095 -0.323584 -0.433875 -0.24189 0.189064 0.636319 0.564131 -2.99345 -5.81177
-7.35976 -17.0923 -37.2371 7.36306 -16.9865 -31.5329 13.6258 -13.7607 -17.3112 10.0038 -6.33994 -3.74386 2.73013 2.66621 7.0534 -2.14508 4.64493 21.8806 -0.645284 -7.49948 31.6221 2.73361 -21.6089 25.4666 1.89908 -26.9896 10.5732 -3.42996 -24.8845 -4.24414 -11.7007 -17.8582 -15.7924 -22.092 -6.7653 -19.9067 -29.7788 3.26669 -10.7435 -27.7092 5.82072 4.63677 -17.0253 3.98381 16.1847 -2.14384 4.15789 21.7377 12.4824 10.2743 21.2252 24.2467 18.2019 14.3652 28.928 24.9479 1.10462 21.7663 27.1905 -12.6841 7.07286 23.7532 -17.4182 -6.86434 16.964 -13.9804 -18.7665 6.75753 -11.4988 -25.5136 -6.07514 -17.8405 -21.3273 -14.2051 -30.6393 0.926924 0.834431 1.09822 1.1582 0.728046 0.317373 -0.0491559 -0.440105 -0.744802 -0.853741 -0.709116 -0.396342 -0.0890037 0.153514 0.735124 0.373106 -0.281062 -0.18743 -0.376873 -0.479499 -0.264252 0.167423 0.683357 0.612645 -2.91693 -5.75031
-7.31292 -16.6086 -38.4702 7.08969 -15.9845 -32.0292 12.5384 -12.5304 -17.5287 9.00153 -5.12544 -3.93022 2.57671 3.84593 7.42034 -1.47525 5.9476 22.4767 0.0631044 -6.14568 32.276 2.96371 -20.4873 26.4202 1.84079 -26.5079 11.793 -3.52946 -24.9709 -3.07918 -11.6778 -18.2321 -14.883 -21.8808 -7.15691 -19.4868 -29.7144 3.13791 -10.7493 -28.0991 6.34179 4.56358 -17.796 4.86341 16.5025 -3.00476 4.84639 22.2944 11.7179 10.7493 22.2587 23.5872 18.7342 15.6504 28.479 25.3373 2.39387 21.7322 27.1468 -11.6651 7.36658 23.1119 -16.9066 -6.35129 15.7271 -13.8336 -18.0413 5.24291 -11.5062 -25.0936 -7.19487 -18.2874 -21.3475 -14.4248 -31.7456 0.973582 0.888071 1.12244 1.12699 0.685043 0.277193 -0.0852086 -0.465487 -0.750301 -0.847049 -0.703314 -0.393763 -0.0894548 0.136525 0.665271 0.278212 -0.345707 -0.244651 -0.421419 -0.457283 -0.225762 0.174213 0.753196 0.720272 -2.77162 -5.60581
-7.53971 -17.8989 -37.3631 7.21806 -17.3052 -31.7803 13.63 -14.0088 -17.6415 10.2897 -6.61009 -3.99014 3.32869 2.59726 6.84356 -1.33444 5.40227 21.6057 -0.129087 -6.158 32.0716 2.99999 -20.5898 26.5658 2.11579 -26.6955 11.9575 -3.24485 -25.2811 -2.93023 -11.7133 -18.5817 -14.5293 -22.2157 -7.60243 -18.6659 -30.1387 2.61794 -9.92161 -28.5993 5.73284 5.41736 -18.0235 3.80361 17.0493 -2.92798 3.65452 21.9912 11.7285 9.71869 22.0793 23.1893 18.4852 15.7464 27.4998 25.7469 2.63345 20.3527 27.3564 -11.2509 6.05982 22.6319 -16.1002 -7.42309 14.9496 -12.7312 -19.1565 4.46969 -10.6124 -25.9238 -8.00111 -17.6196 -21.5713 -15.6642 -30.6489 0.949907 0.825023 1.0809 1.1349 0.688016 0.264783 -0.0957075 -0.480647 -0.769051 -0.849002 -0.69391 -0.376689 -0.0651542 0.150008 0.732056 0.337821 -0.311815 -0.224847 -0.450555 -0.498266 -0.233047 0.220304 0.766788 0.686252 -2.78807 -5.56997
-7.6577 -18.1051 -37.1929 7.13812 -18.1501 -31.6799 13.7891 -15.1365 -17.5885 10.1731 -7.71982 -4.01737 2.5882 1.43099 6.43879 -2.43938 4.13836 21.0992 -0.842636 -7.40587 31.5303 2.88527 -21.5307 25.6165 2.0775 -26.9677 10.7421 -3.42575 -24.953 -4.02403 -11.8486 -17.8873 -15.4375 -22.2654 -6.74247 -19.3413 -30.0667 3.11269 -10.0835 -28.211 5.20476 5.3935 -17.4553 2.81053 16.7713 -2.33242 2.92349 21.6299 12.2498 9.16425 21.5506 23.4293 17.8974 14.6908 27.0558 24.957 1.26412 19.259 26.5798 -12.2645 4.65523 22.3995 -16.6669 -9.10155 15.2811 -13.1688 -20.8343 4.80915 -11.0076 -27.0086 -7.82963 -18.2572 -21.8563 -15.5258 -30.9714 0.940846 0.836519 1.11397 1.19963 0.745355 0.300918 -0.0732281 -0.471666 -0.771719 -0.870062 -0.725737 -0.410023 -0.088863 0.16053 0.803708 0.3969 -0.252663 -0.186298 -0.435412 -0.509879 -0.241053 0.20413 0.702524 0.576064 -2.94448 -5.71849
-7.02992 -19.023 -38.9008 7.47638 -18.1841 -32.7223 13.0264 -14.7544 -18.2544 8.64949 -7.71636 -4.70568 0.935385 0.918244 6.08952 -3.66308 3.3601 20.9363 -1.18315 -8.15854 31.2221 3.02589 -22.0414 25.0633 2.17104 -27.2759 10.119 -3.47452 -25.1631 -4.57958 -11.9425 -18.0631 -15.9383 -22.3063 -6.87985 -19.8734 -29.9682 2.81532 -10.3345 -27.9209 4.72211 5.14229 -17.0745 2.25915 16.4189 -2.00928 2.84699 21.4201 12.2966 9.69816 21.4397 23.1308 18.8026 14.5091 26.5273 25.9624 1.07533 18.8468 27.3899 -12.5416 4.56187 22.6034 -17.3536 -8.84059 14.6199 -14.3878 -20.084 3.56188 -12.572 -26.1033 -9.18487 -19.7629 -21.2722 -16.8373 -32.6287 1.05795 0.952943 1.2097 1.2629 0.787691 0.312045 -0.0900893 -0.503808 -0.803495 -0.900962 -0.757294 -0.441238 -0.117319 0.138549 0.822748 0.361196 -0.307028 -0.249974 -0.501075 -0.525308 -0.21982 0.173719 0.678288 0.593498 -2.93381 -5.73892
-7.18714 -18.5349 -38.9555 7.38563 -17.9668 -32.9038 12.8401 -14.844 -18.3305 8.11284 -7.97175 -4.81438 0.067452 0.557325 5.8218 -4.63152 2.89546 20.6538 -1.69067 -8.65042 30.7865 3.23314 -22.2262 24.4749 2.89893 -27.2381 9.43393 -2.61054 -25.0112 -5.29933 -11.4812 -17.8287 -16.2928 -22.3769 -6.85256 -19.2532 -30.1142 2.77981 -9.71158 -27.8547 4.62596 5.74285 -16.6299 1.7695 16.5463 -1.55305 2.63771 21.4709 12.4472 10.0784 21.9426 23.3518 19.5711 15.6748 27.4737 26.7985 2.48245 20.5158 27.6351 -11.5651 6.61044 21.8619 -16.406 -6.48256 13.5545 -12.9831 -18.3812 3.15048 -11.5108 -25.5917 -8.53512 -19.3768 -21.2838 -16.2252 -32.405 1.08114 0.972009 1.23653 1.29596 0.812415 0.318927 -0.115938 -0.567408 -0.889177 -0.976809 -0.818303 -0.495628 -0.17372 0.0651803 0.807341 0.275319 -0.408415 -0.327848 -0.557463 -0.545554 -0.241274 0.295778 0.887454 0.788537 -2.71908 -5.6267
-6.59836 -15.9702 -39.8338 7.81819 -15.3483 -33.4239 12.9282 -13.0054 -18.5819 7.84771 -7.07983 -4.74954 -0.347744 0.948635 6.15813 -4.81987 2.93224 21.1113 -1.83243 -8.82033 30.9897 2.78926 -22.4999 24.6736 1.96117 -27.8162 9.75669 -3.99896 -25.8395 -4.83626 -12.7377 -18.757 -15.9992 -22.9511 -7.41317 -19.8674 -30.2282 2.30319 -10.0527 -27.7816 4.26967 5.35843 -16.8782 1.76602 16.571 -1.95519 2.67546 21.9371 12.0222 10.1711 22.1504 22.8674 19.6327 15.7344 26.9149 26.9474 2.56709 19.8569 28.0998 -11.408 5.85323 22.7123 -16.4077 -7.3544 14.4466 -13.3429 -18.8354 3.60068 -11.7474 -25.3322 -8.53316 -19.5563 -20.8439 -14.6674 -33.3278 1.17138 1.02441 1.26885 1.31372 0.820477 0.334078 -0.0979554 -0.535722 -0.827753 -0.909654 -0.77189 -0.471907 -0.164134 0.0826953 0.780677 0.275549 -0.421362 -0.344563 -0.574235 -0.57032 -0.26156 0.189159 0.743038 0.688529 -2.74152 -5.69424
-6.02498 -14.9726 -40.4405 8.2484 -13.9005 -33.7747 13.0905 -11.7186 -18.8189 7.76326 -6.20655 -4.90852 -0.630727 1.46414 6.10516 -5.12286 3.1074 21.0936 -1.7963 -8.74249 30.7447 3.31222 -22.0697 24.061 2.92628 -26.6901 8.8965 -2.60865 -23.9971 -5.74908 -11.1833 -16.5664 -16.8122 -22.0022 -5.57795 -19.9988 -30.0431 3.49269 -10.1623 -28.0886 4.56715 5.40618 -17.1976 1.6921 16.5413 -2.29195 2.90945 21.8946 11.418 10.88 22.2191 22.078 20.6282 15.9228 26.2637 27.893 2.77113 19.55 28.7097 -11.3959 5.76087 22.9357 -16.5579 -7.2722 14.4259 -13.4149 -18.6436 3.44027 -12.0023 -25.1094 -8.36234 -20.3275 -20.3707 -14.4202 -34.0487 1.21067 1.03903 1.27426 1.31621 0.825251 0.328946 -0.121153 -0.581991 -0.909623 -1.02464 -0.877705 -0.5427 -0.187876 0.0949514 0.84246 0.294521 -0.422277 -0.34481 -0.564916 -0.528999 -0.225981 0.234048 0.809876 0.738956 -2.67647 -5.57937
-5.5636 -16.1281 -41.1335 8.34372 -13.9388 -33.9848 12.6344 -11.1963 -18.953 7.31586 -5.83218 -4.98165 -0.837385 1.48096 6.44823 -5.20494 2.82411 21.5032 -2.03485 -9.13764 31.0687 2.82386 -22.631 24.5337 2.2526 -27.6894 9.51546 -3.4553 -25.492 -5.14656 -12.0495 -18.2676 -16.3306 -22.4287 -6.99822 -19.9684 -30.0772 2.41291 -10.1387 -28.0699 4.14811 5.3634 -17.3735 1.54594 16.7515 -2.51911 2.58872 22.2812 11.2769 10.4123 22.5206 21.7642 20.1612 15.9415 25.457 27.4859 2.67594 18.4978 28.3071 -11.3719 4.91082 22.3353 -16.8362 -7.93172 13.3182 -14.4035 -18.9073 1.90982 -13.2297 -24.9954 -10.2423 -21.334 -20.0343 -16.2331 -35.0061 1.24799 1.07059 1.28448 1.30739 0.832559 0.347914 -0.0949365 -0.547999 -0.859196 -0.954798 -0.815788 -0.502735 -0.169408 0.0908282 0.795895 0.276619 -0.434937 -0.373779 -0.609333 -0.542625 -0.1969 0.198716 0.742806 0.668688 -2.76207 -5.53735
-5.33181 -16.0785 -41.2199 8.38997 -13.2074 -33.9549 12.5404 -10.4696 -18.8829 7.13134 -5.44505 -4.82034 -1.16646 1.4945 6.73774 -5.68137 2.53186 21.7735 -2.52507 -9.51328 31.2383 2.44784 -23.0162 24.8098 2.01687 -28.3315 9.87588 -3.6596 -26.4346 -4.84011 -12.3824 -19.3427 -16.0092 -22.8534 -8.02732 -19.214 -30.1898 2.00287 -9.7661 -28.0147 4.09686 5.66882 -17.3118 1.31742 17.0087 -2.54227 2.32651 22.7672 11.1135 10.3693 23.4222 21.4744 20.4006 17.0716 25.2377 27.6497 3.78429 18.6789 27.6962 -10.4785 5.65165 20.6332 -16.0038 -6.68877 10.9927 -13.3712 -17.7554 -0.343187 -12.3635 -24.4319 -11.7927 -21.0094 -19.7142 -17.2343 -34.9936 1.29045 1.08538 1.28979 1.31304 0.849314 0.365054 -0.087034 -0.552458 -0.864519 -0.946928 -0.801224 -0.506522 -0.207802 0.0265204 0.730353 0.181525 -0.526274 -0.463659 -0.696048 -0.569369 -0.205763 0.240272 0.85566 0.786157 -2.58595 -5.31614
-5.87224 -17.4908 -41.0148 7.81107 -14.4518 -33.7455 11.9023 -11.3747 -18.7228 6.68502 -5.97617 -4.72649 -1.3919 1.18601 6.8523 -5.75748 2.35727 21.9223 -2.16749 -9.63185 31.3033 3.30905 -22.687 24.3784 3.20413 -27.1646 9.16652 -2.26847 -24.6934 -5.54147 -11.0941 -17.471 -16.545 -22.1148 -6.59659 -19.4156 -30.1974 2.62671 -9.75678 -28.4721 4.03226 5.81243 -17.7704 1.04146 17.0996 -2.96831 2.14224 22.7567 10.5343 10.4203 23.6233 20.8168 20.6825 17.5191 24.7729 27.8979 4.26949 18.6531 27.4232 -10.1794 6.08807 19.6827 -15.8651 -5.97339 9.69429 -13.2365 -17.0928 -1.57433 -12.0669 -24.311 -12.8737 -20.4716 -20.1557 -18.5368 -34.546 1.27623 1.08325 1.28732 1.30761 0.841014 0.339929 -0.128254 -0.616642 -0.966593 -1.06989 -0.912681 -0.580384 -0.231516 0.031411 0.759102 0.179602 -0.537418 -0.47011 -0.692554 -0.516777 -0.139544 0.311447 0.974589 0.924064 -2.45322 -5.18602
-5.08605 -15.2643 -41.2616 8.60911 -12.0623 -34.0852 12.7407 -9.50488 -18.9764 7.08336 -4.86533 -4.87924 -1.61075 1.60662 6.65881 -6.50325 2.09442 21.604 -3.20393 -10.1481 30.7618 2.52377 -23.152 23.9444 3.00233 -27.4202 8.67962 -1.89889 -24.2425 -6.09402 -10.2278 -16.2289 -16.9358 -21.0834 -5.12731 -19.5551 -29.481 3.59075 -9.69777 -28.0582 4.21497 5.95273 -17.3719 0.811676 17.1372 -2.60695 1.99216 22.8747 10.91 10.242 23.7844 21.2642 20.4704 17.7449 25.2216 27.7438 4.52741 18.966 27.3431 -9.86543 6.29321 19.6077 -15.3141 -5.68583 9.60224 -12.3901 -16.7202 -1.76409 -11.3714 -23.6885 -12.719 -20.4185 -19.2722 -17.2832 -34.8091 1.31284 1.07919 1.28116 1.31216 0.866283 0.380315 -0.0947406 -0.59933 -0.968614 -1.10889 -0.981778 -0.648271 -0.269495 0.0208466 0.779294 0.188592 -0.52583 -0.457832 -0.688601 -0.536011 -0.1687 0.302386 0.968906 0.922659 -2.36654 -5.0854
-4.73582 -14.2156 -41.6258 8.84834 -10.5048 -34.4836 13.0201 -7.65255 -19.4387 7.4405 -3.16335 -5.26204 -1.41699 2.71415 6.46832 -6.47771 2.49386 21.3638 -2.75366 -9.93597 30.0966 3.58807 -22.3778 22.7913 4.25793 -26.0706 7.38436 -0.882829 -22.8323 -7.29443 -9.73579 -15.1048 -17.9265 -21.1565 -4.50797 -20.2126 -29.8555 3.62437 -10.119 -28.4237 4.02026 5.53812 -17.6245 0.858075 16.6849 -2.93307 2.47725 22.5034 10.2994 11.1349 23.746 20.6141 21.5362 17.9389 24.8952 28.6015 4.70948 19.0809 27.724 -9.84624 6.64932 19.6558 -15.3674 -5.26947 9.59147 -12.3995 -16.2952 -1.787 -11.4225 -23.2347 -12.6186 -20.6386 -18.8236 -16.7812 -35.1521 1.31951 1.07703 1.27079 1.30872 0.884877 0.391326 -0.107064 -0.646167 -1.04028 -1.1715 -1.02097 -0.660992 -0.258433 0.04671 0.817011 0.155053 -0.564103 -0.486567 -0.698241 -0.509275 -0.137922 0.338183 1.00782 0.967782 -2.28328 -4.9426
-3.61491 -12.5347 -41.7515 10.0315 -9.32948 -34.4842 13.911 -7.58321 -19.1942 7.31252 -3.89256 -5.22649 -2.26047 1.99682 5.92126 -6.86089 2.13926 20.9661 -1.81306 -9.81309 29.7005 5.11227 -21.6267 21.8991 5.49162 -24.9467 6.39768 -0.088042 -21.8828 -8.15778 -9.43484 -14.5025 -18.6124 -21.1834 -4.18628 -20.4825 -29.6581 3.71635 -10.0222 -27.842 4.04286 5.59666 -16.9783 0.833073 16.6669 -2.27257 2.13589 22.5287 11.3852 10.1361 23.5582 21.9038 20.2607 17.629 25.816 27.683 4.48101 19.2879 27.5415 -9.79521 6.40694 19.9647 -14.9717 -5.50645 9.9487 -11.8242 -16.3354 -1.63907 -11.1563 -22.7033 -12.2563 -21.0124 -17.7415 -15.5625 -35.5683 1.4522 1.18165 1.38949 1.43015 0.939225 0.386905 -0.150879 -0.713914 -1.10889 -1.2157 -1.03868 -0.667606 -0.262881 0.0439901 0.796556 0.187257 -0.509707 -0.438468 -0.681653 -0.565986 -0.205685 0.28128 0.927139 0.877888 -2.33368 -5.13593
-2.43114 -11.4881 -41.4118 11.0521 -7.95858 -33.9917 15.1272 -5.74324 -18.8137 8.89759 -1.88737 -4.72172 -0.790221 3.52145 6.56948 -6.18037 2.68119 21.3266 -1.86425 -9.88671 29.5758 5.12451 -21.5163 21.5574 5.83471 -24.4361 5.98723 0.311568 -21.2341 -8.56002 -9.23036 -14.0024 -18.942 -21.2678 -4.01527 -20.7611 -30.0374 3.60482 -10.3343 -28.4123 3.95819 5.30495 -17.5754 1.03871 16.4812 -2.90392 2.64064 22.3549 10.4914 11.0471 23.5769 20.9686 21.3326 17.8549 25.3327 28.5298 4.72404 19.3568 27.9395 -9.78064 6.63073 20.172 -15.0566 -5.43762 10.3697 -11.8276 -16.4386 -1.06227 -11.3013 -22.424 -11.6173 -21.4592 -16.7433 -14.7348 -35.7923 1.34002 1.0808 1.28141 1.33877 0.913779 0.410758 -0.108681 -0.684137 -1.1056 -1.21772 -1.03108 -0.644061 -0.224426 0.0888581 0.839701 0.182869 -0.526704 -0.443652 -0.660217 -0.510774 -0.153915 0.358069 0.96556 0.874003 -2.36367 -4.95882
-0.701781 -10.0623 -42.2081 12.4149 -6.94955 -33.9877 15.2709 -6.20953 -18.3935 7.58651 -3.45857 -4.76853 -2.65539 2.13665 5.92704 -7.44225 2.26917 20.9137 -2.12773 -9.58716 29.6207 5.11184 -21.2076 21.8145 5.64808 -24.5268 6.31747 0.0812564 -21.5733 -8.26569 -9.32154 -14.3076 -18.7504 -21.1787 -4.12388 -20.6614 -29.8285 3.59624 -10.2082 -28.1344 3.74379 5.42704 -17.3104 0.593625 16.5531 -2.73549 2.45596 22.5881 10.4863 11.1434 23.7326 20.8508 21.529 17.9862 25.2982 28.7685 4.90659 19.5293 28.1895 -9.68211 6.99561 20.2239 -15.1207 -4.75644 10.009 -12.0062 -15.2855 -1.86964 -11.8446 -20.8048 -12.1328 -22.5506 -14.967 -14.1297 -37.0199 1.49731 1.22392 1.42742 1.45962 0.948302 0.383122 -0.171799 -0.752262 -1.15297 -1.25456 -1.07032 -0.688584 -0.271514 0.0474402 0.829241 0.158689 -0.564399 -0.479151 -0.68446 -0.52023 -0.158776 0.330649 0.937104 0.86323 -2.33702 -5.0873
-0.782925 -10.7488 -42.7677 12.1651 -8.03982 -34.1469 14.0853 -8.10407 -18.3928 5.54776 -5.81989 -5.19612 -4.74925 0.207175 5.20793 -8.56527 1.73904 20.3942 -1.90022 -8.99568 29.6122 5.67994 -20.5038 21.9644 5.92417 -24.1062 6.52334 0.227338 -21.3468 -8.04768 -9.12708 -14.1363 -18.6135 -21.0014 -3.99015 -20.6152 -29.7897 3.53859 -10.138 -28.1429 3.33588 5.50169 -17.259 -0.00630732 16.5126 -2.7365 2.17888 22.5658 10.2629 11.1973 23.6971 20.4614 21.7715 17.9975 24.9626 29.0366 4.95064 19.4439 28.2691 -9.72587 7.21539 19.9431 -15.3175 -4.22185 9.34777 -12.3034 -14.4835 -2.76176 -12.0859 -20.2429 -13.0092 -22.68 -14.9588 -14.8671 -37.3788 1.65771 1.38748 1.59278 1.59558 0.985045 0.32824 -0.27526 -0.862475 -1.24264 -1.33497 -1.14521 -0.753046 -0.32163 0.0109099 0.832047 0.133644 -0.605808 -0.518979 -0.715212 -0.5214 -0.148946 0.315612 0.955409 0.91956 -2.26844 -5.24569
0.884963 -11.5448 -43.4113 13.2632 -7.97793 -34.2808 14.6618 -7.46081 -18.4802 6.26691 -4.97103 -5.22921 -3.84466 0.840193 5.47526 -7.94382 1.87079 20.63 -1.75195 -9.2768 29.6866 5.72041 -20.7673 21.9074 6.11121 -24.0074 6.38931 0.616666 -20.8574 -8.18017 -8.5623 -13.3811 -18.715 -20.4262 -3.21209 -20.662 -29.4169 4.00415 -10.1367 -27.997 3.427 5.51585 -17.1615 -0.0206116 16.542 -2.64359 2.27968 22.5634 10.1418 11.596 23.7201 20.1169 22.3731 18.0056 24.6097 29.5988 4.93393 19.4106 28.4942 -9.83748 7.67885 19.6271 -15.6568 -3.23096 8.41586 -12.929 -12.8468 -4.21431 -12.8748 -18.2749 -14.6959 -23.4147 -13.1224 -16.3813 -38.1807 1.58748 1.34016 1.53722 1.53436 0.965664 0.340777 -0.24608 -0.831354 -1.22872 -1.34302 -1.16462 -0.76952 -0.322114 0.0252191 0.860314 0.145613 -0.610727 -0.529216 -0.718638 -0.480752 -0.0859094 0.327184 0.955655 0.94087 -2.22987 -5.03
1.48319 -13.5632 -43.5364 13.6129 -10.0014 -34.0763 14.6398 -8.673 -18.2944 6.41731 -5.39684 -5.10663 -3.39698 0.738494 5.69332 -7.4958 1.91069 20.8379 -1.42604 -9.26947 29.9369 6.01355 -20.6926 22.0281 6.49581 -23.4355 6.41697 1.34652 -19.6076 -8.11628 -7.31801 -11.5264 -18.6401 -18.9658 -1.12232 -20.6493 -28.4149 5.5762 -10.1835 -27.67 4.0353 5.45053 -17.1075 -0.012299 16.5375 -2.60983 2.23554 22.627 9.94523 11.8461 23.8932 19.735 22.8317 18.2556 24.3971 30.002 5.2127 19.7034 28.6569 -9.70728 8.32186 19.6349 -15.9673 -2.74946 8.46694 -13.763 -12.7013 -3.89991 -13.8658 -18.3234 -14.6037 -24.0756 -12.9248 -17.4113 -38.5807 1.50658 1.31508 1.51599 1.50873 0.948531 0.328831 -0.250815 -0.831914 -1.24557 -1.39844 -1.24764 -0.847092 -0.360383 0.0229918 0.888604 0.170191 -0.598699 -0.514425 -0.682781 -0.397637 0.0164932 0.433271 1.03731 0.985501 -2.30271 -5.02335
0.953245 -13.0814 -43.2873 13.2535 -9.66602 -33.9949 14.405 -8.8689 -18.1859 6.00019 -5.81906 -5.0589 -4.01619 0.488676 5.45231 -8.27493 1.87001 20.535 -2.22488 -9.22989 29.7447 5.4682 -20.4956 21.8526 6.41301 -22.8858 6.2047 1.86707 -18.6166 -8.40667 -6.23411 -10.1155 -19.0478 -17.6742 0.490387 -21.1904 -27.4542 6.91597 -10.8583 -27.333 4.82401 4.72894 -17.2835 0.289592 16.1007 -2.96187 2.11274 22.7252 9.85682 11.3137 24.3437 19.9467 22.1264 18.9043 24.6893 29.3207 5.90375 19.9501 27.8844 -8.9933 8.71879 18.556 -15.073 -2.00168 7.0937 -12.6557 -11.8342 -5.36864 -12.6931 -17.8813 -15.6373 -23.1049 -13.1505 -17.5449 -37.9846 1.55884 1.33907 1.54314 1.54019 0.970259 0.346597 -0.240061 -0.835496 -1.277 -1.46232 -1.33137 -0.927918 -0.414602 -0.0115811 0.823734 0.124596 -0.610883 -0.519823 -0.694119 -0.411273 0.00553589 0.428312 1.09075 1.08506 -2.11962 -4.92437
0.713391 -11.8202 -42.9381 12.9434 -8.0965 -33.6715 14.5244 -7.89418 -17.8808 6.57368 -5.40451 -4.35868 -3.15856 0.648682 6.56112 -7.20318 1.49793 21.7418 -1.37295 -10.1187 30.4418 5.91737 -21.3681 22.154 6.63246 -23.5428 6.46248 1.93111 -19.1399 -8.05974 -6.33887 -10.5997 -18.5385 -17.8598 -0.0396228 -20.4634 -27.5896 6.31903 -10.0429 -27.4854 4.27669 5.55102 -17.4551 -0.188122 16.9672 -2.9999 1.59043 23.3076 9.70148 11.0025 24.6057 19.5191 22.0625 19.1654 24.2961 29.3942 6.25456 19.9411 27.627 -8.72396 9.24185 17.6506 -14.7339 -0.913231 5.74348 -12.0408 -10.4468 -6.94772 -11.8549 -16.863 -16.8963 -22.3562 -12.8735 -17.5976 -37.5555 1.56082 1.29222 1.47851 1.46961 0.917589 0.324307 -0.242625 -0.826293 -1.26954 -1.4577 -1.33003 -0.932485 -0.424029 -0.0252225 0.811305 0.133992 -0.638491 -0.553643 -0.72482 -0.414844 0.00644743 0.41839 1.14448 1.19259 -1.91055 -4.66465
0.300882 -11.8596 -42.2494 12.6517 -7.97289 -33.2128 14.4934 -7.92037 -17.4492 6.51666 -5.48041 -3.93336 -3.43553 0.610635 6.76486 -7.95716 1.13154 21.8252 -2.56038 -10.8316 30.3333 4.89982 -22.0558 22.1633 6.29722 -24.3286 6.53178 2.13337 -20.0738 -8.19715 -5.97189 -11.5975 -18.855 -17.4951 -1.05128 -20.8408 -27.2541 5.37876 -10.4915 -27.3353 3.53736 5.1276 -17.5992 -0.718275 16.8736 -3.41981 1.3788 23.7192 9.03721 11.0776 25.2533 18.7941 22.2178 19.8675 23.7977 29.2784 6.89157 19.9329 26.8063 -8.12167 9.77378 16.1732 -13.9398 -0.00417623 4.01494 -10.986 -9.48661 -8.71245 -10.6913 -16.2797 -18.316 -21.2764 -12.9041 -18.2716 -36.6397 1.5556 1.26156 1.45083 1.45295 0.924068 0.360773 -0.201266 -0.80439 -1.27347 -1.46521 -1.33523 -0.938713 -0.432363 -0.0365159 0.777261 0.0552834 -0.718392 -0.628347 -0.78149 -0.426001 0.00946016 0.432642 1.20724 1.29299 -1.73929 -4.47571
1.89813 -12.8159 -42.5131 13.6009 -8.04297 -33.0488 15.0519 -7.4476 -17.2555 7.20021 -4.85059 -3.69579 -2.60257 1.04484 7.24716 -7.26968 0.906905 22.2714 -2.309 -11.5425 30.3359 4.96467 -22.8168 22.0674 6.59033 -25.2333 6.47958 2.60866 -21.2636 -8.37875 -5.59754 -13.0441 -19.1597 -17.2484 -2.64083 -21.1548 -26.9736 3.98074 -10.895 -27.1829 2.72919 4.78127 -17.6811 -1.06635 16.8719 -3.53753 1.05235 23.7846 8.92088 10.7828 25.0896 18.5262 21.9468 19.4852 23.3133 29.1047 6.48083 19.3579 26.7721 -8.53112 9.31153 16.0935 -14.4608 -0.142086 3.64499 -11.6642 -8.94541 -9.56287 -11.4543 -14.9167 -19.75 -21.9893 -11.1224 -19.8701 -37.2541 1.49364 1.22022 1.40323 1.40212 0.909207 0.387269 -0.153162 -0.75547 -1.23257 -1.41349 -1.26934 -0.870108 -0.37061 0.0129201 0.790746 0.085787 -0.698085 -0.618577 -0.777933 -0.420949 0.0196582 0.392359 1.10983 1.19029 -1.83699 -4.38472
3.08702 -12.0467 -42.7453 14.7244 -7.28242 -33.1964 16.1029 -7.0444 -17.3872 7.8447 -4.81754 -4.00436 -2.46174 0.921613 6.55203 -7.5554 0.748523 21.4367 -2.5748 -11.5908 29.6566 5.1542 -22.7856 21.6989 7.37224 -25.3516 6.20832 3.90967 -21.5421 -8.82099 -3.90399 -13.3421 -19.9042 -15.3938 -2.83308 -22.2487 -25.3339 3.85866 -12.2434 -26.0199 2.53289 3.41307 -17.0127 -1.32064 15.8586 -3.28405 1.07638 23.4807 8.8486 11.1475 25.2038 18.2107 22.5491 19.6666 22.9192 29.6462 6.6004 19.2027 26.9422 -8.4103 9.54724 15.8897 -14.3043 0.362116 3.23398 -11.5435 -8.21525 -10.1231 -11.6341 -13.8131 -20.083 -22.5831 -9.79436 -19.5559 -37.7817 1.55205 1.26638 1.45278 1.46232 0.970666 0.44167 -0.1173 -0.745268 -1.24107 -1.4293 -1.28746 -0.883937 -0.373049 0.0191444 0.780465 0.0245994 -0.757116 -0.680371 -0.833847 -0.444438 0.0132528 0.388837 1.08736 1.16551 -1.83189 -4.40512
4.32276 -9.85072 -42.8974 15.7709 -5.99604 -32.7292 16.6728 -6.64678 -16.8973 7.91744 -4.88423 -3.76363 -2.62665 0.862482 6.55116 -7.62769 0.952831 21.4679 -2.40027 -11.171 29.8534 5.38611 -22.4072 22.0107 7.50055 -25.2485 6.55372 3.91645 -21.7936 -8.53268 -3.97698 -13.9045 -19.7838 -15.5129 -3.5118 -22.4041 -25.5183 3.3777 -12.6002 -26.2598 2.36708 3.07729 -17.3087 -1.27965 15.6252 -3.68431 1.26537 23.385 8.18518 11.6091 25.3136 17.3309 23.3145 20.0555 22.227 30.6568 7.19539 19.1163 27.9781 -7.95695 9.89075 16.7763 -14.2442 0.615221 4.11475 -11.8345 -8.31137 -8.99747 -12.447 -13.7832 -18.3333 -23.9933 -9.00789 -17.1686 -38.9353 1.57251 1.30133 1.48633 1.48713 0.970723 0.423654 -0.145709 -0.774942 -1.261 -1.43474 -1.27997 -0.869433 -0.361715 0.0234625 0.774455 -0.00944336 -0.804701 -0.720413 -0.850941 -0.428335 0.0407801 0.451176 1.13323 1.16544 -1.8889 -4.49423
5.27004 -9.99225 -42.2322 16.3506 -6.42119 -31.5654 16.9567 -7.02006 -15.7174 8.39882 -4.98673 -2.49297 -1.86075 0.878039 8.03999 -7.03519 0.602947 22.8952 -2.49262 -12.0632 30.868 4.81616 -23.3254 22.6138 6.79688 -25.6083 7.04691 3.24391 -21.552 -7.89648 -4.60236 -13.3312 -18.9412 -16.1923 -2.96068 -21.4061 -26.3774 3.62196 -11.5764 -27.2996 2.28318 4.06685 -18.3332 -1.61232 16.5288 -4.46281 0.59896 23.9476 7.31396 11.0838 25.6721 16.0736 23.1586 20.5953 21.0184 30.9673 8.03196 18.6294 28.4327 -7.27534 10.0982 16.944 -14.0095 0.949665 4.14272 -11.8669 -8.21071 -8.80294 -12.5648 -13.7103 -18.044 -24.174 -8.40339 -17.0056 -38.945 1.44525 1.20516 1.38534 1.37862 0.894555 0.395578 -0.134444 -0.742917 -1.24039 -1.43864 -1.29682 -0.882966 -0.361274 0.031466 0.791135 0.0462153 -0.78397 -0.701839 -0.81331 -0.355073 0.121759 0.542873 1.21724 1.21061 -1.9142 -4.37212
5.18532 -10.9444 -41.3124 16.3214 -6.7433 -30.9371 17.2264 -7.02128 -15.0944 8.91425 -4.8062 -1.74302 -1.25299 1.15147 8.82726 -6.56521 0.718051 23.63 -2.3208 -12.1831 31.3874 4.82144 -23.4161 22.9498 6.83471 -25.459 7.35375 3.4478 -21.1454 -7.5561 -4.17492 -12.7361 -18.6155 -15.6725 -2.29286 -21.2029 -26.0786 4.18722 -11.538 -27.4048 2.63193 4.05614 -18.731 -1.46685 16.6592 -4.90178 0.550933 24.2088 6.75779 11.1606 25.9658 15.3194 23.3735 20.8814 20.3156 31.1129 8.29548 18.3835 28.0708 -6.98384 10.5073 15.965 -13.4286 1.96044 2.82762 -10.8753 -6.80575 -10.4037 -11.1512 -12.5257 -19.8539 -22.4822 -7.98894 -18.6126 -37.4922 1.41701 1.15813 1.33796 1.33593 0.866384 0.387248 -0.128466 -0.732709 -1.24081 -1.4568 -1.32686 -0.91163 -0.377985 0.02125 0.7696 0.0366371 -0.804516 -0.725702 -0.826362 -0.333216 0.152854 0.552501 1.26487 1.30723 -1.74256 -4.14436
5.94913 -11.0529 -40.8721 17.128 -7.76295 -30.2174 17.725 -8.50413 -14.3751 9.24569 -6.11928 -1.15876 -0.776082 0.351369 9.24761 -5.90875 0.621887 24.1174 -1.7122 -12.046 32.2748 5.19824 -23.5007 23.9428 6.98808 -25.7245 8.34425 3.568 -21.7044 -6.6399 -4.02068 -13.697 -18.0164 -15.5655 -3.44137 -21.0971 -26.0692 3.3585 -11.7631 -27.4621 2.38234 3.87217 -18.8715 -1.42812 16.6218 -5.05969 0.310251 24.2722 6.76269 10.6867 26.3114 15.5261 22.8941 21.569 20.8987 30.7014 9.18167 19.6252 27.5268 -6.13973 12.3196 15.1606 -12.7599 3.84633 1.93918 -10.4029 -5.41927 -10.943 -10.837 -11.9097 -19.7385 -22.2794 -7.58447 -18.2095 -37.3253 1.40414 1.16368 1.34598 1.33163 0.834152 0.340856 -0.17083 -0.761867 -1.26453 -1.47573 -1.33152 -0.908756 -0.385668 -0.00591518 0.698951 -0.0305074 -0.857558 -0.76247 -0.836397 -0.30842 0.191137 0.62807 1.39181 1.43248 -1.66272 -4.1244
6.50429 -8.78975 -40.921 17.217 -5.81908 -29.7084 17.7365 -7.50992 -13.9363 9.2358 -5.73688 -0.637843 -0.823028 0.578353 9.82799 -6.04978 0.247178 24.6637 -2.09882 -12.8691 32.2124 4.7995 -24.0986 23.5695 6.98641 -25.9879 7.97743 4.00285 -21.623 -7.0035 -3.38954 -13.2569 -18.2503 -14.9179 -2.89143 -21.008 -25.4638 3.61944 -11.5168 -27.1218 2.33938 4.07059 -18.8834 -1.6227 17.0051 -5.15391 -0.0576915 24.839 6.93758 10.0699 26.5202 16.0492 21.8627 21.3999 21.6574 29.3296 8.9076 20.3344 26.1689 -6.41246 12.752 13.9938 -13.0756 4.12107 0.858336 -10.8123 -5.14032 -12.0019 -11.7243 -11.3611 -20.0355 -23.8561 -6.73757 -16.917 -38.564 1.38772 1.13419 1.30582 1.28715 0.81118 0.35396 -0.1436 -0.743168 -1.26905 -1.49828 -1.367 -0.948113 -0.412795 -0.0217144 0.668767 -0.0168028 -0.832698 -0.735576 -0.802807 -0.286436 0.206518 0.657644 1.41365 1.45331 -1.60188 -3.96156
7.83023 -7.76914 -41.7895 18.0308 -4.68778 -30.1377 17.8022 -6.70006 -14.3965 8.53597 -5.5075 -1.55243 -1.98929 0.425995 8.67542 -6.9264 0.498074 23.6135 -2.01996 -11.9758 31.6733 5.35109 -23.1063 23.2969 7.26638 -25.2335 7.69974 3.81557 -21.1286 -7.25431 -3.88156 -12.9874 -18.4617 -15.5311 -2.7634 -21.2383 -26.04 3.71125 -11.6815 -27.3518 2.34922 3.9319 -18.711 -1.61773 16.5996 -5.00109 0.357957 24.3747 6.70439 10.8593 26.4484 15.4266 23.0173 21.5073 20.8028 30.4443 8.88977 19.7537 26.7886 -6.34113 12.8819 14.1915 -12.9905 4.73065 0.676896 -11.2377 -4.12186 -12.3975 -12.876 -9.88374 -20.1596 -25.4047 -5.1511 -16.4293 -39.9344 1.50065 1.25769 1.42745 1.39864 0.873828 0.348647 -0.197604 -0.812899 -1.31992 -1.52997 -1.3877 -0.963342 -0.431274 -0.0404708 0.683398 -0.0708545 -0.895784 -0.804744 -0.868063 -0.302349 0.232358 0.671848 1.38972 1.43419 -1.59345 -4.0055
8.7231 -7.24018 -42.4457 17.9867 -3.64533 -30.1748 17.5549 -5.63936 -14.4356 8.60901 -4.7118 -1.34489 -1.727 0.788743 9.30906 -6.70893 0.0630152 24.2148 -1.97639 -12.8079 31.7363 5.53173 -23.7383 23.2191 8.02754 -25.6933 7.68163 5.13439 -21.5006 -7.36606 -2.40071 -13.3242 -18.6576 -14.2175 -3.29995 -21.4555 -25.0829 2.88971 -12.1108 -27.0089 1.60263 3.44522 -18.9212 -2.13488 16.5407 -5.40229 -0.1492 24.6408 6.2971 10.3843 26.5818 14.9981 22.4352 21.3497 20.3364 29.727 8.63753 19.3086 26.1722 -6.61872 12.4453 13.7535 -13.6039 4.30528 0.171254 -12.4119 -4.12384 -13.1066 -14.5659 -9.03241 -20.967 -27.3931 -3.76137 -16.7468 -41.5998 1.46914 1.24208 1.39964 1.36946 0.883853 0.387778 -0.153676 -0.786274 -1.32108 -1.54208 -1.39448 -0.952867 -0.396944 0.00245292 0.691711 -0.0520674 -0.876023 -0.791076 -0.849656 -0.277094 0.265861 0.672985 1.3228 1.34788 -1.66234 -3.90396
7.71739 -8.82717 -42.3231 16.8916 -3.60539 -30.5809 17.0864 -4.68295 -14.7477 8.67252 -3.84322 -1.30312 -1.57037 1.11963 9.69913 -6.43523 0.0476986 24.6227 -1.53578 -12.7887 32.0962 6.00195 -23.7171 23.6027 8.32412 -25.797 8.0546 5.15816 -21.7777 -6.98546 -2.58254 -13.7802 -18.2661 -14.4519 -3.82398 -21.0844 -25.2395 2.50941 -11.7459 -27.0514 1.46583 3.84197 -18.8904 -2.11098 16.9369 -5.30013 -0.188566 24.9321 6.61593 10.1155 26.7845 15.5542 21.944 21.446 20.8392 29.052 8.60818 19.3846 25.391 -6.58808 12.255 12.9642 -13.2865 4.44869 -0.787203 -11.8316 -3.19874 -14.5935 -13.5328 -7.95297 -23.3513 -25.8257 -3.72134 -19.4407 -40.4621 1.5137 1.25756 1.4077 1.38905 0.912832 0.403854 -0.149072 -0.785081 -1.31236 -1.52359 -1.37138 -0.933692 -0.389309 -0.000105322 0.678699 -0.0534447 -0.865448 -0.783076 -0.859218 -0.306061 0.23079 0.57872 1.22353 1.31509 -1.57973 -3.77889
7.46966 -6.49169 -41.8376 17.135 -2.16125 -30.1269 17.3547 -4.38612 -14.4142 8.38202 -4.30599 -1.30925 -2.32316 0.50997 9.31153 -7.18218 -0.466863 24.2434 -1.82434 -13.0648 31.8076 6.12431 -23.8412 23.4965 8.71992 -26.1346 8.02175 5.69155 -22.381 -7.115 -2.01596 -14.5241 -18.5165 -13.9033 -4.62487 -21.4573 -24.8052 1.67515 -12.2297 -26.7793 0.577503 3.33476 -18.7766 -2.95792 16.5381 -5.50254 -0.56884 24.929 5.78743 10.3459 27.1658 14.2459 22.6657 22.1672 19.7183 29.9188 9.49013 19.1663 25.7982 -5.64796 12.9745 12.804 -12.2004 5.52062 -1.13909 -10.7207 -2.42174 -14.7043 -12.9333 -7.72246 -22.2446 -25.7966 -3.98333 -17.1255 -40.1924 1.60067 1.31426 1.46455 1.4422 0.94209 0.40772 -0.173741 -0.832786 -1.36447 -1.56805 -1.40975 -0.966049 -0.415307 -0.0213501 0.663173 -0.141987 -0.980544 -0.892142 -0.938844 -0.331927 0.229615 0.628155 1.32378 1.44055 -1.41983 -3.76695
7.85228 -7.30454 -41.0724 17.5508 -2.7878 -29.46 17.9642 -4.79021 -13.7213 9.0258 -4.70967 -0.592997 -1.81797 -0.0679853 9.96457 -6.82142 -1.08559 24.846 -1.34536 -13.5408 32.5603 6.75841 -24.2829 24.3552 9.27196 -26.613 8.87242 6.02166 -22.9508 -6.24066 -1.78965 -15.2829 -17.7 -13.7152 -5.54905 -21.0145 -24.9501 0.796382 -12.228 -27.3503 -0.193684 3.28365 -19.4861 -3.69671 16.5785 -6.15222 -1.37206 24.8924 4.98562 9.71314 27.052 13.2689 22.1197 21.9754 18.7177 29.2537 9.22078 18.0077 24.7745 -5.80839 11.5601 11.6052 -11.7347 4.11268 -2.27825 -9.74883 -3.47276 -15.9934 -12.2675 -7.92409 -23.374 -25.5389 -3.58006 -17.9949 -39.6675 1.61064 1.32125 1.47186 1.45726 0.959609 0.410922 -0.183079 -0.848048 -1.37528 -1.57401 -1.40986 -0.951491 -0.388313 0.00596148 0.686295 -0.109837 -0.960675 -0.876111 -0.931869 -0.33862 0.22498 0.637583 1.28212 1.36841 -1.48969 -3.81671
7.35216 -7.79293 -41.9338 16.9663 -3.66285 -30.1092 17.0604 -5.77831 -14.3801 8.08851 -5.46313 -1.27816 -2.58055 -0.560378 9.33929 -7.25648 -1.09838 24.3518 -1.11403 -13.0914 32.2933 7.22909 -23.5674 23.9846 9.53201 -25.5621 8.42246 6.06658 -21.5141 -6.54372 -1.80212 -13.5948 -17.7909 -13.8206 -3.95811 -21.0532 -25.401 1.85632 -12.3483 -28.0282 0.142539 3.06324 -20.0405 -3.80483 16.1585 -6.64946 -1.40107 24.357 3.92868 10.1875 26.6817 11.6294 22.9747 21.6325 17.2342 29.862 8.81001 17.6894 24.6384 -5.98704 12.5098 10.9675 -12.0207 5.35787 -3.13728 -10.5841 -2.6617 -16.5851 -13.1983 -8.03331 -23.7196 -26.2621 -4.22594 -18.3266 -40.5395 1.61493 1.34328 1.49531 1.47317 0.951232 0.358737 -0.263704 -0.936452 -1.46237 -1.6723 -1.51645 -1.04293 -0.450432 -0.0350096 0.681373 -0.141287 -1.02137 -0.938961 -0.951475 -0.271 0.333016 0.756819 1.44942 1.55904 -1.31259 -3.67615
7.69245 -6.79974 -41.7213 17.072 -2.16234 -29.8964 17.2907 -4.381 -14.1829 8.28657 -4.81637 -1.10643 -2.63555 -0.621283 9.55682 -7.09794 -1.34914 24.6262 -0.0400633 -12.8051 32.5998 8.87182 -22.9387 24.4588 11.2728 -25.0782 8.93071 7.63038 -21.2774 -6.05824 -0.519761 -13.6705 -17.3206 -12.9008 -4.55983 -20.7348 -24.969 0.681924 -12.3339 -27.9704 -1.20512 2.98875 -20.0412 -4.77028 16.2284 -6.79423 -1.69462 24.4365 3.00294 10.6094 26.492 10.0914 23.747 21.4457 15.7945 30.8849 8.80493 16.7272 25.7142 -5.98825 11.7866 11.9377 -11.982 4.76382 -2.21766 -10.4123 -2.82068 -15.9065 -13.0733 -7.49045 -23.2911 -26.2671 -3.45874 -17.7987 -40.4447 1.69604 1.40767 1.55069 1.53274 0.998999 0.356354 -0.314701 -1.01574 -1.53811 -1.73129 -1.55187 -1.04064 -0.41186 0.0234195 0.753944 -0.113355 -1.04462 -0.96335 -0.957827 -0.265376 0.338986 0.743866 1.39347 1.49672 -1.34414 -3.72759
7.70473 -7.21632 -42.0787 17.1822 -3.03324 -30.1628 17.2028 -5.36071 -14.4634 8.05955 -5.58378 -1.47855 -2.82089 -1.16907 9.13849 -6.88699 -1.42675 24.3348 0.439333 -12.5773 32.4969 9.7902 -22.4048 24.474 12.6477 -24.6404 9.03697 9.30933 -21.3146 -6.13459 1.01427 -14.2529 -17.6435 -11.829 -5.76175 -20.9451 -23.8782 -1.13502 -12.1644 -26.3502 -3.05313 3.24866 -18.1946 -5.79298 16.5472 -5.42537 -1.36413 24.8927 4.07159 11.162 27.0147 11.2513 24.1353 21.6808 16.7689 30.9033 8.75737 17.3974 25.6142 -6.01 12.4223 11.9101 -12.1395 5.46501 -2.30539 -10.8451 -2.29095 -15.9087 -13.4503 -7.50928 -23.2604 -26.4556 -3.73916 -17.9049 -40.757 1.73341 1.45918 1.60856 1.58818 1.0228 0.362123 -0.329043 -1.05543 -1.59441 -1.76837 -1.54786 -1.00681 -0.367429 0.0816175 0.832606 -0.152931 -1.07724 -1.00511 -1.00786 -0.31079 0.299468 0.703012 1.38746 1.5044 -1.35954 -3.82547
7.57017 -6.71742 -41.7303 17.0109 -2.17743 -29.9162 17.1378 -4.50805 -14.2179 7.78803 -5.26056 -1.40097 -3.64976 -1.76768 8.9708 -8.19812 -3.19211 23.9645 -0.260857 -14.3067 31.5865 9.73616 -23.1463 23.2014 12.9684 -24.5568 7.74091 9.74423 -20.7789 -7.34929 1.11689 -13.6267 -18.554 -12.288 -5.76267 -21.087 -24.3302 -2.45363 -11.7207 -26.4036 -5.16258 3.63243 -18.0738 -7.63939 16.8745 -5.59111 -2.57332 25.2907 3.80247 10.0644 27.2003 11.2137 22.9078 21.8686 17.0353 29.7434 9.11525 17.6599 24.6765 -5.73 12.3715 11.083 -11.8433 5.26722 -3.03558 -10.3097 -2.37207 -16.6664 -13.1085 -7.26093 -23.6895 -26.4198 -3.49982 -17.8049 -40.5141 1.73862 1.4506 1.59713 1.59369 1.0682 0.402434 -0.32224 -1.09201 -1.66461 -1.84602 -1.60611 -1.03575 -0.360807 0.123392 0.88922 -0.135832 -1.06622 -0.982776 -0.980497 -0.30388 0.29113 0.704016 1.37384 1.49303 -1.32859 -3.75569
8.00046 -6.58049 -42.322 17.293 -2.26852 -30.3068 17.2182 -4.55345 -14.6014 7.8983 -4.92565 -1.7461 -3.46441 -1.11279 8.59544 -8.65072 -2.99636 23.3291 -1.94282 -15.1314 30.5663 7.57282 -24.4942 22.189 11.2151 -25.9711 6.82612 8.61067 -22.0761 -8.35374 0.369739 -14.5837 -19.6268 -12.7525 -6.20436 -21.9812 -24.4977 -2.42082 -12.4196 -26.5518 -4.92422 2.97098 -18.3647 -7.46321 16.29 -5.94321 -2.31082 24.7442 3.13479 10.5612 26.6148 10.2795 23.559 21.2935 16.2021 30.4927 8.64002 17.3475 25.4531 -6.18346 12.464 11.8085 -12.516 5.33303 -2.31918 -11.2062 -2.47393 -15.8647 -13.9559 -7.39396 -23.0327 -27.1782 -3.33536 -17.416 -41.2993 1.61518 1.34506 1.49447 1.49185 1.01361 0.433415 -0.22833 -0.975527 -1.56294 -1.76071 -1.54187 -1.00385 -0.354254 0.118556 0.887225 -0.146541 -1.09481 -1.01038 -0.987422 -0.28644 0.315034 0.726031 1.39008 1.49114 -1.36859 -3.68213
8.1602 -5.20914 -42.0996 17.3862 -0.84225 -30.053 17.4265 -3.30213 -14.374 8.00765 -3.62278 -1.58976 -3.59306 0.206629 8.4777 -9.29203 -2.66577 22.8581 -3.04379 -15.4741 29.3032 6.42108 -24.6234 20.6374 10.6334 -25.8616 5.39964 8.67428 -21.8624 -9.84995 0.575632 -14.1541 -21.0804 -12.544 -5.61116 -22.7668 -23.7221 -1.92452 -12.5125 -25.2006 -4.49633 2.93274 -17.1128 -6.87884 16.341 -5.36933 -1.21556 25.4149 3.48709 11.7768 27.503 10.6321 24.649 21.8848 16.3557 30.9791 8.82974 17.1793 25.2768 -5.77338 12.368 11.4185 -11.6829 5.66063 -2.92731 -10.5132 -1.62891 -16.6068 -13.9372 -6.28966 -23.1592 -27.5666 -2.63572 -16.6066 -41.3918 1.56019 1.28218 1.43579 1.44465 1.01509 0.50061 -0.127947 -0.880579 -1.49469 -1.69998 -1.4828 -0.965545 -0.334205 0.141234 0.894477 -0.195041 -1.13179 -1.06024 -1.05067 -0.336863 0.288121 0.696232 1.34852 1.47582 -1.32253 -3.54098
9.04802 -2.82754 -42.3418 17.8564 1.33037 -29.9146 17.8296 -1.71257 -14.3382 8.47072 -2.67127 -1.54187 -3.13803 0.663623 8.6909 -9.22532 -2.67934 22.808 -3.68926 -15.9421 28.9794 5.59299 -25.4109 20.4606 9.95185 -26.6302 5.26262 8.05572 -22.2796 -9.89841 0.146408 -14.1626 -20.9748 -12.6688 -5.18959 -22.7648 -23.9544 -1.08007 -12.7929 -25.8919 -3.61364 2.60782 -17.9622 -6.55132 16.0004 -5.72776 -1.70782 24.8984 3.57694 10.9693 26.9746 10.942 23.816 21.5871 16.7451 30.558 8.77558 17.5789 25.3569 -6.01287 12.7728 11.6166 -12.1957 6.24909 -2.82729 -11.2088 -0.671745 -16.5365 -15.2273 -4.89674 -22.3509 -29.3254 -1.23732 -14.7066 -42.5767 1.54549 1.26388 1.40313 1.40347 1.00652 0.528017 -0.0785318 -0.824557 -1.44342 -1.67016 -1.4869 -0.99313 -0.370952 0.0905865 0.839965 -0.181218 -1.10899 -1.03053 -1.02358 -0.325573 0.291581 0.696301 1.32694 1.45317 -1.3115 -3.45423
10.3643 -0.471081 -42.0977 18.7475 3.56953 -29.3421 18.6214 0.0246024 -13.8727 9.11296 -1.77569 -1.27895 -2.8178 0.825187 8.79511 -9.06531 -2.53932 22.837 -3.22205 -15.4179 29.5177 6.35386 -24.7822 21.2112 10.4209 -25.9568 5.92905 8.05066 -21.6979 -9.19129 -0.0948726 -13.9657 -20.3713 -13.2122 -5.52132 -22.5107 -24.7071 -1.90239 -12.588 -26.1702 -4.56993 2.84247 -17.7451 -6.95163 16.0416 -5.71996 -1.43606 24.8331 3.21596 11.4857 27.0186 10.4324 24.4234 21.648 16.2576 30.9741 8.74763 17.2046 25.4355 -5.91087 12.5946 11.5493 -11.9147 6.3521 -3.03397 -11.1955 0.0177553 -16.7028 -16.1984 -3.31571 -21.517 -30.8996 0.616921 -12.7347 -43.3427 1.60201 1.31851 1.44548 1.44512 1.04099 0.521954 -0.116227 -0.874565 -1.4862 -1.70601 -1.50107 -0.974808 -0.337868 0.136436 0.896851 -0.191582 -1.13041 -1.05476 -1.04558 -0.333177 0.302366 0.707821 1.28483 1.39111 -1.34121 -3.46983
12.3021 0.329283 -42.2219 20.0294 4.5711 -29.1221 19.4623 1.18941 -13.6261 9.74954 -0.732267 -1.20738 -2.34329 1.37042 8.78942 -8.75087 -2.8434 22.5266 -2.89033 -16.0263 28.5682 6.97896 -25.0303 20.2069 11.6724 -26.0138 5.09173 9.73325 -21.7176 -10.0794 1.5613 -13.9124 -21.1892 -11.564 -5.42877 -23.1135 -23.1104 -1.70211 -13.2909 -25.0932 -4.30202 2.09295 -17.1683 -6.97779 15.5431 -5.30523 -1.73226 24.7119 3.52435 11.2151 27.1616 10.6602 24.2093 21.8195 16.3298 30.813 8.87694 16.9747 25.4422 -5.8602 12.091 11.717 -12.0157 5.87505 -2.88798 -11.5523 0.216497 -16.625 -17.1435 -1.84841 -21.154 -32.1648 2.8375 -12.0711 -44.1217 1.57202 1.31685 1.44569 1.44925 1.077 0.590997 -0.042704 -0.822086 -1.45762 -1.67746 -1.47203 -0.950519 -0.309195 0.160988 0.901616 -0.180031 -1.11011 -1.03696 -1.03816 -0.338291 0.298247 0.684261 1.18395 1.24505 -1.49073 -3.52087
14.8173 0.0618693 -41.9541 21.2289 4.97133 -28.3857 19.9725 1.91786 -12.8621 10.0327 -0.348867 -0.683493 -2.31826 1.15582 9.10353 -9.19891 -3.41203 22.4945 -3.62887 -16.7133 28.5513 6.23748 -25.7859 20.2609 10.9162 -26.5822 5.13021 9.13981 -21.9353 -9.95725 1.41979 -13.7961 -21.1503 -11.5535 -5.13605 -23.3057 -23.2209 -1.76036 -13.4992 -25.1107 -4.96692 1.78153 -17.2213 -7.78109 15.2243 -5.85809 -2.19436 24.8149 2.35422 11.0709 27.6762 9.32628 24.1807 22.4011 15.1674 30.5971 9.44057 16.059 25.079 -5.22917 11.323 11.398 -11.5949 5.36791 -3.32213 -11.7141 0.891966 -17.2482 -17.8801 0.647588 -21.937 -32.9921 6.15372 -12.7908 -44.5443 1.53926 1.32434 1.45162 1.45868 1.10949 0.636873 0.0101382 -0.766845 -1.40725 -1.6526 -1.4641 -0.935185 -0.276723 0.214891 0.957917 -0.18425 -1.11738 -1.03929 -1.02597 -0.306921 0.343987 0.673922 1.05554 1.06281 -1.66296 -3.53898
14.1157 -0.111774 -41.0794 20.7439 5.28521 -27.8035 19.6821 2.14434 -12.2829 9.57781 -0.655586 -0.353121 -3.00669 0.547569 9.17454 -9.42526 -4.03121 22.7893 -2.85906 -16.8843 28.8158 7.41206 -25.4547 20.4825 12.2084 -26.3476 5.39407 10.6201 -22.0927 -9.8294 3.02324 -14.1447 -21.2419 -9.93467 -5.47024 -23.4314 -21.6418 -2.17754 -13.644 -23.8621 -5.56012 1.55415 -16.6003 -8.4543 15.3296 -5.97076 -2.55173 25.5514 1.49761 11.1041 28.6074 8.08875 24.4624 23.4672 14.1821 31.0743 10.7229 15.851 25.5575 -3.87934 11.7355 11.6878 -10.2684 5.97831 -3.11115 -10.215 1.43362 -17.1725 -16.0125 0.791057 -22.2098 -31.0001 5.7256 -13.2655 -42.9615 1.65687 1.41597 1.54114 1.54828 1.16828 0.656757 -0.00866261 -0.810199 -1.455 -1.68836 -1.48842 -0.954583 -0.287042 0.21224 0.932755 -0.257288 -1.21159 -1.12399 -1.07731 -0.326259 0.326395 0.651512 1.05888 1.10212 -1.5825 -3.57907
12.4033 1.6258 -41.0974 19.6404 6.75542 -28.0351 19.0432 3.48296 -12.5168 9.18621 0.423396 -0.444778 -3.47446 0.95038 9.04334 -10.5551 -4.23225 22.1021 -4.50854 -17.2917 28.2278 5.93625 -25.9812 20.2412 11.1636 -26.8774 5.29681 10.1167 -22.5703 -9.9588 3.06373 -14.4274 -21.5811 -9.69521 -5.46455 -23.7773 -21.1887 -2.2843 -13.7039 -23.0958 -5.93603 1.47452 -16.0344 -8.56379 15.4066 -6.41619 -1.81142 26.0934 0.397907 12.1658 29.2242 6.9094 25.5151 23.961 13.3484 31.9174 11.2798 15.6413 26.2416 -3.17615 11.965 12.2735 -9.61809 6.14561 -2.50083 -9.72745 0.952298 -16.2199 -15.7941 -0.634842 -20.6396 -30.9058 3.77308 -11.3909 -42.8414 1.6835 1.41878 1.53589 1.55355 1.21953 0.727929 0.0661219 -0.746867 -1.41048 -1.66526 -1.47955 -0.958043 -0.298812 0.209876 0.917675 -0.358894 -1.32738 -1.23441 -1.15951 -0.381807 0.278404 0.640391 1.10113 1.17249 -1.50425 -3.56936
12.3349 0.67288 -41.8599 18.9135 5.8842 -28.4855 18.1438 2.47133 -13.005 8.38074 -0.795778 -0.911088 -4.21011 -0.249989 8.66839 -10.6878 -5.14915 22.1429 -3.73179 -17.6316 28.5022 7.04832 -26.0011 20.6199 12.3586 -27.0291 5.71329 11.541 -23.0134 -9.63554 4.71233 -14.995 -21.4763 -8.05915 -6.0647 -23.7313 -19.5878 -3.16115 -13.6146 -21.6213 -7.06188 1.48525 -15.1128 -9.50732 15.7166 -6.52043 -2.09274 26.83 -0.578793 12.3331 29.6915 5.4676 25.6931 23.9245 11.8562 31.7135 11.0325 14.6163 25.751 -3.22503 11.6778 11.7334 -9.93319 6.42514 -3.22853 -10.7741 1.70612 -17.0921 -16.8996 0.192482 -21.9252 -31.8918 4.30123 -12.6735 -43.9313 1.77135 1.52304 1.63767 1.65246 1.28576 0.747934 0.0485108 -0.780532 -1.44426 -1.69249 -1.49492 -0.960204 -0.285748 0.238282 0.92876 -0.402176 -1.40149 -1.32175 -1.22392 -0.398386 0.285801 0.603651 1.05176 1.14306 -1.51217 -3.614
12.8017 0.463208 -42.1086 19.6701 5.41478 -28.7812 18.9687 1.87445 -13.3261 9.1357 -1.4081 -1.29326 -3.68806 -1.00394 7.97934 -10.7103 -6.04627 21.1242 -3.99364 -18.3775 28.0133 7.15681 -26.7585 20.6774 13.0524 -27.9329 6.00341 12.7316 -24.0852 -9.40674 6.01252 -16.1788 -21.3846 -6.91991 -7.43941 -23.4634 -18.2163 -4.79915 -13.0178 -19.7666 -8.52467 2.18331 -13.2696 -9.87725 16.5649 -5.92891 -0.864976 27.3912 -0.937216 14.0461 29.4743 4.52611 27.3424 23.0194 10.7562 33.0432 9.90642 13.8562 26.702 -4.11592 11.4877 12.3998 -10.4376 6.63228 -2.71022 -10.957 1.99719 -16.6929 -16.8723 0.352543 -21.7294 -31.7835 4.45189 -12.7141 -44.0041 1.7945 1.54187 1.65913 1.68663 1.34328 0.804227 0.0944761 -0.750173 -1.42585 -1.6705 -1.45507 -0.910522 -0.237498 0.301709 1.00073 -0.428878 -1.4826 -1.42727 -1.31789 -0.463183 0.231594 0.551811 1.01229 1.10892 -1.56171 -3.72328
11.9335 0.580509 -41.9757 18.2576 5.97827 -28.5525 17.5773 2.38378 -13.109 7.74479 -1.342 -1.20551 -5.26165 -1.30973 7.81803 -12.2649 -6.5098 20.9114 -5.08609 -18.3978 28.1068 6.67019 -26.5042 21.4385 13.4648 -28.0135 7.19007 13.7441 -24.6907 -8.34248 6.7593 -17.427 -20.5727 -6.67252 -9.50532 -22.7589 -18.1124 -6.96644 -12.4451 -19.8304 -9.68318 2.95052 -13.7763 -9.68159 17.5868 -7.32525 0.338636 28.0888 -2.64601 15.414 29.6489 2.87957 28.4894 22.8075 9.36459 33.7081 9.61759 12.952 26.8993 -4.06518 11.2238 12.4076 -10.1585 6.92794 -2.86417 -10.8499 2.742 -16.9964 -16.7446 1.09253 -22.2832 -31.5684 4.52767 -13.1453 -43.9022 1.85314 1.60081 1.71366 1.74535 1.39884 0.830787 0.0805856 -0.800282 -1.49493 -1.71668 -1.45002 -0.871592 -0.19508 0.332253 0.999797 -0.490137 -1.56107 -1.50523 -1.37158 -0.479016 0.234344 0.529023 0.987088 1.12093 -1.491 -3.64665
11.5422 1.22767 -42.6587 17.2566 6.7306 -29.0067 16.5146 3.02044 -13.5935 6.81791 -0.960117 -1.661 -6.28638 -1.25681 7.21496 -13.7563 -6.85365 19.8798 -6.79599 -18.918 26.9963 5.39228 -26.9251 21.0194 13.3263 -28.3571 7.36419 14.7038 -24.9879 -8.09967 8.28665 -17.8274 -20.6963 -5.11654 -10.074 -23.5574 -17.0529 -7.30517 -13.8854 -19.7255 -9.52363 1.45394 -14.7086 -9.56766 16.4774 -9.14455 0.213155 27.6886 -4.45772 15.1787 30.0682 1.67185 28.2282 23.7088 8.73416 33.1708 10.7104 12.7925 26.2763 -2.7968 11.6081 11.9516 -9.3945 7.85879 -3.37405 -11.1907 4.1431 -17.3586 -17.719 2.42124 -22.4164 -32.6144 5.0776 -12.9238 -44.8724 1.86507 1.62388 1.73156 1.76933 1.45324 0.903799 0.144786 -0.767383 -1.5027 -1.74763 -1.47345 -0.876243 -0.19019 0.313875 0.913377 -0.613491 -1.64315 -1.55257 -1.38947 -0.465123 0.265147 0.527587 0.973558 1.14542 -1.40921 -3.51807
12.3941 1.35077 -43.0247 17.6418 6.60425 -29.0901 16.6646 2.59484 -13.7652 6.84612 -1.60532 -2.00896 -6.44463 -2.3168 6.56079 -14.3466 -8.53998 18.6585 -7.92384 -20.8386 25.8783 4.57491 -28.7014 20.3694 13.3191 -29.7061 7.17881 15.6813 -25.875 -8.05677 9.94288 -18.1379 -20.6398 -3.24377 -9.95043 -23.2899 -15.075 -7.1981 -13.4848 -18.081 -9.50229 1.77993 -13.9312 -9.22294 17.0631 -9.14909 0.981842 28.2571 -3.77852 15.7854 30.1557 2.83439 28.269 23.1747 9.66115 32.8246 9.9117 13.2893 25.9426 -3.72367 12.0907 11.6048 -10.2902 8.82506 -3.84972 -11.9184 5.71683 -17.9238 -18.5703 4.26433 -22.7916 -33.5574 6.53269 -12.9916 -45.6503 1.89018 1.66529 1.77352 1.81934 1.54061 1.01895 0.263124 -0.67045 -1.44338 -1.726 -1.47727 -0.895219 -0.207538 0.304809 0.877436 -0.656822 -1.66517 -1.58983 -1.44279 -0.526686 0.198942 0.447885 0.882749 1.07107 -1.45264 -3.55205
11.9584 2.89174 -42.6925 16.0359 8.56161 -28.5313 14.8256 4.5514 -13.2231 5.29249 -0.441768 -1.54214 -7.68388 -2.49663 7.28886 -15.1737 -9.60984 19.1561 -8.44653 -21.9983 25.9316 4.22116 -29.476 20.2745 12.9288 -29.9975 7.03184 14.9957 -25.6243 -8.10035 8.75415 -17.4828 -20.1786 -4.71367 -9.54745 -22.0741 -16.3787 -7.35601 -11.9343 -19.0031 -9.92564 3.35842 -14.3315 -9.4122 18.484 -9.57825 1.23885 29.2673 -4.19931 16.0603 30.9956 2.40292 28.4851 23.9007 9.18575 32.8517 10.552 12.9074 25.8624 -3.00335 12.1406 11.5573 -9.70428 9.55282 -3.96198 -11.8518 7.21622 -17.9307 -19.0215 6.19238 -22.3333 -34.1868 7.70967 -11.9021 -45.8621 1.89454 1.69185 1.78749 1.82296 1.55932 1.04483 0.28103 -0.667069 -1.45041 -1.74158 -1.50255 -0.923646 -0.229164 0.296155 0.897802 -0.658641 -1.6732 -1.60343 -1.45496 -0.522797 0.212821 0.433803 0.837983 1.05329 -1.38606 -3.37275
11.8187 3.06975 -42.7676 15.3759 8.38785 -28.3324 13.9824 3.97767 -13.1504 4.18455 -1.03791 -1.70059 -9.00843 -2.54831 6.91663 -16.2311 -9.31883 19.1443 -8.92225 -21.3238 26.0071 3.7725 -28.6863 20.2603 12.4335 -29.3838 6.99522 14.4952 -25.2045 -8.19232 8.26319 -17.4145 -20.505 -5.39594 -9.9518 -22.8887 -17.3235 -7.73697 -13.0642 -19.9499 -9.9382 2.28558 -15.2676 -9.22229 17.3997 -11.2284 1.3979 28.4998 -7.01987 16.5011 30.9032 -0.859652 29.3465 24.1689 6.26848 33.2536 10.8577 10.8618 25.492 -1.99182 11.3965 11.0949 -8.51628 10.0159 -4.41148 -11.6483 8.3842 -18.167 -19.4018 7.47625 -22.3961 -34.6237 8.33223 -11.8495 -46.2624 1.90066 1.71327 1.81185 1.84361 1.55268 1.01259 0.234179 -0.713049 -1.48979 -1.77255 -1.50701 -0.899723 -0.199108 0.317557 0.894954 -0.721655 -1.75311 -1.66951 -1.48482 -0.485354 0.286059 0.474046 0.855683 1.09946 -1.29984 -3.25829
10.5347 4.31457 -42.0117 13.402 10.12 -27.6107 12.4183 5.66531 -12.4097 2.64329 -0.00317259 -1.24866 -10.502 -2.03754 7.33355 -16.4726 -8.89682 20.172 -8.0473 -20.1612 27.0104 4.583 -27.1848 20.7228 12.6328 -28.2908 7.10511 14.5238 -24.7981 -8.27686 8.56962 -17.2765 -20.8903 -4.90586 -9.48972 -23.2823 -16.5675 -7.01159 -13.2049 -19.2019 -9.22027 2.14243 -15.2389 -8.38114 17.4546 -11.7982 2.28943 28.7068 -7.82136 17.5469 30.4353 -1.95008 29.9671 22.7172 4.81652 33.2881 9.06265 9.23661 25.1156 -3.59136 9.85143 10.4627 -9.51117 9.19542 -5.22591 -11.8772 8.70399 -19.0001 -19.7525 8.61744 -22.2418 -35.2413 8.75497 -10.7782 -46.0113 2.02281 1.83152 1.92236 1.94491 1.60633 1.01708 0.21136 -0.727062 -1.47668 -1.73787 -1.46416 -0.86984 -0.181621 0.337927 0.885161 -0.72726 -1.7818 -1.73451 -1.55998 -0.555636 0.215219 0.390226 0.743898 1.00044 -1.30917 -3.2836
10.6872 5.01917 -40.9918 12.8639 10.5878 -26.3779 11.5349 6.61875 -11.0687 1.65994 1.41186 0.228528 -11.2603 -1.1487 9.0094 -17.0398 -8.92573 21.4043 -8.47661 -20.4368 27.6333 4.28818 -27.1687 21.2986 12.747 -28.0588 7.91519 15.1392 -24.653 -7.4163 9.46408 -17.3664 -20.2935 -3.76362 -9.35054 -23.2459 -15.6845 -6.71688 -13.5172 -18.9415 -9.02974 1.69469 -15.8456 -8.79901 17.2265 -13.0898 1.04972 29.3805 -9.46213 16.2684 31.9927 -3.32243 28.721 24.5403 3.89358 31.8071 11.0619 8.62512 23.6778 -1.50701 9.05584 9.24299 -7.95536 8.47526 -6.3491 -10.9063 8.565 -19.5566 -19.7122 8.68809 -21.8458 -35.3699 9.08713 -9.91527 -45.6133 1.9625 1.81158 1.91062 1.93928 1.63506 1.07457 0.274194 -0.677855 -1.4499 -1.71875 -1.44816 -0.850267 -0.156373 0.351553 0.837902 -0.787839 -1.81342 -1.74382 -1.54796 -0.536104 0.234481 0.405034 0.726655 0.948537 -1.37146 -3.25135
11.7869 5.33756 -40.6021 13.1549 10.8998 -25.888 10.6971 7.81279 -10.5152 1.51655 3.68832 1.77171 -10.7691 0.483868 11.2266 -17.3665 -9.12593 21.7934 -10.1588 -22.1053 26.7155 2.73244 -28.9348 20.7517 12.4804 -29.0254 8.24429 16.1014 -24.84 -6.647 10.6551 -17.2712 -19.4601 -3.05486 -10.0425 -22.2399 -15.224 -7.98671 -12.6807 -18.8446 -10.0081 2.49042 -16.2285 -9.29765 18.0956 -14.0459 0.91115 30.0676 -10.8858 16.3252 32.0702 -5.22221 28.5937 23.9642 1.61182 31.5905 10.2683 6.65954 23.5165 -2.21294 8.55232 8.91903 -7.99749 8.76762 -6.69387 -10.8868 9.18224 -19.7155 -19.9562 10.0491 -21.6593 -35.637 10.6127 -9.51067 -45.6128 1.72321 1.6322 1.73756 1.78756 1.60799 1.17689 0.444022 -0.524999 -1.36073 -1.67215 -1.38389 -0.755995 -0.044146 0.457839 0.921431 -0.733 -1.80271 -1.77272 -1.58201 -0.548503 0.234132 0.396287 0.671246 0.86741 -1.44843 -3.04314
12.9643 4.63384 -41.1401 14.4138 9.72613 -26.2645 12.0321 6.85869 -10.8374 2.95724 3.8958 1.8562 -9.32144 1.41849 11.5358 -16.7406 -8.3635 21.3743 -10.5015 -22.038 25.7013 1.9591 -29.5926 19.6969 11.7438 -29.7319 7.21885 15.6331 -25.068 -7.46107 10.9415 -16.6931 -20.0696 -2.14634 -8.38981 -22.8456 -14.1245 -5.9586 -13.1346 -17.6557 -8.62175 1.95844 -15.4733 -9.02018 17.6414 -14.8942 0.500644 30.343 -13.1954 16.0142 33.178 -7.80963 28.6029 25.3794 -0.388745 31.346 11.938 5.61551 23.3455 -0.161322 8.48308 9.27331 -6.78586 9.53344 -6.03382 -10.8785 10.2899 -19.0476 -19.9373 10.941 -21.8367 -35.5006 11.4946 -10.2111 -46.0819 1.62953 1.55165 1.66533 1.72963 1.60436 1.23685 0.558807 -0.38117 -1.2156 -1.56337 -1.33613 -0.744815 -0.0399626 0.466606 0.898275 -0.827127 -1.90673 -1.85171 -1.61207 -0.529147 0.261186 0.382777 0.658235 0.877322 -1.44997 -2.97685
12.9856 4.0326 -41.2234 14.0351 8.84366 -26.2212 11.6439 5.62841 -10.8643 2.57091 2.56894 1.80759 -9.63567 0.406006 11.6522 -16.2964 -8.92814 22.4241 -9.20824 -22.033 27.184 3.1945 -29.3418 20.7697 12.3266 -29.8649 7.8162 15.8013 -25.5108 -7.06151 11.3239 -16.7013 -19.4499 -1.18928 -7.39211 -21.6181 -12.6053 -4.50894 -11.3686 -15.9592 -7.61082 3.68096 -14.6703 -8.30171 19.4523 -15.6462 1.20538 32.1398 -15.0578 16.8969 34.3805 -10.2356 29.0834 25.6321 -3.03412 30.9594 11.925 3.26768 22.6779 0.170821 7.21425 8.92073 -6.55974 9.56219 -6.09502 -11.1616 11.2343 -19.0832 -20.1341 12.2029 -22.2991 -35.5982 12.2929 -10.8094 -46.3408 1.77425 1.70554 1.82072 1.87926 1.70878 1.29639 0.597238 -0.328088 -1.12597 -1.45999 -1.27142 -0.729645 -0.04101 0.479647 0.884719 -0.892676 -2.0178 -1.99546 -1.74288 -0.618379 0.183495 0.263959 0.520172 0.770618 -1.51482 -3.15132
13.0015 4.47157 -40.3006 13.5785 8.86549 -25.1456 11.0168 5.06566 -9.9506 1.58236 1.37719 2.28221 -10.9475 -1.00223 11.6595 -17.2215 -10.1893 22.7842 -9.35101 -22.6879 27.9297 3.59541 -29.0772 21.6085 13.0533 -29.0203 8.88026 17.0201 -24.7336 -5.8936 12.8354 -16.3296 -18.6601 0.162804 -7.35536 -21.2695 -11.4737 -4.79112 -11.1846 -15.2521 -7.87143 3.76846 -15.2356 -8.57906 19.5916 -17.7275 0.344664 32.4939 -17.7324 15.9434 35.3694 -12.9285 28.2928 26.8421 -5.69419 30.3602 13.1799 0.896544 22.5643 1.25328 5.61984 9.26649 -5.8876 9.09317 -5.46993 -10.6768 11.8946 -18.374 -19.4876 13.2707 -21.7599 -34.8844 13.0255 -10.3017 -45.658 1.9158 1.85689 1.97269 2.03099 1.83075 1.37925 0.637327 -0.321234 -1.1444 -1.48238 -1.26315 -0.688003 0.0175687 0.532969 0.866399 -0.971703 -2.08986 -2.06086 -1.79746 -0.658337 0.1373 0.173206 0.40289 0.667347 -1.58621 -3.33201
13.0349 6.04033 -39.0723 12.666 9.95756 -23.7808 9.86902 5.61882 -8.77286 0.38351 1.05966 3.12222 -12.105 -2.0656 12.3342 -17.8161 -11.6939 23.3887 -9.75026 -24.2415 28.0935 3.32022 -30.239 21.6452 13.0614 -29.592 9.14908 17.5234 -24.6205 -5.26461 14.1218 -15.2769 -17.6037 2.36939 -5.12223 -20.1934 -9.52519 -2.14427 -10.5321 -14.3876 -6.06468 3.90218 -15.3289 -8.29953 19.5544 -18.0053 -0.119006 32.9047 -17.933 15.4979 35.6789 -13.6736 27.7187 26.6895 -7.27273 30.0758 12.6631 -1.11747 22.5928 0.311054 3.68284 9.23774 -6.6697 7.87876 -5.48193 -10.899 12.1122 -18.0253 -19.6588 14.5996 -20.5105 -35.0878 14.2559 -8.40842 -45.1299 2.03177 1.99737 2.10963 2.16198 1.95881 1.52102 0.786235 -0.178395 -1.02236 -1.40418 -1.26023 -0.72104 0.00424583 0.525849 0.845661 -0.960376 -2.08752 -2.09792 -1.85855 -0.725482 0.069764 0.0766732 0.248723 0.486139 -1.72962 -3.51797
13.7629 7.49745 -38.6309 11.4425 10.7532 -23.3556 8.0209 6.68617 -8.40081 -0.677958 2.19266 4.10527 -12.0193 -2.13624 14.2658 -16.8682 -12.8391 24.7284 -8.80876 -25.7169 28.4493 3.93388 -31.7436 21.4001 13.3398 -30.6643 8.67893 17.7329 -24.9899 -5.49434 14.5959 -15.0771 -17.4535 2.68226 -5.04054 -19.7499 -9.1883 -2.57053 -9.91742 -13.6541 -6.85423 4.54169 -14.4476 -9.03442 20.2098 -17.9385 -0.845272 33.3651 -19.0725 14.825 35.5431 -15.4763 26.8663 26.0365 -9.18141 28.9056 11.9127 -2.7447 21.3898 -0.274973 2.64272 8.31311 -7.35378 7.6401 -6.00503 -12.0634 13.1212 -17.7511 -21.2276 17.3652 -19.0122 -36.4204 16.9861 -6.22654 -45.5749 1.98078 2.01339 2.12014 2.16337 1.99224 1.59562 0.898395 -0.0440363 -0.88698 -1.29726 -1.16852 -0.619037 0.118868 0.650963 0.96465 -0.892016 -2.08262 -2.1183 -1.86841 -0.713104 0.0905965 0.0656651 0.135136 0.321553 -1.83702 -3.44503
13.7181 9.54551 -37.9423 10.1272 12.1314 -22.7852 6.00525 7.91974 -8.04865 -2.52981 3.25122 4.50606 -13.2068 -1.77459 15.0579 -17.0698 -12.8707 25.5212 -8.44852 -25.4783 28.8914 4.41882 -31.0854 21.7233 14.0843 -29.7625 9.22176 19.0308 -24.0233 -4.7415 16.3148 -14.1514 -16.8366 4.36596 -4.265 -19.5619 -7.90977 -1.91645 -10.2088 -13.0544 -6.10163 4.05224 -14.5489 -8.41876 19.6493 -18.6332 -0.789676 32.9695 -20.4688 14.764 35.4794 -17.3066 27.1444 26.2584 -10.9908 29.7033 12.2288 -4.11229 22.5942 0.0384708 2.02806 9.91649 -7.15225 7.94083 -3.98282 -12.0525 14.3313 -15.3927 -21.051 19.1306 -16.5225 -36.088 18.2702 -3.67282 -45.1193 2.06717 2.14325 2.24906 2.2803 2.10016 1.69438 0.986967 0.0358216 -0.822984 -1.24803 -1.1109 -0.535798 0.222967 0.750747 1.02681 -0.862099 -2.07289 -2.10551 -1.83975 -0.666249 0.13789 0.0788328 0.11095 0.303827 -1.80051 -3.42009
12.4972 10.55 -36.5633 8.53977 12.831 -21.4487 4.13383 8.59019 -6.8031 -4.40701 3.94947 5.75777 -14.678 -1.60368 16.4471 -17.7424 -13.4846 26.2948 -8.98921 -26.2551 28.516 3.85179 -31.6101 21.1119 13.9977 -29.954 9.03795 19.3652 -23.8601 -4.61602 16.5179 -13.7167 -16.4535 4.53753 -3.77314 -18.8068 -7.66892 -1.47567 -9.35095 -13.0377 -5.52767 4.86581 -15.4001 -7.62787 20.3861 -20.7946 -0.199859 33.349 -23.6125 15.2138 35.8119 -20.4343 27.624 26.6367 -13.5114 30.0505 12.8725 -6.08222 22.9617 0.997725 0.33833 10.3646 -6.08924 6.62639 -3.41363 -10.8623 13.454 -14.5576 -19.8728 18.2775 -15.4377 -34.9187 17.2931 -2.52387 -43.8453 2.14802 2.24103 2.35037 2.38069 2.21926 1.85007 1.17147 0.223853 -0.655668 -1.09289 -0.963255 -0.394279 0.366337 0.892967 1.12883 -0.830587 -2.06163 -2.07133 -1.77368 -0.585643 0.220312 0.151139 0.176171 0.369419 -1.72415 -3.40749
10.8999 11.6464 -35.2121 6.67108 14.8247 -20.3347 2.47562 10.6833 -5.59854 -5.97051 4.50382 6.34928 -15.2481 -2.89611 16.8265 -16.8055 -15.2237 26.4773 -7.44794 -27.6236 28.2989 4.99012 -33.1731 20.3687 14.3883 -31.9801 7.65203 19.1288 -25.7161 -6.15624 16.335 -14.794 -17.2929 4.87961 -4.09184 -18.7696 -6.96296 -1.44485 -8.94939 -12.4404 -5.72044 5.15992 -15.3174 -8.18875 20.5384 -21.4678 -1.06335 33.3333 -25.0718 14.1852 35.7987 -22.0326 27.0157 27.1708 -14.3519 30.1492 13.9626 -5.9087 23.5256 2.50414 0.959864 11.1238 -4.50692 7.51646 -2.68163 -8.81766 13.8103 -14.0406 -17.9476 17.9651 -14.4753 -33.2108 16.192 -1.5232 -41.9585 2.41261 2.4942 2.59571 2.60764 2.42519 2.03386 1.34652 0.420684 -0.423839 -0.868307 -0.802989 -0.29427 0.449286 0.975492 1.18888 -0.815089 -2.06539 -2.03073 -1.67997 -0.471685 0.332713 0.28261 0.345009 0.572335 -1.48129 -3.40149
11.9878 13.2264 -33.8751 6.84087 16.4053 -19.29 1.61248 12.8113 -4.74202 -6.81221 6.43426 7.11652 -15.2082 -2.40953 17.2108 -15.8302 -15.5631 25.8206 -6.34755 -27.9421 27.0353 6.34222 -33.3343 19.401 16.3163 -32.1992 7.1255 21.4261 -26.1019 -6.62544 18.4036 -15.2164 -17.7381 6.949 -4.46008 -18.7555 -4.55648 -1.37248 -8.66677 -10.5274 -4.63402 5.51323 -15.1796 -6.5514 20.5317 -22.9481 -0.3459 32.9195 -27.4926 14.5642 35.8561 -24.0876 27.2688 27.1787 -15.6974 29.5101 14.2231 -6.87481 22.3963 3.35961 0.464681 10.1317 -3.41153 7.6476 -3.22057 -8.13238 14.7165 -13.6496 -17.7895 19.3425 -13.0076 -32.9093 17.6811 0.404909 -40.9571 2.69264 2.81159 2.92094 2.93836 2.77715 2.40597 1.72501 0.785027 -0.076014 -0.51472 -0.446203 0.0380655 0.758381 1.26656 1.40291 -0.676993 -1.91605 -1.85358 -1.47729 -0.247466 0.565345 0.497078 0.514589 0.701834 -1.35418 -3.51482
11.9418 14.808 -32.8461 6.37657 18.4949 -18.5369 1.02138 15.0963 -3.98813 -6.64138 7.98579 7.9696 -14.0782 -2.17194 17.5671 -14.0494 -16.0583 24.963 -4.95981 -28.7845 25.2117 7.3436 -34.7959 17.4094 17.5189 -33.8525 5.28373 22.9459 -27.2254 -8.09554 20.3088 -15.5933 -18.5292 9.37876 -4.27201 -19.0806 -2.05974 -0.709548 -9.07253 -8.54185 -3.81392 4.91689 -13.6002 -6.22609 19.7313 -22.0426 -0.848333 32.0649 -27.6429 13.5964 35.4667 -24.9258 26.8858 27.4476 -16.4864 29.6743 14.6309 -7.48691 22.5067 3.94944 0.389118 10.3433 -2.38744 8.0049 -2.73871 -7.18569 15.5722 -12.7324 -16.9251 20.2772 -11.4431 -31.9789 18.1677 2.10444 -39.6884 3.12543 3.2497 3.35097 3.36877 3.23256 2.89905 2.25743 1.34384 0.480707 0.00890895 0.0240937 0.474011 1.19252 1.70043 1.81412 -0.307875 -1.56665 -1.48511 -1.09655 0.147918 0.96467 0.881215 0.881297 1.06883 -0.960746 -3.52324
11.7355 16.5181 -32.7445 5.11411 20.2123 -18.8941 -0.736465 17.5915 -4.37524 -7.60585 10.5197 8.07736 -13.3015 -0.639395 17.7538 -12.5499 -15.0188 24.0943 -4.39449 -28.3585 23.6626 7.3409 -35.682 16.1103 17.9887 -35.6367 4.35951 24.164 -29.0519 -8.71264 22.2765 -17.0028 -18.8309 11.9841 -5.09239 -19.2204 0.773954 -0.697671 -9.28497 -6.21525 -2.89801 4.63161 -12.2215 -5.03328 19.1313 -21.4632 -0.473033 31.2189 -27.8568 13.5242 35.0642 -25.2761 27.0036 27.322 -16.7778 29.7053 14.5257 -8.08362 22.3479 3.72119 -0.432581 10.1552 -2.83117 7.57481 -2.59287 -7.88407 15.7513 -11.7946 -17.9073 20.9381 -9.56573 -32.6906 18.7166 4.31013 -39.758 3.75335 3.9103 4.00654 4.01237 3.88662 3.58364 2.98875 2.10868 1.24652 0.748269 0.721317 1.13455 1.83524 2.335 2.41136 0.24481 -1.0136 -0.920859 -0.539705 0.699789 1.51981 1.42067 1.37778 1.53467 -0.478763 -3.61707
10.8834 17.7477 -32.7622 4.3839 22.4153 -19.15 -1.69248 20.6508 -4.59463 -8.16945 13.3783 7.95232 -12.714 1.08619 16.8321 -11.8128 -13.9236 21.4616 -4.35259 -27.6459 20.6309 7.49464 -35.6756 14.031 19.1481 -36.1008 3.28509 26.078 -29.3999 -9.34224 24.2952 -17.0322 -19.0882 14.149 -4.99289 -19.3191 2.68977 -0.332321 -9.79758 -5.00852 -2.41406 3.75833 -11.3765 -4.99302 18.0297 -20.899 -0.979344 30.0931 -27.8611 12.6863 34.1385 -25.8622 26.4538 26.7388 -17.4284 29.8586 14.0683 -8.40717 22.8098 3.32645 -0.409624 10.521 -2.60285 7.75131 -2.38052 -6.97429 15.5929 -11.4785 -17.3533 19.7675 -8.82472 -32.3848 17.3019 5.03397 -39.4048 4.59505 4.74649 4.83779 4.84441 4.74302 4.47091 3.89423 2.99991 2.10543 1.58269 1.53652 1.94623 2.65984 3.1611 3.22327 1.03514 -0.242593 -0.144258 0.251696 1.49984 2.31778 2.23208 2.22874 2.40453 0.381479 -3.61553
9.4519 19.0045 -33.4803 2.53653 24.1307 -20.2432 -3.25291 22.1584 -5.59788 -8.84297 14.3523 7.05441 -12.627 2.00499 16.2098 -10.7538 -12.7469 21.3485 -2.65069 -26.1107 20.7222 9.0337 -34.4417 14.2062 20.7261 -35.7891 3.57946 28.1772 -29.6465 -9.03486 26.6914 -17.2837 -18.8364 16.4299 -5.34285 -19.0794 4.77755 -0.686038 -9.79351 -3.46535 -2.37918 3.49354 -10.5482 -4.59912 17.4856 -20.4071 -0.688297 29.3102 -28.0329 12.6683 33.1878 -26.6953 26.2485 25.3084 -18.3921 28.9287 12.3802 -9.05613 21.2035 2.39928 -0.209642 9.12016 -2.68678 8.80845 -3.09628 -7.33381 17.2214 -10.9963 -18.2335 20.8308 -7.11397 -33.1437 16.9349 6.65351 -39.6788 5.67174 5.8191 5.89402 5.8785 5.75044 5.44797 4.84802 3.95672 3.07133 2.54813 2.5052 2.92554 3.65009 4.15338 4.20314 1.98524 0.665907 0.735417 1.13964 2.41664 3.2407 3.13422 3.11961 3.33118 1.37565 -3.65382
10.1833 20.8308 -33.5096 3.25631 26.2221 -20.3845 -2.91919 23.6111 -5.99916 -8.37224 14.9479 6.14484 -12.0479 2.15956 14.7208 -11.0082 -12.7698 19.5758 -3.81588 -26.659 19.67 7.74894 -35.9455 14.3402 19.9913 -38.1049 4.49545 28.4158 -31.9971 -7.50857 28.4408 -19.1254 -16.752 19.2977 -6.32588 -17.4747 7.12208 -0.952454 -9.31525 -2.45675 -2.39295 3.07565 -10.6673 -4.70893 16.4211 -20.5326 -0.940582 28.2866 -28.2868 12.2824 32.3623 -27.2851 25.8362 24.3883 -18.8985 28.3731 11.4851 -8.93385 20.4688 2.28266 0.40012 8.38066 -1.82681 9.44414 -3.79597 -6.52726 17.711 -10.7535 -18.1565 20.9593 -5.84398 -32.8453 17.2689 8.03652 -39.2595 6.87769 7.02748 7.10951 7.09764 6.97907 6.68593 6.08611 5.18172 4.27048 3.68545 3.57065 3.9775 4.72613 5.23241 5.26504 3.04311 1.71238 1.77488 2.20172 3.49658 4.32066 4.21874 4.19162 4.37266 2.39808 -3.84998
10.9225 21.424 -33.7998 2.81018 26.4506 -21.2204 -3.75047 24.3203 -6.92662 -9.15692 16.3808 5.7224 -12.5026 3.70991 14.6021 -11.1131 -11.323 19.0312 -3.96785 -25.2356 18.8615 7.60872 -34.8052 14.087 20.5275 -37.4678 5.28506 30.1454 -31.7874 -6.01095 30.8349 -18.9534 -15.281 21.3264 -6.44378 -16.3016 8.52274 -1.53138 -8.84299 -1.69799 -2.89312 3.0332 -10.2598 -5.3127 16.1373 -20.5065 -2.15345 27.8565 -28.698 10.7398 32.1286 -27.7459 24.3117 24.1795 -19.126 26.6635 11.3955 -9.03709 18.7722 2.31818 0.85781 7.20088 -1.96338 10.7523 -4.10632 -7.10207 19.4826 -10.2149 -18.8688 23.0864 -4.71389 -33.2621 19.0861 9.21232 -39.3847 8.22921 8.41297 8.4965 8.48122 8.3661 8.08091 7.48498 6.56803 5.62324 5.01044 4.90919 5.35925 6.14081 6.65308 6.67284 4.42957 3.0989 3.17382 3.61102 4.91854 5.73976 5.61009 5.54671 5.71627 3.77739 -3.76132
13.7371 22.708 -33.4719 4.31128 27.5104 -21.7497 -3.67386 25.3472 -8.20522 -9.31657 17.4408 4.36119 -12.3187 4.86552 13.4962 -10.7686 -9.92067 18.6445 -3.79848 -23.9044 19.3663 7.23879 -34.3418 15.1672 19.7473 -38.4303 6.3195 29.4291 -33.5793 -5.30389 30.7762 -20.6598 -14.3808 22.2553 -7.44242 -15.1816 9.65638 -1.79773 -7.89456 -0.881439 -2.81278 3.73671 -10.1757 -5.13369 16.3505 -21.0293 -2.37466 27.6157 -29.9288 10.0647 31.8167 -29.2635 23.7615 24.0549 -20.1604 26.4147 11.6711 -9.54563 18.7701 2.99104 0.613658 7.40097 -1.21199 10.3827 -3.84035 -6.72166 19.3343 -9.63827 -18.4793 24.4566 -3.89628 -32.3072 22.002 10.338 -38.5354 9.7803 10.013 10.1132 10.0906 9.95582 9.64664 9.03661 8.13306 7.2182 6.60381 6.45306 6.86305 7.63519 8.14567 8.14299 5.85369 4.49686 4.59579 5.06427 6.37935 7.1969 7.05874 6.92943 7.00637 5.03381 -4.02066
14.4699 23.4665 -33.8522 4.48896 28.423 -22.666 -3.91572 26.3274 -9.36699 -9.82096 18.6398 3.21438 -12.8919 6.38218 12.7494 -11.6545 -8.42306 17.9272 -4.80602 -22.4565 18.8254 6.42379 -32.9247 15.2619 19.3254 -37.2247 7.10625 29.3188 -32.574 -4.33375 30.3646 -19.6914 -13.5023 21.3582 -6.78864 -14.0914 8.66395 -1.49512 -6.7068 -1.99133 -2.46805 4.82058 -11.7581 -4.80681 17.0687 -23.1562 -2.439 27.876 -32.7737 9.58229 31.6942 -32.2032 23.0814 23.5862 -22.4745 25.3165 11.6021 -11.0552 17.7921 3.89211 -0.509146 6.82909 -0.435613 9.88339 -3.62597 -6.33879 19.4684 -8.78843 -17.8916 25.248 -3.05073 -31.4597 23.0534 11.0204 -38.1392 11.1662 11.418 11.5272 11.5058 11.375 11.0723 10.4593 9.53987 8.61121 8.00378 7.8741 8.29728 9.07556 9.58856 9.57096 7.2378 5.84877 5.9635 6.47403 7.80361 8.61643 8.44821 8.27844 8.34084 6.38926 -4.02186
13.7161 24.7047 -34.3308 4.00323 30.1336 -23.128 -3.98609 27.4464 -9.68021 -10.0437 19.0812 2.38603 -13.8452 6.673 11.4515 -12.7257 -7.96752 17.103 -5.50212 -21.736 18.805 5.92512 -32.1915 15.8907 18.9268 -37.0122 8.19811 29.1435 -33.2046 -3.3558 30.0479 -20.9326 -13.3408 20.6017 -8.3792 -14.4021 8.14942 -2.9728 -6.69433 -2.88559 -3.48293 4.50089 -13.0178 -4.86027 16.5972 -24.5427 -2.13351 27.1832 -34.4321 9.73042 30.7934 -33.7009 23.052 22.4095 -23.243 24.5763 10.9391 -11.5371 16.4921 4.29983 -0.656492 5.62621 0.600696 9.81173 -4.49436 -5.7358 19.6581 -8.50455 -17.5239 24.7835 -1.97715 -30.9977 22.1554 11.928 -37.8657 12.9924 13.231 13.3434 13.3325 13.1999 12.8748 12.2315 11.2912 10.3596 9.78025 9.69452 10.1233 10.8902 11.3979 11.379 9.02915 7.62921 7.77093 8.30958 9.65084 10.4617 10.2848 10.109 10.1878 8.25309 -3.99051
13.2638 25.0867 -32.8257 3.17767 30.3728 -21.8876 -5.36487 28.0166 -8.72081 -11.2737 19.8139 3.52924 -14.1825 7.28998 12.7643 -12.7129 -7.39473 18.2174 -5.92445 -21.3791 19.9507 4.97235 -32.4452 17.2688 17.8158 -37.7217 9.6096 28.0734 -33.8894 -1.89977 29.3961 -21.5759 -11.7865 20.5785 -8.62636 -13.3696 8.05039 -2.53112 -6.32749 -2.97005 -2.7489 4.8915 -12.7351 -4.11204 17.2876 -24.2835 -1.43785 27.8614 -34.8176 10.0149 30.9361 -34.8102 23.0026 22.0138 -24.2346 24.4704 10.6443 -11.9933 16.5509 4.8226 -0.8125 5.86822 1.50518 9.75531 -4.21036 -4.73198 19.4449 -8.27211 -16.6316 24.4134 -1.62198 -30.1041 21.7542 12.4294 -36.6552 14.9079 15.1651 15.2817 15.2626 15.1248 14.8041 14.1741 13.251 12.3294 11.7424 11.6407 12.0696 12.839 13.348 13.3349 10.9595 9.49249 9.61212 10.178 11.5321 12.3405 12.1661 11.9989 12.0755 10.1348 -4.01341
13.4644 26.2929 -32.6718 2.81295 30.4388 -21.778 -6.0192 27.2264 -8.98866 -11.808 18.844 3.19694 -14.0841 6.55767 12.9162 -12.0558 -7.8851 18.818 -5.10743 -21.7617 20.7697 5.63739 -32.9749 18.0857 18.2634 -38.4579 10.2131 28.3107 -34.639 -1.48471 29.5444 -22.3487 -11.4118 20.7053 -9.47742 -13.4477 7.85925 -3.34631 -7.03789 -2.86861 -3.33845 4.4632 -12.0598 -4.12684 17.3387 -23.3654 -0.567274 27.9138 -33.8278 11.1041 30.3441 -34.3148 23.6519 20.8254 -24.2489 24.7352 8.96095 -12.4103 16.0951 3.33477 -1.7468 4.80112 0.356127 8.90395 -4.99457 -6.18331 18.8802 -7.8407 -18.1985 24.6653 -0.275836 -30.8368 22.4648 14.1002 -36.8299 16.9204 17.2032 17.3262 17.294 17.1366 16.8008 16.1667 15.252 14.344 13.7652 13.6734 14.1253 14.8976 15.4015 15.4057 13.0361 11.5173 11.5735 12.1113 13.4564 14.2663 14.0772 13.8534 13.8671 11.9149 -4.21943
