# num_vectors 8
# vector_size 401
# Iterations: 500000, stepsize: 0.026472, max step size: 1.000000, spring constant: 1.000000, global NEB Hessian: false, global NEB Linesearch: true, climbing image: true
2.90635 -19.845 -21.0844 -0.902606 -20.8477 -20.8228 -4.78448 -21.366 -20.3285 -8.67052 -21.3443 -19.6355 -12.4767 -20.7363 -18.784 -16.0871 -19.5186 -17.8259 -19.4084 -17.6813 -16.8116 -22.3207 -15.2451 -15.8022 -24.7028 -12.265 -14.8639 -26.4445 -8.83107 -14.0641 -27.4565 -5.07764 -13.4702 -27.7271 -1.16948 -13.1263 -27.2768 2.73574 -13.0178 -26.1397 6.52394 -13.1104 -24.3821 10.0594 -13.3614 -22.0822 13.2582 -13.7222 -19.3232 16.0624 -14.1428 -16.1776 18.4434 -14.5748 -12.7326 20.3741 -14.9678 -9.06169 21.8509 -15.2747 -5.23275 22.8799 -15.4503 -1.30751 23.4743 -15.4508 2.65261 23.6516 -15.2345 6.58823 23.4334 -14.7611 10.4384 22.8446 -13.993 14.1242 21.9186 -12.9009 17.592 20.6874 -11.4542 20.7663 19.1913 -9.6322 23.5657 17.4794 -7.42601 25.8887 15.6254 -4.86246 27.6728 13.6873 -1.95283 28.8384 11.7464 1.25339 29.3189 9.8946 4.68053 29.0738 8.24035 8.20324 28.0956 6.86851 11.72 26.4131 5.86958 15.093 24.1265 5.29583 18.1992 21.3142 5.13596 20.9535 18.1093 5.35818 23.234 14.6229 5.90821 24.9841 10.9571 6.72291 26.1755 7.17675 7.74235 26.8047 3.3822 8.89265 26.8739 -0.364213 10.1062 26.4067 -4.01291 11.3181 25.4346 -7.52945 12.4678 23.9915 -10.8769 13.4941 22.1175 -14.0286 14.3395 19.8542 -16.9605 14.9485 17.2458 -19.6417 15.2668 14.3493 -22.0568 15.2453 11.2115 -24.1798 14.8363 7.89414 -25.9827 13.998 4.46979 -27.4271 12.708 1.04782 -28.4983 10.9429 -2.29839 -29.1713 8.70193 -5.45834 -29.4275 6.00771 -8.31064 -29.263 2.93565 -10.7121 -28.6902 -0.451861 -12.5637 -27.7379 -4.04367 -13.7567 -26.459 -7.70301 -14.2099 -24.9257 -11.3165 -13.9117 -23.2043 -14.7118 -12.9085 -21.3386 -17.7722 -11.2804 -19.3682 -20.4114 -9.12416 -17.3125 -22.5843 -6.52653 -15.209 -24.2399 -3.60611 -13.0744 -25.3662 -0.464504 -10.9178 -25.9665 2.80408 -8.73651 -26.0549 6.12171 -6.53331 -25.651 9.40122 -4.30204 -24.7817 12.5695 -2.03453 -23.4776 15.5579 0.273517 -21.7761 18.2952 2.63334 -19.7129 20.722 5.04893 -17.3314 22.7734 7.51925 -14.6824 24.3844 10.0207 -11.8447 25.4858 12.5515 -8.87455 26.0299 15.0843 -5.85741 25.9653 17.5806 -2.89338 25.2539 19.9721 -0.116209 23.891 22.2187 2.37647 21.8838 24.2541 4.46116 19.276 26.0103 6.02041 16.1496 27.4338 6.95895 12.6053 28.4865 7.2311 8.82548 29.1326 6.86756 4.96287 29.3467 5.92852 1.1495 29.1195 4.48234 -2.52718 28.4561 2.62363 -5.95736 27.3742 0.446185 -9.07972 25.8971 -1.9577 -11.8547 24.0442 -4.50875 -14.2681 21.8465 -7.11601 -16.3023 19.3302 -9.70183 -17.9599 16.5208 -12.1932 -19.2505 13.4461 -14.5189 -20.1884 10.131 -16.6135 -20.7926 6.6057 -18.4107 -21.0836 -3.87692 -3.87512 -3.87845 -3.878 -3.87697 -3.87919 -3.88747 -3.89363 -3.90074 -3.91138 -3.92583 -3.93883 -3.95035 -3.95857 -3.96009 -3.96372 -3.96738 -3.96836 -3.96427 -3.96454 -3.96659 -3.96725 -3.96372 -3.96508 -3.96841 -3.97014 -3.9671 -3.96808 -3.96992 -3.9687 -3.9613 -3.95614 -3.94955 -3.93956 -3.92373 -3.91084 -3.90012 -3.89135 -3.8896 -3.88541 -3.88115 -3.87974 -3.88341 -3.88309 -3.88125 -3.88089 -3.88477 -3.88368 -3.88051 -3.87873 -3.88139 -3.87966 -3.87664 -3.87627 -3.88177 -3.88445 -3.88741 -3.89432 -3.90735 -3.91801 -3.92913 -3.94025 -3.94775 -3.95565 -3.96254 -3.96606 -3.96361 -3.96472 -3.967 -3.96747 -3.96355 -3.9645 -3.96754 -3.96931 -3.96682 -3.96899 -3.97272 -3.97419 -3.97015 -3.96915 -3.96823 -3.96324 -3.95165 -3.94386 -3.93066 -3.9221 -3.90916 -3.89895 -3.88982 -3.88398 -3.88461 -3.88227 -3.87931 -3.87859 -3.88257 -3.88192 -3.87931 -3.87801 -3.88091 -3.879 -2.64455e-05
1.93997 -22.0244 -21.1963 -1.90244 -22.9066 -20.9975 -5.81145 -23.2446 -20.5647 -9.6978 -22.9792 -19.9262 -13.4532 -22.0716 -19.1168 -16.9399 -20.5196 -18.1842 -20.0511 -18.3439 -17.1733 -22.6684 -15.6034 -16.1366 -24.6916 -12.3906 -15.1268 -26.0495 -8.82042 -14.1913 -26.7012 -5.02988 -13.3716 -26.643 -1.15612 -12.6966 -25.902 2.67163 -12.1823 -24.52 6.36189 -11.8304 -22.5682 9.79762 -11.6355 -20.1237 12.9078 -11.5783 -17.2648 15.6422 -11.6309 -14.0566 17.9748 -11.7596 -10.5777 19.8774 -11.9244 -6.89202 21.3411 -12.0814 -3.05858 22.3633 -12.183 0.868374 22.9463 -12.1789 4.83225 23.095 -12.0164 8.77477 22.8178 -11.6414 12.6313 22.1273 -11.0003 16.3138 21.0479 -10.0467 19.7539 19.6058 -8.7351 22.8567 17.8419 -7.03349 25.5184 15.8134 -4.92756 27.6185 13.6129 -2.44703 29.0789 11.3186 0.382902 29.8168 9.03787 3.49079 29.7781 6.88675 6.77352 28.9559 4.99165 10.0808 27.3848 3.43797 13.2939 25.1586 2.29812 16.2856 22.3958 1.6111 18.9504 19.1915 1.38333 21.2311 15.7021 1.60163 23.0471 12.0447 2.22106 24.3736 8.3159 3.1818 25.2069 4.5664 4.42449 25.5579 0.87562 5.87034 25.4382 -2.7192 7.44524 24.8693 -6.1941 9.07572 23.8726 -9.5378 10.6912 22.4653 -12.7329 12.2164 20.6665 -15.7659 13.5777 18.4944 -18.619 14.7003 15.9704 -21.26 15.5075 13.1325 -23.6642 15.9302 10.0148 -25.7908 15.9013 6.67475 -27.5929 15.3646 3.18998 -29.0126 14.2908 -0.315952 -30.0187 12.6643 -3.75142 -30.5754 10.5012 -6.98734 -30.6626 7.85061 -9.89016 -30.2848 4.81764 -12.317 -29.4661 1.49047 -14.1855 -28.2495 -2.00684 -15.4182 -26.6945 -5.54334 -15.9721 -24.855 -9.02112 -15.8361 -22.8196 -12.2929 -15.0295 -20.6614 -15.2624 -13.6078 -18.4444 -17.8573 -11.646 -16.2053 -20.0409 -9.21431 -13.9945 -21.7666 -6.41633 -11.8325 -23.0227 -3.34342 -9.72502 -23.8097 -0.0823717 -7.65995 -24.136 3.29425 -5.62467 -24.012 6.70229 -3.59351 -23.4524 10.0688 -1.53592 -22.4733 13.3216 0.576161 -21.095 16.3801 2.77614 -19.3378 19.1707 5.08738 -17.2308 21.6066 7.52222 -14.8155 23.5947 10.0613 -12.1676 25.0316 12.6959 -9.35206 25.8406 15.3808 -6.47068 25.9456 18.0492 -3.64543 25.2972 20.5978 -1.0305 23.8987 22.9557 1.26286 21.7845 25.0338 3.11498 19.0385 26.7564 4.4332 15.7851 28.0769 5.16372 12.1531 28.958 5.28024 8.32177 29.392 4.80305 4.44193 29.3751 3.7827 0.643524 28.917 2.27988 -2.98863 28.0417 0.384018 -6.35028 26.7804 -1.81602 -9.38832 25.164 -4.23259 -12.0732 23.2137 -6.79079 -14.4008 20.9575 -9.4032 -16.3631 18.4137 -11.9942 -17.9698 15.5968 -14.4901 -19.235 12.5224 -16.816 -20.1737 9.20456 -18.8989 -20.8028 5.6657 -20.6614 -21.1382 1.33983 1.33542 1.33044 1.3255 1.32136 1.31893 1.31916 1.32298 1.33116 1.34425 1.362 1.38279 1.40451 1.42524 1.44359 1.45882 1.4707 1.47929 1.48487 1.48781 1.48849 1.48721 1.48418 1.47946 1.47303 1.46476 1.45439 1.44169 1.42648 1.40868 1.38824 1.36539 1.3406 1.31446 1.28794 1.26251 1.24019 1.22295 1.21196 1.20733 1.20852 1.21458 1.22436 1.23666 1.25039 1.26462 1.27857 1.29168 1.30356 1.31403 1.32313 1.33104 1.33806 1.3447 1.35152 1.35914 1.36809 1.37883 1.39172 1.40693 1.42413 1.44222 1.45921 1.47344 1.48398 1.49045 1.49298 1.49209 1.48854 1.48316 1.47685 1.47046 1.46478 1.46048 1.45814 1.45819 1.46086 1.46616 1.47384 1.48336 1.49385 1.5042 1.51326 1.51981 1.52283 1.52164 1.51744 1.5119 1.50615 1.50103 1.49707 1.49445 1.49307 1.49269 1.49293 1.49335 1.49353 1.49309 1.49175 1.48934 0.145991
2.71748 -25.172 -20.3056 -1.18165 -25.7487 -20.091 -5.10163 -25.7652 -19.6269 -8.94397 -25.1792 -18.9379 -12.597 -23.9715 -18.0555 -15.9281 -22.1618 -17.0239 -18.8423 -19.7863 -15.8836 -21.2399 -16.9152 -14.6823 -23.0432 -13.6429 -13.4674 -24.2027 -10.0771 -12.2817 -24.6953 -6.33916 -11.1638 -24.5278 -2.54534 -10.142 -23.7296 1.19708 -9.23516 -22.337 4.81552 -8.4479 -20.4114 8.20755 -7.7863 -18.0162 11.3092 -7.24289 -15.2166 14.0699 -6.8039 -12.0662 16.4574 -6.44948 -8.63583 18.4317 -6.15773 -4.98563 19.9683 -5.90151 -1.17473 21.0474 -5.65023 2.7388 21.6529 -5.3699 6.69188 21.7712 -5.02334 10.6178 21.3927 -4.57034 14.442 20.5131 -3.96829 18.0657 19.1427 -3.17722 21.4081 17.2947 -2.15376 24.3601 15.0029 -0.862157 26.8008 12.3257 0.721902 28.5938 9.37535 2.58909 29.6421 6.25661 4.72904 29.852 3.1269 7.08832 29.172 0.169993 9.57817 27.6497 -2.41174 12.0727 25.388 -4.4857 14.4789 22.5331 -5.94701 16.6969 19.2516 -6.74574 18.6463 15.6719 -6.8824 20.2856 11.9767 -6.39231 21.561 8.28483 -5.35261 22.4609 4.67875 -3.8563 22.9887 1.18487 -1.98771 23.1545 -2.15138 0.147781 22.9652 -5.32855 2.45961 22.4287 -8.35677 4.86362 21.547 -11.254 7.28359 20.3139 -14.0275 9.63818 18.7219 -16.6811 11.8485 16.7616 -19.2073 13.8334 14.4272 -21.5782 15.5047 11.7317 -23.766 16.7848 8.68972 -25.7231 17.5944 5.34401 -27.393 17.864 1.7638 -28.7085 17.5468 -1.92794 -29.6288 16.6217 -5.63701 -30.1121 15.0944 -9.22778 -30.1351 13.0037 -12.5577 -29.702 10.4411 -15.4692 -28.8376 7.48813 -17.8701 -27.5861 4.25786 -19.6674 -26.0092 0.87209 -20.7994 -24.1629 -2.57693 -21.2383 -22.1393 -5.94342 -20.9747 -20.0163 -9.12444 -20.0412 -17.8642 -12.0347 -18.4933 -15.728 -14.6232 -16.3883 -13.6653 -16.8224 -13.8185 -11.7031 -18.6013 -10.8724 -9.85059 -19.9437 -7.63802 -8.09603 -20.8458 -4.19124 -6.42114 -21.306 -0.619762 -4.78985 -21.3307 3.00109 -3.15574 -20.9284 6.59842 -1.4687 -20.1111 10.0914 0.330016 -18.8908 13.4066 2.29376 -17.286 16.4534 4.46677 -15.3264 19.1279 6.86052 -13.075 21.3014 9.488 -10.5937 22.8704 12.3158 -7.98509 23.7194 15.2727 -5.38161 23.7569 18.2293 -2.95478 22.9455 21.0789 -0.840089 21.3033 23.6868 0.822367 18.9107 25.9329 1.92738 15.9068 27.7382 2.41809 12.4472 29.0415 2.27789 8.73903 29.8384 1.54112 4.95865 30.1252 0.273944 1.24633 29.9091 -1.45013 -2.3092 29.2132 -3.52936 -5.60367 28.0718 -5.86808 -8.58505 26.5212 -8.37519 -11.2253 24.588 -10.9747 -13.5211 22.3063 -13.5791 -15.4645 19.7014 -16.1134 -17.0638 16.7957 -18.5047 -18.3303 13.6142 -20.679 -19.2754 10.1818 -22.5646 -19.9119 6.5335 -24.0869 -20.2513 -0.175477 -0.184185 -0.192314 -0.198767 -0.202276 -0.201549 -0.19537 -0.182733 -0.162982 -0.135871 -0.102652 -0.0655531 -0.0268823 0.011134 0.0467456 0.0788835 0.106973 0.130706 0.149911 0.164521 0.174409 0.179301 0.178717 0.171913 0.157891 0.135406 0.102935 0.0589515 0.0023686 -0.0672915 -0.149733 -0.242894 -0.341081 -0.437689 -0.526782 -0.601946 -0.65897 -0.696095 -0.713921 -0.714904 -0.702157 -0.678898 -0.648269 -0.612978 -0.575196 -0.536596 -0.498422 -0.461443 -0.42612 -0.392551 -0.360527 -0.329724 -0.299782 -0.270207 -0.240461 -0.210216 -0.179502 -0.148494 -0.117534 -0.0873499 -0.0593328 -0.0342655 -0.0140699 -0.000298067 0.00637916 0.00597178 -0.000868192 -0.0130498 -0.0292503 -0.0480017 -0.0677564 -0.0869931 -0.104204 -0.117963 -0.12691 -0.129782 -0.125515 -0.113429 -0.0932401 -0.0653079 -0.0309619 0.0077139 0.0481296 0.0871903 0.121884 0.149075 0.169035 0.183861 0.194686 0.202306 0.207431 0.210648 0.212346 0.212725 0.211838 0.209645 0.206072 0.201068 0.194664 0.187039 0.354045
0.920434 -27.4587 -22.7206 -3.00553 -27.1076 -22.5075 -6.81032 -26.1984 -21.9796 -10.382 -24.7323 -21.1574 -13.6115 -22.7382 -20.0733 -16.3911 -20.2831 -18.7765 -18.663 -17.4325 -17.3108 -20.379 -14.2729 -15.7273 -21.517 -10.8951 -14.0748 -22.079 -7.384 -12.3951 -22.0838 -3.82349 -10.7254 -21.5647 -0.283757 -9.09257 -20.5619 3.17611 -7.51489 -19.1085 6.52668 -5.99385 -17.2524 9.70503 -4.54308 -15.0342 12.6752 -3.16124 -12.4912 15.4045 -1.84315 -9.64887 17.868 -0.577047 -6.54782 20.0234 0.642708 -3.22129 21.8351 1.82715 0.294722 23.2638 2.98783 3.95997 24.2671 4.13691 7.72278 24.7989 5.28552 11.5199 24.8132 6.44438 15.2713 24.2668 7.62264 18.8639 23.1308 8.82208 22.1935 21.387 10.0499 25.1221 19.0446 11.303 27.4988 16.1504 12.5715 29.1626 12.8248 13.8275 30.0026 9.19214 15.0536 29.9271 5.44406 16.2161 28.9048 1.80629 17.2775 26.9934 -1.4663 18.1952 24.304 -4.18835 18.9458 21.0105 -6.19896 19.5081 17.3258 -7.41951 19.8811 13.4147 -7.84984 20.0782 9.48786 -7.53379 20.1124 5.6696 -6.57005 20.0007 2.03328 -5.07408 19.7547 -1.41243 -3.14835 19.3739 -4.64498 -0.911353 18.8513 -7.68723 1.53882 18.167 -10.572 4.11505 17.2908 -13.3367 6.7411 16.1813 -16.0042 9.33562 14.7943 -18.5884 11.8183 13.0829 -21.0856 14.103 11.0057 -23.4649 16.091 8.54262 -25.6881 17.6919 5.68372 -27.6913 18.8095 2.45614 -29.3978 19.3582 -1.07457 -30.7199 19.2772 -4.77666 -31.6009 18.5424 -8.53748 -31.9905 17.1627 -12.1987 -31.8659 15.1878 -15.5964 -31.2427 12.7227 -18.5571 -30.16 9.86316 -20.9825 -28.6803 6.73156 -22.781 -26.8825 3.45253 -23.8979 -24.8353 0.115967 -24.3144 -22.643 -3.14136 -24.0298 -20.3893 -6.22685 -23.082 -18.147 -9.0653 -21.5288 -15.9604 -11.6138 -19.4267 -13.8852 -13.8107 -16.8651 -11.9437 -15.628 -13.9287 -10.1386 -17.0503 -10.7016 -8.44983 -18.074 -7.25597 -6.848 -18.6968 -3.67565 -5.28377 -18.9251 -0.0323881 -3.69515 -18.7685 3.60418 -2.01455 -18.2399 7.15541 -0.164852 -17.3547 10.548 1.92521 -16.1354 13.6881 4.31447 -14.6175 16.4634 7.01943 -12.8684 18.7319 10.0497 -10.9608 20.3755 13.3525 -9.00559 21.2648 16.8219 -7.13902 21.302 20.2797 -5.52136 20.456 23.5772 -4.27669 18.7628 26.5411 -3.51512 16.3288 29.0149 -3.28805 13.3092 30.8999 -3.60356 9.87179 32.128 -4.42748 6.22731 32.6981 -5.69336 2.5474 32.6463 -7.31932 -1.03351 32.0233 -9.23196 -4.44154 30.8907 -11.3379 -7.59489 29.3078 -13.5589 -10.4623 27.3244 -15.8232 -13.0314 24.9717 -18.0708 -15.3072 22.2865 -20.2279 -17.2827 19.2944 -22.2281 -18.9597 16.0207 -24.0032 -20.3371 12.4984 -25.4818 -21.4091 8.76656 -26.5946 -22.1691 4.88219 -27.2736 -22.6084 0.0417903 0.0163123 -0.00466647 -0.0187474 -0.0237017 -0.0178119 2.50253e-06 0.0300656 0.0719234 0.124441 0.183938 0.246828 0.310778 0.373692 0.43405 0.49112 0.544646 0.594511 0.640512 0.68243 0.719792 0.751751 0.777015 0.793745 0.799462 0.791067 0.764657 0.715604 0.639131 0.530824 0.387373 0.209559 0.00503619 -0.21216 -0.424442 -0.609502 -0.755176 -0.858809 -0.923792 -0.956873 -0.965118 -0.954742 -0.931165 -0.898841 -0.861232 -0.820959 -0.779949 -0.739414 -0.700055 -0.662034 -0.625052 -0.588605 -0.552133 -0.514948 -0.476363 -0.43605 -0.394255 -0.35151 -0.308627 -0.266968 -0.228822 -0.195652 -0.169647 -0.152332 -0.144173 -0.144854 -0.153329 -0.168045 -0.187156 -0.20859 -0.230096 -0.249347 -0.263921 -0.271395 -0.269331 -0.255392 -0.227635 -0.184797 -0.126401 -0.0534505 0.0309133 0.122004 0.214239 0.300934 0.37516 0.430571 0.467792 0.490039 0.500673 0.502712 0.498632 0.490214 0.478512 0.464018 0.446878 0.427031 0.404459 0.379326 0.352139 0.323881 0.254287
-1.36582 -25.4391 -21.0155 -4.96608 -23.8204 -21.0144 -8.34384 -21.7993 -20.7182 -11.4251 -19.4009 -20.1387 -14.1415 -16.6643 -19.294 -16.4253 -13.6555 -18.2136 -18.2456 -10.4221 -16.9225 -19.5733 -7.02934 -15.452 -20.3941 -3.54407 -13.835 -20.7086 -0.0282291 -12.1015 -20.5284 3.45384 -10.2827 -19.8759 6.84701 -8.40498 -18.7804 10.1028 -6.49049 -17.2652 13.1969 -4.5457 -15.372 16.0724 -2.59653 -13.1379 18.6968 -0.653955 -10.6001 21.0412 1.2737 -7.78588 23.0843 3.18596 -4.73968 24.7919 5.07148 -1.49868 26.137 6.92548 1.89789 27.0919 8.74268 5.40867 27.6268 10.5173 8.98428 27.7103 12.2404 12.5681 27.3103 13.9007 16.0924 26.3961 15.4834 19.4615 24.9488 16.963 22.5919 22.9511 18.3211 25.3684 20.4074 19.5273 27.6607 17.351 20.5463 29.3218 13.8835 21.3353 30.2426 10.1054 21.8672 30.3222 6.18907 22.1146 29.5082 2.34981 22.0647 27.8307 -1.15424 21.7283 25.3775 -4.12707 21.1366 22.3048 -6.3917 20.3393 18.8094 -7.84174 19.3986 15.0564 -8.4533 18.3682 11.2653 -8.25505 17.3151 7.57436 -7.34621 16.28 4.06824 -5.85152 15.2829 0.762198 -3.88558 14.3178 -2.322 -1.57832 13.3738 -5.21182 0.964166 12.4192 -7.94852 3.65125 11.4107 -10.5809 6.40766 10.2957 -13.147 9.15626 9.01848 -15.6789 11.8236 7.52022 -18.1945 14.3314 5.7443 -20.6854 16.5863 3.64897 -23.1361 18.5005 1.19758 -25.5003 19.9719 -1.61749 -27.7095 20.8986 -4.77027 -29.664 21.1899 -8.1695 -31.2858 20.7892 -11.7289 -32.4826 19.6689 -15.3027 -33.1773 17.8489 -18.7181 -33.3218 15.4216 -21.7708 -32.9108 12.4936 -24.3181 -31.9708 9.21828 -26.2207 -30.5634 5.76866 -27.3829 -28.7607 2.28947 -27.7603 -26.6803 -1.02688 -27.3463 -24.4327 -4.04625 -26.1935 -22.1197 -6.6708 -24.3883 -19.8111 -8.85297 -22.0211 -17.5837 -10.5497 -19.2185 -15.4734 -11.7663 -16.0942 -13.49 -12.5304 -12.751 -11.6147 -12.8855 -9.26824 -9.8176 -12.8812 -5.72665 -8.04644 -12.5739 -2.18535 -6.2359 -12.021 1.30595 -4.3156 -11.2821 4.69439 -2.20506 -10.4158 7.93633 0.169814 -9.4854 10.971 2.87064 -8.56028 13.7214 5.91451 -7.72256 16.0785 9.31498 -7.04885 17.9508 13.0193 -6.62357 19.2234 16.9165 -6.52412 19.7931 20.8114 -6.8055 19.594 24.5343 -7.49303 18.6162 27.8776 -8.57606 16.902 30.6563 -10.0081 14.5531 32.7445 -11.7256 11.6968 34.0492 -13.6306 8.51276 34.5573 -15.6307 5.16453 34.3049 -17.6418 1.79391 33.352 -19.6046 -1.50763 31.7826 -21.4484 -4.63786 29.6845 -23.127 -7.54327 27.1407 -24.6023 -10.1916 24.2164 -25.8453 -12.5725 20.9873 -26.8199 -14.6676 17.5155 -27.496 -16.4718 13.8599 -27.8439 -17.982 10.0819 -27.8349 -19.1941 6.2402 -27.4437 -20.1056 2.40067 -26.6493 -20.7134 0.472216 0.4182 0.3712 0.333803 0.308461 0.297106 0.301119 0.321316 0.357874 0.410326 0.475086 0.548402 0.627726 0.710209 0.793126 0.87444 0.952646 1.02652 1.09494 1.15712 1.21226 1.25944 1.29746 1.32474 1.339 1.33732 1.3156 1.26839 1.18893 1.06912 0.899701 0.673966 0.394313 0.0775008 -0.245483 -0.534254 -0.764535 -0.930626 -1.03898 -1.10126 -1.12878 -1.13075 -1.11471 -1.08675 -1.05158 -1.0129 -0.973607 -0.935837 -0.90113 -0.87041 -0.844014 -0.821876 -0.803536 -0.788065 -0.774231 -0.760671 -0.746094 -0.729328 -0.709499 -0.686272 -0.660292 -0.632715 -0.606673 -0.585022 -0.569577 -0.561231 -0.559947 -0.564867 -0.574546 -0.587041 -0.599946 -0.610435 -0.615204 -0.610453 -0.591762 -0.554081 -0.492048 -0.400324 -0.274046 -0.111177 0.0841672 0.300866 0.522046 0.727174 0.899395 1.02669 1.11253 1.16373 1.18675 1.1874 1.17083 1.14136 1.10228 1.05605 1.00451 0.948932 0.890339 0.82967 0.768025 0.706865 0.175955
-2.77555 -25.0837 -20.3616 -5.69386 -22.427 -20.449 -8.33649 -19.5034 -20.223 -10.6613 -16.357 -19.696 -12.6344 -13.0358 -18.8848 -14.225 -9.60637 -17.815 -15.4286 -6.10312 -16.5057 -16.2393 -2.57456 -14.9801 -16.6597 0.93349 -13.2617 -16.6982 4.38165 -11.3712 -16.3684 7.72754 -9.33129 -15.6877 10.9356 -7.16097 -14.6759 13.9733 -4.87748 -13.3451 16.8266 -2.48169 -11.7222 19.4471 -0.00162897 -9.82929 21.8062 2.54865 -7.68852 23.8747 5.15458 -5.31501 25.6281 7.80842 -2.73939 27.0285 10.4834 0.0119756 28.044 13.1573 2.90907 28.642 15.803 5.91798 28.7899 18.3886 8.99601 28.4564 20.8737 12.0926 27.6142 23.2109 15.1463 26.243 25.3452 18.0718 24.3427 27.2069 20.795 21.9183 28.7369 23.2172 19.0038 29.8649 25.2308 15.6652 30.5233 26.7173 12.0351 30.657 27.5953 8.23253 30.2388 27.7896 4.43501 29.266 27.263 0.842639 27.7752 26.0366 -2.32385 25.8581 24.1713 -4.91435 23.6185 21.7735 -6.80091 21.1902 18.978 -7.91723 18.7113 15.8956 -8.26072 16.282 12.6881 -7.87098 14.0279 9.46237 -6.84285 12.0134 6.2894 -5.29149 10.2679 3.18457 -3.32194 8.78231 0.188603 -1.04664 7.52779 -2.6994 1.44554 6.44373 -5.49719 4.07834 5.4601 -8.23572 6.78937 4.50023 -10.9414 9.5141 3.48728 -13.6414 12.1918 2.34267 -16.3548 14.7567 0.990026 -19.0786 17.1268 -0.635934 -21.8068 19.2222 -2.59681 -24.5025 20.9434 -4.93137 -27.1024 22.1819 -7.64902 -29.5011 22.8276 -10.6969 -31.609 22.7994 -14.0159 -33.3073 22.037 -17.4792 -34.4819 20.5284 -20.9149 -35.0401 18.3417 -24.0989 -34.9434 15.5794 -26.8542 -34.1929 12.4071 -28.9999 -32.8424 9.02437 -30.4015 -30.972 5.61072 -30.9894 -28.7215 2.39016 -30.7438 -26.2307 -0.481771 -29.7213 -23.6306 -2.90067 -28.0227 -21.0126 -4.82517 -25.7561 -18.4719 -6.23261 -23.062 -16.0537 -7.15368 -20.0621 -13.7726 -7.64358 -16.8604 -11.6115 -7.77173 -13.5308 -9.5435 -7.61324 -10.144 -7.51993 -7.24686 -6.74642 -5.48154 -6.75121 -3.37415 -3.36684 -6.20558 -0.0657563 -1.10578 -5.6874 3.14892 1.3634 -5.27635 6.22286 4.09002 -5.05332 9.09179 7.0817 -5.09696 11.6551 10.3381 -5.48417 13.8389 13.7963 -6.28496 15.5481 17.3517 -7.54364 16.6873 20.8343 -9.25353 17.174 24.1043 -11.3877 16.9703 26.9891 -13.8693 16.0708 29.3333 -16.587 14.5189 31.0269 -19.4265 12.3887 31.9856 -22.2363 9.80905 32.1928 -24.8931 6.91639 31.6773 -27.2962 3.84573 30.4912 -29.3825 0.699077 28.7181 -31.0856 -2.402 26.4491 -32.3756 -5.37666 23.7756 -33.2373 -8.16428 20.7749 -33.6668 -10.7288 17.5382 -33.6619 -13.0287 14.1429 -33.2285 -15.0411 10.6617 -32.3753 -16.7495 7.16607 -31.1157 -18.1412 3.71963 -29.4655 -19.2094 0.385694 -27.4458 -19.9497 -0.348778 -0.431029 -0.501008 -0.556078 -0.594229 -0.614324 -0.615857 -0.598697 -0.563053 -0.509383 -0.441351 -0.361997 -0.27266 -0.175313 -0.0723131 0.0341368 0.141864 0.248501 0.351393 0.448136 0.536412 0.614032 0.678898 0.72895 0.761856 0.774974 0.76463 0.725436 0.64965 0.525885 0.337063 0.0620643 -0.314752 -0.782106 -1.28059 -1.71885 -2.0489 -2.27264 -2.41279 -2.49347 -2.53321 -2.54536 -2.53863 -2.51935 -2.49235 -2.4614 -2.42961 -2.39937 -2.37254 -2.35034 -2.33329 -2.32133 -2.31378 -2.30921 -2.30576 -2.30113 -2.293 -2.27921 -2.25807 -2.22872 -2.1919 -2.14942 -2.10587 -2.06565 -2.03181 -2.00619 -1.98939 -1.98078 -1.97888 -1.98157 -1.98613 -1.98927 -1.9871 -1.97495 -1.94706 -1.89632 -1.81422 -1.69233 -1.52094 -1.29057 -1.0007 -0.666735 -0.321651 -0.00663411 0.249332 0.433285 0.557245 0.633973 0.673047 0.681649 0.6654 0.628773 0.575216 0.507573 0.42847 0.340266 0.245455 0.146665 0.0468267 -0.0507495 0.206397
-3.50899 -23.4348 -19.2839 -5.54717 -20.0549 -19.2195 -7.32121 -16.5485 -18.8453 -8.82445 -12.9596 -18.1799 -10.0549 -9.32816 -17.2417 -11.0106 -5.70691 -16.0546 -11.7022 -2.11097 -14.631 -12.136 1.43034 -12.9859 -12.3193 4.88978 -11.1326 -12.2596 8.24456 -9.08144 -11.9644 11.4661 -6.8454 -11.4407 14.5291 -4.43516 -10.695 17.4075 -1.86142 -9.72656 20.0893 0.881225 -8.54406 22.5266 3.76445 -7.15206 24.6871 6.77224 -5.55532 26.5357 9.88446 -3.75386 28.0387 13.0855 -1.76076 29.1498 16.3325 0.411645 29.8279 19.5839 2.74495 30.0331 22.7877 5.21363 29.7295 25.8819 7.78047 28.8891 28.7915 10.3972 27.4969 31.4326 13.0029 25.5568 33.7144 15.5146 23.107 35.5379 17.8608 20.1967 36.8263 19.954 16.9119 37.5065 21.7075 13.368 37.5276 23.0344 9.73208 36.8763 23.8877 6.13071 35.5697 24.2274 2.71936 33.6585 24.0395 -0.355489 31.2264 23.3424 -2.9528 28.4026 22.172 -4.99909 25.2963 20.5832 -6.43269 22.0366 18.6431 -7.22557 18.7482 16.4016 -7.3784 15.5119 13.954 -6.90826 12.4608 11.373 -5.8631 9.67394 8.71271 -4.317 7.21352 5.97275 -2.36942 5.10975 3.21334 -0.131306 3.34813 0.461177 2.31194 1.87065 -2.27535 4.88952 0.607967 -5.00463 7.54604 -0.516568 -7.73583 10.2259 -1.57936 -10.4857 12.8795 -2.65976 -13.2706 15.4542 -3.8372 -16.0932 17.8822 -5.18557 -18.9611 20.0977 -6.78111 -21.8568 22.0107 -8.68763 -24.7375 23.5136 -10.9508 -27.5098 24.4804 -13.5662 -30.0863 24.8027 -16.5187 -32.3283 24.3779 -19.7208 -34.0786 23.148 -23.0197 -35.1814 21.1452 -26.1826 -35.5428 18.4656 -28.9969 -35.1199 15.2965 -31.2349 -33.9498 11.8826 -32.7207 -32.125 8.45418 -33.3631 -29.8149 5.27411 -33.1439 -27.1964 2.51171 -32.139 -24.4299 0.260265 -30.4733 -21.6228 -1.46515 -28.2737 -18.8773 -2.67692 -25.6875 -16.2379 -3.43695 -22.8325 -13.7166 -3.82445 -19.8014 -11.2956 -3.92475 -16.6547 -8.95275 -3.82269 -13.4495 -6.64936 -3.60199 -10.2218 -4.34125 -3.34389 -7.00015 -1.98706 -3.12866 -3.8179 0.460808 -3.03541 -0.701107 3.03946 -3.14487 2.30782 5.77425 -3.53833 5.15057 8.65343 -4.28889 7.7332 11.6634 -5.46949 9.98464 14.7058 -7.14019 11.8487 17.6844 -9.30015 13.258 20.4764 -11.8909 14.1421 22.9973 -14.8629 14.4621 25.1383 -18.1231 14.1865 26.7992 -21.5529 13.3103 27.9022 -25.0339 11.849 28.3794 -28.3957 9.86427 28.2077 -31.4905 7.44312 27.3997 -34.1852 4.69443 25.991 -36.3835 1.72058 24.0593 -37.9897 -1.33715 21.6987 -38.9604 -4.36133 19.0126 -39.2845 -7.24946 16.0965 -38.9763 -9.92648 13.0594 -38.0717 -12.3188 9.99203 -36.6232 -14.3826 6.97277 -34.6919 -16.0913 4.06844 -32.3447 -17.4321 1.32856 -29.645 -18.4054 -1.20703 -26.6555 -19.0184 3.05367 2.95175 2.8698 2.80885 2.76886 2.74904 2.74836 2.766 2.80144 2.85448 2.92198 3.00257 3.09692 3.20483 3.32519 3.45626 3.59537 3.7386 3.88076 4.01658 4.14105 4.24999 4.34018 4.4094 4.45585 4.47793 4.47319 4.43742 4.36358 4.23988 4.04602 3.75145 3.32151 2.74893 2.11155 1.55746 1.15692 0.89348 0.727489 0.628212 0.576945 0.556122 0.555051 0.56672 0.58622 0.609835 0.634515 0.657734 0.677318 0.69154 0.699226 0.69982 0.693663 0.682191 0.667809 0.65392 0.644509 0.643504 0.654129 0.678381 0.715944 0.764181 0.816813 0.867769 0.912719 0.949009 0.975674 0.99331 1.00352 1.00856 1.01124 1.01485 1.02332 1.04141 1.07526 1.13303 1.22554 1.36548 1.56114 1.83168 2.18583 2.60742 3.04745 3.44238 3.75353 3.97191 4.11969 4.21465 4.26801 4.28684 4.27573 4.23772 4.17487 4.08902 3.98268 3.85927 3.72369 3.58202 3.44109 3.30772 0.134331
-3.18298 -22.935 -19.9119 -5.25164 -19.5751 -19.793 -7.08186 -16.1043 -19.3617 -8.66517 -12.5612 -18.6395 -9.99598 -8.97976 -17.6475 -11.066 -5.40681 -16.4126 -11.8792 -1.85222 -14.95 -12.4407 1.65535 -13.2715 -12.7585 5.0873 -11.3856 -12.8399 8.419 -9.29783 -12.6918 11.6192 -7.01701 -12.3206 14.6593 -4.55011 -11.7325 17.5091 -1.90463 -10.9216 20.156 0.921794 -9.88712 22.5538 3.89372 -8.62656 24.672 6.98832 -7.13899 26.4774 10.1789 -5.42048 27.9388 13.4441 -3.48106 29.0128 16.7359 -1.33193 29.6622 20.0085 1.00854 29.8509 23.208 3.51387 29.5471 26.2726 6.14526 28.7265 29.1297 8.85255 27.3765 31.7005 11.5729 25.5011 33.9013 14.2205 23.1358 35.6419 16.7222 20.3239 36.8539 18.9873 17.1423 37.4717 20.9244 13.6954 37.4491 22.4393 10.138 36.7743 23.4782 6.5879 35.4618 23.9922 3.19465 33.5573 23.958 0.10397 31.1383 23.3859 -2.53802 28.3278 22.3084 -4.64884 25.2311 20.7795 -6.15534 21.9755 18.8701 -7.01734 18.6865 16.6375 -7.22529 15.4472 14.187 -6.78716 12.3937 11.6033 -5.74564 9.60786 8.94343 -4.18174 7.15836 6.20537 -2.19903 5.08509 3.45628 0.083526 3.36489 0.721684 2.57364 1.93379 -1.99266 5.19586 0.716001 -4.69825 7.89186 -0.371281 -7.4068 10.6039 -1.41016 -10.1364 13.2806 -2.48499 -12.9026 15.8675 -3.67945 -15.707 18.2934 -5.06882 -18.5615 20.4838 -6.72203 -21.4504 22.3403 -8.69361 -24.3301 23.749 -11.0178 -27.1045 24.5823 -13.6765 -29.6829 24.7342 -16.641 -31.9236 24.1115 -19.8114 -33.6685 22.6726 -23.0278 -34.7629 20.4717 -26.0592 -35.1153 17.6233 -28.7037 -34.685 14.3292 -30.7519 -33.5093 10.8414 -32.0498 -31.678 7.38914 -32.5242 -29.3563 4.22958 -32.1719 -26.7169 1.52285 -31.0744 -23.9178 -0.646979 -29.3556 -21.0663 -2.27222 -27.137 -18.2669 -3.37287 -24.5588 -15.5682 -4.01711 -21.731 -12.987 -4.2902 -18.738 -10.5111 -4.28343 -15.6328 -8.12258 -4.0875 -12.4659 -5.77834 -3.78762 -9.27419 -3.43059 -3.46747 -6.08701 -1.03525 -3.21078 -2.93873 1.45673 -3.10091 0.142364 4.08196 -3.2236 3.11024 6.86253 -3.66513 5.90104 9.7796 -4.50166 8.41374 12.798 -5.80581 10.5842 15.8027 -7.63004 12.3638 18.7027 -9.94985 13.6795 21.3803 -12.69 14.4615 23.7574 -15.7875 14.6723 25.736 -19.1377 14.2837 27.2283 -22.614 13.2948 28.1692 -26.0949 11.724 28.5041 -29.4112 9.63613 28.2194 -32.4202 7.11941 27.3329 -34.9966 4.2829 25.8816 -37.052 1.22836 23.9417 -38.5 -1.90224 21.6021 -39.3056 -4.99066 18.9603 -39.4653 -7.93284 16.1046 -38.9996 -10.652 13.137 -37.951 -13.0726 10.1412 -36.3773 -15.1496 7.18874 -34.3436 -16.8562 4.3404 -31.9195 -18.1802 1.64033 -29.1696 -19.1235 -0.876148 -26.1559 -19.6956 9.53461 9.47287 9.44505 9.4389 9.20083 9.20944 9.20241 9.19035 9.25585 9.35361 9.44206 9.53149 9.56109 9.57153 9.58954 9.59511 9.97028 10.0487 10.1285 10.2029 10.7144 10.747 10.7801 10.7994 10.9823 10.8821 10.7734 10.6583 10.8466 10.7548 10.6764 10.5916 8.36369 8.10106 7.88935 7.7237 7.77254 7.59591 7.48932 7.4381 6.72367 6.8006 6.85819 6.91265 6.96247 6.9721 6.97751 6.98477 7.24655 7.28274 7.30383 7.32212 7.04102 7.03507 7.02843 7.01817 7.05707 7.03814 7.0031 6.96646 7.02955 7.02334 7.02569 7.03032 7.25512 7.2533 7.25941 7.26405 7.27807 7.27084 7.26864 7.26073 7.16756 7.13578 7.11286 7.09903 7.89175 8.03428 8.18664 8.33737 8.38398 8.64375 8.90966 9.164 10.4381 10.4545 10.4831 10.5159 10.7128 10.6819 10.6457 10.6112 10.5116 10.4519 10.3855 10.3196 9.80048 9.70709 9.62333 9.55938 -0.0125458
