# num_vectors 8
# vector_size 401
# Iterations: 294970, stepsize: 0.026507, max step size: 1.000000, spring constant: 1.000000, global NEB Hessian: false, global NEB Linesearch: true, climbing image: true
2.90635 -19.845 -21.0844 -0.902606 -20.8477 -20.8228 -4.78448 -21.366 -20.3285 -8.67052 -21.3443 -19.6355 -12.4767 -20.7363 -18.784 -16.0871 -19.5186 -17.8259 -19.4084 -17.6813 -16.8116 -22.3207 -15.2451 -15.8022 -24.7028 -12.265 -14.8639 -26.4445 -8.83107 -14.0641 -27.4565 -5.07764 -13.4702 -27.7271 -1.16948 -13.1263 -27.2768 2.73574 -13.0178 -26.1397 6.52394 -13.1104 -24.3821 10.0594 -13.3614 -22.0822 13.2582 -13.7222 -19.3232 16.0624 -14.1428 -16.1776 18.4434 -14.5748 -12.7326 20.3741 -14.9678 -9.06169 21.8509 -15.2747 -5.23275 22.8799 -15.4503 -1.30751 23.4743 -15.4508 2.65261 23.6516 -15.2345 6.58823 23.4334 -14.7611 10.4384 22.8446 -13.993 14.1242 21.9186 -12.9009 17.592 20.6874 -11.4542 20.7663 19.1913 -9.6322 23.5657 17.4794 -7.42601 25.8887 15.6254 -4.86246 27.6728 13.6873 -1.95283 28.8384 11.7464 1.25339 29.3189 9.8946 4.68053 29.0738 8.24035 8.20324 28.0956 6.86851 11.72 26.4131 5.86958 15.093 24.1265 5.29583 18.1992 21.3142 5.13596 20.9535 18.1093 5.35818 23.234 14.6229 5.90821 24.9841 10.9571 6.72291 26.1755 7.17675 7.74235 26.8047 3.3822 8.89265 26.8739 -0.364213 10.1062 26.4067 -4.01291 11.3181 25.4346 -7.52945 12.4678 23.9915 -10.8769 13.4941 22.1175 -14.0286 14.3395 19.8542 -16.9605 14.9485 17.2458 -19.6417 15.2668 14.3493 -22.0568 15.2453 11.2115 -24.1798 14.8363 7.89414 -25.9827 13.998 4.46979 -27.4271 12.708 1.04782 -28.4983 10.9429 -2.29839 -29.1713 8.70193 -5.45834 -29.4275 6.00771 -8.31064 -29.263 2.93565 -10.7121 -28.6902 -0.451861 -12.5637 -27.7379 -4.04367 -13.7567 -26.459 -7.70301 -14.2099 -24.9257 -11.3165 -13.9117 -23.2043 -14.7118 -12.9085 -21.3386 -17.7722 -11.2804 -19.3682 -20.4114 -9.12416 -17.3125 -22.5843 -6.52653 -15.209 -24.2399 -3.60611 -13.0744 -25.3662 -0.464504 -10.9178 -25.9665 2.80408 -8.73651 -26.0549 6.12171 -6.53331 -25.651 9.40122 -4.30204 -24.7817 12.5695 -2.03453 -23.4776 15.5579 0.273517 -21.7761 18.2952 2.63334 -19.7129 20.722 5.04893 -17.3314 22.7734 7.51925 -14.6824 24.3844 10.0207 -11.8447 25.4858 12.5515 -8.87455 26.0299 15.0843 -5.85741 25.9653 17.5806 -2.89338 25.2539 19.9721 -0.116209 23.891 22.2187 2.37647 21.8838 24.2541 4.46116 19.276 26.0103 6.02041 16.1496 27.4338 6.95895 12.6053 28.4865 7.2311 8.82548 29.1326 6.86756 4.96287 29.3467 5.92852 1.1495 29.1195 4.48234 -2.52718 28.4561 2.62363 -5.95736 27.3742 0.446185 -9.07972 25.8971 -1.9577 -11.8547 24.0442 -4.50875 -14.2681 21.8465 -7.11601 -16.3023 19.3302 -9.70183 -17.9599 16.5208 -12.1932 -19.2505 13.4461 -14.5189 -20.1884 10.131 -16.6135 -20.7926 6.6057 -18.4107 -21.0836 -3.87692 -3.87512 -3.87845 -3.878 -3.87697 -3.87919 -3.88747 -3.89363 -3.90074 -3.91138 -3.92583 -3.93883 -3.95035 -3.95857 -3.96009 -3.96372 -3.96738 -3.96836 -3.96427 -3.96454 -3.96659 -3.96725 -3.96372 -3.96508 -3.96841 -3.97014 -3.9671 -3.96808 -3.96992 -3.9687 -3.9613 -3.95614 -3.94955 -3.93956 -3.92373 -3.91084 -3.90012 -3.89135 -3.8896 -3.88541 -3.88115 -3.87974 -3.88341 -3.88309 -3.88125 -3.88089 -3.88477 -3.88368 -3.88051 -3.87873 -3.88139 -3.87966 -3.87664 -3.87627 -3.88177 -3.88445 -3.88741 -3.89432 -3.90735 -3.91801 -3.92913 -3.94025 -3.94775 -3.95565 -3.96254 -3.96606 -3.96361 -3.96472 -3.967 -3.96747 -3.96355 -3.9645 -3.96754 -3.96931 -3.96682 -3.96899 -3.97272 -3.97419 -3.97015 -3.96915 -3.96823 -3.96324 -3.95165 -3.94386 -3.93066 -3.9221 -3.90916 -3.89895 -3.88982 -3.88398 -3.88461 -3.88227 -3.87931 -3.87859 -3.88257 -3.88192 -3.87931 -3.87801 -3.88091 -3.879 -2.64455e-05
1.84733 -22.0645 -21.0889 -1.98482 -22.9883 -20.8809 -5.88888 -23.3622 -20.4333 -9.77371 -23.1249 -19.7747 -13.5284 -22.2363 -18.9417 -17.0128 -20.6946 -17.9836 -20.1177 -18.5216 -16.9476 -22.7236 -15.779 -15.8883 -24.7306 -12.5618 -14.86 -26.0687 -8.98769 -13.9113 -26.6997 -5.19533 -13.0838 -26.6224 -1.32236 -12.4061 -25.8666 2.50272 -11.8937 -24.4753 6.19003 -11.547 -22.5208 9.62461 -11.3599 -20.0795 12.7374 -11.3124 -17.2286 15.4799 -11.3765 -14.0313 17.8268 -11.5186 -10.5644 19.7499 -11.699 -6.88993 21.2392 -11.8745 -3.06501 22.2905 -11.9982 0.857317 22.9035 -12.0202 4.82118 23.08 -11.8878 8.76828 22.8248 -11.547 12.6331 22.147 -10.9431 16.3255 21.0677 -10.0287 19.7745 19.6109 -8.75719 22.8819 17.817 -7.09579 25.5411 15.7445 -5.02988 27.63 13.4898 -2.58904 29.0713 11.1355 0.201085 29.7849 8.79451 3.26965 29.721 6.5887 6.51547 28.8772 4.64993 9.79191 27.2961 3.06588 12.9852 25.0671 1.90974 15.9686 22.3058 1.22153 18.6346 19.1055 1.00833 20.9223 15.623 1.25607 22.7476 11.9762 1.91735 24.0832 8.2627 2.9288 24.9248 4.53301 4.22753 25.2839 0.864949 5.73079 25.1735 -2.7068 7.36151 24.6167 -6.16121 9.04401 23.6354 -9.48969 10.7062 22.2466 -12.6768 12.2717 20.4682 -15.7097 13.6658 18.3169 -18.5701 14.813 15.8123 -21.2237 15.6358 12.9907 -23.6432 16.0653 9.88575 -25.7841 16.0346 6.55485 -27.5958 15.4891 3.07645 -29.0174 14.4019 -0.424596 -30.0157 12.7607 -3.85531 -30.5544 10.585 -7.08579 -30.6139 7.92697 -9.98256 -30.2011 4.89399 -12.4037 -29.3426 1.57461 -14.2682 -28.084 -1.90816 -15.5 -26.4878 -5.42574 -16.0569 -24.6098 -8.88312 -15.928 -22.5407 -12.1362 -15.1317 -20.3553 -15.0913 -13.7214 -18.1186 -17.6773 -11.7704 -15.8683 -19.8582 -9.34657 -13.6554 -21.587 -6.55208 -11.5006 -22.8506 -3.47718 -9.40945 -23.6479 -0.208192 -7.36914 -23.9858 3.18232 -5.36594 -23.8726 6.60968 -3.37267 -23.3212 10.0001 -1.35701 -22.346 13.2802 0.711173 -20.9662 16.3679 2.86723 -19.2014 19.1878 5.13644 -17.0809 21.6514 7.53291 -14.6474 23.6638 10.0389 -11.9789 25.1204 12.6466 -9.14265 25.944 15.3115 -6.24313 26.0587 17.9669 -3.40433 25.4161 20.5089 -0.781494 24.0204 22.8648 1.51442 21.9066 24.9423 3.36473 19.159 26.6616 4.67809 15.9019 27.9708 5.40183 12.2644 28.8277 5.51046 8.42736 29.2296 5.02422 4.54519 29.1776 3.99646 0.749102 28.6865 2.48904 -2.87684 27.7856 0.590938 -6.23042 26.5092 -1.6108 -9.26094 24.89 -4.03099 -11.9409 22.9487 -6.59724 -14.2671 20.7116 -9.22412 -16.232 18.194 -11.8371 -17.8445 15.407 -14.3627 -19.117 12.3629 -16.7251 -20.0629 9.07262 -18.8497 -20.6973 5.55646 -20.6568 -21.0342 1.32664 1.32318 1.31923 1.31538 1.31241 1.31119 1.31264 1.31761 1.3268 1.34071 1.35899 1.37998 1.40162 1.42204 1.43991 1.45459 1.46588 1.47391 1.47895 1.48141 1.48162 1.47986 1.47628 1.47087 1.46352 1.45398 1.44189 1.42691 1.40885 1.38768 1.36349 1.33676 1.30835 1.27935 1.25096 1.22465 1.2023 1.18576 1.17603 1.17304 1.17609 1.18408 1.1957 1.20965 1.22474 1.23999 1.25459 1.26798 1.27979 1.28992 1.29847 1.30575 1.3122 1.31845 1.32523 1.33323 1.34306 1.35515 1.3698 1.38701 1.40622 1.42613 1.44459 1.45987 1.471 1.4776 1.47984 1.4783 1.47379 1.46721 1.45952 1.45162 1.44432 1.43835 1.43431 1.43265 1.43367 1.43743 1.44377 1.45222 1.46195 1.4719 1.48081 1.48732 1.49016 1.48842 1.48328 1.47669 1.46995 1.46403 1.45956 1.45676 1.45554 1.45559 1.45646 1.45764 1.45866 1.45909 1.45863 1.45711 0.127871
2.60018 -25.3271 -20.1637 -1.29103 -25.9517 -19.9397 -5.20895 -26.0072 -19.4615 -9.05215 -25.4479 -18.7551 -12.7051 -24.2537 -17.8545 -16.0317 -22.4449 -16.8069 -18.9345 -20.0609 -15.6553 -21.3133 -17.176 -14.4497 -23.0922 -13.889 -13.2386 -24.225 -10.3108 -12.0645 -24.693 -6.56443 -10.9641 -24.5067 -2.76591 -9.96332 -23.6984 0.979361 -9.07733 -22.3057 4.60152 -8.30765 -20.3893 8.00088 -7.65721 -18.0105 11.1156 -7.1164 -15.2318 13.8962 -6.67032 -12.1036 16.3103 -6.29901 -8.69392 18.3161 -5.98171 -5.06071 19.887 -5.69346 -1.26203 20.9998 -5.40683 2.64409 21.6353 -5.09173 6.5937 21.7767 -4.71553 10.5186 21.4119 -4.24284 14.3425 20.5348 -3.63585 17.9655 19.1543 -2.85878 21.3059 17.2831 -1.87141 24.2546 14.9548 -0.639445 26.6918 12.2273 0.862392 28.4816 9.21409 2.62949 29.5272 6.02069 4.65775 29.734 2.80795 6.90294 29.0489 -0.234075 9.2866 27.5193 -2.89405 11.693 25.2442 -5.02902 14.0322 22.3708 -6.52311 16.2039 19.0715 -7.31885 18.1242 15.483 -7.41443 19.7473 11.7963 -6.84928 21.0162 8.13479 -5.70907 21.9181 4.58049 -4.09704 22.4563 1.1557 -2.10641 22.6419 -2.10249 0.148705 22.4824 -5.20217 2.5719 21.9856 -8.16299 5.07497 21.1519 -11.011 7.57881 19.9728 -13.7593 9.99931 18.437 -16.4146 12.2551 16.5314 -18.9687 14.2623 14.247 -21.3894 15.9309 11.5945 -23.6421 17.1829 8.58838 -25.6703 17.9404 5.273 -27.4079 18.1391 1.72047 -28.7786 17.7408 -1.94325 -29.7353 16.7341 -5.62172 -30.2329 15.1358 -9.17951 -30.2472 12.9944 -12.4771 -29.7843 10.4075 -15.3624 -28.872 7.45728 -17.7489 -27.558 4.25349 -19.549 -25.9074 0.910651 -20.7034 -23.9791 -2.48757 -21.1838 -21.8695 -5.80479 -20.9763 -19.6607 -8.9452 -20.1064 -17.4282 -11.8277 -18.6218 -15.2218 -14.4023 -16.5729 -13.1052 -16.6001 -14.0462 -11.1098 -18.3873 -11.1274 -9.24786 -19.7439 -7.90439 -7.50888 -20.6628 -4.45416 -5.87356 -21.1395 -0.866553 -4.30281 -21.1785 2.78085 -2.74562 -20.7868 6.41329 -1.1459 -19.9752 9.94844 0.561391 -18.755 13.3116 2.43623 -17.1437 16.4106 4.52905 -15.1712 19.139 6.85672 -12.9012 21.3644 9.43477 -10.3977 22.9794 12.2305 -7.76658 23.8646 15.1704 -5.1444 23.9257 18.1208 -2.70669 23.1245 20.9692 -0.591293 21.4812 23.5755 1.06138 19.0801 25.8149 2.14817 16.0646 27.6052 2.6158 12.594 28.8834 2.45207 8.87806 29.6442 1.6951 5.09422 29.8945 0.413099 1.38435 29.6463 -1.31995 -2.16472 28.9267 -3.40348 -5.45138 27.7726 -5.74443 -8.42607 26.2207 -8.25491 -11.0624 24.2974 -10.8621 -13.3579 22.0352 -13.4812 -15.3043 19.4568 -16.039 -16.9091 16.5814 -18.4632 -18.1822 13.4309 -20.6794 -19.1335 10.0265 -22.614 -19.7741 6.40085 -24.1892 -20.1138 -0.141551 -0.149269 -0.15644 -0.161984 -0.164666 -0.163247 -0.156575 -0.143724 -0.124106 -0.0975042 -0.0651367 -0.0291594 0.00828101 0.0451604 0.0799134 0.111597 0.139689 0.163868 0.18388 0.199532 0.210539 0.216459 0.216634 0.210148 0.19583 0.172262 0.137738 0.0905458 0.0294519 -0.0460891 -0.135715 -0.237018 -0.343433 -0.447778 -0.543348 -0.623063 -0.682492 -0.719944 -0.736345 -0.734625 -0.718391 -0.691346 -0.657082 -0.618663 -0.578527 -0.538533 -0.500029 -0.463811 -0.43029 -0.399442 -0.370867 -0.343975 -0.318053 -0.292221 -0.265547 -0.237321 -0.207264 -0.17539 -0.14204 -0.108136 -0.0755652 -0.0456441 -0.0207765 -0.00292602 0.00694249 0.00865307 0.00279056 -0.00950911 -0.0268077 -0.0474762 -0.0697776 -0.0919944 -0.112424 -0.129463 -0.141588 -0.147391 -0.145676 -0.135667 -0.117019 -0.0900664 -0.05617 -0.017513 0.0231547 0.0625346 0.0973943 0.124405 0.143783 0.157698 0.167642 0.17454 0.179194 0.182229 0.184036 0.184792 0.184506 0.183087 0.180407 0.17637 0.170971 0.164365 0.29846
0.668344 -27.8297 -22.7442 -3.25873 -27.482 -22.5467 -7.06058 -26.5605 -22.0188 -10.6189 -25.0704 -21.1824 -13.8209 -23.0458 -20.0736 -16.5586 -20.56 -18.7464 -18.7772 -17.6836 -17.2498 -20.4339 -14.5062 -15.639 -21.5133 -11.1193 -13.9657 -22.0235 -7.60644 -12.2733 -21.9882 -4.04839 -10.5987 -21.443 -0.511751 -8.96768 -20.429 2.94771 -7.39625 -18.9781 6.303 -5.88338 -17.1355 9.49246 -4.43974 -14.9387 12.48 -3.06108 -12.4216 15.2316 -1.7396 -9.60667 17.7201 -0.461362 -6.53202 19.9005 0.780599 -3.22949 21.7344 1.99764 0.265346 23.1801 3.20042 3.91184 24.1939 4.39885 7.65752 24.7297 5.60043 11.4384 24.7423 6.81106 15.1748 24.1907 8.03411 18.7547 23.0485 9.26502 22.0766 21.2987 10.505 25.0056 18.9503 11.7459 27.3934 16.0476 12.9736 29.0786 12.707 14.1589 29.9473 9.04877 15.285 29.9016 5.26341 16.3215 28.9031 1.57968 17.237 27.0051 -1.74019 17.9996 24.3194 -4.50345 18.5973 21.0246 -6.54513 19.0232 17.3332 -7.77489 19.2827 13.4161 -8.18133 19.3907 9.49448 -7.80558 19.3635 5.70111 -6.75207 19.2195 2.11197 -5.14668 18.9704 -1.26752 -3.1024 18.6152 -4.42385 -0.748112 18.1443 -7.39113 1.81113 17.5342 -10.2138 4.48369 16.7488 -12.9392 7.1904 15.7407 -15.5976 9.84703 14.4578 -18.2065 12.3702 12.846 -20.7612 14.6703 10.8576 -23.2248 16.645 8.46784 -25.5495 18.2021 5.66606 -27.6589 19.2462 2.48178 -29.4627 19.6972 -1.01421 -30.861 19.5057 -4.68408 -31.79 18.6611 -8.41013 -32.1959 17.1875 -12.0328 -32.057 15.1476 -15.3912 -31.3929 12.6542 -18.3193 -30.2476 9.80364 -20.7264 -28.6886 6.71268 -22.5282 -26.7988 3.49587 -23.6738 -24.6496 0.231411 -24.1443 -22.3499 -2.95675 -23.9341 -19.9877 -5.98594 -23.0729 -17.6412 -8.7874 -21.609 -15.3603 -11.3208 -19.5905 -13.2079 -13.5239 -17.0989 -11.2124 -15.3656 -14.2143 -9.38123 -16.8257 -11.019 -7.6969 -17.8954 -7.58515 -6.13067 -18.5674 -3.99798 -4.63125 -18.8435 -0.330846 -3.13258 -18.7286 3.34525 -1.56078 -18.2322 6.95052 0.168771 -17.3659 10.4108 2.13632 -16.1496 13.6301 4.41026 -14.6166 16.4926 7.01657 -12.8346 18.8493 9.97029 -10.8786 20.5734 13.2202 -8.86503 21.525 16.6556 -6.93755 21.5969 20.0875 -5.26459 20.7526 23.352 -3.97432 19.03 26.2622 -3.17693 16.5434 28.6648 -2.93293 13.468 30.4689 -3.25254 9.9878 31.618 -4.09901 6.32283 32.1223 -5.40102 2.64591 32.0256 -7.07187 -0.913346 31.3827 -9.03489 -4.28889 30.2559 -11.1942 -7.40801 28.7015 -13.4708 -10.2474 26.7645 -15.7925 -12.8005 24.4695 -18.0996 -15.0757 21.8465 -20.3179 -17.0669 18.9141 -22.3799 -18.7743 15.6918 -24.2153 -20.1932 12.2084 -25.7498 -21.3129 8.5012 -26.9102 -22.1206 4.62813 -27.6246 -22.6015 0.0957332 0.0691618 0.0474356 0.0331484 0.0286085 0.0354718 0.0546298 0.0861244 0.129189 0.182419 0.241966 0.304258 0.367178 0.428933 0.488309 0.544828 0.598383 0.648901 0.696117 0.739659 0.778858 0.812664 0.839617 0.857771 0.864599 0.85699 0.830997 0.78183 0.704328 0.59341 0.444864 0.258687 0.0425971 -0.187898 -0.412626 -0.608679 -0.762897 -0.871986 -0.939486 -0.97275 -0.979561 -0.966839 -0.940648 -0.905983 -0.866736 -0.825837 -0.785405 -0.746725 -0.71045 -0.67658 -0.644554 -0.613504 -0.582408 -0.550091 -0.515389 -0.477529 -0.43641 -0.392408 -0.346361 -0.299893 -0.255916 -0.216545 -0.184545 -0.161927 -0.149499 -0.147172 -0.153997 -0.168397 -0.188428 -0.211865 -0.236267 -0.259094 -0.277699 -0.289428 -0.291626 -0.28175 -0.257666 -0.217985 -0.162176 -0.0912857 -0.00865114 0.0806436 0.170451 0.253783 0.324384 0.376633 0.411673 0.432927 0.443749 0.446994 0.444865 0.438828 0.429621 0.417457 0.402241 0.383746 0.361861 0.336742 0.308977 0.279717 0.154999
-1.6666 -25.6299 -20.9974 -5.26924 -24.0166 -21.0025 -8.64286 -21.989 -20.7034 -11.7106 -19.5758 -20.1136 -14.4032 -16.8204 -19.2539 -16.6541 -13.7927 -18.1575 -18.4356 -10.5433 -16.8525 -19.7222 -7.13876 -15.3728 -20.5042 -3.646 -13.7527 -20.7855 -0.125707 -12.0225 -20.5804 3.35963 -10.2127 -19.9122 6.75678 -8.34773 -18.8095 10.0185 -6.44761 -17.2942 13.1212 -4.51643 -15.4059 16.0069 -2.5777 -13.1794 18.6418 -0.640527 -10.6499 20.9944 1.28807 -7.84359 23.0409 3.20819 -4.80438 24.7447 5.10833 -1.57 26.0774 6.98282 1.81928 27.0103 8.82487 5.32068 27.5148 10.6267 8.88364 27.5615 12.3772 12.4511 27.1218 14.0626 15.9559 26.1693 15.6658 19.3048 24.6895 17.1592 22.4176 22.6682 18.5228 25.1839 20.1115 19.7249 27.4784 17.0519 20.7289 29.1572 13.587 21.4914 30.1121 9.81203 21.9845 30.2384 5.89398 22.1798 29.4769 2.04537 22.0644 27.8483 -1.47345 21.6508 25.4336 -4.45916 20.9721 22.3864 -6.72382 20.0826 18.907 -8.14987 19.0499 15.1696 -8.71091 17.9376 11.4008 -8.44012 16.8224 7.74316 -7.44446 15.7496 4.28151 -5.8572 14.7402 1.02815 -3.79975 13.7869 -2.00103 -1.40814 12.8754 -4.84016 1.20821 11.9694 -7.53697 3.95683 11.0212 -10.1458 6.76154 9.9733 -12.7089 9.54421 8.76566 -15.2603 12.2302 7.33533 -17.8177 14.7396 5.62244 -20.3695 16.9775 3.58293 -22.8949 18.8551 1.17961 -25.3403 20.2709 -1.59428 -27.6285 21.1262 -4.71066 -29.651 21.3371 -8.07598 -31.3231 20.8557 -11.6019 -32.5485 19.6644 -15.1429 -33.2487 17.7927 -18.5291 -33.3771 15.3393 -21.5616 -32.9314 12.4117 -24.1036 -31.9415 9.15964 -26.0206 -30.4723 5.74844 -27.2193 -28.5984 2.31379 -27.6537 -26.4411 -0.961296 -27.3112 -24.1146 -3.94936 -26.236 -21.7253 -6.55585 -24.5055 -19.348 -8.73336 -22.203 -17.0656 -10.4368 -19.4492 -14.919 -11.668 -16.3555 -12.9218 -12.451 -13.0249 -11.0574 -12.8261 -9.53833 -9.29605 -12.8404 -5.97887 -7.58344 -12.5478 -2.40764 -5.85048 -12.0041 1.12422 -4.02106 -11.2671 4.56298 -2.00789 -10.3938 7.86444 0.271174 -9.4464 10.9665 2.88623 -8.49373 13.7895 5.86237 -7.61912 16.2185 9.21747 -6.90164 18.1553 12.8991 -6.43009 19.4764 16.7912 -6.28744 20.0715 20.6884 -6.53455 19.8724 24.4097 -7.20094 18.8739 27.7381 -8.27465 17.1253 30.4845 -9.70464 14.7374 32.5245 -11.4233 11.8472 33.7727 -13.3303 8.64182 34.2255 -15.3331 5.28732 33.9278 -17.3496 1.92359 32.9449 -19.3232 -1.3627 31.3633 -21.1861 -4.47541 29.2692 -22.8939 -7.36666 26.742 -24.4092 -10.0084 23.842 -25.7022 -12.3924 20.6395 -26.7341 -14.5007 17.1918 -27.4715 -16.3271 13.5542 -27.8801 -17.8654 9.78641 -27.9267 -19.1079 5.94728 -27.5816 -20.0483 2.10476 -26.8208 -20.6796 0.495776 0.440762 0.393005 0.355247 0.329984 0.319066 0.3237 0.344476 0.381345 0.433683 0.497864 0.570225 0.648445 0.729953 0.812272 0.893516 0.972215 1.04706 1.11678 1.18037 1.23683 1.28511 1.32394 1.35173 1.36632 1.3649 1.34354 1.2969 1.21819 1.09906 0.9296 0.701942 0.417067 0.0910556 -0.243939 -0.544752 -0.783829 -0.954895 -1.06525 -1.12762 -1.1541 -1.15447 -1.13673 -1.10728 -1.07114 -1.03221 -0.993557 -0.957362 -0.925145 -0.897712 -0.875199 -0.857252 -0.843045 -0.831257 -0.820274 -0.808378 -0.794014 -0.775891 -0.753169 -0.725724 -0.69468 -0.661678 -0.630308 -0.603831 -0.584357 -0.572981 -0.569758 -0.573816 -0.583624 -0.597111 -0.6117 -0.624369 -0.631595 -0.629347 -0.612968 -0.577172 -0.516382 -0.425113 -0.298462 -0.134524 0.0622426 0.280275 0.502394 0.70762 0.878922 1.00465 1.08882 1.13865 1.16088 1.16148 1.14561 1.1175 1.0802 1.03593 0.986227 0.932112 0.874435 0.814053 0.752096 0.690163 0.134679
-3.04826 -25.1824 -20.3822 -5.96445 -22.5235 -20.471 -8.59649 -19.5909 -20.2384 -10.901 -16.4318 -19.6984 -12.8444 -13.0973 -18.8702 -14.3976 -9.65636 -17.7823 -15.5587 -6.14496 -16.4566 -16.3253 -2.61183 -14.9188 -16.7029 0.897848 -13.1939 -16.7031 4.34608 -11.3031 -16.3414 7.6922 -9.26894 -15.6366 10.9022 -7.10924 -14.6087 13.9447 -4.83941 -13.269 16.8061 -2.45825 -11.6435 19.4375 0.00860376 -9.75273 21.8087 2.54916 -7.61734 23.8886 5.15046 -5.25129 25.6499 7.80571 -2.68454 27.052 10.4883 0.0565497 28.0606 13.1753 2.94136 28.6415 15.8382 5.93485 28.7616 18.4431 8.99301 28.3905 20.9473 12.0642 27.5034 23.3014 15.0865 26.0837 25.4485 17.9756 24.1362 27.3181 20.6595 21.6701 28.8511 23.0429 18.7231 29.9776 25.023 15.3636 30.631 26.4862 11.7237 30.757 27.3547 7.92021 30.3283 27.5553 4.12672 29.3412 27.0495 0.539822 27.8301 25.8548 -2.62182 25.8853 24.0273 -5.20763 23.6093 21.6687 -7.08713 21.1375 18.9108 -8.19054 18.6112 15.8636 -8.51215 16.1349 12.6895 -8.09056 13.8396 9.49686 -7.02156 11.794 6.35803 -5.42277 10.0297 3.28919 -3.40201 8.53809 0.327272 -1.0774 7.29315 -2.52974 1.4598 6.23166 -5.30135 4.13191 5.28045 -8.0205 6.87579 4.35964 -10.7154 9.62644 3.38909 -13.4147 12.3228 2.28717 -16.1374 14.8987 0.974765 -18.8799 17.2712 -0.615693 -21.634 19.3602 -2.54711 -24.3593 21.0656 -4.85866 -26.9885 22.28 -7.55905 -29.4114 22.8955 -10.5939 -31.5354 22.8348 -13.9023 -33.2396 22.0428 -17.356 -34.41 20.513 -20.7837 -34.9561 18.3172 -23.9636 -34.8419 15.5588 -26.7221 -34.0714 12.4009 -28.8819 -32.6996 9.03804 -30.3105 -30.8069 5.64376 -30.9377 -28.5327 2.43655 -30.7398 -26.0167 -0.430885 -29.7677 -23.3904 -2.85411 -28.116 -20.747 -4.7894 -25.8885 -18.1842 -6.21032 -23.2226 -15.7501 -7.14354 -20.2394 -13.4618 -7.64092 -17.0439 -11.3038 -7.76947 -13.7124 -9.24983 -7.60291 -10.3174 -7.25075 -7.21951 -6.90726 -5.24565 -6.69806 -3.51895 -3.17039 -6.11871 -0.191381 -0.95149 -5.56019 3.04583 1.47693 -5.10421 6.14579 4.16854 -4.83454 9.04364 7.13484 -4.83381 11.6367 10.374 -5.18493 13.8519 13.8231 -5.96153 15.5905 17.3746 -7.21014 16.7525 20.8536 -8.92386 17.2517 24.114 -11.0728 17.0493 26.9783 -13.575 16.1417 29.2895 -16.3136 14.5771 30.9393 -19.1699 12.435 31.8489 -21.9904 9.84916 32.0085 -24.6528 6.9586 31.4528 -27.0596 3.89789 30.2379 -29.1521 0.766395 28.4486 -30.8677 -2.31843 26.1746 -32.1789 -5.27994 23.5041 -33.0713 -8.06081 20.5106 -33.5398 -10.6269 17.2814 -33.5795 -12.937 13.8909 -33.1923 -14.9669 10.4103 -32.383 -16.6977 6.91089 -31.1611 -18.1132 3.45781 -29.5393 -19.2034 0.116953 -27.5374 -19.9607 -0.318047 -0.401625 -0.472622 -0.528226 -0.566378 -0.586023 -0.586834 -0.568914 -0.532711 -0.47888 -0.411194 -0.332688 -0.244534 -0.148438 -0.0464548 0.0594735 0.167334 0.274784 0.379053 0.477517 0.567597 0.646871 0.713079 0.764105 0.797658 0.811227 0.80132 0.762766 0.688042 0.565926 0.379349 0.106714 -0.26912 -0.739225 -1.24494 -1.6919 -2.02892 -2.2571 -2.39969 -2.48152 -2.5216 -2.53351 -2.52629 -2.50649 -2.47905 -2.4479 -2.41622 -2.38646 -2.36049 -2.33946 -2.3238 -2.31331 -2.30711 -2.30363 -2.3008 -2.29624 -2.28756 -2.27261 -2.24977 -2.21831 -2.17919 -2.13435 -2.08852 -2.04621 -2.01055 -1.98348 -1.96564 -1.95641 -1.95433 -1.95725 -1.9624 -1.96647 -1.96546 -1.95461 -1.92806 -1.87854 -1.79733 -1.67628 -1.50477 -1.27285 -0.979691 -0.64114 -0.291491 0.0266633 0.283905 0.467801 0.591152 0.667225 0.705907 0.714565 0.698901 0.663367 0.611302 0.545355 0.467898 0.381022 0.286997 0.188316 0.0879132 -0.0107576 0.214293
-3.61283 -23.4682 -19.2367 -5.65399 -20.09 -19.1795 -7.42727 -16.5824 -18.8125 -8.92545 -12.9903 -18.1538 -10.1463 -9.35409 -17.2213 -11.0879 -5.7276 -16.039 -11.7615 -2.12661 -14.6196 -12.174 1.41901 -12.9782 -12.3337 4.88171 -11.1288 -12.2492 8.23862 -9.08207 -11.9292 11.4613 -6.85112 -11.382 14.5248 -4.44676 -10.6154 17.4036 -1.87954 -9.62922 20.0859 0.856276 -8.43331 22.5244 3.73299 -7.03272 24.6869 6.73535 -5.43251 26.5383 9.84406 -3.63272 28.045 13.0443 -1.64625 29.16 16.294 0.515001 29.8417 19.5521 2.83325 30.0495 22.7666 5.28369 29.7465 25.8754 7.8299 28.9042 28.8025 10.4245 27.5074 31.463 13.0073 25.5597 33.7643 15.4964 23.1004 35.6058 17.8211 20.1796 36.9092 19.8949 16.8847 37.6 21.6321 13.3328 37.6267 22.947 9.6924 36.9759 23.7934 6.09088 35.6652 24.1321 2.6838 33.7463 23.9492 -0.383066 31.3037 23.2627 -2.97008 28.4679 22.1077 -5.00544 25.3487 20.5373 -6.42935 22.0757 18.6169 -7.21543 18.7742 16.394 -7.36572 15.5251 13.9613 -6.89842 12.4616 11.3893 -5.86207 9.66314 8.73141 -4.32951 7.19169 5.9888 -2.3978 5.07676 3.22248 -0.17613 3.30522 0.460493 2.2513 1.82003 -2.28732 4.81451 0.552573 -5.02809 7.45859 -0.573307 -7.76996 10.1285 -1.63381 -10.529 12.7749 -2.70837 -13.3212 15.3458 -3.8768 -16.1491 17.774 -5.21369 -19.0206 19.994 -6.79632 -21.9187 21.9163 -8.68992 -24.8008 23.4331 -10.9419 -27.5738 24.4176 -13.5499 -30.1501 24.7604 -16.5004 -32.39 24.3566 -19.7066 -34.1352 23.1463 -23.0155 -35.2288 21.16 -26.192 -35.5762 18.4938 -29.0208 -35.1352 15.3358 -31.2709 -33.9451 11.9322 -32.7643 -32.1009 8.51462 -33.4093 -29.7748 5.34635 -33.1884 -27.1453 2.59599 -32.1793 -24.373 0.355456 -30.5085 -21.5646 -1.36161 -28.304 -18.821 -2.56883 -25.7137 -16.1853 -3.3287 -22.8553 -13.6681 -3.72044 -19.8212 -11.2509 -3.82902 -16.6719 -8.91115 -3.73858 -13.4641 -6.61002 -3.532 -10.2339 -4.30345 -3.28956 -7.00987 -1.95038 -3.09048 -3.82574 0.496476 -3.01282 -0.707726 3.07403 -3.13616 2.3016 5.80766 -3.54063 5.14393 8.68593 -4.29821 7.72552 11.6956 -5.48115 9.97615 14.7407 -7.14856 11.8388 17.7258 -9.30076 13.246 20.5274 -11.8821 14.1275 23.0592 -14.845 14.4442 25.2106 -18.0981 14.1644 26.8789 -21.523 13.2831 27.9844 -25.0009 11.8165 28.4582 -28.3607 9.8274 28.2772 -31.4534 7.40431 27.455 -34.1456 4.65746 26.0288 -36.3414 1.69004 24.0785 -37.9458 -1.35678 21.6995 -38.9164 -4.36659 18.9966 -39.2433 -7.23854 16.0651 -38.9412 -9.89954 13.0143 -38.0457 -12.2779 9.93457 -36.6086 -14.3311 6.90377 -34.6898 -16.0335 3.98868 -32.3548 -17.3721 1.23904 -29.6656 -18.3471 -1.30483 -26.6841 -18.9647 3.07822 2.97605 2.89363 2.83214 2.79167 2.77149 2.7706 2.78816 2.82358 2.87661 2.944 3.02427 3.11808 3.22525 3.34475 3.475 3.61349 3.75645 3.89879 4.03523 4.16068 4.2708 4.36226 4.43271 4.4803 4.50343 4.49971 4.46495 4.3922 4.26972 4.07721 3.78391 3.35449 2.78066 2.14034 1.58372 1.1822 0.91892 0.75358 0.654803 0.603677 0.582774 0.581485 0.592871 0.612079 0.635442 0.659944 0.683084 0.70271 0.717107 0.725112 0.726182 0.72067 0.710029 0.696678 0.68403 0.676051 0.676623 0.688906 0.714795 0.753836 0.80328 0.856774 0.908244 0.953414 0.989714 1.01627 1.03377 1.04387 1.04887 1.0516 1.05534 1.06402 1.0824 1.11657 1.17468 1.26751 1.40754 1.60325 1.87337 2.22648 2.64679 3.086 3.48092 3.79262 4.01165 4.15996 4.25524 4.30876 4.32769 4.3167 4.27895 4.21659 4.13152 4.02629 3.90422 3.77008 3.62973 3.48981 3.35702 0.159189
-3.18298 -22.935 -19.9119 -5.25164 -19.5751 -19.793 -7.08186 -16.1043 -19.3617 -8.66517 -12.5612 -18.6395 -9.99598 -8.97976 -17.6475 -11.066 -5.40681 -16.4126 -11.8792 -1.85222 -14.95 -12.4407 1.65535 -13.2715 -12.7585 5.0873 -11.3856 -12.8399 8.419 -9.29783 -12.6918 11.6192 -7.01701 -12.3206 14.6593 -4.55011 -11.7325 17.5091 -1.90463 -10.9216 20.156 0.921794 -9.88712 22.5538 3.89372 -8.62656 24.672 6.98832 -7.13899 26.4774 10.1789 -5.42048 27.9388 13.4441 -3.48106 29.0128 16.7359 -1.33193 29.6622 20.0085 1.00854 29.8509 23.208 3.51387 29.5471 26.2726 6.14526 28.7265 29.1297 8.85255 27.3765 31.7005 11.5729 25.5011 33.9013 14.2205 23.1358 35.6419 16.7222 20.3239 36.8539 18.9873 17.1423 37.4717 20.9244 13.6954 37.4491 22.4393 10.138 36.7743 23.4782 6.5879 35.4618 23.9922 3.19465 33.5573 23.958 0.10397 31.1383 23.3859 -2.53802 28.3278 22.3084 -4.64884 25.2311 20.7795 -6.15534 21.9755 18.8701 -7.01734 18.6865 16.6375 -7.22529 15.4472 14.187 -6.78716 12.3937 11.6033 -5.74564 9.60786 8.94343 -4.18174 7.15836 6.20537 -2.19903 5.08509 3.45628 0.083526 3.36489 0.721684 2.57364 1.93379 -1.99266 5.19586 0.716001 -4.69825 7.89186 -0.371281 -7.4068 10.6039 -1.41016 -10.1364 13.2806 -2.48499 -12.9026 15.8675 -3.67945 -15.707 18.2934 -5.06882 -18.5615 20.4838 -6.72203 -21.4504 22.3403 -8.69361 -24.3301 23.749 -11.0178 -27.1045 24.5823 -13.6765 -29.6829 24.7342 -16.641 -31.9236 24.1115 -19.8114 -33.6685 22.6726 -23.0278 -34.7629 20.4717 -26.0592 -35.1153 17.6233 -28.7037 -34.685 14.3292 -30.7519 -33.5093 10.8414 -32.0498 -31.678 7.38914 -32.5242 -29.3563 4.22958 -32.1719 -26.7169 1.52285 -31.0744 -23.9178 -0.646979 -29.3556 -21.0663 -2.27222 -27.137 -18.2669 -3.37287 -24.5588 -15.5682 -4.01711 -21.731 -12.987 -4.2902 -18.738 -10.5111 -4.28343 -15.6328 -8.12258 -4.0875 -12.4659 -5.77834 -3.78762 -9.27419 -3.43059 -3.46747 -6.08701 -1.03525 -3.21078 -2.93873 1.45673 -3.10091 0.142364 4.08196 -3.2236 3.11024 6.86253 -3.66513 5.90104 9.7796 -4.50166 8.41374 12.798 -5.80581 10.5842 15.8027 -7.63004 12.3638 18.7027 -9.94985 13.6795 21.3803 -12.69 14.4615 23.7574 -15.7875 14.6723 25.736 -19.1377 14.2837 27.2283 -22.614 13.2948 28.1692 -26.0949 11.724 28.5041 -29.4112 9.63613 28.2194 -32.4202 7.11941 27.3329 -34.9966 4.2829 25.8816 -37.052 1.22836 23.9417 -38.5 -1.90224 21.6021 -39.3056 -4.99066 18.9603 -39.4653 -7.93284 16.1046 -38.9996 -10.652 13.137 -37.951 -13.0726 10.1412 -36.3773 -15.1496 7.18874 -34.3436 -16.8562 4.3404 -31.9195 -18.1802 1.64033 -29.1696 -19.1235 -0.876148 -26.1559 -19.6956 9.53461 9.47287 9.44505 9.4389 9.20083 9.20944 9.20241 9.19035 9.25585 9.35361 9.44206 9.53149 9.56109 9.57153 9.58954 9.59511 9.97028 10.0487 10.1285 10.2029 10.7144 10.747 10.7801 10.7994 10.9823 10.8821 10.7734 10.6583 10.8466 10.7548 10.6764 10.5916 8.36369 8.10106 7.88935 7.7237 7.77254 7.59591 7.48932 7.4381 6.72367 6.8006 6.85819 6.91265 6.96247 6.9721 6.97751 6.98477 7.24655 7.28274 7.30383 7.32212 7.04102 7.03507 7.02843 7.01817 7.05707 7.03814 7.0031 6.96646 7.02955 7.02334 7.02569 7.03032 7.25512 7.2533 7.25941 7.26405 7.27807 7.27084 7.26864 7.26073 7.16756 7.13578 7.11286 7.09903 7.89175 8.03428 8.18664 8.33737 8.38398 8.64375 8.90966 9.164 10.4381 10.4545 10.4831 10.5159 10.7128 10.6819 10.6457 10.6112 10.5116 10.4519 10.3855 10.3196 9.80048 9.70709 9.62333 9.55938 -0.0125458
