# num_vectors 8
# vector_size 401
# Iterations: 700, stepsize: 0.028943, max step size: 1.000000, spring constant: 0.000100, global NEB Hessian: false, global NEB Linesearch: true, climbing image: false
3.00837 -19.8882 -21.0287 -0.795417 -20.9098 -20.7647 -4.67475 -21.4466 -20.2702 -8.56095 -21.4432 -19.5778 -12.37 -20.8533 -18.7263 -15.9862 -19.6522 -17.7692 -19.3167 -17.8295 -16.7586 -22.2414 -15.4056 -15.7554 -24.6391 -12.4354 -14.8259 -26.3991 -9.00818 -14.0372 -27.4308 -5.25836 -13.4544 -27.722 -1.35058 -13.1232 -27.2922 2.55724 -13.0262 -26.1745 6.35098 -13.1278 -24.4347 9.89481 -13.3856 -22.1513 13.1045 -13.754 -19.4073 15.9219 -14.1843 -16.2744 18.3181 -14.6248 -12.8397 20.2661 -15.0223 -9.17665 21.7615 -15.3328 -5.35307 22.8093 -15.5138 -1.43081 23.4231 -15.5185 2.52832 23.6216 -15.3025 6.46494 23.4255 -14.8277 10.3182 22.8586 -14.0583 14.0088 21.9552 -12.9639 17.4832 20.7483 -11.5125 20.6658 19.2757 -9.68579 23.4741 17.5823 -7.47659 25.804 15.7402 -4.91081 27.5939 13.8102 -1.99925 28.7732 11.8848 1.21128 29.2747 10.065 4.65251 29.038 8.44078 8.18975 28.064 7.06902 11.7077 26.3883 6.05181 15.0786 24.0988 5.46536 18.1804 21.2834 5.29425 20.9308 18.0773 5.50526 23.2106 14.5903 6.04502 24.9627 10.9235 6.85177 26.1564 7.13979 7.85976 26.7842 3.33912 8.98988 26.8494 -0.414559 10.1793 26.3785 -4.07003 11.368 25.4031 -7.5924 12.4958 23.9569 -10.9448 13.5003 22.0799 -14.1009 14.323 19.8144 -17.037 14.908 17.2052 -19.7213 15.2023 14.3091 -22.1374 15.1588 11.1722 -24.2583 14.7303 7.85604 -26.0553 13.8749 4.43283 -27.4912 12.569 1.01328 -28.5531 10.789 -2.32795 -29.2155 8.53491 -5.48083 -29.4591 5.83071 -8.32479 -29.2796 2.75252 -10.7173 -28.6894 -0.636892 -12.5599 -27.7181 -4.22659 -13.7441 -26.4198 -7.88038 -14.1864 -24.867 -11.4847 -13.8778 -23.127 -14.8678 -12.8658 -21.245 -17.9139 -11.2296 -19.2622 -20.5374 -9.0655 -17.1964 -22.6927 -6.46121 -15.0838 -24.329 -3.53649 -12.9422 -25.4351 -0.392416 -10.7821 -26.015 2.8775 -8.6004 -26.0826 6.19535 -6.3995 -25.6579 9.47378 -4.17269 -24.768 12.6395 -1.91104 -23.444 15.6236 0.390304 -21.724 18.3549 2.74216 -19.6438 20.775 5.14575 -17.245 22.8203 7.59756 -14.5755 24.4258 10.0781 -11.7164 25.519 12.5909 -8.72919 26.0532 15.1094 -5.70022 25.9793 17.5944 -2.72875 25.2599 19.9781 0.0514674 23.8894 22.2183 2.54441 21.8754 24.243 4.63287 19.2622 25.9804 6.20354 16.1311 27.3916 7.14709 12.5831 28.4446 7.40759 8.80255 29.0959 7.03268 4.94187 29.3157 6.08393 1.13121 29.0951 4.6271 -2.54169 28.4413 2.75542 -5.96665 27.371 0.563265 -9.08274 25.9064 -1.85621 -11.8509 24.0663 -4.42307 -14.2573 21.8815 -7.0462 -16.2849 19.3786 -9.64941 -17.9355 16.5831 -12.1608 -19.2177 13.5213 -14.5069 -20.1469 10.2169 -16.6201 -20.7448 6.70044 -18.4353 -21.0316 -3.92809 -3.9009 -3.85564 -3.80014 -3.99046 -3.95212 -3.96812 -4.0128 -3.96632 -3.92581 -3.92864 -3.90945 -3.92362 -4.00026 -4.08459 -4.1896 -3.94121 -4.02034 -4.11044 -4.20185 -3.84018 -3.93604 -4.0006 -4.05023 -3.91084 -4.02108 -4.11466 -4.18532 -3.90329 -3.82831 -3.62411 -3.29547 -4.99038 -4.64417 -4.27292 -3.98396 -3.6542 -3.66234 -3.63759 -3.57389 -4.23319 -4.07979 -3.97882 -3.93154 -3.93171 -3.9648 -3.99948 -4.03871 -3.82658 -3.83486 -3.83925 -3.81119 -4.04847 -4.00773 -3.97236 -3.95852 -3.91137 -3.91812 -3.9483 -3.99135 -3.95395 -3.99827 -4.04401 -4.09397 -3.92354 -3.97429 -4.00515 -4.02025 -4.00846 -4.00284 -3.98286 -3.96943 -4.05856 -4.11514 -4.20841 -4.34362 -3.72267 -3.75843 -3.78404 -3.84543 -4.08123 -4.1794 -4.33285 -4.4947 -3.56085 -3.80262 -3.95052 -4.02588 -3.88616 -3.93191 -3.94923 -3.93646 -3.96216 -3.92073 -3.8574 -3.76583 -4.10668 -4.03753 -3.98107 -3.92118 0.0858944
1.70847 -20.5252 -21.4782 -2.16572 -21.1438 -21.068 -6.04268 -21.3706 -20.3761 -9.91458 -21.8309 -19.778 -13.7769 -21.5816 -19.0163 -17.0861 -19.7691 -17.9306 -20.0241 -17.4469 -16.7513 -23.1405 -15.3671 -15.5774 -25.7236 -12.6228 -14.4771 -26.647 -8.88506 -13.6891 -26.7494 -5.00163 -13.0944 -27.1427 -1.15034 -12.4178 -26.9393 2.7435 -11.9273 -25.1845 6.28561 -11.9935 -22.8635 9.46761 -12.3382 -20.7428 12.7921 -12.6239 -18.2469 15.8445 -12.9122 -14.8815 17.9043 -13.3117 -11.279 19.495 -13.7814 -7.76602 21.2674 -14.2774 -4.07825 22.6924 -14.5902 -0.129332 23.0568 -14.4813 3.83089 23.0048 -14.2513 7.7947 23.1198 -14.1329 11.7236 22.8956 -13.6307 15.2652 21.7777 -12.2818 18.5869 20.3423 -10.6945 22.0324 19.0312 -9.27243 25.1003 17.465 -7.33663 26.9063 15.4724 -4.4815 28.1536 13.3626 -1.41918 29.6789 11.2555 1.51657 30.4738 9.31028 4.82831 29.3714 7.84062 8.26479 27.5288 6.58852 11.4622 25.9503 5.20931 14.7473 23.8124 4.17157 17.8355 20.5558 4.2018 20.0473 17.0646 4.76653 21.777 13.6652 5.17778 23.7198 10.0778 5.77245 25.2283 6.28551 6.9057 25.4243 2.5632 8.21964 25.0744 -1.18357 9.50374 24.9441 -4.91132 10.732 24.3971 -8.32942 11.8342 22.709 -11.5304 12.9125 20.626 -14.8095 14.0681 18.7126 -17.9649 14.9024 16.4553 -20.5066 14.9839 13.4238 -22.7485 14.8437 10.1663 -25.1197 14.8744 6.99861 -27.1903 14.3596 3.66625 -28.2881 12.6627 0.296707 -28.9776 10.6089 -2.9814 -29.8479 8.75706 -6.33594 -30.2588 6.30406 -9.37775 -29.5343 2.96237 -11.2536 -28.3539 -0.527533 -12.5338 -27.323 -3.96123 -14.0695 -25.9904 -7.52528 -14.9252 -24.0835 -10.8493 -14.0364 -22.0675 -13.8151 -12.4188 -20.092 -16.9265 -11.043 -18.0119 -19.7403 -9.24542 -15.8617 -21.4761 -6.4106 -13.8039 -22.688 -3.25305 -11.7444 -24.1106 -0.185865 -9.58614 -25.1223 2.97497 -7.39883 -24.9203 6.28023 -5.3021 -24.2523 9.58292 -3.21863 -23.7785 12.9273 -0.983542 -22.9106 16.0897 1.3816 -21.0195 18.6437 3.705 -18.7866 20.9479 6.00205 -16.7028 23.4125 8.43965 -14.2955 25.4015 10.9603 -11.3413 26.0489 13.4163 -8.2676 26.1995 15.8721 -5.21972 26.6253 18.4055 -2.22567 26.2811 20.5775 0.297745 24.2359 22.4259 2.55024 21.6322 24.3834 4.96915 19.2686 26.0827 6.88305 16.3161 26.917 7.29752 12.4977 27.3488 6.96507 8.60515 27.9467 6.87882 4.72137 28.1795 6.35409 0.833152 27.4712 4.62621 -2.65276 26.4252 2.44539 -5.78157 25.5295 0.394377 -9.04204 24.2799 -1.81149 -12.0771 22.1946 -4.40331 -14.2397 19.8662 -7.10427 -15.9797 17.6652 -9.80843 -17.8736 15.1349 -12.3955 -19.5008 11.9213 -14.5907 -20.2585 8.54158 -16.6255 -20.6559 5.25959 -18.7862 -21.1859 0.0372457 0.066603 0.0733798 0.132258 -0.0497332 -0.00572076 0.0132681 -0.0242719 -0.0302692 0.0144606 0.0974122 0.142369 0.0453427 -0.0316851 -0.00278488 -0.0864493 0.0446168 -0.0343643 -0.0193558 -0.104801 0.168405 0.0754103 0.0496817 -0.00317414 0.138219 0.0278298 -0.118664 -0.202851 0.191861 0.266944 0.263339 0.562412 -0.698383 -0.356443 -0.445801 -0.207528 0.367145 0.348763 0.285804 0.353835 -0.295431 -0.139641 -0.00732642 0.044675 -0.000319482 -0.0326937 -0.0279726 -0.0603642 0.114007 0.101149 0.115282 0.147657 -0.0906782 -0.0537501 -0.0307557 -0.0071388 0.0667327 0.0582433 0.0204243 -0.00517722 0.0422005 0.00276412 -0.0151808 -0.0533319 0.0959617 0.0471501 0.0374481 0.0222418 0.0208995 0.0277483 0.0548903 0.066527 -0.0309011 -0.0807514 -0.143008 -0.276278 0.262769 0.234273 0.377996 0.32441 -0.223615 -0.318455 -0.144864 -0.353925 0.34933 0.129799 0.0558822 -0.0369353 0.0883273 0.0513756 -0.00420438 -0.011416 0.0334376 0.0799041 0.0413221 0.116352 -0.0956628 -0.0259757 -0.077775 -0.020306 0.112313
2.82715 -25.8951 -18.3631 -1.09564 -26.2982 -18.255 -5.0295 -26.0141 -18.1682 -8.97454 -25.998 -18.1752 -12.8203 -25.2743 -17.6766 -15.7507 -23.0702 -16.2727 -18.0105 -20.411 -14.4728 -20.4607 -17.9306 -12.6667 -22.5558 -14.9187 -11.2683 -23.3848 -11.1079 -10.7816 -23.6333 -7.18609 -10.856 -24.1034 -3.28428 -10.9094 -23.9224 0.621274 -10.5083 -22.2215 4.02511 -9.43385 -19.9619 6.94248 -8.01328 -17.8756 9.96069 -6.53915 -15.3807 12.9161 -5.71765 -12.1637 15.1729 -6.2562 -8.87666 16.9878 -7.53493 -5.67253 18.9446 -8.81466 -2.08094 20.5403 -9.3496 1.7657 21.0242 -8.50635 5.45279 21.0521 -7.04095 9.17104 21.2944 -5.67775 12.9042 20.8872 -4.39763 16.1622 18.9837 -3.22426 19.0856 16.521 -2.22215 22.1503 14.2199 -1.25892 24.8296 11.646 0.0866811 26.3007 8.57815 2.03849 27.3322 5.41652 4.11844 28.6548 2.30252 6.10347 28.9732 -0.844454 8.42286 27.0911 -3.44752 10.6291 24.4568 -5.69254 12.4203 22.1066 -8.18141 14.2832 19.0625 -9.80364 16.0964 15.3645 -9.18635 17.2979 11.9048 -7.47274 18.07 8.35554 -6.02864 18.9752 4.91287 -4.26243 19.703 2.09722 -1.47413 19.7648 -0.271557 1.6945 19.5287 -2.69687 4.82643 19.4029 -5.31149 7.77808 19.0051 -8.07685 10.3917 17.877 -10.7989 12.9389 16.5156 -13.4592 15.6155 15.2866 -16.4126 17.6979 13.6462 -19.5375 18.2471 11.2814 -22.6337 18.1156 8.82039 -25.8391 18.2023 6.50112 -28.4812 17.8669 3.57439 -29.4928 16.5107 0.0278739 -29.6398 14.8483 -3.52977 -29.9991 13.351 -7.14514 -30.0997 11.2505 -10.4646 -29.3545 8.13444 -12.6889 -28.3575 4.70703 -14.2614 -27.5293 1.30648 -15.9831 -25.9914 -1.93932 -17.504 -23.1071 -4.52022 -18.2101 -19.7293 -6.49252 -18.635 -16.4063 -8.49647 -19.2849 -13.329 -10.9247 -18.9496 -11.2207 -13.397 -16.6872 -9.87173 -15.65 -13.7239 -8.39035 -18.0408 -10.9371 -6.80214 -19.9625 -7.86138 -5.47354 -20.5862 -4.17382 -4.39352 -20.6467 -0.355088 -3.31334 -20.909 3.45502 -2.00251 -20.7571 7.19809 -0.39874 -19.4682 10.5835 1.21802 -17.7724 13.7781 2.75784 -16.2398 17.0909 4.62966 -14.3281 20.0126 7.04906 -11.7253 21.708 9.56621 -8.96188 22.9453 12.0012 -6.26887 24.4692 14.7458 -3.49598 24.999 17.3364 -1.0658 23.3702 19.4722 1.13746 20.9502 21.6588 3.5562 18.7958 23.9354 5.01588 15.9749 25.6974 4.18692 12.5604 27.0909 2.14964 9.50068 28.6939 0.247674 6.45652 29.4485 -1.27572 2.9122 28.2706 -2.15888 -0.758802 26.2097 -2.4746 -4.12013 24.2889 -2.73103 -7.56835 22.3822 -3.9105 -10.8267 20.4955 -6.58587 -13.0696 18.8301 -9.80614 -14.6835 17.209 -12.9546 -16.4746 15.0933 -15.9636 -17.9634 12.1933 -18.6324 -18.4003 9.14176 -21.1633 -18.3196 6.2218 -23.8462 -18.3312 0.00994732 -0.0215932 -0.0269688 0.0510423 -0.0853212 -0.0275307 -0.0295115 -0.0740509 -0.0792197 -0.0333489 0.0535206 0.100963 0.0395982 -0.0108151 0.00571676 -0.037697 0.164566 0.0851437 0.0889819 -0.0130272 0.296444 0.249332 0.249277 0.197424 0.298994 0.175982 0.0507413 -0.0599771 0.242818 0.26463 0.274563 0.571322 -0.841772 -0.621136 -0.754583 -0.560393 0.0637493 0.102555 -0.00676253 0.0861361 -0.437252 -0.234161 -0.123369 -0.0551968 -0.0325307 -0.0467747 -0.0698182 -0.100125 0.111557 0.106748 0.112476 0.093034 -0.215504 -0.186459 -0.138706 -0.078108 0.0446823 0.0648215 0.0323631 -0.00291812 0.0983379 0.129451 0.12999 0.128926 0.271084 0.168725 0.137451 0.0858191 0.0120933 -0.0204102 0.00243723 -0.0054336 -0.142789 -0.208989 -0.267069 -0.409117 0.115693 0.103776 0.279884 0.239451 -0.300767 -0.40724 -0.220369 -0.400486 0.43544 0.277482 0.205708 0.0849248 0.118854 0.0338383 0.00206755 -0.0108137 -0.0062791 0.0282895 -0.0239807 0.0709779 -0.0707551 0.0383397 -0.00807981 0.0185791 0.0750776
-0.331624 -30.3357 -21.963 -3.99304 -28.913 -22.3277 -7.23349 -26.6941 -22.7035 -10.5836 -24.6814 -23.243 -13.7197 -22.3218 -22.8426 -15.5959 -19.585 -20.7434 -16.6176 -17.011 -17.9597 -17.828 -14.45 -15.2404 -18.8276 -11.5697 -12.766 -18.9535 -8.23133 -10.6955 -18.7158 -4.77037 -8.84805 -18.599 -1.32561 -6.9592 -18.1441 2.08454 -5.05879 -16.8279 5.35063 -3.26024 -15.256 8.48694 -1.43609 -13.8373 11.6366 0.488033 -11.8307 14.7768 1.81013 -8.85455 17.396 1.68825 -5.721 19.6028 0.665796 -2.6913 21.9327 -0.396037 0.753257 23.8979 -0.323463 4.13986 24.5865 1.6257 7.01338 24.6301 4.36159 9.94937 24.9094 7.01589 13.0941 24.5505 9.40835 16.0493 22.6632 11.2304 18.8043 20.2449 12.706 21.6823 18.0347 14.2705 24.1063 15.2847 15.7455 25.173 11.639 16.7232 25.674 7.81198 17.4227 26.4762 4.05654 18.2223 26.38 0.191718 18.8845 24.4051 -3.16246 18.6964 22.0434 -6.18107 17.9898 19.9792 -9.43257 17.3926 16.7913 -11.5771 16.7413 12.9516 -10.9304 16.1589 9.68384 -8.76219 15.8052 6.25989 -6.85696 15.4177 2.93137 -4.79705 14.9928 0.344291 -1.82665 14.5552 -1.74755 1.5122 14.1256 -3.88833 4.82318 13.7224 -6.2698 7.93992 13.1545 -8.94435 10.7193 12.2199 -11.6342 13.4488 11.1871 -14.2269 16.2992 10.2356 -17.2349 18.5578 8.97004 -20.6965 19.2685 7.18894 -24.2427 19.279 5.43248 -27.8624 19.509 3.84934 -30.934 19.3093 1.3625 -32.2346 18.07 -2.13219 -32.5423 16.4557 -5.70168 -33.1508 14.9649 -9.28623 -33.1865 13.13 -12.7607 -31.6902 10.7651 -15.4773 -29.5787 8.33524 -17.6797 -27.629 5.92833 -20.0501 -25.4061 3.42107 -22.0463 -22.496 0.922007 -22.9203 -19.333 -1.36027 -23.4365 -16.1906 -3.59677 -24.2131 -13.3022 -6.24959 -23.8993 -11.5413 -8.88476 -21.5264 -10.7077 -11.1667 -18.3998 -9.77462 -13.5963 -15.4159 -8.44029 -15.6462 -12.3025 -6.72313 -16.5375 -8.83689 -4.92434 -16.9076 -5.31822 -3.15358 -17.4349 -1.80542 -1.33656 -17.6804 1.71469 0.531616 -17.0682 5.15429 2.3279 -16.1398 8.56126 4.06468 -15.3302 12.0288 6.17822 -14.2095 15.1868 8.91175 -12.4784 17.4307 11.7337 -10.6444 19.4748 14.4282 -8.93985 21.7859 17.6322 -6.81292 22.6304 20.2652 -4.68033 20.6834 21.8388 -2.7091 17.6978 23.5233 -0.486402 14.9595 25.4703 0.301123 11.664 26.866 -1.75314 8.61704 27.786 -5.0644 6.70755 28.9029 -8.28291 4.74526 29.1339 -10.9407 1.85789 27.5017 -12.2253 -1.50831 25.0345 -12.4222 -4.59413 22.6334 -12.6332 -7.73076 20.4588 -13.8091 -10.8186 18.7803 -16.4324 -13.2785 17.6051 -19.6406 -15.2978 16.5131 -22.8132 -17.4175 14.442 -25.5928 -19.3495 10.9999 -27.2722 -20.3774 7.22641 -28.4019 -20.8359 3.55297 -29.7925 -21.3813 -0.0915924 -0.169185 -0.210028 -0.161212 -0.280816 -0.203231 -0.217505 -0.224763 -0.124965 -0.0341894 0.0225382 0.0919903 0.104079 0.0754621 0.0728184 0.013811 0.215152 0.138228 0.144449 0.0712337 0.452588 0.447236 0.456697 0.440854 0.589944 0.479442 0.351503 0.23377 0.506546 0.51401 0.552149 0.800029 -0.847935 -0.744647 -0.796798 -0.65381 -0.186637 -0.124959 -0.170519 -0.0699921 -0.602077 -0.380641 -0.245954 -0.163644 -0.131147 -0.139278 -0.15957 -0.192813 0.00993516 0.003304 0.0181632 -0.0112155 -0.33109 -0.284061 -0.202313 -0.150575 -0.0256344 0.035947 0.0280552 0.0450171 0.185312 0.189446 0.16624 0.138375 0.238883 0.108592 0.0717557 0.0282397 -0.0145845 -0.0312537 -0.0156345 -0.0142458 -0.123701 -0.181127 -0.250614 -0.383632 0.191703 0.215751 0.390856 0.344296 -0.207924 -0.436291 -0.255265 -0.442445 0.40454 0.250112 0.173748 0.103911 0.209775 0.146778 0.118831 0.103781 0.0681409 0.0616517 0.00172267 0.111548 -0.0741289 -0.00639234 -0.0729669 -0.0959398 -0.00301362
-3.90808 -27.219 -20.6285 -6.88934 -24.6361 -20.5685 -9.30047 -21.5209 -20.3554 -11.8634 -18.5233 -20.2625 -14.2139 -15.4111 -19.6691 -15.6571 -12.1595 -18.0078 -16.6589 -9.00178 -15.9001 -17.8033 -5.85432 -13.8505 -18.605 -2.52851 -11.9237 -18.4376 0.99525 -10.1914 -17.8691 4.55025 -8.61493 -17.4161 8.12603 -7.04811 -16.7194 11.5569 -5.26204 -15.3532 14.5693 -3.09593 -13.8027 17.3672 -0.771995 -12.3884 20.2322 1.55716 -10.4439 22.9284 3.69779 -7.44429 24.9734 5.29498 -4.10613 26.7565 6.48201 -0.859025 28.7193 7.63789 2.49782 29.9625 9.34579 5.59194 29.4688 11.7797 8.26556 28.2458 14.4439 10.9986 27.2527 17.1433 13.8693 25.7886 19.4576 16.5465 23.2039 20.7868 19.038 20.2523 21.6212 21.6137 17.4135 22.5811 23.9252 14.3169 23.4073 25.4718 10.7244 23.704 26.8628 7.05804 23.7989 28.5171 3.5079 24.0159 28.9909 -0.384076 23.9044 27.1672 -3.65474 22.826 24.6837 -6.25595 21.3243 22.4723 -9.15716 19.9525 19.5464 -11.0671 18.2268 16.1547 -10.4079 16.3395 13.1916 -8.37162 14.7341 10.135 -6.56735 13.0298 7.02373 -4.71252 11.4865 4.17781 -2.14776 10.4716 1.5658 0.735187 9.71449 -1.06993 3.58804 8.92627 -3.80326 6.30742 8.00936 -6.65148 8.84222 6.90793 -9.52079 11.3432 5.78426 -12.3644 13.8997 4.72169 -15.2979 16.2096 3.3766 -18.3235 17.8782 1.44774 -21.3779 19.3543 -0.589722 -24.4557 20.9812 -2.47124 -27.3285 22.0239 -4.98477 -29.3282 21.6431 -8.34572 -30.8362 20.7296 -11.8575 -32.5245 20.0742 -15.3448 -33.768 18.6219 -18.7775 -33.7352 15.7719 -21.4398 -33.1719 12.5226 -23.5225 -32.8413 9.37418 -25.8009 -31.7939 6.07912 -27.6056 -29.3523 3.01325 -27.9454 -26.4418 0.385502 -27.6257 -23.62 -2.35582 -27.5876 -20.8006 -4.97326 -26.7649 -18.2602 -6.69322 -24.2625 -16.0652 -7.821 -21.1665 -13.7827 -9.11808 -18.2029 -11.5235 -10.1769 -15.1289 -9.56161 -10.3812 -11.6849 -7.79201 -10.2054 -8.13669 -5.99808 -10.1219 -4.59734 -4.11903 -9.96155 -1.10513 -2.15662 -9.45944 2.29955 -0.246392 -8.80104 5.70728 1.58405 -8.15946 9.16173 3.85559 -7.57517 12.3545 6.90684 -7.15625 14.8076 10.0922 -6.77897 17.0914 13.1095 -6.34298 19.5835 16.7723 -6.25956 21.0257 20.5431 -6.74753 20.1239 23.8855 -7.26234 18.1651 27.3852 -7.5896 16.4568 30.355 -8.90257 14.2826 31.3396 -11.7438 11.7511 31.1672 -15.0728 9.66745 31.2993 -18.4218 7.61306 30.907 -21.2227 4.88308 29.124 -22.5762 1.62238 26.7832 -22.9895 -1.53901 24.5271 -23.5125 -4.74543 22.2223 -24.3558 -7.84714 19.6426 -25.5446 -10.6185 17.0717 -26.9412 -13.2996 14.6234 -28.3787 -16.0723 11.5524 -29.316 -18.404 7.72604 -29.1649 -19.4333 3.81183 -28.6188 -19.7575 -0.112077 -28.2923 -20.227 -0.100918 -0.161476 -0.192223 -0.175922 -0.362845 -0.31588 -0.319051 -0.329406 -0.245034 -0.159968 -0.101476 -0.0263444 0.00547656 0.00117932 0.0155072 -0.00869522 0.273229 0.267426 0.296836 0.25939 0.642712 0.626626 0.648322 0.655878 0.821995 0.719609 0.609588 0.493441 0.717161 0.684764 0.716413 0.938663 -0.758612 -0.668787 -0.72779 -0.681088 -0.371309 -0.387077 -0.389014 -0.287808 -0.854339 -0.621027 -0.452146 -0.339625 -0.279223 -0.257523 -0.245191 -0.248068 -0.0111804 0.00211557 0.01376 0.0381907 -0.20512 -0.16674 -0.143933 -0.124905 -0.0549471 -0.0581319 -0.0957015 -0.127509 -0.0463248 -0.050194 -0.0755554 -0.0998706 0.0617488 -0.0175797 -0.0694388 -0.12072 -0.166633 -0.208664 -0.225653 -0.249723 -0.374085 -0.449132 -0.538368 -0.664621 -0.0408863 -0.00520791 0.121716 0.156967 -0.0789839 -0.0410009 0.101638 0.0225625 0.894402 0.692663 0.587352 0.506667 0.593987 0.490771 0.412316 0.350607 0.257913 0.208185 0.140446 0.168004 -0.141523 -0.115147 -0.178418 -0.202471 -0.0917938
-5.02226 -25.0436 -19.965 -6.86394 -21.5561 -19.8898 -8.21109 -17.8666 -19.525 -9.68868 -14.2163 -19.2962 -11.0801 -10.5702 -18.7212 -11.9984 -7.03465 -17.2823 -12.7551 -3.60044 -15.5364 -13.6289 -0.137291 -13.9061 -14.0832 3.28818 -12.0422 -13.521 6.35712 -9.65281 -12.5323 9.15927 -7.08086 -11.6505 12.0139 -4.52785 -10.676 14.8852 -2.02782 -9.30275 17.6854 0.401892 -7.79249 20.5035 2.72747 -6.34841 23.3976 5.00123 -4.72893 25.9026 7.59591 -2.78966 27.3901 10.7193 -0.836652 28.4901 13.9911 1.03668 29.8062 17.2295 3.24093 30.5473 20.442 5.87332 29.8023 23.315 8.55733 28.5215 25.9409 11.2425 27.5013 28.6775 13.8581 25.8523 31.1631 15.9852 22.899 32.7012 17.7812 19.5579 33.8082 19.6804 16.3571 35.1354 21.4175 12.8829 35.8598 22.4468 9.17704 35.0906 23.227 5.56591 33.773 24.2381 1.91911 32.7414 24.4152 -1.62687 31.0745 23.0376 -3.82314 28.1654 21.2631 -5.0701 24.9276 19.6324 -6.61725 21.7443 17.7955 -7.77509 18.5083 15.5752 -7.60195 15.2617 13.3742 -6.88079 12.0779 11.2587 -6.38114 8.79517 8.71483 -5.38237 5.96108 5.78185 -3.17296 4.47028 2.96372 -0.483625 3.7399 0.132369 2.1498 2.87038 -2.77033 4.64746 1.84889 -5.76858 7.03286 0.813663 -8.81687 9.37322 -0.177243 -11.8737 11.7154 -1.13705 -14.8427 14.0854 -2.28572 -17.5737 16.51 -3.80986 -20.1586 19.0813 -5.34819 -22.7254 21.7542 -6.73651 -25.4587 23.7155 -8.82009 -27.97 23.9414 -11.8338 -30.2646 23.4311 -14.9827 -32.7105 23.2262 -18.0515 -34.5909 22.2227 -21.3525 -34.8932 19.7299 -24.3367 -34.452 16.8237 -26.9004 -34.2851 14.0669 -29.6545 -33.4259 10.9374 -31.8176 -31.1932 7.72344 -32.2201 -28.5423 4.85357 -31.7563 -26.0102 1.8458 -31.6141 -23.2828 -0.852527 -30.744 -20.5002 -2.23777 -28.292 -17.9507 -2.78612 -25.313 -15.3183 -3.52038 -22.4483 -12.7617 -4.21047 -19.5052 -10.5452 -4.38169 -16.2174 -8.51631 -4.3055 -12.8072 -6.4612 -4.27738 -9.41194 -4.32193 -4.26053 -6.06902 -2.09547 -4.15362 -2.79395 0.0652419 -3.95467 0.520638 2.12279 -3.70693 3.89704 4.68315 -3.7571 6.91965 8.01657 -4.47833 8.88697 11.5596 -5.38571 10.3451 15.0772 -6.11864 11.9551 18.4892 -7.49517 13.357 21.3246 -10.1118 13.9753 23.8035 -13.1055 14.3789 26.4363 -15.9202 15.0241 28.6811 -19.1004 14.6849 29.2944 -22.3874 12.6191 28.9753 -25.3887 10.1011 28.9619 -28.5433 7.75636 28.4673 -31.3754 5.07629 26.6151 -33.0359 2.00199 24.2584 -34.0513 -1.00717 22.058 -35.2803 -4.05472 19.6149 -36.2042 -7.02401 16.5662 -36.1202 -9.56207 13.367 -35.6939 -11.87 10.2336 -35.4808 -14.295 6.98506 -34.6925 -16.4324 3.83449 -32.6025 -17.6265 0.860326 -30.0904 -18.3777 -2.21985 -27.7649 -19.2859 -0.133861 -0.211502 -0.244407 -0.247318 -0.469626 -0.435834 -0.438704 -0.452827 -0.363986 -0.27383 -0.218206 -0.131534 -0.073688 -0.066874 -0.0526594 -0.0584326 0.295755 0.342951 0.38226 0.41281 0.883863 0.88891 0.910167 0.931954 1.13996 1.07043 0.973304 0.876546 1.09598 1.04119 1.06489 1.19572 -0.708648 -0.711071 -0.750282 -0.792086 -0.644003 -0.716727 -0.678217 -0.55899 -1.10775 -0.851054 -0.660526 -0.527117 -0.44284 -0.396306 -0.360407 -0.344153 -0.0900962 -0.0647074 -0.049118 -0.00390592 -0.225847 -0.189836 -0.172145 -0.174733 -0.123798 -0.125471 -0.16315 -0.187543 -0.111443 -0.134581 -0.176558 -0.219972 -0.0630886 -0.142261 -0.209436 -0.270832 -0.320679 -0.37879 -0.417977 -0.457684 -0.588397 -0.669414 -0.763432 -0.877127 -0.223825 -0.18365 -0.0843172 0.00901929 -0.0212342 0.156103 0.281333 0.321304 1.32288 1.10943 0.954764 0.834932 0.898309 0.772491 0.662678 0.57547 0.45218 0.383125 0.319487 0.297364 -0.13795 -0.177241 -0.237585 -0.290026 -0.194387
-4.58666 -24.1083 -19.3502 -6.62947 -20.7302 -19.4348 -8.36414 -17.191 -19.1929 -9.7996 -13.5557 -18.6293 -10.9459 -9.88097 -17.7478 -11.8034 -6.23348 -16.561 -12.3751 -2.6381 -15.079 -12.6564 0.869895 -13.3286 -12.6471 4.2654 -11.3484 -12.355 7.53611 -9.18119 -11.7971 10.6717 -6.87083 -10.998 13.6686 -4.45006 -9.98693 16.5228 -1.93766 -8.78499 19.24 0.677362 -7.42055 21.7819 3.38731 -5.90735 24.1132 6.2053 -4.25018 26.1833 9.1436 -2.44162 27.9318 12.2151 -0.482724 29.2739 15.3967 1.62545 30.1301 18.6498 3.87025 30.4331 21.9099 6.22533 30.136 25.0932 8.64859 29.215 28.1011 11.0859 27.6777 30.8329 13.476 25.5664 33.1984 15.7479 22.9571 35.114 17.8487 19.9158 36.5196 19.7168 16.531 37.3511 21.2923 12.9097 37.5548 22.5002 9.20413 37.0882 23.2739 5.53731 35.9206 23.547 2.08761 34.0679 23.3055 -0.968795 31.6169 22.5996 -3.48533 28.7227 21.4996 -5.41313 25.5162 20.0715 -6.73397 22.1362 18.3618 -7.45777 18.7068 16.3717 -7.59371 15.3091 14.1284 -7.13627 12.1027 11.6557 -6.11534 9.21028 9.00038 -4.61094 6.71844 6.20108 -2.72288 4.63803 3.32578 -0.573828 2.95184 0.412147 1.74355 1.58438 -2.51423 4.16324 0.439458 -5.44041 6.64679 -0.581876 -8.35056 9.16418 -1.56539 -11.237 11.6944 -2.58531 -14.0963 14.2127 -3.7059 -16.9215 16.6752 -4.98493 -19.7261 19.0308 -6.49076 -22.5154 21.1882 -8.29265 -25.2854 23.0097 -10.4582 -27.9798 24.2878 -13.021 -30.5094 24.7979 -15.9878 -32.6893 24.37 -19.2321 -34.338 23.0187 -22.5361 -35.3407 20.9212 -25.671 -35.6523 18.2493 -28.4987 -35.2412 15.1727 -30.8646 -34.1091 11.8702 -32.6093 -32.2764 8.52167 -33.5719 -29.8613 5.41289 -33.5943 -27.079 2.78404 -32.6747 -24.1724 0.743643 -30.9755 -21.295 -0.746786 -28.6961 -18.5527 -1.76312 -26.0233 -15.9737 -2.40535 -23.085 -13.5486 -2.76915 -19.973 -11.2404 -2.93754 -16.7451 -9.01298 -2.97729 -13.4568 -6.81701 -2.94681 -10.1473 -4.59743 -2.90167 -6.85376 -2.30051 -2.89804 -3.62223 0.132665 -2.99351 -0.493465 2.74521 -3.2481 2.47777 5.55842 -3.7245 5.23044 8.54564 -4.48242 7.68561 11.6826 -5.58446 9.80001 14.8949 -7.07418 11.5283 18.0852 -8.97312 12.8478 21.1209 -11.2715 13.7391 23.9037 -13.9826 14.184 26.2942 -17.0767 14.1272 28.1418 -20.4654 13.4992 29.3016 -24.004 12.2328 29.6494 -27.4291 10.3306 29.1811 -30.4864 7.90065 28.0125 -33.0172 5.12556 26.2863 -34.9946 2.16342 24.1338 -36.4222 -0.835445 21.6456 -37.3317 -3.7759 18.8929 -37.7506 -6.58894 15.9262 -37.6906 -9.22814 12.8132 -37.1453 -11.633 9.62308 -36.1065 -13.758 6.43739 -34.5751 -15.5687 3.3473 -32.5668 -17.041 0.437049 -30.1125 -18.1622 -2.22226 -27.2682 -18.9294 0.0480111 0.0298874 0.0505612 0.0952964 -0.0966526 -0.0539584 -0.0617365 -0.0956376 -0.0360806 0.0195382 0.0307592 0.0615884 0.0577504 -0.00868912 -0.0823014 -0.175365 0.0862614 0.0206962 -0.0563789 -0.135873 0.235809 0.147829 0.0902411 0.0478242 0.195866 0.0978211 0.0224568 -0.0221229 0.2948 0.41286 0.662152 1.01146 -0.737916 -0.535958 -0.366549 -0.24363 0.0222681 0.0237736 0.0880956 0.195781 -0.418629 -0.227589 -0.0982331 -0.0302733 -0.015699 -0.0385286 -0.0661762 -0.100461 0.115669 0.110069 0.107025 0.135279 -0.103322 -0.0656994 -0.0357273 -0.0297945 0.00899991 -0.00266394 -0.0309393 -0.0636348 -0.00757669 -0.0271213 -0.0480863 -0.0781438 0.105582 0.0615327 0.031721 0.0134748 0.019199 0.01664 0.027011 0.0297169 -0.0714878 -0.142581 -0.25462 -0.414077 0.179622 0.119953 0.0717545 0.0102833 -0.181615 -0.19227 -0.244441 -0.331333 0.627955 0.367031 0.187019 0.0807885 0.194075 0.127339 0.0943868 0.0955893 0.0606332 0.0932605 0.146194 0.223505 -0.137157 -0.0949369 -0.0760634 -0.0693431 -0.111553
-3.17824 -23.8474 -20.2039 -5.26913 -20.5002 -20.1208 -7.11745 -17.0354 -19.7196 -8.71435 -13.4934 -19.0224 -10.0542 -9.90956 -18.0513 -11.1289 -6.33194 -16.8342 -11.9431 -2.77116 -15.3872 -12.4983 0.745901 -13.7266 -12.8035 4.19036 -11.8615 -12.8672 7.53766 -9.79827 -12.6969 10.757 -7.546 -12.3004 13.8203 -5.112 -11.6847 16.6984 -2.50379 -10.8485 19.3775 0.284656 -9.79226 21.8124 3.21862 -8.51411 23.9734 6.27616 -7.01363 25.8287 9.4319 -5.28707 27.3483 12.6661 -3.34437 28.4899 15.9331 -1.19611 29.2165 19.19 1.14048 29.4924 22.3861 3.64065 29.285 25.4629 6.26794 28.5681 28.3515 8.97507 27.326 30.9763 11.7023 25.5581 33.256 14.3673 23.2935 35.1011 16.8992 20.5689 36.4428 19.2095 17.4536 37.212 21.2072 14.0444 37.3573 22.7962 10.4904 36.8575 23.9198 6.90621 35.7191 24.5248 3.44091 33.9781 24.5822 0.243292 31.7028 24.0959 -2.53335 29.0084 23.094 -4.79868 25.9966 21.6269 -6.46992 22.7934 19.7636 -7.4973 19.5255 17.5613 -7.86442 16.2796 15.1261 -7.57075 13.1967 12.5455 -6.65455 10.3644 9.89801 -5.17476 7.85005 7.18451 -3.23581 5.70436 4.45864 -0.96266 3.93545 1.75163 1.54578 2.48406 -0.92733 4.20882 1.27653 -3.58826 6.96502 0.230803 -6.24339 9.75569 -0.735269 -8.91302 12.5307 -1.70647 -11.6169 15.2389 -2.76734 -14.361 17.8151 -3.99718 -17.164 20.1929 -5.46984 -20.0212 22.2808 -7.24634 -22.9036 23.9702 -9.37174 -25.7303 25.1322 -11.8455 -28.4263 25.6567 -14.6591 -30.8616 25.4341 -17.738 -32.8814 24.3948 -20.9474 -34.3186 22.5527 -24.0735 -35.0599 19.986 -26.9184 -35.0304 16.864 -29.2602 -34.2297 13.4221 -30.9164 -32.7181 9.89152 -31.7807 -30.6371 6.55 -31.8096 -28.154 3.58954 -31.0563 -25.4341 1.12783 -29.6283 -22.5989 -0.800522 -27.6439 -19.7696 -2.19231 -25.2453 -17.0116 -3.10242 -22.5509 -14.3555 -3.60918 -19.6555 -11.7999 -3.80177 -16.6217 -9.33689 -3.77132 -13.5063 -6.9309 -3.60485 -10.351 -4.53768 -3.38688 -7.18912 -2.11521 -3.2015 -4.05664 0.38516 -3.13212 -0.98117 3.00123 -3.26395 1.99439 5.75862 -3.68292 4.81155 8.64508 -4.46655 7.37613 11.6533 -5.68932 9.60737 14.6767 -7.40913 11.4577 17.6126 -9.62821 12.8645 20.3456 -12.2789 13.7555 22.7994 -15.3048 14.0905 24.8754 -18.6086 13.8361 26.4834 -22.0695 12.984 27.5541 -25.5701 11.5456 28.0256 -28.942 9.57662 27.8763 -32.0402 7.1582 27.1167 -34.7334 4.3944 25.7777 -36.9266 1.38473 23.9297 -38.5234 -1.72908 21.6593 -39.4799 -4.82609 19.0638 -39.7846 -7.79779 16.2331 -39.4523 -10.5623 13.2722 -38.5209 -13.0383 10.2686 -37.046 -15.1759 7.29821 -35.0925 -16.9439 4.42557 -32.7308 -18.3269 1.69821 -30.0274 -19.3247 -0.84576 -27.0466 -19.9454 1.92303 1.86232 1.83542 1.82981 1.59098 1.59892 1.57616 1.55104 1.64201 1.74605 1.81506 1.90687 1.96575 1.96765 1.97516 1.98194 2.36312 2.43319 2.5024 2.57297 3.08783 3.12315 3.1591 3.17667 3.35167 3.25015 3.14258 3.03134 3.227 3.13673 3.06372 2.98343 0.750945 0.492439 0.281063 0.119221 0.174866 0.00595185 -0.0881528 -0.13637 -0.892711 -0.809712 -0.743534 -0.697041 -0.672421 -0.663054 -0.642853 -0.620578 -0.350089 -0.316884 -0.306508 -0.291218 -0.560577 -0.558504 -0.558295 -0.572076 -0.545017 -0.564896 -0.600095 -0.63703 -0.579352 -0.587905 -0.585581 -0.580703 -0.356173 -0.361676 -0.36117 -0.359341 -0.343343 -0.344204 -0.338325 -0.340448 -0.434772 -0.469428 -0.497811 -0.519005 0.257489 0.403953 0.56896 0.726315 0.770148 1.02801 1.28432 1.53169 2.81793 2.83758 2.8675 2.90048 3.09506 3.06379 3.02867 2.99567 2.89748 2.83855 2.77254 2.70921 2.19985 2.10399 2.01151 1.94238 -0.0128936
