# num_vectors 8
# vector_size 101
# Iterations: 100, stepsize: 0.091380, max step size: 1.000000, spring constant: 0.000100, global NEB Hessian: false, global NEB Linesearch: true, climbing image: false
2.32613 -21.1496 -18.5491 -13.3139 -20.7207 -16.4234 -25.2867 -10.8366 -13.9892 -27.3213 4.75058 -14.5739 -19.3802 18.2533 -16.821 -5.3148 25.5061 -18.0739 10.423 25.9138 -15.9937 23.5824 20.6831 -8.94933 29.6627 12.5193 3.00348 25.4078 5.8925 16.4676 12.427 5.49157 25.3934 -2.97539 9.26765 25.7572 -16.4693 12.9574 18.2319 -25.8541 12.4675 5.4822 -29.2632 4.89941 -7.87682 -25.8242 -8.67779 -14.7716 -18.4725 -21.7388 -9.94247 -10.42 -27.4123 2.47068 -2.48209 -24.5283 15.9255 6.10436 -15.0507 25.3004 15.7989 -2.67473 26.4026 24.7653 6.30846 17.2625 29.2466 5.34338 2.21277 26.1733 -3.43264 -10.5979 16.4602 -14.0318 -17.3479 -6.90985 -7.09204 -7.10369 -7.32813 -7.35156 -7.22058 -7.28526 -7.02346 -7.66139 -6.9436 -7.42228 -7.35495 -7.27509 -7.38968 -7.32571 -7.38412 -7.35468 -7.38364 -7.55774 -7.22714 -7.66438 -7.26849 -7.27126 -7.20945 -7.33703 -0.2615
1.73202 -20.5803 -21.5427 -13.8199 -21.6849 -19.047 -25.8666 -12.6883 -14.475 -27.079 2.78287 -11.9033 -18.3306 15.9288 -12.9433 -4.11056 22.7766 -14.6484 11.7421 22.9684 -13.7367 25.1875 17.5161 -7.44018 30.6146 9.32321 4.80356 23.9313 4.16999 17.9213 10.1206 5.78668 25.3366 -4.91909 10.7602 24.5008 -18.0066 14.9375 16.526 -27.2493 14.4285 3.67365 -30.3455 6.34922 -9.46025 -26.0421 -7.58084 -15.0402 -18.0513 -19.8629 -9.27333 -9.60957 -25.2333 3.01543 -0.990302 -22.9954 16.1706 8.44422 -14.3313 25.5174 18.4475 -2.18644 26.4116 26.1494 7.01198 16.3767 28.2397 6.48965 0.792552 24.3571 -1.77074 -12.1407 15.1906 -12.4048 -19.5665 0.0702141 -0.0345212 0.0755391 -0.0498007 -0.0488507 0.0509226 -0.053703 0.170859 -0.323931 0.319875 -0.139179 -0.0279955 0.0723043 -0.0403772 0.020781 -0.024761 0.0297309 0.0203044 -0.126808 0.242971 -0.238363 0.0639969 0.0191706 0.0423515 -0.0940139 0.0533724
2.86283 -26.0444 -18.4188 -12.8988 -25.4356 -17.7186 -22.7079 -15.0022 -11.2474 -24.0881 0.649167 -10.5035 -15.481 13.0131 -5.6599 -2.09592 20.6755 -9.4162 12.9767 21.0075 -4.43039 24.956 11.6998 0.042381 29.1551 -0.898141 8.41722 19.1305 -9.98994 16.1716 4.86069 -4.35556 19.7702 -5.30353 7.80296 19.0757 -16.4236 17.8091 13.733 -28.6007 17.9939 3.60691 -30.2328 11.3281 -10.5441 -26.0942 -1.9461 -17.6404 -13.2786 -10.9742 -19.1214 -6.75159 -20.0745 -7.91055 -2.01646 -20.8531 7.23282 4.57967 -14.3876 20.1217 14.7242 -3.45202 25.2065 24.0377 5.20826 16.1033 29.6544 -1.23019 2.89421 22.4391 -3.81939 -10.9543 15.147 -16.0029 -18.0682 0.0236163 -0.0581704 0.0275173 -0.0314841 0.0578438 0.224647 0.162709 0.293278 -0.480351 -0.00452275 -0.298367 -0.0441702 0.0775319 -0.132629 -0.0214678 0.123484 0.200211 0.0270136 -0.220893 0.128748 -0.307358 0.19174 0.0621239 0.00542971 -0.00647656 0.0540219
-0.356373 -30.5402 -22.0559 -13.8583 -22.4076 -22.9725 -18.9509 -11.5926 -12.7722 -18.2565 2.07602 -5.0192 -11.9551 14.8451 1.88321 0.753274 24.0684 -0.4416 13.1779 24.7012 9.42612 24.2344 15.3537 15.7915 26.5812 0.152704 18.9394 16.863 -11.8508 16.7599 2.82404 -4.91782 14.9844 -6.25076 7.9687 13.1939 -17.2264 18.6802 9.05641 -31.0837 19.4293 1.42309 -33.3385 13.1758 -12.8302 -25.4759 3.4586 -22.182 -13.2433 -6.27184 -24.0862 -8.41268 -15.7601 -12.3501 -1.35292 -17.7654 1.73845 6.09338 -14.2975 15.3018 17.6274 -6.76767 22.9577 25.6448 0.631338 11.7521 29.3998 -11.0046 1.85417 20.4801 -13.7215 -10.9356 14.5427 -25.7288 -19.4665 -0.098922 -0.290758 -0.0248275 0.0255108 0.0878466 0.376468 0.47298 0.659599 -0.502738 -0.206726 -0.459064 -0.137456 -0.0259418 -0.263412 -0.0423884 0.197167 0.142049 -0.00512946 -0.23639 0.191772 -0.15997 0.0925748 0.156503 0.0828859 -0.0316344 -0.0468419
-3.97902 -27.3438 -20.717 -14.3172 -15.45 -19.7403 -18.6984 -2.52906 -11.9422 -16.8038 11.5898 -5.27133 -10.5296 23.0153 3.70155 2.50073 30.1196 9.3344 13.9239 25.8922 19.5225 24.026 14.3806 23.4699 29.1792 -0.439885 24.0018 19.6007 -11.3227 18.2492 6.97031 -4.81228 11.4367 -3.80523 6.31646 8.02146 -15.3033 16.2704 3.43436 -27.3959 22.1519 -4.93482 -33.9016 18.7377 -18.8407 -31.9034 6.08117 -27.758 -20.806 -5.05693 -26.8964 -11.4959 -10.2488 -15.1712 -4.13386 -9.99306 -1.09666 3.76762 -7.55612 12.4336 16.7579 -6.15678 21.2453 30.5734 -8.79896 14.4072 31.0875 -21.3189 4.89544 22.2954 -24.403 -7.9007 11.5981 -29.4264 -18.5101 -0.101909 -0.359607 -0.150265 -0.0986768 0.170373 0.56926 0.715385 0.841265 -0.340771 -0.381632 -0.69667 -0.303056 -0.0435836 -0.133409 -0.104472 -0.0681603 0.000509213 -0.170462 -0.517048 -0.104191 -0.0415765 0.604054 0.537776 0.298324 -0.121459 -0.159989
-5.07571 -25.0802 -20.0233 -11.1205 -10.5471 -18.7757 -14.1135 3.35212 -12.0809 -10.6789 14.95 -2.02437 -4.72229 25.9963 7.61552 3.23382 30.6609 20.5361 13.8851 25.9483 31.33 21.489 12.9141 36.0671 24.4654 -1.71502 31.2083 17.8412 -7.88789 18.5076 8.76207 -5.48037 5.85462 -2.77232 4.61807 1.78094 -14.8449 14.1097 -2.27888 -25.4945 23.8641 -8.78263 -34.7381 22.3948 -21.4218 -33.5721 10.984 -32.0111 -23.3211 -0.917448 -30.9057 -12.7516 -4.22944 -19.5729 -4.34624 -4.22314 -6.09307 4.66444 -3.67346 6.94311 18.5359 -7.42368 13.4143 28.7868 -19.1555 14.7963 28.5659 -31.5421 5.09964 19.6421 -36.3728 -7.04964 6.94868 -34.8081 -16.4665 -0.138571 -0.465293 -0.270279 -0.208176 0.19206 0.785043 1.04106 1.29311 -0.304908 -0.64807 -0.915171 -0.467253 -0.114913 -0.171931 -0.153103 -0.152757 -0.121345 -0.326518 -0.74064 -0.368179 0.0196185 1.00088 0.854237 0.522063 -0.140991 -0.283294
-5.05121 -24.4192 -19.3754 -10.7542 -9.75902 -18.0097 -13.0564 4.37704 -11.5414 -9.79881 16.1079 -1.58046 -4.10956 26.4883 8.92257 3.72975 30.9928 21.9709 13.6655 26.0097 33.3118 21.1419 12.7876 37.7191 23.8872 -1.53143 31.8956 17.7229 -7.43206 18.8387 8.97612 -5.45026 5.88139 -2.39511 4.31382 0.687754 -14.352 13.8293 -3.64936 -24.9417 23.7612 -9.98019 -34.6953 23.1941 -22.3049 -34.2878 11.8157 -32.9848 -23.9893 0.00511349 -31.4354 -13.2817 -2.84136 -20.1056 -4.48213 -2.95888 -6.88016 5.1498 -3.2093 5.71363 18.3856 -8.31166 12.5795 28.4869 -20.163 14.0435 28.1768 -33.2202 5.27319 18.935 -37.7549 -6.75175 6.29349 -34.9777 -15.9565 -0.0447521 -0.169872 -0.0267281 -0.149355 -0.0862692 0.0753478 0.0529801 0.436399 -0.393004 -0.0397933 -0.290627 -0.08696 0.0499554 -0.0810167 -0.0601557 -0.0787964 0.00222968 -0.0396299 -0.290761 -0.0209403 -0.196115 0.221097 0.0883848 0.0607586 -0.158339 -0.0594706
-4.22656 -22.9282 -20.5951 -11.0256 -8.95467 -17.7972 -13.4317 5.20829 -11.4258 -12.0034 17.8155 -2.1269 -7.25367 27.0095 9.84587 0.956167 30.5962 22.9509 11.5425 26.2087 33.9441 20.8179 14.0136 37.8679 23.7162 -0.185391 31.8286 18.5121 -7.90305 19.3125 8.51789 -5.27189 7.41592 -1.88544 4.97894 1.22568 -12.1543 16.5348 -2.42806 -23.3122 24.9728 -9.85568 -32.6404 23.4972 -22.432 -32.7961 10.9622 -31.7351 -23.5709 -1.56684 -29.3119 -12.7276 -5.53247 -18.4577 -3.68694 -4.04026 -5.48067 6.47901 -3.57424 6.67994 19.0806 -9.94845 13.6753 27.9269 -22.7704 12.2712 27.8129 -35.1484 2.5613 18.8693 -39.5788 -9.72515 6.48328 -34.3946 -18.2079 48.4799 48.2171 48.4917 48.5411 49.0429 49.7219 49.7923 49.7248 47.2403 46.7935 45.7985 45.9906 46.2898 46.0861 46.0676 46.0356 46.2477 46.2357 46.0616 47.0526 47.6733 49.316 49.5406 49.3092 48.5597 -0.057426
