# num_vectors 8
# vector_size 401
# Iterations: 247579, stepsize: 0.026503, max step size: 1.000000, spring constant: 1.000000, global NEB Hessian: false, global NEB Linesearch: true, climbing image: true
2.90635 -19.845 -21.0844 -0.902606 -20.8477 -20.8228 -4.78448 -21.366 -20.3285 -8.67052 -21.3443 -19.6355 -12.4767 -20.7363 -18.784 -16.0871 -19.5186 -17.8259 -19.4084 -17.6813 -16.8116 -22.3207 -15.2451 -15.8022 -24.7028 -12.265 -14.8639 -26.4445 -8.83107 -14.0641 -27.4565 -5.07764 -13.4702 -27.7271 -1.16948 -13.1263 -27.2768 2.73574 -13.0178 -26.1397 6.52394 -13.1104 -24.3821 10.0594 -13.3614 -22.0822 13.2582 -13.7222 -19.3232 16.0624 -14.1428 -16.1776 18.4434 -14.5748 -12.7326 20.3741 -14.9678 -9.06169 21.8509 -15.2747 -5.23275 22.8799 -15.4503 -1.30751 23.4743 -15.4508 2.65261 23.6516 -15.2345 6.58823 23.4334 -14.7611 10.4384 22.8446 -13.993 14.1242 21.9186 -12.9009 17.592 20.6874 -11.4542 20.7663 19.1913 -9.6322 23.5657 17.4794 -7.42601 25.8887 15.6254 -4.86246 27.6728 13.6873 -1.95283 28.8384 11.7464 1.25339 29.3189 9.8946 4.68053 29.0738 8.24035 8.20324 28.0956 6.86851 11.72 26.4131 5.86958 15.093 24.1265 5.29583 18.1992 21.3142 5.13596 20.9535 18.1093 5.35818 23.234 14.6229 5.90821 24.9841 10.9571 6.72291 26.1755 7.17675 7.74235 26.8047 3.3822 8.89265 26.8739 -0.364213 10.1062 26.4067 -4.01291 11.3181 25.4346 -7.52945 12.4678 23.9915 -10.8769 13.4941 22.1175 -14.0286 14.3395 19.8542 -16.9605 14.9485 17.2458 -19.6417 15.2668 14.3493 -22.0568 15.2453 11.2115 -24.1798 14.8363 7.89414 -25.9827 13.998 4.46979 -27.4271 12.708 1.04782 -28.4983 10.9429 -2.29839 -29.1713 8.70193 -5.45834 -29.4275 6.00771 -8.31064 -29.263 2.93565 -10.7121 -28.6902 -0.451861 -12.5637 -27.7379 -4.04367 -13.7567 -26.459 -7.70301 -14.2099 -24.9257 -11.3165 -13.9117 -23.2043 -14.7118 -12.9085 -21.3386 -17.7722 -11.2804 -19.3682 -20.4114 -9.12416 -17.3125 -22.5843 -6.52653 -15.209 -24.2399 -3.60611 -13.0744 -25.3662 -0.464504 -10.9178 -25.9665 2.80408 -8.73651 -26.0549 6.12171 -6.53331 -25.651 9.40122 -4.30204 -24.7817 12.5695 -2.03453 -23.4776 15.5579 0.273517 -21.7761 18.2952 2.63334 -19.7129 20.722 5.04893 -17.3314 22.7734 7.51925 -14.6824 24.3844 10.0207 -11.8447 25.4858 12.5515 -8.87455 26.0299 15.0843 -5.85741 25.9653 17.5806 -2.89338 25.2539 19.9721 -0.116209 23.891 22.2187 2.37647 21.8838 24.2541 4.46116 19.276 26.0103 6.02041 16.1496 27.4338 6.95895 12.6053 28.4865 7.2311 8.82548 29.1326 6.86756 4.96287 29.3467 5.92852 1.1495 29.1195 4.48234 -2.52718 28.4561 2.62363 -5.95736 27.3742 0.446185 -9.07972 25.8971 -1.9577 -11.8547 24.0442 -4.50875 -14.2681 21.8465 -7.11601 -16.3023 19.3302 -9.70183 -17.9599 16.5208 -12.1932 -19.2505 13.4461 -14.5189 -20.1884 10.131 -16.6135 -20.7926 6.6057 -18.4107 -21.0836 -3.87692 -3.87512 -3.87845 -3.878 -3.87697 -3.87919 -3.88747 -3.89363 -3.90074 -3.91138 -3.92583 -3.93883 -3.95035 -3.95857 -3.96009 -3.96372 -3.96738 -3.96836 -3.96427 -3.96454 -3.96659 -3.96725 -3.96372 -3.96508 -3.96841 -3.97014 -3.9671 -3.96808 -3.96992 -3.9687 -3.9613 -3.95614 -3.94955 -3.93956 -3.92373 -3.91084 -3.90012 -3.89135 -3.8896 -3.88541 -3.88115 -3.87974 -3.88341 -3.88309 -3.88125 -3.88089 -3.88477 -3.88368 -3.88051 -3.87873 -3.88139 -3.87966 -3.87664 -3.87627 -3.88177 -3.88445 -3.88741 -3.89432 -3.90735 -3.91801 -3.92913 -3.94025 -3.94775 -3.95565 -3.96254 -3.96606 -3.96361 -3.96472 -3.967 -3.96747 -3.96355 -3.9645 -3.96754 -3.96931 -3.96682 -3.96899 -3.97272 -3.97419 -3.97015 -3.96915 -3.96823 -3.96324 -3.95165 -3.94386 -3.93066 -3.9221 -3.90916 -3.89895 -3.88982 -3.88398 -3.88461 -3.88227 -3.87931 -3.87859 -3.88257 -3.88192 -3.87931 -3.87801 -3.88091 -3.879 -2.64455e-05
1.59875 -22.1762 -20.9392 -2.20598 -23.1983 -20.6916 -6.094 -23.6586 -20.1884 -9.97006 -23.4899 -19.4607 -13.7175 -22.6482 -18.5496 -17.1898 -21.1313 -17.5117 -20.2728 -18.9641 -16.4009 -22.8445 -16.214 -15.2792 -24.8056 -12.9831 -14.2064 -26.0903 -9.3956 -13.2346 -26.6665 -5.59476 -12.406 -26.5398 -1.71982 -11.7473 -25.7457 2.10202 -11.2696 -24.3308 5.78435 -10.9687 -22.3684 9.21681 -10.8324 -19.9333 12.3349 -10.8355 -17.0993 15.0933 -10.9456 -13.9252 17.4688 -11.1261 -10.483 19.4329 -11.3358 -6.83081 20.9737 -11.5313 -3.02295 22.0838 -11.6674 0.889216 22.7583 -11.6973 4.85025 22.994 -11.5728 8.80147 22.7904 -11.2451 12.6765 22.1511 -10.6655 16.3844 21.0917 -9.79118 19.8533 19.6315 -8.57928 22.984 17.8061 -6.9978 25.6677 15.6709 -5.02982 27.7787 13.3225 -2.69873 29.2346 10.8466 -0.0238175 29.9506 8.36474 2.93135 29.8747 6.01172 6.07183 29.0078 3.93543 9.25668 27.3944 2.23814 12.3747 25.1231 1.00933 15.2965 22.3168 0.299875 17.9094 19.0806 0.120132 20.1489 15.583 0.45126 21.9317 11.9486 1.235 23.2344 8.27469 2.39476 24.0582 4.60577 3.85576 24.4197 1.00853 5.52291 24.3351 -2.49508 7.30996 23.8273 -5.89613 9.13411 22.9151 -9.19549 10.9178 21.61 -12.3833 12.5796 19.9228 -15.4477 14.041 17.8626 -18.3661 15.224 15.443 -21.0955 16.0503 12.6957 -23.597 16.4525 9.65281 -25.8132 16.3691 6.37246 -27.681 15.754 2.93557 -29.1295 14.5926 -0.530408 -30.1205 12.8845 -3.93046 -30.6168 10.661 -7.13512 -30.6022 7.98253 -10.0136 -30.091 4.95917 -12.428 -29.1173 1.67649 -14.3008 -27.735 -1.74995 -15.5577 -26.0145 -5.20164 -16.1554 -24.0176 -8.59334 -16.0786 -21.8428 -11.7902 -15.3386 -19.5704 -14.7042 -13.9812 -17.2704 -17.2664 -12.0728 -14.9839 -19.4402 -9.67656 -12.7647 -21.1762 -6.89157 -10.6338 -22.4579 -3.80757 -8.59507 -23.2806 -0.511849 -6.63255 -23.6471 2.92133 -4.72763 -23.5622 6.40509 -2.84739 -23.0354 9.86333 -0.953319 -22.0773 13.22 0.991093 -20.7042 16.39 3.02657 -18.9329 19.2942 5.183 -16.7909 21.8391 7.47765 -14.3205 23.924 9.89455 -11.6021 25.4378 12.4245 -8.7071 26.2985 15.0206 -5.7463 26.4271 17.6124 -2.85135 25.7755 20.0933 -0.184903 24.3527 22.388 2.13775 22.2013 24.4046 3.99662 19.4144 26.0648 5.30271 16.1238 27.3181 6.00833 12.4632 28.1226 6.09449 8.61425 28.4717 5.58795 4.72957 28.3789 4.54308 0.938926 27.8663 3.02113 -2.67796 26.9664 1.10912 -6.02392 25.7129 -1.10902 -9.05206 24.1357 -3.55158 -11.7367 22.2517 -6.14952 -14.0748 20.0824 -8.81998 -16.057 17.6387 -11.4902 -17.6891 14.9269 -14.0872 -18.9803 11.9548 -16.5343 -19.9397 8.72917 -18.7546 -20.5786 5.26696 -20.6644 -20.9076 1.28555 1.28513 1.28452 1.28429 1.28513 1.28776 1.29286 1.30104 1.3127 1.32812 1.34682 1.36716 1.38727 1.40561 1.42122 1.43374 1.44323 1.44996 1.45426 1.45647 1.45685 1.45548 1.45229 1.44704 1.43932 1.4286 1.41424 1.39562 1.37237 1.3444 1.31194 1.27589 1.23784 1.19972 1.16347 1.13143 1.10592 1.08887 1.08101 1.08172 1.08962 1.10293 1.1197 1.13811 1.15662 1.17397 1.18925 1.2019 1.2117 1.21879 1.22367 1.22709 1.23008 1.2338 1.23944 1.2481 1.26052 1.27706 1.29768 1.32183 1.34807 1.37438 1.39812 1.41723 1.43062 1.43794 1.43951 1.43615 1.42892 1.41896 1.40743 1.39543 1.3839 1.37366 1.36535 1.35947 1.35632 1.35597 1.35822 1.36265 1.36848 1.37472 1.38023 1.38378 1.38416 1.38049 1.37378 1.36594 1.35855 1.35267 1.34887 1.34722 1.34751 1.3493 1.35206 1.35525 1.35837 1.36102 1.36291 1.36392 0.0785384
2.26741 -25.81 -20.0076 -1.5916 -26.5879 -19.7162 -5.49458 -26.7567 -19.1505 -9.32706 -26.2623 -18.3446 -12.9593 -25.0844 -17.3443 -16.2447 -23.2522 -16.2106 -19.0818 -20.8197 -14.9986 -21.3753 -17.8772 -13.7669 -23.0607 -14.5369 -12.5682 -24.1067 -10.9167 -11.4435 -24.5083 -7.14004 -10.4233 -24.2856 -3.31818 -9.52391 -23.474 0.450993 -8.74937 -22.1085 4.10516 -8.09024 -20.2423 7.54949 -7.53754 -17.9269 10.7235 -7.07168 -15.2144 13.5753 -6.66953 -12.1472 16.0674 -6.30512 -8.78749 18.1505 -5.9542 -5.19165 19.7905 -5.59189 -1.41943 20.958 -5.19462 2.4669 21.6295 -4.74033 6.398 21.787 -4.20872 10.3007 21.4193 -3.5805 14.0961 20.5234 -2.83683 17.6845 19.1112 -1.96246 20.9884 17.1971 -0.935548 23.9061 14.8127 0.262823 26.3264 12.0102 1.64936 28.1214 8.89427 3.22235 29.1979 5.55936 4.99 29.4587 2.15903 6.93294 28.8424 -1.11529 9.00752 27.3583 -4.03062 11.1298 25.0762 -6.40073 13.2228 22.1416 -8.05479 15.1868 18.7551 -8.89071 16.93 15.0989 -8.88626 18.397 11.4105 -8.09104 19.5304 7.84119 -6.62418 20.3233 4.47535 -4.63068 20.7905 1.31608 -2.23946 20.9554 -1.63803 0.40353 20.8348 -4.43938 3.18237 20.4383 -7.15073 5.99602 19.761 -9.83386 8.75532 18.7825 -12.5267 11.3646 17.4745 -15.2455 13.7296 15.8055 -17.975 15.7534 13.7501 -20.659 17.3369 11.3071 -23.2272 18.4018 8.48765 -25.58 18.8827 5.33934 -27.6087 18.7431 1.94167 -29.2005 17.9878 -1.57339 -30.2895 16.6496 -5.10656 -30.8233 14.7889 -8.52896 -30.7833 12.4865 -11.716 -30.1905 9.85429 -14.5358 -29.0885 6.96743 -16.9198 -27.5408 3.91296 -18.7922 -25.626 0.771597 -20.0948 -23.4121 -2.40862 -20.7893 -21.0104 -5.52747 -20.8365 -18.5179 -8.51376 -20.2309 -16.0276 -11.2981 -18.9887 -13.6083 -13.8298 -17.1361 -11.3449 -16.0304 -14.7426 -9.28409 -17.8508 -11.8906 -7.4462 -19.2554 -8.6744 -5.82019 -20.2245 -5.18307 -4.37735 -20.7447 -1.51974 -3.06217 -20.8155 2.22693 -1.80266 -20.4414 5.9748 -0.518878 -19.6319 9.63699 0.877016 -18.3975 13.136 2.46667 -16.7561 16.3753 4.31862 -14.739 19.2418 6.46307 -12.4154 21.5923 8.91848 -9.85711 23.3095 11.648 -7.18134 24.2645 14.5661 -4.53591 24.3596 17.5218 -2.10395 23.5606 20.385 -0.0238158 21.898 23.001 1.57118 19.4687 25.2356 2.59077 16.4262 27.0003 2.99596 12.9347 28.2272 2.7874 9.20373 28.9043 2.01107 5.40793 29.0517 0.736493 1.68999 28.7057 -0.967641 -1.8649 27.9127 -3.01132 -5.15968 26.721 -5.31458 -8.14898 25.1726 -7.80272 -10.8084 23.2932 -10.4144 -13.135 21.1098 -13.073 -15.1175 18.636 -15.7097 -16.7589 15.8793 -18.2521 -18.0635 12.8479 -20.6204 -19.0352 9.55068 -22.7314 -19.6792 6.0101 -24.493 -20.0007 -0.0450102 -0.0480399 -0.0504257 -0.0511867 -0.0493068 -0.0438661 -0.0341207 -0.0195908 -6.64061e-05 0.0244797 0.053031 0.0838632 0.115564 0.146957 0.177238 0.205995 0.232976 0.257884 0.280259 0.299543 0.314995 0.325691 0.330526 0.328189 0.317152 0.295648 0.261536 0.212502 0.146541 0.0622816 -0.0405531 -0.159444 -0.288144 -0.41773 -0.538244 -0.638838 -0.712701 -0.75714 -0.773535 -0.76629 -0.74089 -0.703041 -0.658242 -0.611151 -0.565423 -0.523742 -0.487907 -0.458786 -0.436478 -0.420284 -0.408795 -0.400059 -0.391713 -0.381209 -0.366103 -0.344398 -0.314977 -0.277651 -0.233151 -0.183476 -0.132657 -0.0840411 -0.0418723 -0.0096251 0.0107689 0.0186589 0.0146451 0.000283241 -0.0223468 -0.0508538 -0.0826837 -0.11533 -0.146358 -0.173537 -0.194825 -0.2084 -0.212744 -0.206907 -0.19051 -0.163988 -0.128986 -0.0881619 -0.0448626 -0.00305211 0.0333956 0.060621 0.0786316 0.0895827 0.0957353 0.0990131 0.100892 0.102353 0.103901 0.105651 0.10744 0.108952 0.109826 0.109764 0.108615 0.106442 0.148559
0.0419081 -28.846 -23.2686 -3.88425 -28.4513 -23.1624 -7.66296 -27.4386 -22.6358 -11.15 -25.8345 -21.7143 -14.2209 -23.7006 -20.4503 -16.7746 -21.135 -18.9235 -18.7769 -18.2221 -17.2085 -20.214 -15.0528 -15.3847 -21.0994 -11.7079 -13.5236 -21.4635 -8.25206 -11.6826 -21.3434 -4.7444 -9.90857 -20.778 -1.23219 -8.23227 -19.8024 2.24259 -6.67032 -18.4373 5.66011 -5.21809 -16.7115 8.95794 -3.87726 -14.6446 12.0923 -2.6299 -12.2534 15.0154 -1.45075 -9.54656 17.6828 -0.306726 -6.55312 20.0277 0.829348 -3.30327 21.9903 1.98599 0.160965 23.5101 3.18591 3.78532 24.531 4.44391 7.49939 25.0043 5.76396 11.2217 24.894 7.13987 14.8611 24.1793 8.55572 18.306 22.8626 9.98194 21.4687 20.9557 11.3946 24.2414 18.49 12.7608 26.5112 15.5181 14.0456 28.1509 12.1459 15.2053 29.0647 8.46504 16.2159 29.1503 4.62983 17.046 28.3368 0.841223 17.6703 26.6247 -2.63916 18.0719 24.0778 -5.58624 18.256 20.8508 -7.77519 18.2422 17.1704 -9.05172 18.0682 13.2536 -9.36153 17.7802 9.37864 -8.74111 17.4323 5.71988 -7.32676 17.0675 2.36385 -5.29432 16.7107 -0.702271 -2.80349 16.3632 -3.50939 -0.0248446 16.0086 -6.1446 2.91143 15.6079 -8.7042 5.89834 15.1044 -11.2781 8.84548 14.4264 -13.9247 11.6559 13.4949 -16.6694 14.2321 12.2299 -19.494 16.4705 10.5621 -22.3257 18.2625 8.45271 -25.0678 19.5215 5.88865 -27.5876 20.1762 2.90516 -29.7429 20.1891 -0.416493 -31.3942 19.5694 -3.93059 -32.4616 18.36 -7.51638 -32.8907 16.6321 -11.0221 -32.6726 14.4755 -14.3025 -31.8484 12.0057 -17.2099 -30.4822 9.29896 -19.6672 -28.6593 6.43716 -21.5955 -26.478 3.49248 -22.9379 -24.0199 0.503739 -23.6609 -21.4101 -2.4427 -23.7318 -18.7518 -5.28787 -23.1524 -16.1392 -7.97405 -21.9458 -13.6371 -10.4607 -20.1427 -11.3242 -12.6783 -17.8131 -9.2378 -14.5829 -15.0356 -7.38902 -16.1401 -11.8969 -5.75872 -17.3285 -8.47598 -4.31207 -18.1285 -4.86496 -2.98901 -18.5321 -1.1422 -1.71337 -18.5352 2.61886 -0.399909 -18.1378 6.33799 1.0474 -17.3426 9.94187 2.72227 -16.159 13.3343 4.70885 -14.6103 16.3954 7.05213 -12.7567 18.9636 9.78151 -10.6717 20.8938 12.856 -8.47993 22.0189 16.1634 -6.34692 22.203 19.4991 -4.4755 21.3908 22.6717 -3.028 19.6222 25.4669 -2.1425 17.0355 27.715 -1.89101 13.846 29.3254 -2.27774 10.2787 30.2615 -3.24654 6.58353 30.5616 -4.70252 2.94219 30.2987 -6.539 -0.525903 29.5495 -8.66759 -3.77691 28.3907 -10.986 -6.76744 26.8808 -13.4153 -9.50234 25.0575 -15.8867 -11.9982 22.9313 -18.3444 -14.2796 20.5101 -20.7158 -16.3484 17.7873 -22.9324 -18.2029 14.7566 -24.9181 -19.8269 11.4251 -26.5881 -21.1887 7.81722 -27.8551 -22.2471 3.99135 -28.6324 -22.9548 0.178899 0.14512 0.118808 0.10371 0.102598 0.116762 0.145995 0.188681 0.242164 0.303282 0.366845 0.429141 0.488765 0.545112 0.598419 0.64961 0.699726 0.749439 0.798704 0.846845 0.892478 0.933622 0.967935 0.992876 1.00577 1.00385 0.983865 0.941708 0.872364 0.7697 0.626559 0.437818 0.205435 -0.0575856 -0.326815 -0.568807 -0.761052 -0.895653 -0.976132 -1.01227 -1.0149 -0.993967 -0.958448 -0.915886 -0.872197 -0.83169 -0.797154 -0.769823 -0.749636 -0.735356 -0.724805 -0.71521 -0.7035 -0.686644 -0.66196 -0.627525 -0.582683 -0.527986 -0.465109 -0.397294 -0.330178 -0.268203 -0.216045 -0.176995 -0.152399 -0.142179 -0.145011 -0.158701 -0.18065 -0.208033 -0.23789 -0.26728 -0.293249 -0.31293 -0.323508 -0.322289 -0.306949 -0.275896 -0.228395 -0.165256 -0.0895976 -0.0064386 0.077965 0.156434 0.222556 0.270933 0.303358 0.323777 0.335847 0.342452 0.345489 0.345844 0.343488 0.337732 0.32755 0.311886 0.29002 0.261885 0.228342 0.191371 -0.0248227
-2.43692 -26.2833 -21.3598 -6.03034 -24.6495 -21.3554 -9.36118 -22.5638 -20.9853 -12.3409 -20.0739 -20.2754 -14.9002 -17.2432 -19.266 -16.985 -14.1577 -18.0137 -18.587 -10.875 -16.567 -19.704 -7.46043 -14.9768 -20.3477 -3.97213 -13.2876 -20.5376 -0.457365 -11.5339 -20.2952 3.03576 -9.74382 -19.6426 6.46598 -7.93466 -18.5995 9.793 -6.11576 -17.174 12.9941 -4.27919 -15.3881 16.0041 -2.43476 -13.2597 18.7754 -0.579501 -10.8105 21.2579 1.28909 -8.05951 23.4069 3.177 -5.05012 25.1655 5.0747 -1.82698 26.4901 6.9741 1.55725 27.3453 8.86252 5.04513 27.7059 10.7241 8.57293 27.5564 12.5388 12.0757 26.891 14.285 15.4862 25.7108 15.939 18.7217 24.0302 17.4696 21.7201 21.8567 18.8553 24.3957 19.2084 20.0644 26.6491 16.1159 21.0609 28.3562 12.6597 21.7998 29.4145 8.90681 22.2482 29.707 4.99462 22.3692 29.143 1.11728 22.1387 27.7012 -2.45958 21.5619 25.4304 -5.5021 20.6715 22.4738 -7.77629 19.535 19.0493 -9.12838 18.2504 15.3641 -9.51634 16.9128 11.6778 -8.98634 15.6279 8.15166 -7.67759 14.4558 4.86934 -5.76107 13.4192 1.82683 -3.38814 12.5035 -0.988481 -0.718802 11.6817 -3.63972 2.12572 10.9031 -6.19984 5.0476 10.1061 -8.74134 7.9681 9.2218 -11.3162 10.8065 8.1806 -13.9591 13.4858 6.91297 -16.6791 15.9243 5.35529 -19.4477 18.0291 3.46212 -22.2228 19.7177 1.19791 -24.9259 20.9021 -1.44202 -27.4555 21.5037 -4.42839 -29.6804 21.4659 -7.67004 -31.5025 20.7649 -11.083 -32.8159 19.4063 -14.5311 -33.5392 17.4354 -17.8556 -33.6287 14.9567 -20.8688 -33.0884 12.0718 -23.4411 -31.9569 8.91694 -25.4405 -30.3097 5.63795 -26.7696 -28.2308 2.35012 -27.3741 -25.8553 -0.785529 -27.2255 -23.3098 -3.65834 -26.351 -20.7131 -6.18486 -24.8112 -18.1506 -8.32248 -22.676 -15.7175 -10.0261 -20.0546 -13.4638 -11.2921 -17.0525 -11.4103 -12.1367 -13.7715 -9.54531 -12.5905 -10.2947 -7.84128 -12.6903 -6.70876 -6.24331 -12.4802 -3.07907 -4.67829 -12.0067 0.540237 -3.06195 -11.3192 4.09408 -1.29503 -10.4671 7.53891 0.722177 -9.50586 10.8133 3.08251 -8.50048 13.8354 5.83828 -7.53499 16.4805 9.02916 -6.69457 18.6332 12.6162 -6.08136 20.1429 16.4783 -5.79708 20.8681 20.3835 -5.92258 20.7168 24.1095 -6.49909 19.6808 27.4007 -7.52274 17.8345 30.0436 -8.93353 15.3218 31.9135 -10.6501 12.3174 32.9496 -12.5605 9.03939 33.1856 -14.568 5.66542 32.7022 -16.5935 2.32878 31.5906 -18.5894 -0.90257 29.9513 -20.4983 -3.95709 27.8696 -22.284 -6.80999 25.4135 -23.9136 -9.45061 22.6246 -25.3567 -11.8807 19.5507 -26.5674 -14.0833 16.2267 -27.4996 -16.0449 12.6894 -28.1025 -17.7447 8.98725 -28.3241 -19.1544 5.17804 -28.1168 -20.245 1.3391 -27.4431 -20.9872 0.491619 0.431176 0.380556 0.343249 0.321713 0.316987 0.32892 0.356482 0.398107 0.452102 0.514566 0.582543 0.655068 0.731181 0.809889 0.890286 0.971228 1.05106 1.1276 1.19864 1.26204 1.31588 1.35852 1.38852 1.40434 1.40411 1.38496 1.34245 1.27023 1.15947 0.998234 0.774277 0.482083 0.132738 -0.239016 -0.577504 -0.84481 -1.03177 -1.1477 -1.20858 -1.22937 -1.2221 -1.19665 -1.1609 -1.12095 -1.0814 -1.04554 -1.01543 -0.992109 -0.975648 -0.965283 -0.9596 -0.956608 -0.953878 -0.948814 -0.938874 -0.921983 -0.896745 -0.862604 -0.820203 -0.772173 -0.721614 -0.673486 -0.632131 -0.600295 -0.579375 -0.569443 -0.569427 -0.57752 -0.59137 -0.608118 -0.624443 -0.636487 -0.639812 -0.629263 -0.598946 -0.542552 -0.453841 -0.327227 -0.160443 0.0416171 0.265865 0.492846 0.700547 0.870808 0.992629 1.07166 1.11668 1.13572 1.13563 1.12187 1.09832 1.06724 1.02966 0.985869 0.935729 0.879279 0.817083 0.75059 0.682335 0.124306
-3.77968 -25.5343 -20.7266 -6.6672 -22.8439 -20.8047 -9.23725 -19.862 -20.5136 -11.4429 -16.651 -19.8757 -13.2542 -13.2755 -18.9236 -14.6529 -9.8128 -17.7033 -15.6502 -6.30068 -16.2522 -16.2591 -2.78391 -14.6098 -16.4988 0.700873 -12.8113 -16.3913 4.12668 -10.8832 -15.9583 7.46399 -8.84846 -15.2196 10.688 -6.72113 -14.1916 13.7727 -4.50905 -12.879 16.706 -2.20143 -11.2985 19.4344 0.187991 -9.46051 21.9184 2.65862 -7.37692 24.1129 5.2072 -5.0558 25.9746 7.83344 -2.52498 27.4454 10.5133 0.186447 28.4764 13.2218 3.04092 29.0237 15.9242 5.99379 29.0523 18.5777 8.99119 28.5384 21.1296 11.9742 27.4719 23.5223 14.8788 25.8569 25.6938 17.6264 23.7221 27.5723 20.1567 21.0967 29.1016 22.3931 18.0325 30.2168 24.2539 14.6028 30.8562 25.646 10.9346 30.9678 26.5034 7.13063 30.5213 26.7559 3.3479 29.5052 26.3558 -0.230575 27.9433 25.301 -3.39105 25.9174 23.6259 -5.97737 23.5276 21.413 -7.84601 20.9167 18.7833 -8.91294 18.2424 15.8467 -9.16258 15.6282 12.77 -8.63326 13.225 9.67104 -7.42806 11.1122 6.63094 -5.67546 9.32129 3.67346 -3.49196 7.83408 0.827727 -1.01054 6.62125 -1.9229 1.66461 5.61912 -4.61073 4.4482 4.75084 -7.2783 7.27361 3.9313 -9.95977 10.0746 3.07406 -12.6853 12.7905 2.09102 -15.4713 15.3561 0.896828 -18.3073 17.6907 -0.582016 -21.1748 19.7169 -2.41252 -24.0206 21.3396 -4.63684 -26.7629 22.4583 -7.26506 -29.2773 22.9757 -10.2433 -31.4611 22.8259 -13.5096 -33.1872 21.9663 -16.9361 -34.3412 20.401 -20.3534 -34.8379 18.2077 -23.5431 -34.65 15.488 -26.3359 -33.7915 12.3963 -28.5574 -32.3269 9.11268 -30.0752 -30.3428 5.79419 -30.8153 -27.9843 2.64301 -30.7439 -25.3943 -0.198803 -29.8993 -22.7064 -2.63066 -28.3636 -20.0155 -4.60641 -26.2304 -17.4219 -6.09154 -23.63 -14.9755 -7.10155 -20.6822 -12.6945 -7.67613 -17.4944 -10.5639 -7.87089 -14.1485 -8.55627 -7.74935 -10.724 -6.62071 -7.38203 -7.27571 -4.69346 -6.84255 -3.84533 -2.70662 -6.20896 -0.473964 -0.58274 -5.56121 2.81002 1.74858 -4.98645 5.9643 4.34568 -4.57896 8.93145 7.22473 -4.43861 11.6174 10.3983 -4.65963 13.9416 13.8141 -5.3279 15.7876 17.3621 -6.50176 17.0353 20.851 -8.18059 17.5811 24.1107 -10.3306 17.3791 26.9401 -12.8574 16.4309 29.1684 -15.627 14.802 30.6885 -18.5055 12.5947 31.4385 -21.332 9.96457 31.4335 -23.9869 7.06273 30.7325 -26.3835 4.02392 29.4089 -28.4775 0.937806 27.5569 -30.22 -2.09451 25.2647 -31.5923 -5.01401 22.6116 -32.5825 -7.77838 19.6577 -33.1814 -10.3632 16.4755 -33.3733 -12.7302 13.1262 -33.145 -14.8507 9.67244 -32.4846 -16.6947 6.183 -31.3855 -18.2304 2.72707 -29.8489 -19.4294 -0.61941 -27.8888 -20.267 -0.282247 -0.373026 -0.44882 -0.505938 -0.542231 -0.557296 -0.551945 -0.527675 -0.4863 -0.429573 -0.361855 -0.285995 -0.202313 -0.111218 -0.0132968 0.0907911 0.199853 0.31171 0.423033 0.530097 0.629015 0.716201 0.788659 0.844092 0.880545 0.89626 0.888723 0.853826 0.785008 0.671711 0.496787 0.236537 -0.132438 -0.611073 -1.14382 -1.62296 -1.98369 -2.22473 -2.37268 -2.45565 -2.49452 -2.50345 -2.49261 -2.46954 -2.43983 -2.40778 -2.37671 -2.34901 -2.32628 -2.30925 -2.29787 -2.29131 -2.28807 -2.28601 -2.28261 -2.27519 -2.26133 -2.2391 -2.20732 -2.16594 -2.11689 -2.06284 -2.00904 -1.96029 -1.91976 -1.88927 -1.86923 -1.85879 -1.85626 -1.85933 -1.86515 -1.87034 -1.87095 -1.8623 -1.83871 -1.79315 -1.71705 -1.59998 -1.42942 -1.19407 -0.892245 -0.54085 -0.177913 0.149675 0.410847 0.594451 0.715448 0.788709 0.825315 0.833501 0.819469 0.787727 0.741203 0.681688 0.61036 0.528019 0.435812 0.335596 0.230375 0.124469 0.305582
-3.90621 -23.5383 -19.1967 -5.96099 -20.1679 -19.1761 -7.73705 -16.6591 -18.8359 -9.22441 -13.0597 -18.192 -10.4194 -9.4142 -17.2625 -11.3204 -5.77973 -16.0731 -11.9401 -2.17461 -14.6396 -12.2881 1.37005 -12.9813 -12.3763 4.82682 -11.1161 -12.2176 8.1742 -9.05819 -11.8247 11.3861 -6.82334 -11.2099 14.4404 -4.42367 -10.3838 17.3144 -1.86961 -9.34875 19.9989 0.845965 -8.11643 22.448 3.69824 -6.69272 24.6297 6.67569 -5.08274 26.508 9.76321 -3.28613 28.0466 12.95 -1.31507 29.1949 16.1975 0.81942 29.9067 19.4668 3.10037 30.1369 22.7064 5.50367 29.8447 25.8527 7.99359 28.9989 28.8269 10.5236 27.5838 31.5394 13.035 25.6053 33.8928 15.4487 23.1067 35.7813 17.6972 20.1438 37.123 19.6989 16.8104 37.8409 21.3739 13.229 37.8823 22.6427 9.57174 37.2341 23.4632 5.96731 35.915 23.7993 2.57026 33.9779 23.6373 -0.476482 31.5089 22.9925 -3.03752 28.6399 21.895 -5.04542 25.4823 20.3912 -6.44487 22.1678 18.5386 -7.21376 18.8237 16.3775 -7.35808 15.5329 13.9917 -6.90005 12.4314 11.4446 -5.89179 9.6001 8.78796 -4.40365 7.10032 6.03289 -2.52228 4.95642 3.24382 -0.35052 3.15885 0.453213 2.03131 1.65347 -2.32481 4.55552 0.373678 -5.09386 7.1685 -0.75561 -7.8595 9.81608 -1.81032 -10.6364 12.4497 -2.87031 -13.4401 15.0181 -4.01639 -16.2738 17.4549 -5.32487 -19.147 19.6955 -6.87529 -22.0442 21.6507 -8.73605 -24.9252 23.2126 -10.9587 -27.6981 24.2518 -13.5454 -30.2757 24.6554 -16.487 -32.5169 24.3132 -19.6995 -34.2601 23.159 -23.0294 -35.3439 21.218 -26.2371 -35.6705 18.5852 -29.0994 -35.1973 15.451 -31.3761 -33.9669 12.0675 -32.8826 -32.0806 8.67246 -33.5246 -29.718 5.53253 -33.2871 -27.0629 2.816 -32.2536 -24.2778 0.611098 -30.5569 -21.4681 -1.07366 -28.3293 -18.7311 -2.25736 -25.7211 -16.1055 -3.00639 -22.8506 -13.5979 -3.40209 -19.8091 -11.1869 -3.52984 -16.6558 -8.84828 -3.47272 -13.4464 -6.54292 -3.31134 -10.2166 -4.22773 -3.12279 -6.99518 -1.86349 -2.98216 -3.81621 0.594848 -2.96287 -0.706329 3.18202 -3.1392 2.29209 5.92201 -3.58563 5.12199 8.80358 -4.36868 7.69227 11.8157 -5.55677 9.93694 14.8747 -7.20336 11.7953 17.8887 -9.31616 13.2006 20.7307 -11.8528 14.0826 23.3082 -14.776 14.4001 25.5014 -18.0009 14.1188 27.1976 -21.4105 13.2318 28.3089 -24.8828 11.7563 28.7617 -28.2405 9.75881 28.5345 -31.3285 7.33353 27.6475 -34.0098 4.59622 26.1469 -36.189 1.6534 24.123 -37.7755 -1.35449 21.6786 -38.7333 -4.31573 18.9225 -39.0579 -7.13699 15.95 -38.7677 -9.75332 12.8675 -37.8987 -12.1005 9.76164 -36.4996 -14.1406 6.70652 -34.6255 -15.8491 3.76669 -32.3354 -17.2112 0.991499 -29.6861 -18.2221 -1.57715 -26.735 -18.8822 3.11406 3.00926 2.92389 2.85981 2.81759 2.79671 2.79612 2.81475 2.85164 2.9061 2.9744 3.05465 3.14735 3.25243 3.36924 3.49678 3.63323 3.77545 3.91874 4.05781 4.18722 4.30205 4.39839 4.47349 4.52529 4.55223 4.55214 4.52114 4.45264 4.33524 4.1488 3.86204 3.43731 2.86174 2.21196 1.64583 1.24036 0.977773 0.815435 0.719406 0.669368 0.648821 0.647539 0.658854 0.678091 0.701701 0.726736 0.750725 0.771514 0.787377 0.797134 0.800231 0.797013 0.788943 0.778468 0.769017 0.764538 0.768865 0.785069 0.814875 0.857572 0.91014 0.966013 1.01906 1.06509 1.10172 1.12833 1.14581 1.15603 1.16141 1.16483 1.1696 1.17957 1.1994 1.23505 1.29439 1.38788 1.52734 1.72207 1.9889 2.33649 2.75146 3.18875 3.58602 3.90215 4.12531 4.27646 4.37333 4.42756 4.44678 4.43618 4.39943 4.33902 4.25707 4.15598 4.03868 3.90918 3.77251 3.63464 3.50198 0.266731
-3.18298 -22.935 -19.9119 -5.25164 -19.5751 -19.793 -7.08186 -16.1043 -19.3617 -8.66517 -12.5612 -18.6395 -9.99598 -8.97976 -17.6475 -11.066 -5.40681 -16.4126 -11.8792 -1.85222 -14.95 -12.4407 1.65535 -13.2715 -12.7585 5.0873 -11.3856 -12.8399 8.419 -9.29783 -12.6918 11.6192 -7.01701 -12.3206 14.6593 -4.55011 -11.7325 17.5091 -1.90463 -10.9216 20.156 0.921794 -9.88712 22.5538 3.89372 -8.62656 24.672 6.98832 -7.13899 26.4774 10.1789 -5.42048 27.9388 13.4441 -3.48106 29.0128 16.7359 -1.33193 29.6622 20.0085 1.00854 29.8509 23.208 3.51387 29.5471 26.2726 6.14526 28.7265 29.1297 8.85255 27.3765 31.7005 11.5729 25.5011 33.9013 14.2205 23.1358 35.6419 16.7222 20.3239 36.8539 18.9873 17.1423 37.4717 20.9244 13.6954 37.4491 22.4393 10.138 36.7743 23.4782 6.5879 35.4618 23.9922 3.19465 33.5573 23.958 0.10397 31.1383 23.3859 -2.53802 28.3278 22.3084 -4.64884 25.2311 20.7795 -6.15534 21.9755 18.8701 -7.01734 18.6865 16.6375 -7.22529 15.4472 14.187 -6.78716 12.3937 11.6033 -5.74564 9.60786 8.94343 -4.18174 7.15836 6.20537 -2.19903 5.08509 3.45628 0.083526 3.36489 0.721684 2.57364 1.93379 -1.99266 5.19586 0.716001 -4.69825 7.89186 -0.371281 -7.4068 10.6039 -1.41016 -10.1364 13.2806 -2.48499 -12.9026 15.8675 -3.67945 -15.707 18.2934 -5.06882 -18.5615 20.4838 -6.72203 -21.4504 22.3403 -8.69361 -24.3301 23.749 -11.0178 -27.1045 24.5823 -13.6765 -29.6829 24.7342 -16.641 -31.9236 24.1115 -19.8114 -33.6685 22.6726 -23.0278 -34.7629 20.4717 -26.0592 -35.1153 17.6233 -28.7037 -34.685 14.3292 -30.7519 -33.5093 10.8414 -32.0498 -31.678 7.38914 -32.5242 -29.3563 4.22958 -32.1719 -26.7169 1.52285 -31.0744 -23.9178 -0.646979 -29.3556 -21.0663 -2.27222 -27.137 -18.2669 -3.37287 -24.5588 -15.5682 -4.01711 -21.731 -12.987 -4.2902 -18.738 -10.5111 -4.28343 -15.6328 -8.12258 -4.0875 -12.4659 -5.77834 -3.78762 -9.27419 -3.43059 -3.46747 -6.08701 -1.03525 -3.21078 -2.93873 1.45673 -3.10091 0.142364 4.08196 -3.2236 3.11024 6.86253 -3.66513 5.90104 9.7796 -4.50166 8.41374 12.798 -5.80581 10.5842 15.8027 -7.63004 12.3638 18.7027 -9.94985 13.6795 21.3803 -12.69 14.4615 23.7574 -15.7875 14.6723 25.736 -19.1377 14.2837 27.2283 -22.614 13.2948 28.1692 -26.0949 11.724 28.5041 -29.4112 9.63613 28.2194 -32.4202 7.11941 27.3329 -34.9966 4.2829 25.8816 -37.052 1.22836 23.9417 -38.5 -1.90224 21.6021 -39.3056 -4.99066 18.9603 -39.4653 -7.93284 16.1046 -38.9996 -10.652 13.137 -37.951 -13.0726 10.1412 -36.3773 -15.1496 7.18874 -34.3436 -16.8562 4.3404 -31.9195 -18.1802 1.64033 -29.1696 -19.1235 -0.876148 -26.1559 -19.6956 9.53461 9.47287 9.44505 9.4389 9.20083 9.20944 9.20241 9.19035 9.25585 9.35361 9.44206 9.53149 9.56109 9.57153 9.58954 9.59511 9.97028 10.0487 10.1285 10.2029 10.7144 10.747 10.7801 10.7994 10.9823 10.8821 10.7734 10.6583 10.8466 10.7548 10.6764 10.5916 8.36369 8.10106 7.88935 7.7237 7.77254 7.59591 7.48932 7.4381 6.72367 6.8006 6.85819 6.91265 6.96247 6.9721 6.97751 6.98477 7.24655 7.28274 7.30383 7.32212 7.04102 7.03507 7.02843 7.01817 7.05707 7.03814 7.0031 6.96646 7.02955 7.02334 7.02569 7.03032 7.25512 7.2533 7.25941 7.26405 7.27807 7.27084 7.26864 7.26073 7.16756 7.13578 7.11286 7.09903 7.89175 8.03428 8.18664 8.33737 8.38398 8.64375 8.90966 9.164 10.4381 10.4545 10.4831 10.5159 10.7128 10.6819 10.6457 10.6112 10.5116 10.4519 10.3855 10.3196 9.80048 9.70709 9.62333 9.55938 -0.0125458
