# num_vectors 8
# vector_size 401
# Iterations: 88699, stepsize: 0.026462, max step size: 1.000000, spring constant: 1.000000, global NEB Hessian: false, global NEB Linesearch: true, climbing image: false
2.90635 -19.845 -21.0844 -0.902606 -20.8477 -20.8228 -4.78448 -21.366 -20.3285 -8.67052 -21.3443 -19.6355 -12.4767 -20.7363 -18.784 -16.0871 -19.5186 -17.8259 -19.4084 -17.6813 -16.8116 -22.3207 -15.2451 -15.8022 -24.7028 -12.265 -14.8639 -26.4445 -8.83107 -14.0641 -27.4565 -5.07764 -13.4702 -27.7271 -1.16948 -13.1263 -27.2768 2.73574 -13.0178 -26.1397 6.52394 -13.1104 -24.3821 10.0594 -13.3614 -22.0822 13.2582 -13.7222 -19.3232 16.0624 -14.1428 -16.1776 18.4434 -14.5748 -12.7326 20.3741 -14.9678 -9.06169 21.8509 -15.2747 -5.23275 22.8799 -15.4503 -1.30751 23.4743 -15.4508 2.65261 23.6516 -15.2345 6.58823 23.4334 -14.7611 10.4384 22.8446 -13.993 14.1242 21.9186 -12.9009 17.592 20.6874 -11.4542 20.7663 19.1913 -9.6322 23.5657 17.4794 -7.42601 25.8887 15.6254 -4.86246 27.6728 13.6873 -1.95283 28.8384 11.7464 1.25339 29.3189 9.8946 4.68053 29.0738 8.24035 8.20324 28.0956 6.86851 11.72 26.4131 5.86958 15.093 24.1265 5.29583 18.1992 21.3142 5.13596 20.9535 18.1093 5.35818 23.234 14.6229 5.90821 24.9841 10.9571 6.72291 26.1755 7.17675 7.74235 26.8047 3.3822 8.89265 26.8739 -0.364213 10.1062 26.4067 -4.01291 11.3181 25.4346 -7.52945 12.4678 23.9915 -10.8769 13.4941 22.1175 -14.0286 14.3395 19.8542 -16.9605 14.9485 17.2458 -19.6417 15.2668 14.3493 -22.0568 15.2453 11.2115 -24.1798 14.8363 7.89414 -25.9827 13.998 4.46979 -27.4271 12.708 1.04782 -28.4983 10.9429 -2.29839 -29.1713 8.70193 -5.45834 -29.4275 6.00771 -8.31064 -29.263 2.93565 -10.7121 -28.6902 -0.451861 -12.5637 -27.7379 -4.04367 -13.7567 -26.459 -7.70301 -14.2099 -24.9257 -11.3165 -13.9117 -23.2043 -14.7118 -12.9085 -21.3386 -17.7722 -11.2804 -19.3682 -20.4114 -9.12416 -17.3125 -22.5843 -6.52653 -15.209 -24.2399 -3.60611 -13.0744 -25.3662 -0.464504 -10.9178 -25.9665 2.80408 -8.73651 -26.0549 6.12171 -6.53331 -25.651 9.40122 -4.30204 -24.7817 12.5695 -2.03453 -23.4776 15.5579 0.273517 -21.7761 18.2952 2.63334 -19.7129 20.722 5.04893 -17.3314 22.7734 7.51925 -14.6824 24.3844 10.0207 -11.8447 25.4858 12.5515 -8.87455 26.0299 15.0843 -5.85741 25.9653 17.5806 -2.89338 25.2539 19.9721 -0.116209 23.891 22.2187 2.37647 21.8838 24.2541 4.46116 19.276 26.0103 6.02041 16.1496 27.4338 6.95895 12.6053 28.4865 7.2311 8.82548 29.1326 6.86756 4.96287 29.3467 5.92852 1.1495 29.1195 4.48234 -2.52718 28.4561 2.62363 -5.95736 27.3742 0.446185 -9.07972 25.8971 -1.9577 -11.8547 24.0442 -4.50875 -14.2681 21.8465 -7.11601 -16.3023 19.3302 -9.70183 -17.9599 16.5208 -12.1932 -19.2505 13.4461 -14.5189 -20.1884 10.131 -16.6135 -20.7926 6.6057 -18.4107 -21.0836 -3.87692 -3.87512 -3.87845 -3.878 -3.87697 -3.87919 -3.88747 -3.89363 -3.90074 -3.91138 -3.92583 -3.93883 -3.95035 -3.95857 -3.96009 -3.96372 -3.96738 -3.96836 -3.96427 -3.96454 -3.96659 -3.96725 -3.96372 -3.96508 -3.96841 -3.97014 -3.9671 -3.96808 -3.96992 -3.9687 -3.9613 -3.95614 -3.94955 -3.93956 -3.92373 -3.91084 -3.90012 -3.89135 -3.8896 -3.88541 -3.88115 -3.87974 -3.88341 -3.88309 -3.88125 -3.88089 -3.88477 -3.88368 -3.88051 -3.87873 -3.88139 -3.87966 -3.87664 -3.87627 -3.88177 -3.88445 -3.88741 -3.89432 -3.90735 -3.91801 -3.92913 -3.94025 -3.94775 -3.95565 -3.96254 -3.96606 -3.96361 -3.96472 -3.967 -3.96747 -3.96355 -3.9645 -3.96754 -3.96931 -3.96682 -3.96899 -3.97272 -3.97419 -3.97015 -3.96915 -3.96823 -3.96324 -3.95165 -3.94386 -3.93066 -3.9221 -3.90916 -3.89895 -3.88982 -3.88398 -3.88461 -3.88227 -3.87931 -3.87859 -3.88257 -3.88192 -3.87931 -3.87801 -3.88091 -3.879 -2.64455e-05
1.46282 -22.3023 -20.8864 -2.32011 -23.3955 -20.6101 -6.19782 -23.9037 -20.0746 -10.0681 -23.7582 -19.3117 -13.8068 -22.9189 -18.3634 -17.2624 -21.3912 -17.2863 -20.3196 -19.209 -16.1344 -22.8588 -16.4465 -14.97 -24.7856 -13.2094 -13.8545 -26.0388 -9.62165 -12.8433 -26.5895 -5.82396 -11.9835 -26.4452 -1.95255 -11.3079 -25.6417 1.86768 -10.8333 -24.225 5.55143 -10.5593 -22.2681 8.98871 -10.4741 -19.8449 12.1151 -10.5489 -17.0273 14.8856 -10.7437 -13.8716 17.2773 -11.0117 -10.4468 19.262 -11.2994 -6.80852 20.8271 -11.5517 -3.00971 21.9643 -11.7145 0.89746 22.6674 -11.7364 4.85513 22.9323 -11.5705 8.80159 22.7581 -11.1755 12.6685 22.1483 -10.5156 16.3657 21.1174 -9.56501 19.8249 19.682 -8.29708 22.9532 17.8719 -6.69343 25.6478 15.733 -4.74444 27.7858 13.3517 -2.47214 29.282 10.8049 0.112589 30.0414 8.21191 2.95946 29.9978 5.71497 5.98739 29.1385 3.48162 9.06628 27.502 1.63901 12.0883 25.1816 0.303103 14.9232 22.3152 -0.4554 17.4558 19.0274 -0.617272 19.6202 15.5056 -0.204494 21.3372 11.8844 0.711307 22.5896 8.26031 2.03558 23.3854 4.66813 3.67642 23.7461 1.15805 5.52108 23.6892 -2.26577 7.46969 23.2342 -5.60979 9.42861 22.3934 -8.88512 11.3119 21.1703 -12.0858 13.032 19.568 -15.1971 14.5074 17.5898 -18.1884 15.6608 15.2461 -21.0046 16.4195 12.5678 -23.5945 16.7261 9.58837 -25.8889 16.5331 6.36693 -27.8154 15.8099 2.98394 -29.2969 14.5574 -0.436143 -30.2923 12.7864 -3.80253 -30.7636 10.5346 -6.99114 -30.696 7.86337 -9.87557 -30.107 4.87798 -12.3193 -29.0352 1.65567 -14.2427 -27.5412 -1.69827 -15.5656 -25.7039 -5.07568 -16.2356 -23.5947 -8.3996 -16.2285 -21.3243 -11.5423 -15.5456 -18.9834 -14.4193 -14.2264 -16.6491 -16.9628 -12.3347 -14.3654 -19.1353 -9.93467 -12.1838 -20.8854 -7.1289 -10.1177 -22.1934 -4.01199 -8.16015 -23.0502 -0.675974 -6.28389 -23.454 2.80097 -4.46002 -23.4037 6.3285 -2.64938 -22.9037 9.82762 -0.811929 -21.9608 13.2199 1.08602 -20.5893 16.4186 3.07932 -18.8065 19.3449 5.19167 -16.6418 21.9075 7.43629 -14.1402 24.0096 9.79761 -11.3845 25.5437 12.2706 -8.4482 26.4295 14.8154 -5.4446 26.5859 17.3686 -2.51017 25.9589 19.8267 0.184917 24.5505 22.1118 2.51764 22.3998 24.1254 4.36256 19.6014 25.781 5.63143 16.294 27.0221 6.28439 12.6195 27.804 6.31626 8.76502 28.1215 5.76806 4.88329 27.992 4.70414 1.09902 27.4421 3.18875 -2.51515 26.5098 1.30445 -5.86796 25.2337 -0.874926 -8.91471 23.6476 -3.28016 -11.6277 21.7719 -5.85397 -13.999 19.6295 -8.52254 -16.0126 17.2299 -11.2177 -17.6691 14.5756 -13.8666 -18.9742 11.6674 -16.3884 -19.9361 8.50368 -18.6983 -20.5668 5.09365 -20.7025 -20.8787 1.25251 1.25423 1.25561 1.25732 1.26017 1.26503 1.27269 1.28372 1.29838 1.31665 1.33765 1.35942 1.37992 1.39759 1.41165 1.42211 1.42947 1.43443 1.43775 1.44 1.44153 1.44235 1.44218 1.44047 1.43646 1.42922 1.41769 1.40081 1.3777 1.34781 1.31104 1.26823 1.22145 1.17359 1.12787 1.08822 1.05794 1.03947 1.03334 1.03823 1.05186 1.07144 1.09412 1.11735 1.13907 1.15778 1.17249 1.18279 1.18879 1.19106 1.19061 1.1888 1.18724 1.18764 1.19168 1.20078 1.21583 1.23705 1.26401 1.29545 1.32882 1.36118 1.3892 1.41045 1.42388 1.42945 1.42802 1.421 1.40995 1.39642 1.38175 1.36703 1.35309 1.3405 1.32967 1.32092 1.3145 1.31058 1.30919 1.31025 1.31335 1.31777 1.32244 1.32596 1.32677 1.32348 1.31681 1.30847 1.29994 1.29241 1.28669 1.28323 1.28216 1.28333 1.28637 1.29069 1.29564 1.30059 1.30499 1.30851 0.0585078
2.14941 -26.4825 -19.8154 -1.66726 -27.4247 -19.4591 -5.56244 -27.6391 -18.8565 -9.38461 -27.0785 -18.045 -12.9741 -25.7587 -17.0677 -16.1756 -23.7607 -15.9751 -18.9012 -21.1839 -14.8062 -21.083 -18.1466 -13.602 -22.6841 -14.7659 -12.4008 -23.691 -11.1464 -11.2388 -24.1028 -7.38913 -10.1531 -23.9309 -3.58338 -9.17749 -23.1958 0.188021 -8.34002 -21.917 3.86883 -7.65558 -20.135 7.36231 -7.13428 -17.8939 10.6014 -6.76351 -15.2418 13.5266 -6.51288 -12.2195 16.0927 -6.33595 -8.88773 18.243 -6.17632 -5.30361 19.9351 -5.9727 -1.53171 21.131 -5.66762 2.35524 21.7999 -5.21467 6.27304 21.9209 -4.58461 10.1339 21.4885 -3.76735 13.8505 20.5124 -2.77026 17.3274 19.0231 -1.61762 20.5035 17.0513 -0.329609 23.3041 14.6378 1.07248 25.6496 11.8312 2.57465 27.4375 8.71715 4.15936 28.5839 5.35912 5.83705 28.9777 1.87715 7.60515 28.5187 -1.55788 9.44766 27.1612 -4.70208 11.3123 24.9299 -7.32446 13.1427 21.9571 -9.18317 14.8494 18.475 -10.1082 16.3408 14.7288 -10.0407 17.5579 11.0252 -9.03854 18.4526 7.55609 -7.26435 19.0333 4.40674 -4.91666 19.335 1.55092 -2.16598 19.399 -1.06452 0.811507 19.2552 -3.5467 3.8857 18.9166 -6.00746 6.9477 18.3729 -8.54577 9.90017 17.5917 -11.2217 12.6346 16.5272 -14.0542 15.0405 15.1279 -17.0115 17.0058 13.3496 -20.0018 18.4237 11.1753 -22.909 19.221 8.60807 -25.584 19.3553 5.69169 -27.8749 18.8291 2.50515 -29.6393 17.6999 -0.822278 -30.8024 16.0479 -4.19537 -31.3168 13.9748 -7.49653 -31.1792 11.5862 -10.6167 -30.4315 8.99709 -13.4396 -29.1348 6.26547 -15.9071 -27.3664 3.4457 -17.9449 -25.2151 0.575778 -19.4834 -22.7562 -2.33877 -20.4614 -20.1158 -5.23894 -20.8007 -17.4105 -8.07776 -20.4549 -14.7585 -10.7916 -19.4065 -12.2533 -13.3189 -17.6655 -9.99744 -15.5611 -15.3036 -8.03721 -17.447 -12.4235 -6.37436 -18.9238 -9.14497 -4.9674 -19.9612 -5.57893 -3.75309 -20.5386 -1.84201 -2.64833 -20.6495 1.97105 -1.56598 -20.2934 5.77559 -0.424612 -19.4761 9.4829 0.853415 -18.2076 13.0146 2.3349 -16.5098 16.276 4.07626 -14.4215 19.1608 6.10634 -12.0219 21.5364 8.4543 -9.39233 23.2956 11.1053 -6.66124 24.3131 13.997 -3.99068 24.4837 16.9888 -1.58012 23.7577 19.9408 0.419198 22.1523 22.67 1.87339 19.7595 25.0057 2.71153 16.7376 26.8285 2.93134 13.2594 28.0513 2.58087 9.53769 28.6592 1.74518 5.74278 28.6815 0.513451 2.00758 28.1712 -1.04973 -1.59202 27.1992 -2.88335 -4.96161 25.8405 -4.95262 -8.04919 24.164 -7.23331 -10.8148 22.2189 -9.70812 -13.2351 20.0492 -12.3314 -15.2788 17.6718 -15.0456 -16.9362 15.081 -17.7713 -18.2103 12.2553 -20.4058 -19.1141 9.16328 -22.8296 -19.6682 5.78873 -24.9041 -19.8944 -0.0738453 -0.0722514 -0.0723683 -0.0728416 -0.0719254 -0.0677668 -0.0586893 -0.0434597 -0.0214638 0.00724233 0.040949 0.07712 0.113454 0.14794 0.179372 0.207565 0.23306 0.256681 0.279105 0.300611 0.320836 0.338763 0.352865 0.361323 0.362185 0.353485 0.333001 0.298126 0.245937 0.173323 0.0774431 -0.0420618 -0.180737 -0.328863 -0.472798 -0.596004 -0.6871 -0.740861 -0.758491 -0.745903 -0.710839 -0.661513 -0.605816 -0.550315 -0.499993 -0.458311 -0.427364 -0.407886 -0.399412 -0.40025 -0.40759 -0.417712 -0.426315 -0.429153 -0.422518 -0.403594 -0.370941 -0.324548 -0.265743 -0.197815 -0.12736 -0.0601895 -0.00299526 0.0389564 0.0630837 0.0691692 0.059096 0.0360892 0.00384526 -0.0339672 -0.0740449 -0.113733 -0.150928 -0.183985 -0.211435 -0.231751 -0.243234 -0.24426 -0.233354 -0.209608 -0.173509 -0.127282 -0.0749185 -0.0222429 0.0242271 0.0579105 0.0776266 0.0853541 0.0839484 0.0766487 0.0668065 0.0574431 0.0508833 0.0485238 0.0506966 0.0567539 0.0653482 0.0748135 0.0835339 0.0902568 0.168137
-0.372743 -29.9577 -23.7723 -4.27904 -29.3929 -23.8295 -7.97977 -28.084 -23.4139 -11.2976 -26.1331 -22.538 -14.1147 -23.6887 -21.2456 -16.3725 -20.9202 -19.6106 -18.0904 -17.9458 -17.7035 -19.3048 -14.8545 -15.6049 -20.0617 -11.6931 -13.3984 -20.4016 -8.4728 -11.167 -20.3508 -5.19229 -8.99887 -19.9223 -1.84625 -6.9776 -19.1197 1.5567 -5.17733 -17.9351 5.00583 -3.64372 -16.3748 8.42579 -2.41049 -14.4459 11.7461 -1.45816 -12.1588 14.8899 -0.725031 -9.51773 17.7885 -0.113807 -6.54895 20.3524 0.488481 -3.28671 22.4986 1.19709 0.209694 24.1411 2.10683 3.85322 25.1999 3.27473 7.53209 25.6142 4.70819 11.1299 25.3555 6.36635 14.5426 24.431 8.17156 17.6774 22.8845 10.02 20.4894 20.7678 11.8219 22.9305 18.1437 13.4919 24.9492 15.0785 14.963 26.4689 11.6705 16.1803 27.4175 7.98186 17.1285 27.6856 4.12327 17.7955 27.1566 0.253313 18.181 25.7516 -3.38239 18.2959 23.4542 -6.53059 18.1676 20.369 -8.89237 17.8382 16.7344 -10.2244 17.3685 12.8373 -10.4131 16.8238 9.04471 -9.49819 16.2763 5.58961 -7.6737 15.773 2.56284 -5.1905 15.3335 -0.0872506 -2.26554 14.9493 -2.45962 0.89275 14.5979 -4.70978 4.13843 14.239 -6.99156 7.35479 13.8207 -9.43438 10.4386 13.2793 -12.1149 13.2746 12.5431 -15.0532 15.7483 11.5346 -18.204 17.7493 10.1785 -21.4492 19.1808 8.41812 -24.6383 19.9866 6.21398 -27.5799 20.1444 3.56809 -30.0761 19.6768 0.530091 -31.9423 18.6592 -2.77771 -33.0794 17.187 -6.24167 -33.4376 15.3701 -9.71014 -33.0357 13.3102 -13.0351 -31.9576 11.1002 -16.0658 -30.3062 8.76774 -18.7235 -28.1979 6.32693 -20.9209 -25.752 3.7776 -22.5794 -23.0648 1.1002 -23.6317 -20.2806 -1.65884 -23.9964 -17.522 -4.44387 -23.6341 -14.9002 -7.17115 -22.5455 -12.4851 -9.7588 -20.7661 -10.3402 -12.0952 -18.3924 -8.46694 -14.108 -15.5403 -6.82928 -15.7528 -12.3297 -5.36329 -17.0116 -8.86005 -4.0023 -17.8748 -5.23031 -2.67682 -18.3432 -1.51602 -1.32478 -18.4169 2.21754 0.104859 -18.0927 5.90077 1.66277 -17.3649 9.47264 3.39654 -16.2298 12.852 5.3563 -14.6946 15.9371 7.57847 -12.8028 18.584 10.1144 -10.6133 20.6571 12.973 -8.24641 21.9794 16.1014 -5.88472 22.3769 19.3341 -3.78039 21.7365 22.4713 -2.1619 20.0551 25.2491 -1.22753 17.4668 27.4366 -1.06839 14.2297 28.905 -1.65651 10.6288 29.6198 -2.86711 6.95559 29.6511 -4.5364 3.39444 29.1138 -6.51362 0.0371395 28.1218 -8.69936 -3.10924 26.784 -11.0076 -6.03218 25.1806 -13.395 -8.75071 23.3613 -15.8347 -11.2805 21.338 -18.309 -13.6363 19.1056 -20.7714 -15.8085 16.6291 -23.1611 -17.789 13.8597 -25.3873 -19.5609 10.7566 -27.3264 -21.0948 7.30639 -28.8325 -22.3479 3.55645 -29.7517 -23.2615 0.0177245 -0.0294541 -0.0689564 -0.0949125 -0.102842 -0.0903456 -0.0569945 -0.00418925 0.0648945 0.145351 0.228478 0.307572 0.378537 0.439145 0.489892 0.533783 0.575074 0.617961 0.665367 0.718341 0.775721 0.834398 0.890087 0.938275 0.974914 0.996931 1.00164 0.985731 0.944389 0.870382 0.753404 0.582476 0.352218 0.0713093 -0.23174 -0.510707 -0.731466 -0.880884 -0.962803 -0.989712 -0.975844 -0.935105 -0.880717 -0.823866 -0.772885 -0.733082 -0.707037 -0.694933 -0.695041 -0.703964 -0.716959 -0.7284 -0.732472 -0.724084 -0.699353 -0.656031 -0.594146 -0.515881 -0.425376 -0.329319 -0.237715 -0.157757 -0.0955311 -0.0541499 -0.033457 -0.0310719 -0.0430328 -0.0647315 -0.0918017 -0.120597 -0.148452 -0.17373 -0.195455 -0.212915 -0.22514 -0.230543 -0.226815 -0.211255 -0.181115 -0.134559 -0.0720211 0.00329314 0.0854587 0.165907 0.235527 0.286168 0.318669 0.336965 0.345148 0.346886 0.345125 0.34187 0.338018 0.333278 0.326224 0.314594 0.295924 0.268362 0.231444 0.186702 0.12015
-2.9908 -26.9916 -22.0088 -6.5643 -25.3163 -21.9383 -9.80764 -23.1214 -21.4432 -12.6216 -20.494 -20.5714 -14.9527 -17.5377 -19.385 -16.7832 -14.3678 -17.9578 -18.1455 -11.0536 -16.3467 -19.0744 -7.65577 -14.6068 -19.606 -4.21544 -12.7854 -19.7691 -0.756209 -10.922 -19.5804 2.69897 -9.05347 -19.046 6.13055 -7.20849 -18.1633 9.51314 -5.40728 -16.9166 12.8307 -3.64903 -15.3025 16.0137 -1.94174 -13.3185 19.0003 -0.269626 -10.971 21.7165 1.39303 -8.2723 24.0865 3.08141 -5.26903 26.0148 4.8169 -2.0222 27.4214 6.61419 1.38809 28.2436 8.47004 4.87187 28.4475 10.3628 8.33772 28.0325 12.2539 11.7078 27.0298 14.0973 14.9228 25.4916 15.8461 17.929 23.4869 17.4521 20.7058 21.0653 18.8872 23.2155 18.2702 20.1216 25.402 15.133 21.1274 27.1688 11.7076 21.8695 28.4153 8.01329 22.3209 28.9939 4.13307 22.4415 28.7506 0.223511 22.1941 27.5837 -3.44406 21.5676 25.4856 -6.58132 20.5871 22.5924 -8.87462 19.3321 19.1711 -10.108 17.9255 15.5056 -10.226 16.4866 11.9154 -9.32338 15.1388 8.57413 -7.61328 13.9423 5.53475 -5.32994 12.908 2.74441 -2.65998 12.0072 0.1397 0.220232 11.2031 -2.3767 3.18938 10.4425 -4.89312 6.15477 9.66735 -7.48064 9.04438 8.81565 -10.1773 11.7861 7.82496 -12.9968 14.3149 6.63074 -15.9252 16.5649 5.17024 -18.912 18.4625 3.39336 -21.8981 19.9436 1.2559 -24.7911 20.9366 -1.25873 -27.4784 21.3762 -4.13355 -29.8201 21.2153 -7.288 -31.7147 20.4344 -10.6437 -33.0559 19.0419 -14.0674 -33.7663 17.0824 -17.4014 -33.8093 14.6549 -20.457 -33.1965 11.8517 -23.1024 -31.9733 8.79689 -25.2006 -30.2201 5.62333 -26.6451 -28.025 2.437 -27.3701 -25.53 -0.607831 -27.3329 -22.8698 -3.40213 -26.5503 -20.1718 -5.86236 -25.0788 -17.5278 -7.94692 -22.991 -15.0367 -9.61593 -20.402 -12.7466 -10.8738 -17.4241 -10.6728 -11.7451 -14.1629 -8.7972 -12.2665 -10.7013 -7.08791 -12.4745 -7.12252 -5.48961 -12.4055 -3.48754 -3.93338 -12.0903 0.152751 -2.34271 -11.5558 3.74429 -0.627507 -10.8262 7.24297 1.30467 -9.93144 10.5868 3.54573 -8.9153 13.6949 6.15871 -7.85072 16.4447 9.20507 -6.82554 18.7232 12.6772 -5.96345 20.3733 16.4815 -5.40796 21.2343 20.3897 -5.29675 21.1832 24.147 -5.7185 20.1863 27.4379 -6.69335 18.3133 29.9952 -8.15625 15.7424 31.6729 -9.98919 12.6937 32.4334 -12.0296 9.4185 32.3616 -14.1391 6.0997 31.5953 -16.2174 2.84964 30.2692 -18.2171 -0.297362 28.5121 -20.0972 -3.3039 26.4163 -21.8481 -6.16798 24.0399 -23.4662 -8.88746 21.4024 -24.9468 -11.4599 18.5191 -26.2596 -13.8534 15.3878 -27.3596 -16.0332 12.0107 -28.1793 -17.9538 8.41192 -28.6338 -19.5613 4.6434 -28.6337 -20.8025 0.799466 -28.1014 -21.6288 0.217448 0.152835 0.101366 0.0670105 0.0519019 0.0561438 0.0784368 0.116688 0.16849 0.231458 0.301076 0.37439 0.450576 0.529067 0.609764 0.693151 0.779659 0.86889 0.959063 1.04732 1.12995 1.20311 1.26357 1.30927 1.33916 1.35289 1.34949 1.32623 1.27743 1.19347 1.05952 0.857443 0.573242 0.211683 -0.187891 -0.554362 -0.837391 -1.02463 -1.12889 -1.17105 -1.17037 -1.14252 -1.10002 -1.05213 -1.0051 -0.962828 -0.927499 -0.900004 -0.880393 -0.867976 -0.861395 -0.858716 -0.857474 -0.85485 -0.847977 -0.834216 -0.811623 -0.779108 -0.736523 -0.685075 -0.628274 -0.569922 -0.515706 -0.47055 -0.437478 -0.417821 -0.41125 -0.416104 -0.429992 -0.450133 -0.473515 -0.497005 -0.517195 -0.530277 -0.531742 -0.516201 -0.477506 -0.409102 -0.304312 -0.158468 0.0271839 0.242771 0.46906 0.679882 0.852243 0.971737 1.04416 1.08012 1.08978 1.08161 1.06191 1.03458 1.00135 0.96247 0.917331 0.864983 0.804877 0.737381 0.664242 0.588832 0.298581
-4.32703 -25.8791 -21.2194 -7.14765 -23.1185 -21.2899 -9.60691 -20.0503 -20.9435 -11.6649 -16.7631 -20.2082 -13.3076 -13.341 -19.1253 -14.5369 -9.87174 -17.751 -15.3807 -6.39254 -16.1328 -15.8647 -2.93942 -14.3225 -16.0153 0.466023 -12.369 -15.8561 3.8151 -10.3139 -15.4071 7.09727 -8.19468 -14.684 10.3045 -6.0368 -13.6981 13.423 -3.85327 -12.4481 16.4478 -1.63052 -10.9428 19.3239 0.630899 -9.1831 22.0011 2.95214 -7.17084 24.4143 5.35629 -4.90567 26.4909 7.86769 -2.41165 28.1361 10.4798 0.277621 29.2655 13.1711 3.11156 29.81 15.8955 6.02731 29.7279 18.5885 8.9541 29.0113 21.1733 11.8243 27.6858 23.5745 14.5783 25.8007 25.7246 17.1547 23.4287 27.5605 19.5186 20.6275 29.0437 21.6219 17.4604 30.1298 23.4077 13.9916 30.7726 24.797 10.3238 30.9234 25.7234 6.52903 30.5409 26.1018 2.74003 29.5893 25.8587 -0.867669 28.0627 24.9627 -4.06574 26.0194 23.4296 -6.6686 23.5534 21.3378 -8.50255 20.8211 18.817 -9.46882 18.0072 15.9916 -9.55784 15.2633 13.0349 -8.83512 12.7619 10.0609 -7.43591 10.5899 7.13796 -5.51523 8.77645 4.27475 -3.2045 7.29701 1.48721 -0.643115 6.11568 -1.24659 2.0673 5.16351 -3.95672 4.84865 4.35972 -6.67786 7.64375 3.61586 -9.4333 10.3967 2.84169 -12.2423 13.0568 1.94489 -15.1126 15.5669 0.835345 -18.0276 17.8517 -0.5655 -20.9664 19.8352 -2.32863 -23.8745 21.4202 -4.49888 -26.6693 22.5026 -7.08665 -29.225 22.9824 -10.0359 -31.4378 22.7938 -13.2805 -33.1798 21.8988 -16.69 -34.3366 20.3095 -20.0952 -34.8238 18.1111 -23.2829 -34.6145 15.4094 -26.0915 -33.7208 12.3573 -28.3535 -32.2047 9.12908 -29.9382 -30.151 5.87448 -30.767 -27.7081 2.78759 -30.7939 -25.0271 0.00427785 -30.0435 -22.2546 -2.38017 -28.5861 -19.4985 -4.32514 -26.5086 -16.871 -5.80312 -23.9383 -14.4274 -6.83597 -20.996 -12.1845 -7.46741 -17.792 -10.1205 -7.75266 -14.4111 -8.19725 -7.74847 -10.9364 -6.35205 -7.51257 -7.42752 -4.51058 -7.10109 -3.93287 -2.59713 -6.57214 -0.501538 -0.530405 -5.98696 2.83031 1.76077 -5.41741 6.0148 4.33376 -4.94916 8.99397 7.20436 -4.68382 11.6795 10.3868 -4.7279 14.0017 13.8325 -5.19227 15.8547 17.4318 -6.17033 17.124 20.9839 -7.69948 17.7014 24.2963 -9.77005 17.53 27.1365 -12.2916 16.6004 29.3063 -15.1095 14.9754 30.6891 -18.0545 12.7655 31.24 -20.93 10.1393 31.0098 -23.5962 7.25701 30.0991 -25.9667 4.2535 28.6141 -28.0137 1.20955 26.669 -29.714 -1.78825 24.3538 -31.0745 -4.69509 21.7354 -32.1017 -7.47899 18.8527 -32.7934 -10.1205 15.7533 -33.1272 -12.5798 12.4762 -33.071 -14.8211 9.0697 -32.5851 -16.8022 5.60024 -31.6328 -18.475 2.14706 -30.1912 -19.7939 -1.19478 -28.2623 -20.7179 -0.574486 -0.673749 -0.754762 -0.812867 -0.845736 -0.853376 -0.837305 -0.799932 -0.744226 -0.67339 -0.593423 -0.508164 -0.418196 -0.323218 -0.222021 -0.112729 0.0060122 0.1337 0.267023 0.400514 0.527393 0.641154 0.736897 0.811938 0.865239 0.896805 0.906065 0.890546 0.844674 0.758245 0.613567 0.384116 0.0387408 -0.436434 -0.990666 -1.49693 -1.8701 -2.10703 -2.24094 -2.30567 -2.32566 -2.31714 -2.29135 -2.25598 -2.21628 -2.17593 -2.13765 -2.1034 -2.07466 -2.05228 -2.03637 -2.02627 -2.0205 -2.01674 -2.01221 -2.00388 -1.98903 -1.96542 -1.93168 -1.88766 -1.83556 -1.77855 -1.72265 -1.67361 -1.63539 -1.61021 -1.59835 -1.59848 -1.60822 -1.6245 -1.6438 -1.6623 -1.67582 -1.67985 -1.66921 -1.63777 -1.57811 -1.48099 -1.33445 -1.12582 -0.848575 -0.512599 -0.152473 0.179721 0.443795 0.623761 0.735363 0.795986 0.819221 0.81529 0.791644 0.753194 0.702582 0.640811 0.567956 0.483601 0.38779 0.281654 0.168106 0.0522 0.515406
-4.14922 -23.5843 -19.2935 -6.2106 -20.218 -19.3147 -7.98046 -16.7039 -18.9971 -9.44819 -13.0961 -18.3554 -10.6114 -9.44477 -17.4085 -11.4711 -5.81143 -16.1856 -12.043 -2.21655 -14.7072 -12.3399 1.3088 -12.9986 -12.3766 4.73941 -11.0841 -12.1684 8.05774 -8.98394 -11.7301 11.2427 -6.71924 -11.0755 14.2777 -4.30547 -10.2165 17.1444 -1.75415 -9.15591 19.8373 0.943209 -7.90573 22.3117 3.76572 -6.47137 24.5342 6.70765 -4.85713 26.4648 9.76046 -3.06174 28.0611 12.9194 -1.09681 29.2645 16.1507 1.02647 30.021 19.4172 3.29007 30.279 22.6669 5.66809 29.9941 25.8331 8.12287 29.1351 28.8325 10.6066 27.6898 31.5717 13.061 25.6698 33.9499 15.4094 23.1257 35.8599 17.5885 20.1194 37.2193 19.5226 16.7494 37.9516 21.1383 13.1409 38.0043 22.3624 9.46721 37.3635 23.1569 5.85601 36.0471 23.4885 2.4605 34.1065 23.3441 -0.578372 31.6267 22.7366 -3.12765 28.7391 21.6923 -5.12232 25.5552 20.2513 -6.50946 22.2078 18.4639 -7.26936 18.8264 16.3628 -7.41057 15.4969 14.0228 -6.95875 12.3597 11.4995 -5.97041 9.5003 8.84213 -4.51546 6.98178 6.07404 -2.6687 4.82459 3.26408 -0.528765 3.02142 0.449046 1.82581 1.51865 -2.35292 4.32837 0.248592 -5.14208 6.92625 -0.865957 -7.92132 9.56637 -1.90347 -10.7036 12.2012 -2.9462 -13.5041 14.7799 -4.07686 -16.327 17.2358 -5.37299 -19.1839 19.5032 -6.91451 -22.063 21.4905 -8.76949 -24.9279 23.0866 -10.9884 -27.6907 24.1592 -13.5724 -30.2671 24.5928 -16.5108 -32.5172 24.2757 -19.7196 -34.2784 23.1412 -23.0469 -35.3856 21.2146 -26.2552 -35.7347 18.5916 -29.1238 -35.2754 15.4642 -31.4127 -34.044 12.0878 -32.9341 -32.1393 8.7054 -33.5887 -29.7449 5.58932 -33.3566 -27.0528 2.91093 -32.3192 -24.2357 0.757063 -30.6099 -21.4065 -0.869378 -28.3637 -18.6665 -1.99689 -25.7339 -16.0533 -2.70137 -22.8409 -13.5688 -3.07175 -19.7773 -11.1847 -3.19787 -16.6036 -8.86929 -3.16367 -13.377 -6.57734 -3.04722 -10.1357 -4.26175 -2.92042 -6.91161 -1.88239 -2.85119 -3.74158 0.603567 -2.90507 -0.654135 3.22607 -3.148 2.30873 6.00302 -3.64654 5.09354 8.91751 -4.46026 7.61675 11.9569 -5.65288 9.82182 15.0487 -7.26949 11.6521 18.1021 -9.33035 13.0495 20.9881 -11.8113 13.9469 23.6101 -14.6907 14.2992 25.8405 -17.8935 14.0628 27.5564 -21.3044 13.2194 28.6599 -24.7933 11.7777 29.0725 -28.1685 9.80113 28.7758 -31.2603 7.38829 27.8012 -33.9233 4.66293 26.2098 -36.0632 1.73902 24.1067 -37.5998 -1.24038 21.6037 -38.5118 -4.16687 18.811 -38.8088 -6.95494 15.819 -38.5173 -9.54894 12.7266 -37.6744 -11.8924 9.61195 -36.3231 -13.9513 6.54397 -34.5082 -15.7003 3.58543 -32.2776 -17.1194 0.787549 -29.6786 -18.1962 -1.80342 -26.7626 -18.9219 2.89267 2.78355 2.69482 2.62913 2.58747 2.5694 2.5737 2.59897 2.64376 2.70679 2.78364 2.87191 2.97183 3.08339 3.2064 3.34062 3.48518 3.63765 3.79361 3.94754 4.09331 4.22521 4.33869 4.43065 4.49897 4.54225 4.55861 4.54449 4.49356 4.39473 4.22822 3.96263 3.55848 2.99812 2.35452 1.79154 1.39324 1.14238 0.994298 0.912346 0.874002 0.864165 0.872855 0.893534 0.92164 0.95371 0.986846 1.01856 1.04658 1.06895 1.08424 1.0916 1.09118 1.08435 1.07361 1.06258 1.05546 1.05642 1.06882 1.09467 1.13335 1.18169 1.23278 1.27997 1.3186 1.34606 1.36179 1.36701 1.36401 1.35574 1.34554 1.33706 1.3343 1.34178 1.36505 1.41136 1.49022 1.61243 1.78722 2.02944 2.34985 2.74081 3.16307 3.554 3.8666 4.08437 4.22735 4.31394 4.35671 4.36428 4.34275 4.29652 4.22865 4.14152 4.03742 3.91866 3.78832 3.6504 3.51015 3.37389 0.355761
-3.18298 -22.935 -19.9119 -5.25164 -19.5751 -19.793 -7.08186 -16.1043 -19.3617 -8.66517 -12.5612 -18.6395 -9.99598 -8.97976 -17.6475 -11.066 -5.40681 -16.4126 -11.8792 -1.85222 -14.95 -12.4407 1.65535 -13.2715 -12.7585 5.0873 -11.3856 -12.8399 8.419 -9.29783 -12.6918 11.6192 -7.01701 -12.3206 14.6593 -4.55011 -11.7325 17.5091 -1.90463 -10.9216 20.156 0.921794 -9.88712 22.5538 3.89372 -8.62656 24.672 6.98832 -7.13899 26.4774 10.1789 -5.42048 27.9388 13.4441 -3.48106 29.0128 16.7359 -1.33193 29.6622 20.0085 1.00854 29.8509 23.208 3.51387 29.5471 26.2726 6.14526 28.7265 29.1297 8.85255 27.3765 31.7005 11.5729 25.5011 33.9013 14.2205 23.1358 35.6419 16.7222 20.3239 36.8539 18.9873 17.1423 37.4717 20.9244 13.6954 37.4491 22.4393 10.138 36.7743 23.4782 6.5879 35.4618 23.9922 3.19465 33.5573 23.958 0.10397 31.1383 23.3859 -2.53802 28.3278 22.3084 -4.64884 25.2311 20.7795 -6.15534 21.9755 18.8701 -7.01734 18.6865 16.6375 -7.22529 15.4472 14.187 -6.78716 12.3937 11.6033 -5.74564 9.60786 8.94343 -4.18174 7.15836 6.20537 -2.19903 5.08509 3.45628 0.083526 3.36489 0.721684 2.57364 1.93379 -1.99266 5.19586 0.716001 -4.69825 7.89186 -0.371281 -7.4068 10.6039 -1.41016 -10.1364 13.2806 -2.48499 -12.9026 15.8675 -3.67945 -15.707 18.2934 -5.06882 -18.5615 20.4838 -6.72203 -21.4504 22.3403 -8.69361 -24.3301 23.749 -11.0178 -27.1045 24.5823 -13.6765 -29.6829 24.7342 -16.641 -31.9236 24.1115 -19.8114 -33.6685 22.6726 -23.0278 -34.7629 20.4717 -26.0592 -35.1153 17.6233 -28.7037 -34.685 14.3292 -30.7519 -33.5093 10.8414 -32.0498 -31.678 7.38914 -32.5242 -29.3563 4.22958 -32.1719 -26.7169 1.52285 -31.0744 -23.9178 -0.646979 -29.3556 -21.0663 -2.27222 -27.137 -18.2669 -3.37287 -24.5588 -15.5682 -4.01711 -21.731 -12.987 -4.2902 -18.738 -10.5111 -4.28343 -15.6328 -8.12258 -4.0875 -12.4659 -5.77834 -3.78762 -9.27419 -3.43059 -3.46747 -6.08701 -1.03525 -3.21078 -2.93873 1.45673 -3.10091 0.142364 4.08196 -3.2236 3.11024 6.86253 -3.66513 5.90104 9.7796 -4.50166 8.41374 12.798 -5.80581 10.5842 15.8027 -7.63004 12.3638 18.7027 -9.94985 13.6795 21.3803 -12.69 14.4615 23.7574 -15.7875 14.6723 25.736 -19.1377 14.2837 27.2283 -22.614 13.2948 28.1692 -26.0949 11.724 28.5041 -29.4112 9.63613 28.2194 -32.4202 7.11941 27.3329 -34.9966 4.2829 25.8816 -37.052 1.22836 23.9417 -38.5 -1.90224 21.6021 -39.3056 -4.99066 18.9603 -39.4653 -7.93284 16.1046 -38.9996 -10.652 13.137 -37.951 -13.0726 10.1412 -36.3773 -15.1496 7.18874 -34.3436 -16.8562 4.3404 -31.9195 -18.1802 1.64033 -29.1696 -19.1235 -0.876148 -26.1559 -19.6956 9.53461 9.47287 9.44505 9.4389 9.20083 9.20944 9.20241 9.19035 9.25585 9.35361 9.44206 9.53149 9.56109 9.57153 9.58954 9.59511 9.97028 10.0487 10.1285 10.2029 10.7144 10.747 10.7801 10.7994 10.9823 10.8821 10.7734 10.6583 10.8466 10.7548 10.6764 10.5916 8.36369 8.10106 7.88935 7.7237 7.77254 7.59591 7.48932 7.4381 6.72367 6.8006 6.85819 6.91265 6.96247 6.9721 6.97751 6.98477 7.24655 7.28274 7.30383 7.32212 7.04102 7.03507 7.02843 7.01817 7.05707 7.03814 7.0031 6.96646 7.02955 7.02334 7.02569 7.03032 7.25512 7.2533 7.25941 7.26405 7.27807 7.27084 7.26864 7.26073 7.16756 7.13578 7.11286 7.09903 7.89175 8.03428 8.18664 8.33737 8.38398 8.64375 8.90966 9.164 10.4381 10.4545 10.4831 10.5159 10.7128 10.6819 10.6457 10.6112 10.5116 10.4519 10.3855 10.3196 9.80048 9.70709 9.62333 9.55938 -0.0125458
