# num_vectors 8
# vector_size 401
# Iterations: 113904, stepsize: 0.026478, max step size: 1.000000, spring constant: 1.000000, global NEB Hessian: false, global NEB Linesearch: true, climbing image: true
2.90635 -19.845 -21.0844 -0.902606 -20.8477 -20.8228 -4.78448 -21.366 -20.3285 -8.67052 -21.3443 -19.6355 -12.4767 -20.7363 -18.784 -16.0871 -19.5186 -17.8259 -19.4084 -17.6813 -16.8116 -22.3207 -15.2451 -15.8022 -24.7028 -12.265 -14.8639 -26.4445 -8.83107 -14.0641 -27.4565 -5.07764 -13.4702 -27.7271 -1.16948 -13.1263 -27.2768 2.73574 -13.0178 -26.1397 6.52394 -13.1104 -24.3821 10.0594 -13.3614 -22.0822 13.2582 -13.7222 -19.3232 16.0624 -14.1428 -16.1776 18.4434 -14.5748 -12.7326 20.3741 -14.9678 -9.06169 21.8509 -15.2747 -5.23275 22.8799 -15.4503 -1.30751 23.4743 -15.4508 2.65261 23.6516 -15.2345 6.58823 23.4334 -14.7611 10.4384 22.8446 -13.993 14.1242 21.9186 -12.9009 17.592 20.6874 -11.4542 20.7663 19.1913 -9.6322 23.5657 17.4794 -7.42601 25.8887 15.6254 -4.86246 27.6728 13.6873 -1.95283 28.8384 11.7464 1.25339 29.3189 9.8946 4.68053 29.0738 8.24035 8.20324 28.0956 6.86851 11.72 26.4131 5.86958 15.093 24.1265 5.29583 18.1992 21.3142 5.13596 20.9535 18.1093 5.35818 23.234 14.6229 5.90821 24.9841 10.9571 6.72291 26.1755 7.17675 7.74235 26.8047 3.3822 8.89265 26.8739 -0.364213 10.1062 26.4067 -4.01291 11.3181 25.4346 -7.52945 12.4678 23.9915 -10.8769 13.4941 22.1175 -14.0286 14.3395 19.8542 -16.9605 14.9485 17.2458 -19.6417 15.2668 14.3493 -22.0568 15.2453 11.2115 -24.1798 14.8363 7.89414 -25.9827 13.998 4.46979 -27.4271 12.708 1.04782 -28.4983 10.9429 -2.29839 -29.1713 8.70193 -5.45834 -29.4275 6.00771 -8.31064 -29.263 2.93565 -10.7121 -28.6902 -0.451861 -12.5637 -27.7379 -4.04367 -13.7567 -26.459 -7.70301 -14.2099 -24.9257 -11.3165 -13.9117 -23.2043 -14.7118 -12.9085 -21.3386 -17.7722 -11.2804 -19.3682 -20.4114 -9.12416 -17.3125 -22.5843 -6.52653 -15.209 -24.2399 -3.60611 -13.0744 -25.3662 -0.464504 -10.9178 -25.9665 2.80408 -8.73651 -26.0549 6.12171 -6.53331 -25.651 9.40122 -4.30204 -24.7817 12.5695 -2.03453 -23.4776 15.5579 0.273517 -21.7761 18.2952 2.63334 -19.7129 20.722 5.04893 -17.3314 22.7734 7.51925 -14.6824 24.3844 10.0207 -11.8447 25.4858 12.5515 -8.87455 26.0299 15.0843 -5.85741 25.9653 17.5806 -2.89338 25.2539 19.9721 -0.116209 23.891 22.2187 2.37647 21.8838 24.2541 4.46116 19.276 26.0103 6.02041 16.1496 27.4338 6.95895 12.6053 28.4865 7.2311 8.82548 29.1326 6.86756 4.96287 29.3467 5.92852 1.1495 29.1195 4.48234 -2.52718 28.4561 2.62363 -5.95736 27.3742 0.446185 -9.07972 25.8971 -1.9577 -11.8547 24.0442 -4.50875 -14.2681 21.8465 -7.11601 -16.3023 19.3302 -9.70183 -17.9599 16.5208 -12.1932 -19.2505 13.4461 -14.5189 -20.1884 10.131 -16.6135 -20.7926 6.6057 -18.4107 -21.0836 -3.87692 -3.87512 -3.87845 -3.878 -3.87697 -3.87919 -3.88747 -3.89363 -3.90074 -3.91138 -3.92583 -3.93883 -3.95035 -3.95857 -3.96009 -3.96372 -3.96738 -3.96836 -3.96427 -3.96454 -3.96659 -3.96725 -3.96372 -3.96508 -3.96841 -3.97014 -3.9671 -3.96808 -3.96992 -3.9687 -3.9613 -3.95614 -3.94955 -3.93956 -3.92373 -3.91084 -3.90012 -3.89135 -3.8896 -3.88541 -3.88115 -3.87974 -3.88341 -3.88309 -3.88125 -3.88089 -3.88477 -3.88368 -3.88051 -3.87873 -3.88139 -3.87966 -3.87664 -3.87627 -3.88177 -3.88445 -3.88741 -3.89432 -3.90735 -3.91801 -3.92913 -3.94025 -3.94775 -3.95565 -3.96254 -3.96606 -3.96361 -3.96472 -3.967 -3.96747 -3.96355 -3.9645 -3.96754 -3.96931 -3.96682 -3.96899 -3.97272 -3.97419 -3.97015 -3.96915 -3.96823 -3.96324 -3.95165 -3.94386 -3.93066 -3.9221 -3.90916 -3.89895 -3.88982 -3.88398 -3.88461 -3.88227 -3.87931 -3.87859 -3.88257 -3.88192 -3.87931 -3.87801 -3.88091 -3.879 -2.64455e-05
1.51948 -22.2162 -20.9226 -2.27472 -23.2737 -20.6621 -6.15664 -23.763 -20.1395 -10.0288 -23.615 -19.387 -13.7718 -22.7851 -18.4473 -17.2367 -21.2722 -17.3792 -20.308 -19.1036 -16.2392 -22.864 -16.3494 -15.0918 -24.8071 -13.1143 -13.9991 -26.0736 -9.52376 -13.0148 -26.634 -5.7214 -12.1824 -26.4957 -1.846 -11.5288 -25.6949 1.97616 -11.0651 -24.2782 5.6595 -10.7861 -22.3182 9.09437 -10.6777 -19.8888 12.2167 -10.7122 -17.0624 14.9815 -10.8542 -13.8966 17.3657 -11.0637 -10.4622 19.3408 -11.2963 -6.8165 20.8951 -11.5058 -3.01331 22.0205 -11.6456 0.895927 22.7121 -11.6687 4.85533 22.9658 -11.5284 8.80556 22.7802 -11.179 12.6798 22.1577 -10.5762 16.3871 21.1124 -9.68272 19.8563 19.6612 -8.4607 22.9894 17.8373 -6.88232 25.6789 15.6925 -4.93277 27.7996 13.3206 -2.63453 29.2683 10.8055 -0.00358978 29.9972 8.26908 2.90172 29.93 5.8504 5.99211 29.0633 3.7056 9.13128 27.4396 1.94673 12.2096 25.149 0.673596 15.0971 22.3196 -0.0552181 17.6796 19.0635 -0.225794 19.8909 15.5566 0.141785 21.6481 11.9278 0.983801 22.9298 8.2745 2.21618 23.7397 4.63797 3.75694 24.0973 1.07841 5.50347 24.0205 -2.38963 7.36378 23.532 -5.76411 9.25056 22.649 -9.05101 11.0828 21.3802 -12.2431 12.7764 19.7331 -15.3281 14.2512 17.7136 -18.2803 15.4288 15.3328 -21.0515 16.2322 12.6208 -23.5966 16.5974 9.60952 -25.8517 16.4682 6.35725 -27.7481 15.805 2.94506 -29.2111 14.6007 -0.500106 -30.2012 12.8608 -3.88426 -30.6811 10.6206 -7.07977 -30.6366 7.94201 -9.95777 -30.0848 4.93326 -12.3815 -29.0627 1.67609 -14.273 -27.6281 -1.71896 -15.5561 -25.8548 -5.13844 -16.184 -23.8083 -8.501 -16.1379 -21.5913 -11.6749 -15.4247 -19.2873 -14.5734 -14.0875 -16.9688 -17.1278 -12.1911 -14.6776 -19.3006 -9.79851 -12.4671 -21.0414 -7.0096 -10.3566 -22.3323 -3.91543 -8.34719 -23.1667 -0.604678 -6.42009 -23.5459 2.84714 -4.55374 -23.4726 6.35197 -2.71294 -22.9546 9.83269 -0.857553 -22.0013 13.2123 1.04995 -20.6282 16.4046 3.05071 -18.8519 19.3298 5.17493 -16.7005 21.8938 7.44017 -14.2171 23.9953 9.83109 -11.4834 25.5228 12.3389 -8.57227 26.3939 14.9168 -5.59599 26.529 17.4944 -2.68798 25.8794 19.9643 -0.0127122 24.454 22.2495 2.31333 22.2961 24.2562 4.16969 19.5003 25.9047 5.46814 16.2009 27.144 6.16288 12.5334 27.9324 6.2377 8.68089 28.2648 5.722 4.79594 28.1562 4.67195 1.00715 27.6307 3.1493 -2.6076 26.7225 1.2402 -5.95297 25.4665 -0.973399 -8.98338 23.8932 -3.41233 -11.6736 22.0198 -6.01017 -14.0204 19.8674 -8.68632 -16.0132 17.4455 -11.3695 -17.6567 14.759 -13.9875 -18.9583 11.8132 -16.4631 -19.9259 8.61254 -18.7179 -20.5692 5.17159 -20.6658 -20.8976 1.27188 1.27256 1.27316 1.27426 1.27654 1.28068 1.28731 1.2969 1.30975 1.32598 1.345 1.36517 1.38467 1.40206 1.41654 1.42792 1.43641 1.44237 1.44625 1.44843 1.44914 1.44842 1.44613 1.44188 1.43514 1.42521 1.41126 1.3925 1.36838 1.33867 1.30352 1.26389 1.22164 1.1791 1.13872 1.10344 1.07593 1.05827 1.05111 1.05354 1.06381 1.07974 1.09901 1.1195 1.13943 1.15743 1.17254 1.18423 1.19239 1.19735 1.19985 1.20092 1.20189 1.20418 1.20923 1.21827 1.23209 1.25094 1.27456 1.30209 1.33159 1.36071 1.38655 1.40694 1.42081 1.4279 1.42872 1.42424 1.41569 1.40432 1.39139 1.378 1.36513 1.35356 1.34394 1.33675 1.33232 1.33072 1.33181 1.33521 1.34018 1.34573 1.35071 1.35384 1.35385 1.34978 1.34267 1.33442 1.32662 1.32038 1.31629 1.31446 1.31472 1.31665 1.31973 1.32341 1.32716 1.33055 1.33328 1.33521 0.0644955
2.16543 -26.0462 -19.9794 -1.67558 -26.8982 -19.6593 -5.57176 -27.1087 -19.0616 -9.39818 -26.6205 -18.2238 -13.0146 -25.4185 -17.1951 -16.2684 -23.5442 -16.0396 -19.0592 -21.0655 -14.8138 -21.2992 -18.0845 -13.5761 -22.9344 -14.7193 -12.3773 -23.9438 -11.0874 -11.2568 -24.3291 -7.30699 -10.2445 -24.1119 -3.48196 -9.35722 -23.325 0.296161 -8.60104 -21.9975 3.96906 -7.96874 -20.1754 7.44255 -7.4525 -17.9033 10.6539 -7.03198 -15.2276 13.547 -6.68072 -12.1875 16.0788 -6.36706 -8.84422 18.1948 -6.05889 -5.25555 19.856 -5.72304 -1.48504 21.03 -5.32875 2.3998 21.6926 -4.84931 6.32406 21.8275 -4.26374 10.2101 21.4283 -3.55661 13.9772 20.4979 -2.7175 17.5276 19.0553 -1.74358 20.7897 17.1198 -0.626585 23.6703 14.7249 0.638606 26.0691 11.9199 2.05725 27.8663 8.80067 3.62102 28.972 5.44884 5.33794 29.2835 2.00482 7.19455 28.7247 -1.34734 9.15816 27.2843 -4.36892 11.1584 25.0151 -6.85446 13.1279 22.058 -8.60307 14.9726 18.6263 -9.4833 16.6017 14.9278 -9.45558 17.9584 11.2297 -8.57018 18.9886 7.7022 -6.96288 19.691 4.43243 -4.80147 20.0886 1.41245 -2.23428 20.2125 -1.38169 0.577017 20.0857 -4.02799 3.50784 19.7197 -6.61351 6.45176 19.1071 -9.21946 9.31464 18.222 -11.8963 11.9939 17.0277 -14.6635 14.3871 15.4832 -17.4991 16.3896 13.5544 -20.3304 17.8983 11.2334 -23.0652 18.8374 8.52831 -25.5795 19.1529 5.48559 -27.7424 18.8278 2.18481 -29.4255 17.8928 -1.24344 -30.5572 16.4038 -4.70201 -31.0864 14.4405 -8.06734 -31.0011 12.0947 -11.2217 -30.3326 9.47875 -14.0397 -29.134 6.65866 -16.4568 -27.4768 3.70583 -18.3973 -25.446 0.681756 -19.7982 -23.114 -2.38362 -20.6122 -20.5988 -5.40702 -20.7857 -18.004 -8.32711 -20.2982 -15.4309 -11.0774 -19.1528 -12.9557 -13.6039 -17.368 -10.6704 -15.8206 -15.0105 -8.62428 -17.669 -12.166 -6.83587 -19.1047 -8.93562 -5.28873 -20.101 -5.41621 -3.94593 -20.6397 -1.7177 -2.7431 -20.7177 2.06639 -1.59994 -20.339 5.85091 -0.429327 -19.5142 9.54744 0.86197 -18.2564 13.0781 2.36015 -16.5875 16.3469 4.13759 -14.5436 19.2414 6.22814 -12.1989 21.6193 8.65218 -9.62924 23.3638 11.3736 -6.95489 24.3455 14.3049 -4.32505 24.4646 17.2891 -1.92197 23.6846 20.1875 0.118784 22.0342 22.8351 1.66913 19.6102 25.0881 2.64598 16.5673 26.8521 3.01809 13.0717 28.0571 2.79346 9.33454 28.6937 2.02223 5.53071 28.7881 0.773986 1.80212 28.3837 -0.886462 -1.76726 27.5357 -2.87704 -5.08083 26.3006 -5.12762 -8.09252 24.7267 -7.57366 -10.776 22.8443 -10.1626 -13.1254 20.682 -12.8244 -15.1267 18.2515 -15.4933 -16.7806 15.5547 -18.0968 -18.0901 12.5912 -20.5506 -19.0589 9.35939 -22.7634 -19.6924 5.87234 -24.6317 -19.9964 -0.0316586 -0.0324436 -0.032909 -0.0320442 -0.0287768 -0.022126 -0.0113135 0.00412642 0.0243396 0.0492502 0.0777398 0.10807 0.13891 0.169197 0.198278 0.225924 0.252086 0.276662 0.299337 0.319616 0.336737 0.349683 0.357226 0.357949 0.350257 0.332362 0.302097 0.257003 0.194668 0.112992 0.0106567 -0.110932 -0.24615 -0.385656 -0.51794 -0.629784 -0.712471 -0.762189 -0.780155 -0.771356 -0.742233 -0.699606 -0.650089 -0.599282 -0.55154 -0.509994 -0.476645 -0.452328 -0.436876 -0.4291 -0.426904 -0.427472 -0.427491 -0.423564 -0.412594 -0.392157 -0.360991 -0.319069 -0.267533 -0.209107 -0.149022 -0.0916446 -0.0420997 -0.00445619 0.0191428 0.0281384 0.0234456 0.00704151 -0.0185724 -0.0506265 -0.0862458 -0.122672 -0.157273 -0.187662 -0.21167 -0.227344 -0.233029 -0.227638 -0.210671 -0.182494 -0.14484 -0.100646 -0.0537394 -0.0087155 0.0299327 0.0579232 0.0752888 0.0844297 0.0879887 0.0883575 0.0874945 0.0867898 0.0870387 0.0885136 0.0910607 0.0942394 0.0974687 0.100182 0.101952 0.102604 0.133918
-0.160445 -29.268 -23.6012 -4.0812 -28.8117 -23.5692 -7.83778 -27.7075 -23.0688 -11.2708 -26.0034 -22.1242 -14.2526 -23.7854 -20.7935 -16.6926 -21.1713 -19.1661 -18.5743 -18.2539 -17.3267 -19.904 -15.121 -15.3641 -20.7111 -11.8401 -13.359 -21.0349 -8.45764 -11.3793 -20.9138 -5.01413 -9.48383 -20.3815 -1.54169 -7.71634 -19.4644 1.92681 -6.1058 -18.1732 5.37434 -4.65682 -16.5265 8.73538 -3.37486 -14.5346 11.9589 -2.23761 -12.2068 14.9876 -1.2075 -9.54592 17.7662 -0.232925 -6.57773 20.2155 0.737031 -3.33347 22.2625 1.75455 0.138271 23.8342 2.86231 3.77107 24.8648 4.08762 7.47896 25.3017 5.43723 11.1658 25.1136 6.89763 14.7317 24.293 8.43747 18.067 22.8615 10.0065 21.0959 20.8502 11.5606 23.732 18.3065 13.0488 25.8881 15.2901 14.4225 27.4617 11.903 15.6294 28.3719 8.22198 16.6428 28.5181 4.37982 17.4314 27.8132 0.556747 17.972 26.2256 -2.99383 18.2528 23.7851 -6.03501 18.2846 20.6233 -8.30941 18.097 16.9687 -9.62223 17.7421 13.0653 -9.88956 17.282 9.22836 -9.14363 16.7898 5.65977 -7.54203 16.3208 2.45176 -5.29327 15.9053 -0.42269 -2.58537 15.5436 -3.02445 0.389491 15.2157 -5.47345 3.49015 14.8768 -7.89548 6.60306 14.4643 -10.402 9.63124 13.9006 -13.0623 12.469 13.1004 -15.8999 15.0101 11.9776 -18.8823 17.1464 10.457 -21.9119 18.7735 8.49408 -24.8636 19.8195 6.07081 -27.576 20.2382 3.21665 -29.8839 20.0234 0.0063219 -31.6326 19.2166 -3.42169 -32.7381 17.8837 -6.95168 -33.1496 16.1096 -10.4364 -32.8682 13.9855 -13.7331 -31.9484 11.6145 -16.6936 -30.4668 9.05231 -19.2375 -28.52 6.35532 -21.2789 -26.2153 3.57023 -22.7496 -23.6418 0.716135 -23.6032 -20.9341 -2.13522 -23.7917 -18.2033 -4.92875 -23.3056 -15.5498 -7.60262 -22.1627 -13.0404 -10.1074 -20.3952 -10.7509 -12.363 -18.079 -8.71013 -14.3159 -15.3012 -6.91748 -15.9245 -12.1558 -5.34261 -17.1626 -8.72658 -3.94213 -18.0077 -5.10761 -2.65248 -18.4495 -1.37747 -1.3993 -18.4828 2.39099 -0.103482 -18.1074 6.11858 1.32244 -17.3261 9.73401 2.96394 -16.1487 13.1449 4.90015 -14.5973 16.2367 7.17753 -12.7294 18.8534 9.83323 -10.6138 20.8519 12.8393 -8.37172 22.0597 16.0958 -6.17021 22.3261 19.4022 -4.22271 21.5753 22.5579 -2.708 19.8327 25.33 -1.78183 17.2354 27.5305 -1.5263 14.0134 29.0598 -1.94414 10.414 29.8861 -2.96792 6.70747 30.0629 -4.4883 3.08442 29.6821 -6.38723 -0.33881 28.8368 -8.57115 -3.52898 27.6168 -10.9374 -6.45705 26.0876 -13.4111 -9.14105 24.288 -15.9283 -11.6081 22.2244 -18.4383 -13.89 19.8955 -20.8712 -15.9931 17.2811 -23.158 -17.9171 14.3584 -25.2182 -19.643 11.1181 -26.9578 -21.1319 7.57329 -28.2769 -22.3303 3.77939 -29.0748 -23.174 0.145552 0.105937 0.0751113 0.0576685 0.0568358 0.0739006 0.10827 0.157661 0.218545 0.286751 0.35595 0.421879 0.482896 0.538463 0.589287 0.637096 0.683904 0.731338 0.780077 0.829772 0.878924 0.925083 0.965268 0.996378 1.01544 1.0198 1.00662 0.972348 0.91229 0.820076 0.68731 0.506152 0.27469 0.00290273 -0.284041 -0.547152 -0.757829 -0.904699 -0.990787 -1.027 -1.02577 -0.998855 -0.957099 -0.909715 -0.863852 -0.824485 -0.794484 -0.774674 -0.764199 -0.760781 -0.761076 -0.761101 -0.756677 -0.743948 -0.719725 -0.681878 -0.629928 -0.565 -0.489701 -0.408636 -0.329224 -0.257119 -0.197696 -0.154296 -0.127779 -0.117319 -0.120783 -0.135281 -0.157735 -0.185081 -0.214374 -0.242885 -0.26801 -0.28727 -0.298178 -0.298232 -0.285081 -0.256885 -0.212485 -0.152165 -0.0785773 0.0034703 0.0875761 0.166091 0.232005 0.279573 0.31077 0.32993 0.341116 0.347537 0.351251 0.35312 0.352917 0.349589 0.341597 0.327302 0.305419 0.27548 0.238245 0.195997 0.00702081
-2.70192 -26.573 -21.6799 -6.28631 -24.9196 -21.6612 -9.58614 -22.7952 -21.2373 -12.5061 -20.2605 -20.4427 -14.9789 -17.3917 -19.3307 -16.9612 -14.2837 -17.972 -18.4587 -10.9967 -16.4265 -19.4846 -7.59284 -14.7541 -20.0631 -4.12263 -13.0051 -20.2215 -0.623651 -11.2171 -19.9837 2.86563 -9.41884 -19.3686 6.31167 -7.62669 -18.3888 9.67882 -5.84691 -17.0422 12.9455 -4.0671 -15.3387 16.0427 -2.29029 -13.2844 18.9146 -0.505716 -10.8918 21.4986 1.29718 -8.17481 23.7357 3.13131 -5.1772 25.5526 4.9923 -1.9501 26.8928 6.87388 1.44279 27.7138 8.76195 4.93128 27.991 10.6366 8.4407 27.7186 12.4726 11.9003 26.9073 14.2429 15.2443 25.5788 15.9201 18.3989 23.7679 17.4709 21.3161 21.4973 18.874 23.9278 18.7929 20.0986 26.1515 15.6837 21.1098 27.8747 12.2384 21.8623 28.9971 8.50539 22.3205 29.3917 4.60217 22.4413 28.946 0.710571 22.1928 27.6106 -2.90052 21.5743 25.4147 -5.97814 20.6193 22.4966 -8.26201 19.4055 19.0867 -9.57524 18.044 15.4172 -9.8646 16.64 11.7711 -9.18806 15.3098 8.31978 -7.70994 14.1167 5.14017 -5.62697 13.0811 2.21219 -3.10796 12.1824 -0.497432 -0.32369 11.3871 -3.06876 2.60137 10.6395 -5.58566 5.56914 9.87508 -8.1249 8.50149 9.02419 -10.7367 11.3186 8.01774 -13.4491 13.9455 6.78775 -16.2614 16.3046 5.27237 -19.1341 18.3103 3.4272 -22.0149 19.8893 1.21662 -24.817 20.9646 -1.3662 -27.4324 21.4687 -4.29617 -29.7254 21.3543 -7.48822 -31.5958 20.6026 -10.8641 -32.9365 19.2212 -14.2925 -33.6655 17.2538 -17.6178 -33.7394 14.7999 -20.6516 -33.1642 11.9555 -23.2613 -31.9812 8.85125 -25.3094 -30.2705 5.62754 -26.6924 -28.1212 2.39587 -27.351 -25.675 -0.68701 -27.2526 -23.0642 -3.51401 -26.4224 -20.4115 -6.00527 -24.9211 -17.8038 -8.12153 -22.8196 -15.3367 -9.82072 -20.2272 -13.0589 -11.1007 -17.2494 -10.9894 -11.9769 -13.9868 -9.11561 -12.477 -10.521 -7.40993 -12.6327 -6.93789 -5.81886 -12.4816 -3.30224 -4.2717 -12.063 0.331487 -2.68688 -11.4191 3.90763 -0.967281 -10.5933 7.3827 0.986595 -9.63641 10.6965 3.27089 -8.61028 13.7697 5.94634 -7.59905 16.4793 9.06433 -6.69112 18.7101 12.5993 -5.99656 20.3048 16.4389 -5.62935 21.1085 20.3473 -5.68464 21.0107 24.0845 -6.21263 19.9893 27.3682 -7.21042 18.1157 29.9659 -8.61775 15.5542 31.7484 -10.3456 12.5037 32.6672 -12.2723 9.20026 32.7768 -14.2939 5.82827 32.1798 -16.3294 2.51621 30.9835 -18.3336 -0.679612 29.2986 -20.2539 -3.70202 27.2125 -22.0601 -6.53874 24.7887 -23.724 -9.1878 22.0601 -25.2183 -11.6552 19.0622 -26.4967 -13.9232 15.8161 -27.5095 -15.9734 12.346 -28.1985 -17.7758 8.69105 -28.5012 -19.2899 4.9063 -28.3588 -20.4721 1.07385 -27.7243 -21.2795 0.424622 0.360953 0.308981 0.272621 0.254249 0.254344 0.271889 0.304866 0.350818 0.407411 0.470524 0.537562 0.608227 0.682369 0.759808 0.8403 0.923079 1.0065 1.08799 1.16469 1.2337 1.29246 1.33896 1.37184 1.38994 1.3921 1.37622 1.33852 1.27297 1.17044 1.01781 0.800308 0.508667 0.151151 -0.235478 -0.589366 -0.867752 -1.05956 -1.17502 -1.23192 -1.24686 -1.23331 -1.20229 -1.16249 -1.12037 -1.08054 -1.04605 -1.01856 -0.998616 -0.985846 -0.979056 -0.976443 -0.975666 -0.974023 -0.968709 -0.957056 -0.936972 -0.90717 -0.867305 -0.818394 -0.76367 -0.706772 -0.653132 -0.607362 -0.572247 -0.549063 -0.53767 -0.536764 -0.544366 -0.55804 -0.574937 -0.591829 -0.604988 -0.610118 -0.602162 -0.575234 -0.522867 -0.438446 -0.315714 -0.151433 0.0504555 0.277051 0.507713 0.718051 0.889112 1.00983 1.08654 1.12888 1.14571 1.14445 1.13085 1.10865 1.07973 1.04455 1.00275 0.953584 0.89666 0.832381 0.762394 0.689801 0.194457
-4.03953 -25.6806 -20.9794 -6.90596 -22.9677 -21.0549 -9.43809 -19.9569 -20.7309 -11.5876 -16.7203 -20.0338 -13.3277 -13.33 -19.0042 -14.6469 -9.86754 -17.6978 -15.5644 -6.37001 -16.1613 -16.1014 -2.87809 -14.4426 -16.2841 0.578292 -12.5836 -16.1391 3.97983 -10.6154 -15.69 7.3044 -8.56343 -14.9558 10.5331 -6.44166 -13.95 13.6435 -4.25558 -12.6726 16.6248 -1.99001 -11.134 19.4208 0.348079 -9.33811 21.9862 2.76586 -7.29078 24.2669 5.26771 -4.99613 26.2083 7.8593 -2.48085 27.7393 10.52 0.223341 28.7998 13.2244 3.0729 29.3385 15.9337 6.01522 29.3191 18.5989 8.98873 28.7237 21.161 11.9295 27.554 23.5577 14.7733 25.8296 25.7257 17.4464 23.5949 27.5954 19.8979 20.8905 29.1154 22.0633 17.7741 30.2263 23.8731 14.3181 30.8704 25.2437 10.6424 30.9955 26.1133 6.83904 30.567 26.4092 3.0558 29.5646 26.0755 -0.529116 28.0019 25.0978 -3.69941 25.9527 23.5 -6.29037 23.5156 21.3575 -8.14782 20.8388 18.79 -9.18044 18.0916 15.9102 -9.37161 15.41 12.8879 -8.76666 12.9563 9.84219 -7.47937 10.8146 6.85272 -5.64876 9.01655 3.94001 -3.39863 7.54035 1.12872 -0.866635 6.35199 -1.601 1.842 5.38318 -4.283 4.64293 4.55346 -6.95966 7.47138 3.77512 -9.66349 10.2634 2.95981 -12.422 12.9605 2.01812 -15.2485 15.4999 0.863735 -18.129 17.8032 -0.577741 -21.0419 19.7952 -2.37388 -23.9309 21.3829 -4.56747 -26.7115 22.4683 -7.16927 -29.2566 22.9569 -10.1262 -31.4617 22.7852 -13.3771 -33.1983 21.9128 -16.7951 -34.3514 20.3457 -20.2118 -34.8359 18.1617 -23.4098 -34.6256 15.4619 -26.2201 -33.7359 12.3981 -28.4679 -32.2339 9.14717 -30.0193 -30.2088 5.86238 -30.7978 -27.8097 2.74137 -30.766 -25.1831 -0.0777439 -29.959 -22.4663 -2.49758 -28.4557 -19.7563 -4.47423 -26.3477 -17.1551 -5.9743 -23.7634 -14.7129 -7.01281 -20.8221 -12.4465 -7.62742 -17.6314 -10.3392 -7.8703 -14.2739 -8.36118 -7.80006 -10.8308 -6.45913 -7.48151 -7.35901 -4.56724 -6.98224 -3.90295 -2.6159 -6.37455 -0.50617 -0.526401 -5.7337 2.80114 1.77311 -5.14357 5.97586 4.34298 -4.6975 8.96112 7.20239 -4.49787 11.6642 10.3671 -4.64452 14.0063 13.7877 -5.23274 15.8707 17.3534 -6.33273 17.1349 20.8672 -7.95546 17.6906 24.148 -10.0731 17.4877 26.9813 -12.5907 16.527 29.1859 -15.3672 14.8777 30.6518 -18.2584 12.6504 31.3238 -21.0943 10.0094 31.2298 -23.7512 7.11083 30.4441 -26.1438 4.08966 29.0521 -28.2334 1.03077 27.156 -29.9781 -1.9729 24.846 -31.3654 -4.87121 22.1984 -32.3871 -7.62944 19.2671 -33.0342 -10.2283 16.1163 -33.2875 -12.6312 12.799 -33.1273 -14.8075 9.37138 -32.5329 -16.7215 5.89902 -31.4887 -18.3323 2.45202 -29.9884 -19.601 -0.888875 -28.0424 -20.4918 -0.336092 -0.431472 -0.510184 -0.567972 -0.602625 -0.614124 -0.603961 -0.574458 -0.528265 -0.467846 -0.398015 -0.321593 -0.238507 -0.148496 -0.051305 0.0532454 0.16459 0.280787 0.398229 0.512485 0.61875 0.712613 0.790573 0.850264 0.890044 0.908746 0.904558 0.874055 0.811212 0.705785 0.54051 0.290431 -0.0715339 -0.552477 -1.09919 -1.59534 -1.96694 -2.21153 -2.35836 -2.43791 -2.47251 -2.47716 -2.46251 -2.4363 -2.40421 -2.37049 -2.33834 -2.31002 -2.28699 -2.26987 -2.25846 -2.2518 -2.24825 -2.2455 -2.24091 -2.23166 -2.21528 -2.18986 -2.15428 -2.1087 -2.05537 -1.99732 -1.94013 -1.88884 -1.84673 -1.81559 -1.79568 -1.78594 -1.78448 -1.7888 -1.79591 -1.80236 -1.8042 -1.79682 -1.77468 -1.73095 -1.65729 -1.54345 -1.37686 -1.14569 -0.846917 -0.495863 -0.130227 0.201328 0.465429 0.649947 0.770209 0.841844 0.876713 0.883703 0.869455 0.838614 0.793957 0.736851 0.66785 0.58705 0.494957 0.393024 0.284251 0.173436 0.403045
-4.01813 -23.556 -19.2337 -6.0795 -20.1895 -19.2332 -7.8571 -16.6804 -18.9041 -9.33952 -13.0788 -18.2614 -10.5226 -9.43144 -17.324 -11.4053 -5.79744 -16.1195 -12.0013 -2.19618 -14.6665 -12.3224 1.34106 -12.9871 -12.3823 4.78769 -11.1021 -12.1957 8.12378 -9.02822 -11.7771 11.3253 -6.78309 -11.1399 14.3721 -4.3797 -10.2957 17.2433 -1.82849 -9.24677 19.9311 0.878526 -8.00494 22.39 3.71818 -6.57565 24.5877 6.68117 -4.9635 26.4868 9.7548 -3.16767 28.0489 12.9306 -1.20004 29.2205 16.1719 0.928341 29.9526 19.4406 3.2001 30.1969 22.6856 5.5904 29.9108 25.8424 8.06268 29.0622 28.8305 10.5697 27.6359 31.5583 13.0528 25.6395 33.9267 15.4336 23.1195 35.8283 17.6467 20.1348 37.1806 19.6132 16.7823 37.9065 21.257 13.1864 37.9535 22.5023 9.52058 37.3084 23.3096 5.91303 35.9897 23.6446 2.51748 34.0498 23.4935 -0.524329 31.5739 22.87 -3.07833 28.694 21.8013 -5.07824 25.5215 20.3302 -6.46992 22.1891 18.5099 -7.23268 18.826 16.3769 -7.37423 15.5167 14.0109 -6.91911 12.3997 11.4717 -5.92209 9.55734 8.8108 -4.4531 7.05075 6.04674 -2.59241 4.9004 3.24626 -0.439562 3.09782 0.443973 1.92686 1.58986 -2.34422 4.43994 0.310283 -5.12072 7.04623 -0.816179 -7.89052 9.6914 -1.86599 -10.6683 12.3266 -2.91971 -13.4702 14.9001 -4.0588 -16.3002 17.345 -5.36013 -19.1686 19.5965 -6.90358 -22.0612 21.5649 -8.75778 -24.9386 23.1417 -10.9744 -27.7098 24.1972 -13.5563 -30.2884 24.6181 -16.4946 -32.5332 24.2933 -19.7064 -34.2818 23.1552 -23.0391 -35.3713 21.2277 -26.2529 -35.7014 18.6047 -29.1238 -35.2275 15.4771 -31.4094 -33.9912 12.0985 -32.922 -32.0944 8.70949 -33.5652 -29.7195 5.57929 -33.3232 -27.053 2.87733 -32.2806 -24.2605 0.691122 -30.5721 -21.4482 -0.972994 -28.3322 -18.7135 -2.13738 -25.713 -16.0934 -2.87156 -22.8336 -13.5927 -3.25932 -19.7855 -11.1875 -3.38759 -16.6277 -8.85181 -3.33997 -13.416 -6.54539 -3.1966 -10.1861 -4.22481 -3.03321 -6.96721 -1.85154 -2.92267 -3.79378 0.617981 -2.93561 -0.692738 3.21651 -3.14281 2.29386 5.96609 -3.61492 5.11026 8.85425 -4.41452 7.66802 11.871 -5.60691 9.90415 14.9404 -7.24088 11.7565 17.9719 -9.32962 13.1603 20.8366 -11.8392 14.0458 23.4389 -14.7395 14.3708 25.654 -17.9502 14.0982 27.3636 -21.3552 13.219 28.4747 -24.8298 11.7488 28.9118 -28.1918 9.75503 28.6548 -31.2808 7.3341 27.7287 -33.9568 4.60455 26.1862 -36.1243 1.67478 24.124 -37.6957 -1.31503 21.6495 -38.6394 -4.25562 18.8727 -38.9555 -7.05753 15.888 -38.6656 -9.66003 12.7992 -37.8061 -12.0024 9.68939 -36.4246 -14.0484 6.62989 -34.5728 -15.7734 3.68355 -32.3062 -17.1605 0.899447 -29.678 -18.2013 -1.67946 -26.7429 -18.892 3.082 2.97527 2.88816 2.82293 2.78038 2.76002 2.76072 2.7812 2.82024 2.87686 2.94707 3.02878 3.12245 3.22806 3.34516 3.47306 3.61028 3.75397 3.89957 4.04177 4.17492 4.29381 4.39424 4.47328 4.52877 4.5592 4.56252 4.53506 4.47043 4.35746 4.1762 3.89524 3.47582 2.90233 2.24984 1.68008 1.27373 1.01291 0.853725 0.760733 0.712559 0.693439 0.6934 0.705916 0.726395 0.751312 0.777709 0.803076 0.82521 0.84233 0.853217 0.857285 0.854866 0.847426 0.837436 0.82836 0.82419 0.828809 0.845332 0.87551 0.918602 0.971508 1.02754 1.08043 1.12594 1.16169 1.1871 1.20319 1.21196 1.21594 1.21812 1.22187 1.23103 1.25021 1.2852 1.34369 1.43579 1.57298 1.76498 2.02733 2.36911 2.77891 3.21397 3.61225 3.93067 4.15562 4.3075 4.40417 4.45759 4.47579 4.46429 4.42701 4.36667 4.28543 4.18561 4.06986 3.94178 3.80599 3.66811 3.5345 0.329636
-3.18298 -22.935 -19.9119 -5.25164 -19.5751 -19.793 -7.08186 -16.1043 -19.3617 -8.66517 -12.5612 -18.6395 -9.99598 -8.97976 -17.6475 -11.066 -5.40681 -16.4126 -11.8792 -1.85222 -14.95 -12.4407 1.65535 -13.2715 -12.7585 5.0873 -11.3856 -12.8399 8.419 -9.29783 -12.6918 11.6192 -7.01701 -12.3206 14.6593 -4.55011 -11.7325 17.5091 -1.90463 -10.9216 20.156 0.921794 -9.88712 22.5538 3.89372 -8.62656 24.672 6.98832 -7.13899 26.4774 10.1789 -5.42048 27.9388 13.4441 -3.48106 29.0128 16.7359 -1.33193 29.6622 20.0085 1.00854 29.8509 23.208 3.51387 29.5471 26.2726 6.14526 28.7265 29.1297 8.85255 27.3765 31.7005 11.5729 25.5011 33.9013 14.2205 23.1358 35.6419 16.7222 20.3239 36.8539 18.9873 17.1423 37.4717 20.9244 13.6954 37.4491 22.4393 10.138 36.7743 23.4782 6.5879 35.4618 23.9922 3.19465 33.5573 23.958 0.10397 31.1383 23.3859 -2.53802 28.3278 22.3084 -4.64884 25.2311 20.7795 -6.15534 21.9755 18.8701 -7.01734 18.6865 16.6375 -7.22529 15.4472 14.187 -6.78716 12.3937 11.6033 -5.74564 9.60786 8.94343 -4.18174 7.15836 6.20537 -2.19903 5.08509 3.45628 0.083526 3.36489 0.721684 2.57364 1.93379 -1.99266 5.19586 0.716001 -4.69825 7.89186 -0.371281 -7.4068 10.6039 -1.41016 -10.1364 13.2806 -2.48499 -12.9026 15.8675 -3.67945 -15.707 18.2934 -5.06882 -18.5615 20.4838 -6.72203 -21.4504 22.3403 -8.69361 -24.3301 23.749 -11.0178 -27.1045 24.5823 -13.6765 -29.6829 24.7342 -16.641 -31.9236 24.1115 -19.8114 -33.6685 22.6726 -23.0278 -34.7629 20.4717 -26.0592 -35.1153 17.6233 -28.7037 -34.685 14.3292 -30.7519 -33.5093 10.8414 -32.0498 -31.678 7.38914 -32.5242 -29.3563 4.22958 -32.1719 -26.7169 1.52285 -31.0744 -23.9178 -0.646979 -29.3556 -21.0663 -2.27222 -27.137 -18.2669 -3.37287 -24.5588 -15.5682 -4.01711 -21.731 -12.987 -4.2902 -18.738 -10.5111 -4.28343 -15.6328 -8.12258 -4.0875 -12.4659 -5.77834 -3.78762 -9.27419 -3.43059 -3.46747 -6.08701 -1.03525 -3.21078 -2.93873 1.45673 -3.10091 0.142364 4.08196 -3.2236 3.11024 6.86253 -3.66513 5.90104 9.7796 -4.50166 8.41374 12.798 -5.80581 10.5842 15.8027 -7.63004 12.3638 18.7027 -9.94985 13.6795 21.3803 -12.69 14.4615 23.7574 -15.7875 14.6723 25.736 -19.1377 14.2837 27.2283 -22.614 13.2948 28.1692 -26.0949 11.724 28.5041 -29.4112 9.63613 28.2194 -32.4202 7.11941 27.3329 -34.9966 4.2829 25.8816 -37.052 1.22836 23.9417 -38.5 -1.90224 21.6021 -39.3056 -4.99066 18.9603 -39.4653 -7.93284 16.1046 -38.9996 -10.652 13.137 -37.951 -13.0726 10.1412 -36.3773 -15.1496 7.18874 -34.3436 -16.8562 4.3404 -31.9195 -18.1802 1.64033 -29.1696 -19.1235 -0.876148 -26.1559 -19.6956 9.53461 9.47287 9.44505 9.4389 9.20083 9.20944 9.20241 9.19035 9.25585 9.35361 9.44206 9.53149 9.56109 9.57153 9.58954 9.59511 9.97028 10.0487 10.1285 10.2029 10.7144 10.747 10.7801 10.7994 10.9823 10.8821 10.7734 10.6583 10.8466 10.7548 10.6764 10.5916 8.36369 8.10106 7.88935 7.7237 7.77254 7.59591 7.48932 7.4381 6.72367 6.8006 6.85819 6.91265 6.96247 6.9721 6.97751 6.98477 7.24655 7.28274 7.30383 7.32212 7.04102 7.03507 7.02843 7.01817 7.05707 7.03814 7.0031 6.96646 7.02955 7.02334 7.02569 7.03032 7.25512 7.2533 7.25941 7.26405 7.27807 7.27084 7.26864 7.26073 7.16756 7.13578 7.11286 7.09903 7.89175 8.03428 8.18664 8.33737 8.38398 8.64375 8.90966 9.164 10.4381 10.4545 10.4831 10.5159 10.7128 10.6819 10.6457 10.6112 10.5116 10.4519 10.3855 10.3196 9.80048 9.70709 9.62333 9.55938 -0.0125458
