# num_vectors 15
# vector_size 101
# Stepsize: 1.000000, StepLength: 40.000000, GoalBias: 0.200000, NeighborRadius: 10.000000, SampleProjDim: 30, OneRandDirection: 0, AllPermutations: 1, GoalBiasForAllPermutations: 0, SampleInProjectionSpace: 0, UseConstraintProjectionForSampling: 1, ReprojectDirection: 0
23.9187 4.17571 17.9137 30.6114 9.32832 4.80036 25.1897 17.5226 -7.44489 11.7404 22.9695 -13.7377 -4.11219 22.777 -14.6485 -18.3314 15.9274 -12.9449 -27.0761 2.77943 -11.8985 -25.8709 -12.6923 -14.4712 -13.8208 -21.6832 -19.046 1.731 -20.579 -21.5426 15.1901 -12.4043 -19.5671 24.3572 -1.77191 -12.1398 28.2481 6.48028 0.79615 26.1694 7.00213 16.382 18.4473 -2.18666 26.4105 8.44652 -14.3337 25.5176 -0.991572 -22.9941 16.171 -9.60914 -25.2327 3.01491 -18.0503 -19.8596 -9.27305 -26.0388 -7.57825 -15.0448 -30.3475 6.3497 -9.46314 -27.25 14.4272 3.67165 -18.0084 14.9386 16.5246 -4.92359 10.7584 24.5022 10.1169 5.78894 25.3462 0 0 0 0 0 0 0 0 0 0 0 0 0 0 0 0 0 0 0 0 0 0 0 0 0 0
23.996 3.21841 17.0458 30.0385 7.83439 3.38976 24.8034 18.2658 -7.44101 11.3028 23.5931 -13.7278 -4.50212 22.6021 -15.2998 -18.5071 15.4 -13.2258 -26.9942 2.03534 -12.7492 -24.8099 -13.5883 -13.9499 -13.2024 -21.6813 -21.4549 2.97081 -21.3756 -20.4339 15.4368 -11.1415 -20.2147 25.3013 -1.89961 -11.6576 27.4781 7.37568 1.14127 26.5177 6.84359 16.9116 18.5251 -2.35969 26.7185 8.88546 -14.7833 25.5432 -0.11443 -23.6524 15.9474 -8.64471 -25.9362 2.74183 -18.6867 -20.6938 -8.5036 -25.3609 -7.62185 -14.4121 -31.9643 5.0641 -7.50264 -28.1645 13.4894 5.25264 -17.2715 15.151 16.8724 -4.74391 9.09957 24.7835 10.8386 5.74475 25.4766 0 0 0 0 0 0 0 0 0 0 0 0 0 0 0 0 0 0 0 0 0 0 0 0 0 0
21.2862 0.205207 16.0259 28.8359 7.02872 3.78295 24.4441 18.6896 -6.27134 11.4711 24.1831 -13.5503 -4.04656 22.4025 -17.5128 -18.2077 15.3292 -16.0457 -25.57 1.47186 -9.35455 -23.3584 -14.0248 -12.1571 -11.9182 -21.3322 -20.7681 4.25313 -21.6837 -19.5202 17.1782 -11.9971 -19.8465 25.3962 -0.223744 -12.1254 26.148 9.96815 0.25153 23.9809 10.3982 15.9808 17.2466 0.119033 25.8035 9.05205 -13.426 24.6294 2.21789 -24.1967 14.76 -8.27629 -27.1764 2.94335 -18.9796 -22.1358 -7.80559 -25.1239 -9.05101 -14.2842 -32.7274 3.42399 -7.94328 -28.6232 13.7534 3.46364 -18.5429 15.8027 15.7897 -6.39912 10.1358 24.6029 8.5499 3.73875 24.8121 0 0 0 0 0 0 0 0 0 0 0 0 0 0 0 0 0 0 0 0 0 0 0 0 0 0
24.8266 2.27249 17.7133 32.1783 12.4686 7.22804 27.6529 26.9496 0.502849 16.34 28.649 -12.5985 -0.346871 28.4768 -12.7046 -12.6609 17.1675 -13.8318 -18.2124 4.5547 -2.57088 -20.7532 -11.2997 -7.14562 -14.2531 -20.8196 -20.4423 2.34592 -24.4942 -25.6724 16.2641 -15.914 -19.5084 17.7267 0.220335 -11.2468 13.5477 8.96281 2.62317 27.5508 1.95634 20.7836 7.44956 -0.996045 29.1094 12.2431 -22.3554 27.4352 0.784662 -30.3151 17.7003 -11.9116 -29.152 6.79466 -15.1945 -18.9357 -8.91623 -14.458 -2.80503 -15.7687 -25.5618 8.43074 -11.187 -29.8335 13.4787 8.01598 -15.272 18.2046 16.2324 -3.28738 12.1238 24.9986 9.73665 1.21927 24.9325 0 0 0 0 0 0 0 0 0 0 0 0 0 0 0 0 0 0 0 0 0 0 0 0 0 0
23.7465 1.54487 16.1171 32.3178 13.8124 8.50115 27.2497 28.0803 1.68229 16.5485 29.2074 -12.0214 -0.135804 29.2373 -12.8702 -12.5459 17.9159 -12.8272 -16.2103 4.47395 -1.5646 -19.9661 -10.9411 -6.98717 -14.3468 -20.1907 -20.9079 1.90888 -24.3782 -26.8675 16.3486 -16.1147 -21.4403 18.4429 -0.654891 -11.9732 13.542 7.59976 1.98674 28.1377 1.57752 20.07 8.30354 -1.3935 29.034 12.836 -22.7562 26.6551 0.613158 -30.4805 17.6274 -12.1251 -29.0648 6.79758 -15.4387 -18.5371 -8.70435 -14.5133 -2.30815 -15.3052 -25.6132 8.92472 -10.7067 -30.1901 13.6368 8.51667 -15.8406 18.7389 16.8924 -3.40313 12.8427 25.1675 9.29717 1.55317 24.8301 0 0 0 0 0 0 0 0 0 0 0 0 0 0 0 0 0 0 0 0 0 0 0 0 0 0
24.0062 0.673988 12.2111 32.4481 13.5306 5.39842 27.2494 28.2683 -0.340176 15.5126 30.3542 -13.1563 -1.23345 29.5141 -12.8206 -13.0308 17.523 -12.2767 -16.2041 4.64096 -0.186022 -19.3054 -11.2684 -4.65671 -14.4157 -20.5742 -18.8346 1.49101 -27.0108 -24.1656 16.5311 -18.5562 -20.6266 19.687 -2.44469 -12.4587 15.1461 7.43315 0.667893 28.7935 1.74077 19.6265 8.48966 -0.0655418 27.9374 12.2657 -21.7082 26.6319 -0.292488 -29.4781 18.0972 -13.5704 -28.0924 7.89815 -17.5634 -17.7707 -7.59846 -15.9076 -1.83226 -14.8112 -26.0552 10.2808 -10.0642 -29.9409 15.4154 9.22022 -14.9889 19.0859 17.4357 -2.21793 11.8168 24.2315 10.0733 0.130247 21.7811 0 0 0 0 0 0 0 0 0 0 0 0 0 0 0 0 0 0 0 0 0 0 0 0 0 0
24.055 0.854722 12.1521 32.5171 13.7808 5.49555 27.2888 28.4305 -0.44245 15.5138 30.3196 -13.2556 -1.22911 29.4377 -12.8666 -12.9929 17.4201 -12.1781 -15.9423 4.48322 -0.0870823 -19.1056 -11.4101 -4.57165 -14.3899 -20.6733 -18.8376 1.48676 -26.9245 -24.4821 16.5459 -18.5876 -20.7433 19.7256 -2.55967 -12.4196 15.0883 7.26461 0.713905 28.7995 1.70048 19.6651 8.51783 -0.274545 27.9933 12.3201 -21.8899 26.311 -0.424308 -29.5809 17.9784 -13.6056 -28.1526 7.65938 -17.5012 -17.6691 -7.75459 -15.7729 -1.66393 -14.8032 -26.0091 10.3888 -10.0916 -29.8944 15.5836 9.17681 -14.9329 19.1767 17.4098 -2.21075 11.8414 24.2264 10.1311 0.217805 21.7299 0 0 0 0 0 0 0 0 0 0 0 0 0 0 0 0 0 0 0 0 0 0 0 0 0 0
24.0177 0.913767 12.1736 32.4563 13.7735 5.50532 27.2249 28.3886 -0.510736 15.5216 30.302 -13.1632 -1.21563 29.378 -12.8642 -12.9601 17.3547 -12.0619 -15.9288 4.53061 -0.230184 -19.0516 -11.4022 -4.66199 -14.2845 -20.6556 -18.7753 1.46364 -26.8018 -24.4013 16.4612 -18.4775 -20.6812 19.6585 -2.66587 -12.4156 15.471 7.04987 1.11392 28.0314 1.79778 19.3467 9.0091 -0.67725 27.782 12.173 -21.4855 26.2965 -0.420636 -29.5278 17.9717 -13.5912 -28.0122 7.497 -17.4317 -17.68 -7.5984 -15.8253 -1.75621 -14.7244 -26.0345 10.4298 -9.79186 -29.726 15.5231 8.91806 -15.0108 19.1357 17.3653 -2.15904 11.783 24.196 10.1306 0.295335 21.6922 -3.8337e-05 0.000106145 -0.00130638 0.000775509 0.000527133 0.000255428 5.54343e-05 -3.13324e-05 0.000985426 -0.000544264 -0.000464052 -0.000224794 -7.42239e-05 -0.000427661 0.000329611 -0.000796457 0.00070674 0.00036351 0.000241642 5.27242e-05 0.000113518 0.000419832 -0.000509284 -0.000313934 -0.000201934 0.000163986
31.3979 -2.9666 10.8447 35.3286 13.4658 5.36159 25.2477 27.9682 3.28887 17.6961 29.2957 -13.2925 0.714017 31.2263 -17.8774 -13.2824 21.3199 -18.3171 -18.8869 8.07155 -7.60664 -18.8219 -8.15169 -13.2404 -8.85277 -16.5748 -26.141 8.26491 -26.3577 -23.9604 22.4469 -16.1661 -21.131 24.0368 1.49852 -15.7881 20.8509 12.13 -2.60618 24.8395 -1.73306 19.0513 1.83042 3.36392 20.7178 4.38672 -18.7663 36.4563 -0.827158 -31.205 21.2148 -11.4454 -33.6729 6.95458 -16.8325 -19.3733 -5.03185 -11.7026 -2.8934 -10.1208 -24.2984 8.92821 -9.22761 -26.9147 21.2659 7.72236 -10.859 17.4798 16.9984 1.46495 3.99501 18.2214 9.85829 -10.1472 8.77241 -3.8337e-05 0.000106145 -0.00130638 0.000775509 0.000527133 0.000255428 5.54343e-05 -3.13324e-05 0.000985426 -0.000544264 -0.000464052 -0.000224794 -7.42239e-05 -0.000427661 0.000329611 -0.000796457 0.00070674 0.00036351 0.000241642 5.27242e-05 0.000113518 0.000419832 -0.000509284 -0.000313934 -0.000201934 0.000163986
32.3081 -2.49563 13.4382 37.0424 16.7286 16.8984 25.4057 29.692 11.6239 18.3037 26.9259 -5.4899 1.7311 30.4421 -10.9242 -11.3715 19.6404 -19.6467 -25.0066 9.49133 -9.30478 -16.979 -8.82687 -8.81386 -11.7359 -14.1983 -27.3591 8.46461 -20.6648 -34.5008 19.7307 -8.5966 -23.8155 16.0508 8.84401 -16.1641 8.31389 17.1 -2.16613 20.7677 4.02689 18.438 -4.29473 -1.0466 22.8611 9.13695 -24.5254 34.937 -1.4016 -36.0791 20.7947 -12.3055 -34.7794 6.09519 -22.6258 -16.2988 1.31371 -10.2685 -4.68625 -12.2519 -17.6372 13.1526 -17.2867 -32.4755 15.4338 5.09668 -16.1834 17.6363 16.4077 2.69465 10.0682 16.8245 9.85491 -6.52794 9.95289 -3.8337e-05 0.000106145 -0.00130638 0.000775509 0.000527133 0.000255428 5.54343e-05 -3.13324e-05 0.000985426 -0.000544264 -0.000464052 -0.000224794 -7.42239e-05 -0.000427661 0.000329611 -0.000796457 0.00070674 0.00036351 0.000241642 5.27242e-05 0.000113518 0.000419832 -0.000509284 -0.000313934 -0.000201934 0.000163986
33.1671 -1.64645 9.87555 37.1251 17.3636 15.5881 25.4387 30.5245 10.9087 17.331 27.8219 -5.79796 -0.0610837 29.7287 -9.77437 -12.5991 17.8868 -18.0566 -25.0306 6.59097 -7.25302 -15.3628 -11.0118 -6.8849 -10.3318 -16.096 -25.5733 9.80753 -22.3672 -33.0649 21.0694 -8.93145 -23.9197 16.5667 8.39402 -16.4015 7.9169 16.4142 -2.76906 20.0375 3.94926 18.4223 -5.2009 0.284685 23.4642 7.27723 -23.3694 36.2598 -3.08209 -34.8424 21.918 -13.8158 -33.4588 7.09971 -23.1475 -14.6009 1.64294 -10.6459 -4.63156 -13.198 -16.3173 14.05 -17.7313 -32.1197 16.4247 4.00347 -16.2015 16.1059 16.3439 3.2531 9.85543 14.5728 10.7267 -6.35035 7.08506 -3.8337e-05 0.000106145 -0.00130638 0.000775509 0.000527133 0.000255428 5.54343e-05 -3.13324e-05 0.000985426 -0.000544264 -0.000464052 -0.000224794 -7.42239e-05 -0.000427661 0.000329611 -0.000796457 0.00070674 0.00036351 0.000241642 5.27242e-05 0.000113518 0.000419832 -0.000509284 -0.000313934 -0.000201934 0.000163986
34.1586 -4.61708 13.2275 38.4719 15.8158 13.959 21.3654 26.3039 15.2984 17.6864 30.1456 -4.61621 0.598833 29.0651 -11.357 -9.36691 13.9039 -18.7876 -21.256 2.74219 -7.21968 -11.0704 -14.5633 -6.23804 -7.59979 -21.0944 -24.9529 13.283 -22.0845 -34.8665 22.8761 -10.3751 -21.13 18.4023 8.6005 -17.3972 9.40941 19.621 -5.74759 17.8396 8.58255 18.3936 -8.16219 0.643428 16.5075 5.25841 -18.505 36.7132 4.49505 -34.0111 18.6665 -15.6756 -36.8387 10.2906 -23.9301 -18.197 2.24453 -6.12109 -6.63583 -7.05625 -13.3961 10.5747 -15.6452 -30.2114 15.9331 5.02711 -15.0944 13.932 18.3576 4.3098 7.35198 17.1961 11.6924 -9.35472 10.7016 -3.8337e-05 0.000106145 -0.00130638 0.000775509 0.000527133 0.000255428 5.54343e-05 -3.13324e-05 0.000985426 -0.000544264 -0.000464052 -0.000224794 -7.42239e-05 -0.000427661 0.000329611 -0.000796457 0.00070674 0.00036351 0.000241642 5.27242e-05 0.000113518 0.000419832 -0.000509284 -0.000313934 -0.000201934 0.000163986
32.8149 -3.1195 13.8895 39.8288 16.6373 17.5844 24.185 29.1208 21.9793 18.9255 35.8602 2.91571 1.62044 33.6483 -3.09235 -7.32915 18.0375 -10.9682 -17.6736 5.11126 0.484639 -9.67552 -13.9306 -6.44728 -9.54329 -13.8186 -28.0995 9.86604 -13.5643 -41.2413 22.5496 -7.48806 -24.8612 20.5624 10.6951 -14.1197 4.23079 17.6857 -4.32305 16.6312 13.6193 21.6196 -7.82971 -0.19434 23.2192 12.576 -16.184 41.779 10.8355 -32.7004 24.6417 -10.182 -37.7813 19.066 -18.2905 -21.8039 4.69733 1.6948 -7.82476 2.56941 -5.72998 3.77875 -17.128 -27.0349 19.0737 -2.68325 -16.404 15.9109 15.5601 2.39133 6.36499 21.0286 10.8453 -4.39238 0.44768 -3.8337e-05 0.000106145 -0.00130638 0.000775509 0.000527133 0.000255428 5.54343e-05 -3.13324e-05 0.000985426 -0.000544264 -0.000464052 -0.000224794 -7.42239e-05 -0.000427661 0.000329611 -0.000796457 0.00070674 0.00036351 0.000241642 5.27242e-05 0.000113518 0.000419832 -0.000509284 -0.000313934 -0.000201934 0.000163986
-23.0611 -2.11604 40.0479 -29.925 19.539 38.3177 -37.8768 27.2303 16.9368 -25.859 34.988 0.383876 -16.5043 14.8087 -4.23598 4.02921 11.5203 -5.93059 17.8504 -7.03827 0.364751 17.357 -8.17813 -20.9762 31.7892 -8.79282 -41.4014 27.3592 15.2232 -44.1486 26.7715 35.4143 -31.6595 4.49784 41.2463 -20.8657 -6.54235 29.2371 0.660272 -9.2871 11.9671 0.694868 -22.7034 4.55496 8.98274 -17.1735 -12.6006 19.9997 -22.1115 -29.7269 19.677 -3.14165 -47.9427 17.1608 22.1713 -32.0075 14.7212 36.3292 -30.664 -2.51015 33.0329 -20.7509 -21.5589 20.3404 1.0975 -17.0738 -2.93365 5.61436 -17.6644 -6.89518 -13.4646 -1.4579 -11.0536 -7.6687 17.9725 0 0 0 0 0 0 0 0 0 0 0 0 0 0 0 0 0 0 0 0 0 0 0 0 0 0
-27.5315 -5.6984 40.4794 -38.9493 13.1362 38.245 -39.6795 27.4149 22.5051 -25.3482 32.9888 7.33542 -18.6846 11.8168 3.52506 -0.417952 6.34339 -2.81459 13.3263 -12.6689 1.86244 15.567 -9.95966 -18.6724 32.3578 -8.14219 -36.6488 22.612 10.9735 -44.6371 19.0052 32.4118 -39.5614 -0.314201 39.6894 -25.4651 -6.20039 30.3205 -1.62858 -10.6273 13.8722 0.852222 -18.6452 8.02542 13.3393 -10.0068 -8.74973 21.9898 -13.2735 -26.1644 21.1483 6.93128 -42.6108 22.2845 22.2131 -41.7185 8.09528 34.3535 -37.2203 -9.71447 36.1791 -22.1475 -21.1346 22.1377 -3.12341 -12.582 -1.24501 0.603361 -13.5774 -3.10187 -3.16883 5.80898 -11.3013 -4.56674 22.6792 0 0 0 0 0 0 0 0 0 0 0 0 0 0 0 0 0 0 0 0 0 0 0 0 0 0
