# num_vectors 8
# vector_size 401
# Iterations: 192, stepsize: 0.026468, max step size: 1.000000, spring constant: 1.000000, global NEB Hessian: false, global NEB Linesearch: true, climbing image: true
2.90635 -19.845 -21.0844 -0.902606 -20.8477 -20.8228 -4.78448 -21.366 -20.3285 -8.67052 -21.3443 -19.6355 -12.4767 -20.7363 -18.784 -16.0871 -19.5186 -17.8259 -19.4084 -17.6813 -16.8116 -22.3207 -15.2451 -15.8022 -24.7028 -12.265 -14.8639 -26.4445 -8.83107 -14.0641 -27.4565 -5.07764 -13.4702 -27.7271 -1.16948 -13.1263 -27.2768 2.73574 -13.0178 -26.1397 6.52394 -13.1104 -24.3821 10.0594 -13.3614 -22.0822 13.2582 -13.7222 -19.3232 16.0624 -14.1428 -16.1776 18.4434 -14.5748 -12.7326 20.3741 -14.9678 -9.06169 21.8509 -15.2747 -5.23275 22.8799 -15.4503 -1.30751 23.4743 -15.4508 2.65261 23.6516 -15.2345 6.58823 23.4334 -14.7611 10.4384 22.8446 -13.993 14.1242 21.9186 -12.9009 17.592 20.6874 -11.4542 20.7663 19.1913 -9.6322 23.5657 17.4794 -7.42601 25.8887 15.6254 -4.86246 27.6728 13.6873 -1.95283 28.8384 11.7464 1.25339 29.3189 9.8946 4.68053 29.0738 8.24035 8.20324 28.0956 6.86851 11.72 26.4131 5.86958 15.093 24.1265 5.29583 18.1992 21.3142 5.13596 20.9535 18.1093 5.35818 23.234 14.6229 5.90821 24.9841 10.9571 6.72291 26.1755 7.17675 7.74235 26.8047 3.3822 8.89265 26.8739 -0.364213 10.1062 26.4067 -4.01291 11.3181 25.4346 -7.52945 12.4678 23.9915 -10.8769 13.4941 22.1175 -14.0286 14.3395 19.8542 -16.9605 14.9485 17.2458 -19.6417 15.2668 14.3493 -22.0568 15.2453 11.2115 -24.1798 14.8363 7.89414 -25.9827 13.998 4.46979 -27.4271 12.708 1.04782 -28.4983 10.9429 -2.29839 -29.1713 8.70193 -5.45834 -29.4275 6.00771 -8.31064 -29.263 2.93565 -10.7121 -28.6902 -0.451861 -12.5637 -27.7379 -4.04367 -13.7567 -26.459 -7.70301 -14.2099 -24.9257 -11.3165 -13.9117 -23.2043 -14.7118 -12.9085 -21.3386 -17.7722 -11.2804 -19.3682 -20.4114 -9.12416 -17.3125 -22.5843 -6.52653 -15.209 -24.2399 -3.60611 -13.0744 -25.3662 -0.464504 -10.9178 -25.9665 2.80408 -8.73651 -26.0549 6.12171 -6.53331 -25.651 9.40122 -4.30204 -24.7817 12.5695 -2.03453 -23.4776 15.5579 0.273517 -21.7761 18.2952 2.63334 -19.7129 20.722 5.04893 -17.3314 22.7734 7.51925 -14.6824 24.3844 10.0207 -11.8447 25.4858 12.5515 -8.87455 26.0299 15.0843 -5.85741 25.9653 17.5806 -2.89338 25.2539 19.9721 -0.116209 23.891 22.2187 2.37647 21.8838 24.2541 4.46116 19.276 26.0103 6.02041 16.1496 27.4338 6.95895 12.6053 28.4865 7.2311 8.82548 29.1326 6.86756 4.96287 29.3467 5.92852 1.1495 29.1195 4.48234 -2.52718 28.4561 2.62363 -5.95736 27.3742 0.446185 -9.07972 25.8971 -1.9577 -11.8547 24.0442 -4.50875 -14.2681 21.8465 -7.11601 -16.3023 19.3302 -9.70183 -17.9599 16.5208 -12.1932 -19.2505 13.4461 -14.5189 -20.1884 10.131 -16.6135 -20.7926 6.6057 -18.4107 -21.0836 -3.87692 -3.87512 -3.87845 -3.878 -3.87697 -3.87919 -3.88747 -3.89363 -3.90074 -3.91138 -3.92583 -3.93883 -3.95035 -3.95857 -3.96009 -3.96372 -3.96738 -3.96836 -3.96427 -3.96454 -3.96659 -3.96725 -3.96372 -3.96508 -3.96841 -3.97014 -3.9671 -3.96808 -3.96992 -3.9687 -3.9613 -3.95614 -3.94955 -3.93956 -3.92373 -3.91084 -3.90012 -3.89135 -3.8896 -3.88541 -3.88115 -3.87974 -3.88341 -3.88309 -3.88125 -3.88089 -3.88477 -3.88368 -3.88051 -3.87873 -3.88139 -3.87966 -3.87664 -3.87627 -3.88177 -3.88445 -3.88741 -3.89432 -3.90735 -3.91801 -3.92913 -3.94025 -3.94775 -3.95565 -3.96254 -3.96606 -3.96361 -3.96472 -3.967 -3.96747 -3.96355 -3.9645 -3.96754 -3.96931 -3.96682 -3.96899 -3.97272 -3.97419 -3.97015 -3.96915 -3.96823 -3.96324 -3.95165 -3.94386 -3.93066 -3.9221 -3.90916 -3.89895 -3.88982 -3.88398 -3.88461 -3.88227 -3.87931 -3.87859 -3.88257 -3.88192 -3.87931 -3.87801 -3.88091 -3.879 -2.64455e-05
1.69458 -22.1383 -20.9777 -2.12143 -23.1213 -20.7459 -6.01629 -23.5472 -20.2657 -9.89643 -23.351 -19.5671 -13.6476 -22.4906 -18.6895 -17.1256 -20.9637 -17.6859 -20.2183 -18.794 -16.6073 -22.8042 -16.0465 -15.5123 -24.7838 -12.8207 -14.4582 -26.0892 -9.23828 -13.4953 -26.686 -5.44087 -12.6656 -26.5773 -1.56721 -11.9963 -25.7965 2.25506 -11.5004 -24.3892 5.93827 -11.1759 -22.4283 9.37051 -11.0134 -19.9897 12.4857 -10.9904 -17.1484 15.2375 -11.0769 -13.9649 17.6018 -11.2383 -10.5131 19.5502 -11.4346 -6.85233 21.0715 -11.6231 -3.03796 22.1591 -11.7581 0.878194 22.8099 -11.7918 4.84076 23.0222 -11.6739 8.79136 22.7974 -11.3528 12.6641 22.1412 -10.7765 16.3682 21.0713 -9.89918 19.832 19.6089 -8.67509 22.9558 17.7919 -7.07062 25.6309 15.6775 -5.06882 27.7319 13.3629 -2.69524 29.1779 10.9339 0.027675 29.8863 8.50966 3.03205 29.8082 6.21992 6.2189 28.9467 4.20496 9.44436 27.3468 2.55924 12.5968 25.0949 1.36467 15.5477 22.3095 0.666919 18.186 19.0901 0.47446 20.4485 15.5997 0.77013 22.2516 11.96 1.50034 23.5704 8.26818 2.59452 24.4039 4.57153 3.9836 24.7665 0.941877 5.57844 24.673 -2.59283 7.29736 24.1458 -6.01789 9.0611 23.2051 -9.32967 10.7948 21.8646 -12.5157 12.4194 20.1382 -15.5638 13.8581 18.0382 -18.4535 15.0336 15.5808 -21.1461 15.8675 12.7998 -23.6082 16.2912 9.72771 -25.7884 16.2398 6.42268 -27.6293 15.6625 2.96476 -29.0642 14.5387 -0.519221 -30.057 12.8624 -3.93456 -30.5705 10.66 -7.15098 -30.5869 7.98873 -10.0361 -30.1172 4.95854 -12.4504 -29.1923 1.6572 -14.3151 -27.8624 -1.79576 -15.5559 -26.1946 -5.27704 -16.1309 -24.248 -8.69715 -16.0273 -22.1176 -11.9175 -15.2602 -19.8812 -14.848 -13.8789 -17.6065 -17.4194 -11.9525 -15.3333 -19.5955 -9.54582 -13.1143 -21.3282 -6.75864 -10.9709 -22.6028 -3.68037 -8.90785 -23.4158 -0.397391 -6.91112 -23.7718 3.01712 -4.96445 -23.677 6.47746 -3.03754 -23.1419 9.90865 -1.09449 -22.1786 13.2357 0.89865 -20.8043 16.3748 2.98057 -19.0365 19.248 5.1795 -16.9031 21.7636 7.51161 -14.4463 23.8228 9.96034 -11.7452 25.3164 12.5171 -8.86999 26.164 15.136 -5.92914 26.2875 17.7482 -3.05193 25.6388 20.2486 -0.398762 24.2254 22.5636 1.91631 22.0875 24.6017 3.77355 19.3151 26.2846 5.08307 16.0375 27.561 5.79549 12.3862 28.3872 5.88973 8.54204 28.7548 5.39074 4.65809 28.6756 4.3518 0.865507 28.1705 2.83401 -2.75419 27.2713 0.92498 -6.10203 26.0115 -1.29006 -9.12981 24.4213 -3.72781 -11.8112 22.5183 -6.31755 -14.143 20.3253 -8.97501 -16.1165 17.8546 -11.6263 -17.7388 15.1144 -14.1982 -19.0204 12.1144 -16.614 -19.9722 8.8632 -18.7978 -20.6073 5.37937 -20.6676 -20.9379 1.302 1.30034 1.29833 1.29656 1.29575 1.2967 1.30021 1.30701 1.31763 1.33247 1.3511 1.37187 1.3928 1.41219 1.42892 1.4425 1.45285 1.46016 1.46475 1.46698 1.46712 1.46535 1.46171 1.45604 1.44809 1.43744 1.4236 1.40609 1.38463 1.35918 1.32997 1.29774 1.26382 1.22979 1.19713 1.16779 1.14384 1.12715 1.11855 1.11767 1.12345 1.13442 1.14895 1.16544 1.18255 1.19913 1.21432 1.22756 1.23854 1.24728 1.25409 1.2595 1.26425 1.26926 1.27551 1.28392 1.29519 1.30973 1.32767 1.34873 1.37186 1.39538 1.41685 1.43436 1.44685 1.45396 1.4559 1.45338 1.44734 1.43881 1.42886 1.4185 1.40863 1.40003 1.39332 1.38898 1.38732 1.38838 1.39199 1.39771 1.40477 1.41217 1.41877 1.42335 1.42467 1.42179 1.4157 1.40827 1.4011 1.39526 1.39132 1.3894 1.38928 1.39056 1.39273 1.39526 1.39764 1.39948 1.40049 1.40052 0.0975824
2.40031 -25.6039 -20.0375 -1.4737 -26.3155 -19.7775 -5.38404 -26.4376 -19.252 -9.22279 -25.9199 -18.4918 -12.8672 -24.7412 -17.5375 -16.1753 -22.9257 -16.4439 -19.0469 -20.5195 -15.2609 -21.3832 -17.6051 -14.0432 -23.1132 -14.2886 -12.8418 -24.1979 -10.6857 -11.6982 -24.6258 -6.92097 -10.6453 -24.4132 -3.10895 -9.70268 -23.5952 0.648341 -8.87871 -22.2093 4.28509 -8.16776 -20.3136 7.7049 -7.56551 -17.9651 10.8478 -7.05663 -15.221 13.6645 -6.62211 -12.1274 16.121 -6.23968 -8.74858 18.1728 -5.88832 -5.14045 19.7897 -5.54508 -1.36062 20.9452 -5.18676 2.53201 21.6165 -4.78956 6.47165 21.7842 -4.3291 10.3878 21.4344 -3.77962 14.2025 20.5592 -3.11377 17.8141 19.1668 -2.3062 21.1411 17.2684 -1.32544 24.0754 14.8961 -0.143793 26.4993 12.106 1.26142 28.2804 9.01053 2.88957 29.3258 5.7138 4.7453 29.5449 2.37729 6.80077 28.8893 -0.806305 9.00074 27.3835 -3.61415 11.2489 25.1069 -5.87936 13.4606 22.2044 -7.45638 15.5328 18.8633 -8.2651 17.3737 15.2442 -8.29483 18.9298 11.562 -7.59255 20.1421 7.95411 -6.26314 21 4.50326 -4.43279 21.5125 1.22163 -2.21401 21.6974 -1.87367 0.261631 21.5669 -4.81355 2.88703 21.1298 -7.63984 5.56702 20.3837 -10.3969 8.21734 19.3138 -13.1109 10.7482 17.8997 -15.7936 13.0721 16.1185 -18.4339 15.099 13.9525 -20.9881 16.7337 11.4062 -23.404 17.8976 8.49286 -25.6033 18.5181 5.25906 -27.4976 18.5435 1.782 -28.991 17.9572 -1.80774 -30.0251 16.7707 -5.4109 -30.5494 15.0247 -8.89463 -30.541 12.7863 -12.1272 -30.0127 10.1633 -14.9683 -28.9999 7.23588 -17.3424 -27.5584 4.1033 -19.17 -25.7605 0.862852 -20.3942 -23.6702 -2.42072 -20.9825 -21.3925 -5.63071 -20.9084 -19.0181 -8.68529 -20.1811 -16.6324 -11.5107 -18.831 -14.2961 -14.0577 -16.8947 -12.0852 -16.2535 -14.4482 -10.0402 -18.0568 -11.5741 -8.17888 -19.44 -8.36204 -6.49168 -20.3892 -4.89435 -4.95528 -20.8948 -1.2672 -3.52239 -20.9577 2.4362 -2.13077 -20.5826 6.13695 -0.710971 -19.7782 9.74972 0.81529 -18.554 13.1974 2.52094 -16.9265 16.3845 4.4675 -14.9258 19.1992 6.68038 -12.6187 21.5021 9.17756 -10.0742 23.1791 11.9248 -7.40644 24.1053 14.8427 -4.76028 24.185 17.789 -2.31762 23.3839 20.6424 -0.217772 21.7294 23.2558 1.40247 19.314 25.4988 2.44761 16.2865 27.2842 2.87318 12.8079 28.5417 2.6753 9.08653 29.255 1.89793 5.29758 29.4392 0.611322 1.58543 29.1256 -1.11286 -1.9628 28.356 -3.17973 -5.24865 27.1753 -5.5038 -8.22617 25.6232 -8.00491 -10.8713 23.7247 -10.617 -13.1817 21.5079 -13.26 -15.148 18.9891 -15.8631 -16.7745 16.1803 -18.3539 -18.0676 13.0955 -20.655 -19.033 9.74958 -22.6874 -19.6781 6.16983 -24.366 -20.0098 -0.0803505 -0.0855472 -0.0901348 -0.0931038 -0.0933606 -0.0898573 -0.0816742 -0.0681235 -0.0488045 -0.0235734 0.00650148 0.0395157 0.073736 0.107613 0.139998 0.170227 0.197905 0.222692 0.244191 0.261982 0.275506 0.284029 0.286612 0.282063 0.268936 0.245521 0.209769 0.159581 0.0933555 0.0103239 -0.0890665 -0.201718 -0.321365 -0.439879 -0.548795 -0.639158 -0.705483 -0.745734 -0.761227 -0.755768 -0.733998 -0.700678 -0.660377 -0.616954 -0.57345 -0.532133 -0.494581 -0.461643 -0.433594 -0.410098 -0.390279 -0.372879 -0.356355 -0.338954 -0.31891 -0.294764 -0.26569 -0.231496 -0.192644 -0.150564 -0.108262 -0.0681641 -0.0336924 -0.00767273 0.00834186 0.0138428 0.00935201 -0.00382002 -0.0239208 -0.0489247 -0.0766552 -0.104961 -0.13173 -0.154999 -0.17294 -0.183893 -0.186453 -0.179715 -0.16328 -0.137483 -0.103767 -0.0644915 -0.0226547 0.0181267 0.0542335 0.0818718 0.100878 0.113193 0.12084 0.125508 0.128465 0.13055 0.132188 0.133481 0.134311 0.134442 0.133618 0.131646 0.128459 0.124184 0.199514
0.282383 -28.4339 -22.9706 -3.64526 -28.073 -22.812 -7.43692 -27.1131 -22.2793 -10.961 -25.5688 -21.3974 -14.0979 -23.4871 -20.2109 -16.7418 -20.9537 -18.787 -18.8472 -18.0476 -17.1879 -20.3853 -14.8609 -15.4807 -21.3556 -11.4819 -13.7266 -21.7785 -7.98649 -11.975 -21.686 -4.44584 -10.2661 -21.1167 -0.917233 -8.62586 -20.1101 2.5507 -7.06845 -18.6929 5.9352 -5.58896 -16.9028 9.17497 -4.19212 -14.7682 12.2308 -2.86634 -12.3146 15.0623 -1.59562 -9.55717 17.6344 -0.357818 -6.52938 19.8916 0.861838 -3.26165 21.7857 2.08062 0.208257 23.2665 3.31248 3.8344 24.285 4.56736 7.55716 24.794 5.84907 11.3056 24.753 7.15617 14.9955 24.1299 8.48163 18.5156 22.9112 9.80792 21.7708 21.0926 11.1235 24.6386 18.6924 12.4076 26.9864 15.7575 13.6359 28.6675 12.3979 14.7727 29.5742 8.71954 15.7986 29.6036 4.89612 16.6851 28.6994 1.14559 17.4068 26.8887 -2.26601 17.9432 24.2619 -5.12658 18.2941 20.9897 -7.24025 18.4682 17.2947 -8.48619 18.4883 13.3718 -8.83398 18.3845 9.47006 -8.32429 18.191 5.74153 -7.07778 17.9373 2.2669 -5.24472 17.6406 -0.957136 -2.96085 17.3004 -3.93844 -0.376123 16.9034 -6.73701 2.39128 16.4174 -9.42319 5.24152 15.795 -12.0664 8.08971 14.9753 -14.7123 10.8454 13.8909 -17.3845 13.4182 12.473 -20.0739 15.7104 10.661 -22.7275 17.6145 8.42208 -25.2737 19.0371 5.74412 -27.607 19.8912 2.66103 -29.6086 20.1149 -0.748136 -31.1552 19.6879 -4.33782 -32.1715 18.6293 -7.98557 -32.6012 16.9919 -11.5344 -32.4277 14.8581 -14.8324 -31.6811 12.3481 -17.7262 -30.4161 9.55128 -20.1363 -28.7095 6.56832 -21.9858 -26.6522 3.49163 -23.224 -24.3209 0.377248 -23.8265 -21.8331 -2.67323 -23.7738 -19.2852 -5.59275 -23.0794 -16.765 -8.32135 -21.7754 -14.3321 -10.8209 -19.897 -12.061 -13.0269 -17.5159 -9.98845 -14.9019 -14.7081 -8.12742 -16.418 -11.5564 -6.46253 -17.5588 -8.13601 -4.96349 -18.3093 -4.53574 -3.57442 -18.6648 -0.832171 -2.22232 -18.624 2.90186 -0.824222 -18.1894 6.58581 0.714523 -17.3662 10.1453 2.48585 -16.1668 13.4827 4.57082 -14.618 16.4775 7.00886 -12.7835 18.9702 9.82351 -10.7394 20.82 12.9676 -8.60981 21.8695 16.3264 -6.5543 21.9955 19.6988 -4.76312 21.1543 22.9039 -3.38387 19.3896 25.7403 -2.54084 16.8337 28.0481 -2.2985 13.6865 29.7396 -2.66167 10.1544 30.7711 -3.58162 6.47215 31.1687 -4.97379 2.81522 30.9912 -6.74072 -0.694175 30.3036 -8.79969 -4.00311 29.1739 -11.0515 -7.05502 27.6574 -13.4174 -9.84144 25.7936 -15.8271 -12.3674 23.5981 -18.2229 -14.649 21.0883 -20.5315 -16.6831 18.2697 -22.6848 -18.4676 15.1487 -24.6095 -19.9911 11.744 -26.2257 -21.2312 8.0873 -27.4531 -22.1608 4.23766 -28.2122 -22.7493 0.164709 0.13502 0.111404 0.0969796 0.0942479 0.104663 0.128559 0.165157 0.212771 0.269173 0.329939 0.391498 0.452185 0.510894 0.567183 0.621266 0.673549 0.724233 0.773051 0.819389 0.862157 0.89982 0.930484 0.951927 0.961553 0.956405 0.932809 0.886188 0.811264 0.702194 0.55306 0.361275 0.13213 -0.119194 -0.369509 -0.590383 -0.764363 -0.886362 -0.960256 -0.994791 -0.999343 -0.982351 -0.951299 -0.912408 -0.870562 -0.829406 -0.791466 -0.75811 -0.729753 -0.705881 -0.685201 -0.665919 -0.645947 -0.623078 -0.595241 -0.560905 -0.519493 -0.471302 -0.417457 -0.360299 -0.30412 -0.252307 -0.208735 -0.176268 -0.156217 -0.148713 -0.152785 -0.166635 -0.188015 -0.214366 -0.242907 -0.270784 -0.295059 -0.312833 -0.321243 -0.31757 -0.299516 -0.265578 -0.215161 -0.149255 -0.0711569 0.0140319 0.1001 0.180014 0.247536 0.29727 0.330756 0.351671 0.363454 0.36889 0.369932 0.367672 0.362408 0.353874 0.34151 0.324705 0.303093 0.276768 0.246489 0.21383 0.0164927
-2.13605 -25.9955 -21.1263 -5.73622 -24.3767 -21.1299 -9.09081 -22.3223 -20.801 -12.1169 -19.8703 -20.1589 -14.7447 -17.0739 -19.2335 -16.9131 -14.0117 -18.0687 -18.6032 -10.7387 -16.7024 -19.8008 -7.32222 -15.1764 -20.5068 -3.82571 -13.5297 -20.7335 -0.304083 -11.7942 -20.4993 3.18685 -9.99873 -19.8275 6.59962 -8.16378 -18.7433 9.89051 -6.30371 -17.2621 13.0364 -4.41651 -15.4157 15.9762 -2.51908 -13.2312 18.6696 -0.614989 -10.7375 21.0768 1.29284 -7.95736 23.1644 3.20679 -4.93417 24.8868 5.11573 -1.70836 26.2088 7.01237 1.67465 27.0991 8.88674 5.16584 27.5305 10.727 8.7089 27.4802 12.5172 12.2432 26.9301 14.2398 15.7015 25.8667 15.8739 18.9954 24.2894 17.3896 22.0535 22.1944 18.7657 24.7776 19.5937 19.9699 27.0553 16.5187 20.9653 28.7525 13.0583 21.7071 29.7638 9.29358 22.1646 29.978 5.37697 22.3047 29.3197 1.51258 22.1094 27.7886 -2.03568 21.5887 25.4501 -5.04871 20.7768 22.4529 -7.31581 19.7365 19.006 -8.70135 18.5514 15.2992 -9.17083 17.3023 11.5756 -8.76272 16.082 7.98786 -7.59922 14.9443 4.62107 -5.83245 13.9126 1.48039 -3.59947 12.9766 -1.43238 -1.04963 12.1159 -4.16643 1.70058 11.2864 -6.78336 4.55523 10.4324 -9.34831 7.43642 9.48878 -11.9102 10.2644 8.3888 -14.5055 12.9626 7.06404 -17.1484 15.4491 5.45077 -19.8197 17.6283 3.50268 -22.4868 19.4126 1.18284 -25.082 20.7054 -1.51397 -27.5128 21.4177 -4.55753 -29.656 21.4805 -7.85337 -31.4179 20.8609 -11.3134 -32.6957 19.5574 -14.7959 -33.4092 17.612 -18.1375 -33.5139 15.1301 -21.1475 -33.0119 12.2174 -23.6962 -31.9382 9.01627 -25.6535 -30.3637 5.67967 -26.926 -28.3673 2.32965 -27.4636 -26.0778 -0.865223 -27.2438 -23.6163 -3.78827 -26.2983 -21.0969 -6.35143 -24.6921 -18.6019 -8.5093 -22.4981 -16.2236 -10.2156 -19.8285 -14.0101 -11.4678 -16.7909 -11.9809 -12.2849 -13.4879 -10.1229 -12.7012 -10.0026 -8.40735 -12.7583 -6.4213 -6.77821 -12.5052 -2.80825 -5.16197 -11.9928 0.783151 -3.47518 -11.275 4.29804 -1.62096 -10.4048 7.69209 0.495248 -9.44124 10.9027 2.95797 -8.45183 13.8474 5.80775 -7.52127 16.4038 9.07302 -6.73287 18.4627 12.7059 -6.18326 19.8848 16.5842 -5.96522 20.5436 20.4856 -6.14903 20.3605 24.2067 -6.76852 19.3315 27.5109 -7.81516 17.5217 30.1983 -9.23371 15.061 32.146 -10.9502 12.1065 33.2824 -12.8591 8.86092 33.6235 -14.8663 5.49579 33.2322 -16.8914 2.14686 32.1863 -18.8824 -1.10934 30.5786 -20.7766 -4.1897 28.4941 -22.5334 -7.05841 26.0055 -24.1174 -9.69637 23.1628 -25.4977 -12.1004 20.0248 -26.6316 -14.2529 16.6376 -27.4787 -16.1437 13.0476 -27.9959 -17.7594 9.30978 -28.1405 -19.0822 5.48285 -27.8735 -20.095 1.63973 -27.1643 -20.7804 0.511624 0.454028 0.404794 0.367028 0.343226 0.334884 0.342591 0.366193 0.404938 0.457707 0.520755 0.59075 0.666033 0.744822 0.825353 0.906196 0.986011 1.0633 1.13633 1.20351 1.26331 1.31425 1.35489 1.3837 1.39882 1.39788 1.37747 1.33264 1.25682 1.14134 0.97511 0.747886 0.457244 0.116933 -0.239079 -0.561055 -0.816101 -0.996556 -1.11073 -1.17305 -1.19713 -1.19393 -1.17243 -1.13983 -1.10175 -1.0625 -1.02536 -0.992527 -0.96535 -0.944296 -0.929037 -0.91863 -0.911561 -0.905829 -0.89919 -0.889379 -0.874465 -0.853032 -0.824356 -0.788715 -0.748089 -0.704966 -0.663752 -0.628402 -0.601492 -0.584396 -0.577265 -0.579158 -0.588393 -0.602701 -0.619276 -0.634832 -0.645553 -0.647076 -0.634377 -0.601776 -0.543275 -0.45302 -0.325845 -0.15983 0.0400996 0.261359 0.485541 0.691324 0.861373 0.984569 1.06583 1.11314 1.13386 1.13433 1.11983 1.09435 1.06053 1.01997 0.973582 0.921804 0.865095 0.804173 0.740318 0.675569 0.101158
-3.48949 -25.3815 -20.5281 -6.39327 -22.7088 -20.611 -8.99474 -19.7514 -20.3503 -11.2486 -16.5642 -19.764 -13.123 -13.2051 -18.8779 -14.5942 -9.74803 -17.729 -15.6668 -6.23038 -16.3465 -16.3461 -2.69974 -14.7627 -16.6451 0.802334 -13.0071 -16.5809 4.24283 -11.1034 -16.1727 7.58634 -9.07378 -15.4402 10.8034 -6.93377 -14.4023 13.8652 -4.69472 -13.0673 16.7591 -2.35045 -11.4573 19.4341 0.0793267 -9.58793 21.8556 2.58815 -7.47596 23.9859 5.16762 -5.13245 25.7904 7.81387 -2.58617 27.2201 10.5013 0.135636 28.2341 13.2059 2.99958 28.7933 15.8958 5.96664 28.8638 18.5325 8.98861 28.4178 21.0682 12.0106 27.4372 23.4487 14.9699 25.9153 25.6137 17.7845 23.8686 27.491 20.3879 21.3167 29.0222 22.6938 18.3053 30.1395 24.6097 14.9061 30.7792 26.0325 11.2498 30.8892 26.8908 7.44602 30.4421 27.1133 3.65977 29.432 26.6573 0.0795005 27.8897 25.5305 -3.08018 25.9016 23.7778 -5.6671 23.5689 21.4908 -7.54449 21.029 18.7959 -8.63446 18.4299 15.8035 -8.92452 15.8841 12.6789 -8.45085 13.5316 9.53652 -7.31124 11.4467 6.4536 -5.62824 9.66229 3.44958 -3.51476 8.16721 0.555632 -1.09855 6.93693 -2.23597 1.52274 5.90619 -4.95117 4.26709 4.99899 -7.62889 7.06876 4.13241 -10.3022 9.86113 3.22303 -13.0022 12.5823 2.18586 -15.7484 15.1655 0.93842 -18.5344 17.528 -0.590287 -21.3466 19.5902 -2.46571 -24.1374 21.2541 -4.72889 -26.8305 22.4156 -7.38929 -29.3065 22.9728 -10.3925 -31.4658 22.8557 -13.6763 -33.1833 22.0175 -17.1125 -34.3449 20.4596 -20.5305 -34.8635 18.2584 -23.7113 -34.7089 15.5173 -26.4851 -33.891 12.3941 -28.6777 -32.4703 9.0742 -30.1579 -30.5299 5.72044 -30.8536 -28.2112 2.54126 -30.7347 -25.6547 -0.316611 -29.8437 -22.9922 -2.74991 -28.2667 -20.3175 -4.7119 -26.1006 -17.7304 -6.16976 -23.4784 -15.2807 -7.14246 -20.5208 -12.9869 -7.67434 -17.3348 -10.8351 -7.82612 -14.0002 -8.79932 -7.66682 -10.594 -6.83038 -7.27194 -7.16765 -4.86657 -6.71934 -3.76016 -2.84197 -6.09002 -0.410528 -0.680549 -5.46513 2.85333 1.68738 -4.93063 5.98736 4.3204 -4.57656 8.92961 7.23572 -4.4945 11.5786 10.4351 -4.77647 13.8605 13.86 -5.50305 15.6671 17.4012 -6.72599 16.8866 20.8751 -8.43915 17.4219 24.1231 -10.6076 17.2293 26.9563 -13.1396 16.3071 29.2117 -15.9072 14.7122 30.7828 -18.7827 12.537 31.6009 -21.6092 9.92718 31.6698 -24.2672 7.02896 31.0369 -26.6667 3.97756 29.7665 -28.7585 0.867634 27.9473 -30.4883 -2.19166 25.6668 -31.8338 -5.13266 23.0073 -32.782 -7.90566 20.0346 -33.3249 -10.4813 16.8281 -33.4513 -12.8196 13.4554 -33.1545 -14.894 9.98379 -32.4301 -16.6797 6.48426 -31.2788 -18.1528 3.02464 -29.7073 -19.2946 -0.323452 -27.7322 -20.0894 -0.282069 -0.369046 -0.442366 -0.498792 -0.536215 -0.55388 -0.551997 -0.531328 -0.492974 -0.438111 -0.370789 -0.293965 -0.208383 -0.115097 -0.0154253 0.089331 0.197564 0.30701 0.414623 0.517237 0.611628 0.69479 0.76408 0.817264 0.85219 0.866691 0.857739 0.820671 0.748423 0.630089 0.448563 0.181267 -0.191814 -0.666228 -1.18476 -1.64723 -1.99639 -2.232 -2.37849 -2.46197 -2.50225 -2.51323 -2.50455 -2.48325 -2.4547 -2.42311 -2.39185 -2.3634 -2.33953 -2.32118 -2.30848 -2.30086 -2.29706 -2.29513 -2.29275 -2.28733 -2.27644 -2.25807 -2.23084 -2.19442 -2.15028 -2.10075 -2.05078 -2.00504 -1.9667 -1.93764 -1.91842 -1.90836 -1.90591 -1.90889 -1.91453 -1.9195 -1.91983 -1.91079 -1.8865 -1.83963 -1.76121 -1.64254 -1.47142 -1.23676 -0.937058 -0.589108 -0.230118 0.0942764 0.353797 0.537188 0.658841 0.733057 0.770392 0.778643 0.763739 0.730132 0.680932 0.618343 0.544127 0.459725 0.366844 0.267665 0.165154 0.0631799 0.248474
-3.78687 -23.5147 -19.1917 -5.83529 -20.1406 -19.153 -7.60951 -16.632 -18.8009 -9.10091 -13.0352 -18.1522 -10.3066 -9.39264 -17.2249 -11.2247 -5.75988 -16.0434 -11.8672 -2.15412 -14.6217 -12.2424 1.3939 -12.9766 -12.3607 4.85646 -11.1238 -12.2327 8.2111 -9.07558 -11.8697 11.4303 -6.84624 -11.282 14.4905 -4.44713 -10.4794 17.3672 -1.88871 -9.4633 20.0503 0.835456 -8.24481 22.4929 3.69912 -6.82973 24.6634 6.68889 -5.22338 26.5263 9.78756 -3.42571 28.047 12.9824 -1.44921 29.1769 16.2331 0.694854 29.8722 19.4996 2.98943 30.0903 22.7304 5.41049 29.7923 25.8625 7.92244 28.9481 28.8186 10.4788 27.542 31.511 13.0205 25.5787 33.8445 15.4674 23.099 35.7152 17.7503 20.1561 37.0425 19.7851 16.8406 37.7502 21.489 13.2727 37.7859 22.7792 9.62325 37.1362 23.6115 6.02065 35.8196 23.9484 2.62015 33.8886 23.7762 -0.433962 31.4294 23.1117 -3.00458 28.5735 21.9876 -5.02266 25.4318 20.4535 -6.43128 22.1351 18.5706 -7.20676 18.8096 16.3824 -7.35347 15.5368 13.9767 -6.89176 12.4512 11.4199 -5.87185 9.63291 8.7641 -4.36483 7.14352 6.0154 -2.4623 5.01015 3.23642 -0.269995 3.2219 0.457715 2.13006 1.72347 -2.30842 4.66925 0.447579 -5.06703 7.29351 -0.681153 -7.82457 9.94842 -1.73861 -10.5961 12.5853 -2.80437 -13.3973 15.1528 -3.9588 -16.2307 17.5844 -5.27759 -19.1051 19.8154 -6.83956 -22.0042 21.7565 -8.7121 -24.8869 23.2999 -10.9454 -27.6603 24.3172 -13.5402 -30.2372 24.6967 -16.4857 -32.4766 24.3301 -19.6967 -34.2182 23.1536 -23.0197 -35.3025 21.1948 -26.2164 -35.6334 18.5492 -29.0663 -35.169 15.4064 -31.3331 -33.9515 12.0162 -32.8349 -32.0798 8.6135 -33.4789 -29.7307 5.46289 -33.2493 -27.0854 2.73237 -32.2275 -24.3054 0.511464 -30.5433 -21.4963 -1.18906 -28.327 -18.7564 -2.3856 -25.7278 -16.1264 -3.14238 -22.8633 -13.6147 -3.53931 -19.8254 -11.2014 -3.66114 -16.6736 -8.86291 -3.59106 -13.4644 -6.5606 -3.4105 -10.2334 -4.25092 -3.19792 -7.0095 -1.89377 -3.03033 -3.82658 0.557104 -2.98348 -0.711107 3.13768 -3.13435 2.29438 5.87288 -3.56038 5.13204 8.75164 -4.33096 7.70924 11.7618 -5.51666 9.95779 14.8135 -7.17393 11.8186 17.8134 -9.3065 13.2243 20.636 -11.8653 14.1046 23.1916 -14.8079 14.4195 25.365 -18.046 14.1361 27.0483 -21.462 13.249 28.1577 -24.9356 11.775 28.6218 -28.2928 9.77933 28.418 -31.3821 7.3536 27.563 -34.0684 4.61096 26.0985 -36.2562 1.65638 24.1092 -37.8527 -1.3693 21.6945 -38.8186 -4.35205 18.9611 -39.1466 -7.1949 16.0046 -38.8529 -9.829 12.9332 -37.9732 -12.1867 9.83569 -36.5576 -14.2281 6.78834 -34.6634 -15.9284 3.85706 -32.3529 -17.2742 1.09154 -29.6853 -18.2634 -1.46697 -26.7203 -18.8997 3.10762 3.00433 2.92051 2.8577 2.81623 2.79552 2.79455 2.81241 2.84833 2.90184 2.96946 3.0495 3.14252 3.24838 3.36627 3.49489 3.63213 3.77454 3.91724 4.05495 4.18241 4.29496 4.38896 4.46185 4.51167 4.53682 4.53501 4.50222 4.43166 4.31175 4.12224 3.83204 3.40457 2.82921 2.1835 1.62177 1.21816 0.95519 0.79131 0.693799 0.643099 0.62222 0.620744 0.631874 0.65086 0.674107 0.698651 0.722023 0.742086 0.757128 0.765989 0.768126 0.763892 0.754751 0.743137 0.732472 0.7267 0.729659 0.744432 0.772786 0.814087 0.865415 0.920299 0.97265 1.01827 1.05472 1.08127 1.09874 1.1089 1.11411 1.1172 1.12149 1.13084 1.14998 1.18492 1.24372 1.33699 1.47689 1.67232 1.94106 2.29161 2.70929 3.14738 3.5432 3.85688 4.07785 4.22754 4.32363 4.37754 4.39667 4.38593 4.34873 4.28743 4.20405 4.10108 3.98167 3.85019 3.71209 3.57361 3.44126 0.213551
-3.18298 -22.935 -19.9119 -5.25164 -19.5751 -19.793 -7.08186 -16.1043 -19.3617 -8.66517 -12.5612 -18.6395 -9.99598 -8.97976 -17.6475 -11.066 -5.40681 -16.4126 -11.8792 -1.85222 -14.95 -12.4407 1.65535 -13.2715 -12.7585 5.0873 -11.3856 -12.8399 8.419 -9.29783 -12.6918 11.6192 -7.01701 -12.3206 14.6593 -4.55011 -11.7325 17.5091 -1.90463 -10.9216 20.156 0.921794 -9.88712 22.5538 3.89372 -8.62656 24.672 6.98832 -7.13899 26.4774 10.1789 -5.42048 27.9388 13.4441 -3.48106 29.0128 16.7359 -1.33193 29.6622 20.0085 1.00854 29.8509 23.208 3.51387 29.5471 26.2726 6.14526 28.7265 29.1297 8.85255 27.3765 31.7005 11.5729 25.5011 33.9013 14.2205 23.1358 35.6419 16.7222 20.3239 36.8539 18.9873 17.1423 37.4717 20.9244 13.6954 37.4491 22.4393 10.138 36.7743 23.4782 6.5879 35.4618 23.9922 3.19465 33.5573 23.958 0.10397 31.1383 23.3859 -2.53802 28.3278 22.3084 -4.64884 25.2311 20.7795 -6.15534 21.9755 18.8701 -7.01734 18.6865 16.6375 -7.22529 15.4472 14.187 -6.78716 12.3937 11.6033 -5.74564 9.60786 8.94343 -4.18174 7.15836 6.20537 -2.19903 5.08509 3.45628 0.083526 3.36489 0.721684 2.57364 1.93379 -1.99266 5.19586 0.716001 -4.69825 7.89186 -0.371281 -7.4068 10.6039 -1.41016 -10.1364 13.2806 -2.48499 -12.9026 15.8675 -3.67945 -15.707 18.2934 -5.06882 -18.5615 20.4838 -6.72203 -21.4504 22.3403 -8.69361 -24.3301 23.749 -11.0178 -27.1045 24.5823 -13.6765 -29.6829 24.7342 -16.641 -31.9236 24.1115 -19.8114 -33.6685 22.6726 -23.0278 -34.7629 20.4717 -26.0592 -35.1153 17.6233 -28.7037 -34.685 14.3292 -30.7519 -33.5093 10.8414 -32.0498 -31.678 7.38914 -32.5242 -29.3563 4.22958 -32.1719 -26.7169 1.52285 -31.0744 -23.9178 -0.646979 -29.3556 -21.0663 -2.27222 -27.137 -18.2669 -3.37287 -24.5588 -15.5682 -4.01711 -21.731 -12.987 -4.2902 -18.738 -10.5111 -4.28343 -15.6328 -8.12258 -4.0875 -12.4659 -5.77834 -3.78762 -9.27419 -3.43059 -3.46747 -6.08701 -1.03525 -3.21078 -2.93873 1.45673 -3.10091 0.142364 4.08196 -3.2236 3.11024 6.86253 -3.66513 5.90104 9.7796 -4.50166 8.41374 12.798 -5.80581 10.5842 15.8027 -7.63004 12.3638 18.7027 -9.94985 13.6795 21.3803 -12.69 14.4615 23.7574 -15.7875 14.6723 25.736 -19.1377 14.2837 27.2283 -22.614 13.2948 28.1692 -26.0949 11.724 28.5041 -29.4112 9.63613 28.2194 -32.4202 7.11941 27.3329 -34.9966 4.2829 25.8816 -37.052 1.22836 23.9417 -38.5 -1.90224 21.6021 -39.3056 -4.99066 18.9603 -39.4653 -7.93284 16.1046 -38.9996 -10.652 13.137 -37.951 -13.0726 10.1412 -36.3773 -15.1496 7.18874 -34.3436 -16.8562 4.3404 -31.9195 -18.1802 1.64033 -29.1696 -19.1235 -0.876148 -26.1559 -19.6956 9.53461 9.47287 9.44505 9.4389 9.20083 9.20944 9.20241 9.19035 9.25585 9.35361 9.44206 9.53149 9.56109 9.57153 9.58954 9.59511 9.97028 10.0487 10.1285 10.2029 10.7144 10.747 10.7801 10.7994 10.9823 10.8821 10.7734 10.6583 10.8466 10.7548 10.6764 10.5916 8.36369 8.10106 7.88935 7.7237 7.77254 7.59591 7.48932 7.4381 6.72367 6.8006 6.85819 6.91265 6.96247 6.9721 6.97751 6.98477 7.24655 7.28274 7.30383 7.32212 7.04102 7.03507 7.02843 7.01817 7.05707 7.03814 7.0031 6.96646 7.02955 7.02334 7.02569 7.03032 7.25512 7.2533 7.25941 7.26405 7.27807 7.27084 7.26864 7.26073 7.16756 7.13578 7.11286 7.09903 7.89175 8.03428 8.18664 8.33737 8.38398 8.64375 8.90966 9.164 10.4381 10.4545 10.4831 10.5159 10.7128 10.6819 10.6457 10.6112 10.5116 10.4519 10.3855 10.3196 9.80048 9.70709 9.62333 9.55938 -0.0125458
