# num_vectors 23
# vector_size 401
# Iterations: 109984, stepsize: 0.028024, max step size: 1.000000, spring constant: 0.001000, global NEB Hessian: false, global NEB Linesearch: true, climbing image: false
-4.86496 -29.39 -27.4787 -7.06203 -25.557 -27.0954 -9.0345 -21.6434 -26.4184 -10.7771 -17.6783 -25.4658 -12.2863 -13.688 -24.2552 -13.7532 -9.01763 -22.5333 -14.8958 -4.37843 -20.5082 -15.7129 0.199142 -18.2045 -16.2134 4.6811 -15.6374 -16.3886 8.03912 -13.4942 -16.3855 11.307 -11.2093 -16.2075 14.4702 -8.78805 -15.8578 17.514 -6.23602 -15.2913 20.6477 -3.34157 -14.5322 23.6048 -0.30867 -13.5809 26.3663 2.85163 -12.4357 28.9139 6.12533 -10.3134 32.3497 11.3075 -7.73724 35.1668 16.6544 -4.71375 37.2837 22.0895 -1.26128 38.6155 27.5181 2.38931 39.0751 32.5697 6.34683 38.6811 37.3905 10.538 37.3817 41.8405 14.8617 35.1505 45.7628 18.7275 32.3764 48.6795 22.4814 28.907 50.9201 25.9948 24.8215 52.3737 29.1306 20.2408 52.9501 31.8118 15.1981 52.5702 33.8184 10.0176 51.1922 35.0437 4.9376 48.8567 35.4204 0.203206 45.662 34.8565 -4.24859 41.4326 33.3289 -7.79149 36.6224 30.939 -10.252 31.4981 27.8347 -11.5357 26.3271 24.7869 -11.6892 22.1064 21.4642 -11.0157 18.1524 17.9753 -9.57085 14.5653 14.412 -7.43692 11.4226 10.2737 -4.32555 8.42944 6.15247 -0.710021 6.04003 2.08931 3.24592 4.14084 -1.9133 7.41256 2.59685 -5.24662 10.9961 1.46276 -8.57455 14.6035 0.390158 -11.921 18.1858 -0.708647 -15.3086 21.692 -1.92107 -19.1737 25.4619 -3.51708 -23.1323 28.9569 -5.46967 -27.1791 32.0465 -7.87319 -31.2722 34.5731 -10.7992 -35.1585 36.299 -14.1277 -38.8787 37.1755 -17.9424 -42.2606 37.0534 -22.1506 -45.0985 35.8321 -26.5795 -47.1538 33.5396 -30.913 -48.3016 30.2555 -34.9326 -48.4339 26.1804 -38.3437 -47.5351 21.6035 -40.8939 -45.5928 16.662 -42.4556 -42.8053 11.896 -42.8378 -39.4041 7.59416 -42.0911 -35.6248 3.94398 -40.352 -31.3139 0.80681 -37.5377 -26.9909 -1.46724 -34.004 -22.7743 -2.96782 -29.9647 -18.7169 -3.83121 -25.5899 -15.6636 -4.17122 -22.0299 -12.6958 -4.29601 -18.3846 -9.78694 -4.27982 -14.6899 -6.90261 -4.19451 -10.9771 -3.84747 -4.10683 -7.07156 -0.736058 -4.10512 -3.20975 2.47062 -4.27376 0.569573 5.80388 -4.69795 4.21703 9.97479 -5.65031 8.31564 14.3486 -7.22363 11.9894 18.8446 -9.53722 15.0773 23.2688 -12.6685 17.4697 27.7046 -16.8101 19.1083 31.6664 -21.6546 19.6982 34.9402 -26.994 19.162 37.3309 -32.5614 17.488 38.4517 -36.7284 15.5035 38.9334 -40.7107 12.9602 38.7585 -44.3732 9.94122 37.9359 -47.5939 6.54873 36.2187 -50.6431 2.29969 33.7714 -52.8497 -2.10961 30.7138 -54.1481 -6.49885 27.1831 -54.5212 -10.7055 23.5297 -54.0435 -14.4005 19.6971 -52.8057 -17.7183 15.7935 -50.8766 -20.594 11.9134 -48.3366 -22.9862 7.21686 -44.4309 -25.264 2.80118 -39.8718 -26.7531 -1.24606 -34.8126 -27.4773 -6.117 -6.09725 -6.03882 -6.00097 -5.96877 -5.97683 -6.0605 -6.08075 -6.0584 -6.08467 -6.17452 -6.18947 -6.14882 -6.13646 -6.17017 -6.18093 -6.1686 -6.18686 -6.25732 -6.27449 -6.27062 -6.25545 -6.21152 -6.21838 -6.24464 -6.28787 -6.36863 -6.42046 -6.46423 -6.47719 -6.42006 -6.39279 -6.37854 -6.3873 -6.43323 -6.42646 -6.39881 -6.33789 -6.22774 -6.18954 -6.20118 -6.18056 -6.09472 -6.09361 -6.14046 -6.13616 -6.0746 -6.03433 -6.01497 -6.0392 -6.11857 -6.15293 -6.15498 -6.13416 -6.07311 -6.06031 -6.06924 -6.08349 -6.11692 -6.1408 -6.16304 -6.18179 -6.1837 -6.19354 -6.20697 -6.22849 -6.26226 -6.27522 -6.27091 -6.25806 -6.24043 -6.22729 -6.22115 -6.21955 -6.21642 -6.22042 -6.22691 -6.17713 -6.03634 -5.95611 -5.91689 -5.9155 -5.99178 -6.03923 -6.06377 -6.08269 -6.09548 -6.10769 -6.11878 -6.12597 -6.12801 -6.1365 -6.14882 -6.16718 -6.1941 -6.21793 -6.23505 -6.26774 -6.3418 -6.36114 -0.0111728
-8.11291 -27.2143 -25.3864 -9.72436 -23.0832 -25.3345 -11.0833 -18.8734 -25.0239 -12.2267 -14.6307 -24.4255 -13.1761 -10.3983 -23.5031 -14.0423 -5.51524 -21.9753 -14.6185 -0.772956 -19.9486 -14.8661 3.77243 -17.4573 -14.7565 8.09076 -14.5819 -14.4283 11.259 -12.183 -13.903 14.3096 -9.66957 -13.2084 17.2631 -7.08218 -12.381 20.1395 -4.44751 -11.3822 23.1719 -1.56214 -10.3151 26.1305 1.37511 -9.20538 28.9952 4.3884 -8.05682 31.7251 7.51043 -6.19167 35.5135 12.5437 -4.05795 38.571 17.9529 -1.52265 40.6074 23.6615 1.47766 41.3935 29.4531 4.72493 40.8923 34.7691 8.24091 39.2214 39.6582 11.882 36.5174 43.9579 15.5134 32.9412 47.5746 18.655 29.1256 50.1666 21.6252 24.8051 52.0798 24.3416 20.0606 53.2015 26.7012 15.0066 53.3946 28.6247 9.68959 52.505 29.925 4.50057 50.469 30.5334 -0.271593 47.3677 30.4658 -4.39258 43.3959 29.7433 -7.96171 38.4196 28.5118 -10.6128 32.9902 26.9116 -12.3971 27.3087 25.0036 -13.3598 21.5245 23.12 -13.5302 16.6717 20.9153 -13.0828 11.9742 18.3025 -11.985 7.60443 15.2307 -10.2358 3.77946 11.1814 -7.5041 0.32907 6.75056 -4.1828 -1.92949 2.18702 -0.480989 -3.04091 -2.29912 3.46643 -3.28006 -5.91531 6.94994 -3.11661 -9.36174 10.5967 -2.86801 -12.6356 14.4056 -2.75798 -15.7594 18.3344 -2.97092 -19.142 22.7654 -3.75993 -22.5083 27.0188 -5.26789 -25.9657 30.8178 -7.57269 -29.5638 33.8352 -10.6786 -33.0927 35.6874 -14.3223 -36.5375 36.2994 -18.4355 -39.6743 35.5904 -22.7735 -42.2748 33.6346 -27.083 -44.1319 30.6759 -31.09 -45.1711 26.9239 -34.7097 -45.3185 22.6171 -37.8224 -44.5343 17.9882 -40.3159 -42.7259 13.0799 -42.1235 -39.9637 8.36221 -42.9864 -36.3977 4.13421 -42.7903 -32.2791 0.672311 -41.493 -27.5395 -2.00394 -38.901 -22.9471 -3.47543 -35.2829 -18.8148 -3.86496 -30.9104 -15.2823 -3.43391 -26.044 -12.914 -2.74848 -22.0398 -10.8037 -1.90559 -17.9231 -8.82661 -1.03802 -13.7457 -6.83631 -0.260223 -9.55706 -4.56455 0.357217 -5.19217 -1.97377 0.670229 -0.97507 1.01836 0.602232 2.97923 4.41736 0.0999459 6.55532 8.91684 -1.10572 10.2163 13.6978 -2.98726 13.1664 18.5301 -5.54731 15.4461 23.192 -8.78983 17.1355 27.7259 -12.9733 18.3424 31.6066 -17.8835 18.9278 34.619 -23.3986 18.7769 36.5786 -29.2773 17.7216 37.2782 -33.7305 16.2255 37.2809 -37.9855 14.1153 36.6079 -41.8491 11.436 35.316 -45.1637 8.28923 33.1462 -48.1937 4.23814 30.3784 -50.3146 -0.0211393 27.12 -51.5589 -4.27959 23.4562 -51.9878 -8.36541 19.6809 -51.6881 -11.955 15.6931 -50.7214 -15.1786 11.5993 -49.0901 -17.973 7.5324 -46.7957 -20.3022 2.70247 -43.0349 -22.5446 -1.601 -38.3886 -24.0914 -5.21556 -33.0426 -25.016 -2.48965 -2.50361 -2.51755 -2.53066 -2.54318 -2.55403 -2.5617 -2.56658 -2.56928 -2.57118 -2.57321 -2.57575 -2.57904 -2.58296 -2.58684 -2.59003 -2.59207 -2.59012 -2.58205 -2.56769 -2.5487 -2.52737 -2.50507 -2.48279 -2.46169 -2.44155 -2.4214 -2.4024 -2.38661 -2.37697 -2.37615 -2.38525 -2.40465 -2.43372 -2.47027 -2.51293 -2.55577 -2.59469 -2.62845 -2.65176 -2.66184 -2.65961 -2.65029 -2.64026 -2.63403 -2.63108 -2.6298 -2.62846 -2.62503 -2.61771 -2.60555 -2.58961 -2.57364 -2.56235 -2.55946 -2.56676 -2.58255 -2.60244 -2.6213 -2.63444 -2.63877 -2.63274 -2.61754 -2.59672 -2.57388 -2.55384 -2.54036 -2.53353 -2.53138 -2.53111 -2.53132 -2.53124 -2.53032 -2.52851 -2.52662 -2.52611 -2.52902 -2.53773 -2.55169 -2.56867 -2.58266 -2.58709 -2.57728 -2.55296 -2.52257 -2.49368 -2.46601 -2.44251 -2.42351 -2.41019 -2.40185 -2.39544 -2.38862 -2.38041 -2.3711 -2.36231 -2.35559 -2.35493 -2.36257 -2.37737 0.0852302
-10.1109 -29.0698 -27.3327 -12.318 -25.2249 -27.2252 -14.1727 -21.226 -26.7416 -15.6999 -17.1568 -25.8614 -16.9159 -13.0911 -24.574 -17.9453 -8.41758 -22.5674 -18.5342 -3.89603 -20.0901 -18.6611 0.453083 -17.2621 -18.3193 4.65429 -14.2354 -17.7542 7.82128 -11.8794 -16.9536 10.9622 -9.5571 -15.9588 14.1006 -7.30755 -14.8199 17.2497 -5.14281 -13.4862 20.6597 -2.88204 -12.0971 24.0622 -0.643131 -10.6848 27.4157 1.65404 -9.25376 30.6565 4.09709 -6.98926 35.2155 8.25036 -4.47298 38.928 13.0511 -1.559 41.4016 18.3945 1.81677 42.3577 23.9489 5.41248 41.7976 29.0295 9.25926 39.928 33.5862 13.202 36.9731 37.4307 17.0859 33.1614 40.5036 20.3843 29.18 42.6052 23.4184 24.7434 44.1081 26.083 19.9209 44.9979 28.2712 14.792 45.2322 29.9187 9.33329 44.7326 30.8873 3.84411 43.4314 31.1522 -1.46462 41.3079 30.7486 -6.36909 38.3846 29.662 -10.9609 34.4149 28.0364 -14.6092 29.717 25.9978 -17.1167 24.4653 23.6276 -18.3199 18.9013 21.3807 -18.2322 14.2034 18.9006 -17.1159 9.76155 16.1672 -15.0318 5.84858 13.1786 -12.1326 2.71976 9.48045 -8.09605 0.312721 5.58179 -3.69726 -0.789937 1.57444 0.741869 -0.788839 -2.49057 5.06736 -0.0602978 -5.94615 8.61859 0.768099 -9.44489 12.1421 1.53125 -12.9851 15.6771 1.98862 -16.5506 19.2159 1.93552 -20.5408 23.0958 1.08592 -24.4784 26.6887 -0.726235 -28.3043 29.7272 -3.52418 -31.94 31.9214 -7.22081 -35.1469 32.9945 -11.4309 -37.9534 32.9165 -16.0436 -40.227 31.6663 -20.7795 -41.8501 29.3413 -25.3751 -42.7278 26.18 -29.5577 -42.8384 22.3643 -33.2574 -42.1556 18.1093 -36.37 -40.6786 13.6203 -38.8044 -38.3316 8.90921 -40.5153 -35.2473 4.37636 -41.2709 -31.5846 0.238376 -40.9664 -27.5761 -3.30244 -39.5434 -23.1469 -6.29145 -36.7518 -19.0187 -8.2638 -32.8258 -15.4803 -9.21863 -28.0388 -12.6609 -9.26083 -22.7101 -10.9176 -8.77551 -18.37 -9.47401 -7.92234 -13.9769 -8.17705 -6.78228 -9.60303 -6.84552 -5.43132 -5.30035 -5.20339 -3.86437 -0.890987 -3.12725 -2.26349 3.31862 -0.488302 -0.769153 7.2425 2.75534 0.453297 10.7891 7.34686 1.32957 14.4293 12.493 1.30956 17.365 17.8696 0.206102 19.5957 23.1183 -2.06141 21.1482 28.169 -5.68965 22.0644 32.3543 -10.3779 22.1909 35.4462 -15.7993 21.4408 37.3374 -21.541 19.7175 37.9718 -25.8087 17.7322 37.9533 -29.8186 15.1868 37.341 -33.4217 12.1534 36.205 -36.5252 8.74223 34.3188 -39.4575 4.48262 31.8978 -41.72 0.0872041 28.9865 -43.3952 -4.2738 25.6074 -44.558 -8.46072 21.9922 -45.2147 -12.1658 18.0162 -45.4123 -15.5394 13.7528 -45.0812 -18.5298 9.31545 -44.1297 -21.1054 3.74783 -41.9599 -23.7118 -1.52436 -38.6393 -25.6296 -6.20277 -34.2648 -26.8442 -0.858919 -0.863635 -0.868537 -0.872753 -0.875859 -0.877095 -0.876229 -0.874359 -0.872974 -0.873085 -0.874953 -0.878857 -0.884987 -0.893077 -0.902146 -0.911391 -0.921825 -0.931412 -0.934572 -0.929714 -0.917605 -0.901083 -0.882986 -0.865737 -0.850723 -0.836518 -0.8203 -0.799992 -0.774002 -0.742512 -0.708323 -0.675725 -0.649009 -0.63437 -0.63675 -0.657107 -0.689752 -0.727163 -0.765887 -0.79978 -0.827075 -0.844509 -0.851609 -0.852763 -0.852585 -0.853389 -0.855892 -0.859706 -0.863598 -0.865017 -0.859999 -0.846102 -0.823895 -0.796703 -0.768425 -0.743174 -0.72317 -0.707641 -0.693792 -0.678555 -0.659614 -0.637093 -0.61413 -0.594954 -0.583098 -0.581787 -0.590624 -0.605955 -0.621282 -0.634438 -0.646792 -0.658887 -0.672174 -0.688585 -0.70989 -0.737966 -0.777472 -0.829837 -0.886615 -0.940426 -0.985491 -1.01497 -1.02523 -1.01875 -1.00426 -0.990009 -0.977705 -0.969458 -0.965338 -0.964139 -0.962132 -0.955061 -0.940584 -0.91888 -0.89158 -0.862338 -0.832255 -0.808274 -0.796303 -0.794726 0.049227
-10.4651 -31.8279 -26.9417 -13.4602 -28.5994 -26.4203 -15.9713 -25.0358 -25.6081 -18.0129 -21.2522 -24.5208 -19.6181 -17.3467 -23.1659 -20.9868 -12.721 -21.2531 -21.8509 -8.11725 -19.02 -22.24 -3.5809 -16.5303 -22.1759 0.878511 -13.8774 -21.8348 4.26619 -11.802 -21.2558 7.63195 -9.74381 -20.4595 10.9881 -7.74323 -19.4709 14.3412 -5.82524 -18.2172 17.9547 -3.85298 -16.7966 21.5481 -1.95861 -15.2239 25.0921 -0.0918987 -13.4964 28.5406 1.81659 -10.5236 33.4881 4.95472 -7.04271 37.7166 8.58302 -3.00467 40.7976 12.75 1.51344 42.3222 17.2693 6.06243 42.1193 21.5496 10.6157 40.3545 25.4495 14.9741 37.2853 28.7115 19.0252 33.2525 31.2378 22.353 29.0933 32.9033 25.3962 24.5659 34.0823 28.133 19.7627 34.8493 30.5116 14.7301 35.253 32.4889 9.35881 35.295 33.8742 3.81821 34.9132 34.5289 -1.79655 34.0143 34.3267 -7.30725 32.4802 33.0618 -12.811 30.0037 30.7176 -17.412 26.6335 27.4453 -20.6111 22.5006 23.5376 -22.0078 17.9397 20.0157 -21.6533 14.1191 16.5099 -19.9654 10.6568 13.1613 -17.1654 7.81549 10.0244 -13.5539 5.75549 6.65979 -8.79772 4.40531 3.42556 -3.78164 4.02591 0.170324 1.22328 4.37132 -3.24553 6.07592 5.11233 -6.31557 9.99986 5.7575 -9.59347 13.7805 6.20593 -13.0684 17.4082 6.25562 -16.6958 20.845 5.73645 -20.8537 24.3732 4.33597 -24.9855 27.3953 1.99234 -28.952 29.7077 -1.26634 -32.6123 31.1073 -5.30874 -35.708 31.4414 -9.7207 -38.2798 30.7168 -14.4133 -40.2245 28.9525 -19.132 -41.4592 26.2554 -23.6443 -41.9246 22.8572 -27.7057 -41.6137 18.9188 -31.2627 -40.5178 14.6434 -34.2257 -38.6537 10.2254 -36.5202 -35.9521 5.66652 -38.1166 -32.5831 1.33074 -38.8101 -28.7175 -2.61843 -38.5058 -24.5888 -6.0395 -37.1343 -20.116 -9.03225 -34.4171 -16.036 -11.168 -30.5264 -12.6542 -12.4162 -25.6941 -10.1258 -12.8181 -20.2358 -8.71794 -12.6089 -15.7542 -7.70892 -11.9951 -11.2026 -6.94331 -11.0281 -6.66491 -6.23222 -9.75471 -2.19455 -5.32469 -8.1331 2.40341 -4.03382 -6.30071 6.82721 -2.17987 -4.36613 11.0003 0.348219 -2.47753 14.8259 4.27749 -0.519594 18.8045 9.08457 0.795673 22.0081 14.5146 1.18022 24.3465 20.2162 0.429198 25.7709 26.1131 -1.69428 26.2517 31.3672 -5.09191 25.65 35.5474 -9.47216 23.9607 38.3587 -14.3835 21.2243 39.5061 -18.1175 18.5227 39.8345 -21.6487 15.3634 39.4322 -24.8199 11.8505 38.4197 -27.5482 8.09688 36.6395 -30.1486 3.58369 34.3611 -32.2442 -0.96797 31.673 -33.9831 -5.44576 28.5974 -35.507 -9.74919 25.302 -36.8306 -13.5724 21.6046 -38.0313 -17.0532 17.4873 -39.02 -20.1026 12.973 -39.6375 -22.646 6.90824 -39.6128 -25.0372 0.68457 -38.3644 -26.5229 -5.24999 -35.7353 -27.1293 -0.13044 -0.115455 -0.106141 -0.1009 -0.0983758 -0.0981305 -0.0996363 -0.102867 -0.10745 -0.113225 -0.120951 -0.130896 -0.143819 -0.160173 -0.179733 -0.20272 -0.236218 -0.28388 -0.335114 -0.384544 -0.425531 -0.454609 -0.471634 -0.478184 -0.477709 -0.47381 -0.467327 -0.457008 -0.43965 -0.411159 -0.368709 -0.311997 -0.242066 -0.166179 -0.0976157 -0.0453209 -0.0154679 -0.00383647 -0.0050773 -0.0157091 -0.0353681 -0.0584533 -0.0778702 -0.0921545 -0.10179 -0.10924 -0.116655 -0.124677 -0.133433 -0.141164 -0.144021 -0.1391 -0.125605 -0.105402 -0.081349 -0.0569541 -0.0345986 -0.0141526 0.00659338 0.0302822 0.0590596 0.0921997 0.125253 0.152554 0.169376 0.171171 0.158191 0.135202 0.11151 0.0906674 0.0710184 0.052279 0.0327193 0.00998258 -0.0183597 -0.0553075 -0.108339 -0.182798 -0.27192 -0.368579 -0.469387 -0.565268 -0.646194 -0.708546 -0.748066 -0.772407 -0.789846 -0.802759 -0.813594 -0.82202 -0.82548 -0.820319 -0.802633 -0.769982 -0.720807 -0.657292 -0.576257 -0.488449 -0.415435 -0.363068 -0.215171
-9.06309 -34.7659 -28.1958 -12.413 -31.9259 -27.5813 -15.2826 -28.6702 -26.67 -17.6885 -25.148 -25.4566 -19.6653 -21.4854 -23.9261 -21.4747 -17.148 -21.7257 -22.778 -12.8586 -19.1122 -23.5968 -8.66191 -16.1718 -23.9456 -4.53673 -13.0431 -23.9043 -1.36423 -10.6278 -23.6023 1.85127 -8.28925 -23.0498 5.14562 -6.11176 -22.2596 8.53666 -4.16859 -21.1568 12.2971 -2.39058 -19.8106 16.1265 -0.961525 -18.228 19.9695 0.153883 -16.3986 23.7621 1.04184 -13.0781 29.3124 2.19573 -8.99637 34.2641 3.60286 -4.14483 38.1868 5.66127 1.25593 40.6014 8.51835 6.52182 41.2016 11.8298 11.5423 40.142 15.3974 16.0991 37.6603 18.8806 20.1504 34.0929 22.0298 23.3952 30.2483 24.4459 26.3368 25.9479 26.4463 28.9922 21.2981 28.0202 31.3292 16.3606 29.1641 33.3104 11.0384 29.8783 34.7388 5.49976 30.094 35.4517 -0.169323 29.754 35.2769 -5.80821 28.7872 33.9301 -11.5482 26.981 31.2883 -16.4764 24.3817 27.4344 -20.0289 21.1335 22.6896 -21.6941 17.5646 18.3802 -21.4217 14.6524 14.1707 -19.6654 12.1379 10.3477 -16.6836 10.2354 7.04875 -12.8366 9.0336 3.8816 -7.79469 8.47436 1.14233 -2.48 8.60065 -1.49305 2.86014 9.15109 -4.34255 8.07317 9.83664 -7.08871 12.2558 10.2873 -10.2301 16.1728 10.4517 -13.7661 19.7306 10.1735 -17.6258 22.8325 9.32523 -22.1796 25.6563 7.59681 -26.7431 27.6854 4.99793 -31.0537 28.8389 1.56478 -34.8536 29.0735 -2.58305 -37.8104 28.4381 -7.05675 -39.9472 27.0073 -11.8051 -41.1832 24.8681 -16.6068 -41.5007 22.1338 -21.2526 -40.95 18.9807 -25.4968 -39.6106 15.482 -29.2685 -37.5709 11.7364 -32.4417 -34.932 7.82976 -34.8981 -31.6719 3.68059 -36.567 -28.0412 -0.448358 -37.2 -24.2258 -4.42521 -36.6912 -20.4406 -8.08998 -34.9964 -16.6072 -11.5302 -31.8634 -13.3076 -14.2155 -27.5916 -10.6732 -16.0417 -22.4856 -8.70146 -17.0016 -16.8698 -7.53822 -17.1958 -12.3178 -6.61221 -16.9515 -7.71403 -5.81227 -16.3182 -3.12366 -5.02038 -15.3397 1.40702 -4.06659 -13.9736 6.07809 -2.85936 -12.3032 10.5888 -1.278 -10.3725 14.8744 0.782547 -8.24204 18.8505 3.97761 -5.5552 23.0546 8.05403 -2.93271 26.4615 12.9897 -0.675418 28.8374 18.6036 0.857015 29.9499 24.8611 1.30897 29.5603 30.7246 0.302161 27.5311 35.4126 -2.10038 24.1013 38.3775 -5.50256 19.7256 39.3996 -8.38441 16.0913 39.4696 -11.3033 12.3451 38.7777 -14.1074 8.57457 37.5328 -16.7257 4.8125 35.6296 -19.5264 0.472661 33.4385 -22.157 -3.83777 31.065 -24.7348 -8.08294 28.5104 -27.3646 -12.1889 25.8417 -29.9461 -15.8553 22.8128 -32.567 -19.1996 19.2975 -35.0814 -22.1235 15.2158 -37.2514 -24.5442 9.36426 -39.0629 -26.775 2.98633 -39.3603 -28.0914 -3.34845 -37.8852 -28.5309 -0.111345 -0.0858222 -0.0662805 -0.0504376 -0.0357114 -0.021621 -0.00895612 0.00163511 0.00832777 0.0112587 0.0108095 0.00623713 -0.00379205 -0.0210283 -0.0467762 -0.082703 -0.14325 -0.240069 -0.351199 -0.46072 -0.551432 -0.614887 -0.650206 -0.659733 -0.65074 -0.632234 -0.607872 -0.578815 -0.543036 -0.496731 -0.436254 -0.358709 -0.260143 -0.142416 -0.0177136 0.102455 0.199961 0.272217 0.325151 0.358286 0.370859 0.367722 0.358345 0.348917 0.342114 0.337106 0.33185 0.324667 0.313568 0.297698 0.279731 0.263694 0.254924 0.257988 0.276273 0.311414 0.362164 0.425183 0.496219 0.569483 0.639723 0.699428 0.740787 0.760074 0.756658 0.732139 0.694298 0.652296 0.618111 0.592648 0.57226 0.555938 0.541323 0.52545 0.504583 0.473785 0.422181 0.334191 0.204621 0.0321196 -0.186801 -0.430808 -0.658203 -0.839517 -0.950086 -1.01035 -1.04308 -1.05642 -1.05836 -1.05363 -1.04449 -1.02723 -0.994686 -0.94012 -0.858257 -0.751817 -0.617295 -0.47595 -0.363534 -0.285201 -0.141215
-6.63555 -37.2474 -28.53 -10.3904 -34.9233 -28.1238 -13.6925 -32.0457 -27.4309 -16.536 -28.8027 -26.3999 -18.9408 -25.3611 -24.9726 -21.2217 -21.263 -22.7519 -22.9489 -17.2551 -19.9445 -24.1355 -13.4247 -16.6509 -24.8002 -9.74866 -13.0492 -24.9736 -6.93979 -10.2243 -24.864 -4.06141 -7.46709 -24.4792 -1.02981 -4.90572 -23.8262 2.2096 -2.67438 -22.8332 5.94148 -0.775763 -21.5609 9.85303 0.488824 -20.0303 13.8283 1.09872 -18.248 17.745 1.13297 -15.0095 23.4127 0.391109 -10.9671 28.5071 -0.539686 -6.00838 32.8036 -0.875631 -0.302478 35.9466 -0.0243417 5.36929 37.5314 2.06712 10.7845 37.6131 5.18554 15.6443 36.2908 8.88547 19.9056 33.7849 12.7088 23.2955 30.7329 15.9245 26.3699 27.0441 18.7687 29.1581 22.8208 21.1221 31.625 18.1477 22.9178 33.7255 12.9683 24.1523 35.2449 7.4849 24.7737 36.0056 1.81189 24.799 35.8147 -3.88273 24.2538 34.3427 -9.75332 23.0733 31.4106 -14.9025 21.3668 27.0601 -18.7529 19.3004 21.6342 -20.7276 17.1364 16.6978 -20.6525 15.4775 11.94 -18.9928 14.1601 7.76384 -16.005 13.2887 4.37059 -12.0759 12.8708 1.40734 -6.88133 12.8606 -0.885119 -1.36679 13.1766 -2.96411 4.22245 13.6276 -5.29308 9.71631 14.0258 -7.73291 14.1053 14.1755 -10.7421 18.126 14.0466 -14.337 21.5977 13.5343 -18.4203 24.3529 12.5472 -23.3442 26.447 10.7958 -28.2944 27.4331 8.3018 -32.8955 27.3537 5.058 -36.792 26.3395 1.12274 -39.5942 24.6689 -3.1804 -41.3091 22.5122 -7.82448 -41.8759 20.059 -12.6016 -41.339 17.4577 -17.3032 -39.8509 14.8323 -21.6795 -37.5629 12.1516 -25.6593 -34.6341 9.36596 -29.1121 -31.2199 6.39424 -31.8999 -27.3227 3.02633 -33.9243 -23.2856 -0.643108 -34.8559 -19.359 -4.52944 -34.5265 -15.8049 -8.43469 -32.8688 -12.6014 -12.4024 -29.6531 -10.2038 -15.7572 -25.2552 -8.53907 -18.297 -20.047 -7.39067 -19.9633 -14.368 -6.65825 -20.6893 -9.78015 -5.94119 -20.9561 -5.14051 -5.13139 -20.8122 -0.5106 -4.14799 -20.3007 4.05918 -2.86475 -19.3978 8.76373 -1.2916 -18.144 13.2967 0.593544 -16.5488 17.5974 2.80976 -14.6165 21.591 5.92202 -11.8834 25.8274 9.59713 -8.7515 29.2606 13.8721 -5.37745 31.5933 18.695 -2.05223 32.4789 24.1347 0.94475 31.5092 29.3201 2.81733 28.4898 33.4909 3.16159 23.7995 36.0762 1.9816 18.1928 36.9015 0.31801 13.8214 36.8611 -1.78396 9.56238 36.1511 -4.13082 5.49464 34.9797 -6.59751 1.60854 33.273 -9.54043 -2.71895 31.4019 -12.5871 -6.90428 29.4833 -15.8049 -10.9373 27.5297 -19.265 -14.7467 25.5609 -22.7906 -18.0515 23.3276 -26.499 -20.965 20.6387 -30.2371 -23.4197 17.3168 -33.7489 -25.3845 12.1644 -37.3311 -27.1507 6.05356 -39.3366 -28.2157 -0.450648 -39.3042 -28.6541 -0.203179 -0.173404 -0.148039 -0.1243 -0.0989018 -0.0714593 -0.0445229 -0.0197968 -0.00158991 0.0103781 0.0177729 0.0195954 0.0142 -0.00132497 -0.03018 -0.0763807 -0.163261 -0.313294 -0.48804 -0.65237 -0.778708 -0.861208 -0.904755 -0.915159 -0.901982 -0.875983 -0.841847 -0.801987 -0.755264 -0.698183 -0.626272 -0.533893 -0.411478 -0.25347 -0.0682203 0.131082 0.310861 0.457579 0.576449 0.661904 0.712728 0.733191 0.735446 0.731185 0.727076 0.724464 0.721477 0.71504 0.700326 0.671863 0.629548 0.577969 0.528357 0.493841 0.485615 0.512518 0.577079 0.675012 0.796941 0.927834 1.05246 1.15314 1.21535 1.23513 1.2146 1.16085 1.09143 1.02364 0.97522 0.94363 0.922041 0.907913 0.897797 0.888339 0.875656 0.854814 0.814901 0.734969 0.594637 0.370213 0.0269178 -0.415992 -0.852872 -1.19195 -1.38741 -1.48977 -1.54426 -1.56633 -1.56916 -1.56041 -1.54483 -1.51856 -1.47194 -1.3944 -1.27665 -1.12232 -0.930061 -0.738263 -0.597642 -0.507087 -0.265742
-2.16439 -37.6672 -25.5175 -6.46764 -36.8172 -24.8658 -10.5084 -35.1526 -24.1135 -14.1822 -32.8416 -23.2035 -17.4356 -30.0555 -22.0553 -20.6711 -26.3896 -20.3174 -23.2635 -22.483 -18.0933 -25.1884 -18.4737 -15.4197 -26.4352 -14.4161 -12.435 -26.9365 -11.2397 -10.0772 -27.0459 -7.97534 -7.78999 -26.77 -4.58163 -5.71492 -26.1202 -1.04181 -3.99837 -25.0245 2.90987 -2.69395 -23.5652 6.9083 -2.06042 -21.8001 10.8325 -2.10503 -19.7766 14.5784 -2.73079 -16.2293 19.8319 -4.45712 -12.032 24.5314 -6.31664 -7.07609 28.6781 -7.50207 -1.45503 32.0761 -7.367 4.16901 34.2782 -5.76211 9.65078 35.189 -2.90271 14.7115 34.6819 0.728768 19.2657 32.7874 4.56629 22.9299 30.035 7.75122 26.2293 26.4314 10.4488 29.1514 22.1528 12.5229 31.6502 17.3731 13.958 33.6957 12.1022 14.8496 35.1073 6.5735 15.3011 35.7369 0.887021 15.4741 35.3984 -4.82667 15.5141 33.7265 -10.762 15.5347 30.5131 -16.024 15.6262 25.7912 -19.9843 15.8337 19.9678 -21.986 16.1541 14.7721 -21.8291 16.4801 9.90669 -20.0011 16.816 5.80995 -16.7999 17.125 2.66645 -12.6552 17.3831 0.139113 -7.23967 17.6035 -1.64037 -1.53169 17.7371 -3.20047 4.24154 17.7693 -5.06498 9.92283 17.661 -7.19777 14.4642 17.406 -9.99887 18.6085 16.9403 -13.4921 22.1404 16.1909 -17.5683 24.8587 15.0803 -22.5635 26.7718 13.3236 -27.6228 27.4285 10.9425 -32.3273 26.8961 7.89573 -36.2858 25.3474 4.20397 -39.0831 23.1358 0.14879 -40.7155 20.4606 -4.24871 -41.1222 17.5582 -8.78424 -40.3625 14.6144 -13.2471 -38.6197 11.7793 -17.3924 -36.0704 9.0249 -21.1573 -32.8972 6.29871 -24.4373 -29.2677 3.50392 -27.1345 -25.172 0.408791 -29.2021 -20.9386 -2.96256 -30.3608 -16.7829 -6.61682 -30.4507 -12.9452 -10.4513 -29.3557 -9.38724 -14.594 -26.8014 -6.66254 -18.374 -22.976 -4.7976 -21.4902 -18.1638 -3.65376 -23.7468 -12.6915 -3.08973 -24.8559 -8.15683 -2.68122 -25.3919 -3.50309 -2.30084 -25.3742 1.18385 -1.83974 -24.8312 5.83185 -1.17424 -23.7227 10.6197 -0.253172 -22.0999 15.2145 0.972513 -19.998 19.5359 2.53849 -17.4548 23.4949 4.8932 -13.9037 27.6116 7.82606 -9.91007 30.8599 11.3662 -5.665 32.9926 15.4751 -1.4629 33.7417 20.2563 2.50423 32.7854 25.0462 5.44228 29.9681 29.2598 6.95482 25.5555 32.3703 6.96423 20.0932 33.8166 6.13953 15.6451 34.4794 4.78652 11.1408 34.4484 3.09542 6.70257 33.8578 1.20947 2.38368 32.6572 -1.12885 -2.45277 31.112 -3.63747 -7.10241 29.3846 -6.41394 -11.5304 27.5719 -9.59002 -15.6447 25.7935 -13.0554 -19.1169 23.9051 -16.954 -22.0259 21.7881 -21.1693 -24.2573 19.2747 -25.4853 -25.7683 15.3366 -30.5964 -26.6994 10.2965 -34.7302 -26.7875 4.29097 -37.221 -26.3101 -0.223524 -0.185384 -0.154592 -0.126524 -0.097455 -0.0676559 -0.0416924 -0.022214 -0.0125903 -0.010752 -0.0156888 -0.0279718 -0.0495284 -0.0830985 -0.131011 -0.196697 -0.307669 -0.478839 -0.661787 -0.82437 -0.948075 -1.03333 -1.08661 -1.11159 -1.11361 -1.10122 -1.07971 -1.05217 -1.01807 -0.973121 -0.909523 -0.815466 -0.670765 -0.45447 -0.167192 0.168087 0.478359 0.726294 0.917694 1.04689 1.11902 1.14398 1.14122 1.12901 1.11877 1.11263 1.10782 1.09996 1.08212 1.04584 0.988908 0.915227 0.838201 0.77452 0.738256 0.740894 0.786496 0.870979 0.984553 1.1118 1.23728 1.34314 1.41394 1.44384 1.43258 1.38336 1.31047 1.23088 1.16674 1.11947 1.082 1.05258 1.02748 1.00299 0.97479 0.936911 0.875285 0.766354 0.590301 0.324757 -0.0656859 -0.554461 -1.02857 -1.40068 -1.6282 -1.76059 -1.84591 -1.8963 -1.92337 -1.93113 -1.92312 -1.89838 -1.84988 -1.76614 -1.63064 -1.43495 -1.16168 -0.863237 -0.63988 -0.502431 -0.221312
-0.982495 -34.4939 -22.5351 -5.26425 -34.7376 -21.4069 -9.49502 -34.1774 -20.2021 -13.5438 -32.8786 -18.9425 -17.3055 -30.9299 -17.6317 -21.2371 -27.9461 -16.0293 -24.5683 -24.3388 -14.3503 -27.2222 -20.2292 -12.6193 -29.1406 -15.7257 -10.8969 -30.0911 -12.0618 -9.64273 -30.5796 -8.27171 -8.50433 -30.6131 -4.40294 -7.53931 -30.2101 -0.505353 -6.80026 -29.3183 3.67469 -6.29973 -27.9962 7.76638 -6.12884 -26.2882 11.7135 -6.27604 -24.2297 15.469 -6.69672 -20.4559 20.7478 -7.72477 -15.9244 25.3576 -8.89789 -10.6346 29.1265 -9.8858 -4.66482 31.8183 -10.4141 1.44061 33.1505 -10.3442 7.65779 33.1531 -9.70913 13.6688 31.8439 -8.60911 19.2347 29.3838 -7.18573 23.7298 26.412 -5.73333 27.7468 22.8809 -4.13846 31.2752 18.9303 -2.37998 34.2805 14.6603 -0.409334 36.7319 10.0213 1.87802 38.3947 5.18321 4.44533 39.0765 0.235429 7.24117 38.5835 -4.67104 10.1473 36.5882 -9.63687 13.2105 33.0627 -13.8683 15.9835 28.2172 -16.9018 18.2947 22.4881 -18.325 20.0763 17.4097 -18.0794 21.2059 12.5189 -16.5041 22.0577 8.14448 -13.7555 22.7179 4.47064 -10.1036 23.2593 1.11858 -5.17839 23.7797 -1.57374 0.147 24.176 -4.0169 5.60271 24.3529 -6.63113 10.9774 24.1447 -9.2021 15.2471 23.5136 -12.1917 19.114 22.3524 -15.562 22.3936 20.5852 -19.179 24.9304 18.1935 -23.2976 26.7742 14.8266 -27.2202 27.5296 10.8593 -30.7216 27.2406 6.45981 -33.6389 25.9989 1.80731 -35.7869 24.0199 -2.73474 -37.2303 21.3818 -7.21992 -37.9168 18.2079 -11.5346 -37.8035 14.6347 -15.5817 -36.8838 10.8696 -19.2199 -35.1651 6.99837 -22.4324 -32.6929 3.14182 -25.1295 -29.5643 -0.618249 -27.2111 -25.7677 -4.39614 -28.6049 -21.637 -8.04947 -29.0748 -17.4359 -11.6049 -28.4908 -13.4648 -15.0529 -26.7667 -9.74567 -18.5924 -23.6069 -6.94074 -21.7289 -19.2894 -5.13633 -24.2611 -14.1242 -4.19059 -26.0337 -8.4401 -3.83894 -26.8269 -3.81853 -3.6564 -27.0793 0.873416 -3.47829 -26.7801 5.56288 -3.16475 -25.929 10.1768 -2.57382 -24.4476 14.8727 -1.6363 -22.401 19.2916 -0.310681 -19.8426 23.3279 1.41862 -16.844 26.8793 4.01225 -12.8064 30.3538 7.17174 -8.45313 32.8375 10.8616 -4.01425 34.1728 14.9923 0.232668 34.2202 19.6567 4.19026 32.7728 24.28 7.25108 29.8116 28.4497 9.19584 25.5285 31.774 9.98631 20.2524 33.5475 9.90276 15.8472 34.6237 9.32449 11.2574 35.0102 8.34724 6.62553 34.7663 7.04248 2.06521 33.8142 5.1623 -3.01995 32.3168 2.87108 -7.79575 30.4443 0.112391 -12.1756 28.3389 -3.16709 -16.0632 26.2144 -6.75976 -19.1948 23.988 -10.7571 -21.7035 21.6169 -15.0275 -23.5392 18.9982 -19.3898 -24.6976 15.195 -24.6561 -25.2464 10.5754 -29.2459 -24.9406 5.10719 -32.6589 -23.9662 -0.15737 -0.101816 -0.0626519 -0.0350252 -0.0151715 -0.00391108 -0.00333622 -0.0138525 -0.0331229 -0.0576193 -0.0893103 -0.128057 -0.175788 -0.233594 -0.300963 -0.379479 -0.496439 -0.666592 -0.862025 -1.06848 -1.26298 -1.43027 -1.56556 -1.6647 -1.7262 -1.75885 -1.76983 -1.75954 -1.72301 -1.64852 -1.51992 -1.31882 -1.0218 -0.629521 -0.196506 0.217909 0.548121 0.793273 0.980058 1.10983 1.18791 1.2217 1.22819 1.22542 1.22443 1.22743 1.23326 1.23922 1.24255 1.24127 1.2359 1.22901 1.2237 1.22216 1.2258 1.23659 1.25727 1.29109 1.34056 1.40475 1.47919 1.55278 1.61004 1.63984 1.63648 1.59838 1.5349 1.45988 1.3947 1.34304 1.29812 1.25855 1.22056 1.18035 1.13398 1.07541 0.988093 0.848383 0.642357 0.357009 -0.0293739 -0.488207 -0.935312 -1.30975 -1.56355 -1.72806 -1.84761 -1.92832 -1.97887 -1.99842 -1.98929 -1.95484 -1.89489 -1.80408 -1.67051 -1.48613 -1.22606 -0.91924 -0.658761 -0.475148 -0.22861
-1.60709 -30.9579 -23.488 -5.77784 -31.8626 -22.283 -10.0206 -31.9881 -20.9992 -14.2054 -31.3059 -19.7002 -18.193 -29.8376 -18.4319 -22.4394 -27.2103 -17.0198 -26.0777 -23.757 -15.6907 -29 -19.6578 -14.4318 -31.1495 -15.0914 -13.2251 -32.2658 -11.3703 -12.3265 -32.9187 -7.53364 -11.4582 -33.1188 -3.6373 -10.6346 -32.8805 0.270512 -9.87821 -32.1494 4.45177 -9.17004 -30.9468 8.54605 -8.61355 -29.2926 12.5017 -8.24588 -27.2073 16.263 -8.09577 -23.2459 21.4998 -8.31259 -18.4386 25.9163 -9.05171 -12.9254 29.2943 -10.2162 -6.88833 31.462 -11.6368 -0.855282 32.3164 -13.0256 5.26462 31.9991 -14.2517 11.292 30.6002 -15.1294 17.0798 28.2721 -15.5009 21.9547 25.5626 -15.2979 26.4847 22.397 -14.5189 30.6055 18.9068 -13.1097 34.2392 15.2138 -11.0345 37.3545 11.335 -8.20403 39.7165 7.48346 -4.68984 41.1755 3.78468 -0.572509 41.5902 0.3734 4.00498 40.7581 -2.81638 9.2162 38.5735 -5.32939 14.4061 35.1388 -7.01185 19.243 30.6827 -7.75965 23.4392 26.3572 -7.63228 26.3375 21.7282 -6.82287 28.5836 16.985 -5.37813 30.1781 12.2809 -3.37001 31.1607 7.06162 -0.4845 31.606 2.11077 2.86465 31.4108 -2.56829 6.50836 30.6392 -7.02494 10.27 29.3148 -10.6526 13.3788 27.761 -14.2075 16.3231 25.7778 -17.7026 18.9789 23.3345 -21.1196 21.2201 20.4122 -24.7928 23.0965 16.5801 -28.1936 24.166 12.2225 -31.1932 24.3417 7.46112 -33.6696 23.599 2.45968 -35.4631 22.0565 -2.39466 -36.6287 19.7724 -7.14695 -37.1342 16.8428 -11.655 -36.9659 13.3762 -15.792 -36.1436 9.54953 -19.3891 -34.6866 5.42306 -22.4073 -32.6336 1.1094 -24.739 -30.054 -3.27684 -26.277 -26.9249 -7.79506 -26.9285 -23.5119 -12.133 -26.5235 -20.0239 -16.1587 -25.0206 -16.6864 -19.7469 -22.4483 -13.4577 -23.0326 -18.5591 -10.8276 -25.578 -13.7685 -8.84325 -27.3431 -8.35617 -7.41316 -28.3348 -2.58399 -6.54394 -28.5913 2.03016 -5.77108 -28.4057 6.66479 -4.96767 -27.7822 11.2559 -4.01576 -26.7196 15.7366 -2.74616 -25.1232 20.257 -1.12518 -23.0487 24.4597 0.885502 -20.5262 28.2265 3.28589 -17.6089 31.4393 6.61808 -13.7118 34.4076 10.366 -9.52557 36.2866 14.4053 -5.24499 36.9662 18.5852 -1.08731 36.3797 22.9734 2.93645 34.3629 27.0698 6.30339 30.9872 30.6152 8.8018 26.4372 33.379 10.3091 20.9964 34.8462 10.7797 16.5037 35.7411 10.7003 11.8398 36.0664 10.1199 7.13706 35.8527 9.093 2.50475 34.9941 7.40514 -2.66387 33.5732 5.2337 -7.51836 31.6853 2.60729 -11.9724 29.4175 -0.456621 -15.9436 26.9829 -3.74169 -19.1854 24.3149 -7.34982 -21.8485 21.435 -11.1991 -23.8779 18.3384 -15.1703 -25.2454 14.1272 -20.084 -26.0336 9.43547 -24.6081 -25.8916 4.18589 -28.3632 -24.9744 -0.0873614 -0.0256433 0.0116919 0.0306171 0.0357007 0.0279081 0.00912513 -0.0186528 -0.0501949 -0.0831814 -0.121362 -0.164951 -0.216401 -0.27715 -0.346833 -0.427264 -0.546659 -0.722804 -0.93526 -1.17642 -1.42088 -1.64439 -1.83421 -1.98103 -2.08001 -2.14111 -2.17383 -2.17885 -2.15191 -2.08102 -1.94559 -1.71244 -1.32323 -0.743896 -0.0861495 0.474125 0.841668 1.07168 1.22754 1.3299 1.39157 1.4206 1.42621 1.41853 1.4063 1.39467 1.38467 1.37738 1.37286 1.37277 1.37783 1.38844 1.40446 1.42543 1.45113 1.48083 1.51351 1.54819 1.58373 1.61777 1.64716 1.66671 1.67102 1.6573 1.62404 1.57347 1.51416 1.45449 1.40689 1.37054 1.339 1.31023 1.28053 1.24584 1.20208 1.14351 1.0542 0.911988 0.705427 0.421535 0.0344375 -0.439145 -0.916797 -1.32307 -1.5962 -1.77065 -1.89641 -1.98206 -2.03793 -2.06339 -2.0591 -2.02779 -1.97062 -1.88596 -1.76713 -1.60929 -1.38689 -1.1083 -0.843726 -0.63681 -0.443878
1.10143 -28.8004 -25.0019 -3.15836 -29.5167 -23.9984 -7.41462 -29.6426 -22.7601 -11.5771 -29.1619 -21.308 -15.5525 -28.0695 -19.6744 -19.8464 -26.0262 -17.5969 -23.6274 -23.1927 -15.4513 -26.7858 -19.6318 -13.3841 -29.2401 -15.4364 -11.5666 -30.614 -11.8604 -10.4599 -31.5256 -8.05739 -9.68172 -31.9714 -4.11432 -9.29022 -31.9571 -0.127011 -9.31774 -31.4422 4.11613 -9.81694 -30.4363 8.19265 -10.7599 -28.9704 12.0225 -12.0644 -27.0731 15.5575 -13.6209 -23.399 20.3354 -16.2353 -18.8495 24.3847 -18.6986 -13.5249 27.7247 -20.6106 -7.59473 30.3453 -21.6724 -1.60583 32.1292 -21.7581 4.50573 33.1646 -20.9621 10.5587 33.3873 -19.4231 16.4149 32.7276 -17.343 21.3787 31.3357 -15.2051 25.9869 29.1591 -12.9301 30.1131 26.2092 -10.602 33.6126 22.5534 -8.24887 36.399 18.2075 -5.77708 38.2372 13.4619 -3.15724 39.0278 8.5808 -0.274268 38.7234 3.87626 2.97176 37.1974 -0.612054 6.91509 34.5606 -4.11019 11.2548 31.0385 -6.33408 15.8016 26.8965 -7.17184 20.2921 23.0914 -6.84423 23.8334 19.1166 -5.67042 26.9878 15.0387 -3.78756 29.6247 10.9016 -1.34421 31.6349 6.12885 1.9631 33.0659 1.38513 5.58042 33.4874 -3.27299 9.28374 32.8936 -7.80706 12.8632 31.3459 -11.5163 15.631 29.3915 -15.1383 18.0794 26.9166 -18.6805 20.1191 23.9957 -22.1359 21.6686 20.6945 -25.8619 22.7369 16.6112 -29.3366 23.0183 12.1902 -32.412 22.4604 7.50722 -34.9091 21.0504 2.66213 -36.5969 18.9274 -2.00741 -37.4776 16.1188 -6.53462 -37.5118 12.7221 -10.7325 -36.7485 8.84639 -14.4144 -35.3416 4.66365 -17.3782 -33.4501 0.20523 -19.5701 -31.2507 -4.44327 -20.9167 -28.8979 -9.18693 -21.3871 -26.4007 -14.1071 -20.957 -23.9067 -18.8692 -19.6404 -21.4025 -23.3239 -17.5153 -18.8319 -27.3176 -14.6739 -15.8883 -30.9638 -10.881 -12.7582 -33.6865 -6.50652 -9.48374 -35.3334 -1.71984 -6.18087 -35.8291 3.29931 -3.68689 -35.4278 7.26551 -1.33714 -34.3808 11.2017 0.820019 -32.7561 15.0513 2.76566 -30.6295 18.7667 4.60312 -27.9195 22.4915 6.2711 -24.7952 25.963 7.84374 -21.303 29.1134 9.40378 -17.476 31.8548 11.3473 -12.5146 34.4451 13.4635 -7.22501 36.0709 15.7678 -1.78471 36.5128 18.1997 3.5424 35.6133 20.7883 8.71655 33.1554 23.2241 13.0301 29.2859 25.3729 16.1942 24.2975 27.1636 18.0512 18.5653 28.2772 18.5677 13.9771 29.193 18.3424 9.32204 29.9251 17.4232 4.72011 30.4799 15.8698 0.266158 30.8905 13.3607 -4.61615 31.0121 10.1964 -9.11868 30.7783 6.48716 -13.1791 30.1058 2.35068 -16.7481 28.9825 -1.84454 -19.6407 27.3234 -6.17808 -22.0275 25.0884 -10.5088 -23.8926 22.2678 -14.6885 -25.2357 17.9617 -19.4869 -26.2015 12.8864 -23.5717 -26.4391 7.19953 -26.7311 -26.0178 0.467381 0.549715 0.615921 0.666421 0.703387 0.72186 0.71842 0.694013 0.655533 0.609873 0.55294 0.484476 0.400209 0.297254 0.17656 0.0373817 -0.16139 -0.420076 -0.672512 -0.89622 -1.0793 -1.22703 -1.35056 -1.4545 -1.53615 -1.5958 -1.63474 -1.64796 -1.62973 -1.57261 -1.46794 -1.30163 -1.04019 -0.643051 -0.114767 0.456947 0.900744 1.19039 1.37549 1.48093 1.5271 1.53108 1.51013 1.47707 1.4437 1.41506 1.39052 1.37058 1.353 1.33688 1.3206 1.30338 1.28785 1.27895 1.28178 1.29942 1.32946 1.364 1.3929 1.40673 1.39966 1.37021 1.32321 1.26698 1.20807 1.1549 1.11442 1.08686 1.07165 1.0638 1.05946 1.05648 1.05207 1.04192 1.0203 0.979148 0.899628 0.746169 0.491067 0.10155 -0.470598 -1.15275 -1.74086 -2.14229 -2.36268 -2.48389 -2.56067 -2.6061 -2.62881 -2.62762 -2.59982 -2.54147 -2.45001 -2.32456 -2.1639 -1.97505 -1.74532 -1.49622 -1.27486 -1.09138 -1.44523
0.577067 -30.3439 -27.0347 -3.67886 -30.4478 -25.793 -7.71293 -29.924 -24.0276 -11.3916 -28.8343 -21.8036 -14.6253 -27.2283 -19.2289 -17.786 -24.734 -15.9553 -20.277 -21.5912 -12.6619 -22.1402 -17.811 -9.63424 -23.4367 -13.4393 -7.15725 -24.0928 -9.7494 -5.79568 -24.4776 -5.86377 -4.98742 -24.6134 -1.885 -4.76279 -24.5157 2.08689 -5.10054 -24.1545 6.27475 -6.02245 -23.5188 10.3 -7.40531 -22.5818 14.1355 -9.11667 -21.3027 17.7744 -11.0248 -18.6048 22.9317 -14.0722 -14.8749 27.5562 -16.8764 -10.1094 31.515 -19.0627 -4.47575 34.6487 -20.3295 1.40572 36.7537 -20.5119 7.47761 37.9646 -19.6619 13.4515 38.2981 -17.857 19.1116 37.7887 -15.257 23.7879 36.6337 -12.4381 28.0397 34.8067 -9.31848 31.8112 32.2831 -6.06957 35.0328 29.052 -2.85563 37.6717 25.0401 0.259199 39.5278 20.4274 3.09485 40.4963 15.3893 5.63284 40.4903 10.1505 7.9387 39.3247 4.57746 10.3065 36.9237 -0.552687 12.7437 33.3384 -4.81298 15.393 28.7575 -7.75937 18.2839 24.372 -8.94417 20.8314 19.8014 -8.82355 23.3257 15.3193 -7.44452 25.5919 11.1257 -4.99086 27.468 6.77227 -1.18599 28.996 2.82826 3.24292 29.7672 -0.928913 7.89573 29.7563 -4.76921 12.4124 28.9709 -8.22688 15.8395 27.7309 -11.9401 18.7379 25.9844 -15.8616 20.9544 23.7604 -19.8601 22.4013 21.085 -24.2033 23.0969 17.5708 -28.099 22.9029 13.5108 -31.2297 21.969 8.92547 -33.3019 20.4681 3.91038 -34.0981 18.6456 -1.11004 -33.6746 16.5456 -6.06685 -32.1368 14.1872 -10.6748 -29.7206 11.4996 -14.6871 -26.7954 8.40121 -17.8654 -23.68 4.73257 -20.1225 -20.7493 0.465085 -21.33 -18.3472 -4.27614 -21.4221 -16.6445 -9.43752 -20.3784 -15.7796 -14.5099 -18.3406 -15.5519 -19.2705 -15.5271 -15.6147 -23.6341 -12.1233 -15.5629 -27.9245 -7.88834 -14.9158 -31.6999 -3.23294 -13.3507 -34.8233 1.68044 -10.7817 -37.0676 6.6512 -8.19284 -38.0436 10.4533 -5.2682 -38.2456 14.1298 -2.22911 -37.6183 17.6629 0.689961 -36.1523 21.0452 3.40879 -33.7494 24.4258 5.58844 -30.5899 27.5659 7.17685 -26.8406 30.3967 8.25378 -22.6653 32.8464 9.10971 -17.285 35.1747 9.89759 -11.6158 36.7046 10.9797 -5.81572 37.2428 12.5651 -0.145066 36.5863 14.7761 5.33803 34.4508 17.2563 9.87411 30.8753 19.6034 13.2137 26.095 21.4609 15.2968 20.4627 22.4164 16.0815 15.8769 22.9856 16.2221 11.1636 23.2399 15.7433 6.44512 23.2922 14.6498 1.82345 23.2519 12.6101 -3.28908 23.2536 9.75669 -7.99629 23.3587 6.16637 -12.1674 23.513 1.976 -15.7336 23.551 -2.39955 -18.5763 23.2716 -7.02557 -20.9743 22.43 -11.7513 -23.0208 20.8003 -16.3886 -24.7722 17.4676 -21.7109 -26.5231 12.712 -26.0296 -27.6335 6.89192 -28.957 -27.8708 -0.443214 -0.322637 -0.218671 -0.133711 -0.0646804 -0.0183816 0.00150006 -0.0012507 -0.0192472 -0.0450344 -0.0796887 -0.123726 -0.181121 -0.255957 -0.349939 -0.465643 -0.64053 -0.885904 -1.1379 -1.36516 -1.54482 -1.67579 -1.76728 -1.82593 -1.85626 -1.86381 -1.8503 -1.81346 -1.74967 -1.65552 -1.52935 -1.36725 -1.15301 -0.86704 -0.501916 -0.0638961 0.364308 0.722577 1.00942 1.21274 1.34182 1.40819 1.43283 1.43821 1.43891 1.44096 1.44419 1.44489 1.43697 1.41346 1.37474 1.32991 1.2974 1.29757 1.34776 1.45555 1.60785 1.77219 1.91265 2.00244 2.03039 1.99414 1.90466 1.7848 1.65828 1.55419 1.48994 1.46067 1.45454 1.45863 1.46836 1.48229 1.49998 1.51956 1.53495 1.53502 1.49751 1.36826 1.1005 0.663144 0.0349766 -0.668841 -1.26798 -1.70576 -1.97113 -2.12652 -2.2263 -2.28282 -2.30861 -2.30754 -2.28442 -2.23904 -2.16633 -2.05844 -1.90723 -1.71654 -1.47567 -1.20567 -0.955648 -0.732125 -0.131934
1.46843 -28.8246 -31.0966 -2.69745 -28.5434 -29.6028 -6.51938 -27.6408 -27.543 -9.86029 -26.212 -25.0008 -12.6413 -24.3354 -22.1009 -15.1584 -21.6383 -18.4515 -16.9422 -18.4285 -14.7849 -18.1099 -14.7049 -11.3644 -18.8041 -10.4723 -8.4436 -19.112 -6.90335 -6.69217 -19.2764 -3.11654 -5.45423 -19.3346 0.812634 -4.7777 -19.3036 4.79848 -4.67028 -19.1629 9.07182 -5.15719 -18.8724 13.239 -6.1912 -18.366 17.2484 -7.66969 -17.5548 21.0681 -9.47813 -15.5409 26.469 -12.6304 -12.2795 31.2282 -15.7727 -7.66746 35.1377 -18.343 -1.9277 37.9925 -19.7805 4.09587 39.6562 -19.719 10.1028 40.3794 -18.1536 15.6254 40.3613 -15.2285 20.4219 39.8043 -11.2612 24.0991 38.933 -7.15448 27.3254 37.6655 -2.78037 30.2603 35.8539 1.60737 33.0173 33.3021 5.7347 35.6635 29.7622 9.37175 37.9926 25.2868 12.075 39.7757 20.0758 13.6331 40.7698 14.4549 14.0555 40.7298 8.31371 13.5005 39.3405 2.41348 12.3689 36.4664 -2.91487 11.198 32.1223 -7.23585 10.5046 27.5315 -9.69354 10.6022 22.503 -10.7687 11.4299 17.5274 -10.3674 12.9159 13.0165 -8.62677 14.8521 8.65296 -5.3576 17.3089 5.03866 -1.23067 19.6902 1.79005 3.34278 21.7627 -1.55164 8.04498 23.3399 -4.71631 11.8662 24.1284 -8.30404 15.379 24.2921 -12.2714 18.4035 23.7003 -16.4413 20.8015 22.2511 -21.0221 22.6577 19.5551 -25.0618 23.6421 15.7592 -28.1172 23.8279 11.0339 -29.8401 23.3194 5.6981 -30.0835 22.2678 0.407071 -28.9972 20.709 -4.64758 -26.8115 18.6273 -9.12524 -23.8765 15.9507 -12.7833 -20.6611 12.6476 -15.4308 -17.5482 8.65047 -17.0405 -14.9461 4.04702 -17.5843 -13.1661 -0.940571 -17.1221 -12.3227 -6.23128 -15.7344 -12.411 -11.3558 -13.646 -13.1474 -16.1904 -11.0546 -14.1576 -20.7461 -8.07871 -15.125 -25.461 -4.44847 -15.4881 -29.9358 -0.42477 -14.8875 -34.0314 3.95835 -13.1533 -37.4419 8.61736 -11.0603 -39.3491 12.3714 -8.47214 -40.3874 16.1574 -5.62877 -40.3877 19.9027 -2.82969 -39.255 23.5072 -0.259548 -36.8629 27.0094 1.64897 -33.4355 30.0431 2.80375 -29.2788 32.4889 3.32475 -24.6944 34.307 3.48913 -18.9335 35.6802 3.77764 -13.0413 36.2281 4.76316 -7.20725 35.9242 6.77173 -1.77235 34.6882 9.9462 3.09937 32.3005 13.697 6.75087 28.8207 17.3516 9.20576 24.3341 20.3167 10.7052 18.9982 21.8692 11.3813 14.5609 22.8045 11.7277 9.91722 23.2236 11.7412 5.18626 23.3062 11.3534 0.453334 23.2328 10.265 -4.942 23.2405 8.32725 -10.0941 23.4599 5.48036 -14.8 23.8452 1.80959 -18.8837 24.1701 -2.26097 -22.1322 24.1843 -6.72155 -24.8398 23.5804 -11.3765 -27.119 22.0824 -15.9885 -29.0462 18.739 -21.2556 -30.9378 13.8279 -25.3891 -32.0756 7.83445 -27.9509 -32.1967 -0.0863461 0.0374538 0.144785 0.233729 0.308232 0.362213 0.39185 0.40099 0.395673 0.382878 0.363242 0.336243 0.298205 0.243609 0.166929 0.0607722 -0.11959 -0.4072 -0.722465 -1.00078 -1.19794 -1.3159 -1.37443 -1.391 -1.38102 -1.35516 -1.31683 -1.26787 -1.20947 -1.14374 -1.07283 -0.994963 -0.900515 -0.775126 -0.605653 -0.376889 -0.10822 0.172141 0.454192 0.701347 0.892359 1.01017 1.06309 1.07511 1.06633 1.05142 1.03294 1.01098 0.982531 0.946445 0.90932 0.883242 0.886524 0.937471 1.05091 1.22519 1.43079 1.62242 1.76479 1.84117 1.85016 1.79558 1.69171 1.56223 1.43031 1.32476 1.26183 1.23503 1.23046 1.23487 1.24371 1.25605 1.27219 1.2909 1.30536 1.30052 1.24373 1.06144 0.71678 0.244136 -0.289591 -0.795205 -1.2321 -1.60625 -1.88037 -2.06558 -2.19727 -2.27809 -2.31981 -2.32625 -2.30603 -2.26158 -2.18742 -2.07348 -1.90945 -1.7004 -1.43809 -1.14983 -0.888208 -0.657432 -0.40982
7.95374 -26.5157 -29.9005 3.60181 -26.7204 -29.0733 -0.613366 -26.2504 -27.7786 -4.55398 -25.1856 -26.0455 -8.12577 -23.6022 -23.9478 -11.7731 -21.1655 -21.1751 -14.842 -18.1457 -18.2783 -17.3642 -14.559 -15.5029 -19.3788 -10.4222 -13.1037 -20.5995 -6.90371 -11.679 -21.5338 -3.14993 -10.7116 -22.1745 0.759511 -10.2586 -22.5111 4.73197 -10.3342 -22.5206 8.98725 -10.9751 -22.1496 13.1209 -12.1129 -21.3856 17.0732 -13.6337 -20.1985 20.8142 -15.3984 -17.429 26.0703 -18.2032 -13.3521 30.6836 -20.4958 -8.09924 34.4499 -21.6722 -2.12487 37.1597 -21.3181 3.64676 38.6803 -19.4657 9.01423 39.2445 -16.3148 13.7133 39.0228 -12.2008 17.7335 38.1778 -7.49111 20.9007 36.9593 -3.0604 23.8502 35.2752 1.3682 26.75 33.033 5.57672 29.6946 30.1229 9.31956 32.7377 26.3776 12.3974 35.6457 21.8956 14.451 38.1569 16.8288 15.336 39.97 11.4063 15.0706 40.8225 5.45581 13.6962 40.2418 -0.298674 11.558 38.0339 -5.51142 9.11346 34.1819 -9.77269 6.87148 29.8311 -12.297 5.52075 24.8276 -13.6092 4.91244 19.6251 -13.6319 5.1565 14.6616 -12.4569 6.21007 9.63048 -9.91236 8.20434 5.4115 -6.48243 10.6946 1.82708 -2.48901 13.3347 -1.45148 1.86198 15.8016 -4.2336 5.69051 17.4871 -7.19006 9.59496 18.6066 -10.3815 13.4607 18.938 -13.7566 17.1234 18.2807 -17.5542 20.7331 16.2202 -21.0175 23.5095 12.7569 -23.7444 25.1648 8.11769 -25.3995 25.5044 2.74709 -25.8177 24.5313 -2.54804 -25.1208 22.3447 -7.43603 -23.5138 19.0991 -11.4416 -21.325 15.0194 -14.2208 -19.0039 10.4436 -15.6112 -16.9584 5.53923 -15.7604 -15.5012 0.502299 -14.8859 -14.7748 -4.50852 -13.2664 -14.7539 -9.593 -11.0807 -15.2664 -14.5232 -8.61892 -15.9876 -19.345 -5.99942 -16.5512 -24.1036 -3.23008 -16.5904 -29.174 0.0309917 -15.6941 -33.9033 3.66081 -13.7394 -37.8906 7.73841 -10.88 -40.6545 12.2694 -8.29752 -41.6638 16.0672 -5.6912 -41.523 19.9785 -3.35942 -40.1973 23.8407 -1.56103 -37.7705 27.4445 -0.412373 -34.233 30.7248 -0.0433455 -29.9906 33.2663 -0.301568 -25.3336 34.9514 -0.919077 -20.4786 35.7523 -1.70916 -14.609 35.5956 -2.02865 -8.82431 34.356 -1.47472 -3.32375 32.2259 0.126525 1.65978 29.4508 2.86994 6.18852 26.0629 6.35706 9.90171 22.38 10.1847 12.9014 18.3969 13.984 15.3008 14.0013 16.6451 16.7238 10.3337 19.0423 17.7545 6.36513 21.1447 18.2883 2.1398 22.9653 18.1957 -2.24597 24.768 17.1563 -7.34201 26.3021 15.0123 -12.1741 27.585 11.8025 -16.4579 28.5758 7.70981 -20.003 29.1534 3.25236 -22.6536 29.2495 -1.54359 -24.7074 28.7027 -6.47614 -26.3197 27.3464 -11.3407 -27.6331 24.3515 -16.978 -28.9566 19.8919 -21.6378 -29.9039 14.2538 -24.8871 -30.296 0.211149 0.316351 0.407924 0.483557 0.545667 0.587547 0.60494 0.600353 0.579976 0.551206 0.51229 0.462644 0.398253 0.315563 0.21425 0.0909332 -0.101001 -0.364488 -0.61183 -0.804916 -0.930026 -0.997921 -1.02398 -1.02016 -0.998694 -0.968976 -0.935642 -0.903053 -0.873554 -0.847246 -0.821029 -0.788152 -0.737961 -0.657311 -0.537891 -0.373349 -0.180945 0.0218537 0.235154 0.439425 0.620596 0.756741 0.840962 0.885668 0.903391 0.909723 0.912183 0.914876 0.92116 0.935421 0.963198 1.01247 1.09098 1.2039 1.35154 1.51872 1.67667 1.79804 1.86603 1.8782 1.8403 1.76198 1.66066 1.5557 1.46037 1.3874 1.34112 1.31424 1.30018 1.29377 1.29231 1.29486 1.29839 1.2945 1.26642 1.18676 0.998522 0.613803 0.0690056 -0.480525 -0.93427 -1.28758 -1.58897 -1.881 -2.13269 -2.32416 -2.47442 -2.57405 -2.62661 -2.62806 -2.58437 -2.50104 -2.381 -2.22394 -2.0293 -1.80964 -1.55795 -1.30117 -1.07799 -0.883903 -0.959943
10.7745 -19.8328 -36.3976 6.62745 -21.1719 -35.5766 2.52618 -21.9185 -34.0643 -1.35858 -22.0847 -31.932 -4.90843 -21.6815 -29.305 -8.5581 -20.4894 -25.814 -11.6616 -18.5013 -22.161 -14.2592 -15.6953 -18.6528 -16.3962 -12.0851 -15.5988 -17.7444 -8.81895 -13.7509 -18.8309 -5.21306 -12.4408 -19.6432 -1.37668 -11.7184 -20.1623 2.57425 -11.5764 -20.3667 6.85127 -12.0049 -20.1656 11.0538 -12.9089 -19.5146 15.1286 -14.1297 -18.3633 19.0435 -15.4958 -15.5615 24.6322 -17.5155 -11.451 29.5807 -18.8484 -6.25766 33.6027 -18.9656 -0.50216 36.4416 -17.5598 4.89469 37.9756 -14.8073 9.74763 38.4954 -10.9041 13.8368 38.239 -6.18511 17.2017 37.4326 -0.980925 19.7875 36.3474 3.84433 22.1968 34.8994 8.66584 24.6382 32.9817 13.3037 27.2475 30.4447 17.5349 30.1096 27.0727 21.168 33.015 22.8929 23.7853 35.6847 18.0216 25.1654 37.7777 12.6948 25.2438 39.0201 6.78519 23.9964 38.8884 1.07325 21.6771 37.1694 -4.04943 18.7062 33.8115 -8.16758 15.5775 29.8245 -10.5484 13.2191 25.0715 -11.7146 11.4371 19.9584 -11.5994 10.4526 14.9153 -10.3027 10.3433 9.61899 -7.65801 11.1912 4.99936 -4.20186 12.7658 0.899569 -0.283424 14.6639 -3.01279 3.8721 16.4501 -6.40836 7.42151 17.5038 -10.0045 10.9115 17.8588 -13.7619 14.1897 17.2475 -17.4855 17.0679 15.4899 -21.2385 19.59 12.1355 -24.0731 21.1813 7.53882 -25.5993 21.7514 2.14957 -25.6242 21.3057 -3.4628 -24.2711 19.9753 -8.51842 -21.788 17.8151 -12.7994 -18.5427 14.8693 -15.9539 -15.017 11.1934 -17.7473 -11.8047 6.97259 -18.0987 -9.34899 2.35574 -17.1433 -8.0006 -2.39088 -15.1661 -7.85505 -7.02768 -12.5705 -8.79801 -11.618 -9.62629 -10.4548 -16.0286 -6.72266 -12.3337 -20.4378 -3.95504 -13.9295 -25.0054 -1.26803 -14.815 -30.1671 1.71821 -14.3705 -35.2339 4.9547 -12.4627 -39.6563 8.58068 -9.3428 -42.8107 12.6625 -6.45284 -44.0421 16.1614 -3.53459 -44.0412 19.8485 -0.964103 -42.7854 23.5804 0.937215 -40.3844 27.1483 2.00595 -36.8638 30.4736 2.09241 -32.6671 33.1142 1.36792 -28.1079 34.9261 0.130468 -23.3988 35.8678 -1.56505 -17.7221 35.894 -2.93397 -12.0523 34.8542 -3.52701 -6.47921 32.9335 -3.10169 -1.15939 30.3606 -1.55455 4.02645 27.1627 0.85103 8.6453 23.6426 3.73917 12.7042 19.8088 6.75938 16.2225 15.5646 8.96304 18.4815 12.0152 11.0439 20.3187 8.16113 13.0027 21.6216 4.03513 14.8789 22.2651 -0.280365 17.0115 22.0536 -5.35061 19.1496 20.736 -10.2488 21.2693 18.3605 -14.739 23.2694 15.0882 -18.6878 24.9055 11.3518 -21.9421 26.1129 7.17182 -24.8228 26.6908 2.70454 -27.4568 26.4352 -1.88715 -29.9226 24.7228 -7.5153 -32.7317 21.3601 -12.6194 -34.9989 16.5504 -16.8103 -36.3416 -0.0633282 0.113436 0.267805 0.394666 0.498301 0.56904 0.602408 0.60494 0.586663 0.55842 0.519885 0.470996 0.407832 0.326506 0.226061 0.105277 -0.0702552 -0.29785 -0.505706 -0.66551 -0.765573 -0.814076 -0.823898 -0.80626 -0.773925 -0.736019 -0.696686 -0.66048 -0.629952 -0.605478 -0.584303 -0.560303 -0.524681 -0.467069 -0.381623 -0.264506 -0.128346 0.0148915 0.166624 0.314371 0.448103 0.548961 0.608769 0.635066 0.638044 0.631147 0.619544 0.606581 0.594247 0.587327 0.594823 0.630198 0.710972 0.854659 1.07324 1.34788 1.62177 1.83638 1.96553 2.00975 1.9821 1.89932 1.78837 1.67805 1.58714 1.52822 1.50054 1.49187 1.49157 1.4958 1.50438 1.51752 1.53375 1.54631 1.53951 1.48637 1.32956 0.960591 0.375214 -0.260485 -0.799068 -1.21756 -1.57424 -1.91536 -2.19843 -2.40326 -2.55595 -2.65276 -2.70326 -2.70954 -2.6821 -2.62956 -2.55526 -2.45578 -2.32276 -2.15249 -1.9222 -1.63278 -1.32991 -1.03093 -0.739182
11.6689 -15.7831 -38.4569 8.05487 -18.0243 -37.1994 4.59641 -19.8371 -35.0977 1.45934 -21.1716 -32.2616 -1.26337 -21.9677 -28.853 -3.89946 -22.1249 -24.3859 -6.02451 -21.3221 -19.7203 -7.76532 -19.4483 -15.2052 -9.24649 -16.468 -11.2238 -10.2714 -13.4888 -8.77962 -11.2116 -10.038 -7.01705 -12.0661 -6.27838 -5.99993 -12.8201 -2.37404 -5.70514 -13.4936 1.85913 -6.08569 -13.982 6.03433 -7.00651 -14.233 10.143 -8.26107 -14.1799 14.2171 -9.64582 -13.3638 20.4245 -11.6369 -11.4136 26.5806 -12.8451 -8.26775 32.3472 -12.739 -4.16795 37.1896 -11.0348 0.162302 40.5039 -7.98202 4.43826 42.3792 -3.82801 8.32754 42.886 1.03745 11.7122 42.2242 6.24926 14.3731 40.8104 10.9469 16.8262 38.7058 15.4968 19.2291 35.9383 19.7057 21.7063 32.5132 23.3499 24.3687 28.3543 26.2443 27.0885 23.6515 28.0464 29.6949 18.5871 28.6135 31.9506 13.3696 27.9421 33.6895 7.79025 25.9745 34.3687 2.44289 22.9798 33.641 -2.45517 19.3052 31.2225 -6.57879 15.4104 27.8022 -9.1144 12.4107 23.3372 -10.4884 10.108 18.2862 -10.553 8.8395 13.2121 -9.38387 8.72688 7.90559 -6.86282 9.84461 3.32186 -3.5576 11.8017 -0.78589 0.187602 14.0073 -4.83349 4.18709 15.8475 -8.41839 7.62284 16.6107 -12.1524 10.9682 16.2878 -15.8014 13.9955 14.6273 -18.974 16.456 11.6075 -21.4719 18.3125 6.9159 -22.4812 19.1345 1.43843 -21.8994 18.9783 -4.15939 -19.867 17.9565 -9.30947 -16.8285 16.2366 -13.429 -13.0715 13.8068 -16.4523 -9.02715 10.6548 -18.146 -5.22774 6.82291 -18.3478 -2.30741 2.5655 -17.0814 -0.694342 -1.84524 -14.5911 -0.619971 -6.04287 -11.3304 -1.97187 -9.79799 -7.81903 -4.50355 -13.2524 -4.31381 -7.6651 -16.509 -1.14701 -10.9393 -19.9375 1.70871 -13.8074 -23.8388 4.38912 -15.8685 -28.7089 7.28359 -16.2478 -33.908 10.3118 -14.6857 -38.7379 13.5641 -11.3838 -42.3589 17.0756 -8.01324 -43.8478 19.9969 -4.39538 -43.9253 22.9995 -1.01758 -42.5368 25.9616 1.66795 -39.8218 28.7051 3.40855 -35.8719 31.1468 3.92057 -31.2805 32.9497 3.34689 -26.4752 34.0332 1.99359 -21.719 34.4092 -0.173184 -16.219 34.0145 -2.37191 -10.8466 32.8294 -4.13542 -5.50281 30.9758 -5.13646 -0.180483 28.5733 -5.20575 5.32822 25.5463 -4.30338 10.5136 22.1097 -2.6274 15.2001 18.2702 -0.412017 19.2251 13.9801 1.49765 21.7123 10.4129 3.56086 23.631 6.58927 5.75946 24.8929 2.57279 8.08948 25.4273 -1.53131 10.9384 25.0958 -6.22959 13.8975 23.775 -10.6792 16.8629 21.5745 -14.7613 19.6841 18.6457 -18.4712 22.0502 15.3329 -21.7355 23.922 11.6057 -24.8713 25.0805 7.56397 -27.9617 25.3125 3.32444 -30.9951 24.0946 -2.03255 -34.5049 21.1707 -7.17045 -37.2531 16.8379 -11.8185 -38.7095 -0.619952 -0.348546 -0.106866 0.0932623 0.256905 0.369892 0.427683 0.442921 0.43086 0.407 0.37364 0.332296 0.281026 0.218207 0.143558 0.055741 -0.0710588 -0.237175 -0.392432 -0.516254 -0.597318 -0.638284 -0.646526 -0.62909 -0.596006 -0.555822 -0.513671 -0.476662 -0.451115 -0.441717 -0.448533 -0.466034 -0.485427 -0.492591 -0.472732 -0.414451 -0.320508 -0.202863 -0.0636369 0.0819343 0.217934 0.317151 0.367186 0.376976 0.362462 0.340023 0.314053 0.287814 0.262729 0.245954 0.252045 0.302627 0.42514 0.644036 0.969307 1.35435 1.70428 1.95133 2.08331 2.11249 2.0557 1.93281 1.78176 1.6438 1.54294 1.49057 1.48062 1.49669 1.52269 1.55281 1.58931 1.63236 1.68186 1.73287 1.77212 1.77689 1.70169 1.4322 0.893759 0.173012 -0.531174 -1.08374 -1.50938 -1.85539 -2.10086 -2.26006 -2.3707 -2.43812 -2.47342 -2.4814 -2.47054 -2.44646 -2.40793 -2.34602 -2.24651 -2.09814 -1.87106 -1.54747 -1.16811 -0.756037 0.206112
13.6787 -11.2833 -40.4647 10.4734 -14.0836 -39.2199 7.53703 -16.6177 -37.0703 5.02668 -18.7931 -34.1324 3.01818 -20.5054 -30.5688 1.29721 -21.7822 -25.8426 0.124759 -22.1083 -20.7981 -0.690631 -21.3304 -15.7327 -1.35886 -19.3522 -10.9822 -1.90274 -17.0233 -7.79149 -2.53366 -14.0777 -5.17917 -3.28469 -10.6586 -3.2699 -4.15845 -6.94277 -2.11739 -5.21237 -2.79234 -1.69156 -6.33158 1.35206 -1.99153 -7.45311 5.41845 -2.84274 -8.50568 9.41144 -4.05381 -9.8232 15.468 -6.23222 -10.4697 21.7153 -8.15936 -10.1213 28.1953 -9.18457 -8.56653 34.5614 -8.71924 -6.01926 39.8538 -6.58461 -2.75948 43.707 -2.89912 0.74269 45.6891 1.88225 4.09022 45.7647 7.15905 6.79946 44.4356 11.8537 9.25592 42.0425 16.2569 11.5647 38.8177 20.1835 13.8522 34.947 23.4901 16.272 30.4663 26.1035 18.7912 25.6188 27.8116 21.3436 20.5473 28.538 23.7771 15.3736 28.2663 26.0108 9.78853 26.9092 27.4787 4.27338 24.5743 27.7415 -1.04642 21.4671 26.3475 -5.90055 17.9291 23.6479 -9.26979 15.016 19.6434 -11.5743 12.612 14.7464 -12.5123 11.1068 9.57936 -12.014 10.6836 4.02421 -9.91519 11.3899 -0.767578 -6.64594 12.8446 -4.8847 -2.58637 14.3725 -8.59729 2.01725 15.2605 -11.5171 6.09513 14.9707 -14.1581 10.0743 13.4119 -16.2785 13.5658 10.4877 -17.5874 16.1871 6.40686 -17.8381 17.8088 1.02129 -16.73 18.026 -4.49435 -14.3805 17.0399 -9.51492 -11.0267 15.1261 -13.6122 -7.14642 12.6379 -16.4252 -2.93183 9.64821 -17.9933 1.24568 6.23471 -18.232 4.94937 2.46068 -17.137 7.67204 -1.50754 -14.8791 9.08118 -5.56035 -11.741 8.96454 -9.49182 -8.16495 7.38445 -13.1366 -4.63274 4.51674 -16.5837 -1.38886 0.89033 -19.815 1.26396 -3.00076 -23.0959 3.43783 -6.69146 -26.7077 5.42891 -9.93664 -31.191 7.81911 -11.7213 -36.0693 10.8789 -11.5239 -40.6503 14.793 -9.28499 -43.8929 19.3556 -6.50018 -44.8422 23.0236 -3.33456 -44.1606 26.433 -0.368295 -41.9179 29.3111 1.90732 -38.4271 31.4896 3.23549 -33.8862 32.9762 3.39035 -28.9825 33.6999 2.52472 -24.1004 33.798 0.922948 -19.4225 33.4163 -1.53099 -14.1127 32.4746 -4.05552 -8.93306 31.0964 -6.19859 -3.70909 29.3023 -7.60163 1.603 27.0854 -8.04818 7.205 24.2691 -7.38718 12.5196 20.9782 -5.76275 17.2844 17.2137 -3.39605 21.2842 12.9813 -1.24664 23.6895 9.49519 1.14958 25.4974 5.81441 3.7551 26.6594 2.01711 6.54249 27.1462 -1.79756 9.95243 26.8654 -6.1096 13.4675 25.7299 -10.1906 16.9533 23.8366 -14.0069 20.2356 21.2994 -17.6249 22.963 18.3977 -20.9968 25.1016 15.0942 -24.4235 26.4195 11.4751 -27.944 26.7131 7.6437 -31.4742 25.4942 2.73386 -35.586 22.6055 -2.14029 -38.8107 18.454 -6.84661 -40.5754 -1.25057 -0.904028 -0.583539 -0.311685 -0.0855667 0.0755236 0.165388 0.201251 0.201393 0.186216 0.161129 0.129187 0.0904538 0.045122 -0.0068598 -0.0679633 -0.160624 -0.293782 -0.432275 -0.552256 -0.635185 -0.678554 -0.687404 -0.668187 -0.632195 -0.589803 -0.547674 -0.513517 -0.493515 -0.492228 -0.509976 -0.541971 -0.580212 -0.608811 -0.607678 -0.560138 -0.465898 -0.34055 -0.189521 -0.0323397 0.111764 0.212457 0.26087 0.27274 0.26918 0.265851 0.269178 0.282651 0.309797 0.357217 0.432966 0.554752 0.74547 1.02481 1.39047 1.77968 2.10321 2.31811 2.43072 2.46058 2.42345 2.32751 2.18651 2.02233 1.85819 1.72158 1.62997 1.57673 1.55313 1.54855 1.55813 1.58216 1.62138 1.67356 1.72726 1.76013 1.73043 1.52432 1.04929 0.341739 -0.419382 -1.02733 -1.46731 -1.7953 -2.01412 -2.153 -2.25067 -2.31398 -2.35394 -2.37602 -2.38627 -2.38771 -2.37505 -2.33648 -2.25718 -2.12644 -1.9163 -1.603 -1.2127 -0.754055 0.910659
17.9472 -5.90071 -42.3531 14.7491 -8.88327 -41.6172 11.726 -11.6447 -39.9142 9.07557 -14.0746 -37.3188 6.92814 -16.0521 -33.9806 5.11045 -17.6445 -29.3884 3.95993 -18.3111 -24.3724 3.29324 -17.9294 -19.2403 2.87132 -16.4143 -14.2952 2.54382 -14.4613 -10.8342 2.1164 -11.8663 -7.83721 1.51821 -8.7268 -5.45285 0.715534 -5.19234 -3.79079 -0.371893 -1.13522 -2.85523 -1.63961 2.976 -2.75969 -3.01204 7.00909 -3.36667 -4.40551 10.924 -4.48487 -6.41203 16.7495 -6.76534 -7.99775 22.7353 -8.95984 -8.88893 29.115 -10.2514 -8.8478 35.6718 -9.8428 -7.87437 41.3458 -7.41113 -6.16638 45.5391 -3.10363 -4.08156 47.5906 2.41906 -1.97027 47.3968 8.29791 -0.212946 45.6165 13.2868 1.41941 42.6863 17.7476 3.01202 38.9432 21.5686 4.6763 34.6465 24.7178 6.55054 29.8622 27.2397 8.63556 24.8431 29.0355 10.9014 19.6944 30.0934 13.2457 14.4818 30.4025 15.6653 8.83334 29.8869 17.6709 3.1743 28.481 18.8577 -2.42706 26.1917 18.7364 -7.76204 23.102 17.2474 -11.7205 20.0623 14.3611 -14.7434 16.9545 10.2558 -16.3961 14.2085 5.44176 -16.4244 12.221 -0.120924 -14.542 11.091 -4.99414 -11.078 10.9596 -8.88649 -6.54676 11.2467 -11.8101 -1.32974 11.2208 -13.5466 3.31135 10.3944 -14.568 7.85399 8.50784 -14.7771 11.843 5.46127 -14.1074 14.8044 1.45881 -12.3478 16.5243 -3.60506 -9.6769 16.5061 -8.56121 -6.30367 15.0047 -12.8116 -2.43538 12.41 -15.9742 1.54548 9.24598 -17.7914 5.56943 5.68629 -18.3356 9.36189 1.911 -17.611 12.5958 -1.97499 -15.7135 14.8928 -5.85645 -12.9 16.0125 -9.7547 -9.46362 15.7793 -13.619 -5.82069 14.223 -17.388 -2.4104 11.4671 -21.1715 0.542232 7.9979 -24.8571 2.78064 4.27995 -28.5762 4.50573 0.719485 -32.4763 6.16165 -2.55325 -36.9525 8.52755 -4.69893 -41.2988 12.1122 -5.31549 -44.664 17.076 -4.39683 -46.0477 22.8713 -2.98002 -45.3396 27.2987 -1.38751 -43.1058 31.1176 -0.062919 -39.6527 34.0215 0.653794 -35.4059 35.9088 0.555908 -30.5394 36.858 -0.430926 -25.6797 36.9146 -2.15557 -21.0729 36.2849 -4.36565 -16.7821 35.1451 -7.25579 -11.965 33.2626 -9.90698 -7.22225 30.9008 -11.8328 -2.35942 28.1179 -12.6498 2.62256 25.0174 -12.1301 7.83786 21.547 -10.3204 12.7229 18.0295 -7.56654 17.1213 14.4821 -4.23449 20.985 10.8103 -1.50822 23.5318 7.8711 1.33741 25.7201 4.76105 4.28888 27.4837 1.48431 7.35538 28.7359 -1.91961 11.0525 29.4373 -5.937 14.8524 29.2366 -9.9145 18.6242 28.1126 -13.7628 22.1764 26.1272 -17.4696 25.1339 23.5599 -20.9178 27.4858 20.4527 -24.388 29.0258 16.9444 -27.9305 29.579 13.1803 -31.5018 28.7526 8.32199 -35.7695 26.2964 3.46369 -39.3561 22.5196 -1.29791 -41.7145 -1.65022 -1.28258 -0.930597 -0.623382 -0.361389 -0.168356 -0.0547653 -0.00310864 0.00538019 -0.00518756 -0.0273504 -0.0572463 -0.0941775 -0.137615 -0.187248 -0.244965 -0.330905 -0.444961 -0.546591 -0.610551 -0.626794 -0.602501 -0.547362 -0.472055 -0.393043 -0.320462 -0.258319 -0.212394 -0.185764 -0.180094 -0.194065 -0.223257 -0.262052 -0.298697 -0.316146 -0.298696 -0.242096 -0.159108 -0.0560388 0.0516825 0.1496 0.21444 0.24285 0.251152 0.260561 0.283259 0.329387 0.405303 0.521753 0.688342 0.901384 1.16252 1.46857 1.81456 2.17881 2.5065 2.74881 2.89632 2.96605 2.97804 2.94538 2.86961 2.74662 2.57194 2.34757 2.10147 1.88251 1.70602 1.5829 1.49991 1.44139 1.40826 1.40006 1.41411 1.43374 1.42197 1.30008 0.890134 0.168721 -0.551315 -1.06501 -1.4167 -1.70072 -1.97225 -2.20733 -2.38821 -2.53521 -2.64147 -2.71338 -2.75018 -2.75797 -2.74452 -2.71195 -2.65631 -2.5689 -2.44222 -2.24924 -1.96579 -1.60565 -1.16361 0.908617
19.7343 1.49279 -45.7262 16.9687 -1.93055 -45.1806 14.3475 -5.15391 -43.6302 12.0693 -8.04171 -41.1531 10.2694 -10.4649 -37.9044 8.83539 -12.5731 -33.3847 8.05544 -13.7854 -28.3997 7.7478 -14.0193 -23.2249 7.65702 -13.2062 -18.1005 7.53776 -11.8313 -14.3595 7.2471 -9.80483 -10.9378 6.67667 -7.17011 -7.99977 5.75943 -4.0337 -5.7149 4.37337 -0.279557 -4.13284 2.64327 3.61387 -3.52782 0.692427 7.43765 -3.82834 -1.3426 11.089 -4.85026 -4.37869 16.3656 -7.32053 -7.05232 21.7625 -9.94454 -9.13721 27.7338 -11.7217 -10.3924 34.1821 -11.6594 -10.6795 39.9708 -9.32204 -10.1768 44.3806 -4.92248 -9.1899 46.7288 0.78428 -8.05418 46.9577 6.92544 -7.08395 45.6751 12.2696 -6.1847 43.3177 17.2479 -5.29579 40.1553 21.7598 -4.3144 36.3722 25.744 -3.1063 31.9768 29.2056 -1.62233 27.1673 31.9314 0.146175 22.0583 33.811 2.13741 16.7765 34.7598 4.38981 11.0365 34.7013 6.5345 5.37284 33.5408 8.29397 -0.109934 31.3345 9.32864 -5.29195 28.1564 9.33116 -9.27217 24.7972 8.30319 -12.6434 20.9624 6.11624 -15.0672 16.9042 2.86157 -16.1853 12.9949 -1.71528 -15.5899 9.1921 -6.38146 -13.0534 6.44313 -10.37 -8.97532 4.64706 -13.1759 -3.86453 3.31612 -14.3946 0.842021 2.05062 -14.4564 5.5537 0.308677 -13.3262 9.81214 -2.10508 -11.0993 13.1218 -5.15882 -7.59922 15.2458 -9.02341 -3.4708 15.5306 -12.8408 0.902606 14.1556 -16.109 5.27809 11.4997 -18.4541 9.34783 8.14231 -19.6053 13.1778 4.33592 -19.5549 16.6114 0.368328 -18.2786 19.4426 -3.55197 -15.8755 21.4244 -7.26675 -12.6303 22.4205 -10.8481 -8.83028 22.3124 -14.3824 -4.86101 21.0931 -17.9719 -1.13456 18.7953 -21.8308 2.09914 15.766 -25.8208 4.45137 12.38 -29.9164 5.99775 8.93478 -34.0986 7.12433 5.30503 -38.6932 8.55928 1.94499 -43.0317 11.0557 -0.926184 -46.404 15.1457 -3.02207 -47.8612 20.6072 -4.03627 -47.2311 25.1551 -4.58164 -45.0853 29.3034 -4.87982 -41.7403 32.5948 -5.19614 -37.6132 34.8258 -5.79259 -32.8403 36.033 -6.81176 -27.9902 36.2099 -8.2682 -23.2955 35.5526 -10.0478 -18.854 34.2487 -12.3229 -13.8527 32.0324 -14.315 -9.01123 29.2588 -15.5687 -4.17989 26.0671 -15.7332 0.653342 22.6447 -14.5899 5.65258 19.0097 -12.2758 10.3735 15.5645 -9.1681 14.7771 12.3298 -5.64239 18.9108 9.16833 -2.8719 21.8714 6.6951 -0.0575038 24.6581 4.07368 2.80723 27.1886 1.25445 5.75898 29.3434 -1.77908 9.32659 31.2001 -5.53738 13.0398 32.1836 -9.47998 16.7887 32.1891 -13.5105 20.3856 31.2252 -17.5643 23.4484 29.5116 -21.4258 25.9749 27.1484 -25.3323 27.7762 24.2705 -29.2948 28.6919 20.999 -33.2556 28.4543 16.5068 -37.9739 26.6863 11.6836 -41.9879 23.6234 6.63193 -44.7444 -1.86192 -1.42681 -1.01674 -0.666381 -0.37248 -0.156036 -0.026094 0.035919 0.0485152 0.0386757 0.0149911 -0.0178208 -0.0583828 -0.105759 -0.15944 -0.221839 -0.315728 -0.436014 -0.526872 -0.55611 -0.523806 -0.449589 -0.348723 -0.235052 -0.126265 -0.0286367 0.0586783 0.13164 0.186935 0.220103 0.228104 0.21137 0.171845 0.116094 0.0576809 0.0105634 -0.0118528 -0.0119864 0.00526486 0.0325583 0.0608977 0.0694707 0.0545971 0.0277803 0.0112329 0.0178598 0.0617879 0.158159 0.332221 0.613325 0.998417 1.46426 1.95011 2.40352 2.79082 3.08214 3.26716 3.36058 3.38927 3.37942 3.34932 3.30568 3.24117 3.13153 2.93845 2.63929 2.28952 1.95519 1.69699 1.50605 1.34894 1.22411 1.12683 1.05389 0.989609 0.896704 0.689064 0.218063 -0.460819 -1.05279 -1.44594 -1.70936 -1.93628 -2.18965 -2.44915 -2.67452 -2.87341 -3.0252 -3.1324 -3.1914 -3.21157 -3.20691 -3.1841 -3.14149 -3.0703 -2.95979 -2.77844 -2.49049 -2.09833 -1.59048 0.771838
20.5864 6.4264 -45.3898 18.8733 2.37965 -44.7942 17.195 -1.44616 -43.3071 15.6873 -4.90925 -40.9834 14.4488 -7.87849 -37.9314 13.4038 -10.5824 -33.6273 12.7767 -12.3329 -28.7826 12.463 -13.0452 -23.6521 12.2824 -12.6716 -18.4795 12.0733 -11.636 -14.6345 11.6846 -9.96654 -11.0343 11.0006 -7.7114 -7.81784 9.93017 -4.96358 -5.13404 8.29446 -1.60945 -2.99114 6.18528 1.92646 -1.73941 3.70669 5.42656 -1.38849 1.0052 8.74625 -1.83522 -3.25521 13.3932 -3.68361 -7.35614 17.9087 -6.1237 -11.0969 22.8627 -8.27444 -14.2357 28.5605 -9.19322 -16.358 34.3451 -8.15007 -17.4283 39.6133 -4.96325 -17.5029 43.4098 0.000195716 -16.8913 45.1948 5.95797 -16.0822 45.094 11.479 -15.2249 43.6352 16.7974 -14.403 41.1248 21.7137 -13.601 37.8272 26.1445 -12.7223 33.8274 30.1434 -11.6895 29.3414 33.5452 -10.4287 24.4724 36.2776 -8.91714 19.3134 38.2429 -7.05786 13.5447 39.3784 -5.10021 7.69736 39.3635 -3.26989 1.95008 38.0818 -1.86351 -3.45027 35.4585 -1.26562 -7.47303 32.2048 -1.39472 -10.7063 28.1236 -2.34839 -12.8451 23.4714 -4.07478 -13.6553 18.6248 -6.72737 -12.8721 13.3226 -9.59516 -10.466 8.65877 -12.1416 -6.83458 4.64713 -13.8814 -2.42619 0.999687 -14.3854 1.50743 -2.08428 -13.8035 5.29091 -5.33769 -12.0398 8.50586 -8.7715 -9.1802 10.7523 -12.2377 -5.0039 11.8165 -15.8603 -0.28455 11.3187 -18.8896 4.55507 9.49352 -21.1135 9.25648 6.68984 -22.4304 13.5208 3.39663 -22.7924 17.4727 -0.239963 -22.2289 21.0136 -4.02121 -20.7042 23.9868 -7.78735 -18.2271 26.1622 -11.3671 -14.9543 27.3989 -14.7657 -11.0583 27.5584 -17.9984 -6.84136 26.5998 -21.141 -2.66245 24.5024 -24.423 1.26915 21.5132 -27.8084 4.4681 17.9471 -31.3278 6.81899 14.0959 -34.9466 8.46304 9.76801 -38.8947 9.88666 5.34601 -42.6057 11.6242 0.875215 -45.5944 14.349 -3.36051 -47.1196 18.3586 -6.14945 -46.8194 22.1324 -8.23825 -45.1161 25.9853 -9.59081 -42.1986 29.416 -10.3766 -38.4055 32.0816 -10.8998 -33.8274 33.9149 -11.4441 -28.9709 34.7584 -12.2397 -24.0763 34.7065 -13.3561 -19.3154 33.8812 -14.9839 -13.925 32.0388 -16.5537 -8.84222 29.4308 -17.5964 -3.97757 26.214 -17.7075 0.714318 22.5982 -16.6127 5.46571 18.6311 -14.4158 9.9586 14.8234 -11.5094 14.2721 11.2937 -8.32009 18.548 7.96848 -5.92436 21.8038 5.475 -3.58842 25.0518 2.91528 -1.27832 28.2023 0.214242 1.09584 31.1197 -2.68576 4.04981 34.0013 -6.32856 7.3039 36.0831 -10.2498 10.803 37.1582 -14.3607 14.3652 37.1391 -18.5572 17.5725 36.1452 -22.5513 20.3968 34.2991 -26.5317 22.6457 31.7173 -30.4694 24.1703 28.5087 -34.2916 24.9361 23.7635 -38.6958 24.4424 18.3577 -42.306 22.8746 12.4883 -44.6707 -1.83805 -1.31735 -0.863171 -0.501698 -0.213004 -0.00392597 0.123028 0.186092 0.200827 0.192373 0.169189 0.136593 0.0975025 0.055205 0.0125045 -0.0318358 -0.0951115 -0.182233 -0.26305 -0.300433 -0.276046 -0.202483 -0.0942433 0.0341911 0.163625 0.285029 0.399241 0.501355 0.588098 0.65481 0.697466 0.714676 0.70593 0.670833 0.614057 0.542518 0.470525 0.403913 0.339528 0.278505 0.218058 0.14934 0.0764233 0.00534199 -0.0481796 -0.078821 -0.0790038 -0.0330012 0.0883185 0.33533 0.736807 1.27603 1.83996 2.32616 2.70902 2.99172 3.18338 3.29635 3.3465 3.35167 3.32955 3.2934 3.2466 3.17454 3.03744 2.77818 2.39902 1.97248 1.61999 1.3581 1.1415 0.965203 0.821273 0.708171 0.61605 0.515493 0.331127 -0.0838899 -0.754256 -1.40212 -1.82693 -2.08045 -2.28179 -2.52024 -2.79313 -3.04963 -3.28468 -3.46335 -3.58406 -3.64253 -3.65461 -3.63893 -3.60381 -3.54753 -3.45989 -3.32843 -3.1138 -2.76759 -2.2777 -1.62249 0.854213
26.5487 7.08912 -43.464 25.8204 2.7435 -42.9632 24.8894 -1.40902 -41.7164 23.8365 -5.22106 -39.71 22.7408 -8.53874 -36.9791 21.4901 -11.6052 -32.984 20.3328 -13.619 -28.3436 19.2686 -14.4771 -23.3377 18.2253 -14.1667 -18.2639 17.3417 -13.1778 -14.5034 16.306 -11.5958 -10.9929 15.0289 -9.50224 -7.84877 13.4325 -7.00174 -5.18448 11.3013 -3.99328 -2.96528 8.74878 -0.844213 -1.52085 5.84755 2.26922 -0.883034 2.71765 5.22011 -1.00092 -2.23094 9.31412 -2.38392 -7.08602 13.1584 -4.57712 -11.7147 17.2289 -6.85068 -16.0262 21.933 -8.41374 -19.6623 27.0149 -8.49907 -22.6063 32.2305 -6.71422 -24.6741 36.7999 -2.98598 -25.8481 39.9684 2.2712 -26.2697 41.2594 7.6843 -26.2555 41.0697 13.2621 -25.9403 39.5712 18.629 -25.3972 37.0117 23.5587 -24.6129 33.5342 28.0369 -23.5613 29.4037 31.8574 -22.1932 24.7854 34.9495 -20.4802 19.82 37.2239 -18.2715 14.2401 38.6421 -15.7846 8.60208 38.8693 -13.1951 3.10495 37.8205 -10.7375 -2.03845 35.4691 -8.96841 -5.93231 32.4967 -7.64113 -9.24444 28.7026 -6.88046 -11.7972 24.2269 -6.7438 -13.416 19.2785 -7.29978 -13.9603 13.349 -8.36936 -13.0406 7.53736 -9.54868 -10.7644 2.13431 -10.3456 -7.39174 -2.73957 -10.3289 -4.00185 -6.4472 -9.42186 -0.407575 -9.83786 -7.4509 3.02041 -12.9366 -4.39404 5.87 -15.7247 0.110932 7.92605 -18.4033 5.30125 8.46203 -20.5176 10.6383 7.43903 -21.9899 15.6822 5.06421 -22.7755 20.0004 1.82258 -22.8496 23.7002 -2.05864 -22.2115 26.7302 -6.30099 -20.8034 29.0393 -10.6517 -18.59 30.5444 -14.8216 -15.6565 31.2254 -18.7131 -12.0996 31.0474 -22.2418 -8.12776 30.015 -25.4199 -3.99346 28.0801 -28.4503 0.213941 25.3567 -31.3291 4.07732 21.9678 -34.1516 7.4209 18.0518 -36.9274 10.1761 13.3226 -39.7896 12.5818 8.19943 -42.2309 14.6161 2.7542 -43.879 16.611 -2.82831 -44.2919 18.8494 -7.01471 -43.5026 20.8398 -10.7925 -41.6888 22.9726 -13.9658 -38.9486 25.1017 -16.4691 -35.4793 27.053 -18.4629 -31.2653 28.7443 -19.9786 -26.6876 29.9022 -21.2022 -21.9065 30.3894 -22.2446 -17.0673 30.0903 -23.2477 -11.418 28.6144 -23.8015 -6.15378 25.9532 -23.6289 -1.46166 22.3402 -22.5048 2.60314 18.1793 -20.2158 6.34701 13.6787 -16.9894 9.81512 9.54673 -13.2104 13.3858 6.0139 -9.32811 17.3499 3.06007 -6.56843 20.6613 1.06611 -4.03079 24.1812 -0.864702 -1.68534 27.7768 -2.89657 0.579461 31.2678 -5.18591 3.28192 34.9121 -8.30273 6.24286 37.758 -11.9677 9.49464 39.4719 -16.0649 12.9166 39.8618 -20.3588 16.1272 39.0104 -24.3831 19.1204 37.0997 -28.2064 21.7491 34.3098 -31.7469 23.91 30.8123 -34.9605 25.8578 25.6556 -38.4411 26.9206 19.8354 -41.179 27.1178 13.5626 -42.9432 -1.67266 -1.11905 -0.682233 -0.359244 -0.112919 0.0617348 0.165973 0.215616 0.223905 0.212154 0.187196 0.154007 0.115612 0.0759121 0.0383866 0.00255784 -0.0445374 -0.106652 -0.166272 -0.190522 -0.150627 -0.0514912 0.0929005 0.26409 0.436624 0.596295 0.743859 0.87261 0.979113 1.05909 1.10881 1.12658 1.11016 1.05617 0.968615 0.856056 0.740613 0.632769 0.528524 0.430798 0.33852 0.240705 0.138636 0.0333515 -0.0604447 -0.135819 -0.188244 -0.199707 -0.138522 0.0704823 0.526591 1.30365 2.17038 2.80866 3.20869 3.45148 3.58948 3.65003 3.65001 3.60525 3.53204 3.44658 3.3586 3.26171 3.12565 2.89979 2.5483 2.09068 1.67002 1.34936 1.08868 0.88063 0.706974 0.553917 0.403173 0.220444 -0.0783948 -0.619536 -1.34434 -1.95363 -2.30459 -2.47088 -2.57766 -2.73453 -2.98702 -3.28964 -3.6153 -3.8803 -4.05444 -4.12349 -4.11671 -4.06767 -3.99595 -3.90756 -3.79673 -3.65222 -3.42689 -3.05516 -2.48837 -1.68549 0.74557
27.8229 8.35555 -43.8106 27.9992 3.96445 -43.2167 27.8394 -0.28546 -41.9606 27.3867 -4.24676 -40.0193 26.6996 -7.76476 -37.4083 25.6805 -11.1254 -33.5878 24.5182 -13.4809 -29.1125 23.2653 -14.7014 -24.227 21.9167 -14.7458 -19.2163 20.7645 -14.012 -15.4701 19.4575 -12.6673 -11.9511 17.9266 -10.7956 -8.78061 16.1065 -8.50537 -6.07105 13.7734 -5.71272 -3.77414 11.0561 -2.76569 -2.2092 8.01263 0.165784 -1.39586 4.7422 2.9601 -1.27712 -0.463386 6.86315 -2.18831 -5.6783 10.5155 -3.80863 -10.7938 14.2851 -5.47714 -15.7484 18.4663 -6.54052 -20.221 22.8299 -6.43856 -24.3424 27.2623 -4.88197 -28.0087 31.2348 -1.74622 -31.1388 34.1662 2.79968 -33.4312 35.5298 7.70183 -35.2062 35.5752 12.9929 -36.4422 34.3705 18.3003 -37.133 32.1167 23.3591 -37.275 28.9686 28.1373 -36.8396 25.2051 32.4279 -35.8156 20.9987 36.1722 -34.1908 16.4703 39.2733 -31.7749 11.3503 41.717 -28.7285 6.13877 42.9755 -25.2077 1.07957 42.7974 -21.478 -3.50554 41.0399 -18.4211 -6.75622 38.3538 -15.6604 -9.26466 34.7187 -13.3495 -10.9425 30.3632 -11.5625 -11.7781 25.5429 -10.1377 -11.7575 19.7348 -9.221 -10.8165 13.9004 -8.53793 -9.10402 8.21134 -7.73193 -6.78597 2.75771 -6.65441 -4.53043 -1.60004 -4.99083 -2.16632 -5.70879 -2.57727 0.0755611 -9.5018 0.644432 1.91651 -12.8885 5.10937 3.1643 -16.083 10.1701 3.24445 -18.5487 15.3956 2.02194 -20.251 20.3656 -0.440285 -21.2177 24.6063 -3.77134 -21.5022 28.1812 -7.80581 -21.1818 31.0349 -12.2924 -20.2393 33.1521 -16.9908 -18.6264 34.5039 -21.5977 -16.3443 35.1059 -25.9766 -13.3909 34.9367 -29.954 -9.868 33.9917 -33.4268 -5.9558 32.2021 -36.4891 -1.70742 29.6294 -39.0506 2.46998 26.3302 -41.2001 6.35915 22.3816 -42.9924 9.79822 17.4598 -44.5124 12.9304 12.0491 -45.4341 15.4244 6.34809 -45.5126 17.3838 0.625835 -44.4765 18.9736 -3.61209 -42.7648 20.0785 -7.45831 -40.2686 21.1209 -10.7737 -37.0901 22.129 -13.5146 -33.3936 23.0953 -15.8531 -29.1189 24.0184 -17.7922 -24.6121 24.7406 -19.5133 -19.9758 25.1094 -21.133 -15.2919 24.9335 -22.9248 -9.76787 23.7614 -24.309 -4.53603 21.3508 -24.8733 0.172476 17.7997 -24.2393 4.23685 13.5363 -22.1016 7.93533 8.92521 -18.6781 11.3614 4.91889 -14.5221 14.9773 1.89187 -10.3112 19.1381 -0.221487 -7.45572 22.7065 -1.51329 -4.99182 26.5513 -2.81834 -2.88787 30.4932 -4.42816 -1.00458 34.2839 -6.58246 1.12882 38.112 -9.91292 3.45537 40.8683 -14.0708 6.08002 42.2117 -18.7188 8.96255 42.0606 -23.4058 11.8225 40.6918 -27.5499 14.6888 38.375 -31.2438 17.4611 35.3434 -34.4613 20.0546 31.7636 -37.234 22.9307 26.6647 -40.1027 25.2611 20.9747 -42.2692 26.9194 14.8078 -43.5801 -1.53076 -0.957489 -0.574989 -0.314717 -0.120385 0.0207763 0.108434 0.151895 0.159454 0.148476 0.124802 0.0931308 0.0568788 0.0209673 -0.00969454 -0.0335952 -0.0556694 -0.0671423 -0.0590556 -0.0154769 0.0814872 0.236493 0.449876 0.706272 0.966284 1.20045 1.40492 1.56968 1.69497 1.78311 1.83624 1.85411 1.82925 1.74597 1.59714 1.39002 1.17 0.969355 0.789829 0.641081 0.522098 0.425095 0.343197 0.26588 0.19533 0.134 0.0848111 0.0639998 0.101344 0.27066 0.67409 1.39923 2.23711 2.85521 3.23421 3.46136 3.59413 3.65904 3.66743 3.62699 3.54683 3.44007 3.3203 3.18923 3.0248 2.78991 2.45321 2.02106 1.62113 1.31896 1.08383 0.91116 0.783112 0.684236 0.592799 0.471878 0.233719 -0.312107 -1.19376 -1.93434 -2.27787 -2.36958 -2.38853 -2.48087 -2.75219 -3.15491 -3.61148 -3.94755 -4.12401 -4.15962 -4.1179 -4.04572 -3.96883 -3.89525 -3.8207 -3.73133 -3.57868 -3.2611 -2.62139 -1.49994 1.02394
26.7286 10.8156 -45.3644 27.7411 6.73318 -43.9591 28.3523 2.79756 -42.0092 28.5619 -0.885768 -39.5485 28.3835 -4.21515 -36.6246 27.7102 -7.53941 -32.6972 26.5729 -10.123 -28.3429 25.0029 -11.8687 -23.7151 23.0203 -12.7267 -18.997 21.2179 -12.7885 -15.4407 19.174 -12.3602 -12.0438 16.886 -11.4932 -8.89537 14.3558 -10.2538 -6.07377 11.3691 -8.58056 -3.46636 8.15256 -6.64511 -1.36249 4.76544 -4.51595 0.222401 1.28453 -2.23186 1.31077 -4.03562 1.53573 2.12547 -9.08826 5.73308 2.2431 -13.6625 10.4455 2.0669 -17.6782 15.6451 2.03761 -21.0808 20.8614 2.55456 -24.32 26.0215 3.94627 -27.6835 30.6479 6.46399 -31.3308 34.1282 10.1573 -34.7541 35.7745 14.2459 -38.0935 35.8122 18.7173 -41.0695 34.3033 23.1911 -43.4572 31.5206 27.3986 -45.1472 27.697 31.3082 -45.9739 23.2158 34.772 -45.8593 18.3361 37.7617 -44.7318 13.2812 40.1987 -42.3427 7.90439 42.0441 -38.7909 2.93034 42.8607 -34.3004 -1.27666 42.4615 -29.2642 -4.41036 40.7764 -24.9492 -6.10635 38.4036 -20.8662 -6.94295 35.28 -17.2291 -7.03181 31.553 -14.1596 -6.54054 27.3741 -11.3618 -5.48962 22.1941 -9.20978 -4.17707 16.7709 -7.43233 -2.81095 11.2266 -5.65796 -1.54768 5.65701 -3.85783 -0.66488 1.05065 -1.57106 -0.0210908 -3.3759 1.32426 0.304259 -7.4685 4.83256 0.233424 -11.0637 9.35561 -0.395372 -14.3567 14.2486 -1.67384 -16.8309 19.2276 -3.65252 -18.5609 24.0321 -6.36674 -19.6779 28.2611 -9.67059 -20.2784 31.9349 -13.6244 -20.453 34.895 -18.1314 -20.1606 37.0158 -23.0226 -19.3019 38.2059 -27.9786 -17.7918 38.4832 -32.7922 -15.5532 37.8898 -37.1736 -12.6018 36.526 -40.887 -9.05096 34.4272 -43.9058 -4.91437 31.7724 -46.0502 -0.557322 28.6549 -47.3991 3.81219 25.1227 -48.053 8.02256 20.8392 -48.0468 12.2648 16.1683 -47.2906 16.0006 11.2577 -45.7118 19.1215 6.35044 -43.2198 21.582 2.73226 -40.6122 23.072 -0.557326 -37.4602 24.2358 -3.42366 -33.8472 25.1531 -5.84671 -29.889 25.9093 -7.99158 -25.4715 26.6014 -9.87096 -20.9219 27.2031 -11.6734 -16.3235 27.6493 -13.5565 -11.7378 27.7829 -15.9924 -6.36512 27.2346 -18.4818 -1.2694 25.5213 -20.6066 3.33177 22.4532 -21.8335 7.27928 18.2093 -21.7261 10.7877 12.995 -20.104 13.9286 7.79764 -17.3266 17.172 3.185 -14.0095 20.8958 -0.641219 -11.5562 24.1083 -3.13469 -9.32737 27.5892 -5.47407 -7.37766 31.1751 -7.90241 -5.64924 34.6419 -10.6503 -3.7639 38.1818 -14.4203 -1.77908 40.801 -18.836 0.465206 42.1891 -23.6665 3.02709 42.2365 -28.5382 5.72407 41.1342 -32.867 8.61439 39.1008 -36.7062 11.6163 36.3337 -39.9558 14.6424 32.9884 -42.5789 18.3194 28.1527 -44.9443 21.6914 22.7272 -46.2457 24.5554 16.873 -46.4062 0.148189 0.41615 0.566193 0.662438 0.73272 0.781622 0.807271 0.811005 0.797959 0.777124 0.749533 0.717894 0.683636 0.649282 0.616836 0.58481 0.540115 0.473624 0.39669 0.33683 0.341328 0.448248 0.690575 1.07388 1.52609 1.95012 2.30317 2.56138 2.73639 2.84492 2.89924 2.90309 2.8459 2.70194 2.45265 2.10185 1.7358 1.42556 1.18388 1.02079 0.925985 0.887825 0.881305 0.880882 0.870742 0.850173 0.823564 0.80683 0.831585 0.970137 1.30356 1.86876 2.51717 3.04824 3.42475 3.68206 3.85249 3.95119 3.98053 3.93778 3.82227 3.64438 3.43253 3.21268 2.98525 2.74487 2.48529 2.20412 1.95266 1.75349 1.58967 1.46821 1.38647 1.34044 1.31647 1.28815 1.1967 0.849682 -0.148684 -1.4822 -2.07976 -2.21872 -2.23235 -2.28596 -2.46499 -2.72963 -3.04371 -3.30484 -3.46798 -3.51952 -3.49746 -3.44268 -3.38175 -3.32575 -3.27386 -3.21482 -3.10294 -2.78444 -1.66515 0.616042 1.26439
30.3872 15.2038 -49.8644 31.768 11.2153 -48.5038 32.6577 7.31968 -46.5808 33.0276 3.63124 -44.1468 32.8671 0.258479 -41.272 32.0178 -3.16072 -37.462 30.4991 -5.89217 -33.3194 28.3824 -7.84805 -29.004 25.7599 -8.98039 -24.6717 23.4681 -9.2838 -21.4228 20.9885 -9.10214 -18.3054 18.3706 -8.4547 -15.3681 15.662 -7.3686 -12.6508 12.6764 -5.75467 -10.005 9.64215 -3.76793 -7.68881 6.5914 -1.48599 -5.6877 3.54929 1.02381 -3.96572 -1.05102 5.17933 -1.79046 -5.6006 9.56018 0.018568 -10.1303 14.0296 1.65214 -14.6855 18.4663 3.30429 -19.0821 22.5406 5.07254 -23.5654 26.3447 7.19065 -28.142 29.7124 9.79259 -32.7697 32.4415 12.9853 -36.8563 34.1404 16.3855 -40.7633 34.9622 20.2852 -44.3049 34.7449 24.5932 -47.2552 33.3785 29.1293 -49.4212 30.7682 33.7399 -50.5021 27.0535 37.9582 -50.3738 22.5001 41.424 -49.0403 17.4849 43.839 -46.4124 12.0433 45.0662 -42.8388 7.0232 44.838 -38.6609 2.76239 43.2842 -34.1955 -0.565504 40.6368 -30.3845 -2.63136 37.7495 -26.6417 -4.05562 34.4192 -23.0233 -4.91855 30.7737 -19.5497 -5.31897 26.9135 -15.7332 -5.33943 22.3092 -12.0598 -5.05187 17.5986 -8.45578 -4.60582 12.847 -4.83854 -4.14813 8.10659 -1.72562 -3.86799 4.17338 1.49976 -3.77151 0.322846 4.87371 -3.9487 -3.39521 8.41819 -4.49002 -6.91408 12.5924 -5.63237 -10.5154 16.9239 -7.45215 -13.6179 21.2461 -10.0369 -16.1349 25.4203 -13.3482 -17.9543 29.1426 -17.1315 -18.9501 32.4464 -21.3985 -19.1453 35.1937 -26.0031 -18.5044 37.2612 -30.769 -17.0304 38.538 -35.4271 -14.8096 39.0031 -39.8578 -11.9092 38.6379 -43.8763 -8.44827 37.4651 -47.3203 -4.57236 35.4516 -50.1579 -0.268293 32.7336 -52.1355 4.12864 29.4405 -53.2041 8.44662 25.7141 -53.3606 12.5356 21.3275 -52.5352 16.5882 16.769 -50.757 20.1102 12.1901 -48.1363 23.0279 7.71695 -44.7956 25.3033 4.36723 -41.7724 26.6267 1.18029 -38.4425 27.5577 -1.8147 -34.8592 28.1071 -4.5955 -31.0716 28.29 -7.27796 -26.9045 28.1051 -9.69001 -22.6064 27.555 -11.822 -18.2186 26.6627 -13.6675 -13.7777 25.4513 -15.4901 -8.44756 23.6157 -16.8925 -3.13767 21.393 -17.8771 2.1032 18.8111 -18.4549 7.22462 15.8889 -18.6345 12.4738 12.4352 -18.379 17.4755 8.63625 -17.6981 22.1692 4.51075 -16.5993 26.4916 0.0808869 -15.4857 29.4746 -3.44342 -14.1256 32.1851 -7.09885 -12.5168 34.5939 -10.863 -10.6592 36.67 -14.7098 -8.19858 38.6182 -19.232 -5.41609 40.0234 -23.769 -2.32921 40.8326 -28.2542 1.03351 40.9955 -32.6092 4.43774 40.5125 -36.5344 8.0024 39.3812 -40.1734 11.6632 37.5881 -43.4311 15.3405 35.139 -46.2075 19.8171 31.2091 -48.8564 23.9647 26.4314 -50.4282 27.5603 21.0052 -50.7874 5.04512 5.27561 5.47566 5.62924 4.40233 4.4717 4.46081 4.49343 4.95085 4.91065 4.78812 4.73455 4.0385 4.03772 3.96094 3.88327 4.63262 4.7712 4.77329 4.81034 3.86562 3.90892 4.03641 4.02602 5.94292 6.0648 6.09164 6.23762 6.10464 6.19866 6.40467 6.57446 6.25693 6.26945 6.22332 6.24947 4.95115 4.87826 4.89142 4.80982 4.76826 4.68371 4.6915 4.63016 4.70785 4.69281 4.751 4.81688 3.42538 3.54904 3.69326 4.02883 6.09252 6.18377 6.35951 6.4816 7.50125 7.30928 7.11369 6.94064 6.94963 6.62565 6.35689 6.13371 5.92509 5.72674 5.56546 5.45721 4.28388 4.30946 4.37087 4.41402 3.40022 3.39333 3.33786 3.22372 3.23666 3.00822 2.87539 2.44174 0.874836 0.845089 0.385503 0.186999 0.282097 -0.185288 -0.600689 -0.971262 -0.937471 -1.00246 -1.06861 -1.17059 -0.764349 -0.945672 -1.15665 -1.36873 0.459528 0.584364 0.717973 0.932244 -6.26688
