# num_vectors 23
# vector_size 401
# Iterations: 64799, stepsize: 0.025099, max step size: 1.000000, spring constant: 0.010000, global NEB Hessian: false, global NEB Linesearch: true, climbing image: false
-4.86496 -29.39 -27.4787 -7.06203 -25.557 -27.0954 -9.0345 -21.6434 -26.4184 -10.7771 -17.6783 -25.4658 -12.2863 -13.688 -24.2552 -13.7532 -9.01763 -22.5333 -14.8958 -4.37843 -20.5082 -15.7129 0.199142 -18.2045 -16.2134 4.6811 -15.6374 -16.3886 8.03912 -13.4942 -16.3855 11.307 -11.2093 -16.2075 14.4702 -8.78805 -15.8578 17.514 -6.23602 -15.2913 20.6477 -3.34157 -14.5322 23.6048 -0.30867 -13.5809 26.3663 2.85163 -12.4357 28.9139 6.12533 -10.3134 32.3497 11.3075 -7.73724 35.1668 16.6544 -4.71375 37.2837 22.0895 -1.26128 38.6155 27.5181 2.38931 39.0751 32.5697 6.34683 38.6811 37.3905 10.538 37.3817 41.8405 14.8617 35.1505 45.7628 18.7275 32.3764 48.6795 22.4814 28.907 50.9201 25.9948 24.8215 52.3737 29.1306 20.2408 52.9501 31.8118 15.1981 52.5702 33.8184 10.0176 51.1922 35.0437 4.9376 48.8567 35.4204 0.203206 45.662 34.8565 -4.24859 41.4326 33.3289 -7.79149 36.6224 30.939 -10.252 31.4981 27.8347 -11.5357 26.3271 24.7869 -11.6892 22.1064 21.4642 -11.0157 18.1524 17.9753 -9.57085 14.5653 14.412 -7.43692 11.4226 10.2737 -4.32555 8.42944 6.15247 -0.710021 6.04003 2.08931 3.24592 4.14084 -1.9133 7.41256 2.59685 -5.24662 10.9961 1.46276 -8.57455 14.6035 0.390158 -11.921 18.1858 -0.708647 -15.3086 21.692 -1.92107 -19.1737 25.4619 -3.51708 -23.1323 28.9569 -5.46967 -27.1791 32.0465 -7.87319 -31.2722 34.5731 -10.7992 -35.1585 36.299 -14.1277 -38.8787 37.1755 -17.9424 -42.2606 37.0534 -22.1506 -45.0985 35.8321 -26.5795 -47.1538 33.5396 -30.913 -48.3016 30.2555 -34.9326 -48.4339 26.1804 -38.3437 -47.5351 21.6035 -40.8939 -45.5928 16.662 -42.4556 -42.8053 11.896 -42.8378 -39.4041 7.59416 -42.0911 -35.6248 3.94398 -40.352 -31.3139 0.80681 -37.5377 -26.9909 -1.46724 -34.004 -22.7743 -2.96782 -29.9647 -18.7169 -3.83121 -25.5899 -15.6636 -4.17122 -22.0299 -12.6958 -4.29601 -18.3846 -9.78694 -4.27982 -14.6899 -6.90261 -4.19451 -10.9771 -3.84747 -4.10683 -7.07156 -0.736058 -4.10512 -3.20975 2.47062 -4.27376 0.569573 5.80388 -4.69795 4.21703 9.97479 -5.65031 8.31564 14.3486 -7.22363 11.9894 18.8446 -9.53722 15.0773 23.2688 -12.6685 17.4697 27.7046 -16.8101 19.1083 31.6664 -21.6546 19.6982 34.9402 -26.994 19.162 37.3309 -32.5614 17.488 38.4517 -36.7284 15.5035 38.9334 -40.7107 12.9602 38.7585 -44.3732 9.94122 37.9359 -47.5939 6.54873 36.2187 -50.6431 2.29969 33.7714 -52.8497 -2.10961 30.7138 -54.1481 -6.49885 27.1831 -54.5212 -10.7055 23.5297 -54.0435 -14.4005 19.6971 -52.8057 -17.7183 15.7935 -50.8766 -20.594 11.9134 -48.3366 -22.9862 7.21686 -44.4309 -25.264 2.80118 -39.8718 -26.7531 -1.24606 -34.8126 -27.4773 -6.117 -6.09725 -6.03882 -6.00097 -5.96877 -5.97683 -6.0605 -6.08075 -6.0584 -6.08467 -6.17452 -6.18947 -6.14882 -6.13646 -6.17017 -6.18093 -6.1686 -6.18686 -6.25732 -6.27449 -6.27062 -6.25545 -6.21152 -6.21838 -6.24464 -6.28787 -6.36863 -6.42046 -6.46423 -6.47719 -6.42006 -6.39279 -6.37854 -6.3873 -6.43323 -6.42646 -6.39881 -6.33789 -6.22774 -6.18954 -6.20118 -6.18056 -6.09472 -6.09361 -6.14046 -6.13616 -6.0746 -6.03433 -6.01497 -6.0392 -6.11857 -6.15293 -6.15498 -6.13416 -6.07311 -6.06031 -6.06924 -6.08349 -6.11692 -6.1408 -6.16304 -6.18179 -6.1837 -6.19354 -6.20697 -6.22849 -6.26226 -6.27522 -6.27091 -6.25806 -6.24043 -6.22729 -6.22115 -6.21955 -6.21642 -6.22042 -6.22691 -6.17713 -6.03634 -5.95611 -5.91689 -5.9155 -5.99178 -6.03923 -6.06377 -6.08269 -6.09548 -6.10769 -6.11878 -6.12597 -6.12801 -6.1365 -6.14882 -6.16718 -6.1941 -6.21793 -6.23505 -6.26774 -6.3418 -6.36114 -0.0111728
-8.18844 -27.0195 -23.8565 -9.19209 -22.7012 -23.7597 -9.9231 -18.3279 -23.6994 -10.6021 -13.9467 -23.6159 -11.4131 -9.59515 -23.3514 -12.6257 -4.61669 -22.533 -13.993 0.0935316 -20.8391 -15.1522 4.37879 -18.1526 -15.673 8.18313 -14.6625 -15.4483 10.8626 -11.7185 -14.6742 13.4306 -8.7683 -13.4582 16.0089 -5.98056 -11.9855 18.697 -3.43047 -10.3419 21.7729 -0.90977 -8.86508 25.0016 1.52134 -7.68343 28.2677 4.06158 -6.80649 31.3959 6.88319 -5.85786 35.54 11.8916 -4.72057 38.4773 17.6568 -2.79694 40.1191 23.72 0.167649 40.6252 29.5607 3.82219 40.1914 34.6115 7.94464 38.8411 39.11 12.1112 36.4362 43.0988 15.9301 32.9098 46.568 18.8649 28.9307 49.1564 21.3855 24.3842 51.1868 23.6756 19.4881 52.5764 25.9188 14.4148 53.19 28.1972 9.17958 52.7871 30.2134 4.10585 51.0688 31.5005 -0.489432 47.9087 31.6036 -4.19674 43.5493 30.2712 -6.91763 38.1788 27.8641 -8.5493 32.7416 25.0674 -9.69361 27.3667 22.4969 -10.8276 21.8779 20.7378 -11.7573 17.0648 19.2373 -12.3237 12.1098 17.6138 -12.0036 7.17157 15.4442 -10.3706 2.72757 12.0797 -6.96233 -0.853352 7.98018 -2.8367 -2.24329 3.42276 1.02623 -1.98343 -1.51188 4.32413 -1.25328 -5.82126 6.89826 -1.05859 -10.0185 9.62179 -1.50579 -13.7791 12.7962 -2.51362 -16.8778 16.5339 -3.80298 -19.5905 21.2396 -5.28356 -21.9611 26.1279 -6.76011 -24.6458 30.7464 -8.5366 -28.065 34.4756 -11.0059 -31.9103 36.5737 -14.1632 -35.7882 36.9091 -17.9059 -39.1669 35.6441 -21.9237 -41.7631 33.2083 -25.984 -43.5004 30.0625 -29.9013 -44.4584 26.4122 -33.6452 -44.6575 22.3582 -37.0781 -44.0672 17.9495 -39.9893 -42.5458 13.0986 -42.1765 -40.0604 8.26127 -43.2028 -36.6976 3.87645 -42.8948 -32.6994 0.39329 -41.3098 -28.004 -2.06953 -38.4406 -23.3254 -3.17544 -34.8028 -18.9177 -3.23053 -30.6901 -14.9457 -2.6376 -26.1937 -12.245 -1.97692 -22.4016 -9.94192 -1.27207 -18.363 -8.02707 -0.61153 -14.1195 -6.38922 -0.0555124 -9.74696 -4.71612 0.361977 -5.09729 -2.74453 0.532627 -0.550153 -0.154539 0.362694 3.67543 3.1876 -0.235892 7.28986 7.98779 -1.56462 10.4979 13.1918 -3.54734 12.5195 18.3612 -6.15322 13.7791 23.2187 -9.38492 14.8091 27.8135 -13.5061 15.9994 31.6448 -18.3326 17.2398 34.5749 -23.8278 18.0936 36.4714 -29.819 17.9501 37.1267 -34.3932 16.8524 37.0722 -38.7003 14.8513 36.3332 -42.4724 12.0617 34.9874 -45.5477 8.70171 32.7982 -48.1882 4.39652 30.0725 -49.9216 -0.0606147 26.9127 -50.8726 -4.46643 23.3818 -51.1463 -8.6804 19.7265 -50.8372 -12.3914 15.8034 -49.988 -15.7255 11.6682 -48.5774 -18.5783 7.42882 -46.5579 -20.8535 2.24866 -43.1088 -22.7945 -2.34236 -38.5838 -23.7663 -5.88575 -33.1167 -23.9938 -3.52075 -2.97088 -2.40241 -1.93039 -2.94969 -2.80709 -2.83612 -2.85117 -2.41709 -2.43959 -2.49611 -2.44057 -3.00495 -2.88992 -2.9014 -2.96593 -2.24608 -2.17125 -2.21425 -2.19532 -3.17734 -3.27014 -3.44204 -3.87284 -2.33415 -2.46831 -2.59676 -2.5402 -2.7342 -2.69258 -2.52368 -2.34955 -2.58598 -2.3955 -2.21223 -1.97857 -3.12006 -3.05434 -2.88004 -2.76938 -2.58523 -2.46043 -2.36617 -2.53974 -2.63344 -2.71175 -2.58506 -2.36194 -3.56906 -3.35207 -3.40565 -3.72189 -2.57624 -3.12637 -3.27498 -3.31072 -2.37689 -2.62344 -2.84839 -3.00931 -2.91854 -3.05914 -3.0273 -2.84064 -2.55898 -2.28032 -2.07918 -1.96172 -3.03645 -2.97457 -2.90154 -2.84326 -3.80476 -3.67643 -3.46889 -3.15666 -2.5226 -2.09286 -1.76079 -1.90755 -3.24807 -2.97643 -2.98624 -2.69056 -2.25269 -2.51283 -2.78327 -3.05339 -2.94704 -2.96797 -3.01718 -3.12437 -2.74174 -2.96223 -3.22765 -3.50609 -1.75619 -1.65796 -0.912407 -1.959 -0.193544
-10.3028 -28.7402 -25.6701 -11.8396 -24.5827 -25.8045 -13.0127 -20.3063 -25.816 -14.03 -15.9967 -25.5789 -15.0616 -11.7359 -24.9121 -16.368 -6.95802 -23.3659 -17.6575 -2.5987 -20.8642 -18.6169 1.25916 -17.5293 -18.8859 4.75396 -13.7032 -18.4542 7.39368 -10.7463 -17.4558 10.1101 -8.0037 -15.9893 12.975 -5.65021 -14.2387 16.0093 -3.7459 -12.2653 19.4604 -2.09934 -10.4234 23.0567 -0.619247 -8.84774 26.7157 1.00729 -7.57767 30.2884 3.04173 -6.11895 35.1818 7.17509 -4.68887 38.8237 12.4524 -2.66272 40.9651 18.3233 0.345693 41.6454 24.1238 4.09366 41.0588 29.09 8.38297 39.361 33.3059 12.783 36.6128 36.7905 16.9168 32.9045 39.6567 20.2044 28.9206 41.7703 23.0902 24.4554 43.4679 25.6385 19.6421 44.6868 27.8967 14.5748 45.2957 29.8486 9.19758 45.1035 31.221 3.77096 43.9078 31.7329 -1.4607 41.6431 31.2002 -6.16785 38.4306 29.5252 -10.3432 34.2136 27.0722 -13.5009 29.5195 24.3106 -15.7343 24.4788 21.6229 -17.0926 19.0979 19.5461 -17.4275 14.3334 17.6033 -16.7951 9.5426 15.6277 -14.9697 5.08274 13.4212 -11.926 1.47829 10.4524 -7.36205 -0.995213 6.95109 -2.54252 -1.51902 2.93028 1.79232 -0.622202 -1.57665 5.45192 0.812067 -5.64047 8.22749 1.82107 -9.78872 11.0088 2.3624 -13.7943 14.0404 2.32877 -17.4571 17.4273 1.73775 -21.0672 21.5593 0.476415 -24.3097 25.7547 -1.41589 -27.4893 29.5824 -4.04946 -30.8199 32.4953 -7.5306 -34.0917 33.9198 -11.5834 -37.144 33.7506 -16.0347 -39.646 32.0959 -20.5248 -41.3914 29.3087 -24.808 -42.3098 25.8343 -28.7252 -42.448 21.9101 -32.3087 -41.8313 17.7017 -35.4975 -40.4689 13.3097 -38.1647 -38.2606 8.65362 -40.1833 -35.2812 4.09867 -41.1865 -31.6537 -0.0764081 -40.986 -27.6098 -3.56446 -39.5333 -23.0809 -6.32308 -36.6654 -18.7893 -7.93137 -32.7487 -15.0159 -8.53152 -28.0852 -11.9351 -8.3787 -22.9054 -10.0614 -7.91432 -18.6177 -8.63017 -7.23639 -14.1901 -7.54158 -6.39026 -9.69457 -6.60663 -5.38372 -5.19749 -5.49586 -4.1397 -0.527171 -3.8985 -2.72543 3.94958 -1.51446 -1.23875 8.036 1.77651 0.118753 11.4884 6.72702 1.22207 14.5503 12.3137 1.36127 16.5173 18.0082 0.291488 17.7537 23.369 -2.04959 18.6928 28.3181 -5.8079 19.6379 32.2681 -10.6268 20.4674 35.1351 -16.2116 20.7888 36.8963 -22.2013 20.0578 37.476 -26.6568 18.5183 37.4046 -30.7452 16.1023 36.7278 -34.2276 12.9443 35.531 -36.9983 9.27704 33.6157 -39.3697 4.69361 31.2434 -41.0617 0.0236033 28.4607 -42.3165 -4.55701 25.2563 -43.3009 -8.92307 21.7904 -44.0298 -12.7551 17.8816 -44.4995 -16.1798 13.5523 -44.5667 -19.092 8.90968 -44.0382 -21.4145 2.97544 -42.2732 -23.4559 -2.55159 -39.0387 -24.6755 -7.08421 -34.3986 -25.3249 -1.02275 -0.79 -0.435532 -0.129249 -1.25553 -1.15533 -1.18499 -1.18126 -0.72079 -0.715132 -0.739734 -0.65157 -1.18695 -1.05407 -1.06373 -1.13906 -0.442429 -0.407431 -0.498105 -0.527886 -1.54734 -1.66128 -1.84358 -2.27629 -0.729643 -0.858993 -0.996762 -0.960939 -1.17305 -1.13096 -0.937217 -0.721677 -0.911813 -0.675078 -0.428916 -0.0940327 -1.12261 -0.962838 -0.723884 -0.58668 -0.413849 -0.334065 -0.280793 -0.45736 -0.563951 -0.699055 -0.664071 -0.554198 -1.89568 -1.81408 -1.92452 -2.06499 -0.564285 -0.922343 -1.02946 -1.06237 -0.120579 -0.346847 -0.54503 -0.682468 -0.578725 -0.720498 -0.704842 -0.552209 -0.326713 -0.115909 0.0292874 0.118239 -0.952071 -0.866551 -0.75155 -0.637179 -1.53539 -1.35508 -1.14292 -0.917058 -0.486459 -0.275272 -0.0281874 -0.13795 -1.37686 -1.00094 -0.976938 -0.733511 -0.363471 -0.672819 -0.983906 -1.29029 -1.22318 -1.29223 -1.39963 -1.57657 -1.27168 -1.57469 -1.92743 -2.29952 -0.677547 -0.815237 -1.1829 1.99706 -0.264911
-10.524 -32.1911 -25.0291 -12.9548 -28.4893 -24.8018 -14.8641 -24.4915 -24.6118 -16.4535 -20.3626 -24.3126 -17.9014 -16.2167 -23.6967 -19.5153 -11.4774 -22.3327 -20.9669 -7.00846 -20.131 -22.0321 -2.86698 -17.1918 -22.4628 1.04818 -13.8136 -22.2534 4.03964 -11.1857 -21.5679 7.08878 -8.70964 -20.4676 10.2338 -6.51958 -19.065 13.4773 -4.6726 -17.3576 17.0677 -3.02625 -15.5865 20.7211 -1.60033 -13.8343 24.3961 -0.20693 -12.1192 28.0282 1.3371 -9.49661 33.3019 4.24747 -6.58041 37.8064 8.03754 -3.10461 41.0532 12.5693 1.01973 42.6331 17.4329 5.39758 42.3983 21.8864 9.91377 40.5259 25.7792 14.25 37.2803 28.8967 18.2064 33.0333 31.213 21.3986 28.7009 32.6923 24.3361 24.0677 33.7182 27.1008 19.2651 34.3807 29.7114 14.3447 34.7313 32.125 9.15478 34.769 34.019 3.7644 34.4249 35.0378 -1.80666 33.5958 34.8466 -7.34649 32.1692 33.1419 -12.8156 29.8876 30.1057 -17.2218 26.8234 26.2456 -20.1792 23.0317 22.1197 -21.4938 18.6418 18.7563 -21.2461 14.6729 15.6604 -19.7282 10.7693 12.8652 -16.9966 7.32686 10.3152 -13.2557 4.75218 7.55101 -8.18541 3.19823 4.70367 -2.92714 3.11877 1.50819 2.03712 4.0718 -2.21474 6.52384 5.40318 -5.75141 9.96967 6.32814 -9.55093 13.2215 6.80415 -13.4436 16.3948 6.68056 -17.2634 19.5642 5.90507 -21.3252 23.0991 4.26064 -25.1161 26.4596 1.80447 -28.6744 29.3468 -1.46664 -32.0281 31.3636 -5.51415 -34.9927 32.1135 -9.96485 -37.5636 31.5022 -14.674 -39.5766 29.5672 -19.2961 -40.9148 26.5483 -23.5687 -41.5173 22.8281 -27.318 -41.3825 18.6455 -30.5962 -40.4829 14.2222 -33.4043 -38.7917 9.73614 -35.7009 -36.1912 5.16987 -37.438 -32.8045 0.886886 -38.3419 -28.8042 -2.93659 -38.2453 -24.4625 -6.14968 -37.0386 -19.7301 -8.84279 -34.4506 -15.4163 -10.671 -30.6566 -11.8653 -11.6937 -25.8932 -9.27343 -12.0233 -20.4601 -7.92265 -11.8828 -15.9582 -7.07991 -11.4378 -11.3535 -6.5856 -10.7092 -6.73442 -6.21974 -9.6968 -2.15704 -5.6932 -8.31433 2.57637 -4.71095 -6.625 7.1343 -3.01064 -4.70946 11.3808 -0.445233 -2.73516 15.1377 3.72762 -0.613141 18.7688 8.84698 0.835344 21.3754 14.5134 1.27846 23.0477 20.3158 0.524853 23.9777 26.2077 -1.6377 24.3259 31.4371 -5.11542 24.0561 35.6432 -9.67377 23.0348 38.4963 -14.908 21.041 39.5941 -18.9383 18.7806 39.7444 -22.7129 15.9018 39.0296 -25.9678 12.5176 37.6265 -28.5523 8.78812 35.4156 -30.7012 4.2281 32.8705 -32.1399 -0.435825 30.1636 -33.1716 -5.11639 27.317 -34.1074 -9.7338 24.3887 -35.1279 -13.9304 21.08 -36.3669 -17.7703 17.2429 -37.7534 -21.0233 12.8191 -39.0398 -23.4732 6.61373 -39.9589 -25.2468 0.146184 -39.3174 -25.7528 -5.80109 -36.6615 -25.4844 0.490597 0.332646 0.417137 0.571538 -0.6366 -0.57023 -0.602807 -0.587255 -0.116643 -0.111449 -0.151634 -0.0925948 -0.658314 -0.536129 -0.527264 -0.563681 0.188961 0.267379 0.165909 0.0535223 -1.11142 -1.39832 -1.72754 -2.22059 -0.649625 -0.724428 -0.800833 -0.710416 -0.884344 -0.828479 -0.648325 -0.469381 -0.7073 -0.494148 -0.186441 0.316923 -0.521106 -0.214187 0.124005 0.316484 0.512347 0.592942 0.649232 0.49653 0.38977 0.187001 0.0890375 0.0393574 -1.46026 -1.49539 -1.62339 -1.65015 0.024636 -0.21871 -0.289332 -0.325003 0.608155 0.382611 0.197113 0.0799124 0.205524 0.0830765 0.114087 0.272845 0.482281 0.649338 0.744045 0.798374 -0.279607 -0.185726 -0.0511349 0.0871364 -0.791362 -0.606806 -0.413912 -0.229059 0.149467 0.331009 0.596008 0.542957 -0.634648 -0.245265 -0.264507 -0.0387964 0.374087 0.124411 -0.125589 -0.378424 -0.263743 -0.292838 -0.37017 -0.528977 -0.224051 -0.550703 -0.958569 -1.42377 0.044629 -0.327476 -0.895333 -1.7671 -5.30885
-8.50727 -34.5812 -26.2192 -11.5483 -31.3547 -26.1403 -14.1696 -27.7838 -25.9361 -16.4607 -24.0177 -25.4541 -18.4831 -20.1799 -24.5347 -20.5177 -15.7485 -22.7597 -22.1321 -11.538 -20.1923 -23.2313 -7.62387 -16.9676 -23.7419 -3.94673 -13.3421 -23.7171 -1.16064 -10.4897 -23.3395 1.68646 -7.72378 -22.6367 4.67779 -5.18272 -21.6537 7.85961 -2.98989 -20.3417 11.5042 -1.11572 -18.8376 15.3135 0.20524 -17.1875 19.2034 1.01947 -15.3936 23.09 1.46012 -12.2898 28.8707 1.79251 -8.47441 34.1669 2.53614 -3.8436 38.451 4.36978 1.31796 41.0366 7.50547 6.2217 41.52 11.3492 10.7552 40.1546 15.4282 14.8536 37.3418 19.2159 18.647 33.5436 22.4159 21.9005 29.6297 24.7058 25.062 25.3921 26.4934 28.0828 20.9012 27.8554 30.8391 16.1533 28.8596 33.2002 10.9834 29.5376 34.8529 5.51013 29.8101 35.5655 -0.164236 29.5733 35.1736 -5.80946 28.713 33.4676 -11.4846 27.0082 30.534 -16.2931 24.4991 26.5942 -19.7975 21.3023 21.9493 -21.5931 17.6658 17.7703 -21.52 14.5582 13.6825 -19.9107 11.7607 10.0091 -16.9097 9.60965 6.96692 -12.8837 8.32036 4.25509 -7.56958 7.90849 2.01416 -2.04272 8.3515 -0.288833 3.40692 9.22436 -3.11802 8.60306 10.0961 -6.07685 12.6378 10.5482 -9.5418 16.275 10.5965 -13.389 19.4761 10.16 -17.4627 22.2537 9.19684 -22.1216 24.8883 7.44989 -26.6962 26.9964 4.93466 -30.9945 28.4612 1.60648 -34.7963 29.0968 -2.49724 -37.7582 28.7634 -7.00011 -39.8777 27.4466 -11.7891 -41.0701 25.2211 -16.5625 -41.3445 22.2692 -21.076 -40.7842 18.8718 -25.126 -39.4771 15.1826 -28.7234 -37.49 11.3503 -31.8258 -34.8846 7.47033 -34.3591 -31.5994 3.43878 -36.2526 -27.8676 -0.540486 -37.1854 -23.9021 -4.39404 -36.9502 -19.9833 -7.98972 -35.419 -16.1045 -11.4053 -32.315 -12.8966 -14.0858 -27.971 -10.4437 -15.8998 -22.7711 -8.65616 -16.8243 -17.0882 -7.59174 -16.9682 -12.5102 -6.7162 -16.656 -7.90067 -5.92753 -15.9497 -3.3191 -5.1243 -14.9166 1.19746 -4.14862 -13.5449 5.8623 -2.91364 -11.9525 10.3937 -1.2917 -10.1938 14.7377 0.833727 -8.30817 18.8023 4.14391 -5.93671 23.1058 8.35234 -3.52549 26.5082 13.3753 -1.25968 28.6848 18.9739 0.544124 29.3937 25.1207 1.48703 28.4773 30.8929 0.92435 26.053 35.5864 -1.41108 22.5847 38.5597 -5.30074 18.6424 39.459 -8.83323 15.5978 39.2239 -12.4632 12.544 38.0325 -15.8142 9.39627 36.1624 -18.6062 6.04 33.5646 -20.996 1.81645 30.9722 -22.6502 -2.74873 28.6458 -24.0429 -7.53894 26.5629 -25.7409 -12.3427 24.5737 -27.9944 -16.6078 22.2446 -30.8956 -20.2663 19.2592 -34.131 -23.0674 15.432 -37.1519 -24.9257 9.56331 -39.7562 -26.0534 3.06642 -40.212 -26.3351 -3.17513 -38.3311 -26.2878 0.931032 0.688664 0.609894 0.612203 -0.706268 -0.695932 -0.740295 -0.71448 -0.231597 -0.220739 -0.260788 -0.2014 -0.755149 -0.595531 -0.522376 -0.480505 0.364826 0.49453 0.353477 0.104814 -1.25181 -1.68655 -2.02211 -2.40895 -0.751695 -0.80537 -0.905804 -0.854538 -1.05806 -1.00889 -0.812433 -0.603336 -0.810176 -0.584842 -0.29353 0.210618 -0.535467 -0.0581528 0.472698 0.818978 1.11011 1.22161 1.27386 1.11988 1.01325 0.779616 0.596709 0.415127 -1.24502 -1.42553 -1.61003 -1.56853 0.261623 0.184773 0.249116 0.308281 1.30466 1.12214 0.967241 0.871297 1.00727 0.873533 0.852436 0.907547 0.982352 1.04388 1.10379 1.1889 0.174719 0.334233 0.527934 0.70559 -0.162247 -0.00288336 0.133547 0.244532 0.543418 0.665117 0.899028 0.828662 -0.377578 -0.0505163 -0.167672 -0.0428577 0.309409 0.0363319 -0.219423 -0.471244 -0.357756 -0.399702 -0.5058 -0.7076 -0.448 -0.804753 -1.20863 -1.61937 -0.0248333 -0.179635 -0.447681 -0.935186 -4.78055
-5.95056 -36.5722 -26.6738 -9.53341 -33.9694 -26.9043 -12.7329 -30.8989 -26.9001 -15.5709 -27.5156 -26.4955 -18.0487 -23.9621 -25.5481 -20.4557 -19.775 -23.6502 -22.2814 -15.7621 -20.9134 -23.499 -12.0555 -17.492 -24.1281 -8.65559 -13.6227 -24.2467 -6.15598 -10.5183 -24.071 -3.64999 -7.42187 -23.6157 -1.01328 -4.46564 -22.8882 1.86743 -1.8065 -21.809 5.32048 0.523498 -20.4545 9.10237 2.06605 -18.8784 13.06 2.67421 -17.132 16.9808 2.36709 -14.1607 22.5483 0.541399 -10.4922 27.5145 -1.70332 -5.75919 31.8879 -2.98016 -0.1709 35.2504 -2.19093 5.1488 36.9334 0.62357 9.85953 36.953 4.73001 13.9781 35.5422 9.21357 17.8653 33.0412 13.4195 21.3625 30.1154 16.6378 24.8751 26.6572 19.2549 28.2431 22.7055 21.3014 31.2292 18.2533 22.8535 33.6364 13.1841 23.981 35.1631 7.70566 24.6275 35.6852 2.00681 24.7405 35.167 -3.67421 24.2716 33.4479 -9.48059 23.1078 30.5113 -14.6029 21.3295 26.3484 -18.5712 19.1056 21.1105 -20.7983 16.7336 16.2245 -20.9079 14.9332 11.4606 -19.2923 13.5835 7.34261 -16.1941 12.8294 4.15246 -12.0812 12.6459 1.57397 -6.69322 12.9381 -0.310495 -1.04059 13.4492 -2.09298 4.65039 13.8964 -4.30384 10.204 14.0801 -6.77275 14.5772 13.9462 -9.88578 18.4978 13.5268 -13.6096 21.7945 12.8178 -17.8173 24.3445 11.8025 -22.8818 26.2409 10.2367 -28.0092 27.1142 8.08152 -32.8397 27.0017 5.19158 -36.9689 25.9829 1.50251 -39.9064 24.2845 -2.69828 -41.6061 22.0607 -7.31626 -42.0168 19.5169 -12.0618 -41.2542 16.8336 -16.6855 -39.5556 14.1723 -20.9625 -37.114 11.5368 -24.8807 -34.0899 8.90373 -28.3709 -30.6056 6.18819 -31.3282 -26.6141 3.14093 -33.6548 -22.4383 -0.257191 -34.9375 -18.3779 -4.01768 -34.8862 -14.8166 -7.96177 -33.34 -11.8716 -12.0807 -30.0679 -9.98976 -15.5927 -25.5435 -8.91943 -18.2388 -20.2333 -8.22715 -19.9372 -14.4903 -7.65721 -20.617 -9.87246 -6.9219 -20.7662 -5.23043 -5.94619 -20.4458 -0.641659 -4.70547 -19.7404 3.83881 -3.11112 -18.6835 8.41429 -1.22763 -17.4077 12.821 0.951692 -15.9763 17.0395 3.4458 -14.3906 21.0218 6.86537 -12.2068 25.3392 10.7756 -9.52861 28.8942 15.1051 -6.25761 31.2727 19.6772 -2.56504 32.0221 24.5217 1.21957 30.7107 29.0601 3.90189 27.2873 32.9018 4.53327 22.3524 35.5557 2.73953 16.9441 36.5265 0.0991615 13.1175 36.538 -3.15022 9.6537 35.6398 -6.48078 6.38916 33.9889 -9.445 3.06589 31.4951 -12.0828 -1.07169 28.9324 -13.9353 -5.57695 26.7284 -15.5844 -10.3434 25.0215 -17.8037 -15.0823 23.7119 -20.891 -19.0797 22.3518 -24.8802 -22.1556 20.477 -29.3262 -24.1416 17.6814 -33.6053 -25.1904 12.7003 -37.7855 -25.6487 6.48449 -39.7403 -25.8454 -0.00275547 -39.1959 -26.1862 1.18559 0.865284 0.649434 0.539749 -0.854154 -0.882489 -0.938561 -0.912421 -0.428897 -0.421113 -0.467045 -0.411162 -0.957007 -0.765347 -0.629615 -0.500752 0.463113 0.687893 0.542813 0.190337 -1.30368 -1.81004 -2.1251 -2.46355 -0.798382 -0.894873 -1.06827 -1.08649 -1.33456 -1.301 -1.09924 -0.876741 -1.07647 -0.866327 -0.612919 -0.122679 -0.757845 -0.0220648 0.774643 1.24809 1.55022 1.62202 1.64676 1.50276 1.43117 1.22384 1.02608 0.757162 -1.07759 -1.46423 -1.74729 -1.66805 0.274955 0.327574 0.512574 0.672879 1.74818 1.62475 1.51291 1.44652 1.59682 1.44972 1.37226 1.33084 1.29109 1.25588 1.26341 1.34752 0.374583 0.594555 0.860673 1.10956 0.301946 0.50114 0.653265 0.757187 1.02501 1.08564 1.23391 1.06364 -0.248945 -0.0309087 -0.263699 -0.265726 -0.023478 -0.371271 -0.664485 -0.91561 -0.779289 -0.799832 -0.908458 -1.13791 -0.913256 -1.28918 -1.67792 -2.02865 -0.315849 -0.289713 -0.326952 -0.532492 -4.51704
-1.40235 -37.2104 -23.2907 -5.69651 -36.1046 -23.3313 -9.70322 -34.2061 -23.4111 -13.3552 -31.6926 -23.3113 -16.6204 -28.7325 -22.821 -19.9 -24.9136 -21.5607 -22.5307 -20.9562 -19.4761 -24.4633 -17.0493 -16.6604 -25.6955 -13.2635 -13.3323 -26.1887 -10.3903 -10.6118 -26.3001 -7.47811 -7.8905 -26.0315 -4.43741 -5.32516 -25.377 -1.19468 -3.09917 -24.2397 2.5495 -1.30894 -22.6939 6.45921 -0.391766 -20.8293 10.3364 -0.477425 -18.7549 13.9635 -1.50585 -15.3226 18.7623 -4.39558 -11.3632 22.9027 -7.61108 -6.53779 26.7987 -9.77786 -1.01804 30.361 -9.74572 4.19505 32.9019 -7.41755 8.89222 34.1766 -3.49763 13.1633 34.0372 1.06229 17.3365 32.4837 5.44705 21.0957 29.9641 8.71308 24.7566 26.5116 11.1265 28.0874 22.313 12.6838 30.8757 17.5589 13.5622 33.0313 12.2763 14.0201 34.4026 6.72527 14.2806 34.94 1.03162 14.5174 34.5587 -4.6718 14.8143 32.9528 -10.6121 15.2116 29.8877 -15.9453 15.6426 25.2958 -20.0412 16.043 19.5143 -22.1605 16.3679 14.3126 -22.0152 16.5854 9.46929 -20.1092 16.7743 5.46623 -16.7829 16.9678 2.48804 -12.5155 17.1826 0.208363 -6.99245 17.4354 -1.29871 -1.20813 17.6228 -2.59277 4.63051 17.6456 -4.23787 10.3754 17.4113 -6.26383 14.9516 16.9735 -9.05277 19.0773 16.3116 -12.6259 22.4988 15.4377 -16.8422 25.0053 14.3522 -22.0219 26.6074 12.8351 -27.2787 26.9757 10.8534 -32.2021 26.2596 8.21804 -36.3764 24.653 4.79874 -39.3073 22.4765 0.819698 -40.9419 19.8809 -3.62451 -41.2235 17.0553 -8.2176 -40.2759 14.147 -12.6678 -38.3589 11.2971 -16.7252 -35.6852 8.51028 -20.3783 -32.4348 5.79707 -23.5928 -28.7435 3.12033 -26.3258 -24.5554 0.272981 -28.5581 -20.1692 -2.78828 -29.9796 -15.8202 -6.19129 -30.3495 -11.843 -9.93492 -29.4569 -8.34029 -14.1737 -26.9853 -5.95631 -18.1626 -23.1446 -4.61833 -21.49 -18.2986 -3.98877 -23.8842 -12.8016 -3.6978 -25.0157 -8.24678 -3.41474 -25.4891 -3.57696 -3.01976 -25.3362 1.10621 -2.439 -24.6249 5.71796 -1.57827 -23.3653 10.4367 -0.42634 -21.6834 14.9576 1.04966 -19.65 19.2332 2.87831 -17.2914 23.1939 5.53974 -14.0293 27.3625 8.69418 -10.2399 30.6475 12.2453 -5.97259 32.7165 16.0569 -1.47071 33.2695 20.2464 3.04758 32.0262 24.469 6.55708 28.966 28.4946 8.3013 24.4645 31.8721 7.86411 19.1813 33.6471 6.23177 15.0896 34.5582 3.83821 11.0898 34.5345 1.14928 7.17497 33.6355 -1.38936 3.26297 31.7527 -3.75758 -1.33534 29.435 -5.4476 -6.03317 27.1252 -6.86853 -10.8231 25.0936 -8.71271 -15.5948 23.4954 -11.4162 -19.7617 22.1253 -15.2 -23.083 20.7378 -19.7785 -25.1657 18.9846 -24.628 -25.9626 15.8004 -30.302 -25.5577 11.1022 -34.6945 -24.4953 5.10823 -37.0968 -23.6017 1.44112 1.33703 1.15267 0.964291 -0.52965 -0.637942 -0.746326 -0.75598 -0.297584 -0.309679 -0.375024 -0.337763 -0.899657 -0.716672 -0.579255 -0.43991 0.539165 0.755548 0.568559 0.183025 -1.28581 -1.73496 -2.02861 -2.41919 -0.871792 -1.10665 -1.38995 -1.45634 -1.70265 -1.64895 -1.43926 -1.23882 -1.496 -1.36843 -1.18812 -0.678142 -0.992941 0.304638 1.28703 1.6846 1.89302 1.91616 1.93264 1.80055 1.74182 1.53704 1.32114 1.00094 -0.925616 -1.40373 -1.71377 -1.61802 0.349032 0.419634 0.616186 0.785043 1.86947 1.75748 1.65889 1.60521 1.76517 1.62214 1.54103 1.48611 1.42368 1.36217 1.34695 1.41395 0.430261 0.641498 0.900422 1.14478 0.336058 0.537355 0.691464 0.792269 1.0462 1.07884 1.19276 0.987096 -0.36117 -0.178215 -0.439844 -0.459769 -0.224248 -0.577403 -0.879467 -1.13981 -1.00432 -1.00676 -1.08456 -1.28796 -1.06059 -1.46271 -1.90369 -2.31929 -0.6663 -0.656156 -0.609766 -0.54911 -4.41994
-0.293527 -34.3042 -21.8397 -4.63998 -34.2989 -20.9604 -8.90902 -33.5843 -19.9962 -12.9994 -32.2315 -18.9455 -16.8273 -30.301 -17.8116 -20.8734 -27.3795 -16.3898 -24.3437 -23.832 -14.873 -27.1361 -19.7655 -13.2624 -29.1659 -15.3036 -11.5597 -30.1667 -11.69 -10.2033 -30.6636 -7.97552 -8.84127 -30.6532 -4.20743 -7.53715 -30.1464 -0.424223 -6.38396 -29.0739 3.63407 -5.4364 -27.5153 7.6142 -4.9393 -25.5558 11.445 -4.99368 -23.2915 15.0511 -5.61525 -19.407 20.0129 -7.47301 -15.0461 24.3652 -9.75378 -10.0537 28.2099 -11.6123 -4.34824 31.3952 -12.2916 1.53651 33.3601 -11.5417 7.49505 33.8099 -9.71208 13.1906 32.5111 -7.49229 18.3922 29.6186 -5.58673 22.5571 26.0872 -4.43382 26.3339 22.0494 -3.67346 29.8467 17.7809 -2.90669 33.1234 13.4381 -1.66175 36.0587 9.00483 0.457355 38.2001 4.64245 3.48144 39.1564 0.34518 7.1393 38.6554 -3.8974 10.9486 36.4198 -8.31112 14.6287 32.6318 -12.3071 17.4047 27.6632 -15.5076 19.163 21.8992 -17.4757 20.1251 16.7251 -17.816 20.6144 11.65 -16.7187 21.0198 7.13763 -14.1593 21.4819 3.57969 -10.3972 22.0414 0.793698 -5.15279 22.7471 -1.0444 0.502129 23.3848 -2.71312 6.23056 23.7896 -4.96913 11.7689 23.7741 -7.65702 15.9855 23.2915 -11.0577 19.5464 22.2952 -14.9562 22.302 20.7315 -19.0477 24.2516 18.5645 -23.5034 25.5947 15.396 -27.4822 26.21 11.4605 -30.7532 26.1775 6.87827 -33.2374 25.4653 1.87639 -34.9443 24.0327 -3.04235 -36.1079 21.7562 -7.79873 -36.8161 18.6107 -12.1305 -37.0567 14.7177 -15.8649 -36.7064 10.399 -18.9447 -35.5643 5.90704 -21.5477 -33.4378 1.589 -23.804 -30.2886 -2.23015 -25.7419 -26.1161 -5.51224 -27.3062 -21.3857 -8.25034 -28.1756 -16.5052 -10.8572 -28.0542 -11.97 -13.7104 -26.6687 -8.07304 -17.1731 -23.6409 -5.72443 -20.6618 -19.3216 -4.81088 -23.6789 -14.1828 -4.76439 -25.8552 -8.56082 -4.87299 -26.8271 -3.96142 -4.86681 -27.1196 0.731697 -4.59955 -26.7444 5.41131 -4.01105 -25.7631 9.97222 -3.03751 -24.1694 14.5663 -1.72031 -22.106 18.8793 -0.0756058 -19.6473 22.8596 1.88941 -16.8281 26.4352 4.64347 -13.0039 30.0258 7.80342 -8.71842 32.6239 11.2904 -4.12073 33.9668 15.0169 0.484285 33.8788 19.1634 4.90087 32.2016 23.4484 8.26676 29.0676 27.6855 10.1083 24.8053 31.4823 10.2632 19.798 33.7235 9.43999 15.6923 35.1919 8.07349 11.3872 35.7213 6.48916 6.9412 35.2674 4.97503 2.46253 33.6694 3.48538 -2.58977 31.3202 2.13481 -7.38101 28.6689 0.467957 -11.9076 26.1124 -2.03248 -16.0921 24.0386 -5.40921 -19.4868 22.3494 -9.63136 -22.0455 20.8253 -14.3527 -23.662 19.0695 -19.2053 -24.4344 16.005 -24.9589 -24.4865 11.5791 -29.7101 -23.9076 5.9698 -32.8989 -22.9775 1.21029 1.20711 1.18431 1.13983 -0.267353 -0.352136 -0.478713 -0.527354 -0.115748 -0.175584 -0.297043 -0.325311 -0.964291 -0.868052 -0.818867 -0.757148 0.156185 0.389714 0.320823 0.0951571 -1.28598 -1.8183 -2.39522 -3.17817 -1.87902 -2.10251 -2.20291 -2.0703 -2.19296 -2.10149 -1.90195 -1.70879 -1.92695 -1.68665 -1.34169 -0.708523 -1.13001 -0.0271209 1.11598 1.73256 2.07667 2.15483 2.15858 1.96039 1.80981 1.52155 1.26846 1.02221 -0.66358 -0.792024 -0.85493 -0.693642 1.20082 1.12106 1.13577 1.13516 2.09401 1.91017 1.79072 1.76386 2.00306 1.98844 2.02784 2.01106 1.90054 1.74736 1.64505 1.65144 0.641857 0.84766 1.11249 1.36716 0.567136 0.770588 0.918085 1.00359 1.23306 1.23464 1.31876 1.08688 -0.286448 -0.13031 -0.419084 -0.46281 -0.242974 -0.608195 -0.924022 -1.20232 -1.09199 -1.13269 -1.26721 -1.54239 -1.37719 -1.80637 -2.23113 -2.60381 -0.908929 -0.90997 -0.943084 -0.978409 -4.61441
-1.2633 -31.3427 -22.8652 -5.41225 -32.2371 -21.5802 -9.66138 -32.2847 -20.3123 -13.8579 -31.4838 -19.1235 -17.8533 -29.8909 -18.0445 -22.1113 -27.1457 -16.9214 -25.7834 -23.6238 -15.9014 -28.7714 -19.4982 -14.9115 -31.0049 -14.9306 -13.8737 -32.1753 -11.2194 -13.0039 -32.8558 -7.40389 -12.0667 -33.045 -3.54478 -11.0812 -32.7552 0.306913 -10.0912 -31.9342 4.41062 -9.08921 -30.6299 8.4245 -8.24887 -28.892 12.3169 -7.65944 -26.7669 16.049 -7.38821 -22.8564 21.322 -7.64409 -18.2132 25.8633 -8.6335 -12.8904 29.4161 -10.1195 -6.97445 31.7402 -11.7813 -0.966885 32.6582 -13.2382 5.16681 32.2905 -14.3778 11.1799 30.7449 -15.0925 16.8926 28.2221 -15.331 21.6664 25.3403 -15.0989 26.1016 22.0288 -14.384 30.1725 18.4355 -13.0941 33.822 14.6969 -11.1314 37.0175 10.8459 -8.35269 39.5015 7.10647 -4.80183 41.0962 3.59033 -0.576179 41.6381 0.391671 4.13947 40.9158 -2.59824 9.48385 38.7953 -4.99947 14.7528 35.364 -6.68043 19.5926 30.8465 -7.52323 23.7042 26.4286 -7.52787 26.4627 21.688 -6.88033 28.5207 16.8318 -5.61075 29.9109 12.0269 -3.76702 30.7113 6.72648 -1.01373 31.0126 1.7687 2.32139 30.7619 -2.8048 6.10225 30.0178 -7.04525 10.1361 28.7883 -10.4623 13.5266 27.3505 -13.8536 16.7394 25.5022 -17.2978 19.5795 23.198 -20.7964 21.8628 20.4078 -24.6672 23.6009 16.7073 -28.2627 24.4039 12.4499 -31.3442 24.3101 7.73888 -33.7423 23.4104 2.72511 -35.3449 21.8636 -2.19421 -36.297 19.6772 -7.03917 -36.6709 16.8533 -11.6268 -36.5234 13.4091 -15.7833 -35.8761 9.48536 -19.311 -34.6887 5.17227 -22.1828 -32.8982 0.659098 -24.3472 -30.4682 -3.84827 -25.7749 -27.3005 -8.3378 -26.4388 -23.6363 -12.4784 -26.1945 -19.7367 -16.2032 -24.9498 -15.9375 -19.4919 -22.6303 -12.3217 -22.5486 -18.8982 -9.60747 -24.9982 -14.1047 -7.91256 -26.7694 -8.59693 -7.04852 -27.8243 -2.72443 -6.66224 -28.1508 1.95054 -6.29916 -28.0467 6.63761 -5.74957 -27.5109 11.2768 -4.85857 -26.54 15.7906 -3.46115 -25.0448 20.3079 -1.58402 -23.0755 24.4542 0.717829 -20.6544 28.1193 3.35857 -17.8171 31.213 6.83902 -13.9582 34.0583 10.5622 -9.72232 35.8741 14.4486 -5.30443 36.5662 18.437 -0.952713 36.0596 22.6856 3.27736 34.1703 26.7824 6.76784 30.9229 30.4661 9.2383 26.4686 33.4311 10.5455 21.0822 35.0238 10.7792 16.6138 35.9798 10.433 11.9743 36.2808 9.61104 7.30609 35.9596 8.4216 2.71908 34.8997 6.6951 -2.39913 33.2462 4.667 -7.24197 31.1421 2.33402 -11.762 28.7058 -0.368432 -15.8925 26.171 -3.34697 -19.3468 23.4716 -6.76298 -22.223 20.6411 -10.5726 -24.3917 17.6825 -14.6444 -25.7684 13.7534 -19.8117 -26.3692 9.38717 -24.6293 -25.8927 4.39912 -28.6281 -24.6166 1.27359 1.33173 1.35283 1.32891 -0.0768457 -0.172904 -0.315335 -0.380561 0.0161212 -0.0572771 -0.194484 -0.242884 -0.909816 -0.852749 -0.851133 -0.836351 0.0388632 0.312549 0.402292 0.441123 -0.645324 -0.997524 -1.75738 -3.01051 -1.85682 -2.07075 -2.19621 -2.11932 -2.28622 -2.21248 -2.02011 -1.85443 -2.15526 -2.08148 -1.97915 -1.59502 -1.98526 -0.28409 0.930856 1.33467 1.54249 1.60114 1.68528 1.64243 1.67844 1.57367 1.48548 1.35026 -0.298046 -0.464994 -0.592942 -0.47305 1.422 1.37174 1.42075 1.43521 2.37923 2.15494 1.97665 1.87354 2.01018 1.87526 1.84338 1.87173 1.89713 1.88523 1.86375 1.879 0.829998 0.987758 1.2125 1.45119 0.664657 0.904394 1.09132 1.20208 1.43585 1.41925 1.476 1.21662 -0.183827 -0.0567025 -0.377458 -0.458441 -0.280354 -0.692086 -1.06707 -1.41342 -1.37347 -1.45941 -1.58083 -1.77993 -1.51505 -1.87811 -2.30607 -2.75269 -1.18396 -1.31792 -1.41524 -1.42371 -5.04947
1.06031 -28.8637 -23.9986 -3.24291 -29.6216 -23.2415 -7.59737 -29.7314 -22.4098 -11.8892 -29.1813 -21.4386 -15.9925 -27.9862 -20.2557 -20.3893 -25.8209 -18.5505 -24.1819 -22.9177 -16.5218 -27.2585 -19.3739 -14.3071 -29.5777 -15.2722 -12.1334 -30.8488 -11.7857 -10.6744 -31.6788 -8.05744 -9.5297 -32.07 -4.15479 -8.81147 -32.0235 -0.17333 -8.59867 -31.4907 4.08074 -8.96904 -30.4763 8.15157 -9.9268 -29.0095 11.93 -11.3726 -27.1211 15.3575 -13.1628 -23.4863 19.8837 -16.239 -18.9742 23.6782 -19.1381 -13.6522 26.8514 -21.3217 -7.70172 29.4229 -22.3903 -1.72536 31.243 -22.2287 4.30683 32.3516 -21.0286 10.2329 32.6544 -19.0674 15.9753 32.0689 -16.672 20.8972 30.7328 -14.4051 25.5384 28.5936 -12.1622 29.7616 25.6515 -10.0043 33.388 21.962 -7.91041 36.2887 17.5318 -5.7374 38.1777 12.6618 -3.39712 38.929 7.64695 -0.742233 38.5044 2.84678 2.34644 36.8086 -1.64457 6.21622 34.0502 -4.98691 10.6029 30.5383 -6.87753 15.3056 26.5747 -7.25663 20.0139 23.0182 -6.53958 23.7509 19.303 -5.06545 27.0902 15.4041 -3.04174 29.8885 11.2989 -0.649746 32.0222 6.36873 2.38284 33.526 1.34576 5.60419 33.9227 -3.56513 8.93905 33.1971 -8.17537 12.3116 31.4261 -11.7494 15.0863 29.2431 -15.077 17.695 26.5302 -18.2511 19.9957 23.3885 -21.3848 21.8243 19.9137 -24.9368 23.1174 15.7413 -28.5147 23.4377 11.4062 -31.9573 22.721 7.00927 -34.9936 21.0232 2.5826 -37.2193 18.6058 -1.70249 -38.4966 15.5853 -5.99263 -38.6469 12.1497 -10.156 -37.6744 8.45643 -13.9735 -35.8166 4.63355 -17.1662 -33.3794 0.591328 -19.6115 -30.7107 -3.73437 -21.1688 -28.1187 -8.33914 -21.7486 -25.709 -13.3015 -21.3026 -23.6114 -18.22 -19.875 -21.6466 -22.8742 -17.6149 -19.5338 -27.0619 -14.6772 -16.7948 -30.8544 -10.8746 -13.4997 -33.5919 -6.6327 -9.80597 -35.1137 -2.11761 -6.03003 -35.4036 2.57322 -3.26036 -34.8374 6.33081 -0.784349 -33.6468 10.147 1.31856 -31.9137 13.9791 3.0415 -29.7237 17.7669 4.52116 -27.003 21.6401 5.80497 -23.9248 25.3104 7.0738 -20.5248 28.6903 8.49547 -16.8214 31.6664 10.5419 -12.0357 34.4966 13.0219 -6.95309 36.2626 15.8266 -1.75571 36.7331 18.7382 3.3183 35.7959 21.6718 8.28163 33.2914 24.2095 12.5168 29.4008 26.2267 15.749 24.4011 27.7345 17.7542 18.6375 28.6176 18.3577 14.01 29.3407 18.153 9.32022 29.9587 17.1711 4.71451 30.497 15.4946 0.303373 31.002 12.8316 -4.48765 31.2929 9.58475 -8.92313 31.2289 5.90958 -13.0206 30.6437 1.91648 -16.764 29.4727 -2.08473 -19.9021 27.6382 -6.21697 -22.5074 25.159 -10.3797 -24.445 22.1204 -14.4488 -25.6438 17.6884 -19.2026 -26.1518 12.6705 -23.3519 -25.828 7.10846 -26.6546 -25.0181 1.60648 1.64539 1.64073 1.59391 0.17945 0.0996154 0.000992794 0.00501784 0.483627 0.493149 0.447031 0.492034 -0.0822567 0.0594776 0.124937 0.175831 1.05909 1.26845 1.22854 1.09962 -0.118793 -0.418004 -0.674346 -1.09103 0.437121 0.228732 0.00716544 0.0133014 -0.155971 -0.0150591 0.293996 0.598616 0.432891 0.591855 0.659309 0.746957 -0.561201 1.42773 -0.525271 -0.658867 -0.714416 -0.776994 -0.711595 -0.698514 -0.557146 -0.534445 -0.473168 -0.452624 -1.95596 -2.02761 -2.12371 -1.98863 -0.0386476 0.0231859 0.232084 0.426108 1.535 1.43476 1.32639 1.23676 1.3353 1.12066 0.995269 0.96775 1.03923 1.22883 1.52524 1.86388 1.01431 1.25824 1.48699 1.66527 0.775477 0.896717 0.980718 1.02142 1.21702 1.19157 1.2483 0.980215 -0.44363 -0.352958 -0.717166 -0.846059 -0.715015 -1.17095 -1.59273 -1.98382 -1.98108 -2.08083 -2.17931 -2.31546 -1.95686 -2.21451 -2.54474 -2.92063 -1.31101 -1.43113 -1.52353 -1.53147 -5.5039
0.571561 -29.3829 -26.6692 -3.8022 -29.3068 -25.9416 -7.98059 -28.7055 -24.5834 -11.8017 -27.6531 -22.5944 -15.1363 -26.2076 -20.0535 -18.3282 -24.0506 -16.5768 -20.7621 -21.3487 -12.875 -22.5202 -17.9954 -9.32647 -23.7048 -13.9022 -6.36513 -24.285 -10.2844 -4.79208 -24.6056 -6.39035 -3.99697 -24.6949 -2.40419 -4.03472 -24.5792 1.50068 -4.83325 -24.2441 5.51118 -6.35688 -23.6879 9.30807 -8.30424 -22.8763 12.9628 -10.426 -21.7477 16.5488 -12.5201 -19.2742 21.9171 -15.388 -15.6765 26.9439 -17.6125 -10.9127 31.1932 -19.1651 -5.17683 34.2545 -20.108 0.835596 35.9291 -20.4264 7.0409 36.558 -20.0339 13.1465 36.4603 -18.7046 18.8867 35.9032 -16.2972 23.53 35.0648 -13.3167 27.6617 33.7648 -9.7973 31.3062 31.7462 -6.08385 34.4589 28.787 -2.55536 37.0793 24.7497 0.542176 38.9229 19.9181 2.99523 39.859 14.6326 4.98239 39.7947 9.22947 6.87019 38.5328 3.65388 9.18164 36.0275 -1.22956 11.9919 32.4029 -5.0245 15.2297 27.8981 -7.47314 18.6551 23.6325 -8.39565 21.4978 19.1543 -8.22746 24.1519 14.6793 -6.96134 26.4965 10.4206 -4.65278 28.4097 6.00553 -0.914485 29.9251 2.15448 3.61391 30.5787 -1.30383 8.48481 30.2984 -4.71206 13.2453 29.0795 -7.81787 16.8117 27.3847 -11.2712 19.7171 25.1777 -15.0711 21.7563 22.6009 -19.0937 22.8384 19.7929 -23.6271 22.9647 16.4567 -27.8808 22.1422 12.8612 -31.5173 20.6195 8.84196 -34.1487 18.6451 4.27316 -35.3668 16.5473 -0.551233 -35.1073 14.4153 -5.5057 -33.4342 12.2997 -10.1837 -30.6509 10.0849 -14.2467 -27.2449 7.55401 -17.4487 -23.6374 4.3932 -19.7408 -20.3207 0.439686 -21.0166 -17.7587 -4.21446 -21.1981 -16.1955 -9.43722 -20.2449 -15.7286 -14.5875 -18.2737 -16.0147 -19.3532 -15.4743 -16.5518 -23.6254 -11.9972 -16.8327 -27.7103 -7.57232 -16.2295 -31.1814 -2.68021 -14.4033 -33.9344 2.36269 -11.3392 -35.829 7.19664 -8.27522 -36.6363 10.6709 -4.83668 -36.8094 13.8737 -1.2646 -36.2947 16.888 2.17941 -35.0228 19.826 5.36117 -32.8039 22.9156 7.75582 -29.7136 25.9665 9.16007 -25.9223 28.8382 9.61919 -21.6786 31.3627 9.33709 -16.2734 33.7718 8.9756 -10.5967 35.4282 9.38168 -4.73674 36.2002 11.1018 0.922464 35.8633 14.2908 6.04067 34.09 18.1155 9.80442 30.8163 21.5495 12.2841 26.1719 23.7507 13.8198 20.488 24.3657 14.5476 15.8351 24.1747 14.9409 11.1058 23.4647 14.9411 6.40966 22.5934 14.4094 1.77117 21.7956 12.9225 -3.4682 21.5716 10.3481 -8.32835 21.976 6.76116 -12.4839 22.7603 2.40683 -15.7586 23.4569 -2.19153 -18.1245 23.7051 -7.06382 -19.9757 23.1486 -12.0138 -21.53 21.5476 -16.7768 -22.9366 18.0077 -22.0087 -24.5473 13.0042 -25.9648 -25.8938 7.01771 -28.4112 -26.716 0.961492 0.845109 0.766385 0.718232 -0.652166 -0.665665 -0.696039 -0.621806 -0.075758 -0.00758548 -0.00397859 0.0677629 -0.517074 -0.43586 -0.478281 -0.565956 0.13151 0.162287 0.0299161 -0.108507 -1.3276 -1.739 -2.23126 -2.82277 -1.32362 -1.51682 -1.77318 -1.88012 -2.20996 -2.2301 -2.05602 -1.86285 -2.12779 -2.04446 -1.98659 -1.76568 -2.65474 -1.60984 0.757964 1.71438 2.03658 2.08259 2.09553 1.94795 1.87163 1.6602 1.46742 1.23422 -0.502629 -0.72124 -0.832336 -0.632254 1.39086 1.50101 1.72954 1.91643 2.98972 2.82186 2.61374 2.40012 2.35909 1.99815 1.72483 1.54153 1.43078 1.41009 1.52556 1.81896 1.09894 1.54174 1.958 2.25008 1.38843 1.46139 1.44547 1.36001 1.41624 1.27452 1.27335 1.00447 -0.380361 -0.231761 -0.534846 -0.602022 -0.416014 -0.830334 -1.22712 -1.62285 -1.66497 -1.85583 -2.0619 -2.28487 -1.95693 -2.17513 -2.39552 -2.61097 -0.812302 -0.798388 -0.917952 -1.13719 -4.7117
0.886986 -27.8968 -30.9164 -3.39166 -27.4223 -29.852 -7.31589 -26.4248 -28.0437 -10.7006 -25.0168 -25.5484 -13.4272 -23.2916 -22.5064 -15.7438 -20.9325 -18.5069 -17.2209 -18.1705 -14.3696 -18.0414 -14.8812 -10.4409 -18.4051 -10.9348 -7.09108 -18.4949 -7.44252 -5.16891 -18.4842 -3.64141 -3.96459 -18.4188 0.32293 -3.54197 -18.3227 4.2965 -3.85902 -18.1843 8.47408 -4.88196 -17.9753 12.4994 -6.38909 -17.6268 16.4044 -8.16306 -17.0361 20.2362 -10.0304 -15.4206 25.9524 -12.8367 -12.4889 31.2571 -15.3718 -8.02235 35.5822 -17.4938 -2.24691 38.3297 -18.9957 3.90373 39.2964 -19.5336 10.1063 38.9844 -18.8369 15.8661 38.0352 -16.606 20.7631 37.0744 -12.8443 24.251 36.4606 -8.531 27.0606 35.9487 -3.73613 29.5716 35.1159 1.17791 32.1226 33.4167 5.84177 34.8333 30.3581 9.84896 37.3318 25.9682 12.5407 39.1617 20.6755 13.7239 39.9924 15.0127 13.6594 39.6256 8.92309 12.7622 37.9322 3.10043 11.643 34.9274 -2.21994 10.8137 30.6609 -6.66933 10.6601 26.2207 -9.32489 11.2589 21.3387 -10.5872 12.5622 16.4947 -10.2337 14.4428 12.1684 -8.33264 16.6325 8.16329 -4.67076 19.1453 5.04105 -0.0577765 21.3216 2.29121 4.98848 22.9763 -0.699639 10.064 24.0049 -3.76787 14.0298 24.3146 -7.44694 17.4413 24.0622 -11.6482 20.0573 23.1997 -16.1283 21.7504 21.6833 -21.0898 22.5764 19.1537 -25.5195 22.4811 15.6802 -28.9516 21.7569 11.2764 -30.9748 20.6885 6.13219 -31.3495 19.5255 0.8723 -30.1828 18.2717 -4.24887 -27.6979 16.8169 -8.81709 -24.284 14.9218 -12.5472 -20.4961 12.3436 -15.2423 -16.8283 8.86259 -16.8818 -13.8431 4.50008 -17.4432 -11.9768 -0.457895 -17.0033 -11.3749 -5.79654 -15.6744 -11.9282 -10.934 -13.6918 -13.1936 -15.7177 -11.2129 -14.6675 -20.1742 -8.28074 -15.9751 -24.7258 -4.55003 -16.4617 -28.9471 -0.273438 -15.7794 -32.6879 4.40477 -13.8069 -35.7258 9.22409 -11.4399 -37.4582 12.8992 -8.48449 -38.516 16.4003 -5.13543 -38.7698 19.6912 -1.6565 -38.0623 22.7746 1.76432 -36.1188 25.7934 4.42329 -32.9214 28.4949 5.87425 -28.7327 30.7176 6.00155 -24.0411 32.319 4.871 -18.3264 33.3973 3.50531 -12.5718 33.7412 3.25961 -6.65763 33.4968 5.14224 -1.10129 32.6726 9.3792 3.26667 31.0987 14.6632 5.5828 28.6039 19.5734 6.5079 24.7903 22.9153 7.0685 19.4964 23.9086 7.70009 14.8953 23.6497 8.54328 10.2286 22.5844 9.41502 5.68315 21.2771 10.0074 1.15585 20.0968 9.89784 -4.21924 19.817 8.49899 -9.5354 20.5235 5.74641 -14.2493 21.8305 1.9194 -17.9834 23.0602 -2.37877 -20.6742 23.7674 -7.0844 -22.8152 23.5366 -11.9479 -24.6915 22.1113 -16.6425 -26.4682 18.6071 -21.7291 -28.5527 13.5075 -25.4157 -30.256 7.38548 -27.4541 -31.1856 1.02445 0.875869 0.797233 0.766567 -0.576872 -0.555581 -0.54524 -0.423988 0.16715 0.273777 0.312067 0.413536 -0.144384 -0.0363815 -0.0490289 -0.103247 0.63795 0.716914 0.616524 0.466446 -0.878373 -1.57431 -2.22478 -2.67333 -0.96106 -0.978103 -1.10954 -1.16639 -1.52508 -1.62058 -1.51779 -1.36055 -1.62136 -1.50907 -1.43043 -1.24201 -2.30033 -1.91188 -0.708178 1.00338 1.80936 1.97189 1.98347 1.78274 1.62129 1.30265 0.978883 0.617918 -1.19827 -1.4069 -1.45065 -1.1771 0.901377 1.04903 1.3013 1.4997 2.57356 2.39916 2.1819 1.95808 1.90381 1.5248 1.22895 1.02022 0.881087 0.828625 0.906656 1.15886 0.427573 0.920955 1.45818 1.89669 1.15867 1.31202 1.33679 1.26398 1.31336 1.15221 1.13626 0.870215 -0.482622 -0.266181 -0.481536 -0.466669 -0.221242 -0.592644 -0.955249 -1.32924 -1.36195 -1.55259 -1.75879 -1.97789 -1.64073 -1.84583 -2.05223 -2.25667 -0.453389 -0.453393 -0.625345 -0.946891 -4.66942
7.00878 -26.6655 -29.5173 2.59309 -26.4208 -29.1908 -1.6513 -25.5606 -28.2368 -5.55609 -24.2124 -26.6245 -8.99504 -22.4943 -24.414 -12.3533 -20.1145 -21.2538 -15.0411 -17.3453 -17.7847 -17.1844 -14.0853 -14.3632 -18.9067 -10.1987 -11.3874 -19.9853 -6.75533 -9.69067 -20.8423 -2.99432 -8.68108 -21.4548 0.938762 -8.44729 -21.8009 4.87734 -8.96383 -21.8618 8.99396 -10.2158 -21.5875 12.9227 -11.95 -20.9555 16.6967 -13.9188 -19.9181 20.371 -15.904 -17.4233 25.8037 -18.6285 -13.6147 30.7958 -20.5608 -8.51351 34.836 -21.464 -2.48592 37.4404 -21.2509 3.54451 38.4634 -19.9694 9.31056 38.3261 -17.5634 14.3648 37.5073 -13.9802 18.4349 36.4611 -9.35484 21.2846 35.5054 -4.65244 23.6981 34.4124 0.259547 26.1142 32.8533 5.04266 28.8569 30.4599 9.27295 32.008 26.9532 12.5186 35.1502 22.5094 14.2906 37.805 17.4485 14.608 39.589 12.0697 13.8033 40.2729 6.16896 12.1489 39.5152 0.397412 10.1146 37.2393 -4.93934 8.02588 33.4501 -9.43456 6.16614 29.1833 -12.1929 5.02058 24.2209 -13.6821 4.48808 19.0192 -13.7211 4.74561 14.1106 -12.3663 5.83967 9.33328 -9.46617 7.96816 5.5663 -5.69718 10.6828 2.48312 -1.48495 13.601 -0.420831 2.96304 16.3483 -3.0699 6.80218 18.2143 -6.06629 10.6495 19.4217 -9.43072 14.3668 19.7396 -13.0545 17.7693 19.012 -17.176 20.9705 16.8995 -21.0117 23.2905 13.4932 -24.1667 24.5382 9.00015 -26.2423 24.5926 3.76696 -26.9175 23.5056 -1.47922 -26.1998 21.3999 -6.39965 -24.2481 18.4531 -10.4822 -21.4632 14.8414 -13.3736 -18.4403 10.7466 -14.9074 -15.7118 6.19126 -15.1588 -13.8015 1.30772 -14.2869 -13.0449 -3.67027 -12.5824 -13.4907 -8.69432 -10.3043 -14.8305 -13.4621 -7.83391 -16.4891 -18.0938 -5.2988 -17.8477 -22.7627 -2.65577 -18.3667 -27.8948 0.464678 -17.4505 -32.7412 3.9313 -15.0843 -36.7512 7.76093 -11.6446 -39.4191 11.9317 -8.61215 -40.3511 15.4025 -5.59029 -40.2028 19.0021 -2.86813 -38.9766 22.6349 -0.696115 -36.7334 26.1508 0.790296 -33.4031 29.5112 1.33791 -29.3057 32.2506 0.986096 -24.7299 34.1297 -0.0431216 -19.959 35.0086 -1.65621 -14.2647 34.741 -2.86137 -8.66588 33.2242 -2.81639 -3.26598 30.7875 -0.972838 1.57136 27.9066 2.82389 5.57038 24.8896 7.71254 8.31717 22.0494 12.7909 10.3186 18.9326 17.2687 12.1778 14.9322 19.8088 13.6327 11.1922 21.4916 15.0233 6.97426 22.4525 16.1236 2.45508 23.0014 16.6564 -2.23233 23.5432 16.2194 -7.6925 24.357 14.3612 -12.8094 25.5222 11.1083 -17.0942 26.8372 6.79147 -20.2459 27.9001 2.09166 -22.2483 28.4653 -2.92508 -23.5676 28.2449 -8.04745 -24.5374 27.018 -13.0402 -25.4292 23.9395 -18.6582 -26.637 19.2713 -23.018 -27.9401 13.4415 -25.7154 -29.0518 1.54371 1.37706 1.25298 1.17915 -0.199922 -0.210023 -0.2346 -0.160977 0.373668 0.423226 0.402828 0.451134 -0.150868 -0.0757649 -0.113049 -0.190212 0.518365 0.5422 0.366229 0.127254 -1.25247 -1.78572 -2.18575 -2.52869 -0.794194 -0.80352 -0.922167 -0.959095 -1.29763 -1.38252 -1.28305 -1.14066 -1.42073 -1.31673 -1.21779 -0.972176 -1.96152 -1.58984 -0.871605 0.0454789 1.0285 1.5878 1.87552 1.85202 1.80064 1.5735 1.35668 1.11591 -0.605577 -0.815713 -0.967753 -0.841152 1.10139 1.14043 1.31109 1.45543 2.50527 2.33489 2.14128 1.94786 1.92028 1.5588 1.27331 1.07632 0.965836 0.990178 1.22913 1.70439 1.07944 1.4966 1.83731 2.07161 1.19376 1.28715 1.30805 1.2571 1.33275 1.17398 1.1145 0.759088 -0.718365 -0.640422 -0.974428 -1.04178 -0.842183 -1.23758 -1.6046 -1.95826 -1.94622 -2.08016 -2.2443 -2.44603 -2.11212 -2.32774 -2.53967 -2.73585 -0.900825 -0.826797 -0.874929 -1.04983 -5.2326
10.2233 -19.5839 -36.2388 5.89979 -20.4866 -35.8424 1.67057 -20.8822 -34.5689 -2.2378 -20.8144 -32.4748 -5.67687 -20.3217 -29.719 -9.05176 -19.2211 -25.9339 -11.8283 -17.4972 -21.9032 -14.1649 -15.0199 -17.9877 -16.1711 -11.6606 -14.5792 -17.4914 -8.46994 -12.5854 -18.5737 -4.85141 -11.3072 -19.3632 -0.973105 -10.8232 -19.8206 2.97852 -11.0959 -19.929 7.1668 -12.0779 -19.6472 11.212 -13.5184 -18.9808 15.138 -15.1493 -17.9064 18.9939 -16.7292 -15.3757 24.7405 -18.6613 -11.5649 30.0183 -19.5458 -6.51188 34.2033 -19.2091 -0.632651 36.7379 -17.736 5.11125 37.5262 -15.4035 10.4318 37.0933 -12.1541 14.8842 36.0351 -7.89852 18.1981 34.905 -2.72212 20.2752 34.0567 2.3879 21.9093 33.2463 7.66232 23.6693 32.1127 12.8356 26.0155 30.2274 17.5353 29.11 27.2466 21.3168 32.5143 23.2517 23.5996 35.6218 18.502 24.3373 37.9005 13.2762 23.8267 39.0375 7.40755 22.3138 38.6058 1.63678 20.1842 36.5927 -3.6272 17.682 33.1163 -7.953 14.994 29.1882 -10.5523 12.7714 24.5546 -11.9423 10.8416 19.5188 -11.9707 9.51279 14.5013 -10.6488 9.06141 9.31 -7.76126 9.7511 5.03671 -3.96924 11.5184 1.49579 0.232235 13.8793 -1.86218 4.57598 16.25 -4.97827 8.21377 17.7647 -8.52676 11.7004 18.464 -12.4312 14.8326 18.0366 -16.4023 17.3964 16.3353 -20.4613 19.4119 12.9947 -23.6161 20.4623 8.4514 -25.5068 20.5883 3.14981 -25.9354 19.875 -2.41843 -24.9333 18.4778 -7.5374 -22.6607 16.4339 -11.9891 -19.3973 13.7684 -15.3663 -15.5943 10.4881 -17.3502 -11.9097 6.67966 -17.7724 -8.93789 2.40224 -16.7094 -7.25467 -2.1069 -14.4529 -7.1335 -6.53725 -11.5178 -8.49345 -10.8496 -8.32667 -10.8052 -14.9295 -5.38732 -13.3606 -19.0868 -2.77651 -15.4487 -23.6095 -0.365224 -16.4762 -28.943 2.25047 -15.72 -34.2111 5.08234 -13.2239 -38.656 8.30039 -9.50889 -41.6204 12.0093 -6.27423 -42.6518 15.2626 -3.13302 -42.5002 18.7583 -0.417872 -41.2099 22.3741 1.60313 -38.8952 25.9334 2.77672 -35.535 29.3866 2.86934 -31.4923 32.2573 1.94089 -27.0677 34.2953 0.233021 -22.5305 35.3391 -2.30121 -17.1764 35.2369 -4.53392 -11.8768 33.8125 -5.59158 -6.57599 31.3874 -4.84139 -1.47797 28.4642 -2.06829 3.2589 25.4013 1.98969 7.14586 22.5845 6.36229 10.5458 19.6128 10.1782 13.8756 15.8898 12.2653 16.3422 12.409 13.5959 18.5856 8.43994 14.3749 20.375 4.11011 14.9755 21.4849 -0.468554 15.9214 21.6673 -5.88794 17.5012 20.4767 -11.0245 19.6944 17.9745 -15.4093 22.167 14.4383 -18.8269 24.3609 10.4149 -21.3222 26.0515 5.94365 -23.4145 26.931 1.21153 -25.4298 26.7625 -3.54462 -27.5694 24.9179 -9.10273 -30.4336 21.3166 -13.7753 -33.2078 16.2599 -17.2896 -35.3477 1.39704 1.27654 1.2034 1.16928 -0.180577 -0.170263 -0.182394 -0.104108 0.426686 0.467716 0.434909 0.469528 -0.145065 -0.0793869 -0.122274 -0.203019 0.500925 0.515575 0.329679 0.0880796 -1.26926 -1.73616 -2.04522 -2.31151 -0.520535 -0.483519 -0.560684 -0.567947 -0.898685 -0.999012 -0.925595 -0.807315 -1.10386 -1.00263 -0.885952 -0.602266 -1.55833 -1.21089 -0.663992 -0.105521 0.577292 1.12412 1.50044 1.51622 1.42189 1.11308 0.8159 0.540378 -1.14962 -1.26063 -1.27958 -1.03395 0.994909 1.09175 1.30344 1.48178 2.56386 2.425 2.26006 2.0886 2.07251 1.70949 1.41053 1.19191 1.05667 1.07023 1.3494 1.93027 1.37383 1.79402 2.10803 2.30792 1.39464 1.45272 1.43919 1.35468 1.39503 1.20117 1.11119 0.729594 -0.772894 -0.723313 -1.09184 -1.19799 -1.03241 -1.45496 -1.84534 -2.21568 -2.21006 -2.33217 -2.46503 -2.62197 -2.24208 -2.42147 -2.61318 -2.80761 -0.990471 -0.960588 -1.07108 -1.29451 -5.31501
10.8328 -15.0319 -38.6802 6.93562 -16.8528 -37.6028 3.32665 -18.3286 -35.4904 0.227155 -19.433 -32.5175 -2.27864 -20.1406 -28.9279 -4.5204 -20.4116 -24.2557 -6.25039 -19.9495 -19.3853 -7.72591 -18.5358 -14.6154 -9.12707 -15.9407 -10.3458 -10.1841 -13.0912 -7.76463 -11.1768 -9.62854 -6.05502 -12.0355 -5.79908 -5.35053 -12.7049 -1.87647 -5.60266 -13.1984 2.25218 -6.7109 -13.4816 6.23083 -8.32578 -13.5911 10.1542 -10.0901 -13.5319 14.1446 -11.6997 -13.0138 20.4656 -13.4136 -11.5904 26.868 -13.7916 -8.84097 32.756 -12.8267 -4.64631 37.386 -10.7951 0.29362 40.1243 -8.12061 5.44243 41.2021 -4.74684 10.0459 40.9751 -0.52657 13.5452 39.9327 4.54511 15.6615 38.625 9.54086 17.1763 37.0057 14.6624 18.6884 34.8882 19.5996 20.7212 32.0215 23.935 23.5062 28.2234 27.1874 26.6884 23.7458 28.7952 29.7135 18.887 28.7475 32.0938 13.8629 27.3858 33.6039 8.41015 24.9342 33.8593 3.05496 21.8878 32.7902 -1.99023 18.5075 30.3162 -6.39451 14.9712 27.0574 -9.23362 12.065 22.798 -10.8702 9.55405 17.8701 -10.9837 7.87227 12.8887 -9.54178 7.39073 7.88352 -6.42617 8.39271 3.9177 -2.54372 10.6204 0.537617 1.54503 13.381 -3.03006 5.61841 15.9193 -6.59236 8.90753 17.2343 -10.6355 11.8881 17.3117 -14.774 14.3345 15.8538 -18.4363 16.0822 12.8924 -21.3598 17.1688 8.20523 -22.6571 17.4554 2.73416 -22.2706 17.0984 -2.8713 -20.3714 16.1911 -8.09317 -17.3986 14.7867 -12.377 -13.6221 12.758 -15.6607 -9.45202 9.97648 -17.6692 -5.43695 6.39799 -18.1522 -2.29189 2.26202 -17.0294 -0.548396 -2.07642 -14.5004 -0.504222 -6.12676 -11.0579 -2.03176 -9.5802 -7.31641 -4.8356 -12.579 -3.60489 -8.30472 -15.353 -0.303319 -11.8816 -18.418 2.60213 -14.9781 -22.1804 5.22632 -17.0858 -27.1508 7.90903 -17.2241 -32.5592 10.5686 -15.204 -37.5125 13.3487 -11.412 -41.0968 16.3682 -7.74453 -42.516 18.9463 -3.92325 -42.5765 21.6859 -0.395148 -41.2821 24.5121 2.43176 -38.7519 27.2902 4.28993 -35.0051 29.955 4.77144 -30.555 32.09 3.89604 -25.8731 33.4703 1.95025 -21.3407 33.9846 -1.15987 -16.3222 33.4936 -4.2503 -11.4983 31.9842 -6.47383 -6.49453 29.722 -7.15365 -1.24214 27.0672 -5.98604 4.23986 24.2221 -3.39536 9.2555 21.4577 -0.256826 13.7786 18.4242 2.62151 17.8742 14.6227 4.29437 20.5731 11.0908 5.52738 22.7701 7.06468 6.53772 24.3104 2.68704 7.66212 25.0685 -1.86464 9.48326 24.8597 -7.05479 12.0569 23.4738 -11.7189 15.2077 21.0675 -15.5373 18.5393 17.8752 -18.5387 21.4716 14.2962 -20.9511 23.8465 10.2989 -23.3195 25.3489 6.03355 -25.9227 25.7214 1.718 -28.8322 24.4203 -3.39569 -32.6604 21.2248 -7.93121 -36.0834 16.4873 -11.8068 -38.327 0.871586 0.831491 0.842497 0.879219 -0.41092 -0.350733 -0.319865 -0.198772 0.372859 0.450918 0.453586 0.517697 -0.0771185 -0.00455945 -0.0507926 -0.137795 0.563535 0.599352 0.473153 0.348278 -0.839218 -1.18 -1.53423 -1.94211 -0.261377 -0.284734 -0.382145 -0.375223 -0.670081 -0.734799 -0.643453 -0.525227 -0.834752 -0.760882 -0.693728 -0.488828 -1.53695 -1.27147 -0.770149 -0.187146 0.57856 1.15712 1.45249 1.28889 0.986702 0.539229 0.21356 3.54656e-06 -1.58405 -1.58078 -1.50281 -1.18951 0.879623 0.994828 1.20792 1.37565 2.44158 2.28787 2.11501 1.94521 1.93941 1.59003 1.29776 1.06805 0.894112 0.834303 1.03633 1.68565 1.37566 1.97085 2.36491 2.58926 1.67446 1.71814 1.68367 1.57393 1.58315 1.35432 1.23385 0.829877 -0.688571 -0.653552 -1.04045 -1.16867 -1.02261 -1.46048 -1.8638 -2.24235 -2.23684 -2.34549 -2.45099 -2.57091 -2.15396 -2.3054 -2.48313 -2.67941 -0.883488 -0.907195 -1.09554 -1.36235 -4.80785
12.4571 -10.303 -40.5919 9.08734 -12.871 -39.2824 6.18026 -15.2553 -36.9311 3.88325 -17.352 -33.77 2.19649 -19.0781 -30.0497 0.864776 -20.5291 -25.2487 -0.0208521 -21.211 -20.1813 -0.695398 -20.8931 -15.0459 -1.33912 -19.3148 -10.1447 -1.88834 -17.1378 -6.84948 -2.50203 -14.1877 -4.23814 -3.17859 -10.6589 -2.50938 -3.91071 -6.81938 -1.72143 -4.76239 -2.60227 -1.81321 -5.69187 1.52117 -2.62026 -6.71046 5.51919 -3.84354 -7.80053 9.44897 -5.21717 -9.46581 15.4825 -7.21332 -10.6486 21.7928 -8.60714 -10.7095 28.3439 -9.09808 -9.12167 34.6875 -8.46764 -6.02973 39.8079 -6.6576 -1.9097 43.3573 -3.57831 2.34845 44.9709 0.701732 5.88329 44.7049 5.84846 8.11449 43.202 10.7382 9.67021 40.8232 15.5412 11.0662 37.7645 19.9957 12.8303 34.1174 23.8341 15.2958 29.8793 26.7872 18.2986 25.3039 28.4639 21.4147 20.5162 28.8236 24.1601 15.5538 28.05 26.2794 10.0491 26.2524 27.2729 4.50074 23.7521 27.0428 -0.873222 20.7369 25.4969 -5.77218 17.326 23.0105 -9.20307 14.2972 19.3504 -11.5849 11.4589 14.6773 -12.4876 9.34389 9.59816 -11.6985 8.50488 4.30862 -9.03499 9.33486 0.186049 -5.30554 11.5392 -3.14076 -1.0772 14.1502 -6.45514 3.49674 16.1143 -9.55035 7.44014 16.4403 -12.7239 11.0956 15.0976 -15.481 14.0097 12.0738 -17.3332 15.8943 7.80124 -18.0206 16.7543 2.27989 -17.2187 16.5062 -3.28728 -15.089 15.3955 -8.37932 -11.8733 13.5999 -12.6376 -8.0366 11.3281 -15.6839 -3.77075 8.56911 -17.5145 0.549293 5.36307 -17.9824 4.46918 1.77511 -17.0226 7.43933 -2.00761 -14.7581 9.07059 -5.84073 -11.4559 9.08517 -9.48846 -7.58913 7.50659 -12.7743 -3.72009 4.50892 -15.7925 -0.179696 0.656758 -18.6006 2.63195 -3.51157 -21.5364 4.78529 -7.49022 -24.942 6.57465 -11.0096 -29.4051 8.58482 -12.9413 -34.4809 11.2019 -12.6507 -39.3747 14.7105 -10.0464 -42.8439 18.897 -6.87367 -43.8368 22.2223 -3.32728 -43.1349 25.2291 -0.0137794 -40.9097 27.7151 2.60221 -37.5036 29.6297 4.26708 -33.0574 31.0624 4.61187 -28.1899 31.9464 3.62848 -23.3431 32.3134 1.53802 -18.848 32.1873 -1.86735 -14.0592 31.4319 -5.43007 -9.52571 30.0704 -8.2761 -4.68579 28.1799 -9.59099 0.638687 25.9397 -8.9197 6.36885 23.4449 -6.57774 11.6015 20.8672 -3.51702 16.1814 17.8397 -0.627335 20.1504 13.9145 1.11776 22.6684 10.2853 2.5203 24.665 6.21065 3.85078 26.0449 1.86527 5.47213 26.723 -2.54699 8.04819 26.5425 -7.40793 11.4239 25.317 -11.5793 15.2747 23.1785 -14.8803 19.1458 20.3115 -17.5436 22.4486 17.0617 -19.943 25.0594 13.432 -22.633 26.6568 9.62312 -25.8217 27.0046 5.87105 -29.4311 25.5909 1.50886 -34.0648 22.3275 -2.52046 -38.0161 17.6919 -6.42142 -40.4228 0.402456 0.427682 0.497262 0.579486 -0.674646 -0.587314 -0.535983 -0.396558 0.192398 0.287678 0.310011 0.396782 -0.171023 -0.0655115 -0.0716922 -0.113213 0.645945 0.747109 0.674092 0.593283 -0.541289 -0.810823 -1.14764 -1.66821 -0.133119 -0.251236 -0.38226 -0.3556 -0.600066 -0.616945 -0.506869 -0.400299 -0.739058 -0.699718 -0.667152 -0.502334 -1.60264 -1.40743 -0.997719 -0.490111 0.30852 1.00942 1.34231 1.15788 0.897382 0.554505 0.33692 0.192747 -1.36181 -1.36101 -1.30281 -1.01663 1.0287 1.12843 1.33604 1.50777 2.58431 2.4429 2.27822 2.10712 2.08682 1.70906 1.37917 1.11024 0.900624 0.808215 0.955657 1.49455 1.14616 1.80934 2.27794 2.54704 1.65297 1.70294 1.66818 1.55478 1.55696 1.31825 1.19094 0.786431 -0.727724 -0.687355 -1.07109 -1.19899 -1.05441 -1.4939 -1.89814 -2.27472 -2.26074 -2.35037 -2.42735 -2.51409 -2.06834 -2.2019 -2.37442 -2.57846 -0.808447 -0.890351 -1.14973 -1.42852 -4.34382
16.9185 -5.12884 -42.4226 13.5579 -7.94368 -41.7536 10.5205 -10.613 -39.9334 8.02251 -12.9831 -37.1392 6.14358 -14.9325 -33.6271 4.6753 -16.5724 -28.9278 3.7965 -17.4181 -23.8839 3.28421 -17.3315 -18.7208 2.93953 -16.1372 -13.6826 2.67645 -14.3644 -10.1207 2.35242 -11.8513 -7.04202 1.91331 -8.69282 -4.64827 1.31473 -5.0754 -3.08145 0.45511 -0.921822 -2.35591 -0.646629 3.23465 -2.52204 -1.98326 7.23717 -3.36536 -3.5119 11.0544 -4.63414 -6.0451 16.6625 -6.93493 -8.32283 22.4817 -8.96228 -9.68881 28.8093 -10.0832 -9.55335 35.3671 -9.71216 -7.9139 41.0156 -7.60003 -5.27245 45.1673 -3.74768 -2.48128 47.1713 1.47227 -0.332692 46.8781 7.33334 0.801974 44.9708 12.454 1.43418 41.9297 17.0908 2.08189 38.1181 21.1156 3.25914 33.8156 24.4697 5.28215 29.1576 27.1101 8.01017 24.439 28.8579 11.0343 19.6593 29.7357 13.8685 14.6875 29.8389 16.2601 9.04175 29.1835 17.7037 3.21303 27.7816 18.1726 -2.53696 25.6041 17.6854 -7.89194 22.5857 16.3963 -11.8026 19.3963 14.0667 -14.7937 15.8252 10.5177 -16.4073 12.3718 5.98573 -16.2528 9.81009 0.565202 -13.9577 8.75563 -3.96587 -10.1511 9.6171 -7.3444 -5.53433 11.3592 -9.963 -0.316861 12.6572 -11.7832 4.36158 12.4668 -13.147 8.84837 10.6653 -13.8261 12.5237 7.30859 -13.6483 14.9228 2.89836 -12.3977 15.9355 -2.49681 -10.1488 15.3697 -7.62713 -7.0846 13.5506 -11.986 -3.41336 10.8095 -15.2581 0.469108 7.59475 -17.1952 4.48198 4.04359 -17.8635 8.37019 0.347526 -17.246 11.8325 -3.36228 -15.3994 14.4805 -6.96117 -12.5193 16.0093 -10.4758 -8.83576 16.1093 -13.8752 -4.75011 14.6666 -17.1166 -0.791555 11.733 -20.3067 2.65018 7.85233 -23.4062 5.09218 3.63215 -26.6381 6.63297 -0.392419 -30.2714 7.74289 -4.02401 -34.8356 9.26734 -6.26462 -39.6838 12.0636 -6.59781 -43.6919 16.5543 -5.05184 -45.4106 22.122 -3.07158 -44.6342 26.3155 -0.98938 -42.1778 29.742 0.725506 -38.5383 32.1758 1.77948 -34.211 33.6842 1.99552 -29.319 34.4684 1.19673 -24.4271 34.6235 -0.599919 -19.8177 34.2797 -3.21957 -15.6795 33.5018 -6.9903 -11.356 32.0226 -10.7223 -7.27865 29.8903 -13.5195 -2.86883 27.0927 -14.4409 2.03013 23.8914 -12.9158 7.19301 20.647 -9.44796 11.6616 17.9057 -5.21049 15.4855 15.273 -1.22841 19.104 12.0238 1.17001 21.7904 8.92759 3.01515 24.3216 5.35765 4.59198 26.5346 1.46249 6.34912 28.2517 -2.602 9.07692 29.3647 -7.25142 12.6929 29.2727 -11.4002 16.8437 27.9294 -14.7564 20.9923 25.511 -17.4469 24.5028 22.4599 -19.812 27.2885 18.9039 -22.4238 29.0767 15.1121 -25.5305 29.6767 11.3608 -29.1076 28.6946 6.99979 -33.8525 25.9683 2.96302 -38.185 21.8517 -1.01741 -41.3009 0.37053 0.37824 0.427722 0.492629 -0.775386 -0.698736 -0.656511 -0.527003 0.0522658 0.140057 0.158513 0.247516 -0.310832 -0.188767 -0.173528 -0.192951 0.588557 0.701872 0.625861 0.53459 -0.602611 -0.844452 -1.11073 -1.55837 0.00623374 -0.102706 -0.213235 -0.143271 -0.329567 -0.294105 -0.156597 -0.0491742 -0.402802 -0.381461 -0.363032 -0.212639 -1.33865 -1.19473 -0.88629 -0.559514 -0.0117316 0.594459 1.06309 1.08745 1.02752 0.838721 0.728605 0.64708 -0.878476 -0.87533 -0.830821 -0.566628 1.45484 1.53171 1.71921 1.87618 2.94604 2.80634 2.64836 2.48269 2.46043 2.07014 1.72089 1.4367 1.23036 1.17275 1.35907 1.81578 1.20544 1.63772 1.97499 2.18604 1.27004 1.31589 1.2854 1.17884 1.18605 0.94243 0.797195 0.366745 -1.17257 -1.14652 -1.52853 -1.64519 -1.48971 -1.91857 -2.30714 -2.66019 -2.61295 -2.66252 -2.70321 -2.76375 -2.30357 -2.43043 -2.59917 -2.7978 -1.01389 -1.06104 -1.26772 -1.51067 -4.39899
18.9983 2.11357 -45.9859 16.0633 -1.17277 -45.4857 13.4053 -4.29084 -43.7894 11.2306 -7.05344 -41.0869 9.61507 -9.3371 -37.646 8.38902 -11.3242 -33.0117 7.71238 -12.535 -28.0112 7.39885 -12.9053 -22.8447 7.27805 -12.3147 -17.6906 7.2079 -11.1036 -13.8922 7.07854 -9.18767 -10.3977 6.79944 -6.57697 -7.39677 6.27326 -3.37098 -5.08515 5.33223 0.531302 -3.53469 3.94012 4.57113 -3.0258 2.107 8.43949 -3.46477 -0.0822572 11.9567 -4.62831 -3.83353 16.6671 -7.25521 -7.51783 21.3788 -9.97292 -10.3941 26.9734 -11.867 -11.6105 33.4283 -11.9781 -10.9361 39.2734 -9.87244 -9.07066 43.5791 -5.74522 -7.09635 45.716 -0.214387 -5.88914 45.7368 5.91723 -5.64769 44.351 11.318 -5.88814 42.0158 16.3813 -6.05588 38.991 21.0684 -5.62579 35.4332 25.3467 -4.29163 31.364 29.1445 -2.16729 26.9568 32.1153 0.338764 22.2053 34.0913 2.74391 17.0886 34.9839 4.82372 11.2905 34.7036 6.2583 5.487 33.192 7.21599 -0.0176015 30.5832 7.89307 -5.01785 27.0388 8.19587 -8.75961 23.4285 7.96907 -11.9788 19.3404 6.7483 -14.4846 14.9407 4.14289 -15.8889 10.6552 -0.39233 -15.6076 6.76753 -5.45357 -13.1437 4.74885 -9.70888 -8.95883 4.37199 -12.4629 -3.65312 4.54015 -13.488 1.24894 4.14483 -13.3401 6.07509 2.75792 -12.1253 10.2532 0.246909 -10.0357 13.2915 -3.16477 -6.9279 15.0181 -7.53031 -3.28476 14.9333 -11.8219 0.653241 13.2272 -15.466 4.67575 10.2481 -18.0432 8.4545 6.59741 -19.2898 12.0397 2.55929 -19.2686 15.3342 -1.53178 -18.0159 18.2138 -5.42991 -15.6342 20.4588 -8.94671 -12.3401 21.8703 -12.1284 -8.32226 22.1731 -15.0621 -3.89956 21.1609 -17.9019 0.478653 18.7142 -20.9342 4.40895 15.1967 -24.1938 7.1713 11.2203 -27.7678 8.60054 7.3642 -31.7114 9.05582 3.64678 -36.4482 9.35292 0.508504 -41.4024 10.7495 -1.96177 -45.6337 14.2618 -3.51866 -47.6223 19.7357 -4.02039 -46.9262 24.3587 -4.0061 -44.4164 28.3349 -3.74137 -40.6843 31.1831 -3.52289 -36.3079 32.889 -3.6375 -31.4142 33.6838 -4.37089 -26.5098 33.726 -5.88087 -21.814 33.2143 -8.13923 -17.504 32.2573 -11.4893 -12.9184 30.5697 -14.8209 -8.62571 28.2094 -17.1695 -4.15114 25.1175 -17.5449 0.577781 21.5689 -15.3969 5.30413 18.0257 -11.4037 9.25747 15.209 -6.80831 12.7934 12.7825 -2.64043 16.6043 10.0233 -0.216884 19.7876 7.46444 1.57275 23.0649 4.52978 3.05226 26.2071 1.29042 4.70652 28.98 -2.19241 7.33587 31.3886 -6.38546 10.8917 32.5283 -10.4294 15.0277 32.2364 -14.0496 19.208 30.679 -17.2741 22.799 28.3435 -20.2535 25.7433 25.4724 -23.4652 27.812 22.3353 -27.0854 28.8386 19.1382 -31.0795 28.557 15.1965 -36.2642 26.6054 11.1824 -41.0158 23.2415 6.84428 -44.5319 0.280955 0.311241 0.37805 0.456727 -0.799299 -0.713758 -0.668209 -0.541815 0.0302035 0.110918 0.12453 0.213322 -0.339885 -0.207346 -0.176542 -0.177206 0.626454 0.755921 0.681179 0.586882 -0.54573 -0.768049 -0.988712 -1.36022 0.284496 0.23565 0.159949 0.23817 0.0386443 0.0506748 0.168825 0.269716 -0.0759395 -0.0369329 -0.0093806 0.114211 -1.08852 -1.06382 -0.924138 -0.822043 -0.570184 -0.207278 0.315451 0.632441 0.853374 0.862021 0.894308 0.915782 -0.530328 -0.469547 -0.391278 -0.113687 1.90647 1.97237 2.14323 2.28286 3.34135 3.20253 3.05998 2.91978 2.92403 2.54986 2.19595 1.88119 1.61893 1.48185 1.53921 1.78052 0.963891 1.28075 1.57476 1.78387 0.881185 0.942993 0.927609 0.835833 0.858924 0.629111 0.490078 0.0578898 -1.4878 -1.4702 -1.86377 -1.99749 -1.85826 -2.29611 -2.6832 -3.02134 -2.94575 -2.95853 -2.96811 -3.01274 -2.55451 -2.69514 -2.88284 -3.10038 -1.33352 -1.38765 -1.57861 -1.78247 -4.54559
19.9793 7.00114 -45.6723 18.1594 3.01741 -44.9776 16.4818 -0.716265 -43.2716 15.0534 -4.04631 -40.7152 13.9085 -6.87897 -37.501 12.9067 -9.49555 -33.1332 12.1974 -11.3044 -28.3214 11.7079 -12.214 -23.236 11.3726 -12.0865 -18.0591 11.1658 -11.1823 -14.1811 10.9451 -9.54126 -10.5538 10.6198 -7.18683 -7.35224 10.0685 -4.22192 -4.74376 9.06895 -0.548927 -2.73692 7.50508 3.30553 -1.63483 5.31725 7.00337 -1.39747 2.56722 10.2777 -1.88066 -2.36528 14.2653 -3.59198 -7.55591 17.6667 -5.7479 -12.3697 21.6791 -7.71965 -15.9358 27.0954 -8.77094 -17.4077 33.1366 -8.14621 -17.026 38.7888 -5.50813 -15.6628 42.8371 -0.946735 -14.4256 44.6181 4.91424 -13.9892 44.3128 10.4697 -14.1459 42.6068 15.7812 -14.4869 39.9634 20.6846 -14.5279 36.7155 25.2229 -13.9216 32.9559 29.496 -12.6106 28.8412 33.2527 -10.8155 24.3374 36.295 -8.87433 19.386 38.4109 -6.94516 13.6208 39.4421 -5.33497 7.68062 39.0611 -3.9769 1.92543 37.3128 -2.74805 -3.33697 34.3429 -1.84399 -7.21593 30.9868 -1.2667 -10.4136 26.9164 -1.35619 -12.6966 22.236 -2.43056 -13.7477 17.2493 -4.91998 -13.136 11.8465 -8.2081 -10.6525 7.51254 -11.4278 -6.76138 4.31002 -13.7956 -1.98803 1.59485 -14.6351 2.27273 -0.930692 -14.1449 6.27256 -3.93035 -12.274 9.44892 -7.34316 -9.25325 11.3732 -10.8658 -4.99512 11.8861 -14.5131 -0.345429 10.865 -17.519 4.33697 8.66818 -19.7432 8.86896 5.64004 -21.1538 12.9988 2.20802 -21.7251 16.8662 -1.55287 -21.4804 20.3936 -5.47678 -20.3314 23.4369 -9.38883 -18.188 25.7442 -13.0392 -15.088 27.1188 -16.314 -11.1327 27.3516 -19.1159 -6.62119 26.3499 -21.4953 -1.97438 24.058 -23.7486 2.53107 20.7288 -26.1199 6.26239 16.758 -28.9054 8.9274 12.6087 -32.2142 10.4971 8.25474 -36.2978 11.3407 4.07643 -40.5679 12.1486 -0.168629 -44.4348 13.9844 -4.38687 -46.7974 17.5853 -7.12478 -46.7231 21.4072 -8.84878 -44.7655 25.3193 -9.4173 -41.3565 28.5075 -9.13558 -37.1529 30.5955 -8.50245 -32.3578 31.6905 -8.17188 -27.4172 31.9595 -8.65571 -22.4898 31.6794 -10.1803 -17.8176 31.0184 -13.141 -12.8342 29.7951 -16.4994 -8.32116 27.9374 -19.0812 -3.75842 25.1785 -19.6459 0.933902 21.6067 -17.4927 5.36671 17.7055 -13.3998 8.81993 14.4147 -8.82294 12.0124 11.5221 -5.00691 15.9418 8.4394 -3.14956 19.4867 5.88239 -2.10894 23.2637 3.19802 -1.40351 27.0095 0.364973 -0.4137 30.4967 -2.70345 1.66636 33.8402 -6.54919 4.90366 35.9508 -10.4685 8.9009 36.6196 -14.193 13.0984 36.0186 -17.7026 16.8569 34.5855 -21.0263 20.131 32.5613 -24.5492 22.7047 30.1008 -28.3635 24.4089 27.2651 -32.3986 25.1812 23.1849 -37.424 24.4792 18.3971 -41.7923 22.5761 12.9096 -44.7527 0.138216 0.243691 0.362545 0.474063 -0.761976 -0.667483 -0.621082 -0.498738 0.0668918 0.140941 0.146712 0.226362 -0.337807 -0.218017 -0.198502 -0.20504 0.601737 0.759786 0.731052 0.696572 -0.35694 -0.482856 -0.61862 -0.963155 0.655177 0.571642 0.475332 0.552807 0.368824 0.405445 0.548706 0.670265 0.340808 0.392068 0.42805 0.559086 -0.634772 -0.602521 -0.465405 -0.396606 -0.24917 -0.115531 0.100306 0.199922 0.368813 0.403557 0.492198 0.578031 -0.80027 -0.670719 -0.525812 -0.189949 1.87677 1.97763 2.17437 2.33343 3.40755 3.28363 3.15964 3.04671 3.09086 2.76779 2.4655 2.18162 1.89606 1.64218 1.50502 1.53337 0.569643 0.821018 1.11619 1.36911 0.521702 0.627223 0.63909 0.565082 0.604427 0.39199 0.268231 -0.152663 -1.69067 -1.66926 -2.06565 -2.21097 -2.08526 -2.53202 -2.92068 -3.25069 -3.15801 -3.14909 -3.14097 -3.17644 -2.71796 -2.86407 -3.06071 -3.28895 -1.53099 -1.57102 -1.68853 -1.75775 -4.25894
26.3628 7.20996 -43.4617 25.5347 2.87736 -43.0058 24.52 -1.23722 -41.6998 23.3918 -4.96712 -39.5831 22.2115 -8.17162 -36.7541 20.8256 -11.1192 -32.7144 19.4864 -13.0986 -28.1083 18.2317 -14.0263 -23.1592 17.0796 -13.8294 -18.1034 16.2482 -12.8802 -14.3209 15.4255 -11.2479 -10.7772 14.5326 -8.98727 -7.61625 13.453 -6.20772 -4.96907 11.9256 -2.8163 -2.80508 9.8687 0.706188 -1.43462 7.21561 4.04583 -0.864703 4.03038 6.93512 -1.01715 -1.48772 10.2486 -2.33264 -7.21614 12.7891 -4.30508 -12.7231 15.726 -6.35611 -17.4593 20.0182 -7.87426 -20.6697 25.3723 -8.15754 -22.4889 31.1898 -6.77894 -23.3561 36.4215 -3.47264 -23.8894 40.0463 1.58999 -24.4163 41.3439 6.99227 -25.0004 40.7903 12.5149 -25.4611 38.7985 17.7079 -25.5706 35.8844 22.4665 -25.1489 32.3407 26.9416 -24.1403 28.4412 31.0083 -22.6208 24.2033 34.5429 -20.7327 19.5568 37.3011 -18.4569 14.1009 39.0552 -16.0797 8.41406 39.2343 -13.6888 2.9208 37.7747 -11.3252 -1.99186 34.8933 -9.39804 -5.54607 31.6099 -7.64242 -8.53168 27.7201 -6.24404 -10.9453 23.3217 -5.43851 -12.7129 18.4892 -5.48495 -13.7253 12.5954 -6.58838 -13.3297 6.73117 -8.33677 -11.3591 1.36248 -9.96333 -7.93813 -3.26512 -10.557 -4.25325 -6.62762 -9.99976 -0.241822 -9.59999 -8.05481 3.55373 -12.2548 -4.78839 6.56122 -14.6048 0.00765689 8.48074 -16.8431 5.33546 8.65785 -18.6542 10.5995 7.22766 -20.0477 15.4332 4.5125 -21.028 19.5269 1.02731 -21.5339 23.0655 -3.05153 -21.4964 26.0467 -7.48842 -20.7305 28.4204 -12.0337 -19.0376 30.0488 -16.3245 -16.355 30.8359 -20.1379 -12.736 30.6884 -23.2775 -8.4489 29.601 -25.7483 -3.86947 27.5419 -27.8365 0.8241 24.6567 -29.801 5.11898 21.1029 -31.9741 8.76285 17.076 -34.5089 11.5892 12.3532 -37.5848 13.729 7.34884 -40.6252 15.163 1.98073 -43.081 16.3867 -3.72616 -44.2432 17.9437 -8.08637 -43.7534 19.6344 -11.8757 -41.8731 21.6872 -14.648 -38.7586 23.8606 -16.2553 -34.8087 25.8416 -16.9474 -30.1748 27.4662 -17.1794 -25.3275 28.4872 -17.5491 -20.3964 28.8602 -18.4631 -15.5317 28.5597 -20.3456 -10.0609 27.2852 -22.5364 -5.08612 24.9295 -24.0195 -0.552811 21.4158 -23.7258 3.40199 17.0148 -21.0319 6.58242 12.3101 -16.5844 8.85901 8.49646 -11.5333 11.2419 5.61286 -6.95997 14.813 3.1965 -4.40721 18.4156 1.44731 -2.71731 22.4837 -0.327432 -1.57339 26.6573 -2.28392 -0.463528 30.6459 -4.61089 1.34558 34.6671 -7.90541 4.0472 37.5593 -11.7307 7.51016 39.0103 -15.7556 11.3559 39.0396 -19.6936 15.0097 37.9675 -23.2612 18.4252 36.0362 -26.701 21.4189 33.396 -30.0619 23.8507 30.1415 -33.3364 25.968 25.3159 -37.1743 27.022 19.7604 -40.4186 27.0946 13.6376 -42.6559 0.18804 0.330977 0.464718 0.576211 -0.668825 -0.589033 -0.560846 -0.461808 0.0765184 0.121522 0.0940236 0.138529 -0.460866 -0.373613 -0.38067 -0.407287 0.382459 0.535661 0.517398 0.508009 -0.499418 -0.543271 -0.55061 -0.753125 0.953735 0.895341 0.789326 0.851589 0.663162 0.70759 0.861535 0.986025 0.647303 0.679141 0.691163 0.796188 -0.428017 -0.436244 -0.358354 -0.368296 -0.31992 -0.292946 -0.160606 -0.08736 0.12145 0.230448 0.413224 0.599701 -0.675111 -0.449505 -0.229947 0.155972 2.24916 2.35711 2.54566 2.68511 3.73337 3.58392 3.44209 3.32572 3.38426 3.09208 2.83019 2.58632 2.32669 2.05276 1.82062 1.68482 0.5445 0.641638 0.80753 0.976059 0.0970064 0.216345 0.263839 0.229656 0.311825 0.144081 0.0558839 -0.348515 -1.89134 -1.89213 -2.31681 -2.48253 -2.36317 -2.80761 -3.18768 -3.50516 -3.39823 -3.37593 -3.35884 -3.38894 -2.92631 -3.06673 -3.25298 -3.46105 -1.65925 -1.60848 -1.59373 -1.52704 -3.99643
27.9042 8.44919 -43.8312 28.1018 4.04991 -43.3093 27.9194 -0.181135 -41.9941 27.3673 -4.05608 -39.9096 26.4842 -7.41424 -37.1513 25.1196 -10.5484 -33.2472 23.5367 -12.754 -28.8247 21.8823 -13.9941 -24.0652 20.2818 -14.2155 -19.134 19.1339 -13.6361 -15.3596 18.0487 -12.3737 -11.7364 16.9614 -10.4322 -8.42775 15.7522 -7.88287 -5.61037 14.1363 -4.63217 -3.29984 12.007 -1.17655 -1.8712 9.26362 2.0951 -1.33582 5.95376 4.83524 -1.56498 0.187704 7.68211 -2.90856 -5.90239 9.56465 -4.49744 -11.9378 11.8843 -5.65925 -17.2874 15.6803 -6.01877 -21.1327 20.5733 -5.44894 -23.8839 25.9602 -3.87884 -26.3003 31.0013 -1.08577 -29.0242 34.7805 3.0797 -31.7176 36.3589 7.70566 -34.2558 36.0259 12.6647 -36.204 34.1047 17.5289 -37.3129 31.1601 22.1383 -37.5332 27.5996 26.6144 -36.9256 23.8199 30.8696 -35.6528 19.9202 34.8614 -33.8615 15.8301 38.4425 -31.4466 11.0753 41.5381 -28.5709 5.93566 43.3651 -25.3017 0.707808 43.4275 -21.8156 -3.99417 41.4884 -18.8962 -7.06726 38.462 -16.1564 -9.11171 34.5326 -13.6779 -10.1977 30.0824 -11.498 -10.5579 25.366 -9.41829 -10.3795 19.7617 -7.89119 -9.7933 14.0095 -6.9646 -8.80577 8.18454 -6.4746 -7.25892 2.42861 -6.02534 -5.39517 -2.21488 -5.09585 -3.03079 -6.54878 -3.2133 -0.395391 -10.389 -0.105774 2.02901 -13.5038 4.66374 3.78147 -15.9278 10.1187 3.93036 -17.3122 15.4849 2.38795 -18.0343 20.2708 -0.536084 -18.5261 24.1741 -4.23696 -19.003 27.4504 -8.50774 -19.4345 30.1887 -13.1607 -19.545 32.4036 -18.0479 -18.938 33.9665 -22.855 -17.2926 34.7449 -27.3039 -14.4891 34.6177 -31.0471 -10.7168 33.5889 -33.9337 -6.37308 31.6652 -36.1449 -1.67842 29.0001 -37.8545 2.86076 25.6885 -39.3748 7.02638 21.7962 -40.8888 10.6579 16.9634 -42.5253 13.8689 11.5967 -43.9071 16.2426 5.8303 -44.6242 17.8483 -0.0920131 -44.1942 18.8902 -4.52764 -42.765 19.5166 -8.48256 -40.29 20.1019 -11.6365 -36.8594 20.7284 -13.8006 -32.7406 21.4081 -15.0877 -28.0058 22.1266 -15.7485 -23.1307 22.7498 -16.3294 -18.2229 23.159 -17.3109 -13.3622 23.2045 -19.2824 -7.81565 22.5369 -21.8022 -2.7726 20.7162 -23.9279 1.68867 17.4489 -24.4478 5.43011 12.8853 -22.4382 8.34137 7.68996 -18.2062 10.43 3.53858 -12.9886 12.7887 0.946308 -8.14499 16.5399 -0.458636 -5.48166 20.396 -1.22738 -3.83166 24.7629 -2.1006 -2.9019 29.2191 -3.45457 -2.18036 33.4017 -5.58556 -1.01349 37.4412 -9.13757 0.930182 40.1013 -13.5469 3.65477 41.1528 -18.2126 6.91367 40.7494 -22.6302 10.233 39.3316 -26.3984 13.5697 37.1594 -29.7713 16.7612 34.3904 -32.8331 19.6775 31.1054 -35.6495 22.7963 26.3404 -38.8224 25.233 20.8992 -41.4598 26.9455 14.8721 -43.2602 0.0659844 0.243703 0.401329 0.526203 -0.714721 -0.640831 -0.627819 -0.551272 -0.0361341 -0.0105753 -0.0539834 -0.0201874 -0.625658 -0.541311 -0.549585 -0.576133 0.216321 0.381489 0.383564 0.402066 -0.568278 -0.559668 -0.48792 -0.579801 1.24927 1.29976 1.27961 1.4011 1.25072 1.31799 1.48162 1.59998 1.235 1.22237 1.18577 1.25299 0.00810163 -0.0142821 0.0425206 -0.00538339 -0.0202683 -0.0837253 -0.0555699 -0.0899375 0.026887 0.0663311 0.204352 0.378355 -0.874237 -0.597738 -0.320842 0.110613 2.23191 2.35389 2.54648 2.68329 3.72631 3.57356 3.43456 3.33054 3.4136 3.15914 2.94665 2.76189 2.57085 2.36618 2.18302 2.05886 0.896399 0.958376 1.08357 1.21485 0.310146 0.423233 0.482858 0.470686 0.579855 0.440738 0.378194 -0.00743936 -1.54151 -1.54636 -1.98611 -2.16868 -2.05946 -2.50891 -2.89193 -3.21483 -3.12048 -3.11814 -3.12294 -3.1711 -2.71855 -2.85986 -3.03742 -3.22667 -1.39088 -1.28522 -1.20065 -1.05949 -3.35169
26.6985 11.1666 -45.6012 27.8186 7.13099 -44.1438 28.5212 3.28224 -42.0561 28.7476 -0.270079 -39.4114 28.4689 -3.44026 -36.3232 27.5259 -6.59878 -32.3154 26.0214 -9.14737 -28.0529 24.0972 -11.0777 -23.6372 21.8855 -12.3239 -19.1114 20.0501 -12.7078 -15.5925 18.1166 -12.4922 -12.1121 16.0827 -11.5948 -8.80204 13.9308 -10.0119 -5.84206 11.4376 -7.66756 -3.23354 8.69105 -4.94897 -1.34103 5.60754 -2.20575 -0.123452 2.14952 0.255535 0.583504 -3.71658 3.16774 1.0968 -9.82756 5.51144 1.66128 -15.5532 8.59972 2.57443 -19.9647 13.3508 3.63306 -22.417 19.0274 4.53389 -23.8763 25.014 5.57442 -25.8145 30.6471 7.46206 -29.1625 34.8358 10.6709 -33.0482 36.3678 14.372 -36.9641 35.6932 18.2906 -40.3131 33.4018 22.1221 -42.8835 30.1719 25.8782 -44.6847 26.3448 29.7344 -45.6395 22.1989 33.5635 -45.7085 17.7586 37.1747 -44.8067 13.0128 40.2449 -42.6524 7.69516 42.5042 -39.279 2.58897 43.2583 -34.9225 -1.68333 42.369 -30.0039 -4.6138 40.0796 -25.7312 -5.93721 37.4114 -21.5516 -6.32945 34.3287 -17.5948 -6.03615 30.9546 -13.9799 -5.32268 27.2737 -10.4411 -4.26513 22.5703 -7.76849 -3.18941 17.3297 -5.9912 -2.22242 11.7022 -4.81052 -1.41385 5.89574 -3.77762 -0.875123 1.00904 -2.22426 -0.503687 -3.75392 0.254407 -0.380562 -8.12168 3.77409 -0.605184 -11.699 8.64974 -1.35461 -14.4123 13.9362 -2.674 -15.8294 19.1884 -4.60427 -16.4498 24.1607 -7.21227 -16.8645 28.4843 -10.3982 -17.4258 32.1921 -14.2517 -18.1758 35.1322 -18.7299 -18.8543 37.185 -23.7214 -19.0274 38.2402 -28.8778 -18.2814 38.2924 -33.8482 -16.3971 37.4128 -38.1716 -13.432 35.7846 -41.5533 -9.66746 33.5253 -44.0237 -5.26033 30.879 -45.5709 -0.652343 27.9376 -46.3969 3.9624 24.7015 -46.6623 8.4443 20.7755 -46.4143 13.0127 16.3544 -45.6331 17.0362 11.4604 -44.2751 20.2841 6.28718 -42.2218 22.6005 2.31186 -39.996 23.7635 -1.35916 -37.1327 24.4225 -4.44681 -33.5965 24.6898 -6.72622 -29.484 24.7044 -8.21349 -24.7544 24.6042 -9.03055 -19.8637 24.5385 -9.6821 -14.9482 24.6012 -10.6991 -10.0979 24.7789 -12.8234 -4.56926 24.9103 -15.8905 0.463369 24.3087 -19.2286 4.84659 22.1315 -21.6196 8.34343 17.9903 -21.8818 10.8333 12.2251 -19.6093 12.5204 6.61303 -15.7688 14.6422 2.11265 -11.7941 18.2766 -1.12757 -9.53001 22.0219 -2.97163 -8.07637 26.2308 -4.62293 -7.19975 30.4763 -6.56262 -6.49134 34.3635 -9.19757 -5.43217 37.9257 -13.2577 -3.80311 40.0842 -18.0518 -1.55914 40.8525 -23.0189 1.21365 40.5309 -27.763 4.21916 39.4922 -31.9 7.47083 37.8569 -35.639 10.8316 35.6246 -38.948 14.1547 32.7577 -41.7705 18.0561 28.2986 -44.4896 21.5081 23.0192 -46.1364 24.4156 17.199 -46.5488 0.997186 1.22867 1.43388 1.59525 0.377651 0.456417 0.454773 0.499704 0.97443 0.956181 0.861982 0.840302 0.176056 0.202302 0.143318 0.0749907 0.82772 0.967478 0.963771 0.986521 0.0204065 0.0277117 0.0987168 0.0265086 1.90467 2.02319 2.07796 2.26723 2.17356 2.29055 2.50136 2.66339 2.33147 2.32625 2.25958 2.26169 0.939665 0.846137 0.842769 0.750455 0.704547 0.623192 0.640845 0.592192 0.681119 0.676981 0.751606 0.847356 -0.490016 -0.282408 -0.0361172 0.39881 2.5423 2.68891 2.89723 3.03339 4.05824 3.87567 3.70514 3.57874 3.65712 3.42131 3.25144 3.13168 3.02973 2.93477 2.86514 2.83903 1.7377 1.8317 1.97195 2.10705 1.2007 1.31186 1.37259 1.36425 1.47816 1.3399 1.26646 0.855492 -0.714774 -0.75061 -1.19227 -1.34283 -1.19212 -1.60703 -1.966 -2.28044 -2.1924 -2.20719 -2.22986 -2.29111 -1.84582 -1.99015 -2.16729 -2.35169 -0.502272 -0.366673 -0.232754 -0.0233767 -3.17974
30.3872 15.2038 -49.8644 31.768 11.2153 -48.5038 32.6577 7.31968 -46.5808 33.0276 3.63124 -44.1468 32.8671 0.258479 -41.272 32.0178 -3.16072 -37.462 30.4991 -5.89217 -33.3194 28.3824 -7.84805 -29.004 25.7599 -8.98039 -24.6717 23.4681 -9.2838 -21.4228 20.9885 -9.10214 -18.3054 18.3706 -8.4547 -15.3681 15.662 -7.3686 -12.6508 12.6764 -5.75467 -10.005 9.64215 -3.76793 -7.68881 6.5914 -1.48599 -5.6877 3.54929 1.02381 -3.96572 -1.05102 5.17933 -1.79046 -5.6006 9.56018 0.018568 -10.1303 14.0296 1.65214 -14.6855 18.4663 3.30429 -19.0821 22.5406 5.07254 -23.5654 26.3447 7.19065 -28.142 29.7124 9.79259 -32.7697 32.4415 12.9853 -36.8563 34.1404 16.3855 -40.7633 34.9622 20.2852 -44.3049 34.7449 24.5932 -47.2552 33.3785 29.1293 -49.4212 30.7682 33.7399 -50.5021 27.0535 37.9582 -50.3738 22.5001 41.424 -49.0403 17.4849 43.839 -46.4124 12.0433 45.0662 -42.8388 7.0232 44.838 -38.6609 2.76239 43.2842 -34.1955 -0.565504 40.6368 -30.3845 -2.63136 37.7495 -26.6417 -4.05562 34.4192 -23.0233 -4.91855 30.7737 -19.5497 -5.31897 26.9135 -15.7332 -5.33943 22.3092 -12.0598 -5.05187 17.5986 -8.45578 -4.60582 12.847 -4.83854 -4.14813 8.10659 -1.72562 -3.86799 4.17338 1.49976 -3.77151 0.322846 4.87371 -3.9487 -3.39521 8.41819 -4.49002 -6.91408 12.5924 -5.63237 -10.5154 16.9239 -7.45215 -13.6179 21.2461 -10.0369 -16.1349 25.4203 -13.3482 -17.9543 29.1426 -17.1315 -18.9501 32.4464 -21.3985 -19.1453 35.1937 -26.0031 -18.5044 37.2612 -30.769 -17.0304 38.538 -35.4271 -14.8096 39.0031 -39.8578 -11.9092 38.6379 -43.8763 -8.44827 37.4651 -47.3203 -4.57236 35.4516 -50.1579 -0.268293 32.7336 -52.1355 4.12864 29.4405 -53.2041 8.44662 25.7141 -53.3606 12.5356 21.3275 -52.5352 16.5882 16.769 -50.757 20.1102 12.1901 -48.1363 23.0279 7.71695 -44.7956 25.3033 4.36723 -41.7724 26.6267 1.18029 -38.4425 27.5577 -1.8147 -34.8592 28.1071 -4.5955 -31.0716 28.29 -7.27796 -26.9045 28.1051 -9.69001 -22.6064 27.555 -11.822 -18.2186 26.6627 -13.6675 -13.7777 25.4513 -15.4901 -8.44756 23.6157 -16.8925 -3.13767 21.393 -17.8771 2.1032 18.8111 -18.4549 7.22462 15.8889 -18.6345 12.4738 12.4352 -18.379 17.4755 8.63625 -17.6981 22.1692 4.51075 -16.5993 26.4916 0.0808869 -15.4857 29.4746 -3.44342 -14.1256 32.1851 -7.09885 -12.5168 34.5939 -10.863 -10.6592 36.67 -14.7098 -8.19858 38.6182 -19.232 -5.41609 40.0234 -23.769 -2.32921 40.8326 -28.2542 1.03351 40.9955 -32.6092 4.43774 40.5125 -36.5344 8.0024 39.3812 -40.1734 11.6632 37.5881 -43.4311 15.3405 35.139 -46.2075 19.8171 31.2091 -48.8564 23.9647 26.4314 -50.4282 27.5603 21.0052 -50.7874 5.04512 5.27561 5.47566 5.62924 4.40233 4.4717 4.46081 4.49343 4.95085 4.91065 4.78812 4.73455 4.0385 4.03772 3.96094 3.88327 4.63262 4.7712 4.77329 4.81034 3.86562 3.90892 4.03641 4.02602 5.94292 6.0648 6.09164 6.23762 6.10464 6.19866 6.40467 6.57446 6.25693 6.26945 6.22332 6.24947 4.95115 4.87826 4.89142 4.80982 4.76826 4.68371 4.6915 4.63016 4.70785 4.69281 4.751 4.81688 3.42538 3.54904 3.69326 4.02883 6.09252 6.18377 6.35951 6.4816 7.50125 7.30928 7.11369 6.94064 6.94963 6.62565 6.35689 6.13371 5.92509 5.72674 5.56546 5.45721 4.28388 4.30946 4.37087 4.41402 3.40022 3.39333 3.33786 3.22372 3.23666 3.00822 2.87539 2.44174 0.874836 0.845089 0.385503 0.186999 0.282097 -0.185288 -0.600689 -0.971262 -0.937471 -1.00246 -1.06861 -1.17059 -0.764349 -0.945672 -1.15665 -1.36873 0.459528 0.584364 0.717973 0.932244 -6.26688
