# num_vectors 23
# vector_size 401
# Iterations: 127882, stepsize: 0.028024, max step size: 1.000000, spring constant: 0.001000, global NEB Hessian: false, global NEB Linesearch: true, climbing image: false
-4.86496 -29.39 -27.4787 -7.06203 -25.557 -27.0954 -9.0345 -21.6434 -26.4184 -10.7771 -17.6783 -25.4658 -12.2863 -13.688 -24.2552 -13.7532 -9.01763 -22.5333 -14.8958 -4.37843 -20.5082 -15.7129 0.199142 -18.2045 -16.2134 4.6811 -15.6374 -16.3886 8.03912 -13.4942 -16.3855 11.307 -11.2093 -16.2075 14.4702 -8.78805 -15.8578 17.514 -6.23602 -15.2913 20.6477 -3.34157 -14.5322 23.6048 -0.30867 -13.5809 26.3663 2.85163 -12.4357 28.9139 6.12533 -10.3134 32.3497 11.3075 -7.73724 35.1668 16.6544 -4.71375 37.2837 22.0895 -1.26128 38.6155 27.5181 2.38931 39.0751 32.5697 6.34683 38.6811 37.3905 10.538 37.3817 41.8405 14.8617 35.1505 45.7628 18.7275 32.3764 48.6795 22.4814 28.907 50.9201 25.9948 24.8215 52.3737 29.1306 20.2408 52.9501 31.8118 15.1981 52.5702 33.8184 10.0176 51.1922 35.0437 4.9376 48.8567 35.4204 0.203206 45.662 34.8565 -4.24859 41.4326 33.3289 -7.79149 36.6224 30.939 -10.252 31.4981 27.8347 -11.5357 26.3271 24.7869 -11.6892 22.1064 21.4642 -11.0157 18.1524 17.9753 -9.57085 14.5653 14.412 -7.43692 11.4226 10.2737 -4.32555 8.42944 6.15247 -0.710021 6.04003 2.08931 3.24592 4.14084 -1.9133 7.41256 2.59685 -5.24662 10.9961 1.46276 -8.57455 14.6035 0.390158 -11.921 18.1858 -0.708647 -15.3086 21.692 -1.92107 -19.1737 25.4619 -3.51708 -23.1323 28.9569 -5.46967 -27.1791 32.0465 -7.87319 -31.2722 34.5731 -10.7992 -35.1585 36.299 -14.1277 -38.8787 37.1755 -17.9424 -42.2606 37.0534 -22.1506 -45.0985 35.8321 -26.5795 -47.1538 33.5396 -30.913 -48.3016 30.2555 -34.9326 -48.4339 26.1804 -38.3437 -47.5351 21.6035 -40.8939 -45.5928 16.662 -42.4556 -42.8053 11.896 -42.8378 -39.4041 7.59416 -42.0911 -35.6248 3.94398 -40.352 -31.3139 0.80681 -37.5377 -26.9909 -1.46724 -34.004 -22.7743 -2.96782 -29.9647 -18.7169 -3.83121 -25.5899 -15.6636 -4.17122 -22.0299 -12.6958 -4.29601 -18.3846 -9.78694 -4.27982 -14.6899 -6.90261 -4.19451 -10.9771 -3.84747 -4.10683 -7.07156 -0.736058 -4.10512 -3.20975 2.47062 -4.27376 0.569573 5.80388 -4.69795 4.21703 9.97479 -5.65031 8.31564 14.3486 -7.22363 11.9894 18.8446 -9.53722 15.0773 23.2688 -12.6685 17.4697 27.7046 -16.8101 19.1083 31.6664 -21.6546 19.6982 34.9402 -26.994 19.162 37.3309 -32.5614 17.488 38.4517 -36.7284 15.5035 38.9334 -40.7107 12.9602 38.7585 -44.3732 9.94122 37.9359 -47.5939 6.54873 36.2187 -50.6431 2.29969 33.7714 -52.8497 -2.10961 30.7138 -54.1481 -6.49885 27.1831 -54.5212 -10.7055 23.5297 -54.0435 -14.4005 19.6971 -52.8057 -17.7183 15.7935 -50.8766 -20.594 11.9134 -48.3366 -22.9862 7.21686 -44.4309 -25.264 2.80118 -39.8718 -26.7531 -1.24606 -34.8126 -27.4773 -6.117 -6.09725 -6.03882 -6.00097 -5.96877 -5.97683 -6.0605 -6.08075 -6.0584 -6.08467 -6.17452 -6.18947 -6.14882 -6.13646 -6.17017 -6.18093 -6.1686 -6.18686 -6.25732 -6.27449 -6.27062 -6.25545 -6.21152 -6.21838 -6.24464 -6.28787 -6.36863 -6.42046 -6.46423 -6.47719 -6.42006 -6.39279 -6.37854 -6.3873 -6.43323 -6.42646 -6.39881 -6.33789 -6.22774 -6.18954 -6.20118 -6.18056 -6.09472 -6.09361 -6.14046 -6.13616 -6.0746 -6.03433 -6.01497 -6.0392 -6.11857 -6.15293 -6.15498 -6.13416 -6.07311 -6.06031 -6.06924 -6.08349 -6.11692 -6.1408 -6.16304 -6.18179 -6.1837 -6.19354 -6.20697 -6.22849 -6.26226 -6.27522 -6.27091 -6.25806 -6.24043 -6.22729 -6.22115 -6.21955 -6.21642 -6.22042 -6.22691 -6.17713 -6.03634 -5.95611 -5.91689 -5.9155 -5.99178 -6.03923 -6.06377 -6.08269 -6.09548 -6.10769 -6.11878 -6.12597 -6.12801 -6.1365 -6.14882 -6.16718 -6.1941 -6.21793 -6.23505 -6.26774 -6.3418 -6.36114 -0.0111728
-8.11885 -27.2143 -25.4909 -9.77323 -23.1004 -25.418 -11.1657 -18.9046 -25.0698 -12.3242 -14.6728 -24.4247 -13.2662 -10.4489 -23.4571 -14.0981 -5.57152 -21.8924 -14.6254 -0.826891 -19.8579 -14.8276 3.73319 -17.3894 -14.6927 8.07992 -14.5582 -14.3656 11.2765 -12.197 -13.859 14.3573 -9.71674 -13.1972 17.338 -7.15214 -12.4096 20.234 -4.52675 -11.4526 23.2751 -1.6363 -10.4162 26.2274 1.31813 -9.31895 29.0721 4.35494 -8.16221 31.7716 7.5004 -6.24977 35.503 12.5583 -4.05149 38.512 17.969 -1.46309 40.5259 23.6617 1.56048 41.3233 29.4396 4.80189 40.8581 34.7625 8.2968 39.2319 39.6816 11.9161 36.5643 44.0223 15.5337 33.0049 47.6693 18.6693 29.1861 50.2639 21.6335 24.8502 52.1513 24.3371 20.0872 53.2246 26.6744 15.021 53.3623 28.5714 9.70187 52.4296 29.8561 4.51428 50.3801 30.4752 -0.266852 47.2947 30.4496 -4.41669 43.3526 29.7974 -8.03437 38.4018 28.6375 -10.7315 32.9792 27.0827 -12.5379 27.2921 25.1741 -13.49 21.5064 23.2509 -13.6323 16.6683 20.9809 -13.1519 12.0052 18.2964 -12.0305 7.68519 15.1677 -10.2757 3.90916 11.0878 -7.55497 0.486296 6.66382 -4.24113 -1.79668 2.13272 -0.520872 -2.97715 -2.30679 3.47316 -3.2987 -5.87979 7.00302 -3.18841 -9.28725 10.6879 -2.96585 -12.5379 14.5166 -2.85245 -15.6648 18.4442 -3.03959 -19.086 22.8524 -3.78831 -22.5164 27.0665 -5.26204 -26.0393 30.8163 -7.54814 -29.6804 33.786 -10.6499 -33.2192 35.609 -14.2988 -36.6495 36.2194 -18.4243 -39.7627 35.5359 -22.7834 -42.3436 33.6197 -27.1223 -44.1892 30.6969 -31.1609 -45.2211 26.9673 -34.8057 -45.3594 22.6682 -37.9295 -44.5618 18.0386 -40.4173 -42.737 13.1288 -42.2045 -39.9626 8.41344 -43.0403 -36.3941 4.18879 -42.8186 -32.2843 0.724186 -41.501 -27.5631 -1.96792 -38.8918 -22.9921 -3.46765 -35.2582 -18.8776 -3.89021 -30.8719 -15.352 -3.48803 -25.9981 -12.9761 -2.81755 -21.9959 -10.8444 -1.98132 -17.8889 -8.83262 -1.11192 -13.7285 -6.79904 -0.324767 -9.56238 -4.4811 0.308865 -5.22417 -1.85477 0.642409 -1.0307 1.15362 0.597094 2.91158 4.54716 0.117048 6.49591 9.0179 -1.06699 10.1989 13.7598 -2.9375 13.2184 18.5548 -5.49939 15.5734 23.1879 -8.75392 17.3182 27.7024 -12.9538 18.5406 31.5753 -17.8743 19.0901 34.5901 -23.3855 18.8645 36.5612 -29.2443 17.7229 37.2744 -33.6775 16.1749 37.2935 -37.9172 14.034 36.6365 -41.7788 11.3481 35.3551 -45.1102 8.21474 33.1852 -48.1805 4.19407 30.4022 -50.3502 -0.0305446 27.1183 -51.634 -4.25755 23.4292 -52.079 -8.31878 19.6408 -51.7685 -11.8937 15.6576 -50.7699 -15.1133 11.587 -49.0969 -17.9168 7.55519 -46.7644 -20.2691 2.76798 -42.9765 -22.5571 -1.5203 -38.3334 -24.155 -5.16162 -33.0121 -25.1165 -2.47981 -2.49323 -2.50667 -2.51944 -2.53183 -2.5429 -2.5512 -2.55703 -2.5607 -2.56339 -2.56602 -2.56892 -2.57234 -2.57619 -2.57995 -2.58311 -2.58536 -2.58416 -2.57725 -2.56416 -2.54608 -2.52495 -2.50207 -2.47865 -2.45637 -2.43536 -2.41471 -2.3955 -2.37953 -2.3695 -2.36804 -2.37643 -2.39546 -2.42487 -2.46232 -2.50561 -2.5479 -2.585 -2.61602 -2.6365 -2.64441 -2.64115 -2.6317 -2.62176 -2.61543 -2.61228 -2.61084 -2.60955 -2.60649 -2.59994 -2.58884 -2.57395 -2.5585 -2.54675 -2.54227 -2.54714 -2.56029 -2.57797 -2.59532 -2.60762 -2.61157 -2.60546 -2.5905 -2.57023 -2.54828 -2.52934 -2.51696 -2.51107 -2.50961 -2.50982 -2.51044 -2.51077 -2.51033 -2.50912 -2.50787 -2.50787 -2.51094 -2.51906 -2.53169 -2.54703 -2.55992 -2.56437 -2.55604 -2.53442 -2.50689 -2.48025 -2.45418 -2.43133 -2.41198 -2.39735 -2.38735 -2.37954 -2.37208 -2.36413 -2.35591 -2.34875 -2.344 -2.345 -2.35336 -2.36797 0.0853714
-10.0965 -29.078 -27.4202 -12.356 -25.265 -27.2762 -14.2541 -21.2926 -26.745 -15.8047 -17.2429 -25.817 -17.0188 -13.1881 -24.4939 -18.017 -8.51356 -22.4738 -18.5577 -3.97313 -20.0201 -18.639 0.412154 -17.2469 -18.2729 4.66046 -14.2895 -17.7113 7.86371 -11.9822 -16.9338 11.0362 -9.69506 -15.9778 14.1971 -7.46034 -14.8859 17.3571 -5.28737 -13.6018 20.7647 -2.99423 -12.2504 24.15 -0.706757 -10.856 27.4739 1.64374 -9.4196 30.6768 4.13317 -7.10548 35.1737 8.32666 -4.51147 38.8433 13.119 -1.51925 41.3119 18.4213 1.91366 42.3018 23.9347 5.53599 41.7928 29.0018 9.38484 39.9698 33.5756 13.312 37.0398 37.4548 17.1693 33.227 40.5598 20.4383 29.2283 42.6742 23.4402 24.7677 44.171 26.0726 19.9237 45.0398 28.2333 14.7821 45.2476 29.865 9.32067 44.7258 30.838 3.83464 43.4146 31.1319 -1.47331 41.2929 30.7786 -6.38558 38.3763 29.7576 -10.9948 34.4093 28.1892 -14.6602 29.7052 26.18 -17.1733 24.4449 23.7985 -18.3668 18.8837 21.5102 -18.2649 14.2061 18.9675 -17.1385 9.80231 16.1647 -15.0574 5.93707 13.1158 -12.1764 2.84998 9.37329 -8.16896 0.462842 5.46349 -3.78557 -0.661552 1.47474 0.669965 -0.715648 -2.54983 5.04376 -0.0540092 -5.96241 8.64702 0.726591 -9.41807 12.2193 1.45867 -12.9254 15.7883 1.90516 -16.4782 19.3399 1.85929 -20.4843 23.2083 1.03151 -24.4645 26.7666 -0.755543 -28.344 29.7559 -3.53264 -32.0249 31.899 -7.21443 -35.2554 32.936 -11.4155 -38.0645 32.845 -16.0264 -40.3258 31.6067 -20.7712 -41.9291 29.3107 -25.3884 -42.7849 26.1829 -29.6006 -42.8733 22.3956 -33.33 -42.1699 18.1593 -36.4634 -40.6759 13.6791 -38.9038 -38.3191 8.96916 -40.6042 -35.237 4.43098 -41.3363 -31.5901 0.281299 -41.0023 -27.6088 -3.27839 -39.5502 -23.2151 -6.29513 -36.7324 -19.1184 -8.29714 -32.7885 -15.5974 -9.27493 -27.9933 -12.7736 -9.32562 -22.667 -11.0091 -8.83448 -18.3361 -9.52984 -7.96563 -13.958 -8.18665 -6.80367 -9.6039 -6.80537 -5.42987 -5.32418 -5.11673 -3.84378 -0.939295 -3.01069 -2.23353 3.25185 -0.365236 -0.740709 7.17193 2.86157 0.471767 10.7373 7.41202 1.3307 14.4328 12.5119 1.29373 17.4479 17.8524 0.17747 19.7575 23.0831 -2.09647 21.3606 28.1351 -5.72239 22.2791 32.3375 -10.3965 22.352 35.4544 -15.7901 21.5111 37.3716 -21.4938 19.6929 38.0239 -25.7342 17.6555 38.0204 -29.7274 15.0838 37.4184 -33.3327 12.051 36.2852 -36.4611 8.66168 34.3903 -39.4458 4.4425 31.9484 -41.7698 0.0909458 29.0099 -43.4959 -4.23181 25.6064 -44.6826 -8.39219 21.9794 -45.3304 -12.0873 18.0079 -45.4913 -15.4681 13.7662 -45.1069 -18.4829 9.36266 -44.1018 -21.0959 3.83913 -41.8869 -23.7576 -1.41427 -38.5632 -25.7212 -6.11969 -34.2228 -26.9536 -0.847975 -0.85113 -0.854721 -0.858027 -0.860718 -0.862221 -0.862323 -0.861924 -0.862014 -0.863289 -0.866089 -0.870629 -0.877138 -0.885442 -0.89471 -0.904283 -0.915465 -0.926466 -0.931653 -0.929192 -0.919301 -0.904252 -0.886559 -0.86866 -0.852405 -0.83691 -0.819613 -0.798626 -0.772426 -0.741211 -0.70774 -0.676219 -0.650871 -0.6377 -0.641249 -0.661961 -0.693749 -0.729212 -0.765103 -0.795852 -0.820202 -0.835451 -0.841346 -0.841953 -0.841578 -0.84235 -0.844973 -0.849123 -0.853714 -0.856395 -0.85324 -0.841668 -0.821783 -0.796327 -0.768741 -0.742928 -0.721332 -0.703728 -0.68791 -0.671279 -0.651777 -0.629629 -0.607852 -0.590384 -0.580492 -0.581036 -0.59129 -0.607526 -0.623284 -0.636572 -0.648867 -0.660726 -0.673574 -0.689262 -0.709483 -0.736021 -0.773289 -0.822747 -0.876635 -0.928326 -0.97272 -1.00324 -1.01603 -1.01291 -1.00136 -0.989036 -0.977705 -0.969328 -0.963965 -0.960659 -0.956463 -0.94783 -0.932928 -0.91203 -0.886567 -0.859687 -0.832057 -0.809506 -0.797218 -0.793925 0.0410127
-10.4342 -31.7563 -27.042 -13.4694 -28.5686 -26.5021 -16.0226 -25.0436 -25.6531 -18.0967 -21.2913 -24.5197 -19.7173 -17.4075 -23.1215 -21.0796 -12.7938 -21.1758 -21.9177 -8.18656 -18.9397 -22.2736 -3.63216 -16.4781 -22.1831 0.856369 -13.8756 -21.8339 4.2695 -11.8436 -21.2594 7.66008 -9.82529 -20.4797 11.0373 -7.85386 -19.5165 14.4055 -5.9494 -18.2942 18.027 -3.9721 -16.9018 21.6189 -2.0542 -15.348 25.1519 -0.151009 -13.6267 28.5801 1.79904 -10.6379 33.4814 4.99414 -7.11994 37.6568 8.648 -3.03662 40.6961 12.8015 1.52524 42.2083 17.2808 6.11149 42.0262 21.5222 10.6981 40.3045 25.4022 15.0846 37.2828 28.671 19.1537 33.286 31.2254 22.4845 29.1427 32.9241 25.516 24.6159 34.1352 28.2274 19.8024 34.9274 30.5714 14.7548 35.3455 32.5124 9.37026 35.3901 33.8708 3.82366 34.999 34.5175 -1.78884 34.0804 34.3306 -7.2922 32.5182 33.1035 -12.7881 30.0057 30.8037 -17.3855 26.6001 27.5626 -20.5852 22.4431 23.6577 -21.9854 17.8809 20.1122 -21.6375 14.0816 16.563 -19.9619 10.6577 13.1604 -17.1813 7.86177 9.96958 -13.595 5.84093 6.55555 -8.86763 4.51402 3.29616 -3.86843 4.12706 0.0444665 1.14105 4.43812 -3.34168 6.02159 5.13072 -6.37337 9.98147 5.7364 -9.60885 13.8019 6.15416 -13.0469 17.4649 6.18662 -16.6516 20.925 5.66442 -20.8073 24.4599 4.27423 -24.9608 27.4665 1.94898 -28.9635 29.7453 -1.28885 -32.6613 31.1034 -5.31134 -35.7829 31.4028 -9.70746 -38.3659 30.6592 -14.3909 -40.3073 28.8965 -19.1116 -41.5272 26.2192 -23.6398 -41.9708 22.8505 -27.728 -41.6352 18.943 -31.3166 -40.5156 14.693 -34.3072 -38.6337 10.2907 -36.6176 -35.9248 5.7363 -38.214 -32.5629 1.3923 -38.891 -28.7197 -2.57637 -38.5587 -24.6252 -6.02513 -37.1544 -20.1954 -9.05188 -34.4047 -16.1526 -11.2181 -30.492 -12.7905 -12.4859 -25.651 -10.2562 -12.8915 -20.1958 -8.82502 -12.6731 -15.7219 -7.77895 -12.0411 -11.1813 -6.96773 -11.0502 -6.65663 -6.20931 -9.75211 -2.20119 -5.25816 -8.10881 2.38022 -3.93836 -6.26382 6.79024 -2.07538 -4.32748 10.9584 0.441752 -2.44647 14.7951 4.33955 -0.505209 18.8125 9.11046 0.790441 22.0777 14.5129 1.15547 24.4822 20.2002 0.387302 25.9537 26.0926 -1.74659 26.443 31.3462 -5.13764 25.8008 35.5271 -9.487 24.0353 38.3456 -14.3459 21.2139 39.5082 -18.0374 18.4609 39.8619 -21.5363 15.2685 39.4923 -24.6973 11.7429 38.5136 -27.4442 7.99389 36.7636 -30.1008 3.50163 34.4961 -32.2751 -1.01847 31.7971 -34.0931 -5.45809 28.6935 -35.6735 -9.72086 25.3652 -37.0141 -13.5095 21.6386 -38.191 -16.9673 17.5044 -39.121 -20.0124 12.9902 -39.6603 -22.5736 6.94637 -39.5409 -25.0144 0.748701 -38.2396 -26.5622 -5.18283 -35.6154 -27.2175 -0.139661 -0.12271 -0.111532 -0.104758 -0.101075 -0.100196 -0.101619 -0.105139 -0.110099 -0.116147 -0.124018 -0.133948 -0.146694 -0.162749 -0.181953 -0.204565 -0.237588 -0.284641 -0.335439 -0.384801 -0.426178 -0.455973 -0.473767 -0.48076 -0.480114 -0.475412 -0.467562 -0.455535 -0.436471 -0.406748 -0.363992 -0.308085 -0.239926 -0.166175 -0.0992097 -0.0473763 -0.0167617 -0.00347876 -0.00235327 -0.010224 -0.0269972 -0.0475428 -0.0652218 -0.0785139 -0.0876931 -0.0949237 -0.102217 -0.110216 -0.11917 -0.127585 -0.131829 -0.12905 -0.11816 -0.100487 -0.0783408 -0.0547411 -0.0319343 -0.0100926 0.0124236 0.0375967 0.0670341 0.0996693 0.131101 0.156049 0.170204 0.169541 0.154743 0.130635 0.106441 0.0854674 0.0659245 0.0475068 0.0285105 0.00664682 -0.0204688 -0.0557944 -0.10662 -0.178392 -0.264989 -0.359952 -0.460455 -0.557567 -0.640878 -0.706194 -0.748326 -0.77464 -0.793517 -0.807122 -0.817734 -0.824889 -0.82636 -0.819095 -0.799971 -0.767144 -0.719409 -0.658844 -0.581992 -0.497953 -0.426342 -0.372938 -0.213775
-9.0722 -34.7114 -28.3586 -12.4617 -31.9271 -27.707 -15.3695 -28.7235 -26.7343 -17.8019 -25.2452 -25.4495 -19.788 -21.6155 -23.8539 -21.5869 -17.2996 -21.6032 -22.8657 -13.0084 -18.9805 -23.6574 -8.78405 -16.0724 -23.9869 -4.60946 -13.0077 -23.9401 -1.39207 -10.6527 -23.6415 1.86747 -8.37546 -23.1002 5.19852 -6.25161 -22.3264 8.61462 -4.34608 -21.2427 12.3879 -2.58355 -19.9115 16.2172 -1.14041 -18.3352 20.0507 0.0164355 -16.5021 23.8265 0.965746 -13.1597 29.3393 2.23083 -9.05168 34.2426 3.72841 -4.18019 38.1199 5.82522 1.23966 40.5148 8.66269 6.53636 41.1305 11.9217 11.6046 40.1099 15.4328 16.2148 37.6712 18.876 20.3066 34.1353 22.0082 23.5654 30.3036 24.4259 26.498 26.0027 26.4386 29.1264 21.3434 28.0294 31.4275 16.393 29.19 33.374 11.0596 29.9168 34.7789 5.5152 30.1384 35.4847 -0.154681 29.7968 35.3178 -5.79231 28.8213 33.9883 -11.5314 26.9995 31.3612 -16.4582 24.3827 27.5117 -20.0053 21.1234 22.761 -21.6616 17.5583 18.4409 -21.3852 14.6623 14.2156 -19.6344 12.1707 10.3694 -16.6692 10.289 7.03891 -12.8459 9.09844 3.82852 -7.83167 8.53682 1.04862 -2.53777 8.64756 -1.61323 2.79145 9.17607 -4.46749 8.00461 9.84047 -7.20096 12.1969 10.2782 -10.3192 16.1327 10.4353 -13.8289 19.7161 10.1544 -17.6663 22.8455 9.30538 -22.2038 25.6942 7.57523 -26.76 27.7346 4.97226 -31.068 28.8836 1.5343 -34.8659 29.1032 -2.61615 -37.8203 28.4519 -7.08914 -39.9554 27.0112 -11.8352 -41.1918 24.8712 -16.6365 -41.5121 22.1439 -21.2862 -40.9656 19.0006 -25.5382 -39.6301 15.5094 -29.3182 -37.5931 11.7656 -32.4953 -34.9562 7.85446 -34.9466 -31.6992 3.69624 -36.5991 -28.0749 -0.442107 -37.2069 -24.2699 -4.42524 -36.6707 -20.4968 -8.09243 -34.9542 -16.6735 -11.5335 -31.8099 -13.3746 -14.2225 -27.5398 -10.7291 -16.0576 -22.4427 -8.73721 -17.0302 -16.8362 -7.55602 -17.2335 -12.2892 -6.61328 -16.9948 -7.68861 -5.80037 -16.3614 -3.10054 -5.00095 -15.3756 1.42723 -4.046 -13.9943 6.09359 -2.84458 -12.3034 10.5983 -1.27493 -10.351 14.8783 0.770337 -8.20282 18.8528 3.94727 -5.50655 23.0646 8.01265 -2.89369 26.492 12.9484 -0.666853 28.8964 18.5696 0.819764 30.0336 24.831 1.22305 29.6532 30.6857 0.194608 27.6095 35.3617 -2.18189 24.1453 38.3344 -5.51488 19.7219 39.3865 -8.33533 16.0482 39.5066 -11.203 12.2639 38.8766 -13.9805 8.46293 37.6937 -16.6045 4.68484 35.8476 -19.4514 0.350421 33.6836 -22.1572 -3.92699 31.3009 -24.816 -8.11675 28.705 -27.5063 -12.1571 25.9792 -30.1068 -15.7676 22.8909 -32.7018 -19.0777 19.3293 -35.1518 -22.0003 15.2245 -37.2373 -24.4559 9.37674 -38.9521 -26.7716 3.0177 -39.2068 -28.1849 -3.3182 -37.7578 -28.6905 -0.112578 -0.0839931 -0.0618238 -0.0440244 -0.0280107 -0.0134771 -0.00116356 0.00855042 0.0142765 0.0163738 0.0151746 0.00997236 -0.000564664 -0.0181575 -0.0440274 -0.0797302 -0.13938 -0.234136 -0.343031 -0.451118 -0.541691 -0.606157 -0.643187 -0.654433 -0.646419 -0.627907 -0.602673 -0.572235 -0.535056 -0.487818 -0.427154 -0.350114 -0.25247 -0.135645 -0.0114687 0.108618 0.206352 0.279027 0.332551 0.36644 0.379948 0.37778 0.369124 0.360075 0.35336 0.348299 0.342936 0.335637 0.3244 0.308306 0.289928 0.273192 0.26343 0.265304 0.282345 0.316399 0.366388 0.428976 0.499729 0.572574 0.642004 0.700445 0.740298 0.758153 0.753592 0.72836 0.690187 0.648013 0.613625 0.587887 0.567113 0.550328 0.535217 0.518893 0.497714 0.466801 0.415334 0.327853 0.19922 0.0279715 -0.189699 -0.433168 -0.661347 -0.844682 -0.957681 -1.02037 -1.05553 -1.07088 -1.0739 -1.06871 -1.05761 -1.03781 -1.00366 -0.949685 -0.87139 -0.771131 -0.644466 -0.509003 -0.397638 -0.316528 -0.167632
-6.65691 -37.2164 -28.7503 -10.4458 -34.9588 -28.2895 -13.7834 -32.1432 -27.516 -16.6533 -28.9539 -26.3947 -19.0699 -25.5557 -24.8854 -21.3467 -21.4918 -22.5988 -23.0592 -17.4917 -19.7714 -24.2312 -13.6346 -16.5038 -24.8882 -9.89737 -12.9641 -25.0617 -7.02606 -10.2027 -24.957 -4.08112 -7.5165 -24.5807 -0.989636 -5.02642 -23.9384 2.29395 -2.85741 -22.9564 6.05133 -1.00383 -21.6907 9.96834 0.25051 -20.1581 13.9381 0.890048 -18.3626 17.8477 0.989726 -15.0855 23.5106 0.394437 -11.0037 28.5987 -0.386415 -6.02472 32.8785 -0.620917 -0.311653 36.0032 0.249621 5.38123 37.5825 2.28723 10.8473 37.6698 5.31555 15.7748 36.353 8.92685 20.0922 33.8442 12.6848 23.5044 30.7821 15.8672 26.5718 27.0792 18.7005 29.3313 22.8411 21.061 31.7607 18.1555 22.8753 33.8262 12.9679 24.134 35.3233 7.48102 24.7787 36.0763 1.8071 24.8227 35.8879 -3.88879 24.2902 34.4206 -9.76187 23.1162 31.4868 -14.9105 21.4111 27.1283 -18.7517 19.3442 21.6962 -20.7099 17.1808 16.7598 -20.624 15.5223 12.0027 -18.9643 14.2024 7.81936 -15.9888 13.3235 4.40471 -12.0795 12.8944 1.40031 -6.90866 12.871 -0.940621 -1.41415 13.1805 -3.06218 4.15872 13.6358 -5.4175 9.64024 14.0488 -7.86373 14.0251 14.2153 -10.8667 18.0509 14.1019 -14.4475 21.5384 13.5979 -18.513 24.3182 12.6068 -23.4157 26.4445 10.8348 -28.3427 27.4609 8.30714 -32.9177 27.4072 5.02616 -36.7882 26.4147 1.05971 -39.5716 24.7625 -3.2627 -41.2799 22.621 -7.91622 -41.8549 20.1765 -12.6968 -41.3384 17.5732 -17.3996 -39.8769 14.9327 -21.7757 -37.616 12.2237 -25.7519 -34.7109 9.39992 -29.1937 -31.3159 6.3867 -31.9603 -27.4344 2.98131 -33.9519 -23.4089 -0.710161 -34.8454 -19.4867 -4.59803 -34.4824 -15.9244 -8.48716 -32.8045 -12.6918 -12.4287 -29.5859 -10.245 -15.7634 -25.1997 -8.52112 -18.2981 -20.0083 -7.3187 -19.9747 -14.3435 -6.55769 -20.7153 -9.76265 -5.82847 -20.9975 -5.12583 -5.02467 -20.8653 -0.494525 -4.06434 -20.3576 4.08057 -2.82001 -19.4473 8.79416 -1.29429 -18.1749 13.3381 0.5426 -16.5537 17.65 2.71774 -14.5946 21.6531 5.79968 -11.8389 25.897 9.47276 -8.70657 29.3319 13.7731 -5.36058 31.6585 18.6353 -2.08894 32.5288 24.1075 0.841036 31.5373 29.2983 2.67145 28.5015 33.4582 3.03274 23.8029 36.0465 1.93271 18.1812 36.8969 0.348911 13.785 36.9018 -1.67955 9.49037 36.2502 -3.97881 5.3858 35.1414 -6.43514 1.47485 33.4998 -9.41426 -2.85305 31.6709 -12.5356 -7.00189 29.7613 -15.841 -10.9677 27.7805 -19.3716 -14.6976 25.7584 -22.9258 -17.939 23.4574 -26.6167 -20.8219 20.7028 -30.2968 -23.2913 17.333 -33.7282 -25.3159 12.1577 -37.216 -27.2 6.05569 -39.1821 -28.3828 -0.443741 -39.1854 -28.8884 -0.203246 -0.169367 -0.140704 -0.114644 -0.0878134 -0.0599969 -0.0336345 -0.0101028 0.00682261 0.0176504 0.023956 0.0247678 0.018432 0.002111 -0.0271774 -0.0731267 -0.158238 -0.303717 -0.473585 -0.635373 -0.761973 -0.846418 -0.892516 -0.905178 -0.893216 -0.867242 -0.832151 -0.790781 -0.742507 -0.684262 -0.611713 -0.519032 -0.39632 -0.237777 -0.0519418 0.147524 0.326742 0.472426 0.590027 0.674323 0.724294 0.744231 0.746106 0.741403 0.736751 0.733528 0.729858 0.722752 0.707479 0.678796 0.636785 0.586005 0.53742 0.503771 0.495924 0.522522 0.586082 0.682413 0.802234 0.930629 1.05254 1.15065 1.21093 1.22974 1.20929 1.15653 1.08842 1.02155 0.97322 0.941153 0.91867 0.903403 0.892017 0.881238 0.867215 0.84493 0.8032 0.72097 0.578447 0.353022 0.0114431 -0.427492 -0.862024 -1.20208 -1.39993 -1.5048 -1.56188 -1.58615 -1.59031 -1.58125 -1.56364 -1.53465 -1.48649 -1.41038 -1.2984 -1.1537 -0.97301 -0.788338 -0.647164 -0.55134 -0.304488
-2.24497 -37.6066 -25.7826 -6.54973 -36.812 -25.0735 -10.5977 -35.2092 -24.2311 -14.2802 -32.9566 -23.2158 -17.5382 -30.2196 -21.9672 -20.7706 -26.5941 -20.1406 -23.3526 -22.7029 -17.8779 -25.2658 -18.6771 -15.2207 -26.5043 -14.5703 -12.3004 -27.0024 -11.341 -10.015 -27.1116 -8.01929 -7.81189 -26.8388 -4.57426 -5.82272 -26.1959 -0.997554 -4.18165 -25.1116 2.97497 -2.93205 -23.6653 6.98023 -2.31224 -21.9094 10.9089 -2.32469 -19.8873 14.6669 -2.87824 -16.3241 19.9598 -4.44384 -12.1035 24.7007 -6.13841 -7.13332 28.8616 -7.20844 -1.50114 32.24 -7.04609 4.15351 34.4048 -5.49901 9.69663 35.2736 -2.74677 14.833 34.7271 0.770972 19.4477 32.8021 4.52003 23.137 30.034 7.66227 26.4343 26.4255 10.3557 29.3367 22.1477 12.4592 31.8094 17.3698 13.9441 33.8306 12.0991 14.8912 35.2244 6.56968 15.3867 35.8427 0.882739 15.5834 35.4969 -4.83051 15.6245 33.8177 -10.7638 15.6251 30.595 -16.0206 15.6839 25.8639 -19.9715 15.857 20.0355 -21.963 16.1504 14.8392 -21.8033 16.4635 9.97105 -19.9818 16.7962 5.86292 -16.7957 17.1103 2.69551 -12.67 17.3796 0.127106 -7.27454 17.6173 -1.69956 -1.58198 17.7706 -3.30242 4.17938 17.8234 -5.19583 9.85143 17.7344 -7.33764 14.3893 17.4916 -10.1338 18.5375 17.0315 -13.6115 22.0837 16.2777 -17.6669 24.8265 15.1508 -22.6371 26.7743 13.362 -27.6721 27.4662 10.9396 -32.3525 26.9637 7.85095 -36.2884 25.438 4.12558 -39.0693 23.2423 0.0505594 -40.6951 20.5768 -4.35529 -41.1073 17.677 -8.89201 -40.3639 14.7274 -13.3537 -38.6434 11.8775 -17.4982 -36.1182 9.09952 -21.262 -32.9674 6.34268 -24.5379 -29.3569 3.51333 -27.2246 -25.2777 0.383406 -29.2724 -21.058 -3.01457 -30.4033 -16.9125 -6.68096 -30.4624 -13.0775 -10.5107 -29.3413 -9.50791 -14.6332 -26.7708 -6.75186 -18.3884 -22.9434 -4.83886 -21.4863 -18.1382 -3.64088 -23.7366 -12.675 -3.04022 -24.8484 -8.14564 -2.60607 -25.3912 -3.49501 -2.21509 -25.3811 1.19109 -1.7599 -24.8437 5.84032 -1.11693 -23.7368 10.6316 -0.230235 -22.1109 15.2321 0.956678 -20.0027 19.5612 2.4882 -17.4532 23.5297 4.81819 -13.9001 27.6587 7.75344 -9.91657 30.9172 11.3226 -5.69741 33.053 15.4737 -1.53569 33.7945 20.2902 2.38411 32.8201 25.0847 5.29528 29.983 29.2742 6.82867 25.5546 32.3549 6.91435 20.0761 33.7919 6.16927 15.6109 34.4642 4.89573 11.0849 34.4626 3.26377 6.62449 33.9177 1.40105 2.28954 32.7818 -0.963893 -2.54961 31.3002 -3.55008 -7.17741 29.6216 -6.43131 -11.557 27.832 -9.70525 -15.6041 26.0455 -13.2278 -19.0142 24.1188 -17.135 -21.8864 21.9385 -21.3135 -24.1258 19.3484 -25.5629 -25.6953 15.3196 -30.5778 -26.7525 10.2247 -34.639 -26.9747 4.20621 -37.113 -26.5812 -0.242511 -0.198703 -0.163593 -0.132709 -0.102098 -0.0721043 -0.0469389 -0.0287664 -0.0203792 -0.0195581 -0.025382 -0.0383883 -0.0604609 -0.0941816 -0.141603 -0.205813 -0.313161 -0.478132 -0.65619 -0.817518 -0.942756 -1.03045 -1.08593 -1.11227 -1.11447 -1.10109 -1.07752 -1.04714 -1.00985 -0.961827 -0.895626 -0.799587 -0.653548 -0.436713 -0.149801 0.184427 0.493534 0.740627 0.93156 1.06071 1.13321 1.15886 1.1568 1.14511 1.13509 1.12899 1.12412 1.11625 1.09858 1.06289 1.00704 0.934832 0.8593 0.796728 0.760892 0.763127 0.807552 0.89028 1.00171 1.12659 1.24954 1.35288 1.42147 1.44974 1.43761 1.38839 1.31609 1.2371 1.17306 1.1254 1.08713 1.05662 1.03026 1.00443 0.974863 0.935489 0.871942 0.760495 0.581894 0.314758 -0.0751347 -0.562163 -1.03679 -1.4122 -1.64309 -1.77802 -1.86527 -1.91696 -1.94465 -1.95202 -1.94252 -1.91557 -1.86523 -1.7815 -1.64987 -1.4634 -1.20478 -0.917726 -0.694187 -0.548966 -0.241042
-1.06355 -34.4372 -22.65 -5.33746 -34.7154 -21.5003 -9.56248 -34.1924 -20.2591 -13.6068 -32.9247 -18.9544 -17.3625 -30.9959 -17.598 -21.2816 -28.0196 -15.9515 -24.5939 -24.4059 -14.2488 -27.2258 -20.2813 -12.5199 -29.1253 -15.7592 -10.8254 -30.0679 -12.0816 -9.60624 -30.5563 -8.27906 -8.50983 -30.5982 -4.39997 -7.58748 -30.2114 -0.494003 -6.88497 -29.3424 3.69386 -6.41007 -28.0441 7.79339 -6.24516 -26.3552 11.7492 -6.37699 -24.3063 15.5137 -6.76328 -20.5253 20.8019 -7.71348 -15.9659 25.404 -8.80641 -10.6437 29.141 -9.74023 -4.65217 31.7855 -10.2602 1.46178 33.0796 -10.2264 7.685 33.0696 -9.65352 13.7109 31.78 -8.6131 19.3033 29.3633 -7.22013 23.8252 26.4359 -5.76045 27.8616 22.9427 -4.13143 31.3935 19.0155 -2.32842 34.3837 14.7507 -0.323696 36.8048 10.0987 1.96967 38.4329 5.23246 4.5058 39.0872 0.246659 7.23998 38.5813 -4.70061 10.0738 36.5877 -9.70398 13.0765 33.072 -13.9539 15.8335 28.2373 -16.9766 18.1813 22.5225 -18.3608 20.0382 17.4631 -18.0744 21.2408 12.5939 -16.469 22.1574 8.2307 -13.7136 22.8623 4.54369 -10.0779 23.4234 1.14078 -5.18697 23.9366 -1.62511 0.102835 24.3016 -4.13597 5.52902 24.4332 -6.78556 10.8843 24.1768 -9.35231 15.1512 23.5105 -12.3119 19.033 22.3227 -15.6406 22.3455 20.538 -19.2206 24.9256 18.1368 -23.3165 26.815 14.7676 -27.2399 27.5971 10.8063 -30.7583 27.3095 6.4203 -33.6964 26.0505 1.78557 -35.8562 24.0503 -2.74158 -37.2963 21.3997 -7.22047 -37.9626 18.2307 -11.5418 -37.8168 14.6807 -15.6084 -36.8627 10.95 -19.2731 -35.1178 7.11221 -22.5114 -32.6367 3.2736 -25.2259 -29.5207 -0.495014 -27.3109 -25.7587 -4.31228 -28.6912 -21.679 -8.02598 -29.1328 -17.5363 -11.6436 -28.5143 -13.6173 -15.1365 -26.7618 -9.92727 -18.6943 -23.5883 -7.10529 -21.8206 -19.2745 -5.23832 -24.3277 -14.1194 -4.20568 -26.073 -8.4419 -3.79049 -26.8484 -3.82261 -3.56087 -27.0879 0.867953 -3.35993 -26.7809 5.55599 -3.04964 -25.926 10.1695 -2.48583 -24.4433 14.8682 -1.5894 -22.3956 19.2951 -0.30594 -19.8357 23.3441 1.39186 -16.8365 26.9101 3.97142 -12.8029 30.3998 7.14421 -8.4638 32.8913 10.8651 -4.05031 34.2247 15.0275 0.165639 34.262 19.708 4.09847 32.7994 24.32 7.16107 29.8224 28.4558 9.14382 25.5239 31.7396 10.0006 20.2328 33.4909 9.97038 15.818 34.5594 9.43526 11.2212 34.9576 8.47968 6.58582 34.7448 7.1685 2.02577 33.848 5.24609 -3.05366 32.4149 2.88716 -7.81622 30.6014 0.0557142 -12.1745 28.5353 -3.27963 -16.0355 26.4192 -6.8958 -19.1458 24.1691 -10.8852 -21.6459 21.746 -15.1221 -23.4912 19.0593 -19.4355 -24.6769 15.1726 -24.6349 -25.2762 10.5001 -29.174 -25.0217 5.01739 -32.5731 -24.0809 -0.178515 -0.119916 -0.0784433 -0.049365 -0.0287926 -0.0175279 -0.0173659 -0.0283579 -0.0478588 -0.0723469 -0.10381 -0.142157 -0.189372 -0.246637 -0.313516 -0.39157 -0.507774 -0.676659 -0.870476 -1.07518 -1.26795 -1.43361 -1.56738 -1.66525 -1.7257 -1.75717 -1.76644 -1.75385 -1.71479 -1.63851 -1.51014 -1.31209 -1.02019 -0.631117 -0.195102 0.226858 0.563229 0.811192 0.998227 1.12704 1.2042 1.23796 1.24513 1.24307 1.24247 1.24565 1.25178 1.2584 1.26287 1.26295 1.25832 1.2508 1.24329 1.23868 1.23945 1.24861 1.26941 1.30465 1.35577 1.42057 1.49369 1.56394 1.61681 1.64243 1.63595 1.59642 1.53315 1.45932 1.39527 1.34434 1.29977 1.26025 1.22205 1.18137 1.13419 1.07435 0.985148 0.843127 0.635367 0.349787 -0.0352425 -0.493305 -0.942536 -1.32065 -1.57666 -1.74175 -1.86077 -1.94036 -1.98955 -2.00775 -1.99724 -1.96112 -1.89934 -1.80716 -1.67385 -1.49256 -1.23907 -0.938963 -0.679688 -0.492534 -0.22075
-1.64375 -30.9149 -23.5603 -5.81915 -31.8149 -22.368 -10.0619 -31.9434 -21.0844 -14.2442 -31.2701 -19.7725 -18.2284 -29.8138 -18.4799 -22.4709 -27.2007 -17.0304 -26.1058 -23.7589 -15.6627 -29.0249 -19.6671 -14.3727 -31.172 -15.1041 -13.1488 -32.2878 -11.3833 -12.2484 -32.9415 -7.54498 -11.3883 -33.144 -3.64535 -10.5809 -32.9091 0.266865 -9.84658 -32.1821 4.45325 -9.165 -30.9828 8.55189 -8.63404 -29.33 12.51 -8.28739 -27.2433 16.2711 -8.15132 -23.2741 21.5017 -8.3742 -18.454 25.9061 -9.10223 -12.9271 29.2694 -10.2444 -6.87993 31.4252 -11.6396 -0.84179 32.276 -13.0083 5.28085 31.9657 -14.2224 11.3125 30.583 -15.0968 17.1087 28.2763 -15.471 21.994 25.5853 -15.2718 26.5344 22.434 -14.4956 30.6622 18.9518 -13.0873 34.2964 15.2592 -11.0122 37.4041 11.3733 -8.18314 39.7514 7.50802 -4.67416 41.1914 3.79088 -0.566664 41.5865 0.359526 3.99754 40.7369 -2.84963 9.19401 38.5417 -5.37472 14.3736 35.1048 -7.05813 19.2086 30.6545 -7.79466 23.4129 26.3388 -7.65005 26.325 21.7222 -6.81979 28.589 16.9918 -5.35505 30.203 12.2979 -3.33197 31.2038 7.08416 -0.43904 31.6652 2.1301 2.90582 31.4777 -2.55982 6.53504 30.7037 -7.03079 10.2754 29.3675 -10.6687 13.3646 27.7986 -14.2293 16.2904 25.7983 -17.7242 18.9319 23.3392 -21.136 21.1653 20.4049 -24.801 23.0422 16.5652 -28.1957 24.1215 12.2052 -31.195 24.3132 7.44432 -33.6771 23.5888 2.44303 -35.4789 22.0626 -2.41342 -36.6513 19.7924 -7.1707 -37.1581 16.8745 -11.6862 -36.9841 13.4185 -15.8319 -36.1504 9.60176 -19.4369 -34.6799 5.48383 -22.4601 -32.6164 1.1753 -24.7921 -30.0344 -3.2117 -26.324 -26.9152 -7.73857 -26.9621 -23.525 -12.0927 -26.5387 -20.0692 -16.1389 -25.0167 -16.7656 -19.7482 -22.4301 -13.5642 -23.0536 -18.5352 -10.9396 -25.6133 -13.7492 -8.93462 -27.386 -8.3469 -7.46297 -28.3782 -2.58526 -6.55569 -28.6302 2.02181 -5.74711 -28.4366 6.65002 -4.91685 -27.8031 11.235 -3.95124 -26.7304 15.7103 -2.68263 -25.1249 20.2278 -1.07568 -23.044 24.4328 0.914003 -20.5177 28.2081 3.29372 -17.5988 31.4348 6.60971 -13.7026 34.4224 10.3553 -9.5209 36.316 14.4038 -5.24966 36.9997 18.5967 -1.10607 36.4063 22.9936 2.90088 34.3751 27.0879 6.25633 30.9853 30.6219 8.75618 26.4273 33.3719 10.281 20.9843 34.8323 10.7725 16.4917 35.726 10.7162 11.8273 36.0566 10.1554 7.12249 35.8541 9.13941 2.48727 35.014 7.4495 -2.68373 33.6144 5.25983 -7.53623 31.7475 2.60343 -11.9813 29.4973 -0.494312 -15.9362 27.0738 -3.80663 -19.1586 24.4094 -7.43104 -21.8031 21.5242 -11.2825 -23.8207 18.4129 -15.2424 -25.1877 14.1725 -20.1279 -25.9939 9.4466 -24.6174 -25.8867 4.16732 -28.3407 -25.0113 -0.140734 -0.0768789 -0.0371553 -0.0159379 -0.00867019 -0.0145637 -0.0318271 -0.0583311 -0.0888323 -0.120914 -0.158162 -0.200799 -0.251264 -0.311031 -0.379778 -0.459275 -0.577321 -0.751263 -0.960497 -1.19734 -1.43699 -1.65599 -1.84195 -1.98564 -2.08213 -2.14104 -2.17153 -2.17413 -2.14453 -2.07086 -1.9329 -1.69804 -1.30862 -0.730331 -0.071973 0.491728 0.862829 1.09524 1.25252 1.35554 1.41746 1.44661 1.45234 1.44474 1.43249 1.42069 1.4104 1.40276 1.39789 1.39755 1.40241 1.41276 1.42832 1.44858 1.47344 1.50239 1.5346 1.5691 1.60455 1.63821 1.66656 1.68424 1.68604 1.66959 1.63375 1.58113 1.52052 1.46012 1.41208 1.37542 1.34359 1.31458 1.2847 1.24986 1.20589 1.14691 1.05681 0.913221 0.704959 0.419546 0.0317842 -0.441343 -0.918355 -1.32459 -1.59799 -1.77267 -1.89851 -1.98407 -2.03963 -2.06452 -2.05937 -2.0269 -1.96841 -1.88252 -1.76299 -1.60557 -1.38549 -1.11111 -0.849951 -0.643635 -0.39569
1.10768 -28.8124 -25.0488 -3.14568 -29.5332 -24.0216 -7.39303 -29.6629 -22.7534 -11.5451 -29.1856 -21.2707 -15.5107 -28.0959 -19.6116 -19.7974 -26.0543 -17.5176 -23.5788 -23.2193 -15.3747 -26.7462 -19.6532 -13.3304 -29.216 -15.45 -11.5523 -30.6034 -11.8683 -10.4815 -31.5281 -8.06128 -9.73917 -31.985 -4.1166 -9.37794 -31.9789 -0.129449 -9.4252 -31.469 4.11361 -9.9302 -30.4638 8.19291 -10.8618 -28.9945 12.0304 -12.1396 -27.0907 15.5783 -13.6585 -23.404 20.3833 -16.2048 -18.8463 24.46 -18.6068 -13.5214 27.8206 -20.4815 -7.59523 30.4512 -21.5412 -1.60665 32.2343 -21.6581 4.51356 33.2593 -20.9168 10.5831 33.4625 -19.4416 16.4568 32.777 -17.42 21.43 31.3614 -15.32 26.0381 29.1653 -13.0636 30.1553 26.2051 -10.7325 33.6406 22.5512 -8.3556 36.4132 18.2201 -5.84242 38.2438 13.4998 -3.17216 39.0368 8.64853 -0.239853 38.7456 3.97016 3.04498 37.2414 -0.504803 7.0118 34.6245 -4.01303 11.3555 31.109 -6.26937 15.8913 26.9541 -7.1504 20.3616 23.126 -6.85527 23.8808 19.1244 -5.7028 27.0092 15.025 -3.82766 29.618 10.8773 -1.38049 31.6018 6.10725 1.93968 33.0117 1.37457 5.57183 33.4298 -3.27618 9.28703 32.8525 -7.81611 12.8728 31.3368 -11.5416 15.6406 29.4136 -15.186 18.0845 26.9673 -18.7489 20.1168 24.0666 -22.2154 21.6591 20.7736 -25.9352 22.7232 16.6835 -29.3818 23.008 12.2408 -32.4121 22.4615 7.5272 -34.8583 21.0677 2.65158 -36.5058 18.959 -2.03882 -37.3666 16.1572 -6.57408 -37.4083 12.7547 -10.7672 -36.6789 8.85923 -14.4351 -35.3223 4.6474 -17.3811 -33.4852 0.158282 -19.5565 -31.3299 -4.51392 -20.8924 -28.9995 -9.26881 -21.3608 -26.4961 -14.1865 -20.938 -23.9683 -18.9343 -19.6342 -21.4138 -23.3666 -17.5223 -18.7932 -27.3341 -14.6898 -15.8137 -30.9529 -10.8987 -12.6792 -33.6576 -6.51624 -9.43045 -35.3025 -1.71135 -6.17055 -35.8138 3.33425 -3.70951 -35.4335 7.32304 -1.38405 -34.411 11.2801 0.762799 -32.8097 15.1452 2.71368 -30.7013 18.8682 4.57113 -28.0023 22.5911 6.26775 -24.8802 26.0506 7.86959 -21.3827 29.1805 9.4515 -17.5458 31.8954 11.4042 -12.5704 34.4515 13.508 -7.26685 36.0479 15.783 -1.81275 36.4707 18.1797 3.52917 35.5644 20.738 8.72009 33.1102 23.1616 13.049 29.2503 25.3194 16.2242 24.2727 27.1351 18.0866 18.5502 28.2714 18.6042 13.9677 29.2084 18.3782 9.3169 29.9559 17.4569 4.71787 30.5177 15.9004 0.265879 30.925 13.3865 -4.61421 31.0331 10.2164 -9.11304 30.7804 6.50186 -13.1675 30.0894 2.36226 -16.7294 28.954 -1.83297 -19.6172 27.2905 -6.16425 -22.0049 25.0584 -10.4924 -23.8796 22.2454 -14.6714 -25.2405 17.9501 -19.4735 -26.2353 12.8823 -23.5663 -26.4966 7.20016 -26.7351 -26.0819 0.384281 0.468332 0.53564 0.586631 0.623639 0.641864 0.63822 0.613893 0.575804 0.530714 0.474573 0.40713 0.324226 0.223137 0.104952 -0.0309128 -0.224389 -0.475908 -0.722024 -0.941202 -1.1213 -1.26671 -1.38777 -1.48857 -1.5664 -1.6217 -1.65568 -1.66359 -1.63984 -1.57716 -1.46699 -1.29526 -1.02847 -0.626726 -0.0956281 0.478002 0.924986 1.21887 1.40865 1.51849 1.56875 1.57636 1.55862 1.52851 1.49758 1.47072 1.44729 1.42775 1.41001 1.39361 1.3777 1.36209 1.3494 1.34387 1.3495 1.36815 1.39683 1.42796 1.45244 1.46205 1.4518 1.42055 1.37287 1.31636 1.25672 1.20179 1.15848 1.12736 1.10864 1.09759 1.08997 1.08367 1.0759 1.0625 1.038 0.994492 0.913026 0.758057 0.501421 0.109463 -0.466635 -1.15248 -1.7422 -2.14477 -2.36693 -2.49006 -2.56888 -2.61619 -2.64052 -2.64056 -2.61368 -2.55633 -2.46632 -2.34294 -2.18487 -1.99863 -1.77095 -1.52195 -1.2985 -1.11176 -1.3799
0.57727 -30.4437 -27.0148 -3.66131 -30.589 -25.7191 -7.68201 -30.0845 -23.9179 -11.3522 -28.9903 -21.6822 -14.5839 -27.359 -19.121 -17.7516 -24.8172 -15.8908 -20.2584 -21.6226 -12.6599 -22.1429 -17.8007 -9.69838 -23.4621 -13.4067 -7.27346 -24.1336 -9.71233 -5.93165 -24.5302 -5.8283 -5.12141 -24.6722 -1.85109 -4.87404 -24.5736 2.12383 -5.1738 -24.2027 6.32136 -6.04655 -23.5492 10.3599 -7.38156 -22.5889 14.2071 -9.05339 -21.285 17.8516 -10.9337 -18.5546 23.0032 -13.9618 -14.8083 27.6134 -16.7677 -10.0436 31.566 -18.967 -4.42034 34.7126 -20.2475 1.45075 36.8457 -20.4376 7.51666 38.0881 -19.5902 13.4904 38.4411 -17.7886 19.1556 37.9289 -15.2002 23.8387 36.7513 -12.4021 28.0968 34.8887 -9.31221 31.8713 32.3269 -6.09684 35.0924 29.0665 -2.91215 37.7294 25.0405 0.186205 39.5863 20.4303 3.02516 40.5615 15.4048 5.58569 40.5684 10.1813 7.92592 39.4209 4.62076 10.3316 37.0373 -0.504794 12.7954 33.4621 -4.7684 15.453 28.8798 -7.72243 18.3337 24.4846 -8.91338 20.8616 19.8999 -8.79809 23.3303 15.4023 -7.42653 25.5702 11.1917 -4.98685 27.4264 6.81246 -1.20858 28.9466 2.83142 3.18471 29.7312 -0.972454 7.79937 29.7538 -4.85964 12.2837 29.0151 -8.34626 15.6958 27.8152 -12.0723 18.597 26.1013 -15.9879 20.8397 23.8929 -19.9627 22.3367 21.2099 -24.2624 23.1108 17.6587 -28.1016 23.0054 13.542 -31.1703 22.1544 8.89909 -33.1879 20.7156 3.84367 -33.9538 18.9217 -1.19174 -33.5321 16.8131 -6.14503 -32.029 14.4092 -10.7409 -29.673 11.6491 -14.7398 -26.8208 8.4705 -17.9052 -23.7794 4.73279 -20.1498 -20.9078 0.422663 -21.3478 -18.5328 -4.33227 -21.4379 -16.8124 -9.48949 -20.4025 -15.8848 -14.5576 -18.3817 -15.5652 -19.3255 -15.5896 -15.5291 -23.7076 -12.2093 -15.3873 -28.0222 -8.00106 -14.6927 -31.8153 -3.36686 -13.1365 -34.9442 1.54584 -10.6313 -37.1808 6.55252 -8.11969 -38.1418 10.4099 -5.28565 -38.3227 14.1578 -2.33866 -37.6736 17.7641 0.50048 -36.1923 21.2074 3.1651 -33.787 24.6292 5.33753 -30.6387 27.7855 6.97209 -26.9068 30.6131 8.14001 -22.7458 33.0454 9.13502 -17.3744 35.3387 10.0468 -11.7109 36.8204 11.1931 -5.91847 37.3045 12.7595 -0.248246 36.6002 14.8695 5.26149 34.4313 17.2118 9.85905 30.8414 19.4429 13.2761 26.0602 21.2514 15.4192 20.4344 22.2262 16.219 15.8553 22.8578 16.3442 11.1496 23.203 15.8242 6.44118 23.3547 14.6758 1.83504 23.4143 12.5758 -3.25285 23.474 9.68711 -7.93813 23.5832 6.09449 -12.1072 23.6914 1.92861 -15.7036 23.6556 -2.40978 -18.6028 23.2936 -6.99331 -21.0703 22.3813 -11.6778 -23.1803 20.7083 -16.2842 -24.9723 17.3673 -21.5995 -26.7287 12.64 -25.9607 -27.7929 6.85898 -28.9699 -27.9465 -0.45745 -0.337078 -0.234686 -0.151996 -0.085456 -0.0411496 -0.0222535 -0.0250236 -0.0424453 -0.0674507 -0.101171 -0.144187 -0.200442 -0.273992 -0.366532 -0.48058 -0.653127 -0.894917 -1.14273 -1.36564 -1.5416 -1.66996 -1.75975 -1.81724 -1.84652 -1.85296 -1.83827 -1.80029 -1.73549 -1.64035 -1.51297 -1.34921 -1.13272 -0.844056 -0.47649 -0.0370635 0.391117 0.748442 1.03397 1.23603 1.36409 1.42975 1.45398 1.45899 1.45901 1.45999 1.46172 1.46084 1.45178 1.42857 1.39231 1.35201 1.32505 1.33025 1.38341 1.49064 1.63846 1.79589 1.92925 2.01344 2.03789 2.0006 1.91255 1.79565 1.67192 1.5685 1.50227 1.46931 1.45938 1.46016 1.46668 1.47734 1.49134 1.50655 1.51701 1.5121 1.47032 1.34051 1.0777 0.647664 0.0200067 -0.694013 -1.30037 -1.7357 -1.99485 -2.14504 -2.24132 -2.29616 -2.32152 -2.3207 -2.29795 -2.25318 -2.18192 -2.07686 -1.9294 -1.74143 -1.49961 -1.22303 -0.964333 -0.734275 -0.117701
1.49996 -28.9322 -31.0793 -2.64825 -28.6938 -29.5298 -6.45725 -27.8106 -27.4379 -9.79244 -26.3775 -24.8907 -12.578 -24.4766 -22.011 -15.1152 -21.7341 -18.4096 -16.9338 -18.4748 -14.8044 -18.1459 -14.7107 -11.4442 -18.8874 -10.455 -8.56889 -19.2283 -6.88049 -6.83493 -19.4193 -3.09498 -5.59684 -19.4949 0.831106 -4.90426 -19.4696 4.81618 -4.7702 -19.3213 9.09286 -5.22455 -19.0098 13.2654 -6.23025 -18.4715 17.2778 -7.68949 -17.6221 21.0938 -9.48811 -15.5489 26.4741 -12.6371 -12.2461 31.2088 -15.7733 -7.62062 35.1158 -18.3231 -1.89197 38.0106 -19.7246 4.10986 39.7492 -19.622 10.0965 40.5603 -18.0224 15.6115 40.6115 -15.0834 20.4214 40.0783 -11.129 24.1286 39.1804 -7.0551 27.3945 37.8471 -2.73027 30.3664 35.9491 1.59562 33.1467 33.3163 5.65596 35.7994 29.7227 9.23505 38.1251 25.2302 11.9128 39.9073 20.0248 13.4908 40.9085 14.4098 13.9712 40.8806 8.26185 13.4969 39.4964 2.34734 12.4358 36.6144 -2.98557 11.3059 32.253 -7.28972 10.6163 27.6473 -9.72037 10.6899 22.6066 -10.7696 11.4752 17.6173 -10.3586 12.9119 13.0829 -8.63244 14.8057 8.6727 -5.40606 17.2356 4.99484 -1.33666 19.6186 1.68089 3.17845 21.7154 -1.70854 7.83426 23.328 -4.8879 11.6371 24.1454 -8.46426 15.1604 24.3313 -12.3979 18.2307 23.7498 -16.5195 20.7081 22.2961 -21.0383 22.6802 19.5779 -25.0162 23.7845 15.7498 -28.0182 24.0683 10.9953 -29.707 23.6159 5.64352 -29.9454 22.57 0.351133 -28.8851 20.9717 -4.69672 -26.7532 18.8172 -9.16583 -23.8913 16.0532 -12.8168 -20.7555 12.6708 -15.4597 -17.7151 8.61773 -17.0681 -15.1612 3.98779 -17.6155 -13.3909 -1.00407 -17.1619 -12.513 -6.2922 -15.7857 -12.5313 -11.4221 -13.7088 -13.1796 -16.2755 -11.1291 -14.1015 -20.8597 -8.16836 -14.9891 -25.6081 -4.56129 -15.3045 -30.1089 -0.562658 -14.699 -34.2158 3.80916 -13.0058 -37.6169 8.49008 -10.9745 -39.4985 12.2906 -8.47021 -40.496 16.1435 -5.7267 -40.4475 19.9622 -3.03066 -39.2726 23.6312 -0.548388 -36.86 27.1824 1.32485 -33.4414 30.2479 2.51795 -29.3098 32.7177 3.14849 -24.7475 34.5567 3.50347 -18.9988 35.9448 3.97901 -13.1177 36.4817 5.07431 -7.30564 36.1346 7.06729 -1.88105 34.8299 10.0981 3.03851 32.355 13.6459 6.81106 28.7924 17.1259 9.41595 24.2519 20.0144 11.0273 18.9066 21.5966 11.7297 14.4838 22.6322 12.0454 9.85928 23.1985 11.9799 5.14408 23.4412 11.4856 0.426589 23.5269 10.2747 -4.94242 23.6249 8.25593 -10.0624 23.8479 5.38766 -14.7552 24.161 1.7447 -18.8699 24.3765 -2.27593 -22.1889 24.2738 -6.68007 -24.9856 23.5741 -11.2824 -27.343 22.0197 -15.8568 -29.3146 18.6656 -21.1191 -31.2007 13.7856 -25.3071 -32.2713 7.83262 -27.9641 -32.2876 -0.0988575 0.0245133 0.130164 0.216816 0.288799 0.340628 0.368931 0.377519 0.372168 0.359526 0.340084 0.313213 0.275172 0.220413 0.143504 0.0373021 -0.142398 -0.426291 -0.7342 -1.00337 -1.19288 -1.30607 -1.36217 -1.37762 -1.36695 -1.34041 -1.30139 -1.25185 -1.19294 -1.12651 -1.0543 -0.974243 -0.876519 -0.746883 -0.573038 -0.341165 -0.072297 0.20542 0.482961 0.725626 0.913589 1.03037 1.08384 1.09717 1.08971 1.07587 1.05841 1.03774 1.01138 0.978825 0.94668 0.926612 0.935845 0.991264 1.10605 1.27717 1.47563 1.65889 1.7941 1.86551 1.87168 1.81645 1.71404 1.5873 1.45784 1.35254 1.28703 1.25548 1.24577 1.24556 1.24993 1.25784 1.26911 1.28194 1.28919 1.27619 1.21138 1.02681 0.688166 0.221025 -0.318515 -0.83787 -1.28357 -1.65581 -1.92172 -2.09898 -2.22516 -2.30395 -2.34637 -2.35523 -2.33756 -2.29564 -2.22479 -2.11569 -1.95744 -1.75227 -1.48865 -1.19243 -0.92138 -0.684205 -0.422241
8.00943 -26.5083 -29.8913 3.67237 -26.7722 -29.0049 -0.536369 -26.3489 -27.6737 -4.48041 -25.3125 -25.9312 -8.06585 -23.737 -23.8509 -11.7403 -21.2868 -21.1262 -14.8428 -18.2389 -18.2955 -17.3985 -14.6225 -15.5902 -19.4411 -10.4656 -13.2502 -20.6778 -6.94109 -11.8542 -21.6228 -3.18745 -10.8968 -22.2689 0.719994 -10.4343 -22.6051 4.6929 -10.484 -22.6069 8.95398 -11.0853 -22.2207 13.098 -12.1791 -21.4349 17.0621 -13.6578 -20.2232 20.8123 -15.3858 -17.4193 26.0734 -18.1467 -13.3253 30.6872 -20.4078 -8.07601 34.4655 -21.5613 -2.11823 37.2091 -21.1889 3.63595 38.7774 -19.322 8.99339 39.3894 -16.163 13.6971 39.1982 -12.0527 17.74 38.3548 -7.36226 20.94 37.1113 -2.96218 23.9264 35.3835 1.42473 26.8566 33.0913 5.58498 29.8167 30.1388 9.28204 32.8589 26.3675 12.329 35.7555 21.8768 14.3798 38.2544 16.8088 15.2919 40.0603 11.3817 15.0728 40.9095 5.41874 13.7518 40.3234 -0.350406 11.655 38.1037 -5.56937 9.23452 34.2364 -9.82184 7.00231 29.8757 -12.3297 5.65276 24.8682 -13.6249 5.04044 19.6652 -13.6396 5.27479 14.697 -12.4706 6.31252 9.6454 -9.94794 8.28269 5.3875 -6.54646 10.7456 1.75398 -2.57886 13.3573 -1.56919 1.75413 15.796 -4.37383 5.57587 17.4595 -7.33308 9.48347 18.5606 -10.5059 13.3655 18.8792 -13.8445 17.0604 18.2153 -17.5885 20.7239 16.1518 -20.9965 23.5635 12.6847 -23.6766 25.2745 8.03853 -25.3025 25.6454 2.66109 -25.7173 24.6709 -2.63406 -25.0472 22.4542 -7.51224 -23.4989 19.1603 -11.5014 -21.3931 15.0278 -14.2668 -19.1611 10.4076 -15.6563 -17.1891 5.47374 -15.8219 -15.7679 0.421162 -14.9789 -15.0269 -4.59954 -13.397 -14.9374 -9.69741 -11.2445 -15.3428 -14.6464 -8.80045 -15.9423 -19.4853 -6.18186 -16.3959 -24.2491 -3.4013 -16.3567 -29.3063 -0.119758 -15.4466 -34.0106 3.53914 -13.5446 -37.9773 7.66148 -10.7854 -40.7349 12.2581 -8.29433 -41.7455 16.1161 -5.77634 -41.606 20.0848 -3.51692 -40.2777 23.989 -1.76305 -37.8449 27.6106 -0.620942 -34.2986 30.8837 -0.212886 -30.0455 33.4012 -0.392229 -25.3748 35.0585 -0.905894 -20.5043 35.8387 -1.56695 -14.619 35.6745 -1.79207 -8.82711 34.4479 -1.2122 -3.32024 32.341 0.335128 1.68772 29.5793 2.95464 6.27586 26.1734 6.29306 10.0705 22.436 9.99046 13.1403 18.3839 13.7118 15.5662 13.9365 16.3641 16.9713 10.2556 18.799 17.9543 6.29781 20.9793 18.4212 2.10416 22.9024 18.2576 -2.23553 24.8289 17.1514 -7.27191 26.4612 14.9768 -12.0579 27.7974 11.7769 -16.3328 28.7917 7.72173 -19.9199 29.3344 3.30875 -22.6511 29.3727 -1.4443 -24.8041 28.7628 -6.33869 -26.5075 27.3556 -11.1722 -27.8809 24.3314 -16.7907 -29.2173 19.8825 -21.4718 -30.1083 14.2769 -24.7874 -30.3982 0.204719 0.309277 0.399078 0.472432 0.532119 0.572039 0.58835 0.583529 0.563495 0.535295 0.497106 0.448271 0.384769 0.303026 0.202742 0.080808 -0.108715 -0.367951 -0.610332 -0.798735 -0.920346 -0.986044 -1.01086 -1.00636 -0.984503 -0.954501 -0.920822 -0.887638 -0.857106 -0.829263 -0.801133 -0.766146 -0.713708 -0.630765 -0.50927 -0.343239 -0.150422 0.0517321 0.263466 0.465658 0.644724 0.779306 0.862806 0.907509 0.925646 0.93249 0.935537 0.938945 0.946256 0.962126 0.99223 1.04455 1.12631 1.24158 1.3891 1.55237 1.70306 1.8159 1.87616 1.8825 1.84095 1.76129 1.66039 1.55629 1.46073 1.38537 1.33479 1.30262 1.28372 1.27319 1.26768 1.26609 1.26511 1.25628 1.22345 1.14073 0.95418 0.582038 0.0547139 -0.490057 -0.954574 -1.32235 -1.63172 -1.9211 -2.16272 -2.34374 -2.48553 -2.58041 -2.63159 -2.63429 -2.59286 -2.51206 -2.39485 -2.24111 -2.04955 -1.83069 -1.57529 -1.30984 -1.07763 -0.877707 -0.94595
10.8247 -19.8848 -36.3629 6.70631 -21.2833 -35.4974 2.62118 -22.0707 -33.9624 -1.26299 -22.2547 -31.8304 -4.82797 -21.8462 -29.2248 -8.51137 -20.6251 -25.7795 -11.6571 -18.5967 -22.1853 -14.2959 -15.7545 -18.7375 -16.4666 -12.1237 -15.732 -17.8334 -8.85411 -13.904 -18.9323 -5.2518 -12.5943 -19.7506 -1.4203 -11.853 -20.2692 2.52934 -11.6772 -20.4653 6.81105 -12.0604 -20.2481 11.0224 -12.9184 -19.5748 15.1054 -14.099 -18.3983 19.0239 -15.4331 -15.5623 24.6069 -17.4203 -11.4374 29.5486 -18.7339 -6.25397 33.5838 -18.8375 -0.524756 36.4689 -17.4185 4.8458 38.0719 -14.6539 9.68506 38.6658 -10.7443 13.7838 38.4651 -6.03088 17.1849 37.6779 -0.847313 19.8192 36.5732 3.94714 22.2805 35.0768 8.72747 24.7621 33.0955 13.317 27.388 30.4981 17.501 30.2405 27.0825 21.1009 33.1192 22.8822 23.7147 35.7623 18.0049 25.1246 37.8416 12.6737 25.2544 39.0852 6.75265 24.0636 38.96 1.02545 21.7818 37.2396 -4.1049 18.8249 33.8676 -8.21264 15.6978 29.8649 -10.5706 13.3431 25.1011 -11.7094 11.5721 19.9856 -11.5759 10.6024 14.942 -10.2804 10.5027 9.63219 -7.6612 11.3452 4.97463 -4.24422 12.8934 0.818228 -0.36444 14.7473 -3.14993 3.76131 16.4786 -6.57427 7.29651 17.4861 -10.1739 10.7867 17.8027 -13.9089 14.0859 17.168 -17.5924 17.0111 15.4035 -21.2936 19.6147 12.0539 -24.0813 21.3015 7.46255 -25.5697 21.9555 2.07225 -25.5671 21.559 -3.54385 -24.2011 20.2324 -8.59703 -21.7256 18.0371 -12.8645 -18.5152 15.0312 -15.9979 -15.0507 11.2896 -17.7747 -11.9113 7.01452 -18.129 -9.51679 2.35937 -17.2046 -8.19281 -2.41623 -15.2813 -8.02249 -7.08491 -12.7451 -8.8933 -11.7188 -9.84722 -10.4502 -16.1779 -6.96247 -12.2242 -20.6256 -4.18733 -13.7329 -25.2076 -1.47448 -14.5678 -30.3539 1.55248 -14.1363 -35.3889 4.84007 -12.3006 -39.7879 8.53125 -9.28678 -42.9398 12.6938 -6.48206 -44.1775 16.2593 -3.63907 -44.1814 20.0047 -1.12506 -42.923 23.774 0.746791 -40.5115 27.3504 1.82186 -36.9736 30.6551 1.9568 -32.7544 33.2577 1.3176 -28.1672 35.0306 0.18791 -23.4258 35.9453 -1.37627 -17.7114 35.9636 -2.64961 -12.016 34.9426 -3.21727 -6.42884 33.0551 -2.8515 -1.09217 30.5081 -1.44239 4.12994 27.3054 0.795909 8.79853 23.7408 3.54015 12.8946 19.8414 6.48123 16.4118 15.5411 8.68371 18.6392 11.971 10.8138 20.4236 8.11907 12.8609 21.6639 4.01668 14.8441 22.2493 -0.259092 17.0944 21.9937 -5.27617 19.313 20.6707 -10.1369 21.4622 18.3268 -14.6299 23.4431 15.1079 -18.6318 25.029 11.4259 -21.9719 26.17 7.29453 -24.9481 26.6821 2.86606 -27.6602 26.3775 -1.70088 -30.166 24.643 -7.32881 -32.962 21.3035 -12.4791 -35.158 16.5451 -16.7583 -36.4009 -0.0725986 0.102791 0.254371 0.377913 0.478242 0.546535 0.578757 0.58124 0.563537 0.536045 0.498366 0.450351 0.388069 0.307617 0.208073 0.0883692 -0.0853498 -0.309357 -0.512484 -0.667411 -0.763623 -0.809628 -0.818006 -0.799539 -0.766615 -0.7281 -0.687876 -0.650289 -0.617787 -0.590907 -0.567291 -0.541167 -0.503796 -0.444699 -0.357871 -0.239446 -0.102375 0.0411762 0.192527 0.339246 0.471543 0.571043 0.630093 0.656356 0.659818 0.653568 0.642759 0.630807 0.619964 0.615399 0.626353 0.666478 0.752974 0.902196 1.12374 1.39577 1.66134 1.86548 1.98533 2.0227 1.99058 1.90543 1.79342 1.68199 1.58866 1.52553 1.49243 1.47799 1.4728 1.47309 1.47797 1.48747 1.49977 1.50796 1.49679 1.44066 1.28556 0.931228 0.369308 -0.259252 -0.814098 -1.25296 -1.6188 -1.95361 -2.22203 -2.41392 -2.55776 -2.65101 -2.70217 -2.71197 -2.68865 -2.63964 -2.56787 -2.47006 -2.33769 -2.1663 -1.93158 -1.63374 -1.32174 -1.01667 -0.714535
11.7803 -15.8983 -38.4118 8.2115 -18.201 -37.1362 4.77498 -20.0542 -35.0336 1.63277 -21.4027 -32.2099 -1.11991 -22.1861 -28.8225 -3.81313 -22.3004 -24.3883 -6.00346 -21.4393 -19.7635 -7.80346 -19.512 -15.2943 -9.32878 -16.5006 -11.3532 -10.3755 -13.5166 -8.9242 -11.3279 -10.0722 -7.15557 -12.1866 -6.32139 -6.10977 -12.9381 -2.42034 -5.76881 -13.6023 1.81922 -6.09027 -14.0741 6.00849 -6.95407 -14.3019 10.1324 -8.16199 -14.221 14.2169 -9.51446 -13.3609 20.425 -11.4848 -11.3824 26.5711 -12.6981 -8.23639 32.3379 -12.6087 -4.16421 37.2076 -10.9162 0.126079 40.5719 -7.86167 4.36591 42.5047 -3.69699 8.2394 43.0561 1.17622 11.6384 42.4107 6.38074 14.3363 40.9834 11.0531 16.8397 38.8441 15.5592 19.2917 36.0332 19.7107 21.8035 32.5713 23.296 24.4804 28.3917 26.1468 27.1987 23.6843 27.9394 29.7996 18.6204 28.5345 32.0556 13.3964 27.916 33.8018 7.79837 26.0089 34.4852 2.42754 23.0575 33.7457 -2.48494 19.4046 31.297 -6.6029 15.5227 27.8476 -9.11986 12.5407 23.3629 -10.4746 10.2649 18.3055 -10.5369 9.0223 13.2255 -9.39234 8.91947 7.89023 -6.92422 10.018 3.24598 -3.67487 11.9253 -0.935078 0.0302923 14.0597 -5.03524 4.0128 15.8186 -8.62669 7.45501 16.5193 -12.3294 10.8305 16.1526 -15.9212 13.9163 14.475 -19.0316 16.4619 11.4611 -21.4751 18.4304 6.78653 -22.4537 19.3533 1.31956 -21.8591 19.2608 -4.27832 -19.8238 18.2534 -9.43013 -16.7904 16.5055 -13.5416 -13.0505 14.022 -16.5424 -9.03997 10.8107 -18.2048 -5.28806 6.93113 -18.3819 -2.41329 2.64347 -17.1133 -0.824745 -1.78981 -14.6473 -0.742005 -6.01829 -11.4269 -2.05584 -9.82285 -7.95458 -4.52953 -13.3457 -4.47626 -7.62733 -16.674 -1.32088 -10.8411 -20.1597 1.5343 -13.6616 -24.0907 4.22173 -15.7001 -28.9591 7.13497 -16.0988 -34.1338 10.2024 -14.5932 -38.9354 13.5225 -11.3656 -42.5318 17.1271 -8.05292 -43.9987 20.1246 -4.48786 -44.0482 23.1903 -1.15421 -42.6285 26.1874 1.50342 -39.8866 28.9313 3.24429 -35.9178 31.3421 3.7959 -31.3134 33.0995 3.29813 -26.4903 34.1407 2.04246 -21.7053 34.4891 -0.00533905 -16.1605 34.0845 -2.11546 -10.7503 32.9105 -3.84821 -5.3893 31.0778 -4.89056 -0.0685975 28.6892 -5.07216 5.4318 25.6517 -4.31258 10.6119 22.1729 -2.75876 15.2911 18.2736 -0.604317 19.2956 13.9336 1.31202 21.7561 10.3515 3.42373 23.6417 6.53782 5.69927 24.8719 2.55446 8.11525 25.3851 -1.50237 11.0506 25.0516 -6.14701 14.0603 23.7565 -10.5702 17.0329 21.6019 -14.6715 19.8218 18.7259 -18.4466 22.1303 15.459 -21.7973 23.9308 11.7685 -25.0171 25.021 7.75153 -28.1641 25.2057 3.52004 -31.212 23.9778 -1.86084 -34.6815 21.1028 -7.06786 -37.3501 16.8575 -11.8209 -38.723 -0.642742 -0.372518 -0.133821 0.0625937 0.222557 0.332977 0.389721 0.405082 0.393755 0.370809 0.338511 0.298259 0.248023 0.186003 0.111838 0.0243251 -0.10199 -0.266175 -0.417926 -0.537352 -0.614345 -0.652204 -0.658322 -0.63959 -0.605896 -0.565582 -0.523502 -0.486367 -0.46007 -0.449084 -0.453673 -0.468747 -0.485786 -0.49073 -0.468614 -0.407916 -0.311885 -0.192865 -0.0531069 0.0921661 0.227457 0.326294 0.376951 0.38843 0.376084 0.355844 0.332362 0.309161 0.288195 0.27698 0.289727 0.347606 0.477162 0.70153 1.02825 1.40848 1.74918 1.98691 2.11173 2.13632 2.07732 1.95417 1.80339 1.66456 1.56081 1.5037 1.48818 1.49873 1.52036 1.54715 1.58068 1.62084 1.6671 1.71425 1.74924 1.75041 1.67489 1.41627 0.900459 0.188639 -0.537157 -1.11225 -1.54103 -1.8742 -2.10388 -2.25202 -2.35631 -2.42206 -2.45913 -2.47113 -2.4643 -2.4429 -2.40504 -2.34219 -2.24078 -2.0899 -1.85874 -1.52875 -1.1417 -0.723432 0.263346
13.8228 -11.4189 -40.4503 10.658 -14.2655 -39.2068 7.73599 -16.826 -37.069 5.2126 -19.0067 -34.1461 3.16862 -20.7041 -30.5956 1.38867 -21.942 -25.881 0.152589 -22.2162 -20.8485 -0.720355 -21.3878 -15.8008 -1.43402 -19.3749 -11.0714 -2.00308 -17.0356 -7.89288 -2.6509 -14.0916 -5.28277 -3.41146 -10.6808 -3.36263 -4.28843 -6.9728 -2.18742 -5.33945 -2.82507 -1.72932 -6.44923 1.3241 -1.99664 -7.55457 5.40051 -2.82068 -8.58464 9.40511 -4.01259 -9.85931 15.4762 -6.17591 -10.4657 21.7298 -8.09586 -10.0962 28.21 -9.11219 -8.55029 34.5771 -8.63166 -6.03614 39.8781 -6.47899 -2.81631 43.75 -2.77812 0.662195 45.7575 2.00996 4.01819 45.8557 7.281 6.76251 44.5368 11.9582 9.27044 42.1429 16.3317 11.6329 38.9098 20.2194 13.9638 35.0295 23.4842 16.41 30.5427 26.0623 18.9383 25.6937 27.7528 21.4891 20.622 28.4831 23.9172 15.4447 28.2338 26.1442 9.84836 26.9122 27.5996 4.31412 24.6149 27.8357 -1.02855 21.545 26.3982 -5.90088 18.0498 23.6586 -9.27682 15.1821 19.6259 -11.583 12.8273 14.7194 -12.5289 11.3585 9.54981 -12.0537 10.9391 3.97375 -9.9959 11.6 -0.870199 -6.7657 12.9665 -5.05188 -2.73231 14.3845 -8.80705 1.85617 15.1653 -11.726 5.92946 14.8099 -14.3325 9.91994 13.2223 -16.398 13.4515 10.3069 -17.6488 16.1466 6.25595 -17.844 17.8774 0.902116 -16.6935 18.2001 -4.59968 -14.3132 17.2883 -9.61974 -10.9404 15.4056 -13.7159 -7.05676 12.9103 -16.5178 -2.85755 9.88832 -18.0652 1.2844 6.43032 -18.2822 4.9371 2.60971 -17.1775 7.60624 -1.40182 -14.9323 8.97371 -5.49641 -11.8302 8.83952 -9.47234 -8.30426 7.26971 -13.168 -4.82063 4.43702 -16.6752 -1.61065 0.860892 -19.9697 1.03277 -2.97265 -23.3086 3.22053 -6.60449 -26.9627 5.24228 -9.79366 -31.4626 7.67633 -11.549 -36.3209 10.7846 -11.3679 -40.8546 14.7542 -9.19341 -44.0417 19.3866 -6.48094 -44.951 23.1183 -3.3931 -44.236 26.5917 -0.496929 -41.9694 29.5218 1.72909 -38.4665 31.732 3.04001 -33.9238 33.2285 3.22085 -29.0197 33.9436 2.4206 -24.1261 34.0217 0.909855 -19.4202 33.6142 -1.42553 -14.0631 32.6397 -3.85166 -8.84468 31.2312 -5.9448 -3.60938 29.4114 -7.36567 1.68735 27.1692 -7.90212 7.26387 24.3182 -7.36743 12.5637 20.9809 -5.85235 17.3263 17.1682 -3.53481 21.3236 12.9063 -1.37176 23.7197 9.42237 1.07561 25.512 5.76766 3.75388 26.6566 2.01596 6.61534 27.132 -1.74492 10.0905 26.8545 -6.00484 13.6323 25.7444 -10.0697 17.1044 23.8936 -13.9192 20.3391 21.4057 -17.6135 23.0006 18.5477 -21.0743 25.0666 15.2788 -24.5777 26.3229 11.6789 -28.1402 26.5836 7.84387 -31.6692 25.3782 2.88855 -35.7301 22.5586 -2.07252 -38.8826 18.5057 -6.88553 -40.5877 -1.29639 -0.950835 -0.632942 -0.364162 -0.140797 0.0187399 0.108292 0.14463 0.145555 0.131227 0.107096 0.0761323 0.0383065 -0.00638362 -0.0581038 -0.119192 -0.211684 -0.342903 -0.477064 -0.591231 -0.668675 -0.707918 -0.714104 -0.693444 -0.656845 -0.614226 -0.571836 -0.537027 -0.515695 -0.512293 -0.527311 -0.556231 -0.591078 -0.615788 -0.610028 -0.557058 -0.457639 -0.328227 -0.174539 -0.0163993 0.12743 0.227609 0.276261 0.289225 0.286998 0.284901 0.289629 0.305081 0.335523 0.388436 0.47211 0.604135 0.806245 1.09585 1.46674 1.85321 2.16884 2.37558 2.48187 2.50724 2.46684 2.36854 2.22606 2.06103 1.89577 1.75675 1.66119 1.60299 1.57468 1.56598 1.57147 1.59114 1.62513 1.67067 1.7163 1.74054 1.70352 1.49914 1.03883 0.342437 -0.430016 -1.05108 -1.48818 -1.80186 -2.00618 -2.1355 -2.22805 -2.29054 -2.33298 -2.35974 -2.37452 -2.37871 -2.36628 -2.32612 -2.24437 -2.1109 -1.89701 -1.5785 -1.18204 -0.718104 0.994318
18.0573 -6.00303 -42.3427 14.9045 -9.02954 -41.5906 11.9074 -11.8194 -39.8882 9.25849 -14.2627 -37.3037 7.08923 -16.24 -33.9796 5.22338 -17.8171 -29.4014 4.0122 -18.4557 -24.3961 3.28273 -18.04 -19.2752 2.80317 -16.4932 -14.3452 2.43837 -14.5227 -10.8979 1.98181 -11.9176 -7.91388 1.36435 -8.77481 -5.53889 0.553419 -5.24057 -3.88037 -0.530334 -1.18323 -2.9415 -1.78227 2.9326 -2.8367 -3.12901 6.97627 -3.43071 -4.49002 10.9068 -4.53393 -6.4418 16.7609 -6.78844 -7.98271 22.77 -8.95114 -8.85474 29.1599 -10.2047 -8.82841 35.7143 -9.75754 -7.89336 41.3823 -7.29708 -6.22586 45.5758 -2.97394 -4.15871 47.6371 2.55173 -2.02887 47.4578 8.42435 -0.228137 45.6878 13.4014 1.4607 42.7624 17.8443 3.10802 39.0194 21.6423 4.81351 34.7208 24.7666 6.71066 29.9339 27.2664 8.80111 24.9122 29.0484 11.062 19.7605 30.1027 13.3984 14.5447 30.4172 15.8101 8.89176 29.9142 17.8051 3.22489 28.5247 18.9687 -2.3895 26.2556 18.803 -7.73982 23.1946 17.2624 -11.7069 20.1921 14.3255 -14.7315 17.1338 10.1877 -16.3853 14.4375 5.36302 -16.4252 12.4763 -0.204638 -14.5724 11.3221 -5.09902 -11.1427 11.1051 -9.02924 -6.63802 11.2679 -11.9872 -1.44264 11.114 -13.7349 3.17914 10.2067 -14.7479 7.70789 8.28253 -14.9319 11.7056 5.2457 -14.2249 14.7135 1.28454 -12.4119 16.5286 -3.72702 -9.6791 16.6241 -8.64841 -6.24368 15.223 -12.8832 -2.32526 12.6946 -16.0378 1.68089 9.55686 -17.845 5.70027 5.99002 -18.3759 9.45673 2.18068 -17.6421 12.6291 -1.75898 -15.7514 14.8544 -5.70564 -12.9711 15.9102 -9.6753 -9.59681 15.6413 -13.6123 -6.03512 14.0899 -17.4528 -2.70318 11.3806 -21.3085 0.198723 7.9852 -25.0621 2.43742 4.3504 -28.8379 4.21559 0.869936 -32.7705 5.96246 -2.33111 -37.2376 8.44075 -4.44345 -41.5255 12.1146 -5.09304 -44.8107 17.1276 -4.27997 -46.1359 22.9522 -2.97607 -45.4105 27.4114 -1.49832 -43.1783 31.2771 -0.269261 -39.7346 34.2337 0.385702 -35.4975 36.1646 0.269009 -30.6363 37.1385 -0.685979 -25.7702 37.1944 -2.33404 -21.1386 36.5419 -4.43653 -16.8042 35.3643 -7.18104 -11.9228 33.43 -9.70292 -7.13067 31.0265 -11.5548 -2.25212 28.221 -12.3841 2.71999 25.1079 -11.9697 7.92794 21.6124 -10.3113 12.8301 18.0445 -7.68881 17.2582 14.435 -4.41977 21.1343 10.7199 -1.68343 23.6651 7.77614 1.21634 25.8149 4.68932 4.24951 27.5252 1.45926 7.40235 28.7223 -1.8851 11.178 29.376 -5.83696 15.0128 29.1632 -9.78016 18.7746 28.0665 -13.6462 22.283 26.1376 -17.4239 25.1813 23.6346 -20.9683 27.4693 20.5874 -24.5332 28.9546 17.1222 -28.1407 29.4755 13.3732 -31.7327 28.6518 8.48513 -35.9669 26.2438 3.54986 -39.4805 22.5452 -1.31052 -41.7599 -1.70516 -1.339 -0.990076 -0.686209 -0.427088 -0.235694 -0.122548 -0.0705619 -0.0613889 -0.0711806 -0.0924417 -0.121386 -0.157373 -0.199977 -0.248904 -0.305806 -0.389984 -0.499447 -0.594142 -0.650641 -0.660768 -0.632188 -0.574305 -0.497409 -0.417516 -0.344243 -0.281089 -0.233515 -0.204465 -0.195726 -0.206328 -0.232155 -0.267513 -0.300257 -0.312767 -0.288976 -0.225757 -0.137064 -0.0295698 0.0808201 0.179934 0.245083 0.27361 0.281954 0.290921 0.312601 0.357191 0.431431 0.546729 0.714278 0.932438 1.20462 1.52702 1.89022 2.26555 2.5938 2.82928 2.96809 3.03003 3.03548 2.99681 2.915 2.78641 2.60783 2.38194 2.13577 1.91584 1.73665 1.60997 1.52316 1.46003 1.42101 1.40476 1.40764 1.41289 1.38504 1.24906 0.845116 0.156095 -0.54715 -1.07 -1.43324 -1.7189 -1.98011 -2.19956 -2.36741 -2.50594 -2.60978 -2.68462 -2.72853 -2.74438 -2.73771 -2.70921 -2.65488 -2.56639 -2.43666 -2.23834 -1.94751 -1.57972 -1.13195 0.996687
19.8083 1.42245 -45.7041 17.0891 -2.03604 -45.1471 14.5 -5.28811 -43.6026 12.2351 -8.19975 -41.1413 10.4297 -10.6416 -37.9097 8.96996 -12.7628 -33.4044 8.15027 -13.9759 -28.426 7.7935 -14.1982 -23.2538 7.64667 -13.3651 -18.134 7.48161 -11.9731 -14.401 7.14586 -9.93125 -10.9926 6.53591 -7.28557 -8.07236 5.5908 -4.14328 -5.80702 4.19361 -0.385841 -4.24265 2.47492 3.51395 -3.64616 0.55572 7.35401 -3.94289 -1.4336 11.0349 -4.94879 -4.38824 16.3778 -7.37479 -6.99102 21.8387 -9.937 -9.03938 27.8423 -11.6465 -10.3111 34.2867 -11.5311 -10.6602 40.0625 -9.17057 -10.2352 44.4771 -4.76766 -9.30246 46.8496 0.938161 -8.17343 47.1033 7.07958 -7.1695 45.8273 12.4191 -6.21172 43.4573 17.3804 -5.25669 40.2674 21.8593 -4.21726 36.4511 25.7968 -2.96822 32.0258 29.2055 -1.46422 27.1977 31.887 0.308768 22.0821 33.7442 2.29782 16.8007 34.6999 4.54797 11.0595 34.6788 6.69028 5.38375 33.5743 8.43736 -0.125458 31.4247 9.43514 -5.34136 28.2906 9.38101 -9.34243 24.9567 8.27996 -12.7143 21.1428 6.02412 -15.1145 17.1084 2.72915 -16.1962 13.2226 -1.84749 -15.569 9.42466 -6.48433 -13.0303 6.62836 -10.4479 -8.97517 4.72812 -13.25 -3.89937 3.26206 -14.4807 0.774235 1.8905 -14.5638 5.45667 0.0722691 -13.4568 9.70249 -2.37427 -11.2435 13.0303 -5.41815 -7.73234 15.2163 -9.23781 -3.55798 15.5923 -12.9969 0.886769 14.3133 -16.2073 5.33837 11.7392 -18.4997 9.4652 8.43708 -19.607 13.3225 4.65905 -19.5235 16.7483 0.689393 -18.2328 19.5406 -3.26625 -15.8421 21.4657 -7.04816 -12.6406 22.4043 -10.7228 -8.91568 22.2573 -14.3637 -5.04526 21.0341 -18.0568 -1.42271 18.7754 -22.0059 1.72868 15.8168 -26.0617 4.0582 12.5078 -30.1996 5.65766 9.12448 -34.3986 6.90313 5.5372 -38.971 8.50586 2.19443 -43.235 11.1495 -0.694692 -46.5028 15.3112 -2.86578 -47.8821 20.7634 -3.98313 -47.2377 25.2852 -4.65734 -45.1129 29.4253 -5.0851 -41.8023 32.7372 -5.5061 -37.7051 35.0057 -6.16438 -32.9501 36.2506 -7.18262 -28.1005 36.4469 -8.57489 -23.387 35.7845 -10.2393 -18.9089 34.4541 -12.3384 -13.8516 32.1916 -14.1608 -8.96504 29.3806 -15.304 -4.1149 26.176 -15.4573 0.721394 22.7573 -14.4111 5.73734 19.116 -12.2531 10.5042 15.633 -9.28793 14.9614 12.3383 -5.8364 19.1164 9.12341 -3.06046 22.0557 6.63083 -0.191566 24.7894 4.01268 2.7602 27.2459 1.21784 5.80674 29.3221 -1.77651 9.46317 31.1059 -5.48445 13.2187 32.0605 -9.39401 16.9613 32.0902 -13.4302 20.5167 31.1919 -17.5355 23.5227 29.5555 -21.4743 25.9878 27.2622 -25.4608 27.734 24.4302 -29.4806 28.6115 21.1715 -33.4606 28.3606 16.6482 -38.1485 26.621 11.7578 -42.0929 23.6203 6.62845 -44.7734 -1.92158 -1.4877 -1.0793 -0.730233 -0.437179 -0.221183 -0.0915391 -0.0296843 -0.0169839 -0.0264738 -0.0495473 -0.0815904 -0.121371 -0.168154 -0.221495 -0.28345 -0.375565 -0.489519 -0.57055 -0.589815 -0.549602 -0.469698 -0.364843 -0.248397 -0.137654 -0.0385168 0.0502834 0.124965 0.182435 0.218336 0.22959 0.216556 0.181287 0.130418 0.0775221 0.0366312 0.0202067 0.0249934 0.045842 0.0750423 0.103835 0.112136 0.0969416 0.0697487 0.0521022 0.0564874 0.0965037 0.187158 0.353662 0.627083 1.00932 1.48303 1.98771 2.46244 2.86432 3.16 3.34214 3.42989 3.45257 3.43689 3.40044 3.34903 3.27518 3.15602 2.95615 2.65649 2.31031 1.9788 1.72102 1.52885 1.36886 1.23899 1.13343 1.04774 0.966214 0.853556 0.628793 0.16586 -0.476686 -1.04931 -1.44893 -1.72534 -1.95888 -2.20633 -2.44994 -2.65921 -2.84646 -2.99468 -3.10592 -3.17472 -3.20552 -3.20929 -3.19101 -3.14926 -3.07613 -2.96194 -2.77531 -2.48116 -2.08314 -1.57134 0.851205
20.622 6.38778 -45.3818 18.9456 2.32591 -44.7848 17.2959 -1.5165 -43.3086 15.8072 -4.99778 -40.9999 14.579 -7.98382 -37.9601 13.5371 -10.7005 -33.6633 12.9034 -12.4534 -28.8203 12.5707 -13.1598 -23.6902 12.3545 -12.7785 -18.5195 12.1055 -11.7402 -14.6776 11.6675 -10.0729 -11.0822 10.9297 -7.82487 -7.87257 9.80867 -5.08797 -5.19831 8.13217 -1.74601 -3.06794 6.00623 1.78418 -1.8285 3.53876 5.293 -1.48615 0.873166 8.64128 -1.93512 -3.30133 13.3698 -3.77266 -7.30868 17.9848 -6.18186 -10.9759 23.015 -8.28182 -14.0886 28.7364 -9.1406 -16.2474 34.4987 -8.04939 -17.4035 39.7305 -4.83281 -17.5748 43.5044 0.145441 -17.0269 45.2874 6.11003 -16.2265 45.1933 11.6324 -15.3338 43.7393 16.9463 -14.4468 41.2257 21.8497 -13.5693 37.9168 26.2577 -12.6206 33.9016 30.225 -11.5376 29.4025 33.5937 -10.2506 24.5262 36.3008 -8.73428 19.3651 38.2568 -6.88796 13.5944 39.4033 -4.95653 7.73832 39.4153 -3.16505 1.9722 38.1636 -1.81339 -3.45202 35.5609 -1.27495 -7.48876 32.3142 -1.46962 -10.722 28.2355 -2.48136 -12.8461 23.5889 -4.24252 -13.6365 18.7516 -6.89589 -12.8399 13.4517 -9.72815 -10.4411 8.76251 -12.2197 -6.83635 4.69278 -13.904 -2.46927 0.97035 -14.3748 1.42358 -2.1701 -13.7812 5.17089 -5.46301 -12.0293 8.36999 -8.91764 -9.195 10.634 -12.3932 -5.04101 11.7576 -16.0234 -0.318473 11.3417 -19.0602 4.55118 9.597 -21.283 9.29579 6.85762 -22.5802 13.5968 3.60829 -22.9023 17.5675 0.00110797 -22.2844 21.1027 -3.76301 -20.7052 24.0479 -7.52705 -18.1916 26.184 -11.1274 -14.9155 27.3842 -14.5778 -11.0538 27.5231 -17.8967 -6.90357 26.569 -21.1514 -2.81034 24.5056 -24.5575 1.03272 21.5741 -28.0489 4.1706 18.0724 -31.6377 6.51348 14.2711 -35.2824 8.21532 9.96738 -39.2085 9.76726 5.54778 -42.8448 11.6618 1.07879 -45.718 14.5111 -3.15848 -47.1322 18.5595 -5.97951 -46.7907 22.3059 -8.15113 -45.0964 26.1168 -9.63611 -42.2196 29.5271 -10.5774 -38.4712 32.2055 -11.2477 -33.9268 34.0744 -11.8804 -29.087 34.9514 -12.6787 -24.1926 34.9129 -13.7082 -19.4145 34.0746 -15.1405 -13.9832 32.1902 -16.4815 -8.85735 29.5391 -17.3428 -3.96715 26.3073 -17.3894 0.738819 22.7084 -16.3759 5.52551 18.7621 -14.3606 10.0922 14.9418 -11.6417 14.4883 11.3648 -8.56377 18.8032 7.98538 -6.17237 22.0404 5.46357 -3.77313 25.2318 2.89108 -1.35293 28.3015 0.193356 1.14428 31.1321 -2.6892 4.2139 33.9305 -6.30123 7.52086 35.974 -10.1983 11.0083 37.0671 -14.3144 14.5155 37.1089 -18.5568 17.6543 36.1838 -22.6213 20.4105 34.392 -26.6736 22.6027 31.8356 -30.6595 24.0894 28.6216 -34.4922 24.8406 23.8383 -38.8574 24.3688 18.3842 -42.3973 22.8503 12.4759 -44.6963 -1.8826 -1.3629 -0.908239 -0.545587 -0.256004 -0.0469378 0.0791182 0.140905 0.154641 0.145674 0.122369 0.0898974 0.0508744 0.00813394 -0.0358675 -0.082292 -0.148293 -0.234372 -0.306346 -0.329802 -0.292268 -0.209037 -0.0947288 0.0367141 0.16697 0.288079 0.401732 0.503675 0.591095 0.659575 0.705048 0.725959 0.721771 0.691881 0.640526 0.574339 0.506924 0.443898 0.382255 0.322989 0.263425 0.195083 0.122411 0.0515738 -0.00198082 -0.0332045 -0.034947 0.00793805 0.123451 0.361007 0.752528 1.29148 1.87148 2.37906 2.77603 3.06223 3.24992 3.35609 3.39978 3.39995 3.37349 3.33184 3.2766 3.19257 3.04127 2.77175 2.39283 1.97446 1.62975 1.37224 1.15731 0.979695 0.830416 0.706036 0.595829 0.471294 0.260191 -0.160295 -0.791989 -1.40607 -1.83466 -2.10608 -2.31983 -2.5555 -2.81032 -3.04592 -3.26542 -3.44014 -3.56755 -3.63946 -3.66447 -3.6577 -3.62643 -3.57008 -3.47995 -3.34491 -3.12584 -2.77539 -2.28278 -1.6278 0.891661
26.5324 7.09369 -43.506 25.8309 2.74604 -42.9849 24.932 -1.40986 -41.7258 23.9131 -5.22751 -39.7125 22.8497 -8.55227 -36.9775 21.6293 -11.6271 -32.9794 20.4879 -13.6486 -28.3384 19.4191 -14.5158 -23.335 18.3466 -14.2199 -18.2665 17.4238 -13.2472 -14.5112 16.337 -11.6859 -11.0069 15.0027 -9.6159 -7.87087 13.3513 -7.13947 -5.21768 11.1735 -4.15314 -3.01388 8.59736 -1.01558 -1.58641 5.69965 2.10415 -0.963514 2.59766 5.08399 -1.09096 -2.27758 9.26483 -2.47472 -7.05129 13.2199 -4.64959 -11.6144 17.3838 -6.88604 -15.8969 22.1304 -8.39978 -19.5538 27.1979 -8.43984 -22.5644 32.3642 -6.62285 -24.7209 36.8797 -2.87927 -25.9704 40.0144 2.38073 -26.4246 41.2995 7.79263 -26.4027 41.1214 13.3708 -26.0454 39.6407 18.74 -25.4392 37.0949 23.6694 -24.5849 33.6226 28.1388 -23.4728 29.4894 31.9392 -22.0634 24.8651 35.0038 -20.3325 19.8942 37.2524 -18.1295 14.3084 38.656 -15.669 8.659 38.889 -13.1203 3.13866 37.8626 -10.7133 -2.04017 35.5367 -8.99305 -5.96549 32.5771 -7.71821 -9.29923 28.7839 -7.00827 -11.8535 24.3007 -6.91123 -13.4507 19.3443 -7.48578 -13.9501 13.4127 -8.53565 -12.9855 7.6047 -9.66125 -10.6857 2.2002 -10.388 -7.32229 -2.69101 -10.3183 -3.96568 -6.4282 -9.37766 -0.420295 -9.86091 -7.4003 2.95726 -13.0106 -4.36161 5.77203 -15.8534 0.110907 7.82302 -18.5896 5.28117 8.39093 -20.7444 10.6258 7.42247 -22.2261 15.7015 5.10642 -22.9819 20.0572 1.91459 -22.993 23.7849 -1.92502 -22.2708 26.8226 -6.13273 -20.7781 29.119 -10.4581 -18.5026 30.5992 -14.6209 -15.5465 31.2546 -18.5348 -12.0093 31.0591 -22.1225 -8.09147 30.0219 -25.3919 -4.03019 28.0956 -28.5338 0.0986521 25.3921 -31.5141 3.89852 22.0278 -34.4028 7.21032 18.1322 -37.1947 9.97803 13.4125 -40.0157 12.4502 8.29034 -42.3679 14.5895 2.85497 -43.9068 16.6954 -2.69986 -44.2341 19.0153 -6.86844 -43.424 21.0346 -10.6575 -41.636 23.1692 -13.8899 -38.9543 25.2839 -16.4982 -35.5515 27.2148 -18.6269 -31.3941 28.8815 -20.2627 -26.8502 30.0089 -21.5549 -22.0835 30.4583 -22.5929 -17.246 30.1191 -23.4956 -11.5889 28.6084 -23.887 -6.30811 25.9511 -23.5585 -1.58367 22.3914 -22.3499 2.54257 18.3155 -20.0807 6.39138 13.894 -16.9649 9.98613 9.78542 -13.3273 13.6602 6.21031 -9.54913 17.6602 3.17113 -6.80905 20.9451 1.10745 -4.23272 24.4023 -0.884609 -1.80128 27.9154 -2.95918 0.57201 31.3213 -5.26676 3.39252 34.8831 -8.3744 6.42947 37.6844 -12.0115 9.70544 39.4019 -16.0879 13.111 39.8334 -20.3908 16.2852 39.0321 -24.4542 19.2334 37.16 -28.3311 21.8158 34.3865 -31.9183 23.9338 30.8845 -35.1555 25.839 25.7049 -38.6256 26.8789 19.8605 -41.3203 27.0772 13.5727 -43.0304 -1.68964 -1.13651 -0.699919 -0.377517 -0.132517 0.0400158 0.141875 0.189356 0.196221 0.183715 0.158421 0.125113 0.0864856 0.0459961 0.00680441 -0.0315313 -0.0821834 -0.145047 -0.197417 -0.207028 -0.151477 -0.0404009 0.110962 0.284508 0.456218 0.613762 0.759156 0.88654 0.992813 1.07372 1.12537 1.146 1.13359 1.08479 1.003 0.895839 0.784113 0.678223 0.574434 0.475916 0.381878 0.282133 0.178895 0.0736009 -0.0192605 -0.0935206 -0.145274 -0.157529 -0.100443 0.09732 0.532382 1.29172 2.17342 2.83725 3.24962 3.49323 3.62646 3.68095 3.67597 3.62801 3.55231 3.46289 3.36746 3.2588 3.10703 2.866 2.50946 2.06266 1.6589 1.35008 1.09561 0.888178 0.709931 0.546803 0.380926 0.179478 -0.137881 -0.676569 -1.36429 -1.94677 -2.30306 -2.48916 -2.6152 -2.78139 -3.02525 -3.30779 -3.61219 -3.868 -4.04662 -4.12831 -4.13366 -4.09294 -4.02512 -3.93717 -3.82436 -3.6765 -3.44679 -3.07095 -2.50152 -1.6984 0.748706
27.767 8.33769 -43.8559 27.961 3.94994 -43.2429 27.8331 -0.2976 -41.9752 27.4232 -4.25983 -40.0263 26.7841 -7.78171 -37.4084 25.8185 -11.1479 -33.5789 24.6943 -13.5073 -29.0959 23.453 -14.7306 -24.2081 22.0822 -14.7812 -19.2035 20.8897 -14.0581 -15.4678 19.5262 -12.7308 -11.9637 17.9305 -10.8829 -8.81123 16.0483 -8.6204 -6.12092 13.6636 -5.85613 -3.84274 10.9212 -2.92602 -2.28968 7.8824 0.0106989 -1.47783 4.64182 2.83918 -1.34982 -0.488153 6.84759 -2.23207 -5.61998 10.6294 -3.82056 -10.6689 14.498 -5.46493 -15.599 18.711 -6.5168 -20.1055 23.0395 -6.41415 -24.3099 27.3943 -4.86007 -28.073 31.2759 -1.72521 -31.272 34.1336 2.81967 -33.583 35.4684 7.72103 -35.3393 35.5272 13.0182 -36.534 34.3681 18.3452 -37.1769 32.1712 23.4352 -37.2743 29.0717 28.2462 -36.8046 25.334 32.5556 -35.757 21.1291 36.2951 -34.1186 16.586 39.3674 -31.6989 11.4449 41.7629 -28.6616 6.21701 42.9743 -25.1621 1.14407 42.7682 -21.4615 -3.46324 41.0073 -18.4308 -6.74512 38.3295 -15.6956 -9.29258 34.7023 -13.4093 -11.0061 30.3476 -11.6451 -11.8618 25.5225 -10.2392 -11.8363 19.7098 -9.32413 -10.8634 13.8805 -8.61866 -9.1058 8.20787 -7.76839 -6.74881 2.7777 -6.64714 -4.47928 -1.56171 -4.94646 -2.12374 -5.66019 -2.51487 0.089511 -9.4585 0.699753 1.89249 -12.8723 5.133 3.10423 -16.1243 10.1568 3.17101 -18.6649 15.3622 1.96148 -20.4364 20.3404 -0.469123 -21.4405 24.6109 -3.76279 -21.7143 28.2229 -7.7591 -21.337 31.1054 -12.2077 -20.3064 33.2338 -16.8682 -18.6007 34.5797 -21.4425 -16.2506 35.1663 -25.8054 -13.2705 34.9815 -29.7977 -9.76531 34.0257 -33.3237 -5.90358 32.2304 -36.4748 -1.72309 29.6553 -39.137 2.38934 26.3547 -41.3706 6.22969 22.4054 -43.2063 9.64487 17.4848 -44.7145 12.7848 12.0829 -45.5697 15.3214 6.40573 -45.5552 17.35 0.721562 -44.4428 19.0229 -3.49112 -42.7114 20.1918 -7.33592 -40.2376 21.2912 -10.6911 -37.1155 22.3433 -13.5176 -33.4908 23.3347 -15.9826 -29.2878 24.2581 -18.0544 -24.8356 24.9499 -19.8785 -20.2344 25.259 -21.5411 -15.5692 25.0054 -23.2866 -10.0498 23.7448 -24.5358 -4.80172 21.296 -24.9354 -0.0460193 17.7857 -24.1831 4.10868 13.6298 -22.0258 7.95033 9.14668 -18.6892 11.5374 5.20842 -14.6682 15.2789 2.15173 -10.5602 19.4836 -0.0740252 -7.71968 23.0245 -1.47063 -5.20713 26.8032 -2.87254 -3.00209 30.6606 -4.55033 -0.991164 34.3691 -6.73223 1.28598 38.1281 -10.0463 3.71476 40.8622 -14.1601 6.38576 42.2308 -18.7743 9.26552 42.1295 -23.4643 12.0922 40.8018 -27.6445 14.9083 38.5025 -31.3876 17.6226 35.4615 -34.6455 20.1567 31.8528 -37.4355 22.9636 26.707 -40.2888 25.2393 20.9781 -42.4107 26.8655 14.7916 -43.6685 -1.5194 -0.946278 -0.562411 -0.301718 -0.108628 0.0294234 0.113106 0.152707 0.157598 0.145114 0.120718 0.0888712 0.0525617 0.0161347 -0.0160252 -0.0425717 -0.0690277 -0.0837308 -0.0717065 -0.01468 0.100834 0.272431 0.495329 0.752043 1.00575 1.23218 1.43089 1.59349 1.71971 1.81034 1.86589 1.88545 1.86203 1.78117 1.63658 1.43503 1.21981 1.022 0.843209 0.693206 0.571253 0.470024 0.384091 0.304172 0.233389 0.173662 0.127634 0.110708 0.151161 0.318412 0.706997 1.40405 2.23204 2.86372 3.25482 3.48551 3.61562 3.67525 3.67844 3.63438 3.55191 3.44226 3.31643 3.17436 2.99333 2.73924 2.39033 1.96308 1.58034 1.29331 1.06788 0.89815 0.766533 0.657479 0.549569 0.406251 0.139978 -0.418386 -1.25292 -1.94777 -2.29443 -2.40953 -2.45413 -2.56509 -2.83258 -3.20903 -3.63374 -3.95848 -4.14222 -4.19174 -4.1612 -4.09545 -4.02028 -3.94474 -3.86553 -3.77002 -3.60994 -3.28579 -2.64396 -1.53137 0.973643
26.6846 10.7527 -45.3699 27.7032 6.67242 -43.9631 28.3322 2.73914 -42.0141 28.5674 -0.94149 -39.5517 28.4172 -4.26588 -36.6206 27.7736 -7.57899 -32.6788 26.656 -10.1466 -28.3099 25.0912 -11.8781 -23.6751 23.0969 -12.7339 -18.9615 21.2743 -12.8078 -15.4157 19.2024 -12.4042 -12.0328 16.8822 -11.5711 -8.89876 14.3207 -10.368 -6.0897 11.308 -8.7264 -3.49219 8.08005 -6.80355 -1.39416 4.70062 -4.66015 0.187966 1.2475 -2.33363 1.27497 -3.9965 1.53981 2.08716 -8.95661 5.84627 2.19925 -13.4613 10.625 2.01624 -17.4717 15.8286 1.98311 -20.9433 20.999 2.50259 -24.2995 26.0818 3.90185 -27.7775 30.6201 6.42433 -31.4916 34.0334 10.1135 -34.9242 35.6664 14.1997 -38.2417 35.74 18.687 -41.1857 34.2946 23.2027 -43.5426 31.5724 27.4668 -45.2024 27.7871 31.4264 -45.9973 23.3178 34.913 -45.8489 18.4337 37.8938 -44.6902 13.3709 40.2996 -42.2782 7.99093 42.1057 -38.7214 3.01628 42.8963 -34.2419 -1.2019 42.4906 -29.2254 -4.36823 40.808 -24.9302 -6.10672 38.43 -20.8712 -6.99091 35.2883 -17.2638 -7.12219 31.5338 -14.2266 -6.66044 27.328 -11.4573 -5.62254 22.1301 -9.30686 -4.29932 16.7089 -7.49464 -2.90169 11.1837 -5.65607 -1.59334 5.64541 -3.79698 -0.66992 1.07053 -1.46414 0.0114789 -3.32626 1.45048 0.367635 -7.40258 4.94814 0.318624 -11.0085 9.43413 -0.298037 -14.3541 14.2822 -1.57836 -16.9142 19.2225 -3.5709 -18.7368 23.9994 -6.30497 -19.9219 28.2124 -9.62548 -20.5424 31.88 -13.5863 -20.6857 34.8435 -18.0856 -20.3192 36.9775 -22.9533 -19.3646 38.1904 -27.8757 -17.7654 38.4993 -32.6586 -15.4659 37.9419 -37.03 -12.4928 36.6093 -40.7682 -8.956 34.5266 -43.8504 -4.85822 31.8639 -46.0808 -0.549437 28.7162 -47.513 3.7717 25.1425 -48.2231 7.93763 20.8191 -48.2309 12.1393 16.1343 -47.439 15.8503 11.2466 -45.7937 18.9728 6.39319 -43.2362 21.4726 2.8206 -40.6007 23.0223 -0.43919 -37.4492 24.2683 -3.30914 -33.8643 25.28 -5.7787 -29.9534 26.1267 -8.01555 -25.5937 26.8902 -10.0119 -21.098 27.5202 -11.9272 -16.543 27.9414 -13.8871 -11.988 28.0009 -16.335 -6.6351 27.327 -18.7384 -1.53516 25.5067 -20.7154 3.10939 22.4054 -21.805 7.15491 18.2167 -21.6367 10.8223 13.1144 -20.0657 14.135 8.00884 -17.4123 17.5015 3.41134 -14.2154 21.2555 -0.48708 -11.8035 24.428 -3.07062 -9.5588 27.8309 -5.50761 -7.5413 31.3229 -8.01609 -5.71295 34.7021 -10.808 -3.7026 38.1729 -14.5778 -1.61611 40.7762 -18.9558 0.690038 42.199 -23.747 3.27421 42.3046 -28.6061 5.96419 41.2466 -32.9502 8.82871 39.2273 -36.8161 11.7926 36.4411 -40.0843 14.7732 33.0545 -42.7065 18.3886 28.1585 -45.0425 21.7035 22.6879 -46.3012 24.5265 16.8129 -46.4269 0.141253 0.413709 0.566321 0.663266 0.732696 0.779352 0.802298 0.803693 0.789374 0.768129 0.740691 0.709445 0.675365 0.640371 0.606099 0.571218 0.522632 0.455157 0.384718 0.339109 0.361073 0.483103 0.733497 1.11398 1.55451 1.96673 2.31364 2.57163 2.74915 2.86011 2.91558 2.91976 2.86338 2.72208 2.47752 2.13245 1.77104 1.46369 1.22305 1.05891 0.960703 0.916558 0.902955 0.896226 0.882895 0.862475 0.839619 0.829886 0.863725 1.00914 1.33977 1.89014 2.52555 3.05403 3.43056 3.68516 3.85019 3.94277 3.96736 3.92279 3.80862 3.63313 3.42027 3.19249 2.94958 2.68964 2.41454 2.12896 1.88468 1.69627 1.54303 1.42835 1.34766 1.29562 1.25848 1.20974 1.08707 0.700012 -0.279078 -1.50751 -2.10518 -2.2768 -2.3205 -2.39374 -2.57202 -2.82012 -3.1123 -3.36263 -3.5293 -3.59228 -3.58052 -3.53164 -3.47152 -3.41209 -3.35347 -3.28557 -3.16184 -2.82811 -1.70062 0.52161 1.17734
30.3872 15.2038 -49.8644 31.768 11.2153 -48.5038 32.6577 7.31968 -46.5808 33.0276 3.63124 -44.1468 32.8671 0.258479 -41.272 32.0178 -3.16072 -37.462 30.4991 -5.89217 -33.3194 28.3824 -7.84805 -29.004 25.7599 -8.98039 -24.6717 23.4681 -9.2838 -21.4228 20.9885 -9.10214 -18.3054 18.3706 -8.4547 -15.3681 15.662 -7.3686 -12.6508 12.6764 -5.75467 -10.005 9.64215 -3.76793 -7.68881 6.5914 -1.48599 -5.6877 3.54929 1.02381 -3.96572 -1.05102 5.17933 -1.79046 -5.6006 9.56018 0.018568 -10.1303 14.0296 1.65214 -14.6855 18.4663 3.30429 -19.0821 22.5406 5.07254 -23.5654 26.3447 7.19065 -28.142 29.7124 9.79259 -32.7697 32.4415 12.9853 -36.8563 34.1404 16.3855 -40.7633 34.9622 20.2852 -44.3049 34.7449 24.5932 -47.2552 33.3785 29.1293 -49.4212 30.7682 33.7399 -50.5021 27.0535 37.9582 -50.3738 22.5001 41.424 -49.0403 17.4849 43.839 -46.4124 12.0433 45.0662 -42.8388 7.0232 44.838 -38.6609 2.76239 43.2842 -34.1955 -0.565504 40.6368 -30.3845 -2.63136 37.7495 -26.6417 -4.05562 34.4192 -23.0233 -4.91855 30.7737 -19.5497 -5.31897 26.9135 -15.7332 -5.33943 22.3092 -12.0598 -5.05187 17.5986 -8.45578 -4.60582 12.847 -4.83854 -4.14813 8.10659 -1.72562 -3.86799 4.17338 1.49976 -3.77151 0.322846 4.87371 -3.9487 -3.39521 8.41819 -4.49002 -6.91408 12.5924 -5.63237 -10.5154 16.9239 -7.45215 -13.6179 21.2461 -10.0369 -16.1349 25.4203 -13.3482 -17.9543 29.1426 -17.1315 -18.9501 32.4464 -21.3985 -19.1453 35.1937 -26.0031 -18.5044 37.2612 -30.769 -17.0304 38.538 -35.4271 -14.8096 39.0031 -39.8578 -11.9092 38.6379 -43.8763 -8.44827 37.4651 -47.3203 -4.57236 35.4516 -50.1579 -0.268293 32.7336 -52.1355 4.12864 29.4405 -53.2041 8.44662 25.7141 -53.3606 12.5356 21.3275 -52.5352 16.5882 16.769 -50.757 20.1102 12.1901 -48.1363 23.0279 7.71695 -44.7956 25.3033 4.36723 -41.7724 26.6267 1.18029 -38.4425 27.5577 -1.8147 -34.8592 28.1071 -4.5955 -31.0716 28.29 -7.27796 -26.9045 28.1051 -9.69001 -22.6064 27.555 -11.822 -18.2186 26.6627 -13.6675 -13.7777 25.4513 -15.4901 -8.44756 23.6157 -16.8925 -3.13767 21.393 -17.8771 2.1032 18.8111 -18.4549 7.22462 15.8889 -18.6345 12.4738 12.4352 -18.379 17.4755 8.63625 -17.6981 22.1692 4.51075 -16.5993 26.4916 0.0808869 -15.4857 29.4746 -3.44342 -14.1256 32.1851 -7.09885 -12.5168 34.5939 -10.863 -10.6592 36.67 -14.7098 -8.19858 38.6182 -19.232 -5.41609 40.0234 -23.769 -2.32921 40.8326 -28.2542 1.03351 40.9955 -32.6092 4.43774 40.5125 -36.5344 8.0024 39.3812 -40.1734 11.6632 37.5881 -43.4311 15.3405 35.139 -46.2075 19.8171 31.2091 -48.8564 23.9647 26.4314 -50.4282 27.5603 21.0052 -50.7874 5.04512 5.27561 5.47566 5.62924 4.40233 4.4717 4.46081 4.49343 4.95085 4.91065 4.78812 4.73455 4.0385 4.03772 3.96094 3.88327 4.63262 4.7712 4.77329 4.81034 3.86562 3.90892 4.03641 4.02602 5.94292 6.0648 6.09164 6.23762 6.10464 6.19866 6.40467 6.57446 6.25693 6.26945 6.22332 6.24947 4.95115 4.87826 4.89142 4.80982 4.76826 4.68371 4.6915 4.63016 4.70785 4.69281 4.751 4.81688 3.42538 3.54904 3.69326 4.02883 6.09252 6.18377 6.35951 6.4816 7.50125 7.30928 7.11369 6.94064 6.94963 6.62565 6.35689 6.13371 5.92509 5.72674 5.56546 5.45721 4.28388 4.30946 4.37087 4.41402 3.40022 3.39333 3.33786 3.22372 3.23666 3.00822 2.87539 2.44174 0.874836 0.845089 0.385503 0.186999 0.282097 -0.185288 -0.600689 -0.971262 -0.937471 -1.00246 -1.06861 -1.17059 -0.764349 -0.945672 -1.15665 -1.36873 0.459528 0.584364 0.717973 0.932244 -6.26688
