Optimization finished after 900 iterations.
NEB Energy: 2.23598
Max NEB Force: 0.484929
Optimization took: 15677 ms
Energies: 
0.626894, 2.23442, 2.07722, 2.15983, 2.24314, 2.25645, 2.20959, 2.14728, 2.15598, 2.17233, 2.18194, 2.21549, 2.23551, 2.23643, 2.21024, 2.26227, 2.27707, 2.41522, 2.49939, 3.01634, 3.02964, 2.08185, 0.587035, 
NEB Forces: 
0, 0.484929, 0.313481, 0.309616, 0.318292, 0.353942, 0.372723, 0.342233, 0.339271, 0.323825, 0.319329, 0.317589, 0.320076, 0.317105, 0.312962, 0.315652, 0.316211, 0.32608, 0.337756, 0.371964, 0.373951, 0.332551, 0, 
Gradients: 
0.096486, 0.485122, 0.31348, 0.309638, 0.318319, 0.353945, 0.372749, 0.342232, 0.339279, 0.323825, 0.31933, 0.31759, 0.32008, 0.317105, 0.312973, 0.315667, 0.316268, 0.326137, 0.337848, 0.372029, 0.373952, 0.32991, 1.16939e-06, 
Spring Forces: 
0, 0.00313724, 0.000897087, 0.00155181, 0.00192407, 0.00147817, 0.000793522, 0.000742042, 0.000357027, 9.39514e-05, 0.000122622, 0.00014353, 0.000251544, 0.000655067, 0.000649161, 0.00120357, 0.00183592, 0.00236374, 0.00257146, 0.00216688, 0.00159995, 0.0433415, 0, 