Optimization finished after 5700 iterations.
NEB Energy: 0.742804
Max NEB Force: 0.0985385
Optimization took: 118198 ms
Energies: 
0.594523, 0.74123, 0.810626, 0.847611, 0.872338, 0.85302, 0.829362, 0.816232, 0.826261, 0.844921, 0.847812, 0.865039, 0.872438, 0.879441, 0.878183, 0.912743, 0.924768, 0.987837, 1.02291, 1.2317, 1.27506, 0.783703, 0.587035, 
NEB Forces: 
0, 0.079348, 0.0786581, 0.0800816, 0.0811525, 0.0861326, 0.0958298, 0.0921538, 0.097851, 0.0849731, 0.0832833, 0.0826076, 0.0835461, 0.0812224, 0.0786866, 0.0778054, 0.0778491, 0.0797735, 0.079435, 0.0980431, 0.0985384, 0.0875827, 0, 
Gradients: 
0.0215488, 0.07935, 0.078655, 0.0800671, 0.081132, 0.0861232, 0.0958293, 0.0921508, 0.0978506, 0.0849741, 0.0832845, 0.0826116, 0.0835467, 0.0812202, 0.0786875, 0.0777998, 0.0778375, 0.0797465, 0.0794056, 0.0980408, 0.0985508, 0.0762986, 2.03831e-12, 
Spring Forces: 
0, 0.00314936, 0.000858128, 0.0015677, 0.00193904, 0.0014858, 0.000799194, 0.000741043, 0.000369327, 0.000101897, 0.000122161, 0.000141252, 0.00025552, 0.000658971, 0.000654996, 0.00121091, 0.0018479, 0.00238164, 0.00258192, 0.00216922, 0.00166723, 0.0430322, 0, 