Optimization finished after 11300 iterations.
NEB Energy: 0.656543
Max NEB Force: 0.0498982
Optimization took: 238803 ms
Energies: 
0.589955, 0.65498, 0.714586, 0.744645, 0.76446, 0.743315, 0.717304, 0.700855, 0.715493, 0.734941, 0.734286, 0.748474, 0.754184, 0.765964, 0.772926, 0.810056, 0.821803, 0.880256, 0.918166, 1.03685, 1.07239, 0.683927, 0.587035, 
NEB Forces: 
0, 0.0214151, 0.0214726, 0.0232419, 0.0248498, 0.0272788, 0.0319071, 0.0316865, 0.030964, 0.0287127, 0.0287954, 0.0287597, 0.0290543, 0.0279783, 0.0265705, 0.0259601, 0.0262264, 0.0268699, 0.0259929, 0.041863, 0.043612, 0.0498982, 0, 
Gradients: 
0.00996913, 0.0212021, 0.0214613, 0.0231898, 0.0247744, 0.0272436, 0.0319001, 0.0316781, 0.0309706, 0.0287164, 0.0287966, 0.0287695, 0.0290553, 0.0279732, 0.0265705, 0.025941, 0.0261719, 0.0267749, 0.0258727, 0.0418166, 0.0436214, 0.0257064, 2.80141e-12, 
Spring Forces: 
0, 0.00312471, 0.000841281, 0.00156878, 0.00193997, 0.00148576, 0.000797817, 0.000739949, 0.000376048, 0.00010218, 0.000120222, 0.000140293, 0.000256718, 0.00065837, 0.000654388, 0.0012123, 0.00185056, 0.00238322, 0.00257898, 0.00216065, 0.00173465, 0.0427696, 0, 