Optimization finished after 200 iterations.
NEB Energy: 2.72646
Max NEB Force: 0.879655
Optimization took: 2131 ms
Energies: 
0.792527, 2.72489, 3.35302, 3.34543, 3.44852, 3.52392, 3.50904, 3.36951, 3.35646, 3.32723, 3.32714, 3.36693, 3.39225, 3.39328, 3.34555, 3.42893, 3.44757, 3.68964, 3.90347, 4.63463, 4.88468, 3.65336, 0.587035, 
NEB Forces: 
0, 0.698423, 0.751938, 0.686557, 0.679949, 0.747784, 0.817182, 0.748159, 0.80299, 0.70845, 0.67572, 0.664136, 0.6747, 0.664942, 0.65098, 0.648892, 0.64391, 0.678186, 0.715972, 0.744916, 0.879655, 0.824342, 0, 
Gradients: 
0.778003, 0.699155, 0.751965, 0.686586, 0.679978, 0.747784, 0.817206, 0.748161, 0.803006, 0.708451, 0.67572, 0.664136, 0.674704, 0.664943, 0.65099, 0.648909, 0.643982, 0.678271, 0.716083, 0.744959, 0.879657, 0.823413, 3.37057e-06, 
Spring Forces: 
0, 0.00312534, 0.000913865, 0.00154474, 0.00191759, 0.00147475, 0.000790948, 0.000742343, 0.000353889, 9.09369e-05, 0.000122501, 0.000143936, 0.000250123, 0.000653074, 0.00064663, 0.00120026, 0.00183069, 0.00235595, 0.00256727, 0.00216538, 0.00158718, 0.0434109, 0, 