Optimization finished after 200 iterations.
NEB Energy: 2.60228
Max NEB Force: 0.871409
Optimization took: 1213 ms
Energies: 
0.835564, 2.6022, 3.636, 4.62627, 3.76082, 3.25945, 2.92799, 0.810954, 
NEB Forces: 
0, 0.588748, 0.732285, 0.871409, 0.762275, 0.691071, 0.643975, 0, 
Gradients: 
0.21811, 0.60897, 0.748152, 0.885601, 0.773832, 0.695176, 0.648035, 6.85643e-06, 
Spring Forces: 
0, 0.000160348, 3.22348e-06, 7.04129e-07, 1.91096e-06, 2.98274e-06, 0.000156536, 0, 
Bend Energies: 
0.812625, 2.53189, 3.54704, 4.44056, 3.58084, 2.99609, 2.59501, 0.810951, 
Twist Energies: 
0.0229013, 0.0165266, 0.0375713, 0.136028, 0.128888, 0.211195, 0.279976, 2.99087e-25, 
Stretch Energies: 
3.76375e-05, 0.0537832, 0.0513887, 0.0496755, 0.0510939, 0.0521671, 0.0529991, 1.98593e-06, 
