Optimization finished after 600 iterations.
NEB Energy: 1.85197
Max NEB Force: 0.484317
Optimization took: 3915 ms
Energies: 
0.815586, 1.85189, 2.57294, 3.25959, 2.65276, 2.31558, 2.10213, 0.810954, 
NEB Forces: 
0, 0.398536, 0.446998, 0.484317, 0.452939, 0.431178, 0.410627, 0, 
Gradients: 
0.0520141, 0.408827, 0.454739, 0.491635, 0.456604, 0.431976, 0.413374, 8.84202e-06, 
Spring Forces: 
0, 0.00016155, 4.06953e-06, 5.21331e-07, 2.28008e-06, 1.36737e-06, 0.000157899, 0, 
Bend Energies: 
0.812846, 1.82079, 2.53971, 3.18147, 2.54771, 2.13469, 1.85604, 0.810951, 
Twist Energies: 
0.00273551, 0.00458333, 0.0122453, 0.059268, 0.0846088, 0.158659, 0.221446, 2.04304e-26, 
Stretch Energies: 
4.19173e-06, 0.0265156, 0.020991, 0.0188469, 0.0204374, 0.0222271, 0.0246437, 1.98593e-06, 
