# num_vectors 19
# vector_size 401
# Iterations: 200, stepsize: 0.028943, max step size: 1.000000, spring constant: 0.000010, global NEB Hessian: false, global NEB Linesearch: true, climbing image: false
22.0947 29.5478 -13.4745 19.9169 32.2989 -11.6232 17.6964 34.6504 -9.32584 15.4998 36.5305 -6.60946 13.4027 37.874 -3.52152 10.6163 38.8223 1.62376 8.0269 38.9506 6.95444 4.95002 38.4528 11.9965 1.00152 37.1744 16.2288 -2.32896 35.736 18.7395 -5.86533 33.9239 20.6567 -9.49398 31.7853 21.9697 -13.1127 29.3668 22.6912 -17.7159 25.8331 22.7864 -21.9887 21.9819 22.0137 -25.8077 17.8847 20.4924 -29.0797 13.5956 18.3517 -31.3757 9.83102 16.1474 -33.1924 5.97665 13.6682 -34.5004 2.04731 10.9938 -35.2752 -1.94389 8.20589 -35.4905 -6.19798 5.23092 -35.0676 -10.4768 2.3142 -33.99 -14.7489 -0.439286 -32.2539 -18.9725 -2.91735 -29.9424 -22.9715 -4.95342 -27.0423 -26.795 -6.51884 -23.6078 -30.3605 -7.50415 -19.7263 -33.573 -7.8109 -16.108 -35.9776 -7.46744 -12.3449 -37.9657 -6.53001 -8.56034 -39.4759 -4.98453 -4.88744 -40.4483 -2.84999 -0.334298 -40.8197 0.818881 3.57104 -40.1063 5.12808 6.68325 -38.3723 9.77966 8.94371 -35.7276 14.4941 10.3478 -32.3522 18.9896 10.9818 -28.3613 23.1424 10.9391 -23.8806 26.8161 10.3374 -19.0215 29.9149 9.36731 -14.1947 32.2409 8.10672 -9.18573 33.9644 6.66359 -4.04926 35.0524 5.14061 1.16079 35.4831 3.53948 6.75738 35.1971 2.09956 12.3023 34.1259 0.953619 17.7059 32.267 0.22873 22.8553 29.6354 0.0580656 25.824 27.6534 0.134282 28.6127 25.42 0.476966 31.1776 22.9553 1.08121 33.473 20.2839 2.72228 36.5218 15.6343 5.17456 38.5998 10.81 8.33622 39.4702 6.02953 11.466 38.9309 1.17983 13.4557 37.6459 -2.97471 14.6697 35.9279 -7.26946 15.1259 33.8608 -11.5577 14.8754 31.4898 -15.7033 13.8807 28.6486 -19.8991 12.2339 25.5736 -23.7069 10.0445 22.3021 -27.0491 7.42694 18.8639 -29.8765 4.44045 15.2334 -32.1846 1.22562 11.4777 -33.9126 -2.11073 7.60341 -35.0465 -5.46348 3.61617 -35.583 -8.37355 -0.0158949 -35.5547 -11.1479 -3.71892 -35.0531 -13.708 -7.48258 -34.0825 -15.9737 -11.2894 -32.6557 -18.2765 -16.0538 -30.2563 -19.8433 -20.7573 -27.2261 -20.519 -25.2922 -23.657 -20.1759 -29.5135 -19.6792 -18.851 -33.0246 -15.7617 -16.5315 -35.9765 -11.8454 -13.2583 -38.2213 -8.14699 -9.16288 -39.6359 -4.88272 -6.19173 -40.0581 -3.13957 -3.02515 -40.1301 -1.72303 0.259943 -39.8423 -0.640999 3.58778 -39.204 0.106131 9.00766 -37.4395 0.623338 14.1234 -34.8887 0.345477 18.7568 -31.6664 -0.605044 22.7906 -27.8879 -2.09024 25.8142 -24.1471 -3.73564 28.2849 -20.1067 -5.58301 30.1951 -15.8196 -7.53604 31.547 -11.3318 -9.5044 32.4205 -5.96652 -11.6686 32.5877 -0.441341 -13.5861 32.072 5.1805 -15.1228 30.9018 10.8213 -16.1449 29.3122 15.869 -16.5066 27.2703 20.757 -16.2324 24.8358 25.3644 -15.2416 -0.183442 -0.102381 -0.0532165 -0.00994599 -0.0574039 0.00736756 0.0478075 0.0993584 0.0958732 0.131856 0.150301 0.157534 0.149976 0.146216 0.118069 0.0559763 0.10845 0.0553437 0.0016354 -0.0937029 0.0501583 -0.0437355 -0.118191 -0.246858 -0.0213579 -0.142981 -0.20437 -0.293855 -0.0837173 -0.163878 -0.186212 -0.191973 -0.0824138 -0.108385 -0.0707761 0.0452487 -0.148412 -0.0713232 -0.00680558 0.150629 -0.19865 -0.0595343 -0.0168661 -0.0258082 0.0711646 0.0681043 0.0495185 -0.110899 0.299858 0.143528 -0.0575004 -0.515341 0.519453 -0.207678 -0.326387 -0.132345 -0.458934 -0.410393 -0.387226 -0.259564 -0.698871 -0.61002 -0.560765 -0.417956 -0.760212 -0.621813 -0.529231 -0.363958 -0.634533 -0.496982 -0.408316 -0.284863 -0.458553 -0.34951 -0.313937 -0.389433 -0.163463 -0.262657 -0.457382 -0.817954 -0.107086 -0.365891 -0.458215 -0.472938 -0.449626 -0.482797 -0.474279 -0.409198 -0.569887 -0.536604 -0.509553 -0.406743 -0.726967 -0.646428 -0.61012 -0.495838 -0.790838 -0.658822 -0.598958 -0.527255 -0.074093
18.2574 28.9088 -17.0338 16.7001 30.4876 -13.7481 15.2271 31.7775 -10.3012 13.7124 33.247 -6.94551 12.2225 34.5289 -3.50286 10.7285 33.6157 2.15547 9.29845 32.5342 7.80069 7.92806 31.5737 13.4825 6.35638 30.4964 19.0908 3.18783 28.5325 21.4445 -0.107061 26.5016 23.5554 -3.30883 24.5375 25.8637 -6.61168 22.477 27.9331 -11.2842 19.1708 27 -15.9105 15.874 25.8315 -20.5867 12.5931 24.8289 -25.1957 9.26685 23.676 -27.4836 6.20703 20.5663 -29.6278 3.16811 17.3359 -31.9249 0.152301 14.1902 -34.0044 -2.94033 10.9687 -33.1234 -6.49324 7.28704 -32.0099 -10.0142 3.63775 -31.0813 -13.5268 -0.07077 -29.948 -17.089 -3.67344 -26.4699 -20.4343 -5.14086 -22.8559 -23.7122 -6.42001 -19.3388 -27.0242 -7.86972 -15.7248 -30.3231 -9.09313 -12.2033 -32.5685 -7.86013 -8.7063 -34.7095 -6.39337 -5.20978 -36.9809 -5.13647 -1.69256 -39.03 -3.58915 1.74367 -38.3572 1.10305 5.00845 -37.4479 5.87736 8.42107 -36.7644 10.5857 11.6722 -35.8107 15.3609 11.2058 -31.3172 18.983 10.5067 -26.7119 22.4229 9.95129 -22.1939 26.0019 9.316 -17.5943 29.4618 7.26306 -12.5976 30.116 5.13643 -7.61362 30.6131 3.05319 -2.62577 31.2381 0.947408 2.36638 31.7408 -1.32084 7.29266 29.6181 -3.57102 12.1756 27.3797 -5.91282 17.0545 25.2285 -8.0434 21.9902 22.9894 -7.45544 24.956 21.0897 -6.61393 27.8379 19.1563 -5.97354 30.8062 17.2775 -5.00248 33.6036 15.282 -0.587191 35.2443 11.9112 3.97547 36.6049 8.61241 8.46929 38.2135 5.33061 12.9772 39.5412 1.94418 14.9292 36.7659 -1.42071 16.6175 33.7871 -4.75437 18.5221 30.9525 -8.09713 20.1947 27.9991 -11.461 18.9057 24.182 -14.685 17.3763 20.3864 -17.8286 16.0194 16.5707 -21.0266 14.4856 12.7793 -24.1731 10.6616 9.83871 -26.2019 6.71375 6.99674 -28.1319 2.83894 4.13103 -30.1716 -1.09036 1.22256 -32.0392 -4.88616 -1.41857 -31.5431 -8.68001 -4.01947 -30.8558 -12.5268 -6.57815 -30.3213 -16.2463 -9.27522 -29.5993 -18.2159 -13.4187 -26.0408 -19.9976 -17.5352 -22.3541 -21.9901 -21.6265 -18.7481 -23.7182 -25.7944 -15.0939 -20.4928 -28.7301 -11.8742 -17.0375 -31.4802 -8.7302 -13.7856 -34.3972 -5.52068 -10.2922 -37.1149 -2.39142 -6.97016 -37.1985 -1.40151 -3.59136 -36.9994 -0.64802 -0.239604 -36.9719 0.240037 3.1425 -36.7081 0.957566 7.97612 -33.7602 0.153556 12.6785 -30.6468 -0.793787 17.4714 -27.6393 -1.6232 22.1808 -24.5424 -2.59112 24.2702 -20.8087 -5.32959 26.1878 -17.0491 -8.15694 28.2458 -13.3362 -10.9471 30.1642 -9.54375 -13.7298 29.6522 -4.33215 -16.33 29.0031 0.889289 -18.8795 28.4751 6.06249 -21.5522 27.8179 11.3273 -24.0083 25.4704 15.8024 -22.4086 23.0435 20.1381 -20.5627 20.6586 24.5831 -18.935 0.234638 0.242547 0.253191 0.283421 0.161118 0.188131 0.170624 0.158227 0.0820012 0.0849295 0.0800129 0.0769204 0.0290687 0.0524149 0.0698685 0.0773769 0.0828335 0.084327 0.0965594 0.0867599 0.0846727 0.0656119 0.0688564 0.0418061 0.056619 0.0339512 0.0607058 0.0494361 0.0753961 0.0587426 0.076769 0.0566966 0.103269 0.0783951 0.0533927 0.0418013 0.0262922 0.0235865 0.00516645 0.0439696 -0.0838163 -0.0562062 -0.108251 -0.225785 0.0487899 -0.0247583 -0.0183024 -0.0265767 0.124515 -0.00374875 0.0316443 -0.220589 -0.19175 -0.102058 0.0806628 0.4323 -0.395145 -0.141511 -0.0064607 0.138194 -0.238197 -0.0708284 -0.0152853 0.0874134 -0.0459192 0.000126974 0.0241016 0.132053 -0.137377 -0.0430806 0.0218313 0.141365 -0.203383 -0.0715088 0.0204311 0.158792 -0.302542 -0.227349 -0.133426 -0.0785261 -0.165469 -0.213896 -0.0888985 -0.0611458 -0.290945 -0.188586 -0.112606 -0.00802368 -0.206962 -0.132802 -0.108387 -0.0601877 -0.198883 -0.133545 -0.132559 -0.108122 -0.0109239 0.0316644 0.0794266 0.149006 0.15876
19.9334 27.6423 -16.8652 18.3059 28.9002 -13.4766 16.7567 29.8631 -9.95704 15.1661 31.0018 -6.50915 13.6054 31.9675 -2.99545 12.044 30.8059 2.59878 10.5464 29.4936 8.17715 9.11224 28.2911 13.7968 7.46878 26.9805 19.3344 4.18896 25.0076 21.5223 0.781109 22.9875 23.4568 -2.53038 21.0256 25.6067 -5.94726 18.9693 27.4863 -10.5919 15.8339 25.9925 -15.1655 12.7248 24.246 -19.8089 9.62219 22.6814 -24.3651 6.47911 20.9498 -26.2225 3.73607 17.3039 -27.9025 1.02938 13.5463 -29.7559 -1.67216 9.86744 -31.381 -4.42399 6.11872 -29.9653 -7.34238 2.06507 -28.3216 -10.2142 -1.93555 -26.8568 -13.0789 -6.01002 -25.1993 -16.0042 -9.96579 -21.4371 -18.9734 -11.5377 -17.562 -21.8998 -12.902 -13.7695 -24.84 -14.4554 -9.89269 -27.7912 -15.7596 -6.37637 -29.9619 -14.3861 -2.91845 -32.0484 -12.7572 0.569562 -34.2495 -11.3596 4.03614 -36.2492 -9.64265 6.87925 -35.7627 -4.54789 9.52035 -35.0511 0.628746 12.3374 -34.5551 5.73747 14.961 -33.8015 10.9173 13.6805 -29.668 14.7648 12.1753 -25.4251 18.4065 10.8136 -21.268 22.2005 9.36409 -17.0311 25.8717 6.55493 -12.4268 26.5917 3.6807 -7.83955 27.1437 0.837041 -3.24998 27.8203 -2.01009 1.35129 28.3946 -4.76839 6.19426 26.7049 -7.50021 11.0165 24.9162 -10.3339 15.8037 23.1937 -12.9442 20.6967 21.4167 -12.4638 23.9502 20.026 -11.7032 27.1435 18.6203 -11.194 30.4062 17.2615 -10.2564 33.5228 15.7927 -5.30881 35.4946 13.5168 -0.198765 37.1327 11.3366 4.80851 39.0618 9.15574 9.88589 40.6731 6.88106 12.6238 37.6989 4.33304 15.0735 34.4813 1.78686 17.7624 31.4295 -0.721628 20.2013 28.2555 -3.33165 19.4092 24.3357 -6.59252 18.3347 20.4607 -9.82627 17.4703 16.5418 -13.0701 16.3905 12.6794 -16.3169 12.5885 10.2532 -18.971 8.64074 7.97348 -21.541 4.7924 5.64377 -24.2149 0.852463 3.28285 -26.7226 -3.3248 1.23913 -26.7783 -7.52377 -0.755535 -26.6368 -11.7577 -2.68015 -26.6522 -15.8861 -4.81494 -26.4839 -18.3291 -9.14813 -23.4897 -20.5621 -13.4931 -20.3519 -23.0301 -17.7778 -17.3087 -25.205 -22.1764 -14.2052 -22.0441 -25.5444 -11.3674 -18.6138 -28.7042 -8.60428 -15.4122 -32.0389 -5.77331 -11.9523 -35.1841 -3.0315 -8.57156 -35.5294 -2.34306 -5.13316 -35.5807 -1.89762 -1.7226 -35.8042 -1.313 1.72068 -35.8047 -0.904498 6.70708 -33.3204 -2.19465 11.5677 -30.666 -3.62006 16.5157 -28.1216 -4.94206 21.3818 -25.4823 -6.37758 23.6928 -21.9095 -9.15243 25.8446 -18.289 -11.9927 28.1276 -14.739 -14.8197 30.2785 -11.0784 -17.609 30.144 -5.60687 -19.6652 29.8729 -0.111205 -21.6422 29.7308 5.33641 -23.7605 29.4407 10.8617 -25.6498 27.1191 15.1584 -23.5896 24.6949 19.2768 -21.2966 22.3276 23.5331 -19.205 0.0837658 0.117594 0.142405 0.180755 0.0731324 0.0965507 0.0715431 0.0501102 -0.0242186 -0.0192924 -0.0205086 -0.0193393 -0.0569046 -0.0302362 -0.00941438 0.00202787 0.0209803 0.035955 0.0625225 0.0633573 0.112288 0.10838 0.127815 0.115577 0.181141 0.156323 0.18277 0.175655 0.194637 0.16218 0.165752 0.131701 0.122781 0.0687458 0.00961548 -0.0292235 -0.12057 -0.138771 -0.172953 -0.146904 -0.323087 -0.31029 -0.374009 -0.489165 -0.296409 -0.339017 -0.300932 -0.272442 -0.160982 -0.243075 -0.16898 -0.42188 -0.230152 -0.133726 0.0905138 0.472181 -0.197723 0.0198691 0.123982 0.237038 -0.0615137 0.0595286 0.0767162 0.149365 0.0546926 0.054984 0.0489739 0.134607 -0.13675 -0.0589192 0.00100793 0.122469 -0.245241 -0.0910617 0.0194384 0.155625 -0.223075 -0.149961 -0.0523813 0.00701902 0.0069237 -0.0519565 0.0661436 0.101201 -0.0887361 0.0149962 0.0968753 0.20465 0.0305188 0.0952899 0.104947 0.136367 0.0088191 0.0479641 0.0277215 0.0289755 0.0852309 0.0861228 0.0860208 0.136966 0.347248
15.7657 28.2665 -13.3345 14.2876 29.0488 -9.74048 12.9134 29.5344 -6.05399 11.4828 30.1942 -2.4163 10.0966 30.6858 1.26489 8.97397 28.9516 6.816 7.92248 27.0797 12.3363 6.93193 25.3146 17.9029 5.73093 23.4357 23.3902 2.69969 21.089 25.5675 -0.473571 18.7102 27.4933 -3.53872 16.3782 29.6389 -6.72309 13.9649 31.5023 -11.2282 10.7 29.8658 -15.6712 7.4913 27.9688 -20.1801 4.26676 26.2636 -24.6025 1.02302 24.3777 -26.3515 -1.42881 20.4794 -27.9211 -3.81633 16.4665 -29.6645 -6.22446 12.5385 -31.182 -8.65101 8.52907 -29.6951 -10.8934 4.08899 -27.9861 -13.0723 -0.302538 -26.4567 -15.2512 -4.75978 -24.7283 -17.4906 -9.11305 -20.8141 -19.9105 -11.178 -16.7827 -22.3046 -13.0373 -12.8428 -24.6961 -15.0865 -8.802 -27.1211 -16.8838 -5.05912 -29.0878 -15.8419 -1.37382 -30.9983 -14.5256 2.34421 -32.9993 -13.4593 6.03358 -34.8318 -12.0473 8.94321 -34.5749 -6.97339 11.6275 -34.1197 -1.79008 14.5088 -33.8553 3.30001 17.1736 -33.3626 8.49012 15.5777 -29.7941 12.7618 13.7417 -26.1203 16.8437 12.0625 -22.5307 21.0656 10.2823 -18.8617 25.1765 6.96662 -14.7342 26.4331 3.5796 -10.6176 27.5245 0.226076 -6.5071 28.7351 -3.13098 -2.37342 29.8532 -6.46382 2.30524 28.8943 -9.77244 6.98073 27.8414 -13.1792 11.5989 26.8516 -16.3691 16.3585 25.8109 -16.2332 19.7932 24.8441 -15.8009 23.1962 23.8521 -15.6359 26.6397 22.9215 -15.018 29.9891 21.8492 -10.2123 32.5431 19.8673 -5.2147 34.7566 17.9507 -0.349471 37.2624 16.0532 4.61987 39.4573 14.0437 7.65692 36.8442 11.4394 10.4209 33.9586 8.81824 13.4171 31.2608 6.25294 16.1654 28.4229 3.56442 15.6331 24.6705 0.0628005 14.8029 20.9501 -3.41504 14.2001 17.1933 -6.90075 13.3603 13.487 -10.3914 9.57279 11.1876 -13.1759 5.62581 9.03895 -15.8575 1.78439 6.84306 -18.6518 -2.14784 4.60363 -21.2802 -6.30945 2.53134 -21.4067 -10.4918 0.4985 -21.3306 -14.7157 -1.44681 -21.4004 -18.8198 -3.63298 -21.3201 -20.9672 -8.37349 -18.746 -22.891 -13.1356 -16.0383 -25.0655 -17.8327 -13.4076 -26.9277 -22.6444 -10.7451 -23.4028 -26.1322 -8.55482 -19.6148 -29.3797 -6.43547 -16.0461 -32.8257 -4.25051 -12.2363 -36.0634 -2.15662 -8.79094 -36.3081 -1.85267 -5.32483 -36.2428 -1.77845 -1.86526 -36.3586 -1.57425 1.59997 -36.2425 -1.5323 6.34597 -33.511 -3.18025 10.9486 -30.6087 -4.93944 15.6508 -27.8186 -6.61571 20.2591 -24.9286 -8.38132 22.2222 -21.0792 -11.0521 24.0248 -17.181 -13.7651 25.9591 -13.354 -16.4888 27.7615 -9.41626 -19.1443 27.2899 -3.76329 -20.5605 26.6859 1.90155 -21.8753 26.2074 7.53908 -23.3495 25.5843 13.2214 -24.5765 23.1721 17.1048 -21.8939 20.679 20.7734 -18.9918 18.2246 24.607 -16.2763 0.0596037 0.1062 0.142531 0.188084 0.0784427 0.0824622 0.0302773 -0.0175813 -0.133881 -0.136947 -0.144244 -0.151029 -0.198606 -0.172424 -0.153917 -0.147694 -0.113406 -0.0893102 -0.0527665 -0.0443754 0.0551435 0.0727783 0.116805 0.125778 0.248238 0.221482 0.24127 0.230864 0.26921 0.240758 0.255461 0.234979 0.228557 0.158918 0.0785652 0.0226599 -0.110449 -0.140614 -0.183014 -0.160593 -0.380564 -0.380477 -0.45941 -0.583461 -0.440496 -0.464282 -0.410461 -0.380208 -0.211434 -0.274429 -0.205199 -0.437823 -0.156776 -0.108358 0.0949959 0.458507 -0.198298 0.00359008 0.0976721 0.205269 -0.104579 0.00300805 0.00919743 0.0715094 -0.0362765 -0.0384378 -0.045037 0.0428387 -0.236824 -0.147765 -0.0720366 0.0671482 -0.306331 -0.117975 0.0235033 0.179059 -0.155123 -0.0674502 0.0306796 0.0859349 0.175839 0.107444 0.218675 0.260831 0.0835722 0.178673 0.250665 0.34777 0.165141 0.224894 0.227034 0.249345 0.133309 0.163136 0.141038 0.147146 0.170966 0.155415 0.134455 0.173023 0.408445
10.2197 29.0537 -9.11431 8.95893 29.4247 -5.37443 7.83183 29.5072 -1.57475 6.63345 29.7582 2.19559 5.49073 29.8461 5.99044 4.8675 27.6471 11.4548 4.32036 25.3221 16.875 3.82861 23.1018 22.3442 3.13418 20.7604 27.7404 0.457023 18.0488 29.9577 -2.37444 15.31 31.9371 -5.08687 12.6131 34.1296 -7.93282 9.842 36.0421 -12.2721 6.32275 34.4868 -16.5715 2.88036 32.6702 -20.9232 -0.595361 31.0522 -25.1976 -4.0707 29.2391 -26.9602 -6.35405 25.2458 -28.55 -8.54373 21.1293 -30.3078 -10.7787 17.1066 -31.8466 -13.0042 12.99 -30.4659 -14.7199 8.28858 -28.8693 -16.3545 3.62674 -27.4514 -17.9995 -1.08889 -25.8308 -19.6981 -5.71939 -21.9171 -21.6126 -8.26073 -17.8769 -23.5111 -10.6089 -13.9411 -25.3971 -13.1374 -9.88241 -27.3302 -15.4243 -5.9315 -29.0572 -14.8157 -2.02057 -30.7524 -13.9242 1.91077 -32.5165 -13.2939 5.82624 -34.1419 -12.2986 9.03868 -34.0466 -7.40501 12.0145 -33.7813 -2.36984 15.1987 -33.6824 2.54259 18.1529 -33.3817 7.58876 16.5215 -30.3239 12.2273 14.6271 -27.1681 16.6975 12.906 -24.093 21.2922 11.0714 -20.9393 25.7886 7.48811 -17.2496 27.5649 3.82382 -13.5655 29.1803 0.199812 -9.8934 30.9095 -3.43274 -6.19089 32.5536 -7.19356 -1.75244 32.2824 -10.9364 2.6946 31.9214 -14.7675 7.07051 31.6241 -18.3977 11.6101 31.2706 -18.6194 15.1151 30.6249 -18.5433 18.6182 29.9368 -18.7286 22.1326 29.3319 -18.478 25.6051 28.5392 -14.056 28.7344 26.4899 -9.4131 31.5441 24.4656 -4.92496 34.626 22.4887 -0.314131 37.4222 20.3739 2.79182 35.3351 17.4021 5.6551 32.9576 14.4045 8.73226 30.7847 11.4642 11.5707 28.4531 8.40767 11.1735 24.9416 4.64778 10.4793 21.4339 0.927459 10.0179 17.9121 -2.81568 9.30715 14.4165 -6.54418 5.52101 12.0154 -9.24336 1.5663 9.74799 -11.8135 -2.28421 7.44726 -14.5091 -6.2129 5.08702 -17.0351 -10.2333 2.74918 -17.0185 -14.2645 0.440726 -16.7939 -18.3525 -1.77523 -16.7024 -22.2951 -4.23363 -16.4967 -23.9282 -9.2997 -14.1777 -25.3311 -14.3809 -11.7438 -26.9927 -19.4072 -9.35902 -28.3321 -24.5329 -6.9836 -24.3867 -27.9286 -5.47052 -20.2008 -31.0576 -4.02995 -16.2127 -34.4067 -2.5256 -12.0118 -37.5256 -1.10895 -8.54482 -37.5372 -1.1629 -5.10087 -37.2301 -1.42511 -1.63861 -37.1103 -1.57388 1.79819 -36.7486 -1.85813 6.20037 -33.5884 -3.6844 10.4421 -30.2607 -5.59158 14.7955 -27.0443 -7.43754 19.0415 -23.7256 -9.35176 20.5291 -19.5349 -11.8073 21.8507 -15.3022 -14.2858 23.308 -11.1314 -16.7933 24.6292 -6.86353 -19.2111 23.6151 -1.1677 -20.0557 22.4722 4.51934 -20.7875 21.4467 10.2045 -21.6883 20.2909 15.8995 -22.3312 17.7948 19.3231 -19.1461 15.2541 22.5091 -15.7565 12.7242 25.8766 -12.5386 0.0875154 0.140445 0.184355 0.234557 0.119395 0.104597 0.0270518 -0.0448221 -0.205087 -0.218055 -0.233843 -0.251144 -0.316096 -0.292987 -0.279696 -0.281714 -0.239896 -0.210568 -0.16841 -0.156077 -0.0189645 0.0168943 0.0821573 0.109228 0.277599 0.248638 0.260736 0.245065 0.306261 0.288473 0.321431 0.321902 0.336788 0.260719 0.169404 0.104879 -0.0496163 -0.0866845 -0.132877 -0.110996 -0.360042 -0.369457 -0.461147 -0.59497 -0.481169 -0.493563 -0.431297 -0.406746 -0.174957 -0.231338 -0.179933 -0.398036 -0.0542219 -0.0744559 0.0845329 0.415472 -0.286124 -0.0899032 0.00612892 0.121181 -0.226643 -0.115259 -0.105366 -0.0427747 -0.174566 -0.162543 -0.158903 -0.0612728 -0.344629 -0.240231 -0.147629 0.0100051 -0.368978 -0.149778 0.0201171 0.197655 -0.116409 -0.00975654 0.089365 0.140686 0.30443 0.229088 0.334426 0.382527 0.209475 0.293623 0.351889 0.435003 0.236769 0.293962 0.292421 0.309817 0.206738 0.236277 0.221276 0.24141 0.247056 0.226118 0.196451 0.227652 0.424873
9.76785 26.5095 -9.19009 8.48944 26.6274 -5.43965 7.347 26.4852 -1.64634 6.13675 26.4824 2.12856 4.97246 26.3619 5.91595 4.13109 24.4126 11.4455 3.35105 22.3683 16.9496 2.63853 20.4212 22.498 1.71172 18.3402 27.9655 -1.14755 15.7149 30.0555 -4.15477 13.056 31.8787 -7.05118 10.4547 33.9477 -10.0659 7.74922 35.6878 -14.0731 4.18607 33.479 -17.9857 0.708003 30.9834 -21.9859 -2.81792 28.7027 -25.8838 -6.31982 26.2173 -26.9837 -8.20853 21.8025 -27.8855 -9.96953 17.291 -28.9575 -11.8038 12.8465 -29.8339 -13.5992 8.34375 -28.1006 -14.6116 3.5558 -26.1881 -15.5378 -1.18108 -24.4343 -16.4656 -5.97869 -22.4898 -17.4716 -10.6861 -18.4544 -19.1484 -13.205 -14.3096 -20.847 -15.5238 -10.2645 -22.5087 -18.037 -6.09238 -24.2369 -20.2833 -2.17902 -25.9433 -19.4252 1.66264 -27.6294 -18.2579 5.55204 -29.3753 -17.3698 9.39073 -30.9945 -16.1026 12.082 -31.0068 -10.9033 14.5125 -30.8521 -5.57905 17.1789 -30.85 -0.366503 19.5809 -30.6755 4.97025 17.1683 -28.1205 9.57238 14.4997 -25.4796 13.9808 12.005 -22.9161 18.5343 9.38969 -20.2702 22.9715 5.21366 -17.0407 24.2904 0.97723 -13.8181 25.42 -3.23459 -10.6091 26.6733 -7.44195 -7.36601 27.8509 -11.5403 -3.2692 27.2714 -15.6103 0.843681 26.6125 -19.7761 4.86243 25.9729 -23.7364 9.08934 25.3734 -24.0079 12.6494 25.3214 -23.9434 16.2197 25.3056 -24.1844 19.7824 25.3022 -23.9227 23.3426 25.2254 -19.0771 26.5136 25.1309 -14.018 29.3334 25.0795 -9.13395 32.4471 25.0721 -4.0757 35.2645 24.9124 -0.237132 33.3229 22.8316 3.3514 31.0729 20.6189 7.14605 29.0366 18.5477 10.7334 26.8384 16.282 11.2411 23.4491 12.4246 11.4338 20.0631 8.53572 11.89 16.6681 4.67666 12.0535 13.2886 0.780704 8.59574 11.024 -2.42868 4.92574 8.90808 -5.50108 1.41133 6.72402 -8.7049 -2.25326 4.54617 -11.7402 -6.66649 3.12778 -12.1149 -11.1223 1.80343 -12.2633 -15.5946 0.55962 -12.5481 -19.9875 -0.956033 -12.7351 -22.8869 -5.66136 -10.9569 -25.5811 -10.441 -9.05766 -28.558 -15.0642 -7.19376 -31.1341 -19.9394 -5.37623 -27.4581 -23.9029 -4.97314 -23.4271 -27.5166 -4.69155 -19.6492 -31.3875 -4.33299 -15.649 -35.0339 -4.04326 -12.2315 -35.2541 -4.58652 -8.83861 -35.1213 -5.28991 -5.42983 -35.1738 -5.92349 -2.03449 -35.026 -6.61152 2.77087 -32.4277 -8.30285 7.47605 -29.6679 -10.0202 12.2624 -27.0257 -11.6982 16.9522 -24.2567 -13.4433 18.9519 -20.1637 -15.6914 20.7832 -16.0033 -17.9594 22.7629 -11.9318 -20.2637 24.5763 -7.72793 -22.465 23.5869 -1.97897 -22.8578 22.4286 3.74582 -23.1207 21.4117 9.48606 -23.5673 20.2499 15.2135 -23.7392 17.651 18.1946 -20.21 15.0065 20.8962 -16.4947 12.3698 23.7974 -12.9274 -0.0242493 0.0403805 0.0886542 0.138708 0.0398953 0.0309069 -0.0390464 -0.101279 -0.253398 -0.262916 -0.273036 -0.283145 -0.362717 -0.34008 -0.330686 -0.338302 -0.297969 -0.259953 -0.209208 -0.192255 -0.0126286 0.0311582 0.105974 0.143367 0.346144 0.317315 0.332927 0.323443 0.373899 0.343358 0.361664 0.346492 0.316189 0.212743 0.0911832 0.00255068 -0.218236 -0.274891 -0.342852 -0.342238 -0.62698 -0.647486 -0.74716 -0.881509 -0.800804 -0.79069 -0.694829 -0.620378 -0.429786 -0.424887 -0.30996 -0.513301 0.0105357 0.0434532 0.250002 0.610952 0.111824 0.257291 0.309229 0.39339 0.0728864 0.139276 0.116834 0.154962 0.0031565 -0.0147899 -0.049623 0.00288499 -0.248037 -0.191395 -0.134208 -0.00178985 -0.38589 -0.18219 -0.0242212 0.104747 -0.0803362 0.00215324 0.109914 0.173111 0.440683 0.344971 0.428111 0.47426 0.336412 0.404991 0.459377 0.54052 0.343434 0.387304 0.365708 0.360066 0.254373 0.271115 0.244681 0.254434 0.249966 0.207985 0.157148 0.180239 0.502668
9.76751 24.2828 -8.87448 8.52115 24.3043 -5.11147 7.40391 24.0858 -1.31428 6.23128 23.9887 2.47122 5.08051 23.7987 6.25987 3.87952 22.0499 11.79 2.716 20.222 17.3025 1.63158 18.4908 22.8622 0.330431 16.6118 28.3265 -2.69286 14.0051 30.1977 -5.84367 11.3549 31.7743 -8.9022 8.77433 33.6244 -12.0535 6.07168 35.1079 -15.6744 2.48232 32.3445 -19.1506 -1.01103 29.2872 -22.7469 -4.56672 26.4486 -26.2178 -8.07729 23.4051 -26.7015 -9.64092 18.7588 -26.9724 -11.0511 14.0465 -27.407 -12.5547 9.37561 -27.6783 -13.9998 4.67406 -25.7355 -14.4609 -0.118301 -23.6506 -14.8322 -4.85845 -21.7075 -15.1973 -9.65889 -19.5785 -15.6612 -14.3711 -15.4734 -17.1681 -16.8848 -11.27 -18.7276 -19.1955 -7.16757 -20.2332 -21.7141 -2.92568 -21.8134 -23.9385 0.967434 -23.4329 -22.851 4.7594 -25.0322 -21.4273 8.62495 -26.6893 -20.2978 12.4074 -28.2256 -18.7826 14.6445 -28.213 -13.3724 16.5995 -28.0382 -7.85641 18.814 -27.9972 -2.43659 20.7363 -27.822 3.09104 17.6596 -25.8048 7.56234 14.3353 -23.7231 11.822 11.1858 -21.7105 16.2446 7.90689 -19.613 20.5316 3.26518 -16.8874 21.3279 -1.41276 -14.1692 21.9077 -6.085 -11.472 22.6166 -10.7377 -8.72684 23.2663 -14.9754 -4.81225 22.4699 -19.172 -0.867371 21.6099 -23.4642 2.96589 20.7179 -27.5665 7.03058 19.9705 -27.9208 10.5263 20.6066 -27.9056 14.0161 21.3632 -28.2106 17.5041 22.065 -28.0161 20.996 22.7848 -23.2534 23.8848 24.3708 -18.2978 26.4172 25.9761 -13.5155 29.2279 27.6432 -8.53992 31.7876 29.1402 -4.23664 30.3265 27.6633 -0.121578 28.6027 25.9515 4.14625 27.0723 24.4418 8.26483 25.377 22.7104 9.8178 22.3197 18.8548 11.0801 19.2391 14.9124 12.6039 16.1955 11.0342 13.8228 13.0908 7.09716 11.0348 10.2551 3.69575 7.98578 7.52413 0.435291 5.14817 4.7288 -2.95865 2.09029 1.97393 -6.19037 -2.32718 0.598614 -6.66213 -6.80968 -0.622152 -6.87758 -11.2774 -1.8627 -7.23941 -15.7234 -3.19664 -7.5293 -20.5128 -6.19858 -6.20185 -25.2624 -9.22796 -4.79523 -30.3038 -11.7205 -3.35029 -34.7075 -15.2909 -2.10036 -31.358 -19.2609 -3.6509 -27.2226 -22.2151 -5.54012 -23.4714 -25.7053 -7.31244 -19.5977 -29.082 -9.03928 -16.3173 -29.6774 -9.99323 -13.0127 -30.0424 -10.979 -9.72684 -30.542 -11.9684 -6.4091 -30.8753 -12.9205 -0.986386 -29.4271 -14.0174 4.40511 -27.8355 -15.0688 9.84031 -26.3835 -16.0975 15.2016 -24.7351 -17.2143 17.7887 -20.7714 -19.0587 20.1671 -16.6893 -20.9259 22.7281 -12.7365 -22.8294 25.0839 -8.61061 -24.6277 24.024 -2.86085 -24.6127 22.7412 2.84148 -24.4662 21.6244 8.58039 -24.5044 20.3626 14.2842 -24.2675 17.7305 16.948 -20.5162 15.0612 19.3183 -16.5979 12.3892 21.8893 -12.8104 -0.101914 -0.0646568 -0.0274272 0.0182318 -0.0701531 -0.0737519 -0.135989 -0.187496 -0.332707 -0.336099 -0.337501 -0.338726 -0.424042 -0.401911 -0.395771 -0.407374 -0.372982 -0.328795 -0.272265 -0.252801 -0.0435111 0.00898811 0.0943557 0.142955 0.375694 0.352559 0.377311 0.378454 0.427648 0.395079 0.40923 0.388702 0.336527 0.219315 0.0825561 -0.0164509 -0.280166 -0.351793 -0.436596 -0.451456 -0.763628 -0.783201 -0.875235 -0.991542 -0.939936 -0.889025 -0.748911 -0.628122 -0.414317 -0.34271 -0.173134 -0.335112 0.389013 0.452663 0.695239 1.08977 0.735279 0.856517 0.889362 0.972613 0.649631 0.717904 0.71133 0.765242 0.600044 0.610385 0.583358 0.629087 0.437222 0.461269 0.467665 0.536053 0.161884 0.0926919 -0.0598661 -0.44288 -0.253069 -0.476878 -0.408332 -0.401878 0.146986 -0.00824058 0.0125308 0.0453043 -0.0642569 -0.00605885 0.0552029 0.14431 -0.0552512 -0.0132495 -0.047673 -0.0687585 -0.187984 -0.169839 -0.194645 -0.177644 -0.15997 -0.14808 -0.141308 -0.103094 0.246929
9.97732 22.0204 -8.25185 8.75663 22.0268 -4.48037 7.66897 21.8178 -0.674079 6.53705 21.7162 3.12366 5.39438 21.5343 6.91515 3.73343 19.9688 12.3808 2.08192 18.3329 17.8287 0.519745 16.7974 23.3318 -1.25501 15.0977 28.721 -4.42088 12.4682 30.3018 -7.68261 9.78286 31.5616 -10.8794 7.17742 33.1202 -14.1337 4.43864 34.2795 -17.2887 0.847622 30.996 -20.2498 -2.6321 27.4244 -23.3631 -6.19072 24.0662 -26.3284 -9.68276 20.51 -26.1928 -10.9176 15.7431 -25.8382 -11.9758 10.945 -25.6346 -13.1435 6.16353 -25.3056 -14.2401 1.3723 -23.2283 -14.1996 -3.38551 -21.0473 -14.0667 -8.09501 -18.9927 -13.9197 -12.8605 -16.7525 -13.8914 -17.5438 -12.5974 -15.2561 -20.0564 -8.35192 -16.7019 -22.3642 -4.21212 -18.0794 -24.8949 0.0839032 -19.5354 -27.0998 3.94863 -21.0403 -25.7729 7.6789 -22.5183 -24.0806 11.5112 -24.0559 -22.6974 15.2265 -25.4761 -20.9247 16.9972 -25.3649 -15.3455 18.4651 -25.0951 -9.68418 20.2132 -24.9371 -4.09856 21.6479 -24.691 1.57257 17.9834 -23.2531 5.81893 14.0842 -21.777 9.83723 10.3599 -20.3565 14.0374 6.49504 -18.8547 18.0792 1.49099 -16.7258 18.2675 -3.51917 -14.6037 18.213 -8.54383 -12.517 18.2875 -13.5379 -10.3575 18.3282 -17.7995 -6.48812 17.4442 -22.0044 -2.56683 16.5189 -26.3001 1.23127 15.5029 -30.4355 5.2604 14.7461 -30.9213 8.50987 16.1443 -31.006 11.6967 17.7531 -31.4067 14.9118 19.2545 -31.3561 18.1199 20.8215 -26.9624 20.406 23.824 -22.399 22.3629 26.8063 -18.002 24.5434 29.8823 -13.4018 26.573 32.7579 -8.76134 26.0173 31.7621 -4.21914 25.2962 30.4644 0.406496 24.7338 29.4049 4.94508 23.9819 28.1126 7.48081 21.4548 24.3966 9.74959 18.8546 20.5603 12.2692 16.3553 16.8146 14.4893 13.7023 12.9861 12.4982 10.2903 9.55425 10.1987 6.92652 6.2707 8.16204 3.52267 2.85746 5.84627 0.159102 -0.414686 1.55426 -1.53174 -1.00446 -2.83862 -3.02574 -1.32194 -7.18314 -4.61871 -1.78984 -11.5402 -6.19263 -2.20419 -17.1399 -7.46638 -1.34507 -22.7403 -8.68426 -0.410501 -28.3184 -9.27848 1.09161 -33.7789 -11.2422 1.24114 -32.0783 -14.4448 -2.78776 -28.7425 -16.5671 -6.49946 -26.1522 -19.2016 -10.4681 -23.4538 -21.8707 -14.3398 -20.4355 -22.9372 -15.6738 -17.3189 -23.8338 -16.9027 -14.2665 -24.8269 -18.2153 -11.1294 -25.7063 -19.4029 -5.4255 -25.664 -19.8166 0.284227 -25.5103 -20.1048 5.99586 -25.5145 -20.3964 11.6961 -25.2586 -20.782 15.0221 -21.625 -22.0233 18.123 -17.8065 -23.2919 21.4278 -14.1733 -24.59 24.4985 -10.3097 -25.7938 23.6287 -4.53869 -25.4454 22.4725 1.1741 -24.9865 21.5124 6.93438 -24.7028 20.4053 12.648 -24.1455 17.8197 15.158 -20.2582 15.1872 17.3672 -16.2227 12.5585 19.7785 -12.3021 -0.190196 -0.116736 -0.0682631 -0.0242286 -0.106999 -0.111156 -0.171739 -0.218365 -0.363936 -0.366718 -0.365173 -0.36362 -0.459945 -0.447155 -0.453078 -0.476949 -0.461347 -0.419948 -0.366947 -0.353845 -0.130971 -0.0778812 0.0097112 0.06116 0.311164 0.286401 0.312552 0.315598 0.353037 0.309068 0.308203 0.27167 0.185637 0.0410659 -0.125222 -0.248628 -0.570233 -0.675235 -0.795929 -0.843946 -1.20257 -1.23115 -1.32173 -1.42221 -1.42462 -1.33793 -1.16764 -1.02986 -0.764767 -0.6497 -0.455774 -0.587855 0.305328 0.340512 0.556928 0.930909 0.643799 0.719348 0.72453 0.799324 0.432808 0.503999 0.505141 0.562035 0.379616 0.410224 0.386212 0.423773 0.265682 0.253699 0.205449 0.220042 0.00768439 0.0464535 0.0923306 -0.0773067 0.27271 0.152858 0.20918 0.186777 0.914629 0.695538 0.657289 0.663877 0.555765 0.584717 0.638774 0.722055 0.499543 0.525184 0.465599 0.420819 0.246186 0.257223 0.220123 0.220085 0.185516 0.12934 0.062886 0.0797151 0.566604
10.1962 19.507 -7.48207 8.96447 19.4474 -3.71464 7.84696 19.1713 0.0786961 6.7026 18.995 3.86995 5.5203 18.7592 7.64627 3.37911 17.3757 12.9927 1.22267 15.9369 18.3183 -0.834479 14.5995 23.7092 -3.10207 13.083 28.9665 -6.41595 10.4578 30.2165 -9.78909 7.7667 31.1201 -13.1289 5.16493 32.3503 -16.4854 2.41893 33.1431 -19.0942 -1.09809 29.3412 -21.4509 -4.48367 25.2649 -23.9957 -7.96859 21.3903 -26.3711 -11.3622 17.3314 -25.5961 -12.193 12.5381 -24.6023 -12.8261 7.75498 -23.7426 -13.5806 2.96348 -22.7988 -14.26 -1.82336 -20.6196 -13.7461 -6.50743 -18.3753 -13.1426 -11.1498 -16.2434 -12.5152 -15.8418 -13.9229 -12.0251 -20.4599 -9.72348 -13.2638 -22.9641 -5.44103 -14.6123 -25.2624 -1.27027 -15.8793 -27.7998 3.07548 -17.2252 -29.9769 6.89652 -18.6027 -28.4074 10.5442 -19.9452 -26.444 14.3263 -21.3511 -24.8058 17.9544 -22.6394 -22.7711 19.197 -22.3942 -17.0553 20.1118 -21.9934 -11.2864 21.3253 -21.6819 -5.5671 22.2135 -21.3293 0.209344 18.0431 -20.4856 4.13667 13.6576 -19.6332 7.82038 9.44081 -18.8191 11.7044 5.07883 -17.9317 15.4076 -0.132256 -16.4254 14.9787 -5.31635 -14.9225 14.2897 -10.5309 -13.4766 13.7195 -15.714 -11.9217 13.15 -19.9186 -7.96547 12.385 -24.0442 -3.9297 11.6071 -28.257 -0.0174349 10.6811 -32.3438 4.09175 10.116 -32.9607 6.93618 12.1845 -33.1548 9.62984 14.5208 -33.6548 12.3966 16.7223 -33.7535 15.1371 19.0092 -29.8193 16.5875 23.0047 -25.7322 17.743 26.943 -21.8014 19.0494 30.9919 -17.6715 20.3342 34.8447 -12.9371 20.9137 34.554 -8.22764 21.4598 33.9554 -3.50748 22.1171 33.604 1.21312 22.5557 33.0059 4.70164 20.7583 29.6557 7.95333 18.8304 26.1436 11.4297 17.079 22.7565 14.6347 15.0616 19.2519 13.6145 11.1653 15.9112 12.2296 7.25451 12.7218 11.1571 3.34191 9.41659 9.74065 -0.55323 6.22225 5.68687 -2.68962 5.4287 1.47523 -4.5923 4.90829 -2.64542 -6.65141 4.26824 -6.82282 -8.59445 3.63275 -12.6139 -8.70927 3.23038 -18.4086 -8.70249 2.86405 -24.2148 -8.6644 2.83206 -29.9665 -8.82126 2.0563 -29.6529 -10.2689 -3.15849 -28.5337 -11.7056 -8.26489 -27.8715 -13.071 -13.4693 -27.0026 -14.5868 -18.6008 -24.3246 -16.0026 -20.2884 -21.4409 -17.2829 -21.7271 -18.6695 -18.6211 -23.325 -15.781 -19.9179 -24.739 -10.2062 -21.1927 -24.7248 -4.61808 -22.391 -24.5206 0.936207 -23.7426 -24.3504 6.55181 -24.8209 -24.2597 10.6131 -21.8425 -24.9232 14.4844 -18.6253 -25.6077 18.543 -15.6549 -26.3225 22.3714 -12.375 -26.9473 22.0551 -6.58164 -26.2283 21.3895 -0.829234 -25.4226 20.9583 4.96624 -24.783 20.3598 10.7095 -23.8675 17.856 13.0851 -19.8447 15.2758 15.1415 -15.6962 12.7105 17.4066 -11.6486 -0.207923 -0.175802 -0.142483 -0.101875 -0.171394 -0.167469 -0.218085 -0.252401 -0.382956 -0.376848 -0.363512 -0.350799 -0.442212 -0.432982 -0.444673 -0.474305 -0.47189 -0.428498 -0.373988 -0.361527 -0.12443 -0.0638028 0.0330301 0.0940383 0.367807 0.349543 0.385546 0.398537 0.435542 0.389302 0.383292 0.34026 0.235587 0.0806951 -0.0972943 -0.229119 -0.58302 -0.711815 -0.857943 -0.927306 -1.32157 -1.34285 -1.41267 -1.47634 -1.52468 -1.38223 -1.16841 -1.00733 -0.640408 -0.474339 -0.242525 -0.330995 0.736323 0.752443 0.949751 1.31112 1.08724 1.13625 1.1403 1.22846 0.858009 0.96769 1.01226 1.10443 0.968816 1.04919 1.06132 1.12849 1.03979 1.03062 0.966632 0.943865 0.714159 0.472775 0.184482 -0.0136321 -0.620598 -0.493288 -0.412898 -0.386166 0.392363 0.167014 0.110608 0.111816 0.0334404 0.0573563 0.131273 0.237056 0.0222821 0.0489989 -0.0166547 -0.0668042 -0.28252 -0.272658 -0.316537 -0.321745 -0.332659 -0.309457 -0.291497 -0.252024 0.190081
10.8301 17.1522 -6.2787 9.59882 17.0055 -2.51353 8.44073 16.6495 1.26093 7.28204 16.3874 5.04285 6.05525 16.0762 8.79946 3.39093 14.7304 13.9154 0.68607 13.338 18.9974 -1.91192 12.0523 24.1626 -4.71229 10.5686 29.1663 -8.09622 7.85331 29.9484 -11.4888 5.0676 30.3568 -14.8909 2.36906 31.1189 -18.2572 -0.462557 31.4097 -20.1968 -3.78091 27.0674 -21.8331 -6.93465 22.4839 -23.6864 -10.2173 18.0769 -25.3581 -13.3765 13.5098 -24.0061 -13.6479 8.78065 -22.4508 -13.7037 4.1068 -21.0061 -13.8874 -0.59908 -19.5175 -14.0013 -5.29345 -17.3102 -12.9763 -9.8793 -15.0733 -11.8713 -14.4321 -12.9385 -10.731 -19.025 -10.6078 -9.74329 -23.5576 -6.3776 -10.8061 -26.0904 -2.06856 -12.0088 -28.4196 2.11702 -13.1167 -31.0064 6.50506 -14.3012 -33.1921 10.2817 -15.5058 -31.3904 13.8499 -16.6914 -29.1939 17.5694 -17.8962 -27.2762 21.0963 -19.0037 -24.9749 21.7047 -18.6457 -19.1633 21.9522 -18.1408 -13.3357 22.5147 -17.6961 -7.52489 22.7533 -17.2651 -1.69071 18.1698 -17.1536 1.8458 13.4003 -17.0659 5.12808 8.78199 -16.9969 8.62034 4.02828 -16.8637 11.9239 -1.28042 -16.0266 11.0719 -6.54035 -15.1799 9.96503 -11.832 -14.4182 8.95208 -17.1075 -13.5023 7.98348 -21.323 -9.49409 7.70018 -25.4292 -5.3727 7.44015 -29.6288 -1.36293 6.99615 -33.7204 2.78004 6.95783 -34.4559 5.19476 9.48334 -34.77 7.40174 12.273 -35.372 9.70908 14.9311 -35.6174 11.9789 17.6766 -32.1421 12.7604 22.2437 -28.5233 13.2846 26.7359 -25.0509 13.9142 31.3292 -21.3905 14.586 35.7679 -16.78 15.6599 36.4197 -12.1498 16.7786 36.801 -7.56022 17.9608 37.4124 -2.89984 18.9521 37.7765 1.38965 17.8795 35.1168 5.50434 16.6717 32.247 9.79147 15.6763 29.5535 13.8605 14.3397 26.676 13.8455 10.3613 23.277 13.4092 6.3121 19.9911 13.3344 2.29283 16.6409 12.8571 -1.72459 13.3222 9.04917 -3.94111 11.8344 5.01296 -5.89672 10.604 1.10833 -8.05023 9.28246 -2.8857 -10.0016 7.91484 -8.34712 -9.06507 6.18034 -13.7802 -7.93182 4.47388 -19.2542 -6.82486 2.88458 -24.671 -5.84151 1.0389 -25.7278 -6.24663 -4.26312 -26.4818 -6.63445 -9.61772 -27.4695 -6.90883 -14.941 -28.2432 -7.42381 -20.2813 -26.2625 -9.0937 -22.5862 -23.9729 -10.7121 -24.6267 -21.8617 -12.3313 -26.8505 -19.5451 -13.9868 -28.8296 -14.3328 -16.3374 -28.9155 -9.09198 -18.6178 -28.723 -3.91623 -21.0479 -28.62 1.37503 -23.2166 -28.5535 5.93637 -20.9813 -28.5994 10.355 -18.4752 -28.6156 14.9173 -16.2417 -28.6675 19.3097 -13.6901 -28.6822 19.7453 -7.99981 -27.4133 19.802 -2.30603 -26.0869 20.1173 3.41292 -24.9139 20.2449 9.07504 -23.463 17.9505 11.2768 -19.2223 15.5392 13.1462 -14.8879 13.1599 15.225 -10.6321 -0.1892 -0.232972 -0.227497 -0.192646 -0.252162 -0.244458 -0.290808 -0.31816 -0.438974 -0.422478 -0.394259 -0.368365 -0.447651 -0.440313 -0.456516 -0.490967 -0.49768 -0.44889 -0.388636 -0.371381 -0.117897 -0.0429499 0.0701962 0.147434 0.453028 0.448491 0.501526 0.530919 0.578582 0.538899 0.531091 0.490622 0.375986 0.219249 0.037895 -0.0947321 -0.467688 -0.614354 -0.776992 -0.85579 -1.28929 -1.29323 -1.33516 -1.36062 -1.43791 -1.24236 -0.989008 -0.805147 -0.335813 -0.131949 0.125339 0.0695847 1.28437 1.31067 1.52991 1.91884 1.73996 1.76957 1.753 1.82546 1.44735 1.56282 1.62247 1.72585 1.628 1.71667 1.73113 1.80349 1.71704 1.68734 1.59265 1.52914 1.19821 0.71347 0.090111 -0.558534 -0.957735 -1.05644 -1.01982 -0.978467 -0.215401 -0.441025 -0.518445 -0.529939 -0.620961 -0.612842 -0.537151 -0.427513 -0.665967 -0.653256 -0.737692 -0.80535 -1.08741 -1.09803 -1.1652 -1.18682 -1.17761 -1.01947 -0.857123 -0.783281 -0.470799
12.4632 15.5868 -4.79444 11.2997 15.2148 -1.0232 10.1719 14.6466 2.73441 9.06713 14.1691 6.51142 7.86816 13.6399 10.2526 4.89011 11.9721 15.0933 1.8528 10.2589 19.8809 -1.07607 8.6593 24.7742 -4.1925 6.84639 29.4733 -7.47235 3.91332 29.7473 -10.7143 0.928132 29.6242 -14.0035 -1.99665 29.876 -17.2137 -5.00827 29.6323 -18.5422 -7.92316 24.7984 -19.5461 -10.6241 19.7656 -20.7733 -13.493 14.8773 -21.8272 -16.2011 9.85849 -20.214 -15.7181 5.22923 -18.4281 -15.0081 0.693486 -16.7244 -14.4285 -3.89211 -15.0112 -13.7866 -8.4658 -13.0581 -12.0808 -12.9634 -11.1068 -10.3055 -17.4348 -9.25733 -8.48952 -21.933 -7.18483 -6.82789 -26.3934 -2.9372 -7.41475 -29.049 1.40388 -8.16987 -31.5034 5.59907 -8.81639 -34.2275 10.0314 -9.54231 -36.5214 13.8474 -10.4648 -34.6379 17.4052 -11.3703 -32.2958 21.1696 -12.3178 -30.3222 24.6971 -13.1828 -27.9199 24.8753 -12.9414 -22.0733 24.6577 -12.5817 -16.2338 24.7685 -12.241 -10.3899 24.5613 -11.9751 -4.54469 19.8216 -12.8367 -1.3321 14.9201 -13.7479 1.61312 10.1529 -14.6635 4.76983 5.26264 -15.5195 7.7501 -0.0931137 -15.4313 6.79226 -5.40092 -15.311 5.59969 -10.7227 -15.303 4.46503 -16.061 -15.1015 3.43064 -20.4516 -11.3263 4.05329 -24.7004 -7.40352 4.74268 -29.0628 -3.57653 5.22792 -33.3031 0.312901 6.12229 -34.0463 2.22594 9.04428 -34.358 3.91302 12.1761 -34.9415 5.70181 15.2112 -35.2195 7.46832 18.3019 -32.0142 7.8465 23.1115 -28.6757 8.01914 27.8418 -25.4684 8.25839 32.6593 -22.0968 8.57548 37.3588 -17.7453 9.96688 38.7602 -13.3579 11.4487 39.9396 -9.04154 12.9606 41.3246 -4.60185 14.3109 42.4649 0.131182 13.8381 40.4652 4.73979 13.2322 38.2249 9.47475 12.8434 36.2114 14.0427 12.1003 33.9301 14.7307 8.47102 30.2239 14.9616 4.73338 26.5688 15.5743 1.03672 22.9161 15.7758 -2.64491 19.2031 12.3075 -4.5169 16.7346 8.56314 -6.13078 14.4975 4.97207 -7.95028 12.1687 1.28918 -9.54563 9.81893 -3.79836 -8.02607 7.46948 -8.856 -6.30674 5.19403 -13.9469 -4.62885 2.96191 -19.004 -3.04294 0.5901 -21.0104 -2.71129 -4.43546 -22.8487 -2.36237 -9.52354 -24.8338 -1.89462 -14.5463 -26.6618 -1.6791 -19.6448 -25.5407 -3.28565 -22.506 -24.0807 -4.91798 -25.1946 -22.8483 -6.49368 -28.027 -21.3079 -8.18885 -30.6302 -16.5017 -11.1379 -31.5805 -11.6078 -14.0309 -32.1983 -6.82126 -17.0664 -32.9588 -1.87964 -19.8492 -33.694 2.90491 -18.177 -33.3534 7.57852 -16.2352 -32.915 12.3704 -14.5805 -32.5902 17.0108 -12.5697 -32.113 18.0655 -7.25305 -29.9218 18.7473 -1.89802 -27.6766 19.6815 3.47501 -25.5693 20.4349 8.77246 -23.2132 18.5152 10.6437 -18.6406 16.454 12.2107 -14.0154 14.44 13.9728 -9.44 -0.199854 -0.280387 -0.285168 -0.250024 -0.309454 -0.311635 -0.372425 -0.411944 -0.550945 -0.532757 -0.497513 -0.467348 -0.544886 -0.541021 -0.564518 -0.608064 -0.619339 -0.565972 -0.499977 -0.475874 -0.204084 -0.105703 0.0346563 0.138002 0.485059 0.495765 0.561664 0.602686 0.677631 0.638136 0.636357 0.59854 0.479049 0.307665 0.108977 -0.0365309 -0.446386 -0.615506 -0.796527 -0.883755 -1.37233 -1.35912 -1.37982 -1.38456 -1.45217 -1.21253 -0.917719 -0.702739 -0.141189 0.077844 0.33117 0.279961 1.60221 1.62471 1.86198 2.27761 2.11365 2.12073 2.07267 2.11377 1.70289 1.79541 1.83648 1.92342 1.81301 1.87916 1.87644 1.94009 1.78773 1.73633 1.61914 1.53264 1.13654 0.643583 -0.00132443 -0.71011 -0.972369 -1.10921 -1.06801 -1.01577 -0.228576 -0.4533 -0.539756 -0.556267 -0.663351 -0.667155 -0.60117 -0.501258 -0.774715 -0.791608 -0.90812 -1.0016 -1.36333 -1.40726 -1.50621 -1.55096 -1.59619 -1.37196 -1.14305 -1.06094 -0.796136
15.7787 16.9719 -3.79802 14.8817 16.0919 -0.0382682 14.0023 15.0298 3.67833 13.155 14.0532 7.42571 12.2064 13.0243 11.1346 9.50627 10.6472 15.84 6.74034 8.22824 20.4855 4.07551 5.9169 25.2435 1.24386 3.40221 29.7975 -1.76021 0.17814 29.9253 -4.73671 -3.06373 29.6653 -7.74393 -6.28586 29.7715 -10.7017 -9.5327 29.3917 -12.1969 -12.112 24.4177 -13.4144 -14.444 19.2494 -14.8207 -16.9677 14.2209 -16.0834 -19.3088 9.06745 -14.9854 -18.3123 4.36983 -13.7326 -17.0853 -0.233616 -12.5544 -15.9902 -4.88965 -11.3655 -14.8314 -9.52749 -9.95124 -12.5784 -13.9858 -8.5377 -10.2572 -18.4092 -7.23244 -7.90776 -22.8509 -5.69031 -5.68452 -27.2815 -1.62787 -5.52688 -30.2667 2.56081 -5.53641 -33.0763 6.57184 -5.44049 -36.1325 10.8612 -5.41857 -38.7851 14.9073 -5.91074 -37.2533 18.7351 -6.4425 -35.2462 22.7426 -6.97118 -33.6262 26.5377 -7.46908 -31.5498 27.1226 -7.4722 -25.7248 27.2942 -7.40975 -19.873 27.7944 -7.32418 -14.0402 27.9932 -7.35257 -8.18868 23.6845 -8.9815 -4.6802 19.2036 -10.6713 -1.42516 14.8697 -12.3656 2.02113 10.3967 -13.9886 5.32068 4.97152 -14.252 4.99221 -0.438039 -14.4558 4.44018 -5.84629 -14.7784 3.93433 -11.2718 -14.9178 3.54311 -15.848 -11.6151 4.98096 -20.2887 -8.16063 6.48511 -24.845 -4.77865 7.79458 -29.2669 -1.39276 9.49497 -30.0593 0.00648943 12.6831 -30.4218 1.19156 16.0322 -31.0552 2.46387 19.3081 -31.3861 3.73873 22.6271 -28.0999 3.70694 27.3968 -24.6724 3.49744 32.0615 -21.3828 3.3262 36.8262 -17.9241 3.2707 41.4725 -13.6145 4.84092 42.8129 -9.28533 6.53479 43.9198 -5.01887 8.22858 45.2479 -0.630456 9.7966 46.305 3.98038 9.90773 43.9916 8.45848 9.9014 41.4281 13.0611 10.0887 39.1029 17.5099 9.95744 36.4926 18.2887 6.9042 32.315 18.6416 3.70738 28.1871 19.3546 0.572859 24.0579 19.6731 -2.5587 19.8778 16.34 -4.2811 17.1299 12.7272 -5.80101 14.6266 9.27781 -7.49528 12.0072 5.71556 -8.98142 9.41262 0.438008 -7.62609 7.40702 -4.83002 -6.08912 5.50989 -10.1206 -4.59489 3.64123 -15.3806 -3.17458 1.63361 -17.7879 -2.50886 -3.17816 -20.0443 -1.80739 -8.05732 -22.4426 -1.01037 -12.8531 -24.6776 -0.436637 -17.7581 -23.7856 -1.62035 -20.8929 -22.5512 -2.83052 -23.899 -21.5543 -3.9838 -27.0135 -20.2243 -5.25793 -29.9513 -15.4063 -7.72157 -31.7999 -10.4658 -10.1609 -33.3304 -5.6439 -12.7327 -35.0151 -0.671518 -15.0449 -36.6378 4.03242 -13.1417 -36.4035 8.61646 -10.9871 -36.0162 13.3209 -9.08348 -35.7911 17.8791 -6.88277 -35.3621 19.0559 -1.92213 -32.5007 19.8907 3.05607 -29.5505 20.9512 8.07844 -26.7516 21.8584 12.9874 -23.7083 20.4038 14.1529 -18.7462 18.8236 15.0116 -13.76 17.2843 16.0664 -8.79877 -0.187808 -0.282225 -0.284442 -0.243493 -0.316887 -0.340821 -0.433779 -0.50441 -0.698573 -0.6921 -0.665921 -0.647513 -0.741455 -0.730239 -0.74936 -0.793155 -0.777657 -0.717175 -0.642289 -0.606361 -0.307184 -0.181472 -0.00947891 0.122873 0.512086 0.532834 0.598854 0.63973 0.758549 0.73196 0.746651 0.731756 0.645886 0.459313 0.24491 0.0901184 -0.355632 -0.529185 -0.710888 -0.794538 -1.31769 -1.3031 -1.33254 -1.35455 -1.38302 -1.12751 -0.805077 -0.562805 0.0809376 0.316672 0.574567 0.535137 1.89965 1.89335 2.09749 2.48063 2.30134 2.27879 2.2086 2.23335 1.77812 1.83518 1.84208 1.90134 1.71265 1.77163 1.77056 1.83379 1.64098 1.59133 1.47294 1.38061 0.964532 0.465092 -0.189191 -0.909876 -1.15348 -1.26455 -1.18399 -1.09422 -0.246714 -0.446316 -0.516139 -0.518158 -0.586189 -0.592214 -0.537595 -0.448606 -0.716883 -0.751865 -0.881929 -0.983255 -1.36868 -1.43713 -1.55776 -1.61486 -1.70925 -1.46754 -1.22205 -1.14802 -0.934483
21.6761 19.1304 -4.05049 20.9014 17.7269 -0.424931 20.0957 16.1606 3.12654 19.3363 14.6675 6.71943 18.4809 13.1308 10.2721 15.9685 10.1626 14.7399 13.3901 7.16137 19.1477 10.8952 4.24151 23.6569 8.26753 1.16562 27.9833 5.41308 -2.17797 28.3128 2.5522 -5.5324 28.323 -0.291103 -8.88732 28.6347 -3.16747 -12.2268 28.5352 -5.77458 -14.8272 24.055 -8.20489 -17.2087 19.3587 -10.7625 -19.7579 14.8206 -13.2099 -22.1441 10.1354 -13.2937 -21.4102 5.26501 -13.2147 -20.4607 0.431855 -13.2372 -19.6456 -4.42631 -13.1919 -18.74 -9.26826 -12.1764 -16.4382 -13.8096 -11.1081 -14.0479 -18.2927 -10.1684 -11.6602 -22.8059 -8.9928 -9.34987 -27.3039 -5.11198 -8.47375 -30.4042 -1.08167 -7.72069 -33.3417 2.76905 -6.89663 -36.4932 6.88514 -6.11284 -39.3003 11.096 -5.92942 -38.2066 15.1712 -5.8133 -36.6762 19.3613 -5.66508 -35.4993 23.4099 -5.52897 -33.9016 25.0756 -5.48137 -28.2893 26.3838 -5.43814 -22.5828 27.9841 -5.33744 -16.9517 29.3031 -5.35731 -11.2473 25.879 -7.14808 -6.93482 22.242 -9.01005 -2.83179 18.7871 -10.8866 1.4193 15.1566 -12.6591 5.56746 9.799 -12.4927 6.50403 4.41072 -12.2332 7.21706 -0.971604 -12.089 8.00345 -6.33929 -11.8004 8.84751 -10.8726 -8.57585 10.5705 -15.3096 -5.22927 12.3108 -19.8269 -1.91245 13.8938 -24.2522 1.33452 15.8388 -25.4311 2.23776 19.0861 -26.2564 2.89408 22.4978 -27.3417 3.64594 25.8157 -28.0842 4.40504 29.2249 -24.966 3.70381 34.0553 -21.6715 2.83493 38.7394 -18.5766 1.98223 43.5608 -15.2145 1.28659 48.2259 -10.6806 2.65434 48.8646 -6.16105 4.18039 49.1488 -1.66148 5.68372 49.7227 2.90088 7.07915 49.9909 6.90901 7.27238 46.7472 10.7231 7.36853 43.2732 14.6969 7.62317 39.9915 18.5026 7.61814 36.5071 18.901 4.89855 32.0542 18.9687 2.03741 27.6731 19.3379 -0.760167 23.2662 19.3465 -3.55778 18.8439 15.9915 -5.21844 16.0847 12.3828 -6.72209 13.5655 8.93148 -8.36936 10.9188 5.35222 -9.83174 8.33406 -0.154576 -8.81154 6.80208 -5.66377 -7.62805 5.40124 -11.1918 -6.48124 4.04425 -16.6828 -5.40423 2.49346 -18.8362 -4.76506 -2.44076 -20.7892 -4.07581 -7.45083 -22.9293 -3.32001 -12.3739 -24.8561 -2.73729 -17.4069 -23.5217 -3.39738 -20.5386 -21.8534 -4.0289 -23.5123 -20.3963 -4.64561 -26.598 -18.6638 -5.32024 -29.5249 -13.5322 -6.55661 -31.7248 -8.29265 -7.78273 -33.6605 -3.12911 -9.12548 -35.7195 2.10988 -10.2274 -37.7306 6.50217 -7.69777 -38.068 10.7797 -4.96538 -38.2745 15.1599 -2.42144 -38.6599 19.4257 0.334422 -38.7777 20.9451 4.87212 -35.4188 22.1802 9.37678 -31.9023 23.5981 13.9655 -28.5681 24.8968 18.4011 -24.9875 24.1545 18.7584 -19.7512 23.2958 18.8004 -14.5207 22.4889 19.0424 -9.28753 -0.355946 -0.437094 -0.423698 -0.371188 -0.448146 -0.48137 -0.593657 -0.686831 -0.906605 -0.913686 -0.904891 -0.902954 -0.991843 -0.965253 -0.966506 -0.996586 -0.920187 -0.85466 -0.773068 -0.728127 -0.393674 -0.252004 -0.0602939 0.0888452 0.510045 0.534074 0.591094 0.621389 0.795798 0.785971 0.82092 0.836076 0.816059 0.620473 0.402395 0.25026 -0.20622 -0.362504 -0.525992 -0.597936 -1.10916 -1.11931 -1.19139 -1.2663 -1.28362 -1.07999 -0.802785 -0.598996 0.0923327 0.370602 0.682467 0.704212 2.13137 2.1052 2.25372 2.57229 2.3826 2.33529 2.25559 2.28014 1.80921 1.83958 1.82149 1.86486 1.58803 1.64627 1.64694 1.70647 1.4844 1.43796 1.32197 1.22946 0.815511 0.33287 -0.297433 -0.984054 -1.24235 -1.3221 -1.22302 -1.12079 -0.229509 -0.408375 -0.459441 -0.444713 -0.449513 -0.448138 -0.394533 -0.304097 -0.534851 -0.569354 -0.694437 -0.786554 -1.15529 -1.26185 -1.41856 -1.50322 -1.68314 -1.47783 -1.27217 -1.22645 -0.860462
25.651 15.2543 -4.34694 24.6776 13.9634 -0.727405 23.5694 12.5665 2.81317 22.565 11.2326 6.4086 21.4129 9.83434 9.93454 17.9011 6.97542 13.7526 14.2973 4.08277 17.4579 10.766 1.26354 21.2876 7.14939 -1.69319 24.9292 4.13239 -4.90675 24.8449 1.16255 -8.14427 24.4767 -1.82186 -11.3877 24.374 -4.81558 -14.5905 23.9095 -7.47037 -17.0429 19.3741 -9.96044 -19.3068 14.6509 -12.5727 -21.7238 10.0717 -15.0714 -23.9775 5.34814 -15.1504 -23.1784 0.487863 -15.0608 -22.1684 -4.33286 -15.0789 -21.2972 -9.18135 -15.018 -20.3165 -14.0085 -13.8673 -17.7424 -18.3677 -12.6554 -15.069 -22.65 -11.568 -12.4137 -26.9767 -10.26 -9.81077 -31.2739 -6.37047 -8.34661 -34.1319 -2.33811 -6.9841 -36.8382 1.5272 -5.55006 -39.7437 5.63658 -4.18037 -42.3271 9.83724 -3.82407 -41.2368 13.922 -3.58427 -39.7466 18.1126 -3.2856 -38.6004 22.1612 -3.01596 -37.0198 23.7778 -3.04407 -31.3931 25.0259 -3.09393 -25.6732 26.5739 -3.06185 -20.0267 27.8321 -3.1873 -14.3099 24.3967 -5.46726 -10.2444 20.7494 -7.82901 -6.4171 17.2723 -10.2142 -2.44836 13.642 -12.4652 1.46108 8.41459 -12.0964 2.92641 3.15094 -11.5978 4.21289 -2.10967 -11.2265 5.55342 -7.34347 -10.7156 6.95141 -11.5841 -7.44335 9.23776 -15.7238 -4.05577 11.5408 -19.9208 -0.660533 13.7251 -24.0884 2.57767 16.1861 -25.7929 2.91473 19.3056 -27.2853 2.94762 22.5496 -28.963 3.09655 25.6983 -30.3566 3.24268 28.9826 -28.6407 1.83026 34.3313 -26.7392 0.286904 39.5804 -25.0829 -1.27743 44.9058 -23.0699 -2.6429 50.1625 -18.7777 -1.28062 51.761 -14.4319 0.308157 52.9552 -10.166 1.83663 54.4722 -5.76601 3.27527 55.657 -1.35604 3.62935 53.0018 2.87545 3.87727 50.0593 7.24898 4.26999 47.3494 11.4802 4.44288 44.4013 12.5076 2.19176 39.7904 13.2114 -0.195656 35.1873 14.1936 -2.54573 30.616 14.8622 -4.83823 25.9597 12.2359 -5.7103 22.2221 9.34643 -6.42505 18.6487 6.62572 -7.27524 14.9737 3.75846 -7.95736 11.376 -1.26982 -6.39359 8.92997 -6.33172 -4.69822 6.64605 -11.3989 -3.02648 4.35626 -16.433 -1.42002 1.94956 -18.8493 -0.54806 -2.82462 -21.1371 0.353696 -7.65598 -23.5554 1.33141 -12.4082 -25.8103 2.13322 -17.272 -25.0365 1.44611 -20.5815 -23.9494 0.752292 -23.8004 -23.0748 0.103641 -27.0927 -21.8988 -0.657861 -30.2645 -17.3155 -2.52215 -33.1312 -12.5871 -4.4052 -35.7389 -7.98338 -6.38988 -38.4905 -3.22996 -8.14031 -41.1449 1.50914 -6.31149 -41.1783 6.15897 -4.27299 -41.0057 10.8828 -2.40471 -41.0394 15.5314 -0.368184 -40.818 18.0593 3.34829 -37.0789 20.3449 7.06602 -33.188 22.7842 10.8398 -29.4473 25.1261 14.4883 -25.5245 25.3268 14.8067 -20.2372 25.4065 14.8953 -14.9378 25.5656 15.1477 -9.64564 -0.227029 -0.382896 -0.393177 -0.341819 -0.407058 -0.417757 -0.506447 -0.578394 -0.746705 -0.7388 -0.713194 -0.692398 -0.747787 -0.707947 -0.696221 -0.713 -0.617611 -0.540386 -0.446102 -0.388012 -0.0326081 0.133178 0.349122 0.517104 0.983683 1.01405 1.07125 1.1024 1.30419 1.28683 1.31556 1.32815 1.29607 1.07386 0.82512 0.647429 0.152295 -0.00667756 -0.164803 -0.228478 -0.76047 -0.776337 -0.866255 -0.969957 -1.02035 -0.912189 -0.753821 -0.668442 0.0389953 0.36095 0.739629 0.834432 2.4629 2.44888 2.60382 2.9317 2.72414 2.62268 2.46956 2.41816 1.87863 1.85432 1.79012 1.79442 1.47021 1.48542 1.45186 1.48695 1.16875 1.09443 0.954303 0.839195 0.331444 -0.153156 -0.796359 -1.51487 -1.72214 -1.82213 -1.72463 -1.62549 -0.707835 -0.889746 -0.944434 -0.929352 -0.934366 -0.933448 -0.877279 -0.783136 -1.02392 -1.06878 -1.19938 -1.29116 -1.7317 -1.86469 -2.05327 -2.15196 -2.38498 -2.04135 -1.69679 -1.62667 -1.52981
27.7574 13.8534 -4.85879 27.0995 12.9481 -1.05588 26.2584 11.987 2.69694 25.5769 11.0892 6.49753 24.6613 10.0862 10.2218 20.7087 7.52061 13.8102 16.6291 4.91098 17.2205 12.639 2.37554 20.7889 8.55988 -0.286897 24.1587 5.27004 -3.19592 23.7707 2.04541 -6.12578 23.0964 -1.20835 -9.07138 22.6799 -4.45624 -11.9565 21.9293 -7.27401 -13.9963 17.289 -9.92219 -15.8685 12.481 -12.7014 -17.8865 7.80781 -15.3513 -19.737 2.99242 -15.3116 -18.6629 -1.81506 -15.0808 -17.3881 -6.56789 -14.9709 -16.2486 -11.3592 -14.7726 -14.9955 -16.1192 -13.3637 -12.153 -20.2288 -11.8858 -9.21425 -24.2454 -10.5253 -6.27999 -28.3065 -8.96447 -3.42598 -32.3527 -5.06531 -2.10082 -35.2649 -1.03719 -0.902293 -38.0538 2.84049 0.389826 -41.0091 6.94143 1.5895 -43.6888 11.2422 1.63246 -43.0082 15.4701 1.56091 -41.9676 19.7662 1.58645 -41.2553 23.9647 1.48905 -40.1041 26.1375 0.204183 -34.8219 27.9461 -1.12643 -29.4148 30.0594 -2.36286 -24.0965 31.8657 -3.75983 -18.7052 28.5911 -6.69012 -14.9345 25.0712 -9.63754 -11.4057 21.7382 -12.6498 -7.75239 18.2477 -15.5035 -4.11882 13.1405 -15.1109 -2.28269 7.99697 -14.5438 -0.599912 2.85708 -14.1048 1.13144 -2.25747 -13.5629 2.90791 -6.70159 -10.8575 5.52484 -11.0765 -8.06096 8.16226 -15.4943 -5.24345 10.704 -19.8826 -2.59222 13.4655 -21.8397 -2.5823 16.4522 -23.6246 -2.85376 19.5331 -25.5577 -3.04482 22.5294 -27.2629 -3.17818 25.6639 -26.3288 -4.16507 31.2945 -25.209 -5.23789 36.8754 -24.3211 -6.37607 42.485 -23.1081 -7.26384 48.0788 -19.4661 -5.15983 50.3467 -15.7371 -2.83012 52.2183 -12.1333 -0.573147 54.3987 -8.32564 1.62542 56.27 -3.68763 2.79834 54.337 0.84005 3.83453 52.0894 5.4494 5.02821 50.1009 9.9856 6.0059 47.8445 11.9665 4.27847 43.3196 13.6502 2.37241 38.7462 15.6149 0.539981 34.2555 17.2386 -1.27375 29.6235 15.0338 -2.13469 25.6204 12.5021 -2.87269 21.7896 10.1991 -3.7466 17.8447 7.67745 -4.42144 13.9957 2.57144 -2.64023 11.8823 -2.57298 -0.716164 9.99947 -7.71073 1.18107 8.0715 -12.8361 3.00984 6.04662 -15.8749 3.83846 1.63422 -18.8119 4.6874 -2.8426 -21.8534 5.61687 -7.23267 -24.7625 6.36417 -11.7451 -24.7533 5.54913 -15.1155 -24.4421 4.68373 -18.4589 -24.3375 3.88399 -21.8314 -23.9314 2.95215 -25.1465 -20.3084 0.567401 -28.873 -16.4973 -1.8504 -32.3849 -12.8693 -4.34508 -36.0342 -9.00208 -6.64645 -39.5631 -4.00235 -5.76065 -39.713 0.959213 -4.67825 -39.5812 5.95849 -3.78199 -39.6834 10.9125 -2.66655 -39.5456 13.9711 0.902686 -36.0687 16.7771 4.5319 -32.4439 19.7229 8.18221 -28.9536 22.6142 11.729 -25.3142 23.9469 12.3593 -20.2226 25.2012 12.8053 -15.0919 26.5289 13.3975 -9.99461 0.061801 -0.142176 -0.17532 -0.132845 -0.188221 -0.177506 -0.237318 -0.281598 -0.394057 -0.360005 -0.308323 -0.261017 -0.260415 -0.192177 -0.149095 -0.134095 0.00736193 0.11024 0.23172 0.316359 0.697271 0.87463 1.09707 1.26981 1.73744 1.7583 1.8043 1.82599 2.01121 1.98991 2.02372 2.043 1.95277 1.68146 1.37151 1.13714 0.528258 0.361643 0.197127 0.124182 -0.439528 -0.483037 -0.613713 -0.767859 -0.844144 -0.808921 -0.728171 -0.719781 -0.0336406 0.270714 0.63828 0.727097 2.38997 2.32705 2.43976 2.73797 2.42285 2.27061 2.06131 1.9506 1.31814 1.2668 1.18117 1.1645 0.817628 0.833845 0.806492 0.848448 0.521277 0.441843 0.291385 0.166059 -0.385158 -0.911114 -1.60632 -2.37252 -2.5949 -2.63959 -2.45247 -2.25676 -1.26339 -1.39815 -1.41282 -1.36577 -1.34927 -1.30749 -1.21532 -1.08737 -1.3022 -1.34039 -1.46052 -1.54434 -1.99468 -2.11985 -2.30232 -2.38106 -2.62224 -2.18411 -1.74771 -1.65723 -1.94208
27.8302 15.1617 -6.76108 27.0274 14.7518 -2.90076 26.0331 14.2317 0.901338 25.1961 13.7868 4.75057 24.1246 13.2473 8.52885 19.9233 11.3306 12.238 15.5991 9.36159 15.7745 11.3728 7.47094 19.4686 7.03802 5.45194 22.9638 3.43532 2.9315 22.6413 -0.102398 0.374259 22.0232 -3.66937 -2.19028 21.6533 -7.23145 -4.69938 20.9808 -10.5571 -6.53157 16.5971 -13.7264 -8.22974 12.0466 -17.024 -10.0345 7.63028 -20.1846 -11.7279 3.07192 -20.3638 -11.2572 -1.82846 -20.3397 -10.6405 -6.71588 -20.4665 -10.1473 -11.6157 -20.4458 -9.51132 -16.5006 -18.545 -7.05177 -20.6589 -16.5298 -4.47689 -24.6916 -14.6524 -1.91503 -28.7984 -12.5682 0.566928 -32.8541 -8.26437 1.61787 -35.2654 -3.8468 2.55337 -37.5128 0.462989 3.60437 -39.9132 4.9165 4.49389 -42.1073 9.18521 3.73908 -41.6939 13.3891 2.82914 -41.0132 17.6425 2.00292 -40.5772 21.836 1.12106 -39.8021 25.0083 -0.461521 -35.1428 27.9377 -2.04027 -30.3256 31.1058 -3.60581 -25.6573 33.9829 -5.2034 -20.8146 31.4328 -6.60363 -15.8081 28.5869 -7.95654 -10.9501 25.9612 -9.39125 -5.9925 23.1458 -10.6927 -1.10275 18.1874 -9.79587 0.951454 13.1628 -8.79352 2.78413 8.16743 -7.8286 4.71427 3.16974 -6.88287 6.64774 -2.25709 -6.22463 8.65703 -7.68829 -5.58003 10.6589 -13.145 -4.89286 12.5753 -18.5232 -4.33072 14.7384 -20.6466 -5.02749 17.524 -22.502 -5.9408 20.4359 -24.4785 -6.88995 23.2554 -26.4451 -7.54228 26.1647 -25.2615 -8.53376 31.7489 -24.042 -9.65739 37.3 -22.9884 -10.7965 42.8816 -21.6535 -11.7032 48.4451 -18.1914 -9.58531 50.968 -14.6544 -7.22396 53.1477 -11.2442 -4.95382 55.6081 -7.60855 -2.7025 57.7407 -3.07486 -1.11207 55.8592 1.34061 0.35828 53.6306 5.82706 1.991 51.6732 10.2699 3.37674 49.4449 12.397 1.64953 44.9868 14.2281 -0.292649 40.4857 16.3129 -2.16084 36.0645 18.12 -3.97485 31.5008 16.4958 -4.55933 27.1825 14.5826 -5.01377 22.968 12.8807 -5.62482 18.6833 10.9713 -5.99798 14.4591 6.72208 -3.32125 11.5459 2.43544 -0.474646 8.85696 -1.83087 2.34074 6.10361 -6.10529 5.07307 3.28008 -9.9997 5.57256 -0.457563 -13.8787 5.96931 -4.22322 -17.8128 6.50041 -7.9143 -21.6213 6.85542 -11.7549 -22.3494 5.87878 -15.0013 -22.7849 4.83469 -18.279 -23.4564 3.84411 -21.5335 -23.7415 2.77736 -24.8203 -20.4091 0.844145 -29.0458 -16.8171 -1.06187 -33.0665 -13.4499 -3.06008 -37.2345 -9.82078 -4.88398 -41.2601 -4.82678 -3.98368 -41.4905 0.138906 -2.91601 -41.4026 5.13411 -2.00614 -41.5645 10.0948 -0.914118 -41.4941 13.4975 2.3233 -38.0123 16.6832 5.61332 -34.3776 20.0017 8.91801 -30.8775 23.2478 12.1417 -27.2368 24.4613 12.981 -22.1455 25.5652 13.6701 -17.0071 26.7843 14.467 -11.9106 -0.237139 -0.226728 -0.1911 -0.143561 -0.183742 -0.169178 -0.214849 -0.246204 -0.323697 -0.2918 -0.248206 -0.207311 -0.186316 -0.119741 -0.0717027 -0.0480222 0.10802 0.206969 0.327025 0.411045 0.782106 0.950449 1.16052 1.31882 1.76835 1.76995 1.79475 1.80109 1.97906 1.965 2.02131 2.06535 2.02907 1.86165 1.66725 1.53034 1.09804 1.01852 0.931361 0.920434 0.496223 0.461189 0.331508 0.171954 0.204523 0.29664 0.446657 0.416136 0.68064 0.139664 -0.626232 -1.62128 -0.98039 -1.38628 -1.22658 -0.794208 -0.964323 -1.06338 -1.2388 -1.3193 -1.91526 -1.91459 -1.9383 -1.89942 -2.18308 -2.13628 -2.1405 -2.078 -2.4332 -2.53924 -2.71709 -2.81146 -3.05884 -2.63302 -2.09443 -1.60889 -0.83549 -0.407738 0.0210323 0.391982 1.4794 1.39783 1.41564 1.4745 1.46114 1.4831 1.53344 1.61589 1.36234 1.28691 1.13796 1.03183 0.536673 0.37838 0.155183 0.00481643 -0.445115 -0.401448 -0.379954 -0.398194 -0.0417297
25.0433 15.0944 -9.34282 24.4442 14.671 -5.4471 23.6541 14.1346 -1.59962 23.0201 13.6797 2.28703 22.1542 13.1167 6.11428 18.2387 11.0042 10.0243 14.1956 8.8311 13.7678 10.2488 6.74931 17.6629 6.20217 4.51787 21.368 2.86354 1.64094 21.2545 -0.409195 -1.28458 20.8453 -3.69748 -4.21723 20.6915 -7.01463 -7.08274 20.2209 -10.3949 -9.06449 15.9455 -13.6365 -10.8816 11.4929 -16.9937 -12.8383 7.18766 -20.2267 -14.6401 2.72271 -20.6063 -13.6771 -2.09348 -20.7815 -12.523 -6.8794 -21.1256 -11.4979 -11.6855 -21.2794 -10.3641 -16.4769 -19.0401 -7.91824 -20.4715 -16.6471 -5.40144 -24.3307 -14.3876 -2.90089 -28.2799 -11.9652 -0.430525 -32.1507 -7.73294 1.34579 -34.2421 -3.40643 3.0664 -36.1818 0.826848 4.86703 -38.2502 5.19265 6.52719 -40.1539 9.53972 6.51083 -39.897 13.8656 6.33816 -39.4265 18.2128 6.25674 -39.1813 22.5241 6.09887 -38.5885 26.0704 4.97287 -34.0682 29.3757 3.80317 -29.3793 32.9264 2.65301 -24.868 36.1651 1.50205 -20.1282 33.6874 0.861631 -14.9341 30.8736 0.277821 -9.90695 28.3025 -0.352875 -4.757 25.5292 -0.939396 0.292272 20.4062 -0.94007 2.12662 15.2068 -0.926465 3.73189 10.0348 -0.93211 5.42337 4.87504 -0.905565 7.15179 -0.361462 -0.249671 9.61579 -5.58202 0.437069 12.105 -10.8371 1.13892 14.5162 -16.0109 1.73933 17.1224 -18.1814 1.23935 19.9141 -20.1499 0.554931 22.8145 -22.233 -0.144129 25.6302 -24.2421 -0.614252 28.5455 -23.823 -2.44187 34.0273 -23.4046 -4.38381 39.4695 -23.1432 -6.30869 44.9272 -22.5624 -8.09131 50.4083 -18.9383 -7.2703 53.413 -15.1521 -6.2097 56.1291 -11.5392 -5.25866 59.1088 -7.67562 -4.28198 61.7457 -2.84277 -3.28506 60.2381 1.85925 -2.32565 58.3418 6.65714 -1.29757 56.7452 11.3676 -0.386944 54.8461 13.4114 -1.00103 50.068 15.1571 -1.72164 45.1876 17.1273 -2.42349 40.3907 18.881 -3.05315 35.5007 17.7892 -2.63174 30.9998 16.4694 -2.10788 26.5711 15.3187 -1.63326 22.0901 13.9844 -1.14177 17.6621 9.81951 -0.157784 13.7385 5.54264 0.849765 9.94347 1.32774 1.88488 6.08708 -2.91575 2.84358 2.24236 -7.31394 2.0563 -0.827055 -11.7244 1.18959 -3.85706 -16.1838 0.423407 -6.84189 -20.5022 -0.47707 -9.99185 -21.6161 -1.76691 -13.0114 -22.4617 -3.06832 -16.1122 -23.5438 -4.36932 -19.1387 -24.2068 -5.65074 -22.2916 -21.1606 -6.93949 -26.9559 -17.816 -8.12157 -31.441 -14.7077 -9.45544 -36.052 -11.3486 -10.5531 -40.5479 -6.75048 -8.56033 -41.3786 -2.18474 -6.38973 -41.8766 2.41103 -4.3648 -42.6412 6.97609 -2.19571 -43.1521 10.1896 1.41097 -39.8584 13.2116 5.00931 -36.3794 16.3451 8.65673 -33.0534 19.4272 12.2081 -29.5789 20.8883 13.0253 -24.5495 22.2603 13.6709 -19.4703 23.7379 14.4315 -14.437 -0.35761 -0.329055 -0.287819 -0.24128 -0.296212 -0.294165 -0.353844 -0.395898 -0.510459 -0.490624 -0.458531 -0.431267 -0.436686 -0.372547 -0.328511 -0.311072 -0.14172 -0.0210817 0.125361 0.237296 0.647835 0.825551 1.04297 1.20313 1.67429 1.67735 1.69608 1.69389 1.91999 1.91929 1.99503 2.06644 2.08383 1.93658 1.76438 1.64119 1.2594 1.16776 1.06423 1.04089 0.612783 0.576647 0.457283 0.314683 0.320933 0.410677 0.54542 0.496013 0.756484 0.216986 -0.540567 -1.52926 -0.808075 -1.12452 -0.85014 -0.317086 -0.373636 -0.492781 -0.732637 -0.880148 -1.52361 -1.61918 -1.73172 -1.75763 -2.15189 -2.14256 -2.15866 -2.09241 -2.47742 -2.49078 -2.55391 -2.55402 -2.80583 -2.52317 -2.21545 -1.96107 -1.38071 -0.957681 -0.46466 -0.00994863 1.13946 1.12126 1.2023 1.3084 1.34583 1.40319 1.46514 1.54453 1.36439 1.30858 1.18496 1.10689 0.680057 0.523533 0.3059 0.161619 -0.300115 -0.298481 -0.322485 -0.35629 0.141809
25.0666 14.903 -6.62871 23.8658 14.5996 -2.86294 22.5454 14.1632 0.849363 21.3374 13.8303 4.61036 19.9448 13.3501 8.2907 15.9617 10.8402 11.8848 11.8951 8.23567 15.3145 7.90911 5.71418 18.8975 3.81405 3.09083 22.2786 0.2696 0.499974 21.8778 -3.2339 -2.08548 21.1864 -6.76205 -4.69033 20.7347 -10.2714 -7.25289 19.9902 -13.4819 -9.28588 15.6091 -16.5404 -11.1923 11.0652 -19.7197 -13.2004 6.64984 -22.7731 -15.0991 2.09928 -23.0811 -14.7769 -2.80674 -23.208 -14.3022 -7.70843 -23.4831 -13.9358 -12.6133 -23.5886 -13.4659 -17.5159 -21.5447 -11.6188 -21.9165 -19.3627 -9.68254 -26.2111 -17.2996 -7.79972 -30.5875 -15.0894 -5.87652 -34.8736 -11.267 -3.57392 -37.2249 -7.36225 -1.25104 -39.4157 -3.54511 1.07547 -41.752 0.403137 3.37388 -43.8895 4.45198 4.92675 -43.491 8.49071 6.4239 -42.8495 12.5368 7.98198 -42.4417 16.5713 9.44017 -41.6932 20.1059 9.74175 -37.0357 23.4246 9.92311 -32.2156 26.9644 10.2169 -27.5611 30.2246 10.3762 -22.7004 28.1605 8.66092 -17.5696 25.7797 6.86681 -12.6054 23.6317 5.10906 -7.52346 21.2875 3.34857 -2.52995 16.4845 1.7822 -0.508389 11.5945 0.227374 1.30263 6.74132 -1.35376 3.18819 1.89005 -2.88664 5.11779 -3.13866 -3.51798 7.98692 -8.15399 -4.10319 10.8889 -13.2105 -4.71126 13.7134 -18.1672 -5.31064 16.7113 -20.0854 -5.58654 19.7105 -21.806 -5.84942 22.8286 -23.663 -6.14971 25.8638 -25.326 -6.34846 29.0175 -24.5722 -6.4291 34.76 -23.6271 -6.54203 40.4738 -22.9006 -6.65107 46.2195 -21.8759 -6.71419 51.9203 -17.8662 -6.00628 54.4216 -13.6978 -5.22623 56.6242 -9.67123 -4.49613 59.092 -5.47573 -3.72272 61.2447 -0.700628 -2.68927 59.585 3.95134 -1.66605 57.6005 8.7068 -0.631738 55.8854 13.3491 0.38874 53.8773 15.1813 0.991895 49.0128 16.7249 1.54973 44.0438 18.5059 2.14541 39.1593 20.0247 2.70185 34.1826 18.3033 2.80241 29.8635 16.31 2.87689 25.6622 14.4925 2.97846 21.3826 12.5146 3.03922 17.1738 7.88841 2.65377 13.6868 3.1667 2.25214 10.3322 -1.53195 1.87434 6.94262 -6.1941 1.45911 3.50742 -9.67914 0.289743 -0.476673 -13.1166 -0.91785 -4.49047 -16.6381 -2.08778 -8.44196 -20.0045 -3.28677 -12.5179 -20.5815 -3.9116 -15.8794 -20.9622 -4.43969 -19.2852 -21.5294 -5.02763 -22.6551 -21.7404 -5.53025 -26.0794 -18.6251 -5.19215 -30.8626 -15.2726 -4.75656 -35.4749 -12.131 -4.41904 -40.2414 -8.73125 -3.95358 -44.8161 -3.92876 -2.30614 -44.977 0.857986 -0.617101 -44.777 5.66521 1.02272 -44.8656 10.4449 2.73252 -44.6727 13.8876 4.88607 -40.4663 17.1347 6.99881 -36.0872 20.5251 9.14473 -31.8346 23.7954 11.2602 -27.4741 24.2039 12.2169 -22.2765 24.4539 13.0972 -17.0554 24.8356 14.0362 -11.8527 -1.31691 -1.13393 -1.03338 -0.97032 -1.02806 -1.05753 -1.15545 -1.24072 -1.38375 -1.38377 -1.37183 -1.36136 -1.38819 -1.36721 -1.36799 -1.3934 -1.29515 -1.23704 -1.15816 -1.11164 -0.78813 -0.652044 -0.471524 -0.349231 0.0892064 0.0819894 0.0872844 0.0610723 0.315679 0.303502 0.355352 0.408213 0.44248 0.202673 -0.0594768 -0.250778 -0.775716 -0.957331 -1.14986 -1.25338 -1.83868 -1.95487 -2.16468 -2.39579 -2.4396 -2.32729 -2.1131 -1.95839 -1.16269 -0.857019 -0.514612 -0.444915 1.24723 1.33123 1.64867 2.1327 1.98716 1.85821 1.60297 1.43599 0.731243 0.529731 0.292929 0.157597 -0.405559 -0.441797 -0.48381 -0.445299 -0.841174 -0.848018 -0.902121 -0.89131 -1.09021 -0.746478 -0.364027 -0.0463163 0.588702 0.950795 1.3405 1.67347 2.79237 2.72922 2.76797 2.84595 2.90001 2.88493 2.87186 2.89377 2.63541 2.50521 2.31995 2.19427 1.65586 1.46093 1.19974 0.986403 0.365768 0.109594 -0.186053 -0.283319 1.41181
30.6845 15.0665 -13.6498 30.1072 14.7984 -9.73401 29.1039 14.321 -5.92559 27.6868 13.6381 -2.28361 25.8746 12.7569 1.13367 22.4874 11.0946 5.70543 18.3916 9.06385 9.4788 13.7301 6.72939 12.2999 8.67531 4.17133 14.0443 4.77674 2.17839 14.5869 0.857711 0.1559 14.4612 -2.98951 -1.85098 13.6635 -6.6954 -3.75658 12.2143 -11.2312 -6.01418 9.38319 -15.2242 -7.92008 5.62703 -18.5356 -9.41761 1.10181 -21.0595 -10.4688 -4.01779 -22.5286 -10.9955 -8.694 -23.3486 -11.182 -13.5515 -23.5086 -11.0333 -18.4764 -23.0122 -10.5616 -23.3584 -21.7969 -9.73536 -28.3418 -19.9048 -8.59925 -33.0454 -17.3823 -7.18711 -37.3624 -14.2875 -5.53779 -41.1959 -10.7979 -3.74936 -44.3747 -6.90528 -1.82101 -46.9455 -2.68642 0.195566 -48.8468 1.82512 2.20055 -49.8984 5.86222 3.84081 -49.9584 9.86605 5.34711 -49.1263 13.6217 6.6673 -47.353 16.9153 7.75284 -44.7137 20.3519 8.77209 -40.079 22.4694 9.24998 -34.6368 23.2336 9.20553 -28.8278 22.747 8.70397 -23.0105 21.214 7.84462 -17.489 18.837 6.71239 -12.3273 15.8108 5.38813 -7.56674 12.3061 3.94065 -3.18529 8.70579 2.51959 0.644588 4.90565 1.07879 4.26849 0.987622 -0.347898 7.7704 -2.9755 -1.72921 11.2396 -7.17927 -3.15657 15.0156 -11.2427 -4.55293 18.9534 -15.0736 -5.89087 23.1368 -18.5615 -7.13683 27.6368 -20.4656 -7.83528 30.5791 -22.1539 -8.47198 33.6637 -23.5868 -9.03419 36.8889 -24.7219 -9.50793 40.2441 -25.8345 -10.0558 45.907 -25.8714 -10.27 51.7 -24.6867 -10.0947 57.3721 -22.2142 -9.4962 62.5811 -19.2392 -8.6838 66.2361 -15.5379 -7.61206 69.0684 -11.3015 -6.33415 70.8822 -6.78044 -4.92445 71.5474 -1.89981 -3.35397 70.9316 2.64515 -1.84159 69.0023 6.5713 -0.483092 65.9353 9.68421 0.651352 61.9744 11.911 1.53181 57.3168 13.1908 2.12787 52.2737 13.5801 2.44981 47.0611 13.1767 2.52311 41.8401 12.2505 2.40756 37.2805 10.8747 2.14746 32.8419 9.13044 1.76817 28.5437 7.09248 1.29379 24.3864 4.23139 0.599609 19.3771 1.13372 -0.168381 14.5217 -2.09768 -0.974061 9.76051 -5.32102 -1.86469 5.00896 -8.22475 -2.72307 0.50753 -10.9321 -3.56174 -4.11833 -13.3384 -4.33252 -8.91901 -15.3253 -4.98311 -13.925 -16.3066 -5.30648 -17.2379 -17.0226 -5.5411 -20.6253 -17.434 -5.6706 -24.0687 -17.5016 -5.67878 -27.5382 -16.787 -5.39553 -33.2095 -14.9273 -4.69192 -38.5762 -11.891 -3.54874 -43.2909 -7.78105 -1.99736 -46.9592 -3.44335 -0.346326 -49.033 1.21073 1.50251 -49.9067 5.88583 3.48322 -49.6569 10.3939 5.49481 -48.4433 15.2594 7.73242 -46.0868 19.6618 9.78013 -42.8221 23.4702 11.5709 -38.7574 26.5728 13.0459 -34.0213 28.6976 14.0679 -29.2697 30.113 14.759 -24.2045 30.782 15.0968 -18.9533 -10.3613 -10.3511 -10.3361 -10.3177 -10.3885 -10.3126 -10.2668 -10.2211 -10.2314 -10.1842 -10.1425 -10.1077 -10.0769 -10.0249 -9.98934 -9.9664 -9.79913 -9.76535 -9.73663 -9.71005 -9.3758 -9.32238 -9.26614 -9.20194 -8.6884 -8.6082 -8.51585 -8.41019 -7.96064 -7.88826 -7.80589 -7.71546 -7.49845 -7.47403 -7.43641 -7.39531 -7.78722 -7.8632 -7.93912 -8.01569 -8.7532 -8.85279 -8.94615 -9.03785 -8.97807 -9.0395 -9.10168 -9.1779 -8.52062 -8.52869 -8.54213 -8.55222 -6.30246 -5.78241 -5.2227 -4.65619 -4.95906 -4.92696 -4.8889 -4.82496 -5.48856 -5.5276 -5.53166 -5.49692 -6.07836 -6.06413 -6.01955 -5.94668 -6.40798 -6.365 -6.31128 -6.2487 -6.56922 -6.5345 -6.49402 -6.44533 -5.92348 -5.697 -5.32901 -4.70982 -3.0194 -2.79317 -2.59483 -2.41677 -2.21019 -2.09258 -1.98089 -1.87987 -2.10448 -2.11053 -2.12927 -2.16127 -2.7735 -2.91878 -3.07567 -3.23647 -3.92305 -4.03153 -4.12295 -4.19468 6.29811
