# num_vectors 19
# vector_size 401
# Iterations: 700, stepsize: 0.028943, max step size: 1.000000, spring constant: 0.000010, global NEB Hessian: false, global NEB Linesearch: true, climbing image: false
22.095 29.5479 -13.4746 19.9176 32.2992 -11.6233 17.6965 34.6505 -9.32611 15.5 36.5301 -6.60938 13.4034 37.874 -3.52126 10.6166 38.8227 1.62376 8.02691 38.9507 6.95433 4.94871 38.452 11.9955 1.00161 37.1741 16.2292 -2.32903 35.7359 18.7399 -5.86555 33.924 20.657 -9.49412 31.7852 21.97 -13.1128 29.3667 22.6915 -17.716 25.833 22.7866 -21.9889 21.9819 22.0137 -25.8078 17.8847 20.4924 -29.0798 13.5955 18.3518 -31.3758 9.83096 16.1474 -33.1924 5.97673 13.668 -34.5006 2.04731 10.9938 -35.2753 -1.94399 8.20599 -35.4907 -6.1981 5.23105 -35.0675 -10.4766 2.31397 -33.9901 -14.7488 -0.439568 -32.2539 -18.9726 -2.91724 -29.9427 -22.9717 -4.95324 -27.0425 -26.7951 -6.51864 -23.6078 -30.3605 -7.50436 -19.7264 -33.573 -7.81101 -16.108 -35.9776 -7.46791 -12.3455 -37.9666 -6.52991 -8.56048 -39.4763 -4.98506 -4.88725 -40.4461 -2.84987 -0.334147 -40.8191 0.818899 3.57079 -40.1071 5.12869 6.68297 -38.373 9.78027 8.94359 -35.7279 14.4944 10.3477 -32.3524 18.9899 10.9808 -28.3616 23.1429 10.9381 -23.8811 26.8169 10.337 -19.0214 29.9148 9.36827 -14.1942 32.2406 8.10826 -9.18497 33.9638 6.6642 -4.04889 35.0523 5.14055 1.16095 35.4831 3.53944 6.75754 35.1971 2.10047 12.3028 34.1262 0.954017 17.7063 32.2674 0.228314 22.8549 29.6345 0.0606417 25.8253 27.6548 0.136529 28.6137 25.4211 0.472399 31.1778 22.9547 1.08394 33.4716 20.2835 2.71982 36.5216 15.633 5.17343 38.5992 10.8091 8.33663 39.4707 6.0299 11.467 38.9302 1.18069 13.4556 37.6458 -2.97449 14.6693 35.9283 -7.26951 15.1259 33.8613 -11.5578 14.8749 31.4902 -15.7033 13.8808 28.6488 -19.8991 12.2336 25.5737 -23.7066 10.0442 22.3027 -27.0493 7.42662 18.8642 -29.8763 4.44062 15.2335 -32.1846 1.22558 11.4777 -33.9122 -2.11104 7.60382 -35.0465 -5.46359 3.61639 -35.5827 -8.37366 -0.0156698 -35.5547 -11.1478 -3.71881 -35.0527 -13.7082 -7.48233 -34.0823 -15.9738 -11.2891 -32.6553 -18.2764 -16.054 -30.2566 -19.8425 -20.7581 -27.227 -20.519 -25.2922 -23.6571 -20.1765 -29.5124 -19.678 -18.8516 -33.0245 -15.7613 -16.53 -35.9789 -11.8482 -13.2574 -38.2252 -8.15019 -9.16062 -39.6349 -4.88533 -6.19172 -40.0625 -3.14005 -3.02579 -40.1285 -1.7211 0.259025 -39.8398 -0.639264 3.58758 -39.2033 0.106986 9.00767 -37.4394 0.623589 14.1233 -34.8883 0.346081 18.7568 -31.6662 -0.604588 22.7906 -27.8878 -2.09019 25.8142 -24.147 -3.73539 28.2851 -20.1065 -5.58232 30.1955 -15.8195 -7.53557 31.547 -11.3318 -9.50442 32.4204 -5.96685 -11.6693 32.5877 -0.441549 -13.5865 32.0721 5.18042 -15.1228 30.9014 10.821 -16.1452 29.3118 15.8687 -16.5072 27.27 20.7568 -16.2329 24.8362 25.3645 -15.2416 -0.186459 -0.104634 -0.0418083 0.0027226 -0.0653252 0.00305395 0.0547411 0.107934 0.0940018 0.129694 0.151843 0.161262 0.153721 0.14914 0.113498 0.0498276 0.12421 0.062963 -0.0153597 -0.112019 0.0794495 -0.027105 -0.147493 -0.282162 0.0189553 -0.110547 -0.22054 -0.323924 -0.066411 -0.154549 -0.209318 -0.226588 -0.0934544 -0.106685 -0.0432306 0.086684 -0.164359 -0.0641784 0.068537 0.23475 -0.253432 -0.137305 -0.0661591 -0.0453694 0.0880265 0.0660548 -0.00383226 -0.160628 0.346934 0.151248 -0.147927 -0.602247 0.704383 -0.106767 -0.323085 -0.125291 -0.537114 -0.463126 -0.352316 -0.193077 -0.734023 -0.639121 -0.513711 -0.347327 -0.792577 -0.650367 -0.490773 -0.305629 -0.660414 -0.522498 -0.38375 -0.242736 -0.482338 -0.390238 -0.349461 -0.398653 -0.0878464 -0.258921 -0.619636 -1.0121 -0.0827038 -0.286226 -0.398777 -0.444241 -0.438355 -0.476925 -0.452452 -0.381548 -0.586066 -0.536357 -0.459695 -0.354442 -0.7843 -0.702153 -0.597651 -0.460721 -0.849842 -0.701873 -0.582896 -0.487958 -0.0521342
18.2653 28.8458 -16.9767 16.6458 30.6647 -13.8479 15.1916 31.9254 -10.3813 13.6894 33.3823 -7.01343 12.2338 34.4849 -3.49399 10.6689 33.7572 2.17343 9.31048 32.5517 7.81262 8.11339 31.6719 13.5478 6.32894 30.4707 19.0679 3.28939 28.5742 21.6385 -0.0464655 26.535 23.6776 -3.2277 24.6063 26.045 -6.61201 22.4621 27.8868 -11.3242 19.1491 27.2034 -15.9191 15.8698 25.8685 -20.648 12.6323 24.971 -25.1824 9.2591 23.6637 -27.6081 6.18208 20.6763 -29.6881 3.17609 17.3727 -32.0959 0.218646 14.2529 -33.9561 -2.94421 10.9647 -33.31 -6.52424 7.25933 -32.0702 -10.0103 3.6158 -31.254 -13.4771 -0.163104 -29.9141 -17.0837 -3.65039 -26.5802 -20.49 -5.30375 -22.8903 -23.7197 -6.48945 -19.4089 -27.0246 -8.04185 -15.7029 -30.3013 -9.03173 -12.171 -32.6418 -8.02221 -8.69169 -34.794 -6.52746 -5.21728 -37.1429 -5.35088 -1.70217 -38.9731 -3.5438 1.90561 -38.5486 1.04924 5.05275 -37.4902 5.87319 8.57709 -37.0127 10.5258 11.6486 -35.777 15.3562 11.4323 -31.4153 19.16 10.54 -26.7328 22.4496 10.0262 -22.2718 26.1071 9.3081 -17.593 29.4438 7.33106 -12.5889 30.2622 5.14857 -7.61802 30.6451 3.06545 -2.64151 31.3622 0.947348 2.35745 31.7398 -1.32841 7.33242 29.7394 -3.59181 12.1615 27.3967 -6.08027 16.9884 25.2898 -7.98401 21.9763 22.9603 -7.62462 25.0105 21.1107 -6.84753 27.9357 19.2141 -6.17604 30.9064 17.3484 -4.94903 33.5454 15.278 -0.699164 35.4533 11.8332 3.96504 36.6555 8.61294 8.47999 38.5029 5.48676 12.9508 39.4798 1.93352 15.1644 36.9992 -1.50034 16.7176 33.8583 -4.75136 18.7025 31.032 -8.05562 20.1424 27.9849 -11.4449 19.0998 24.166 -14.7564 17.4415 20.3751 -17.8415 16.1753 16.5425 -21.058 14.469 12.7818 -24.1536 10.7731 9.74825 -26.2832 6.74375 6.98654 -28.1632 2.88999 4.16366 -30.3027 -1.0933 1.21808 -31.9921 -4.89185 -1.44885 -31.6817 -8.70985 -3.9982 -30.9319 -12.6266 -6.46741 -30.4839 -16.2154 -9.28004 -29.5633 -18.3887 -13.4408 -26.1444 -20.0448 -17.5274 -22.3653 -22.2873 -21.5476 -18.8248 -23.6826 -25.7757 -15.0967 -20.7493 -28.8951 -11.7705 -17.1099 -31.5146 -8.72189 -13.9643 -34.5261 -5.49141 -10.2528 -37.0397 -2.44108 -7.00426 -37.3477 -1.26604 -3.62831 -37.2057 -0.483384 -0.259999 -37.1244 0.339737 3.12741 -36.6442 0.908728 8.08793 -33.8703 0.263561 12.7087 -30.6614 -0.770928 17.561 -27.7211 -1.49887 22.1757 -24.5279 -2.60638 24.4334 -20.8188 -5.24458 26.2397 -17.062 -8.1496 28.3724 -13.4103 -10.966 30.1516 -9.53857 -13.7336 29.7837 -4.33629 -16.3788 29.0266 0.880437 -18.9105 28.6023 5.96709 -21.7642 27.8053 11.3184 -23.983 25.5409 15.9201 -22.6398 23.0622 20.1593 -20.6414 20.6768 24.6501 -19.1417 0.204388 0.236787 0.268944 0.292353 0.144608 0.163957 0.174679 0.165071 0.0781228 0.0834462 0.0945951 0.0900732 0.0423513 0.0587237 0.0858002 0.0760022 0.0925211 0.0808784 0.115629 0.0657687 0.10112 0.0443024 0.0837142 0.0133296 0.0922298 0.0196351 0.0852176 0.0251248 0.106212 0.0381089 0.061036 0.0112849 0.0873341 0.0718025 0.0358043 0.0643608 0.0260108 0.0893668 0.0388223 0.102584 -0.132049 -0.0822856 -0.189882 -0.249717 0.131383 0.105287 0.0574916 -0.0272876 0.219708 -0.0338587 -0.0778997 -0.595664 -0.260782 -0.209017 0.357151 0.671419 -0.421933 -0.332718 0.00245846 0.19961 -0.292917 -0.106574 -0.0172564 0.14954 -0.070307 0.031291 0.0775203 0.192443 -0.166387 -0.0372058 0.0991399 0.190488 -0.246852 -0.109352 0.141297 0.190163 -0.396708 -0.572701 -0.154578 -0.212294 0.0069804 -0.156683 -0.0136155 -0.05759 -0.27209 -0.217273 -0.0625135 0.0412979 -0.227629 -0.155637 -0.0921778 -0.00384064 -0.223786 -0.143377 -0.206514 -0.0762987 -0.0115322 0.0733199 0.0596548 0.129626 0.168425
19.9406 27.5764 -16.8148 18.2598 29.085 -13.556 16.7228 30.0113 -10.0203 15.1398 31.1311 -6.56174 13.6159 31.9311 -2.9898 11.9827 30.9369 2.61756 10.5574 29.5144 8.18929 9.30276 28.388 13.8688 7.43584 26.9626 19.3076 4.28677 25.04 21.7222 0.838713 23.0216 23.5881 -2.45023 21.0991 25.8088 -5.94992 18.9624 27.4306 -10.6582 15.8029 26.207 -15.1828 12.7237 24.2846 -19.8922 9.66142 22.8377 -24.3505 6.47628 20.9332 -26.3808 3.70092 17.4046 -27.9742 1.03264 13.5812 -29.9389 -1.62653 9.92803 -31.3344 -4.42299 6.11909 -30.1526 -7.38468 2.02084 -28.3837 -10.2113 -1.95992 -27.0257 -13.0215 -6.11004 -25.1732 -16.0038 -9.93601 -21.5331 -19.0101 -11.7144 -17.5964 -21.9026 -12.9746 -13.8367 -24.8251 -14.6406 -9.88316 -27.7791 -15.6872 -6.32625 -30.0252 -14.5584 -2.88948 -32.1258 -12.9005 0.588935 -34.3974 -11.5918 4.01188 -36.1993 -9.5897 7.05933 -35.9493 -4.59542 9.56561 -35.0944 0.627871 12.5201 -34.7921 5.67521 14.931 -33.7705 10.9133 13.8941 -29.7668 14.9674 12.2084 -25.4477 18.4381 10.8986 -21.3457 22.3111 9.35855 -17.0322 25.8555 6.61763 -12.4169 26.753 3.69369 -7.84644 27.178 0.837401 -3.27493 27.9277 -2.00526 1.34161 28.4023 -4.78143 6.21072 26.8162 -7.51582 10.9968 24.9327 -10.5046 15.6992 23.2342 -12.8673 20.6968 21.3985 -12.6481 23.9918 20.0377 -11.9807 27.2233 18.6704 -11.4467 30.4887 17.3251 -10.1827 33.4593 15.7974 -5.41935 35.7486 13.4232 -0.211503 37.1932 11.3347 4.74929 39.3894 9.30052 9.86525 40.5973 6.86416 12.8935 37.9586 4.27348 15.1812 34.5629 1.80718 17.946 31.5148 -0.624285 20.1354 28.245 -3.33717 19.6346 24.3015 -6.62879 18.4083 20.4441 -9.8312 17.6541 16.4908 -13.0624 16.359 12.6935 -16.3092 12.7143 10.1215 -19.0474 8.67513 7.95709 -21.5769 4.86909 5.66943 -24.3479 0.837236 3.28026 -26.6789 -3.31599 1.20034 -26.9295 -7.54728 -0.720869 -26.7195 -11.8403 -2.50954 -26.8204 -15.8514 -4.83531 -26.4465 -18.5258 -9.14021 -23.6112 -20.6145 -13.4824 -20.3696 -23.3442 -17.6589 -17.3979 -25.1545 -22.1624 -14.2097 -22.3275 -25.7357 -11.2706 -18.693 -28.7428 -8.59684 -15.6046 -32.1614 -5.73771 -11.9089 -35.1113 -3.08479 -8.60432 -35.6902 -2.20542 -5.17046 -35.7898 -1.72753 -1.74501 -35.9519 -1.20822 1.70748 -35.7431 -0.952087 6.81718 -33.4384 -2.09093 11.5988 -30.6853 -3.59943 16.6053 -28.2121 -4.8396 21.3805 -25.4699 -6.38753 23.8487 -21.9429 -9.08633 25.895 -18.3112 -11.9912 28.2475 -14.8411 -14.8616 30.2658 -11.0709 -17.6052 30.275 -5.62544 -19.7367 29.8996 -0.119996 -21.6722 29.8746 5.25436 -23.9773 29.4246 10.8493 -25.6174 27.2119 15.3123 -23.8029 24.7198 19.3084 -21.3681 22.3519 23.6213 -19.3933 0.0666111 0.110236 0.148013 0.178785 0.0465008 0.0683296 0.0729438 0.0574996 -0.0245309 -0.0165319 -0.00542193 -0.0065635 -0.0443219 -0.0232465 0.00725616 0.00438436 0.0363916 0.0325138 0.0718372 0.038984 0.128564 0.0904959 0.131241 0.0806242 0.212979 0.146065 0.206459 0.147573 0.220163 0.138035 0.155388 0.084085 0.0999115 0.0551811 0.0048856 0.00719234 -0.115924 -0.077693 -0.133477 -0.0844601 -0.373065 -0.33594 -0.432178 -0.49524 -0.208874 -0.219959 -0.214344 -0.281075 -0.0855591 -0.302232 -0.301458 -0.814227 -0.2539 -0.193309 0.365214 0.700311 -0.258761 -0.179564 0.0973229 0.284792 -0.122146 0.0437796 0.0643182 0.217661 0.041108 0.10542 0.10696 0.201166 -0.158162 -0.0395109 0.0967743 0.18085 -0.290253 -0.147349 0.121891 0.171722 -0.329722 -0.494603 -0.0949049 -0.121937 0.192634 0.0209374 0.149006 0.117784 -0.0641802 -0.00756969 0.139618 0.24329 -1.27322e-05 0.0685131 0.111328 0.190241 -0.0139148 0.044668 -0.0430985 0.050235 0.0682526 0.130562 0.0881232 0.14561 0.336889
15.7797 28.197 -13.293 14.2271 29.2361 -9.79574 12.8667 29.6821 -6.09816 11.4448 30.3205 -2.45233 10.1091 30.6514 1.26619 8.90636 29.0708 6.84771 7.93315 27.0999 12.3493 7.12309 25.4178 17.9719 5.69654 23.4184 23.3631 2.80869 21.1089 25.7653 -0.40906 18.7374 27.6272 -3.44867 16.4426 29.8496 -6.72825 13.9633 31.4436 -11.2869 10.6432 30.0859 -15.6877 7.48553 28.0094 -20.2623 4.28596 26.4331 -24.587 1.02345 24.3592 -26.5116 -1.48802 20.5824 -27.993 -3.82371 16.5047 -29.8462 -6.20609 12.6103 -31.1365 -8.64529 8.52849 -29.8784 -10.9486 4.04789 -28.0487 -13.072 -0.323469 -26.6328 -15.1948 -4.84601 -24.702 -17.4917 -9.08398 -20.9143 -19.932 -11.3532 -16.8211 -22.3016 -13.109 -12.9241 -24.6653 -15.272 -8.79067 -27.1162 -16.8079 -5.00891 -29.1311 -16.0272 -1.34305 -31.0599 -14.6805 2.36884 -33.1221 -13.71 6.00531 -34.7894 -11.9873 9.14267 -34.7407 -7.04296 11.6768 -34.1585 -1.79565 14.7128 -34.0648 3.21136 17.1406 -33.3353 8.49031 15.8052 -29.8907 12.9503 13.778 -26.1423 16.8723 12.1617 -22.607 21.1654 10.2767 -18.8624 25.1611 7.03628 -14.7311 26.5931 3.59474 -10.6265 27.5564 0.229125 -6.5442 28.8316 -3.12483 -2.38371 29.861 -6.47423 2.30356 28.9996 -9.7856 6.9572 27.8555 -13.3416 11.4678 26.8861 -16.2903 16.3702 25.7906 -16.4257 19.8173 24.8653 -16.0947 23.2453 23.9187 -15.9062 26.6916 22.9993 -14.9357 29.9293 21.8455 -10.3453 32.8097 19.7962 -5.23276 34.8181 17.9527 -0.445115 37.5804 16.2151 4.60637 39.3792 14.0209 7.91131 37.1322 11.3994 10.5248 34.0497 8.84683 13.5991 31.3584 6.36653 16.0963 28.4081 3.55497 15.871 24.6472 0.0276904 14.8823 20.9359 -3.42017 14.4015 17.1473 -6.89203 13.3234 13.5018 -10.3828 9.70949 11.0522 -13.27 5.66194 9.02365 -15.8969 1.86022 6.87889 -18.7857 -2.16359 4.59774 -21.2357 -6.30189 2.4989 -21.5637 -10.5192 0.542055 -21.4077 -14.8111 -1.24684 -21.5447 -18.78 -3.65906 -21.2861 -21.1788 -8.35834 -18.8599 -22.9465 -13.1247 -16.0523 -25.3992 -17.7096 -13.466 -26.8733 -22.6271 -10.7516 -23.6771 -26.3595 -8.45985 -19.693 -29.4244 -6.4265 -16.2321 -32.9613 -4.20994 -12.2009 -35.9844 -2.20809 -8.8031 -36.4834 -1.72343 -5.33633 -36.4634 -1.61921 -1.87115 -36.5113 -1.47807 1.57984 -36.179 -1.57377 6.46861 -33.6288 -3.09496 10.9819 -30.6281 -4.92393 15.751 -27.9131 -6.53763 20.2574 -24.9159 -8.38924 22.3794 -21.1136 -11.0072 24.0751 -17.2027 -13.7722 26.0778 -13.4549 -16.5577 27.7481 -9.4087 -19.1371 27.4163 -3.77044 -20.6524 26.7117 1.89719 -21.9088 26.3466 7.48827 -23.5833 25.5696 13.2041 -24.5433 23.2462 17.2918 -22.0941 20.6981 20.815 -19.0605 18.2321 24.7162 -16.4513 0.0553876 0.100048 0.14232 0.174057 0.035787 0.0456681 0.0352377 -0.00586151 -0.129054 -0.133637 -0.127347 -0.13865 -0.186887 -0.167322 -0.140502 -0.145247 -0.0938258 -0.089448 -0.0498013 -0.0687184 0.0756885 0.0617882 0.109104 0.078838 0.268363 0.211997 0.263094 0.210287 0.306707 0.228853 0.249224 0.183513 0.193686 0.138194 0.0788225 0.0674739 -0.100715 -0.0815222 -0.138171 -0.09792 -0.438187 -0.415878 -0.508898 -0.578664 -0.348112 -0.358434 -0.341925 -0.403527 -0.152495 -0.340177 -0.351507 -0.814757 -0.149858 -0.147119 0.374877 0.690573 -0.257968 -0.187888 0.0740947 0.253326 -0.170209 -0.0203984 -0.00715123 0.138528 -0.0502546 0.0143903 0.0181505 0.113469 -0.253047 -0.123424 0.0362175 0.131098 -0.35166 -0.184574 0.119845 0.182417 -0.286064 -0.424793 -0.0471634 -0.0496377 0.367545 0.199207 0.314141 0.285594 0.106804 0.154459 0.29163 0.384561 0.133939 0.197395 0.230074 0.3064 0.119126 0.172795 0.0835749 0.17338 0.146742 0.194325 0.145044 0.190531 0.381303
10.2391 28.9822 -9.07847 8.87762 29.6066 -5.40732 7.76935 29.6492 -1.60053 6.58364 29.8785 2.17611 5.50273 29.8114 5.99032 4.79403 27.7531 11.5003 4.32805 25.3394 16.8906 4.01019 23.2099 22.41 3.09818 20.7403 27.7173 0.57468 18.0616 30.1464 -2.30511 15.3313 32.0691 -4.98844 12.6698 34.3408 -7.9437 9.84048 35.9855 -12.3127 6.2449 34.7084 -16.5862 2.86739 32.7136 -20.997 -0.598202 31.2358 -25.183 -4.07062 29.219 -27.1144 -6.442 25.356 -28.6193 -8.56443 21.1718 -30.4831 -10.787 17.1889 -31.8017 -12.9964 12.9871 -30.6438 -14.7905 8.25378 -28.9307 -16.3589 3.60939 -27.6304 -17.9505 -1.15936 -25.8025 -19.6994 -5.69413 -22.0242 -21.6247 -8.427 -17.9188 -23.5039 -10.6779 -14.0381 -25.3564 -13.3162 -9.86419 -27.329 -15.3506 -5.89088 -29.0805 -15.0098 -1.9954 -30.798 -14.089 1.92781 -32.6151 -13.5606 5.80025 -34.1043 -12.2347 9.25052 -34.1872 -7.5039 12.0685 -33.8137 -2.38387 15.4164 -33.8653 2.42082 18.1181 -33.3558 7.59141 16.7712 -30.4134 12.3944 14.6675 -27.1886 16.7207 13.0174 -24.1679 21.3784 11.0648 -20.9401 25.7727 7.56673 -17.2534 27.7197 3.84016 -13.5771 29.2085 0.207742 -9.93967 30.9956 -3.42776 -6.20383 32.5593 -7.19986 -1.76871 32.3809 -10.9499 2.6661 31.9331 -14.9186 6.92102 31.6591 -18.3262 11.627 31.2454 -18.8139 15.1166 30.661 -18.8363 18.632 30.0295 -19.0012 22.1502 29.4358 -18.3973 25.5505 28.5251 -14.2213 28.9899 26.4519 -9.44039 31.5997 24.4765 -5.04126 34.9158 22.6815 -0.325846 37.3455 20.3515 3.00802 35.6443 17.3791 5.74727 33.0547 14.4401 8.90872 30.8938 11.5797 11.5001 28.4312 8.4071 11.4092 24.9416 4.60558 10.5592 21.4269 0.922774 10.2287 17.8861 -2.8178 9.26743 14.4275 -6.52609 5.66446 11.8955 -9.35529 1.60157 9.73738 -11.852 -2.21864 7.49593 -14.6413 -6.2257 5.07764 -16.985 -10.2336 2.72412 -17.1754 -14.3 0.487318 -16.8595 -18.4725 -1.56891 -16.815 -22.2518 -4.2581 -16.4644 -24.1488 -9.28989 -14.272 -25.3892 -14.3711 -11.7484 -27.3437 -19.2957 -9.37043 -28.2803 -24.5096 -6.99136 -24.6404 -28.1861 -5.36855 -20.2768 -31.1078 -4.01798 -16.3864 -34.5588 -2.48327 -11.989 -37.4401 -1.15722 -8.53394 -37.7227 -1.04873 -5.08387 -37.4586 -1.28757 -1.62711 -37.2669 -1.49663 1.76863 -36.6837 -1.89383 6.33244 -33.7014 -3.62455 10.4755 -30.2787 -5.58388 14.9056 -27.1395 -7.38369 19.0363 -23.7121 -9.36091 20.6886 -19.5625 -11.7827 21.9003 -15.3195 -14.3016 23.4284 -11.2186 -16.8828 24.6136 -6.85667 -19.2032 23.7357 -1.15476 -20.1592 22.4943 4.52103 -20.8235 21.5697 10.1877 -21.9333 20.2777 15.8792 -22.2986 17.8349 19.5315 -19.3321 15.2616 22.5575 -15.8208 12.7074 25.9986 -12.6994 0.0925549 0.135392 0.180412 0.2111 0.063501 0.0606963 0.0364781 -0.0291559 -0.196604 -0.215496 -0.214539 -0.239038 -0.305383 -0.290566 -0.269244 -0.280082 -0.217617 -0.207955 -0.169574 -0.179275 0.00649506 0.0120701 0.0655297 0.0515044 0.286093 0.23859 0.280895 0.234018 0.358787 0.291476 0.318457 0.267087 0.291084 0.234236 0.171101 0.154242 -0.0370664 -0.0290114 -0.0851555 -0.0498186 -0.42538 -0.414051 -0.507386 -0.583486 -0.384924 -0.397923 -0.383796 -0.443874 -0.130322 -0.301926 -0.338656 -0.75765 -0.0255369 -0.0975732 0.376705 0.659463 -0.330082 -0.270087 -0.00245636 0.172756 -0.297503 -0.1562 -0.12367 0.0196436 -0.193831 -0.114792 -0.0936141 0.0105687 -0.358632 -0.21347 -0.0298028 0.0780052 -0.41332 -0.222313 0.117252 0.191782 -0.271569 -0.382035 -0.0214345 -0.00231621 0.498775 0.336356 0.440277 0.411975 0.22897 0.265618 0.392481 0.472764 0.208195 0.267757 0.295241 0.372093 0.203053 0.259845 0.177327 0.274641 0.218209 0.257641 0.209388 0.246618 0.385431
9.79196 26.4421 -9.16469 8.41056 26.7932 -5.46475 7.29035 26.604 -1.66592 6.09772 26.5707 2.11536 4.98455 26.3355 5.91363 4.07219 24.4919 11.4695 3.36281 22.3856 16.9613 2.83113 20.543 22.5668 1.67429 18.3184 27.9344 -1.03579 15.7331 30.2614 -4.09019 13.0881 32.0276 -6.96468 10.5364 34.1889 -10.0684 7.74861 35.6167 -14.16 4.10276 33.7155 -18.0074 0.694209 31.0269 -22.0808 -2.84057 28.891 -25.864 -6.3127 26.1929 -27.1604 -8.32373 21.8858 -27.9553 -9.99916 17.3209 -29.1149 -11.8352 12.8981 -29.7958 -13.5867 8.34348 -28.2498 -14.6849 3.50941 -26.2421 -15.5379 -1.20294 -24.6049 -16.3938 -6.05595 -22.464 -17.4766 -10.6611 -18.5462 -19.1259 -13.3781 -14.349 -20.8299 -15.599 -10.3652 -22.4528 -18.2349 -6.07758 -24.2402 -20.2028 -2.1161 -25.9595 -19.6356 1.70535 -27.6688 -18.4326 5.59533 -29.4636 -17.6456 9.35677 -30.9596 -16.0378 12.3112 -31.1481 -10.9853 14.5703 -30.8816 -5.58896 17.4286 -31.0036 -0.479061 19.5422 -30.6524 4.97102 17.4084 -28.2004 9.76423 14.5402 -25.4984 14.0086 12.1245 -22.9928 18.6377 9.38273 -20.2689 22.9509 5.27241 -17.0425 24.4722 0.990783 -13.8284 25.4503 -3.23813 -10.6585 26.7491 -7.43686 -7.37764 27.8561 -11.5581 -3.29089 27.3616 -15.6227 0.813878 26.6125 -19.926 4.67955 25.9281 -23.6544 9.11989 25.3706 -24.2262 12.6447 25.3009 -24.2815 16.216 25.3167 -24.5038 19.7809 25.3245 -23.8267 23.2863 25.2256 -19.2309 26.8113 25.0835 -14.0448 29.3948 25.0891 -9.30667 32.7252 25.2603 -4.07663 35.1882 24.876 -0.00774504 33.6282 22.9127 3.4387 31.1728 20.69 7.29361 29.1493 18.7172 10.6639 26.8156 16.2596 11.4961 23.4484 12.4378 11.5258 20.0572 8.54709 12.1381 16.6514 4.71767 12.0032 13.3019 0.793376 8.77676 10.8927 -2.55067 4.98009 8.88513 -5.54287 1.53576 6.71763 -8.83483 -2.28028 4.55057 -11.6878 -6.64216 3.05043 -12.2896 -11.1346 1.84362 -12.3327 -15.6554 0.793588 -12.6483 -19.9491 -0.995228 -12.7027 -23.0841 -5.5997 -11.0609 -25.6463 -10.4115 -9.05854 -28.9479 -14.795 -7.15785 -31.0361 -19.9199 -5.39791 -27.789 -24.2268 -4.84512 -23.5236 -27.5706 -4.67359 -19.8341 -31.5266 -4.30087 -15.6244 -34.9367 -4.08243 -12.2221 -35.4598 -4.50645 -8.82653 -35.347 -5.20444 -5.42702 -35.3051 -5.89104 -2.05604 -34.9615 -6.63107 2.8541 -32.5386 -8.28596 7.50273 -29.6902 -10.017 12.3603 -27.1457 -11.6447 16.9445 -24.2408 -13.452 19.1111 -20.2152 -15.669 20.84 -16.0322 -17.9775 22.9093 -12.0511 -20.3618 24.5522 -7.72026 -22.4499 23.744 -1.95246 -22.9748 22.4584 3.74932 -23.1605 21.5481 9.48762 -23.8247 20.2363 15.185 -23.7039 17.694 18.4389 -20.3789 15.0163 20.9511 -16.5543 12.3478 23.9186 -13.0642 -0.0141264 0.0316169 0.0765781 0.109942 -0.0173087 -0.00910083 -0.0287726 -0.0853189 -0.244679 -0.257934 -0.247599 -0.269815 -0.35551 -0.345245 -0.32129 -0.334143 -0.270815 -0.258349 -0.219864 -0.218217 0.0122503 0.0319636 0.084387 0.08411 0.354826 0.312053 0.354115 0.306229 0.417943 0.337946 0.35894 0.289081 0.265706 0.182421 0.103973 0.0622805 -0.20478 -0.223735 -0.291758 -0.275555 -0.690016 -0.688328 -0.780273 -0.857397 -0.693559 -0.68382 -0.611534 -0.643501 -0.38701 -0.528682 -0.512169 -0.922104 0.0468127 0.0620713 0.509538 0.832234 0.0476055 0.105851 0.293042 0.443906 0.00338403 0.109961 0.0963877 0.215684 -0.0225909 0.0240474 -0.00476427 0.077038 -0.254498 -0.141303 -0.00673656 0.071581 -0.426783 -0.256072 0.0712785 0.105561 -0.248031 -0.371782 -0.032341 0.0330379 0.640525 0.458553 0.535474 0.523231 0.372224 0.394894 0.504031 0.572701 0.304439 0.3533 0.360957 0.421343 0.2515 0.302722 0.200843 0.284768 0.216302 0.244813 0.181391 0.207815 0.452383
9.79249 24.2207 -8.85404 8.44247 24.4531 -5.13319 7.35709 24.1893 -1.32869 6.2114 24.0598 2.46503 5.08926 23.7763 6.25738 3.84191 22.1144 11.8055 2.72986 20.2393 17.3143 1.82536 18.6253 22.9425 0.292761 16.5867 28.2898 -2.59839 14.0301 30.4226 -5.79114 11.3937 31.9393 -8.83556 8.86902 33.8894 -12.0472 6.07072 35.0289 -15.8035 2.38932 32.5826 -19.1792 -1.02813 29.3305 -22.8618 -4.609 26.635 -26.1941 -8.06641 23.3808 -26.8912 -9.77871 18.8137 -27.0395 -11.089 14.0662 -27.5385 -12.6034 9.40422 -27.6474 -13.9863 4.67643 -25.8547 -14.5384 -0.165641 -23.6983 -14.8298 -4.88051 -21.8757 -15.1073 -9.73499 -19.5539 -15.6701 -14.3454 -15.5549 -17.1178 -17.0591 -11.3094 -18.704 -19.2755 -7.2785 -20.1716 -21.9307 -2.91326 -21.8179 -23.8503 1.0505 -23.4494 -23.0772 4.81812 -25.0693 -21.6098 8.69222 -26.7718 -20.5774 12.3664 -28.1917 -18.7185 14.89 -28.3519 -13.4367 16.6606 -28.0629 -7.86204 19.0904 -28.1128 -2.53389 20.6956 -27.8031 3.08941 17.8911 -25.8655 7.77137 14.3762 -23.7391 11.8538 11.3148 -21.7884 16.3665 7.89978 -19.6103 20.5058 3.30068 -16.8886 21.5353 -1.40299 -14.1809 21.9397 -6.10321 -11.5375 22.6744 -10.7337 -8.74066 23.2701 -15.0093 -4.85127 22.5469 -19.1824 -0.899483 21.5987 -23.5954 2.76557 20.5871 -27.4815 7.06371 19.9932 -28.1555 10.5293 20.5333 -28.2605 14.016 21.3013 -28.5422 17.5041 22.0163 -27.9172 20.933 22.7958 -23.3975 24.2042 24.3571 -18.3237 26.4739 25.9927 -13.7068 29.4493 27.8371 -8.53204 31.7287 29.0994 -4.06345 30.584 27.8481 -0.0603544 28.6906 26.0489 4.25011 27.1892 24.6306 8.20547 25.3502 22.6766 10.057 22.3397 18.9156 11.1716 19.2485 14.9356 12.8638 16.2447 11.0947 13.7616 13.0929 7.10755 11.2538 10.1626 3.56897 8.05675 7.50031 0.392558 5.32817 4.69222 -3.08146 2.03563 1.99264 -6.1261 -2.30024 0.47406 -6.85669 -6.81617 -0.639063 -6.95272 -11.3104 -1.78534 -7.31375 -15.7254 -3.24243 -7.48088 -20.5772 -6.1976 -6.27204 -25.3653 -9.12332 -4.7716 -30.6097 -11.0438 -3.17507 -34.4307 -15.3061 -2.19643 -31.8051 -19.8561 -3.53961 -27.3896 -22.3314 -5.48679 -23.6034 -25.7423 -7.3416 -19.5752 -28.9555 -9.03132 -16.3563 -29.8139 -9.99743 -13.0547 -30.2069 -10.9859 -9.76206 -30.6353 -11.989 -6.42262 -30.808 -12.9105 -0.966698 -29.5239 -14.0536 4.41437 -27.8694 -15.0681 9.90279 -26.5707 -16.0238 15.174 -24.7028 -17.2268 17.9757 -20.8674 -19.031 20.2363 -16.7377 -20.9422 22.901 -12.8924 -22.9246 25.042 -8.60216 -24.6055 24.2276 -2.81267 -24.7279 22.7768 2.84809 -24.5058 21.7607 8.60143 -24.7605 20.3494 14.2516 -24.2318 17.7647 17.2061 -20.6685 15.0675 19.3747 -16.6521 12.3593 22.0029 -12.9283 -0.104273 -0.0668241 -0.0321263 -0.00518897 -0.123649 -0.108727 -0.122974 -0.16869 -0.321558 -0.32942 -0.308465 -0.325546 -0.421817 -0.413968 -0.386587 -0.401276 -0.342894 -0.32914 -0.289116 -0.279776 -0.017937 0.0146029 0.0699485 0.0834395 0.385937 0.352007 0.400113 0.356043 0.464584 0.381853 0.404277 0.32885 0.282887 0.187387 0.103598 0.0504571 -0.268003 -0.306653 -0.380754 -0.376176 -0.82001 -0.816267 -0.890427 -0.953627 -0.825695 -0.781651 -0.64456 -0.640906 -0.375423 -0.476975 -0.424279 -0.771958 0.431011 0.504978 0.925089 1.28994 0.674859 0.748549 0.888901 1.0309 0.586568 0.687261 0.693703 0.815603 0.555224 0.624033 0.597318 0.690301 0.410293 0.487681 0.513105 0.522641 0.0273752 -0.0267949 0.032587 -0.291561 -0.412966 -0.793568 -0.586538 -0.506517 0.357416 0.175807 0.176284 0.139776 0.00313152 0.00724574 0.110326 0.168561 -0.115215 -0.0629595 -0.0583445 -0.00768964 -0.190522 -0.128384 -0.225185 -0.127591 -0.172658 -0.114748 -0.151302 -0.116593 0.211162
10.0008 21.963 -8.23463 8.68055 22.1673 -4.50143 7.63241 21.912 -0.685909 6.54135 21.7793 3.12378 5.39924 21.5158 6.91162 3.72094 20.0261 12.3947 2.09802 18.3523 17.8412 0.709761 16.9477 23.4269 -1.28969 15.07 28.678 -4.35028 12.5025 30.5446 -7.64595 9.82822 31.7413 -10.8376 7.28118 33.406 -14.1154 4.43943 34.1958 -17.4565 0.742472 31.2264 -20.2842 -2.65175 27.467 -23.4969 -6.25125 24.2464 -26.3012 -9.66682 20.489 -26.3883 -11.075 15.7683 -25.9011 -12.0199 10.9571 -25.7364 -13.2031 6.17694 -25.2834 -14.226 1.37852 -23.3171 -14.2816 -3.42727 -21.0911 -14.0625 -8.11361 -19.1648 -13.8126 -12.9294 -16.73 -13.9057 -17.5149 -12.6731 -15.1817 -20.2288 -8.39475 -16.6742 -22.4471 -4.33832 -18.0162 -25.1298 0.0917128 -19.5414 -27.0003 4.05142 -21.0634 -26.0129 7.75263 -22.5571 -24.2687 11.6011 -24.1358 -22.9765 15.176 -25.445 -20.8605 17.2559 -25.5051 -15.3867 18.527 -25.1164 -9.68335 20.5093 -25.0094 -4.17381 21.6054 -24.6794 1.56933 18.2018 -23.2928 6.04512 14.1252 -21.7908 9.87498 10.5007 -20.4301 14.1824 6.48812 -18.8506 18.0483 1.4979 -16.7266 18.5011 -3.51292 -14.6175 18.2488 -8.57134 -12.6107 18.3198 -13.5318 -10.3719 18.332 -17.8522 -6.55392 17.5021 -22.0099 -2.59905 16.4999 -26.3953 1.03803 15.2871 -30.3476 5.28876 14.7991 -31.163 8.54254 16.0256 -31.3566 11.7249 17.6359 -31.725 14.9347 19.1587 -31.2577 18.0532 20.8357 -27.0999 20.7245 23.8595 -22.4203 22.409 26.8315 -18.1952 24.663 30.0932 -13.3834 26.5426 32.7165 -8.66918 26.1872 32.0137 -4.18555 25.369 30.5736 0.467629 24.8739 29.5995 4.89923 23.9477 28.0673 7.70511 21.5169 24.4819 9.83931 18.886 20.588 12.5234 16.4832 16.892 14.4175 13.6866 12.9896 12.7509 10.245 9.41541 10.284 6.90885 6.22417 8.38551 3.48514 2.74937 5.75545 0.185765 -0.348367 1.58637 -1.6886 -1.21215 -2.84623 -3.08827 -1.40407 -7.2048 -4.65446 -1.84578 -11.5876 -6.18475 -2.15594 -17.1879 -7.54501 -1.43041 -22.7894 -8.54633 -0.262442 -28.2711 -8.71468 1.65351 -33.4385 -11.2937 1.0413 -32.7039 -14.8754 -2.9629 -29.0142 -16.6802 -6.50528 -26.2847 -19.1324 -10.4988 -23.3831 -21.7866 -14.2331 -20.5238 -23.017 -15.7636 -17.4211 -23.947 -17.0048 -14.3349 -24.8871 -18.2792 -11.125 -25.6522 -19.3478 -5.43258 -25.7397 -19.9072 0.281212 -25.5501 -20.1081 5.99407 -25.7592 -20.3158 11.6673 -25.2053 -20.7947 15.2227 -21.7773 -21.9877 18.2006 -17.8762 -23.3037 21.618 -14.3745 -24.6737 24.4403 -10.2945 -25.7707 23.8863 -4.47777 -25.5368 22.5141 1.1837 -25.0234 21.6464 6.96656 -24.9587 20.3896 12.6144 -24.1112 17.8645 15.4265 -20.3932 15.195 17.4255 -16.2717 12.5253 19.8873 -12.4089 -0.178374 -0.133839 -0.0909429 -0.0580048 -0.16339 -0.143414 -0.156353 -0.196581 -0.350279 -0.359049 -0.333536 -0.351051 -0.463412 -0.466059 -0.443666 -0.469402 -0.429465 -0.422982 -0.388199 -0.381004 -0.10417 -0.0683149 -0.0167947 0.00151141 0.323046 0.289608 0.336089 0.285809 0.380494 0.28599 0.299536 0.209132 0.1294 0.00805463 -0.0972142 -0.175643 -0.559928 -0.635408 -0.733292 -0.756175 -1.24733 -1.25212 -1.31273 -1.36902 -1.30838 -1.24362 -1.06101 -1.04297 -0.734985 -0.81027 -0.754766 -1.042 0.335215 0.415919 0.764462 1.12533 0.613514 0.6658 0.755138 0.86835 0.370928 0.459867 0.483614 0.600964 0.316837 0.403762 0.373773 0.471002 0.222736 0.278833 0.246291 0.275638 -0.0124666 0.0171787 0.117285 -0.0917711 0.102107 -0.131747 -0.052171 0.0514996 1.1075 0.922105 0.859684 0.800329 0.657691 0.621893 0.707937 0.738928 0.416173 0.459126 0.456759 0.484611 0.238946 0.291655 0.181642 0.248672 0.14519 0.16472 0.0950175 0.109982 0.507314
10.2167 19.4516 -7.4682 8.89447 19.5827 -3.73241 7.82442 19.2586 0.0718104 6.72857 19.0445 3.87644 5.52141 18.7428 7.64121 3.38868 17.4196 13.0078 1.2408 15.9566 18.332 -0.646036 14.7632 23.8198 -3.13426 13.0516 28.9166 -6.37384 10.4991 30.4765 -9.77195 7.81694 31.3155 -13.116 5.27561 32.6587 -16.4538 2.42143 33.0542 -19.3081 -1.2195 29.5551 -21.4923 -4.50748 25.3044 -24.1477 -8.05139 21.5574 -26.3408 -11.3417 17.3133 -25.7912 -12.3691 12.526 -24.6588 -12.8753 7.75741 -23.8102 -13.6439 2.96509 -22.7834 -14.2467 -1.81604 -20.6757 -13.8277 -6.54331 -18.4142 -13.1353 -11.1663 -16.4208 -12.3919 -15.9032 -13.9002 -12.0444 -20.4298 -9.79194 -13.1641 -23.1355 -5.48596 -14.58 -25.3506 -1.41132 -15.8165 -28.0563 3.0799 -17.2307 -29.8672 7.02371 -18.6316 -28.6613 10.6367 -19.9856 -26.6399 14.4416 -21.4293 -25.087 17.8945 -22.6085 -22.7084 19.4736 -22.5331 -17.0699 20.175 -22.0097 -11.2795 21.6324 -21.7079 -5.61543 22.1707 -21.3236 0.20322 18.2431 -20.4992 4.37869 13.697 -19.6428 7.86322 9.58574 -18.8838 11.8712 5.07101 -17.926 15.3699 -0.159126 -16.4277 15.2275 -5.31585 -14.94 14.3244 -10.5578 -13.6104 13.713 -15.7048 -11.9332 13.1508 -19.9971 -8.06534 12.411 -24.0467 -3.96172 11.5783 -28.3127 -0.176532 10.3927 -32.2561 4.10553 10.1904 -33.2057 7.00945 12.0402 -33.4952 9.70029 14.3712 -33.9492 12.4523 16.6023 -33.6587 15.0652 19.0199 -29.9568 16.8838 23.0885 -25.7513 17.7735 26.9734 -21.9875 19.044 31.1911 -17.6497 20.3265 34.8115 -12.9127 20.9637 34.8237 -8.22492 21.5114 34.0682 -3.5151 22.2845 33.811 1.18119 22.5117 32.9522 4.90357 20.8681 29.7774 8.03456 18.8885 26.1834 11.652 17.3003 22.8622 14.5604 15.0284 19.2543 13.9118 11.173 15.7741 12.332 7.25371 12.6851 11.426 3.32942 9.34174 9.65821 -0.525275 6.27364 5.78123 -2.86895 5.21784 1.51043 -4.6754 4.84604 -2.60757 -6.76175 4.27087 -6.85201 -8.55808 3.63849 -12.6347 -8.83651 3.17494 -18.4357 -8.68656 2.93071 -24.2236 -8.4553 3.35785 -29.8535 -8.83889 1.98489 -30.2106 -10.3492 -3.21064 -28.6707 -11.6797 -8.23731 -28.0802 -12.9083 -13.4858 -26.905 -14.5853 -18.5066 -24.4713 -16.0435 -20.5017 -21.5895 -17.3494 -21.9231 -18.7499 -18.6489 -23.4326 -15.7583 -19.8916 -24.6719 -10.2045 -21.2473 -24.8668 -4.61772 -22.4288 -24.5305 0.875144 -24.0062 -24.2811 6.54466 -24.7654 -24.2686 10.7907 -22.0453 -24.8911 14.5582 -18.7149 -25.6203 18.7256 -15.9153 -26.4028 22.3038 -12.3463 -26.9264 22.3637 -6.53312 -26.2945 21.4389 -0.819742 -25.4572 21.1102 5.00402 -25.0394 20.3389 10.6737 -23.8328 17.9247 13.3707 -19.9592 15.2867 15.2029 -15.7409 12.6785 17.5131 -11.7448 -0.214586 -0.180131 -0.150969 -0.126145 -0.222739 -0.194932 -0.201048 -0.227085 -0.365465 -0.366691 -0.33054 -0.339917 -0.453525 -0.459155 -0.435077 -0.465588 -0.438753 -0.434196 -0.397917 -0.387739 -0.095428 -0.0508864 0.0046897 0.0347281 0.382169 0.356974 0.41025 0.362263 0.454282 0.357308 0.371337 0.276044 0.178574 0.0471754 -0.0651968 -0.152794 -0.575996 -0.675874 -0.786371 -0.824593 -1.3509 -1.3493 -1.37547 -1.40818 -1.40953 -1.31016 -1.07321 -1.02004 -0.611988 -0.644114 -0.578386 -0.800618 0.738895 0.838678 1.14259 1.51332 1.09638 1.13268 1.2032 1.31235 0.799674 0.912955 0.982072 1.13012 0.886259 1.03009 1.02632 1.16091 0.975698 1.03233 0.940034 0.919812 0.610206 0.439386 0.212364 -0.0683913 -0.535345 -0.66318 -0.693507 -0.569068 0.57343 0.401605 0.321551 0.275901 0.165071 0.119326 0.213806 0.246136 -0.0842548 -0.0333223 -0.0238595 -0.00226133 -0.299284 -0.246665 -0.344677 -0.268447 -0.341452 -0.276657 -0.309682 -0.277682 0.15491
10.8455 17.0981 -6.26976 9.54124 17.1358 -2.52553 8.43861 16.732 1.26174 7.33264 16.4304 5.05751 6.05151 16.0612 8.79172 3.42331 14.7658 13.941 0.705801 13.3588 19.014 -1.73024 12.2323 24.2958 -4.73945 10.5339 29.108 -8.09246 7.89728 30.2258 -11.4973 5.11591 30.5672 -14.9142 2.47104 31.4477 -18.2114 -0.453904 31.3194 -20.4497 -3.92813 27.2492 -21.8798 -6.96426 22.5176 -23.8487 -10.3292 18.2221 -25.3267 -13.3511 13.4964 -24.1878 -13.8402 8.72775 -22.4982 -13.7558 4.09998 -21.0398 -13.9461 -0.602605 -19.5083 -13.9897 -5.28555 -17.3349 -13.0518 -9.90746 -15.1087 -11.8607 -14.4452 -13.1255 -10.5946 -19.0744 -10.5841 -9.76792 -23.5267 -6.44146 -10.68 -26.2577 -2.11761 -11.9722 -28.5133 1.95558 -13.0563 -31.2859 6.50713 -14.3051 -33.0676 10.4412 -15.5457 -31.6694 13.9677 -16.7367 -29.4071 17.7187 -17.9774 -27.5729 21.0219 -18.9727 -24.914 22.0036 -18.7773 -19.1443 22.0159 -18.1513 -13.3216 22.8194 -17.6692 -7.54073 22.712 -17.2663 -1.69945 18.3437 -17.1373 2.10068 13.4353 -17.0711 5.17426 8.9169 -17.0521 8.79726 4.02053 -16.8566 11.8841 -1.3304 -16.0408 11.3169 -6.5428 -15.2036 9.99353 -11.8392 -14.5949 8.89891 -17.0925 -13.5043 7.98561 -21.4307 -9.62855 7.68469 -25.4312 -5.40356 7.40474 -29.6634 -1.4673 6.6792 -33.635 2.77844 7.03766 -34.6958 5.29164 9.34305 -35.0908 7.49987 12.1226 -35.6385 9.78955 14.8087 -35.5274 11.9075 17.6823 -32.2842 13.0209 22.3523 -28.5417 13.3056 26.7661 -25.2259 13.848 31.4865 -21.368 14.5879 35.7453 -16.7966 15.6378 36.6647 -12.1689 16.8091 36.9065 -7.62462 18.1081 37.6193 -2.91399 18.9114 37.716 1.54261 17.993 35.2804 5.56959 16.7426 32.304 9.9617 15.9553 29.71 13.7823 14.2902 26.6657 14.1832 10.413 23.1725 13.5267 6.32292 19.9726 13.6382 2.29393 16.6328 12.7612 -1.69365 13.3577 9.19801 -4.13562 11.6319 5.07251 -5.99727 10.5572 1.16867 -8.21167 9.33376 -2.90256 -9.95768 7.91373 -8.38315 -9.24767 6.12873 -13.7955 -7.9292 4.48655 -19.3191 -6.68622 3.19207 -24.6442 -5.84706 1.03202 -26.0595 -6.25619 -4.18637 -26.5387 -6.60385 -9.57647 -27.6771 -6.66091 -14.8777 -28.1338 -7.4619 -20.2208 -26.4758 -9.06883 -22.8088 -24.1986 -10.7078 -24.8481 -21.9915 -12.3135 -26.9883 -19.5059 -13.9769 -28.7446 -14.3355 -16.3942 -29.1221 -9.09529 -18.6566 -28.7445 -4.02912 -21.3083 -28.5904 1.38091 -23.1656 -28.5539 6.07481 -21.2215 -28.6019 10.4108 -18.5728 -28.627 15.0635 -16.5342 -28.745 19.2433 -13.6469 -28.6571 20.0849 -7.98713 -27.4512 19.8567 -2.29771 -26.1181 20.2874 3.45657 -25.1685 20.2193 9.03937 -23.4296 18.0515 11.5743 -19.3086 15.5546 13.2092 -14.9265 13.1335 15.3294 -10.7133 -0.228948 -0.213671 -0.208412 -0.200092 -0.297171 -0.267575 -0.270617 -0.28628 -0.413804 -0.40856 -0.360858 -0.360546 -0.469072 -0.47449 -0.447593 -0.481297 -0.462469 -0.455233 -0.412949 -0.39496 -0.085074 -0.026714 0.0398884 0.0884627 0.470051 0.460254 0.526771 0.488091 0.58994 0.499673 0.514936 0.423756 0.318864 0.185035 0.0728098 -0.0150657 -0.461997 -0.579416 -0.692839 -0.738546 -1.30447 -1.29207 -1.27542 -1.28262 -1.32544 -1.19501 -0.91826 -0.821769 -0.306439 -0.298353 -0.226214 -0.398206 1.27505 1.41254 1.71658 2.1122 1.74598 1.76934 1.81997 1.9211 1.40557 1.51254 1.58341 1.74175 1.53088 1.69357 1.685 1.82736 1.63616 1.66584 1.52277 1.43101 0.97252 0.568097 0.0317481 -0.530425 -0.771788 -1.0533 -1.21316 -1.14839 -0.0314426 -0.20459 -0.298569 -0.345402 -0.463006 -0.535602 -0.442226 -0.422561 -0.789873 -0.748986 -0.737573 -0.738051 -1.11075 -1.0796 -1.16674 -1.08306 -1.12656 -0.993086 -0.962824 -0.903474 -0.460629
12.4704 15.533 -4.7933 11.2585 15.3426 -1.0228 10.1877 14.7279 2.74521 9.13681 14.2147 6.53392 7.85878 13.6257 10.2409 4.93802 12.0063 15.1344 1.87153 10.2819 19.9013 -0.909119 8.85398 24.9341 -4.21501 6.81278 29.4065 -7.50398 3.94453 30.0384 -10.7462 0.961874 29.8462 -14.0583 -1.92539 30.2202 -17.1605 -4.98522 29.5442 -18.8118 -8.10686 24.9425 -19.5954 -10.6599 19.7929 -20.9296 -13.638 14.9968 -21.8002 -16.1697 9.85082 -20.3712 -15.92 5.14208 -18.4658 -15.0614 0.679954 -16.7302 -14.4803 -3.89476 -15.0083 -13.7761 -8.45731 -13.0552 -12.1486 -12.9853 -11.1433 -10.2938 -17.4429 -9.47057 -8.35537 -21.9608 -7.156 -6.85896 -26.3617 -3.01254 -7.26589 -29.2109 1.34615 -8.12995 -31.6002 5.41144 -8.76006 -34.5208 10.0305 -9.55346 -36.3878 14.0242 -10.4828 -34.9191 17.5375 -11.3977 -32.5124 21.3363 -12.3688 -30.6152 24.6124 -13.1632 -27.8571 25.1991 -13.0551 -22.0317 24.721 -12.5868 -16.2138 25.0624 -12.1574 -10.3832 24.5193 -11.9858 -4.55482 19.9716 -12.7993 -1.06238 14.95 -13.7513 1.66166 10.2743 -14.7149 4.94078 5.25291 -15.5112 7.71437 -0.145249 -15.469 7.0228 -5.40204 -15.3417 5.61861 -10.6936 -15.5087 4.35653 -16.0419 -15.0896 3.43996 -20.588 -11.4898 3.99335 -24.7064 -7.43131 4.70154 -29.1072 -3.6205 4.90888 -33.2175 0.301631 6.19382 -34.2898 2.329 8.93174 -34.6631 4.01471 12.0585 -35.1835 5.78686 15.1157 -35.1361 7.40881 18.2974 -32.1598 8.05746 23.2256 -28.6938 8.03399 27.8685 -25.6206 8.16083 32.7785 -22.0777 8.58326 37.3434 -17.7798 9.90369 38.9651 -13.3909 11.4662 40.0336 -9.1489 13.0859 41.5265 -4.60302 14.2767 42.3992 0.242235 13.952 40.6513 4.79016 13.3068 38.2978 9.59853 13.1282 36.4303 13.9639 12.0448 33.8992 15.0921 8.55407 30.1659 15.0833 4.74908 26.5712 15.8784 1.02553 22.9793 15.6729 -2.61127 19.2206 12.4943 -4.70365 16.5455 8.6334 -6.23325 14.4493 5.03012 -8.12936 12.1996 1.274 -9.50361 9.82431 -3.83034 -8.20663 7.37697 -8.86581 -6.30969 5.19222 -14.0061 -4.52679 3.16093 -19.0052 -3.04219 0.605162 -21.2145 -2.70843 -4.33541 -22.8768 -2.33414 -9.48306 -24.9826 -1.64037 -14.4314 -26.5595 -1.73766 -19.618 -25.7796 -3.20461 -22.6625 -24.3571 -4.84542 -25.3671 -23.0276 -6.43061 -28.1509 -21.2475 -8.19854 -30.5456 -16.5452 -11.1924 -31.8274 -11.6192 -14.0719 -32.232 -6.97146 -17.3192 -32.99 -1.8634 -19.7997 -33.6784 3.02331 -18.432 -33.4251 7.63002 -16.3404 -32.9557 12.4891 -14.8733 -32.7231 16.9497 -12.5256 -32.0857 18.3994 -7.27777 -29.9515 18.8014 -1.89402 -27.7037 19.8456 3.53597 -25.8001 20.4095 8.73761 -23.1882 18.6402 10.9186 -18.6915 16.4726 12.2705 -14.0457 14.4236 14.0805 -9.50321 -0.252376 -0.246987 -0.252726 -0.254288 -0.360004 -0.33788 -0.348493 -0.372409 -0.516362 -0.515728 -0.463192 -0.463106 -0.5761 -0.583473 -0.558675 -0.598801 -0.580981 -0.568493 -0.520682 -0.492848 -0.162685 -0.0843518 0.000781154 0.0748088 0.498435 0.50602 0.579632 0.554506 0.684465 0.59936 0.620326 0.531137 0.417012 0.270751 0.148288 0.0499186 -0.439041 -0.580403 -0.697313 -0.753268 -1.37667 -1.36085 -1.31085 -1.30045 -1.33403 -1.17687 -0.874814 -0.733518 -0.125835 -0.0937296 -0.0300055 -0.171763 1.59312 1.74895 2.05139 2.46013 2.10561 2.10914 2.13576 2.21413 1.67037 1.74798 1.79392 1.93961 1.71484 1.85933 1.84083 1.96504 1.69988 1.69803 1.55436 1.44016 0.909928 0.475877 -0.0874918 -0.677344 -0.77778 -1.07477 -1.24471 -1.18589 -0.0622727 -0.222936 -0.315335 -0.366992 -0.498333 -0.586221 -0.498926 -0.495289 -0.90961 -0.895391 -0.898187 -0.926573 -1.38742 -1.39393 -1.47666 -1.41281 -1.51628 -1.36141 -1.29526 -1.22592 -0.766075
15.7836 16.9195 -3.80547 14.8507 16.2142 -0.0167959 14.0261 15.1076 3.70041 13.2298 14.0993 7.45157 12.1964 13.0107 11.1215 9.56099 10.6772 15.887 6.75869 8.24907 20.5077 4.22363 6.10372 25.4139 1.22393 3.37317 29.7318 -1.78164 0.182437 30.2106 -4.7572 -3.05542 29.8825 -7.7785 -6.25922 30.1129 -10.6577 -9.5 29.3064 -12.4284 -12.3242 24.5592 -13.4552 -14.4861 19.275 -14.9482 -17.1343 14.3345 -16.0597 -19.2768 9.05974 -15.1266 -18.5175 4.28173 -13.7649 -17.1407 -0.249109 -12.5591 -16.044 -4.89894 -11.3607 -14.8212 -9.51913 -9.94761 -12.644 -14.0168 -8.57499 -10.2495 -18.4155 -7.45619 -7.79985 -22.8555 -5.65578 -5.7119 -27.2559 -1.73041 -5.37736 -30.4074 2.49246 -5.49671 -33.1653 6.35632 -5.39074 -36.4077 10.8732 -5.43538 -38.6542 15.0614 -5.88764 -37.5477 18.8528 -6.43987 -35.4756 22.8917 -6.98433 -33.9379 26.4559 -7.46106 -31.4803 27.4654 -7.54129 -25.7126 27.3597 -7.40547 -19.8589 28.0723 -7.20207 -14.0497 27.9535 -7.36617 -8.19701 23.8485 -8.93265 -4.42403 19.2375 -10.6735 -1.38242 15.0088 -12.4277 2.1649 10.3842 -13.9768 5.28827 4.95304 -14.3186 5.21218 -0.433817 -14.4884 4.45418 -5.81651 -14.9678 3.80741 -11.2525 -14.9056 3.54978 -15.9747 -11.7826 4.92092 -20.2939 -8.18262 6.44324 -24.8999 -4.77283 7.48772 -29.1803 -1.40838 9.55836 -30.3014 0.100088 12.5955 -30.7264 1.2789 15.9402 -31.3042 2.53834 19.2323 -31.2988 3.68706 22.6141 -28.2557 3.88497 27.5403 -24.6902 3.50366 32.0912 -21.5345 3.19155 36.9403 -17.9035 3.28158 41.4543 -13.6341 4.7473 43.0257 -9.31519 6.53604 44.0226 -5.12411 8.31982 45.4715 -0.633546 9.76745 46.2357 4.09725 10.0108 44.1869 8.50791 9.96789 41.5068 13.178 10.344 39.3414 17.438 9.90248 36.4615 18.6303 7.02009 32.2584 18.7577 3.72893 28.1901 19.6502 0.566354 24.1157 19.5752 -2.53464 19.8997 16.5337 -4.42556 16.9313 12.8044 -5.88862 14.5667 9.35446 -7.66576 12.0016 5.6987 -8.94485 9.4251 0.42596 -7.78577 7.2849 -4.83638 -6.09108 5.50642 -10.1736 -4.51879 3.84215 -15.3809 -3.17444 1.65059 -17.972 -2.52828 -3.06851 -20.0691 -1.78515 -8.01338 -22.5923 -0.791567 -12.7088 -24.5727 -0.488412 -17.7471 -24.0302 -1.53781 -21.0079 -22.8392 -2.7559 -24.0292 -21.7478 -3.91908 -27.1091 -20.156 -5.2713 -29.878 -15.4762 -7.74929 -32.0406 -10.4801 -10.1971 -33.3701 -5.78745 -12.9842 -35.0825 -0.656845 -14.9948 -36.6164 4.15831 -13.3758 -36.5285 8.66721 -11.0775 -36.0764 13.4361 -9.32718 -35.9692 17.8243 -6.84807 -35.3269 19.3674 -1.93179 -32.562 19.9395 3.06656 -29.5807 21.0905 8.17632 -26.9799 21.838 12.9509 -23.6873 20.5155 14.4313 -18.7713 18.8393 15.0741 -13.7826 17.2723 16.1781 -8.83955 -0.236198 -0.237989 -0.245757 -0.255004 -0.384229 -0.379006 -0.406303 -0.460534 -0.65915 -0.676927 -0.629852 -0.644052 -0.771442 -0.774119 -0.750348 -0.787372 -0.736756 -0.710134 -0.658113 -0.616357 -0.256788 -0.154692 -0.0486767 0.0502985 0.511917 0.534051 0.602936 0.594351 0.77832 0.712185 0.731825 0.661608 0.575178 0.42208 0.292325 0.185371 -0.345164 -0.497541 -0.606291 -0.664797 -1.3301 -1.32242 -1.2782 -1.26682 -1.24389 -1.07412 -0.775581 -0.600377 0.088208 0.146267 0.20413 0.0743433 1.87322 2.01348 2.28294 2.66884 2.30146 2.27825 2.28162 2.33654 1.74305 1.78652 1.81848 1.93282 1.62504 1.7447 1.74345 1.85627 1.54644 1.53705 1.40357 1.28574 0.736073 0.294103 -0.273182 -0.864297 -0.938526 -1.21526 -1.35749 -1.26602 -0.0958134 -0.228262 -0.307778 -0.346386 -0.440084 -0.514259 -0.442569 -0.439765 -0.844306 -0.845628 -0.866167 -0.904842 -1.3885 -1.41905 -1.50762 -1.45637 -1.61766 -1.46904 -1.3924 -1.32864 -0.902245
21.6657 19.0831 -4.06737 20.9019 17.8402 -0.380441 20.1301 16.2304 3.16003 19.4029 14.7068 6.74772 18.4665 13.121 10.2591 16.0197 10.1863 14.7869 13.4032 7.17852 19.1694 11.0103 4.38855 23.8159 8.24737 1.14799 27.9345 5.41612 -2.17505 28.5551 2.55925 -5.53374 28.5064 -0.268957 -8.88973 28.9351 -3.14928 -12.1949 28.4632 -5.9284 -15.0156 24.2243 -8.23467 -17.2446 19.3908 -10.8612 -19.9067 14.9564 -13.191 -22.1161 10.1254 -13.4428 -21.5991 5.23195 -13.2564 -20.5159 0.428899 -13.2884 -19.7222 -4.43382 -13.1774 -18.7245 -9.2576 -12.2205 -16.5154 -13.8586 -11.1513 -14.0489 -18.3014 -10.3863 -11.5952 -22.8135 -8.95747 -9.36519 -27.2801 -5.23578 -8.36021 -30.5344 -1.15011 -7.69359 -33.4181 2.56338 -6.87382 -36.7334 6.90904 -6.1285 -39.185 11.2011 -5.88261 -38.4864 15.252 -5.79242 -36.888 19.466 -5.65163 -35.7944 23.351 -5.536 -33.8287 25.3861 -5.49058 -28.338 26.4471 -5.42809 -22.579 28.2465 -5.21177 -17.0102 29.2656 -5.37307 -11.2457 26.0847 -7.08918 -6.72051 22.2839 -9.015 -2.79774 18.9619 -10.9812 1.51975 15.1384 -12.6425 5.53996 9.8257 -12.5927 6.72009 4.41768 -12.2668 7.23797 -0.980606 -12.2449 7.92996 -6.32743 -11.8018 8.84371 -10.9641 -8.71986 10.5571 -15.3107 -5.24258 12.274 -19.8546 -1.85112 13.6095 -24.1789 1.30732 15.9016 -25.6399 2.34772 18.9902 -26.5518 2.99471 22.3825 -27.6151 3.72564 25.7131 -27.9861 4.35359 29.2094 -25.1527 3.86395 34.2392 -21.6978 2.83498 38.7751 -18.8074 1.8164 43.6924 -15.1802 1.31125 48.1819 -10.6666 2.54387 49.1583 -6.17448 4.17279 49.2792 -1.71842 5.75934 49.967 2.88146 7.05673 49.9149 7.07718 7.36364 46.9251 10.7839 7.42537 43.3342 14.8389 7.84017 40.1681 18.4468 7.57639 36.487 19.1786 5.02494 31.9758 19.0691 2.05932 27.664 19.6162 -0.766347 23.2919 19.2605 -3.54013 18.8675 16.169 -5.32902 15.8875 12.4579 -6.79609 13.4968 9.02148 -8.52395 10.8805 5.33174 -9.79867 8.35068 -0.159279 -8.95134 6.66046 -5.672 -7.62763 5.40133 -11.2442 -6.41575 4.30152 -16.6718 -5.40667 2.49879 -19.0706 -4.80249 -2.32636 -20.8287 -4.06263 -7.40219 -23.1269 -3.15662 -12.2291 -24.7429 -2.76908 -17.3901 -23.7649 -3.35482 -20.6657 -22.1169 -4.00726 -23.647 -20.5622 -4.62027 -26.6863 -18.6027 -5.32689 -29.4595 -13.5937 -6.56932 -31.9262 -8.29795 -7.81406 -33.6941 -3.19829 -9.36133 -35.7726 2.11807 -10.1905 -37.7138 6.62315 -7.88661 -38.1732 10.8243 -5.03372 -38.3403 15.2488 -2.59701 -38.8912 19.3839 0.35087 -38.7294 21.2088 4.90212 -35.5432 22.2202 9.39429 -31.9382 23.7036 14.0991 -28.7977 24.878 18.3598 -24.9684 24.257 19.0432 -19.7478 23.3115 18.8662 -14.5339 22.5027 19.1524 -9.30205 -0.384722 -0.387754 -0.387398 -0.393768 -0.531614 -0.5326 -0.572504 -0.64728 -0.869408 -0.900978 -0.873117 -0.897636 -1.00657 -0.995105 -0.974895 -0.995552 -0.879166 -0.837097 -0.788696 -0.735632 -0.337617 -0.219267 -0.104798 0.00579601 0.493905 0.523763 0.577209 0.581737 0.830645 0.789681 0.804653 0.765808 0.742742 0.591519 0.460009 0.353113 -0.191856 -0.336537 -0.432195 -0.486561 -1.14915 -1.16116 -1.16356 -1.18404 -1.13587 -1.00528 -0.768699 -0.606887 0.143804 0.238795 0.307259 0.203154 2.05516 2.19221 2.42006 2.77459 2.39784 2.35994 2.34201 2.38568 1.7686 1.79252 1.8204 1.90691 1.51173 1.6072 1.62277 1.72669 1.3898 1.37649 1.25255 1.13962 0.597295 0.171777 -0.373779 -0.940425 -1.02646 -1.27979 -1.40542 -1.29163 -0.0797399 -0.193551 -0.267384 -0.28966 -0.323598 -0.372332 -0.316797 -0.298542 -0.643309 -0.642678 -0.680775 -0.71191 -1.17763 -1.2396 -1.35372 -1.33788 -1.59766 -1.48874 -1.42891 -1.38852 -0.838833
25.6136 15.2084 -4.36581 24.7505 14.0709 -0.666845 23.656 12.6307 2.86152 22.6697 11.2834 6.45781 21.3916 9.82358 9.91563 17.9755 6.99694 13.8448 14.3095 4.09621 17.4842 10.8411 1.39109 21.453 7.14 -1.70965 24.886 4.09458 -4.89358 25.0636 1.15214 -8.15023 24.6382 -1.81445 -11.4128 24.6434 -4.79478 -14.5639 23.8488 -7.61359 -17.2076 19.523 -9.9881 -19.3416 14.6797 -12.6727 -21.8747 10.2046 -15.0511 -23.9515 5.33859 -15.3025 -23.3623 0.453321 -15.1055 -22.2279 -4.33746 -15.1385 -21.3924 -9.19315 -15.0029 -20.3005 -13.9958 -13.9205 -17.8292 -18.4327 -12.6989 -15.0779 -22.6639 -11.7735 -12.374 -26.9995 -10.2304 -9.82408 -31.2516 -6.49282 -8.25331 -34.2541 -2.40368 -6.95848 -36.9103 1.3345 -5.51128 -39.9737 5.65886 -4.20552 -42.2199 9.92877 -3.74257 -41.4959 13.9976 -3.54601 -39.9535 18.2152 -3.25919 -38.9036 22.0993 -3.0283 -36.9461 24.094 -3.04048 -31.4404 25.0896 -3.07842 -25.6696 26.8371 -2.90244 -20.0828 27.7895 -3.20778 -14.3127 24.5984 -5.39883 -10.0049 20.7895 -7.83481 -6.38532 17.4281 -10.3398 -2.3892 13.6274 -12.443 1.44128 8.44764 -12.2323 3.0984 3.1574 -11.6347 4.22857 -2.13165 -11.3707 5.48432 -7.3322 -10.7152 6.94871 -11.6802 -7.57638 9.22358 -15.7221 -4.06054 11.5115 -19.9045 -0.534259 13.5129 -24.0362 2.53303 16.2424 -25.9304 3.06206 19.2238 -27.5001 3.08051 22.4322 -29.181 3.18881 25.5818 -30.2696 3.19376 28.9835 -28.8437 1.94548 34.4586 -26.7789 0.277136 39.6087 -25.3832 -1.47435 44.9525 -23.0165 -2.60446 50.1187 -18.8193 -1.43692 52.0849 -14.4763 0.281425 53.1014 -10.2801 1.89268 54.727 -5.77612 3.25326 55.5685 -1.20331 3.72732 53.223 2.92882 3.92794 50.1369 7.36823 4.44907 47.5563 11.4291 4.40597 44.3713 12.7832 2.31724 39.7669 13.3022 -0.183692 35.1981 14.4327 -2.60294 30.6961 14.7839 -4.81406 25.9649 12.4307 -5.81803 22.0801 9.4281 -6.49488 18.5922 6.72666 -7.4196 14.9198 3.73735 -7.93153 11.3927 -1.23978 -6.50006 8.76512 -6.33358 -4.69706 6.637 -11.4584 -2.96171 4.52724 -16.4391 -1.42017 1.96938 -19.0064 -0.562415 -2.72891 -21.1615 0.369411 -7.61651 -23.7079 1.4962 -12.2691 -25.7139 2.09226 -17.2709 -25.2638 1.513 -20.6607 -24.2109 0.812641 -23.8904 -23.252 0.160711 -27.1593 -21.831 -0.676319 -30.2104 -17.4041 -2.51528 -33.3311 -12.6036 -4.43368 -35.7796 -8.12239 -6.6111 -38.59 -3.21187 -8.10002 -41.1176 1.60723 -6.50771 -41.3529 6.19217 -4.33466 -41.0831 10.9417 -2.53853 -41.2648 15.5016 -0.351275 -40.7767 18.292 3.34396 -37.2054 20.3797 7.07845 -33.2188 22.8747 10.9575 -29.6236 25.1165 14.4679 -25.519 25.4383 15.0231 -20.2563 25.4322 14.9479 -14.9551 25.6505 15.2566 -9.667 -0.285065 -0.308622 -0.324552 -0.341378 -0.479122 -0.466445 -0.492101 -0.538729 -0.705673 -0.719622 -0.684203 -0.689706 -0.764161 -0.735609 -0.704952 -0.711448 -0.575377 -0.520807 -0.460525 -0.393174 0.0273588 0.165877 0.294865 0.424523 0.956079 0.999208 1.04575 1.06066 1.33814 1.29699 1.3006 1.25454 1.21535 1.04216 0.890413 0.764667 0.180094 0.0242548 -0.0671345 -0.124085 -0.814059 -0.837723 -0.861305 -0.916069 -0.907646 -0.856125 -0.723284 -0.620833 0.173895 0.29711 0.375674 0.326666 2.3339 2.5261 2.75933 3.11764 2.69567 2.61479 2.54537 2.53189 1.85261 1.82028 1.79497 1.8418 1.40247 1.45546 1.44684 1.51125 1.07569 1.02186 0.899707 0.758213 0.114866 -0.334711 -0.885753 -1.4662 -1.5029 -1.76935 -1.89929 -1.78942 -0.567033 -0.676153 -0.748033 -0.768784 -0.801786 -0.851572 -0.790633 -0.771085 -1.13737 -1.14602 -1.17551 -1.22006 -1.76598 -1.85201 -1.94814 -1.93156 -2.2417 -2.07743 -1.94458 -1.88297 -1.45716
27.6983 13.8082 -4.86503 27.2219 13.0476 -1.003 26.391 12.0515 2.74382 25.7378 11.164 6.55264 24.6255 10.0688 10.1974 20.809 7.5452 13.9608 16.6429 4.91953 17.2544 12.7172 2.48833 20.9661 8.55082 -0.307304 24.1162 5.21616 -3.18981 23.9954 2.0273 -6.14357 23.2531 -1.2101 -9.12038 22.933 -4.43262 -11.9385 21.8761 -7.42204 -14.1499 17.4241 -9.94961 -15.9093 12.5083 -12.8111 -18.0496 7.93873 -15.3239 -19.7187 2.98412 -15.479 -18.8431 -1.86205 -15.1278 -17.4543 -6.57642 -15.0336 -16.3547 -11.3784 -14.7521 -14.9867 -16.1034 -13.4209 -12.2438 -20.3069 -11.9249 -9.22545 -24.2587 -10.7098 -6.2208 -28.3159 -8.93681 -3.45003 -32.3338 -5.17402 -1.99327 -35.3622 -1.09636 -0.874095 -38.114 2.66285 0.445336 -41.2092 6.96761 1.55236 -43.5954 11.3064 1.70714 -43.2462 15.5251 1.61858 -42.1659 19.8378 1.67901 -41.5575 23.9095 1.46108 -40.0261 26.4486 0.218773 -34.8976 28.0107 -1.11244 -29.4128 30.3336 -2.2015 -24.1483 31.8132 -3.77679 -18.7055 28.8181 -6.68693 -14.6929 25.1102 -9.65233 -11.3761 21.8914 -12.7973 -7.73033 18.2266 -15.4762 -4.13396 13.1658 -15.2919 -2.14041 7.99794 -14.5843 -0.586809 2.82902 -14.2118 1.07572 -2.25709 -13.5695 2.90295 -6.77164 -10.9646 5.50413 -11.0798 -8.05925 8.13688 -15.4899 -5.10614 10.5373 -19.8413 -2.62948 13.5143 -21.9569 -2.44096 16.3857 -23.8054 -2.75078 19.4263 -25.7495 -2.99703 22.4124 -27.1856 -3.20155 25.6762 -26.5347 -4.08863 31.3646 -25.2508 -5.24861 36.8943 -24.5906 -6.61248 42.4868 -23.0568 -7.2121 48.0417 -19.5435 -5.308 50.6639 -15.8033 -2.86021 52.3571 -12.298 -0.541398 54.6337 -8.31778 1.60633 56.1797 -3.59231 2.92663 54.5786 0.871849 3.8919 52.1748 5.51092 5.20558 50.333 9.94486 5.96559 47.8033 12.22 4.44223 43.3424 13.7396 2.3956 38.7707 15.8718 0.510532 34.3777 17.1435 -1.25844 29.6185 15.2691 -2.2128 25.4697 12.6077 -2.9432 21.7249 10.3464 -3.9179 17.7783 7.64279 -4.38948 14.0224 2.59912 -2.74989 11.6564 -2.57686 -0.716677 9.98241 -7.75192 1.25115 8.22937 -12.8482 3.00802 6.06891 -16.008 3.83784 1.74135 -18.8334 4.7025 -2.80515 -21.9676 5.77677 -7.09729 -24.6795 6.31342 -11.7616 -24.9622 5.63105 -15.1503 -24.6971 4.76725 -18.499 -24.5165 3.95408 -21.8659 -23.8577 2.92677 -25.1124 -20.4298 0.582901 -29.0461 -16.5265 -1.8765 -32.4277 -13.0907 -4.52653 -36.1551 -8.96621 -6.61083 -39.526 -3.94734 -5.94883 -39.9586 0.981326 -4.74827 -39.6695 5.99578 -3.95969 -39.8933 10.8866 -2.63915 -39.5043 14.2164 0.843984 -36.1914 16.81 4.53616 -32.4713 19.7748 8.28604 -29.1029 22.6124 11.7222 -25.3166 24.0191 12.5396 -20.2707 25.2224 12.8476 -15.1166 26.6521 13.4969 -10.0529 -0.0193387 -0.0563833 -0.0858615 -0.110949 -0.24419 -0.217061 -0.224347 -0.241149 -0.350727 -0.336707 -0.284834 -0.260069 -0.275322 -0.21372 -0.158558 -0.132516 0.0507131 0.132124 0.214392 0.303929 0.747427 0.900287 1.03747 1.17253 1.70356 1.74134 1.78429 1.79345 2.05387 2.00809 2.02109 1.96295 1.84332 1.62208 1.44844 1.26998 0.561508 0.381883 0.291195 0.218769 -0.513505 -0.566337 -0.629456 -0.727645 -0.743537 -0.755072 -0.702119 -0.656269 0.12407 0.230849 0.28613 0.230362 2.24712 2.41149 2.61873 2.93281 2.38434 2.24155 2.14502 2.07781 1.3092 1.23717 1.19324 1.21964 0.759441 0.809403 0.80633 0.871547 0.418155 0.360863 0.235736 0.0819674 -0.618679 -1.10276 -1.68126 -2.28303 -2.31814 -2.54673 -2.60629 -2.42182 -1.14329 -1.20414 -1.22803 -1.21841 -1.22641 -1.23321 -1.12672 -1.07015 -1.42569 -1.42987 -1.43876 -1.48082 -2.04115 -2.11056 -2.17643 -2.13143 -2.45062 -2.24096 -2.05652 -1.9801 -1.83552
27.7746 15.1319 -6.77031 27.1434 14.8265 -2.86784 26.165 14.2999 0.938328 25.3616 13.8617 4.79629 24.0874 13.2338 8.49806 20.0205 11.3713 12.3825 15.6132 9.37886 15.8038 11.4675 7.59253 19.6406 7.02484 5.44021 22.9159 3.37844 2.9613 22.8696 -0.122647 0.373075 22.171 -3.67286 -2.22618 21.8804 -7.21359 -4.67591 20.9288 -10.6994 -6.64514 16.7313 -13.7593 -8.24957 12.0717 -17.1517 -10.1359 7.76094 -20.1663 -11.7062 3.06048 -20.5513 -11.3768 -1.84048 -20.4077 -10.6886 -6.71723 -20.5859 -10.2664 -11.623 -20.424 -9.48447 -16.485 -18.6481 -7.14292 -20.7661 -16.5835 -4.47933 -24.7167 -14.8436 -1.84622 -28.8404 -12.5451 0.553132 -32.8309 -8.36424 1.7243 -35.4 -3.89392 2.60084 -37.5681 0.344893 3.72535 -40.0622 4.93013 4.45562 -42.0353 9.24053 3.85216 -41.8702 13.4286 2.88588 -41.1639 17.6905 2.05327 -40.824 21.8024 1.11388 -39.7372 25.2251 -0.472992 -35.2584 27.9979 -2.03739 -30.3432 31.3812 -3.56372 -25.8133 33.9375 -5.20001 -20.8051 31.7127 -6.65128 -15.6587 28.6436 -7.96693 -10.9266 26.1475 -9.4961 -5.92923 23.1277 -10.6583 -1.12592 18.2495 -9.89458 1.16313 13.1821 -8.79419 2.81618 8.17824 -7.79578 4.70973 3.17806 -6.87167 6.65015 -2.24453 -6.20226 8.67046 -7.68925 -5.56117 10.6397 -13.1921 -4.82024 12.4015 -18.4831 -4.37256 14.7969 -20.7724 -4.92301 17.4827 -22.6184 -5.9447 20.3649 -24.6626 -6.97109 23.1083 -26.4204 -7.52438 26.168 -25.447 -8.41791 31.8093 -24.07 -9.66755 37.297 -23.2238 -11.0213 42.8669 -21.6059 -11.649 48.3949 -18.2615 -9.75308 51.235 -14.7229 -7.27541 53.2813 -11.4266 -4.96325 55.8572 -7.60013 -2.72628 57.6458 -2.97441 -1.01043 56.1307 1.36815 0.409802 53.7298 5.86091 2.18685 51.9141 10.2304 3.3209 49.4125 12.6502 1.83809 45.0145 14.3101 -0.272214 40.5211 16.5272 -2.2234 36.1996 18.0461 -3.95483 31.4995 16.721 -4.64374 27.0942 14.6912 -5.08914 22.9323 13.0496 -5.81133 18.6402 10.9539 -5.95678 14.4899 6.75491 -3.47591 11.3376 2.44489 -0.48529 8.84662 -1.8133 2.4405 6.19474 -6.08951 5.08802 3.29149 -9.99395 5.68483 -0.423155 -13.8779 6.00117 -4.19327 -17.9085 6.64261 -7.76284 -21.5395 6.80691 -11.7861 -22.5498 5.95445 -14.9925 -23.0683 4.89809 -18.2551 -23.6805 3.88248 -21.5145 -23.6533 2.7575 -24.7951 -20.587 0.806749 -29.2121 -16.858 -1.09393 -33.1109 -13.6923 -3.22098 -37.3741 -9.78759 -4.85449 -41.2216 -4.78663 -4.14623 -41.7719 0.150059 -2.97552 -41.4979 5.15656 -2.1538 -41.774 10.0685 -0.893376 -41.4601 13.7067 2.26706 -38.1478 16.7077 5.61574 -34.4091 20.0628 9.00548 -31.0254 23.2371 12.1338 -27.2394 24.5695 13.1242 -22.2045 25.5981 13.7034 -17.0359 26.9069 14.5345 -11.9661 -0.239201 -0.216377 -0.191029 -0.167703 -0.244474 -0.201052 -0.206426 -0.212959 -0.288494 -0.270547 -0.230723 -0.203082 -0.19078 -0.127972 -0.0770984 -0.0417666 0.153815 0.230928 0.310083 0.395415 0.829202 0.971991 1.09766 1.21754 1.7318 1.75535 1.78586 1.79427 2.04991 2.00477 2.03899 2.0057 1.94665 1.81303 1.72628 1.63346 1.1138 1.03728 0.998058 0.992372 0.4042 0.381024 0.305392 0.22211 0.317987 0.299463 0.226616 -0.0452026 0.198375 -0.27282 -0.910903 -1.64883 -0.453273 -0.834195 -0.846114 -0.557155 -1.03048 -1.11831 -1.16424 -1.18753 -1.91714 -1.94613 -1.93573 -1.86385 -2.27193 -2.18047 -2.15338 -2.07775 -2.54521 -2.58023 -2.60774 -2.55909 -2.78814 -2.51396 -2.13343 -1.74883 -0.980028 -0.631326 -0.284668 0.143776 1.53384 1.53968 1.56737 1.58617 1.54972 1.53071 1.61273 1.64195 1.25615 1.21374 1.17209 1.10074 0.488466 0.364374 0.220857 0.126414 -0.419653 -0.4299 -0.438289 -0.452499 -0.0587252
24.9935 15.0633 -9.34605 24.5681 14.7427 -5.41702 23.7924 14.2057 -1.56584 23.1907 13.7623 2.3281 22.1241 13.0984 6.08875 18.3483 11.0486 10.1679 14.2167 8.84873 13.7996 10.342 6.88943 17.8304 6.19541 4.50175 21.3236 2.81288 1.67769 21.4865 -0.414936 -1.287 21.0002 -3.66903 -4.26206 20.932 -6.99449 -7.05505 20.1678 -10.5156 -9.20513 16.0902 -13.6597 -10.909 11.5228 -17.0993 -12.9787 7.3353 -20.1979 -14.6104 2.71104 -20.7849 -13.8349 -2.11908 -20.8484 -12.5735 -6.88162 -21.2699 -11.5877 -11.6907 -21.2411 -10.3419 -16.4576 -19.1673 -7.96599 -20.5829 -16.6914 -5.40097 -24.3586 -14.5296 -2.87155 -28.3452 -11.9433 -0.428961 -32.1279 -7.81154 1.40475 -34.3679 -3.44025 3.10233 -36.2286 0.72661 4.97272 -38.3714 5.21878 6.48999 -40.0946 9.57199 6.62227 -40.0369 13.8962 6.39298 -39.5663 18.2491 6.30976 -39.4333 22.5011 6.06969 -38.5196 26.2908 4.98799 -34.1883 29.4438 3.78862 -29.4013 33.2145 2.64206 -25.0695 36.1084 1.48441 -20.1117 33.9945 0.77977 -14.7662 30.9345 0.247189 -9.87782 28.4918 -0.402637 -4.66686 25.5056 -0.952338 0.26486 20.4776 -0.980591 2.34783 15.2213 -0.944709 3.75897 10.0269 -0.969243 5.38316 4.88 -0.911246 7.15153 -0.371064 -0.285095 9.59445 -5.58769 0.439622 12.0834 -10.8896 1.19385 14.3756 -15.98 1.7062 17.1607 -18.2795 1.32489 19.8671 -20.2636 0.56435 22.7381 -22.4155 -0.153131 25.4972 -24.2204 -0.607072 28.5457 -23.958 -2.31141 34.0771 -23.4355 -4.39147 39.4597 -23.4209 -6.46173 44.8713 -22.5016 -8.05628 50.3651 -19.0731 -7.43688 53.6373 -15.2418 -6.26682 56.2449 -11.7373 -5.29564 59.347 -7.66846 -4.27858 61.6392 -2.73794 -3.23726 60.5247 1.88946 -2.2982 58.4404 6.72328 -1.20546 56.9985 11.3216 -0.404094 54.7962 13.6672 -0.893854 50.1428 15.2257 -1.71793 45.2143 17.2914 -2.50222 40.4693 18.826 -3.04594 35.4948 17.9706 -2.71085 30.9349 16.5551 -2.1423 26.5404 15.469 -1.66175 22.0429 13.9687 -1.15072 17.6697 9.92387 -0.189787 13.6153 5.55596 0.849064 9.93216 1.3579 1.97609 6.08129 -2.90494 2.86727 2.23983 -7.2867 2.14787 -0.871655 -11.7319 1.22633 -3.83632 -16.2937 0.542643 -6.68619 -20.4304 -0.487346 -10.0364 -21.8104 -1.72185 -12.969 -22.7527 -3.05122 -16.0308 -23.7859 -4.36499 -19.0699 -24.1116 -5.62786 -22.2836 -21.367 -7.01639 -27.1061 -17.8604 -8.15408 -31.4798 -14.9353 -9.66374 -36.158 -11.3164 -10.5112 -40.5058 -6.70424 -8.7224 -41.6644 -2.17233 -6.44547 -41.9712 2.42977 -4.48369 -42.8592 6.95586 -2.18834 -43.1057 10.3801 1.41032 -40.0203 13.2345 5.01704 -36.409 16.3857 8.75674 -33.2024 19.4185 12.198 -29.5753 20.9794 13.1897 -24.6067 22.2938 13.707 -19.4967 23.8628 14.4968 -14.4945 -0.348521 -0.324057 -0.29386 -0.271079 -0.361026 -0.327412 -0.338953 -0.358451 -0.473888 -0.472533 -0.436891 -0.424411 -0.438712 -0.381396 -0.332726 -0.298967 -0.0819313 0.0153343 0.109502 0.221662 0.692574 0.845777 0.975122 1.09557 1.62832 1.65831 1.67799 1.69418 2.00171 1.97894 2.01876 2.01462 2.00845 1.89206 1.81263 1.73203 1.26314 1.19063 1.13422 1.12338 0.539077 0.511497 0.442963 0.362961 0.421757 0.399512 0.324835 0.0457425 0.288265 -0.184513 -0.815632 -1.53527 -0.243735 -0.552499 -0.49821 -0.143519 -0.524728 -0.600492 -0.69914 -0.759375 -1.51811 -1.625 -1.69712 -1.68343 -2.19233 -2.15895 -2.12755 -2.05159 -2.5389 -2.52742 -2.48141 -2.4055 -2.68794 -2.49895 -2.25501 -2.02313 -1.40062 -1.09216 -0.718183 -0.239517 1.18963 1.24609 1.32905 1.38271 1.38794 1.41335 1.50796 1.55601 1.26688 1.25617 1.2129 1.17054 0.62882 0.51244 0.364294 0.267089 -0.295996 -0.330019 -0.358002 -0.385668 0.109611
25.0153 14.8705 -6.63463 23.9623 14.6737 -2.81714 22.6416 14.2503 0.897401 21.4613 13.9392 4.66986 19.9167 13.3271 8.26992 16.0233 10.9134 12.0266 11.9047 8.25031 15.3499 8.00291 5.80801 19.0795 3.80013 3.08055 22.241 0.233359 0.49132 22.1093 -3.2504 -2.09943 21.3374 -6.77586 -4.72137 20.9619 -10.2518 -7.23824 19.9487 -13.6153 -9.40116 15.7467 -16.5669 -11.2182 11.0954 -19.8324 -13.3061 6.77951 -22.7531 -15.0868 2.09478 -23.2419 -14.911 -2.80482 -23.2682 -14.3499 -7.69984 -23.6138 -14.0251 -12.6041 -23.5586 -13.4483 -17.4969 -21.66 -11.6864 -21.9975 -19.4027 -9.69917 -26.2307 -17.4261 -7.83712 -30.6568 -15.072 -5.8683 -34.8456 -11.3377 -3.58349 -37.3527 -7.39572 -1.24624 -39.4623 -3.64685 1.0961 -41.8937 0.426512 3.367 -43.8177 4.47016 4.97691 -43.6497 8.50826 6.4697 -42.9883 12.5515 8.06113 -42.684 16.5542 9.41266 -41.6244 20.3071 9.83284 -37.1486 23.4862 9.94331 -32.2317 27.2226 10.3452 -27.7401 30.1845 10.3498 -22.6882 28.4638 8.71355 -17.406 25.8451 6.87014 -12.5802 23.8241 5.11978 -7.44271 21.281 3.34677 -2.55084 16.5853 1.75569 -0.306302 11.624 0.219967 1.3209 6.753 -1.39775 3.13091 1.90516 -2.88875 5.10434 -3.13397 -3.56398 7.94738 -8.14944 -4.10069 10.8608 -13.2706 -4.69221 13.5726 -18.1267 -5.29019 16.7334 -20.1942 -5.60635 19.6286 -21.9677 -5.88084 22.7166 -23.8384 -6.1588 25.7465 -25.2547 -6.34056 29.0202 -24.7644 -6.41638 34.7927 -23.6685 -6.53973 40.4807 -23.1756 -6.71615 46.2509 -21.8312 -6.70557 51.8865 -18.0017 -6.03638 54.6671 -13.7636 -5.24839 56.7319 -9.80303 -4.54989 59.315 -5.47249 -3.7163 61.1578 -0.59909 -2.65881 59.8281 3.98779 -1.66134 57.6824 8.8014 -0.635906 56.1281 13.3103 0.382869 53.8327 15.4325 1.04356 49.0939 16.8038 1.55878 44.0689 18.7161 2.1599 39.2337 19.9677 2.68829 34.179 18.5163 2.83137 29.762 16.4057 2.88926 25.6172 14.6288 3.00731 21.32 12.5098 3.03525 17.1791 7.98505 2.66695 13.5579 3.1795 2.25567 10.3236 -1.56807 1.91527 6.99685 -6.19798 1.4743 3.51951 -9.71871 0.338166 -0.444307 -13.1365 -0.902448 -4.46642 -16.7689 -2.06394 -8.32059 -19.9444 -3.27378 -12.5454 -20.747 -3.9468 -15.8517 -21.2012 -4.5048 -19.2446 -21.7397 -5.07661 -22.6228 -21.6682 -5.50884 -26.0633 -18.7866 -5.27033 -30.9985 -15.3131 -4.78011 -35.5167 -12.3658 -4.52784 -40.4126 -8.70049 -3.94027 -44.7645 -3.90074 -2.35641 -45.2822 0.865038 -0.64181 -44.8772 5.67888 0.968089 -45.1041 10.4216 2.72691 -44.627 14.0754 4.90991 -40.617 17.1584 7.00083 -36.1093 20.63 9.18085 -31.9389 23.7825 11.2571 -27.4728 24.3555 12.2777 -22.302 24.4893 13.1147 -17.0686 24.9413 14.106 -11.8802 -1.23809 -1.16703 -1.0933 -1.03599 -1.11103 -1.09733 -1.14088 -1.20036 -1.33914 -1.35477 -1.34455 -1.34913 -1.38732 -1.37133 -1.36538 -1.37927 -1.24125 -1.2041 -1.16123 -1.11031 -0.724733 -0.621979 -0.528166 -0.447845 0.051511 0.0638292 0.0557492 0.0485773 0.382719 0.359571 0.358304 0.349796 0.367119 0.180526 0.0175043 -0.1315 -0.759034 -0.935212 -1.0636 -1.16358 -1.91569 -2.03273 -2.16552 -2.29734 -2.24509 -2.20151 -2.07226 -1.91456 -1.05661 -0.922806 -0.845314 -0.871701 1.20186 1.46861 1.81047 2.23235 1.82814 1.7471 1.62413 1.52957 0.706275 0.513552 0.355944 0.276688 -0.389944 -0.436508 -0.435979 -0.391313 -0.890318 -0.871605 -0.818837 -0.721853 -0.941416 -0.701067 -0.416178 -0.152657 0.502868 0.773252 1.06284 1.45571 2.8551 2.87053 2.89422 2.9209 2.93646 2.91008 2.92148 2.92369 2.56628 2.47615 2.38038 2.28117 1.61268 1.42875 1.2191 1.00472 0.276212 0.102167 -0.0507635 -0.128965 1.28833
30.6845 15.0665 -13.6498 30.1072 14.7984 -9.73401 29.1039 14.321 -5.92559 27.6868 13.6381 -2.28361 25.8746 12.7569 1.13367 22.4874 11.0946 5.70543 18.3916 9.06385 9.4788 13.7301 6.72939 12.2999 8.67531 4.17133 14.0443 4.77674 2.17839 14.5869 0.857711 0.1559 14.4612 -2.98951 -1.85098 13.6635 -6.6954 -3.75658 12.2143 -11.2312 -6.01418 9.38319 -15.2242 -7.92008 5.62703 -18.5356 -9.41761 1.10181 -21.0595 -10.4688 -4.01779 -22.5286 -10.9955 -8.694 -23.3486 -11.182 -13.5515 -23.5086 -11.0333 -18.4764 -23.0122 -10.5616 -23.3584 -21.7969 -9.73536 -28.3418 -19.9048 -8.59925 -33.0454 -17.3823 -7.18711 -37.3624 -14.2875 -5.53779 -41.1959 -10.7979 -3.74936 -44.3747 -6.90528 -1.82101 -46.9455 -2.68642 0.195566 -48.8468 1.82512 2.20055 -49.8984 5.86222 3.84081 -49.9584 9.86605 5.34711 -49.1263 13.6217 6.6673 -47.353 16.9153 7.75284 -44.7137 20.3519 8.77209 -40.079 22.4694 9.24998 -34.6368 23.2336 9.20553 -28.8278 22.747 8.70397 -23.0105 21.214 7.84462 -17.489 18.837 6.71239 -12.3273 15.8108 5.38813 -7.56674 12.3061 3.94065 -3.18529 8.70579 2.51959 0.644588 4.90565 1.07879 4.26849 0.987622 -0.347898 7.7704 -2.9755 -1.72921 11.2396 -7.17927 -3.15657 15.0156 -11.2427 -4.55293 18.9534 -15.0736 -5.89087 23.1368 -18.5615 -7.13683 27.6368 -20.4656 -7.83528 30.5791 -22.1539 -8.47198 33.6637 -23.5868 -9.03419 36.8889 -24.7219 -9.50793 40.2441 -25.8345 -10.0558 45.907 -25.8714 -10.27 51.7 -24.6867 -10.0947 57.3721 -22.2142 -9.4962 62.5811 -19.2392 -8.6838 66.2361 -15.5379 -7.61206 69.0684 -11.3015 -6.33415 70.8822 -6.78044 -4.92445 71.5474 -1.89981 -3.35397 70.9316 2.64515 -1.84159 69.0023 6.5713 -0.483092 65.9353 9.68421 0.651352 61.9744 11.911 1.53181 57.3168 13.1908 2.12787 52.2737 13.5801 2.44981 47.0611 13.1767 2.52311 41.8401 12.2505 2.40756 37.2805 10.8747 2.14746 32.8419 9.13044 1.76817 28.5437 7.09248 1.29379 24.3864 4.23139 0.599609 19.3771 1.13372 -0.168381 14.5217 -2.09768 -0.974061 9.76051 -5.32102 -1.86469 5.00896 -8.22475 -2.72307 0.50753 -10.9321 -3.56174 -4.11833 -13.3384 -4.33252 -8.91901 -15.3253 -4.98311 -13.925 -16.3066 -5.30648 -17.2379 -17.0226 -5.5411 -20.6253 -17.434 -5.6706 -24.0687 -17.5016 -5.67878 -27.5382 -16.787 -5.39553 -33.2095 -14.9273 -4.69192 -38.5762 -11.891 -3.54874 -43.2909 -7.78105 -1.99736 -46.9592 -3.44335 -0.346326 -49.033 1.21073 1.50251 -49.9067 5.88583 3.48322 -49.6569 10.3939 5.49481 -48.4433 15.2594 7.73242 -46.0868 19.6618 9.78013 -42.8221 23.4702 11.5709 -38.7574 26.5728 13.0459 -34.0213 28.6976 14.0679 -29.2697 30.113 14.759 -24.2045 30.782 15.0968 -18.9533 -10.3613 -10.3511 -10.3361 -10.3177 -10.3885 -10.3126 -10.2668 -10.2211 -10.2314 -10.1842 -10.1425 -10.1077 -10.0769 -10.0249 -9.98934 -9.9664 -9.79913 -9.76535 -9.73663 -9.71005 -9.3758 -9.32238 -9.26614 -9.20194 -8.6884 -8.6082 -8.51585 -8.41019 -7.96064 -7.88826 -7.80589 -7.71546 -7.49845 -7.47403 -7.43641 -7.39531 -7.78722 -7.8632 -7.93912 -8.01569 -8.7532 -8.85279 -8.94615 -9.03785 -8.97807 -9.0395 -9.10168 -9.1779 -8.52062 -8.52869 -8.54213 -8.55222 -6.30246 -5.78241 -5.2227 -4.65619 -4.95906 -4.92696 -4.8889 -4.82496 -5.48856 -5.5276 -5.53166 -5.49692 -6.07836 -6.06413 -6.01955 -5.94668 -6.40798 -6.365 -6.31128 -6.2487 -6.56922 -6.5345 -6.49402 -6.44533 -5.92348 -5.697 -5.32901 -4.70982 -3.0194 -2.79317 -2.59483 -2.41677 -2.21019 -2.09258 -1.98089 -1.87987 -2.10448 -2.11053 -2.12927 -2.16127 -2.7735 -2.91878 -3.07567 -3.23647 -3.92305 -4.03153 -4.12295 -4.19468 6.29811
