# num_vectors 17
# vector_size 101
18.7572 26.5997 -11.8957 6.32642 31.5677 -3.3743 10.8872 27.2196 19.484 -6.41852 24.6201 21.7646 -22.396 7.81642 22.9183 -32.7824 -3.30567 10.3778 -30.3102 -18.0943 -4.01285 -11.1424 -24.4257 -3.57384 -4.12421 -40.3705 -2.95035 11.5592 -34.847 13.5668 4.99486 -16.6426 26.3227 3.88043 4.33076 32.0906 -7.46967 20.7805 20.0883 -3.74423 29.7955 9.63906 16.0002 40.4457 3.76949 11.6791 25.3741 -7.18973 15.7068 11.7711 -22.2033 -0.761902 2.66397 -31.4049 -14.2193 -9.81476 -28.2812 -24.7345 -24.812 -13.9744 -10.046 -35.9165 -2.49194 3.83339 -35.9238 -2.69507 22.2454 -22.547 -0.216733 27.6453 -7.73929 -13.064 26.705 12.1929 -25.2929 0 0 0 0 0 0 0 0 0 0 0 0 0 0 0 0 0 0 0 0 0 0 0 0 0 0
19.306 24.9592 -10.9851 6.43356 27.5225 -1.70605 12.1116 21.6609 20.6414 -5.1465 19.4341 23.7081 -22.0985 3.28473 20.8947 -29.9026 -7.33989 5.77414 -23.8119 -16.9034 -13.3644 -4.20501 -21.8353 -11.9122 3.96196 -37.3185 -12.4152 17.3458 -32.5885 6.55083 6.88192 -17.8422 22.2352 -0.434892 2.21334 30.1421 -15.4203 16.8102 19.0382 -11.6966 32.3236 14.1947 9.17294 43.0658 12.2768 10.2372 24.296 4.28016 17.4838 11.4994 -10.6005 2.96647 3.41524 -24.307 -17.916 -1.13768 -21.509 -27.5566 -22.1335 -12.8476 -12.3583 -33.2869 -2.06457 1.48765 -34.9918 -4.49528 21.9272 -23.7767 -5.41218 26.6447 -9.54089 -19.2055 28.4742 13.4085 -26.7297 0 0 0 0 0 0 0 0 0 0 0 0 0 0 0 0 0 0 0 0 0 0 0 0 0 0
15.522 25.802 -8.21618 3.05293 27.0348 1.99004 10.4254 20.1719 23.6443 -6.51472 16.7243 27.6139 -22.6657 -0.274417 24.8487 -30.7398 -10.4595 9.55877 -25.2242 -18.5076 -10.5201 -5.23391 -22.349 -10.5419 3.83289 -37.3115 -12.4655 18.0718 -32.9167 5.98074 7.66431 -19.7411 23.1794 -0.382234 -0.599992 32.7305 -16.9114 13.7637 23.4035 -14.4105 29.7917 19.2682 5.69858 41.9027 16.742 7.40996 23.6772 7.55398 14.5314 12.2097 -8.53063 -0.323677 4.07683 -21.8507 -20.7646 -1.89851 -18.0719 -28.6238 -23.9937 -10.0925 -12.1078 -34.8818 -0.892364 1.69455 -35.609 -4.25717 21.4054 -23.1112 -5.72815 24.4393 -7.76345 -18.9498 24.4383 15.7478 -25.2053 0 0 0 0 0 0 0 0 0 0 0 0 0 0 0 0 0 0 0 0 0 0 0 0 0 0
11.7379 26.6449 -5.44725 -0.327705 26.547 5.68613 8.73924 18.6828 26.6473 -7.88295 14.0144 31.5198 -23.2329 -3.83357 28.8028 -31.5771 -13.5792 13.3434 -26.6366 -20.1118 -7.67579 -6.26281 -22.8627 -9.17159 3.70382 -37.3044 -12.5158 18.7979 -33.245 5.41065 8.4467 -21.64 24.1236 -0.329576 -3.41333 35.3189 -18.4025 10.7172 27.7689 -17.1244 27.2598 24.3417 2.22421 40.7396 21.2072 4.58271 23.0583 10.8278 11.5789 12.92 -6.46076 -3.61383 4.73842 -19.3944 -23.6132 -2.65935 -14.6347 -29.691 -25.8539 -7.3374 -11.8573 -36.4768 0.279844 1.90145 -36.2263 -4.01906 20.8835 -22.4456 -6.04413 22.2338 -5.986 -18.694 20.4023 18.0871 -23.6809 0 0 0 0 0 0 0 0 0 0 0 0 0 0 0 0 0 0 0 0 0 0 0 0 0 0
10.8422 24.8405 -5.77949 0.478604 23.9218 6.25663 6.78896 17.4866 26.3181 -9.54217 11.56 30.6309 -23.3698 -4.77101 26.1687 -28.7265 -13.8512 10.7629 -24.3353 -17.9738 -9.46585 -4.74417 -21.2617 -12.8984 6.06631 -35.2056 -13.3645 18.6649 -30.256 4.23946 7.3426 -20.7402 21.9771 -2.52618 -5.18761 31.4389 -20.3156 9.96087 23.9201 -19.7656 25.2744 23.7774 -0.846951 35.4641 22.7243 2.81554 22.4839 14.2739 11.1573 13.0149 -1.50656 -1.66456 3.86674 -14.0513 -20.967 -3.83404 -11.7772 -28.6037 -22.5952 -6.06485 -14.2283 -31.7384 -2.09769 -0.554484 -32.4412 -8.2595 17.8291 -22.5258 -8.67652 21.2927 -6.93742 -19.9203 19.9686 16.3576 -23.4622 5.32159e-05 -3.94356e-05 0.000107781 -8.3524e-05 -1.11882e-05 4.95748e-05 -0.000162753 9.12319e-05 1.52609e-05 1.83772e-05 -1.61071e-05 -8.6553e-05 0.000133238 -2.06243e-05 4.21136e-06 -8.07875e-05 0.000292292 -0.000174534 -0.000299637 0.000182222 6.89986e-05 0.00014844 0.000225776 -0.000172473 -0.000243005 6.50581e-05
9.9465 23.0362 -6.11174 1.28491 21.2965 6.82713 4.83867 16.2904 25.9889 -11.2014 9.10567 29.7421 -23.5067 -5.70846 23.5346 -25.8759 -14.1231 8.18239 -22.0339 -15.8357 -11.2559 -3.22552 -19.6607 -16.6251 8.42879 -33.1069 -14.2132 18.5318 -27.2669 3.06826 6.2385 -19.8403 19.8305 -4.72278 -6.9619 27.5589 -22.2287 9.20453 20.0712 -22.4068 23.289 23.213 -3.91811 30.1887 24.2413 1.04837 21.9095 17.7199 10.7357 13.1099 3.44764 0.284707 2.99506 -8.70811 -18.3208 -5.00874 -8.91975 -27.5165 -19.3365 -4.7923 -16.5992 -26.9999 -4.47522 -3.01042 -28.6561 -12.4999 14.7748 -22.6059 -11.3089 20.3515 -7.88884 -21.1466 19.5348 14.6282 -23.2434 0.000106432 -7.88712e-05 0.000215562 -0.000167048 -2.23765e-05 9.91496e-05 -0.000325506 0.000182464 3.05217e-05 3.67544e-05 -3.22142e-05 -0.000173106 0.000266476 -4.12486e-05 8.42273e-06 -0.000161575 0.000584583 -0.000349067 -0.000599274 0.000364445 0.000137997 0.00029688 0.000451552 -0.000344946 -0.000486009 0.000130116
9.0508 21.2318 -6.44398 2.09122 18.6713 7.39763 2.88839 15.0942 25.6596 -12.8606 6.65131 28.8532 -23.6436 -6.6459 20.9005 -23.0253 -14.3951 5.60189 -19.7326 -13.6977 -13.046 -1.70688 -18.0597 -20.3519 10.7913 -31.0081 -15.0618 18.3988 -24.2779 1.89707 5.13441 -18.9405 17.684 -6.91938 -8.73618 23.6789 -24.1418 8.4482 16.2224 -25.0479 21.3036 22.6487 -6.98927 24.9132 25.7584 -0.718794 21.335 21.166 10.3141 13.2048 8.40184 2.23398 2.12338 -3.36496 -15.6746 -6.18343 -6.06227 -26.4292 -16.0778 -3.51974 -18.9702 -22.2615 -6.85275 -5.46635 -24.8709 -16.7404 11.7204 -22.6861 -13.9413 19.4104 -8.84026 -22.3729 19.1011 12.8987 -23.0247 0.000159648 -0.000118307 0.000323343 -0.000250572 -3.35647e-05 0.000148724 -0.000488259 0.000273696 4.57826e-05 5.51316e-05 -4.83213e-05 -0.000259659 0.000399714 -6.1873e-05 1.26341e-05 -0.000242363 0.000876875 -0.000523601 -0.000898911 0.000546667 0.000206996 0.00044532 0.000677328 -0.000517419 -0.000729014 0.000195174
8.1551 19.4275 -6.77623 2.89753 16.046 7.96813 0.938104 13.898 25.3304 -14.5198 4.19695 27.9643 -23.7805 -7.58334 18.2664 -20.1747 -14.6671 3.02138 -17.4313 -11.5596 -14.836 -0.18823 -16.4587 -24.0787 13.1538 -28.9093 -15.9105 18.2658 -21.2888 0.725871 4.03031 -18.0407 15.5375 -9.11598 -10.5105 19.7989 -26.0549 7.69187 12.3736 -27.6891 19.3182 22.0843 -10.0604 19.6377 27.2755 -2.48596 20.7606 24.6121 9.89255 13.2997 13.356 4.18324 1.2517 1.97818 -13.0284 -7.35812 -3.2048 -25.3419 -12.8192 -2.24719 -21.3411 -17.5231 -9.23028 -7.92229 -21.0858 -20.9808 8.66604 -22.7663 -16.5737 18.4693 -9.79169 -23.5991 18.6673 11.1693 -22.806 0.000212864 -0.000157742 0.000431124 -0.000334096 -4.47529e-05 0.000198299 -0.000651012 0.000364928 6.10435e-05 7.35088e-05 -6.44284e-05 -0.000346212 0.000532952 -8.24973e-05 1.68455e-05 -0.00032315 0.00116917 -0.000698135 -0.00119855 0.000728889 0.000275994 0.000593759 0.000903104 -0.000689891 -0.000972018 0.000260232
7.2594 17.6231 -7.10847 3.70384 13.4208 8.53863 -1.01218 12.7018 25.0012 -16.1791 1.74259 27.0755 -23.9174 -8.52079 15.6322 -17.3241 -14.9391 0.440876 -15.13 -9.42157 -16.6261 1.33041 -14.8577 -27.8054 15.5163 -26.8106 -16.7592 18.1327 -18.2998 -0.445324 2.92621 -17.1408 13.3909 -11.3126 -12.2847 15.9188 -27.968 6.93554 8.52474 -30.3303 17.3328 21.52 -13.1316 14.3622 28.7925 -4.25313 20.1862 28.0581 9.47096 13.3946 18.3102 6.13251 0.380015 7.32133 -10.3822 -8.53282 -0.347321 -24.2547 -9.56046 -0.974641 -23.7121 -12.7846 -11.6078 -10.3782 -17.3007 -25.2213 5.61167 -22.8465 -19.2061 17.5281 -10.7431 -24.8254 18.2336 9.43983 -22.5872 0.00026608 -0.000197178 0.000538905 -0.00041762 -5.59412e-05 0.000247874 -0.000813765 0.00045616 7.63044e-05 9.1886e-05 -8.05355e-05 -0.000432765 0.00066619 -0.000103122 2.10568e-05 -0.000403938 0.00146146 -0.000872668 -0.00149818 0.000911112 0.000344993 0.000742199 0.00112888 -0.000862364 -0.00121502 0.000325291
6.36371 15.8187 -7.44072 4.51015 10.7955 9.10913 -2.96246 11.5056 24.672 -17.8383 -0.711778 26.1866 -24.0543 -9.45823 12.9981 -14.4735 -15.211 -2.13963 -12.8286 -7.28352 -18.4161 2.84906 -13.2567 -31.5322 17.8787 -24.7118 -17.6079 17.9997 -15.3108 -1.61652 1.82211 -16.241 11.2444 -13.5092 -14.059 12.0388 -29.8811 6.1792 4.67591 -32.9715 15.3474 20.9556 -16.2028 9.08677 30.3096 -6.0203 19.6118 31.5042 9.04937 13.4896 23.2644 8.08178 -0.491666 12.6645 -7.73601 -9.70751 2.51015 -23.1674 -6.30178 0.297911 -26.083 -8.0462 -13.9853 -12.8342 -13.5156 -29.4617 2.55731 -22.9266 -21.8385 16.587 -11.6945 -26.0517 17.7999 7.71037 -22.3685 0.000319295 -0.000236613 0.000646686 -0.000501144 -6.71294e-05 0.000297449 -0.000976519 0.000547392 9.15652e-05 0.000110263 -9.66426e-05 -0.000519318 0.000799428 -0.000123746 2.52682e-05 -0.000484725 0.00175375 -0.0010472 -0.00179782 0.00109333 0.000413992 0.000890639 0.00135466 -0.00103484 -0.00145803 0.000390349
5.11398 13.3012 -7.90428 5.63515 7.13266 9.90512 -5.6836 9.83663 24.2126 -20.1533 -4.13623 24.9464 -24.2453 -10.7662 9.32289 -10.4962 -15.5905 -5.74008 -9.6177 -4.30041 -20.9137 4.96795 -11.0229 -36.732 21.175 -21.7835 -18.792 17.8141 -11.1403 -3.25063 0.281616 -14.9855 8.24946 -16.574 -16.5346 6.62524 -32.5503 5.12393 -0.694181 -36.6566 12.5773 20.1682 -20.4878 1.72616 32.4263 -8.48594 18.8103 36.3123 8.46115 13.622 30.1768 10.8015 -1.70788 20.1195 -4.0439 -11.3465 6.49705 -21.6504 -1.75509 2.07344 -29.3911 -1.4349 -17.3026 -16.2608 -8.23437 -35.3782 -1.7043 -23.0385 -25.5113 15.2739 -13.022 -27.7627 17.1947 5.29735 -22.0633 0.000393545 -0.000291636 0.000797068 -0.000617681 -8.27398e-05 0.000366618 -0.0012036 0.000674683 0.000112858 0.000135904 -0.000119116 -0.000640081 0.000985329 -0.000152522 3.11441e-05 -0.000597444 0.00216157 -0.00129072 -0.00221589 0.00134758 0.000510262 0.00109775 0.00166967 -0.00127548 -0.00179708 0.000481121
7.86969 15.9533 -6.02377 11.5006 8.14807 10.3125 2.23243 7.66929 25.7521 -10.1845 -7.94455 26.0742 -15.6025 -13.2616 10.4637 -3.85866 -14.4187 -6.26115 -6.31664 -1.74174 -19.4852 6.33551 -4.54041 -37.2938 25.6655 -14.6338 -23.1439 23.4257 -6.45391 -6.26035 8.45146 -13.8354 6.21779 -7.93067 -17.4967 6.23221 -26.7311 2.04672 3.85206 -28.6146 6.46546 25.5263 -10.0991 -3.11342 34.1654 0.235366 14.6777 39.0119 16.3515 12.6566 30.54 18.8636 -0.789311 18.4271 3.63095 -10.7233 5.48723 -15.057 -3.40092 4.41415 -25.2711 -2.09174 -13.4776 -14.3327 -4.92524 -33.3272 2.71288 -18.2999 -27.3789 17.7717 -6.00762 -29.9866 18.4629 11.3894 -22.1353 0.000393545 -0.000291636 0.000797068 -0.000617681 -8.27398e-05 0.000366618 -0.0012036 0.000674683 0.000112858 0.000135904 -0.000119116 -0.000640081 0.000985329 -0.000152522 3.11441e-05 -0.000597444 0.00216157 -0.00129072 -0.00221589 0.00134758 0.000510262 0.00109775 0.00166967 -0.00127548 -0.00179708 0.000481121
12.5221 17.4649 -5.88695 13.5449 6.80826 8.52612 3.58712 5.62584 23.4499 -6.10657 -11.5072 24.2403 -14.6294 -16.2975 10.3536 -6.49007 -19.3685 -7.67274 -9.55266 -6.84782 -20.9047 4.12917 -8.00584 -38.0004 23.7025 -14.8938 -22.7176 21.2223 -4.1593 -7.69983 8.85165 -10.6217 7.31842 -7.04762 -13.21 10.5589 -24.8103 7.26737 10.2198 -29.2636 7.54984 31.4091 -12.2858 -4.46838 39.6593 0.749705 11.3634 43.3794 14.3343 8.63828 32.0431 14.7204 -5.80324 21.178 2.99127 -12.0571 4.41396 -15.2939 -4.48517 1.47684 -24.6903 -5.28802 -16.7435 -14.2111 -2.62995 -36.0872 4.75144 -13.3469 -32.1242 17.3953 1.14701 -33.9973 22.351 13.6324 -22.6151 0.000393545 -0.000291636 0.000797068 -0.000617681 -8.27398e-05 0.000366618 -0.0012036 0.000674683 0.000112858 0.000135904 -0.000119116 -0.000640081 0.000985329 -0.000152522 3.11441e-05 -0.000597444 0.00216157 -0.00129072 -0.00221589 0.00134758 0.000510262 0.00109775 0.00166967 -0.00127548 -0.00179708 0.000481121
22.3708 11.407 -6.47518 20.1599 4.35904 8.73058 6.95078 0.646585 18.7059 -0.889957 -16.0867 16.5788 -11.0026 -18.7524 3.63332 -6.60211 -18.1405 -13.8228 -7.21575 -4.74765 -24.424 2.98318 -5.41545 -42.2333 24.7174 -3.91605 -31.2063 22.1983 -2.07059 -14.2688 10.2521 -12.799 -4.52756 -3.81519 -14.3272 3.10166 -13.7619 4.98081 15.7001 -26.1296 -1.70413 26.7623 -18.3222 -9.19122 44.3239 -7.9381 7.19814 49.1917 7.1733 5.68836 41.7627 10.6755 -3.3237 27.6866 4.88832 -3.34877 11.0965 -14.7804 1.37122 6.03282 -23.4703 -0.797158 -10.0911 -16.7967 6.43479 -28.9137 -4.19465 -7.6959 -34.9367 11.7079 -0.400019 -33.1574 17.9762 10.5286 -22.2303 0.000119945 -0.0010391 0.00246812 -0.00146888 3.60121e-05 0.000102032 -0.000793611 0.000583905 -3.58035e-06 0.000134409 7.07561e-05 -0.000912318 0.000101467 0.000721759 5.66018e-06 -0.000237341 0.00134539 -0.0010699 -0.000716858 0.000472527 0.000169293 0.000439311 0.00113404 -0.000740059 -0.000922991 0.000241564
22.9173 11.8748 -8.82644 19.7047 9.67624 6.85403 5.8936 8.34332 16.284 -4.55945 -6.41773 13.5067 -15.6109 -6.06699 1.51456 -14.0896 -8.97067 -15.6011 -10.7644 0.736576 -28.0273 3.2868 5.39628 -36.3498 20.6236 -3.98971 -32.9496 24.9451 -4.17679 -18.0173 16.6297 -8.32317 -4.13527 4.01565 -7.22221 5.15553 -10.6501 -5.24768 13.6221 -20.9939 -5.6093 26.4891 -15.9073 -15.4927 43.4711 -7.71511 -0.115876 52.1859 6.0967 3.26697 44.5732 12.007 -3.79094 30.5284 6.88172 -5.48742 13.9048 -4.29778 4.39242 4.27815 -16.2509 5.57608 -8.47666 -18.0852 2.96058 -24.7589 -7.50204 -1.90025 -36.4592 9.05814 0.775795 -34.0648 17.7245 10.756 -24.2962 0.000119945 -0.0010391 0.00246812 -0.00146888 3.60121e-05 0.000102032 -0.000793611 0.000583905 -3.58035e-06 0.000134409 7.07561e-05 -0.000912318 0.000101467 0.000721759 5.66018e-06 -0.000237341 0.00134539 -0.0010699 -0.000716858 0.000472527 0.000169293 0.000439311 0.00113404 -0.000740059 -0.000922991 0.000241564
20.3323 11.408 -10.9654 17.8772 9.27355 4.84134 4.57762 7.33268 14.8341 -4.50759 -8.34277 13.2975 -15.1089 -10.0269 1.19424 -15.5116 -7.81663 -15.184 -8.83146 -1.54976 -27.5413 3.10732 7.259 -34.1495 21.7216 1.97952 -31.561 26.3863 1.10682 -16.7774 18.2775 -0.1803 -2.51977 5.65556 -0.709227 6.66634 -8.33483 0.0300529 16.2177 -17.8274 1.32687 29.5302 -17.3748 -11.1527 44.4861 -6.47804 -1.00434 55.3685 7.61466 0.562907 47.905 12.1221 -4.15107 32.7164 7.48474 -1.10942 16.8589 -1.76233 0.48382 4.68078 -14.7993 -0.146133 -6.73636 -17.8957 -4.21565 -22.391 -8.41378 -7.33507 -35.3191 6.23366 -0.611657 -35.6179 14.5327 9.94481 -26.1706 0.000119945 -0.0010391 0.00246812 -0.00146888 3.60121e-05 0.000102032 -0.000793611 0.000583905 -3.58035e-06 0.000134409 7.07561e-05 -0.000912318 0.000101467 0.000721759 5.66018e-06 -0.000237341 0.00134539 -0.0010699 -0.000716858 0.000472527 0.000169293 0.000439311 0.00113404 -0.000740059 -0.000922991 0.000241564
20.1219 11.6272 -8.88622 15.1173 9.7776 5.95082 3.98739 2.95297 14.6175 -8.58698 -5.96251 12.1477 -17.0436 -10.8956 -0.101795 -18.0923 -10.2308 -15.8221 -11.8774 -5.2508 -29.4829 -0.0316002 1.80007 -37.1237 14.0891 6.7972 -33.4342 19.5354 6.52377 -19.0802 13.2684 2.93275 -5.0715 1.81335 -0.822128 5.40092 -10.0932 -3.33523 15.7577 -18.1434 -5.25044 29.2852 -16.9809 -5.53058 44.8407 -4.44012 -3.22327 53.3124 8.95596 -0.0616666 46.5673 12.1767 1.45777 31.3476 6.4112 1.2926 16.5588 -3.32374 0.20839 3.92711 -12.2245 -1.99945 -9.13715 -14.9301 -3.48093 -24.5721 -5.96995 -1.73855 -36.8884 8.51538 3.4423 -35.8231 17.7453 8.96647 -24.2955 0 0 0 0 0 0 0 0 0 0 0 0 0 0 0 0 0 0 0 0 0 0 0 0 0 0
