Optimization finished after 158600 iterations.
NEB Energy: 0.794896
Max NEB Force: 0.00999649
Optimization took: 6076050 ms
Energies: 
0.655301, 0.794941, 0.864061, 0.891537, 0.895408, 0.981518, 1.07352, 1.14789, 1.17166, 1.16737, 1.14504, 1.11208, 1.05524, 0.984139, 0.982495, 0.93465, 0.909306, 0.801351, 0.711183, 
NEB Forces: 
0, 0.00378643, 0.00448004, 0.00460129, 0.00441846, 0.00473397, 0.00691005, 0.00855914, 0.00886736, 0.00955368, 0.00978516, 0.00971274, 0.00938825, 0.009834, 0.00999649, 0.00832804, 0.00721292, 0.00351562, 0, 
Gradients: 
0.000131884, 0.00452655, 0.0046107, 0.00461296, 0.00455947, 0.00496444, 0.00714314, 0.00859866, 0.00886481, 0.00955288, 0.00979822, 0.00976176, 0.00949229, 0.00986586, 0.0100257, 0.00836534, 0.00760007, 0.00384966, 3.85031e-11, 
Spring Forces: 
0, 8.90395e-05, 5.08377e-06, 3.10117e-05, 6.22751e-06, 2.2812e-05, 1.90763e-06, 2.85337e-06, 2.38194e-06, 5.08035e-06, 5.28614e-06, 2.48386e-06, 2.4393e-05, 2.54188e-05, 4.22657e-05, 7.51947e-06, 3.09955e-05, 0.000543354, 0, 
Bend Energies: 
0.655275, 0.794936, 0.863894, 0.891236, 0.895096, 0.980019, 1.06818, 1.13771, 1.14979, 1.13714, 1.11468, 1.07946, 1.01511, 0.931854, 0.927308, 0.892447, 0.858289, 0.786185, 0.711182, 
Twist Energies: 
2.24656e-05, 2.46505e-06, 0.000165142, 0.00029899, 0.000309646, 0.00149593, 0.00533668, 0.0101728, 0.0218618, 0.0302214, 0.0303529, 0.0326058, 0.0401291, 0.0522792, 0.0551809, 0.0421979, 0.0510152, 0.0151649, 1.90647e-25, 
Stretch Energies: 
3.60891e-07, 2.15109e-06, 2.37086e-06, 2.38424e-06, 2.41194e-06, 2.86718e-06, 5.33127e-06, 8.89788e-06, 8.80761e-06, 7.99247e-06, 7.02195e-06, 6.65868e-06, 7.13653e-06, 5.75484e-06, 5.7422e-06, 4.80746e-06, 2.06349e-06, 1.22274e-06, 1.01057e-06, 
