# num_vectors 19
# vector_size 401
# Iterations: 158600, stepsize: 0.025147, max step size: 1.000000, spring constant: 0.000010, global NEB Hessian: false, global NEB Linesearch: true, climbing image: false
22.0936 29.5493 -13.4742 19.9173 32.3011 -11.6224 17.6958 34.6524 -9.32568 15.4983 36.5327 -6.61012 13.4013 37.8779 -3.52287 10.6154 38.8248 1.62298 8.02595 38.9516 6.95371 4.94686 38.4561 11.9947 0.999877 37.1754 16.2277 -2.33004 35.7357 18.7384 -5.86623 33.9233 20.6556 -9.49461 31.7843 21.9689 -13.1131 29.3655 22.6907 -17.7162 25.8317 22.7862 -21.9889 21.9804 22.0138 -25.8078 17.883 20.4928 -29.08 13.5941 18.3518 -31.3761 9.82987 16.1471 -33.1924 5.97505 13.6683 -34.5001 2.04505 10.9948 -35.2744 -1.9457 8.20608 -35.4895 -6.19933 5.23043 -35.0663 -10.4789 2.31494 -33.9892 -14.7521 -0.437081 -32.2523 -18.9747 -2.91641 -29.9407 -22.9725 -4.95449 -27.0417 -26.7973 -6.51893 -23.6085 -30.3643 -7.50384 -19.7264 -33.5758 -7.81243 -16.1072 -35.9794 -7.47098 -12.3449 -37.9686 -6.53269 -8.5605 -39.4793 -4.98733 -4.88744 -40.452 -2.85314 -0.335423 -40.8217 0.817311 3.56907 -40.1075 5.12716 6.68189 -38.3718 9.77771 8.94127 -35.7271 14.4926 10.3448 -32.3524 18.9889 10.9808 -28.3603 23.1402 10.9416 -23.8788 26.8131 10.3388 -19.02 29.9119 9.36851 -14.1945 32.2406 8.1103 -9.18473 33.9637 6.66809 -4.04812 35.0521 5.14606 1.16214 35.4836 3.54526 6.75886 35.1984 2.1038 12.3034 34.1273 0.954539 17.706 32.2677 0.231116 22.8554 29.6356 0.0628022 25.8262 27.6567 0.133088 28.6128 25.4204 0.467419 31.175 22.9519 1.0871 33.4706 20.2841 2.7253 36.5265 15.6382 5.17113 38.6001 10.8087 8.33398 39.4717 6.02932 11.4652 38.9337 1.1804 13.4537 37.6503 -2.97519 14.6687 35.9306 -7.26896 15.127 33.861 -11.5557 14.8742 31.4922 -15.7025 13.8782 28.6542 -19.9001 12.232 25.577 -23.7064 10.0441 22.3035 -27.0477 7.42431 18.8665 -29.8743 4.43625 15.2375 -32.1828 1.22271 11.48 -33.9094 -2.11187 7.60421 -35.0431 -5.46526 3.61735 -35.5784 -8.37654 -0.0137457 -35.5503 -11.1489 -3.71838 -35.0495 -13.707 -7.48383 -34.0808 -15.9728 -11.2905 -32.6537 -18.2759 -16.0555 -30.2557 -19.8413 -20.7607 -27.2273 -20.5172 -25.2958 -23.6585 -20.1726 -29.5193 -19.6833 -18.847 -33.0329 -15.7681 -16.529 -35.9808 -11.8479 -13.2609 -38.2206 -8.14201 -9.16066 -39.6337 -4.8829 -6.18937 -40.0673 -3.14344 -3.02305 -40.1346 -1.72494 0.26087 -39.8436 -0.641641 3.58896 -39.205 0.105613 9.0083 -37.4395 0.623751 14.1237 -34.8879 0.346615 18.7571 -31.6656 -0.60427 22.7904 -27.8862 -2.08846 25.8138 -24.1447 -3.73271 28.2845 -20.1049 -5.5815 30.1945 -15.8187 -7.53661 31.546 -11.33 -9.50333 32.4206 -5.9645 -11.6663 32.5871 -0.439882 -13.5856 32.0699 5.18135 -15.124 30.9006 10.8226 -16.1445 29.313 15.8711 -16.5049 27.2693 20.7584 -16.2318 24.8335 25.3654 -15.2419 -0.206976 -0.111755 -0.0375262 0.015611 -0.0445928 0.0326612 0.0934311 0.153015 0.142279 0.17987 0.203557 0.213764 0.20557 0.198321 0.159306 0.0929042 0.164067 0.0974657 0.0134077 -0.08629 0.103073 -0.00933053 -0.136521 -0.27211 0.031723 -0.101521 -0.22238 -0.3362 -0.0848119 -0.177015 -0.232542 -0.242713 -0.0891402 -0.0700962 0.022136 0.166637 -0.0853984 0.002682 0.103571 0.205161 -0.367797 -0.321299 -0.286652 -0.27189 -0.127455 -0.130887 -0.171249 -0.279668 0.281415 0.137139 -0.109395 -0.512636 0.883517 0.129407 -0.0866307 0.0883692 -0.338589 -0.259169 -0.127871 0.0514128 -0.480003 -0.37978 -0.250438 -0.0933237 -0.565067 -0.454816 -0.328112 -0.186194 -0.594178 -0.510318 -0.425578 -0.342748 -0.654198 -0.635323 -0.648233 -0.736704 -0.462751 -0.671384 -1.04849 -1.39516 -0.371844 -0.498254 -0.541819 -0.533353 -0.47769 -0.472206 -0.415832 -0.32528 -0.520492 -0.46767 -0.397336 -0.313452 -0.775921 -0.716509 -0.61546 -0.475166 -0.856853 -0.686396 -0.532169 -0.404358 0.0679331
18.825 28.6778 -16.6691 17.2583 30.8304 -13.728 15.826 32.5033 -10.4283 14.5287 33.6938 -6.87329 13.3393 34.418 -3.15858 11.6713 34.6831 2.5234 9.90097 34.081 8.14841 7.77919 32.7194 13.5132 5.08932 30.705 18.3963 2.62869 28.8561 21.5573 -0.224643 26.7693 24.197 -3.42659 24.5063 26.2197 -6.89189 22.1268 27.5593 -11.6693 18.9022 28.2399 -16.4373 15.6318 27.7342 -20.947 12.3375 26.1546 -24.9865 9.0024 23.6557 -27.9114 6.10571 20.9434 -30.275 3.13015 17.803 -31.9989 0.05998 14.3527 -33.023 -3.10995 10.7188 -33.3052 -6.5515 6.83679 -32.7601 -10.0802 3.06251 -31.4123 -13.6706 -0.44262 -29.3181 -17.2909 -3.52518 -26.6461 -20.7988 -5.98172 -23.4382 -24.249 -7.79434 -19.7988 -27.5777 -8.86888 -15.8431 -30.7021 -9.13351 -12.2702 -33.1547 -8.67386 -8.6415 -35.3 -7.56807 -5.04927 -37.0535 -5.83215 -1.58998 -38.3303 -3.50935 2.68388 -39.1739 0.408835 6.32058 -38.8938 4.9942 9.13415 -37.4465 9.9256 11.003 -34.8905 14.8555 11.881 -31.4193 19.4112 11.8277 -27.2139 23.397 10.9362 -22.4991 26.6452 9.33845 -17.4858 29.0718 7.3323 -12.6573 30.5917 4.97534 -7.81623 31.4028 2.41295 -3.01419 31.5576 -0.19969 1.7428 31.1166 -2.86257 6.81571 30.0481 -5.153 11.9224 28.4225 -6.80762 17.0883 26.2913 -7.55115 22.2616 23.7123 -7.43498 25.3641 21.9427 -6.84515 28.3416 20.0567 -5.77073 31.1156 18.0766 -4.23073 33.6009 16.0218 -0.8671 36.8299 12.5772 3.2408 38.8178 9.00247 7.66214 39.4114 5.30045 11.9335 38.5981 1.46642 15.0199 36.9554 -1.79632 17.493 34.5661 -5.11967 19.1992 31.604 -8.46397 20.0514 28.2626 -11.7773 19.9913 24.444 -15.2531 18.9634 20.6081 -18.554 17.0692 16.9041 -21.6133 14.4378 13.4186 -24.3688 11.1559 10.1338 -26.7908 7.39518 7.0754 -28.7731 3.28904 4.17893 -30.2485 -1.02928 1.356 -31.1484 -4.92685 -1.17399 -31.4112 -8.7669 -3.78876 -31.1319 -12.4225 -6.54315 -30.2889 -15.7535 -9.47325 -28.8817 -19.2435 -13.3849 -26.3761 -21.7204 -17.5369 -23.1534 -22.944 -21.801 -19.4011 -22.7562 -25.9754 -15.364 -21.2655 -29.5691 -11.5833 -18.5726 -32.6497 -8.02105 -14.8414 -35.0227 -4.87817 -10.3093 -36.5427 -2.31297 -7.12245 -37.0261 -1.02742 -3.79635 -37.1191 -0.0421943 -0.404947 -36.8294 0.633668 2.98352 -36.1754 0.998143 8.41336 -34.3679 0.929687 13.4569 -31.7994 0.08065 17.9611 -28.6285 -1.47215 21.8269 -25.0008 -3.62868 24.6774 -21.4906 -5.95158 26.9542 -17.7674 -8.5585 28.6455 -13.8604 -11.3366 29.7469 -9.77722 -14.1573 30.2854 -4.85496 -17.274 30.0582 0.315504 -20.0029 29.1014 5.70534 -22.0684 27.4916 11.2173 -23.1902 25.5811 16.1657 -23.1812 23.3862 20.8677 -22.0813 21.0779 25.1047 -19.8776 -0.0254805 0.0227894 0.0589025 0.0853989 0.00991814 0.0668634 0.0837774 0.0959918 0.0568435 0.0809656 0.101962 0.120591 0.132959 0.158014 0.156824 0.129747 0.235538 0.198103 0.139722 0.0622969 0.271821 0.178583 0.0702106 -0.0466351 0.274465 0.154549 0.0407445 -0.0734743 0.169703 0.0640102 -0.00801691 -0.0349811 0.098413 0.0966589 0.175651 0.317871 0.0761213 0.186042 0.316308 0.44806 -0.101965 -0.0440975 -0.0119271 -0.0152906 0.0934823 0.0298687 -0.107399 -0.370677 -0.0041854 -0.349096 -0.827625 -1.41443 0.0600454 -0.155538 -0.0478915 0.264282 -0.146157 -0.125897 -0.0200976 0.188692 -0.254641 -0.0185551 0.257195 0.539448 0.156913 0.319593 0.468252 0.609536 0.185728 0.244755 0.296642 0.339345 -0.0255913 -0.0789709 -0.181504 -0.383891 -0.245673 -0.590164 -1.00459 -1.19804 -0.0357386 -0.110108 -0.132069 -0.113214 -0.0496043 -0.0342451 0.0313184 0.127682 -0.0671155 -0.0164477 0.0535564 0.144372 -0.295438 -0.184615 -0.00509709 0.21412 -0.128964 0.0293364 0.133373 0.192751 0.422373
20.5279 27.4251 -16.3782 18.933 29.3179 -13.2779 17.4529 30.7235 -9.87611 16.093 31.6539 -6.26735 14.8302 32.1363 -2.5376 13.0383 32.0873 3.11253 11.1312 31.2353 8.66001 8.85856 29.6865 13.9111 6.0021 27.5401 18.6409 3.40967 25.6234 21.6526 0.424174 23.4929 24.1046 -2.90028 21.2096 25.8932 -6.46528 18.8337 26.9472 -11.3155 15.6543 27.1734 -16.0622 12.4808 26.1326 -20.4345 9.34461 23.9571 -24.2106 6.24025 20.8284 -26.8162 3.60495 17.5774 -28.7828 0.955828 13.9145 -30.0498 -1.72214 9.97425 -30.5794 -4.43935 5.89517 -30.3258 -7.35153 1.59997 -29.2553 -10.3188 -2.52839 -27.4127 -13.3425 -6.33043 -24.8676 -16.4188 -9.65508 -21.8081 -19.4444 -12.2941 -18.2688 -22.4762 -14.2336 -14.3618 -25.4625 -15.373 -10.213 -28.3259 -15.6336 -6.5441 -30.619 -15.1112 -2.89503 -32.6635 -13.8877 0.632845 -34.3713 -11.9825 3.93618 -35.6535 -9.44559 7.85209 -36.5782 -5.18645 10.9681 -36.4545 -0.22611 13.1201 -35.2285 5.08382 14.2205 -32.9484 10.3677 14.2723 -29.7948 15.2285 13.3663 -25.945 19.4632 11.63 -21.6187 22.9045 9.22189 -17.0208 25.4805 6.50058 -12.5987 27.1201 3.47891 -8.16605 28.0532 0.299794 -3.75568 28.3554 -2.88955 0.650815 28.1098 -6.13603 5.42716 27.3262 -8.98151 10.3595 26.0845 -11.1531 15.5157 24.4519 -12.3405 20.875 22.4938 -12.4302 24.1916 21.166 -11.9768 27.4482 19.7664 -10.952 30.5487 18.3148 -9.36216 33.3828 16.828 -5.70492 37.1564 14.3806 -1.06525 39.5701 11.88 4.05767 40.4112 9.30048 9.12616 39.6661 6.58741 12.9037 37.9723 4.19344 16.0731 35.464 1.63746 18.4599 32.3436 -1.0894 19.953 28.8326 -3.97271 20.5091 24.852 -7.21492 19.9891 20.9158 -10.5168 18.476 17.2124 -13.782 16.0965 13.8574 -16.9042 12.9485 10.8501 -19.8151 9.21469 8.20566 -22.3629 5.04049 5.82951 -24.4501 0.564311 3.58731 -25.9873 -3.54919 1.57745 -26.8243 -7.67575 -0.555215 -27.1146 -11.6826 -2.90505 -26.8237 -15.4146 -5.54107 -25.9383 -19.439 -9.27025 -24.0259 -22.429 -13.4562 -21.3246 -24.0835 -17.9476 -18.0307 -24.2012 -22.4934 -14.4139 -22.8704 -26.5108 -11.0199 -20.2287 -30.0444 -7.86295 -16.4684 -32.8695 -5.15926 -11.8604 -34.8275 -3.07056 -8.61412 -35.5852 -2.10614 -5.22602 -35.9486 -1.44966 -1.77312 -35.9276 -1.10412 1.67533 -35.5418 -1.06446 7.20284 -34.1734 -1.63814 12.3526 -32.033 -2.92425 16.9871 -29.2608 -4.81929 21.0224 -25.9773 -7.20461 24.065 -22.7036 -9.62696 26.5749 -19.1333 -12.2339 28.5358 -15.2846 -14.9143 29.9317 -11.1635 -17.543 30.8199 -6.09474 -20.3271 30.9265 -0.71021 -22.6135 30.2629 4.89769 -24.1443 28.8888 10.5602 -24.6731 27.1353 15.5358 -24.1208 25.0421 20.1391 -22.5193 22.7819 24.1581 -19.8972 -0.174039 -0.126175 -0.0904178 -0.0642592 -0.139908 -0.0828996 -0.0653039 -0.0518564 -0.0897583 -0.064481 -0.0424232 -0.0232624 -0.0107235 0.014461 0.0139345 -0.0110715 0.0988946 0.0678418 0.0189928 -0.045326 0.181444 0.109559 0.0252648 -0.0663017 0.278989 0.180127 0.0826876 -0.0201758 0.227587 0.120637 0.0429108 0.0070605 0.127897 0.110128 0.171472 0.293638 0.0287081 0.112027 0.21268 0.313148 -0.267232 -0.237771 -0.232483 -0.261286 -0.177858 -0.268023 -0.433484 -0.725569 -0.376532 -0.719863 -1.1687 -1.6894 -0.105934 -0.237037 -0.0984156 0.224792 -0.179393 -0.152219 -0.0353136 0.191644 -0.223811 0.0475465 0.356131 0.660967 0.288923 0.451941 0.593577 0.72275 0.28433 0.327826 0.363298 0.389415 0.00630086 -0.0658891 -0.18541 -0.398663 -0.259821 -0.574636 -0.910219 -1.01001 0.200583 0.144157 0.130192 0.151643 0.214484 0.225889 0.286584 0.378629 0.18124 0.231889 0.3037 0.39684 -0.0421296 0.0625593 0.224703 0.418562 0.0531183 0.197648 0.29482 0.351444 0.728673
16.4054 28.064 -12.9377 14.9201 29.518 -9.55864 13.5927 30.4751 -5.94476 12.4221 30.9596 -2.18532 11.379 31.0065 1.64195 9.95935 30.3329 7.35758 8.45996 28.8857 12.9069 6.6127 26.7634 18.1243 4.17892 24.0611 22.8052 1.88472 21.7448 25.7778 -0.826788 19.2351 28.189 -3.90922 16.604 29.9327 -7.26834 13.9244 30.9331 -11.9026 10.433 31.0685 -16.4861 7.06816 29.9044 -20.733 3.87661 27.5672 -24.4069 0.860463 24.237 -26.9351 -1.58602 20.7836 -28.829 -3.94447 16.8909 -30.0266 -6.23666 12.694 -30.4897 -8.48395 8.33075 -30.1682 -10.8265 3.70439 -29.0286 -13.1696 -0.790588 -27.109 -15.5399 -4.99667 -24.4703 -17.9595 -8.76189 -21.2946 -20.3685 -11.8588 -17.6072 -22.8269 -14.2753 -13.5175 -25.3023 -15.8961 -9.15421 -27.7337 -16.624 -5.28176 -29.7275 -16.4778 -1.42235 -31.5474 -15.5917 2.31024 -33.1098 -13.9734 5.79886 -34.3283 -11.6632 9.9108 -35.296 -7.60305 13.1363 -35.3573 -2.71206 15.2939 -34.445 2.65845 16.2902 -32.5864 8.12493 16.1371 -29.9297 13.2721 14.9387 -26.6289 17.8811 12.8407 -22.8769 21.7665 10.0205 -18.8553 24.8402 6.88004 -14.9583 26.985 3.41742 -11.0204 28.4522 -0.220354 -7.06141 29.3137 -3.88673 -3.04979 29.6515 -7.66842 1.38287 29.5196 -11.0798 6.07489 28.9586 -13.8469 11.1197 28.0316 -15.645 16.5227 26.7902 -16.1013 19.9522 25.8952 -15.9956 23.3866 24.9133 -15.2869 26.7254 23.8547 -13.9693 29.8498 22.7268 -10.6407 34.1741 20.7706 -6.17456 37.189 18.633 -1.07508 38.6342 16.2852 4.10141 38.4631 13.6813 8.0507 37.2059 11.2954 11.4512 35.0906 8.68166 14.1099 32.3117 5.83936 15.8927 29.0856 2.79236 16.7525 25.3492 -0.666818 16.4972 21.5995 -4.20815 15.1892 18.0397 -7.71287 12.9485 14.8017 -11.0537 9.88048 11.8983 -14.1494 6.18201 9.34679 -16.8397 2.01845 7.04808 -19.0322 -2.45339 4.85562 -20.6516 -6.55559 2.8529 -21.5583 -10.6548 0.680441 -21.9296 -14.6096 -1.76627 -21.7448 -18.2558 -4.56185 -21.0026 -22.1122 -8.57513 -19.3349 -24.8525 -13.1185 -16.9668 -26.1719 -17.9992 -14.1037 -25.8846 -22.913 -11.0164 -24.1438 -27.2085 -8.19711 -21.1021 -30.9252 -5.67417 -16.9943 -33.8248 -3.63729 -12.1263 -35.7526 -2.21728 -8.77051 -36.4443 -1.66703 -5.32053 -36.7114 -1.4052 -1.85329 -36.57 -1.42817 1.56415 -36.0454 -1.72529 6.95055 -34.4199 -2.77379 11.8686 -32.0019 -4.42345 16.2049 -28.9408 -6.56393 19.8977 -25.3608 -9.07421 22.6143 -21.8186 -11.5063 24.7876 -17.9766 -14.0278 26.4079 -13.8573 -16.5275 27.4636 -9.47609 -18.8798 27.966 -4.14074 -21.2279 27.7012 1.44224 -22.9578 26.6957 7.13993 -23.8279 25.0311 12.7453 -23.6252 23.0808 17.5213 -22.3911 20.8722 21.7845 -20.1365 18.5889 25.3431 -16.9334 -0.176245 -0.138647 -0.112599 -0.09619 -0.184646 -0.145167 -0.147617 -0.156072 -0.213541 -0.204056 -0.196124 -0.188729 -0.186269 -0.167631 -0.169626 -0.191282 -0.0741023 -0.0951037 -0.130648 -0.178475 0.0683534 0.0199621 -0.0384263 -0.10238 0.270956 0.199507 0.127937 0.049017 0.314951 0.219578 0.147681 0.112173 0.228262 0.200994 0.249955 0.356771 0.0728142 0.132964 0.206799 0.278647 -0.328776 -0.322997 -0.337531 -0.381585 -0.309 -0.40459 -0.567078 -0.841245 -0.456075 -0.752667 -1.13669 -1.58672 0.0593051 -0.0626995 0.0510363 0.348114 -0.0758613 -0.0652481 0.0334763 0.238173 -0.205171 0.0358754 0.319142 0.607064 0.224903 0.381261 0.517054 0.639786 0.194204 0.230066 0.257039 0.27382 -0.120754 -0.207515 -0.344044 -0.573266 -0.442966 -0.739222 -1.00621 -1.00994 0.263194 0.238078 0.244024 0.278094 0.351217 0.371206 0.439531 0.540681 0.354963 0.419401 0.507068 0.616991 0.195121 0.31435 0.479752 0.66061 0.271284 0.390463 0.464904 0.502855 0.868771
10.8294 28.8369 -8.7148 9.48766 29.8725 -5.12794 8.35473 30.418 -1.36535 7.42052 30.5056 2.48925 6.64745 30.1737 6.36619 5.68093 28.9689 12.0891 4.67862 27.0204 17.5969 3.35921 24.4121 22.7538 1.46794 21.2274 27.3818 -0.427804 18.552 30.3336 -2.7595 15.6865 32.7454 -5.49506 12.7098 34.512 -8.55294 9.7049 35.5534 -12.8739 5.83555 35.758 -17.2417 2.17541 34.6574 -21.3613 -1.20436 32.3572 -24.9791 -4.28306 29.0228 -27.5017 -6.67525 25.5276 -29.4195 -8.87858 21.5565 -30.6641 -10.9178 17.2443 -31.1925 -12.8223 12.7281 -30.9549 -14.7198 7.89725 -29.9074 -16.5504 3.14902 -28.0787 -18.3618 -1.36414 -25.5167 -20.1987 -5.49398 -22.3875 -22.0407 -9.00049 -18.7056 -23.9517 -11.8765 -14.5685 -25.9197 -13.9959 -10.0977 -27.9025 -15.245 -6.08279 -29.5698 -15.5497 -2.03859 -31.1296 -15.0984 1.91316 -32.5058 -13.8811 5.64357 -33.6174 -11.9214 10.0917 -34.5698 -8.22854 13.6302 -34.7597 -3.56247 16.043 -34.1078 1.73687 17.2117 -32.6209 7.28242 17.1355 -30.4161 12.6404 15.9217 -27.6237 17.5703 13.7262 -24.4107 21.8634 10.7408 -20.9354 25.4109 7.39671 -17.5411 28.0462 3.69262 -14.0825 30.038 -0.219713 -10.5691 31.4519 -4.19375 -6.96067 32.3661 -8.34601 -2.90271 32.8747 -12.1788 1.48675 32.9735 -15.4253 6.31988 32.7136 -17.761 11.6266 32.1226 -18.5705 15.0679 31.5999 -18.8279 18.5737 30.9569 -18.483 22.0472 30.1912 -17.5187 25.3704 29.2987 -14.7126 30.1437 27.5822 -10.6707 33.7384 25.4972 -5.87134 35.8517 23.0263 -0.863324 36.3912 20.1568 3.04025 35.7198 17.477 6.46944 34.1645 14.5289 9.21607 31.8974 11.3373 11.1269 29.1153 7.94934 12.146 25.7645 4.15467 12.046 22.2929 0.33313 10.8688 18.9027 -3.37995 8.72365 15.7338 -6.84733 5.71778 12.8114 -9.98594 2.05827 10.1674 -12.6399 -2.07011 7.71705 -14.7325 -6.48829 5.32527 -16.2108 -10.5095 3.11234 -16.9814 -14.4839 0.703155 -17.2285 -18.2608 -2.00254 -16.9542 -21.6703 -5.07411 -16.1787 -25.1471 -9.4443 -14.5748 -27.4193 -14.3359 -12.414 -28.2003 -19.5226 -9.91456 -27.3383 -24.6604 -7.34185 -25.0715 -29.0589 -5.11799 -21.561 -32.7573 -3.26637 -17.0846 -35.5164 -1.93203 -11.9788 -37.1964 -1.19776 -8.54626 -37.6859 -1.05585 -5.07807 -37.7248 -1.16757 -1.64793 -37.3364 -1.52193 1.68217 -36.5523 -2.10331 6.82943 -34.4837 -3.51095 11.4155 -31.6177 -5.38415 15.3498 -28.1134 -7.61944 18.5878 -24.1026 -10.1062 20.8658 -20.1949 -12.4263 22.5744 -16.0118 -14.7555 23.7097 -11.5871 -16.9861 24.268 -6.95072 -18.9947 24.1962 -1.40537 -20.8591 23.3786 4.27042 -22.0206 21.8728 9.91918 -22.2576 19.7963 15.3197 -21.3893 17.578 19.7776 -19.561 15.2203 23.6139 -16.7573 12.9143 26.666 -13.0825 -0.128254 -0.100389 -0.0835465 -0.0764372 -0.177321 -0.155299 -0.178322 -0.209898 -0.288555 -0.296644 -0.304965 -0.311653 -0.322137 -0.313503 -0.320476 -0.342241 -0.221019 -0.234893 -0.260181 -0.294793 -0.0315846 -0.0606 -0.0974565 -0.138216 0.259094 0.211745 0.163897 0.108211 0.393411 0.312117 0.249474 0.217941 0.333101 0.300071 0.340167 0.435569 0.137471 0.180602 0.235023 0.286459 -0.339948 -0.350419 -0.377949 -0.430937 -0.36285 -0.456889 -0.608561 -0.856759 -0.431394 -0.682915 -1.00973 -1.40007 0.297705 0.174639 0.248835 0.504514 0.0481921 0.0312629 0.0999563 0.268656 -0.219015 -0.0262203 0.216003 0.476536 0.0799549 0.230529 0.364797 0.487322 0.0412006 0.0756657 0.099858 0.112078 -0.290032 -0.389341 -0.543151 -0.790162 -0.66976 -0.949098 -1.15689 -1.08014 0.248171 0.253169 0.279928 0.328366 0.414452 0.446506 0.526141 0.640401 0.47052 0.552562 0.659627 0.789629 0.388168 0.525664 0.698055 0.869732 0.4601 0.556647 0.61016 0.630558 0.935676
10.5597 26.367 -8.81109 9.16912 27.1221 -5.17318 7.98489 27.4558 -1.40162 6.98991 27.4106 2.43848 6.14107 27.0259 6.29464 5.0266 25.8758 12.0019 3.8312 24.0944 17.5278 2.27755 21.7058 22.7257 0.124894 18.7316 27.3794 -1.96564 16.1727 30.3028 -4.47384 13.3771 32.6177 -7.34504 10.4224 34.1958 -10.4727 7.40221 34.9446 -14.7478 3.49107 34.611 -18.8814 -0.178374 32.8408 -22.5729 -3.47766 29.8121 -25.5968 -6.34538 25.7726 -27.5288 -8.44213 21.751 -28.8219 -10.2465 17.3493 -29.4523 -11.7984 12.7129 -29.415 -13.151 7.97244 -28.6604 -14.429 2.99335 -27.1882 -15.6374 -1.84053 -25.021 -16.8584 -6.40194 -22.1902 -18.166 -10.5577 -18.8482 -19.5726 -14.0695 -14.988 -21.1371 -16.921 -10.7044 -22.8496 -18.97 -6.12747 -24.6618 -20.0869 -2.06801 -26.2414 -20.2208 1.96093 -27.7605 -19.5483 5.82261 -29.1362 -18.0694 9.37701 -30.2836 -15.824 13.4463 -31.3394 -11.7429 16.4529 -31.7024 -6.72703 18.2075 -31.298 -1.15141 18.6276 -30.1324 4.57524 17.7573 -28.3091 10.006 15.7272 -25.9483 14.8927 12.7219 -23.2043 19.0173 8.96079 -20.2257 22.2664 4.94089 -17.3173 24.5095 0.627921 -14.3567 26.0202 -3.8209 -11.3425 26.8988 -8.26402 -8.21692 27.272 -12.8573 -4.62967 27.2625 -17.0827 -0.624423 26.9946 -20.6735 3.95081 26.6203 -23.2804 9.15171 26.2718 -24.1972 12.6023 26.1191 -24.5031 16.1615 26.0262 -24.1384 19.7162 25.9903 -23.0819 23.1301 25.9936 -19.9843 28.03 26.0144 -15.5018 31.7032 25.8697 -10.1428 33.8553 25.365 -4.46774 34.4253 24.3283 0.0744805 33.7956 22.9712 4.22519 32.3037 21.123 7.77482 30.1192 18.7783 10.556 27.4282 15.9688 12.5557 24.1712 12.4961 13.4222 20.7792 8.7001 13.1283 17.4603 4.75486 11.7165 14.3808 0.857384 9.25296 11.6129 -2.84339 5.91422 9.24137 -6.10758 1.89471 7.22887 -8.79454 -2.60367 5.46729 -10.8164 -6.84248 3.97279 -12.0246 -11.1741 2.40194 -12.6805 -15.4621 0.596851 -12.8073 -19.5505 -1.59741 -12.4458 -24.1006 -5.05483 -11.3959 -27.6038 -9.42557 -9.85195 -29.5897 -14.5825 -8.05736 -29.7054 -20.123 -6.31112 -28.047 -25.1156 -4.98691 -24.8762 -29.4344 -4.13626 -20.5746 -32.7262 -3.83409 -15.5818 -34.8355 -4.06435 -12.2138 -35.5738 -4.4562 -8.80098 -35.859 -5.01652 -5.40616 -35.7287 -5.7241 -2.07672 -35.222 -6.56109 3.17976 -33.6491 -8.18912 8.04234 -31.2961 -10.0796 12.4195 -28.2715 -12.1884 16.229 -24.6553 -14.4614 19.0697 -20.9952 -16.5534 21.3401 -16.9508 -18.6344 22.9863 -12.5606 -20.5987 23.963 -7.87609 -22.3144 24.2253 -2.221 -23.792 23.5737 3.55039 -24.4981 22.0861 9.20185 -24.2155 19.926 14.4513 -22.7983 17.5928 18.6228 -20.4979 15.1199 22.0551 -17.2978 12.7186 24.6441 -13.3396 -0.242223 -0.216249 -0.199238 -0.189834 -0.285033 -0.253333 -0.265578 -0.288314 -0.363383 -0.372121 -0.384708 -0.399046 -0.421207 -0.426637 -0.445893 -0.475835 -0.357027 -0.368493 -0.386879 -0.410586 -0.132944 -0.145001 -0.164256 -0.188363 0.222977 0.18597 0.144239 0.0908829 0.374546 0.288707 0.219095 0.178744 0.281968 0.233136 0.25496 0.329597 0.00894139 0.0289358 0.0610362 0.0922337 -0.551336 -0.576753 -0.618944 -0.688341 -0.641068 -0.763909 -0.95569 -1.25587 -0.876209 -1.15383 -1.48563 -1.84613 -0.0537233 -0.0240754 0.174215 0.51057 0.102019 0.115887 0.206705 0.389557 -0.0918648 0.0993935 0.336285 0.592727 0.195945 0.350044 0.489656 0.617188 0.173972 0.208153 0.228473 0.232848 -0.182552 -0.301674 -0.476921 -0.737762 -0.611068 -0.850819 -0.986219 -0.832792 0.543913 0.573 0.61466 0.670976 0.759624 0.786465 0.855012 0.954115 0.767242 0.832916 0.925036 1.04366 0.635316 0.770035 0.941651 1.11057 0.694277 0.782031 0.826321 0.838951 1.25348
10.6605 24.2187 -8.37531 9.23459 24.8267 -4.72354 8.00255 25.0682 -0.960277 6.93822 24.9861 2.86058 5.99237 24.6146 6.6954 4.67601 23.5608 12.3782 3.214 21.9293 17.8862 1.34597 19.7023 23.0523 -1.13673 16.8617 27.6244 -3.45313 14.3632 30.4274 -6.14497 11.5892 32.5543 -9.13198 8.61977 33.8676 -12.2846 5.56047 34.2752 -16.4282 1.59241 33.3978 -20.2361 -2.0916 31.0286 -23.43 -5.31896 27.4136 -25.8363 -8.00202 22.8643 -27.2026 -9.849 18.5026 -27.9364 -11.3261 13.857 -28.0519 -12.4886 9.06761 -27.5703 -13.4092 4.24857 -26.4375 -14.2093 -0.758495 -24.6774 -14.9412 -5.59179 -22.2973 -15.7092 -10.1458 -19.3052 -16.6058 -14.2976 -15.8331 -17.6658 -17.8049 -11.8539 -18.9415 -20.6366 -7.45879 -20.422 -22.6293 -2.7885 -22.0523 -23.6346 1.31956 -23.5069 -23.6202 5.34854 -24.9247 -22.7545 9.14469 -26.2201 -21.0506 12.5562 -27.3101 -18.5675 16.3058 -28.3359 -14.1837 18.8583 -28.7481 -8.92589 20.0512 -28.4955 -3.19503 19.8328 -27.5951 2.59041 18.2832 -26.1406 7.98093 15.5524 -24.2364 12.7234 11.8551 -22.0112 16.5903 7.44555 -19.5869 19.4632 2.88615 -17.2086 21.2533 -1.87939 -14.766 22.2396 -6.69078 -12.2371 22.5629 -11.42 -9.54292 22.4036 -16.2618 -6.33488 21.9209 -20.7052 -2.60374 21.3715 -24.4978 1.80666 21.0094 -27.2832 6.92571 21.0633 -28.2906 10.3395 21.3819 -28.6691 13.8505 21.9295 -28.3614 17.3293 22.6869 -27.3528 20.6322 23.6056 -24.329 25.2888 25.2726 -19.9197 28.7236 26.8103 -14.5936 30.7486 27.8772 -8.84038 31.3805 28.2049 -4.09495 30.9622 27.7856 0.416905 29.8085 26.6982 4.50378 28.0467 24.948 8.00301 25.8028 22.5836 10.9684 22.9754 19.4405 12.9587 19.8689 15.8274 13.8731 16.6213 11.918 13.6468 13.3729 7.91011 12.2343 10.228 3.96794 9.6822 7.38704 0.384385 6.13071 4.98261 -2.62089 1.80412 3.08913 -4.88393 -2.47094 1.81682 -6.21275 -6.96611 0.83758 -6.91649 -11.5378 -0.0205997 -7.07228 -16.0801 -0.996014 -6.79495 -21.5584 -2.77607 -6.03422 -26.4819 -5.72268 -5.1198 -30.2166 -10.1158 -4.40491 -31.974 -15.6509 -4.22799 -31.3894 -21.0224 -4.71176 -28.8 -25.6719 -5.76383 -24.7861 -29.0362 -7.17803 -19.9907 -31.0396 -8.73418 -16.739 -31.7325 -9.72851 -13.4222 -32.0452 -10.7 -10.0822 -32.0503 -11.6417 -6.74415 -31.8 -12.5567 -1.28803 -30.8946 -14.0286 4.03427 -29.4078 -15.5179 9.11799 -27.2976 -17.0856 13.8133 -24.4895 -18.7658 17.4966 -21.3588 -20.3391 20.5648 -17.6304 -21.9286 22.8758 -13.358 -23.428 24.326 -8.65275 -24.6928 24.8763 -2.9075 -25.6525 24.2801 2.90988 -25.8379 22.6966 8.48698 -25.0504 20.3784 13.5222 -23.1783 17.9083 17.4044 -20.5395 15.3322 20.5034 -17.0903 12.8644 22.7669 -12.9766 -0.298813 -0.273978 -0.256312 -0.244568 -0.334739 -0.294968 -0.298493 -0.314201 -0.386546 -0.396188 -0.412884 -0.434546 -0.467924 -0.487057 -0.518809 -0.558044 -0.443752 -0.455664 -0.470905 -0.488246 -0.201405 -0.202152 -0.209351 -0.221857 0.199366 0.169722 0.13249 0.0814281 0.365403 0.278471 0.206755 0.163179 0.260903 0.202687 0.211269 0.268751 -0.0722226 -0.0744785 -0.0651927 -0.0560905 -0.719827 -0.764074 -0.825666 -0.916967 -0.896785 -1.05461 -1.28919 -1.63365 -1.27765 -1.55463 -1.86111 -2.1704 -0.287429 -0.145007 0.138844 0.53154 0.154347 0.182081 0.271042 0.433903 -0.0869943 0.050352 0.235103 0.455851 0.0467922 0.211003 0.376787 0.539211 0.131469 0.196126 0.240313 0.2587 -0.154231 -0.286347 -0.47962 -0.744615 -0.593778 -0.775694 -0.825749 -0.57963 0.869382 0.944534 1.02242 1.10365 1.20741 1.2264 1.26672 1.32651 1.09946 1.13058 1.19427 1.29226 0.869953 0.995266 1.15898 1.31723 0.887442 0.961934 0.994977 0.999756 1.46721
10.978 22.1548 -7.64229 9.5109 22.7276 -4.00114 8.21144 22.9643 -0.260317 7.04873 22.9073 3.53222 5.9708 22.5874 7.33672 4.39433 21.6481 12.9732 2.60827 20.15 18.4233 0.377548 18.0465 23.4964 -2.46516 15.2924 27.909 -5.01221 12.8214 30.5304 -7.87499 10.0418 32.4126 -10.9475 7.03913 33.417 -14.0797 3.93237 33.4596 -18.0188 -0.0889916 32.0466 -21.4303 -3.77284 29.1352 -24.0768 -6.91168 25.033 -25.8497 -9.40211 20.0994 -26.6666 -11.0062 15.5101 -26.8822 -12.1784 10.7266 -26.5416 -12.9896 5.87594 -25.6845 -13.5302 1.05142 -24.2487 -13.9175 -3.92678 -22.272 -14.2429 -8.72063 -19.7418 -14.6272 -13.2422 -16.6408 -15.1763 -17.3746 -13.079 -15.9427 -20.8683 -9.01177 -16.9725 -23.6749 -4.52886 -18.2531 -25.6098 0.216355 -19.7225 -26.5062 4.36078 -21.0611 -26.3502 8.38135 -22.3756 -25.3019 12.107 -23.5726 -23.3838 15.3702 -24.5608 -20.6696 18.7968 -25.4726 -16.0051 20.9125 -25.8501 -10.5543 21.5909 -25.6833 -4.73696 20.8092 -25.0098 1.03063 18.6736 -23.9162 6.30489 15.3474 -22.4869 10.829 11.0731 -20.8161 14.3665 6.1422 -18.9848 16.797 1.17557 -17.1608 18.0833 -3.90005 -15.2364 18.5124 -8.92858 -13.1614 18.2724 -13.8059 -10.8353 17.6015 -18.7675 -7.91238 16.7036 -23.3281 -4.35844 15.9705 -27.2523 -0.0549042 15.7554 -30.182 4.94674 16.3612 -31.285 8.23423 17.2249 -31.7676 11.5545 18.4549 -31.5816 14.7723 19.9982 -30.7217 17.7568 21.7654 -28.0023 21.8461 24.8458 -23.9437 24.8167 27.7284 -18.9293 26.6316 30.0015 -13.3458 27.3846 31.3669 -8.57378 27.3147 31.6718 -3.85596 26.6985 31.1896 0.626782 25.6055 29.9324 4.71124 24.091 27.9592 8.5113 22.0318 25.1333 11.5244 19.5757 21.734 13.6068 16.7683 17.9328 14.6188 13.674 13.9244 14.4193 10.3505 9.88201 12.8968 7.0128 6.14473 10.0733 3.89624 3.02378 6.14011 1.25384 0.793648 1.99584 -0.545433 -0.323364 -2.47311 -1.80108 -0.658158 -7.04687 -2.61432 -0.375704 -11.6194 -3.19326 0.270304 -17.3066 -3.98199 1.16083 -22.9181 -5.45164 1.49173 -28.0276 -8.08122 0.633578 -31.7112 -11.8953 -1.74156 -32.9953 -15.9808 -5.07152 -31.9355 -19.7877 -8.7881 -28.9474 -22.7653 -12.1991 -24.7267 -24.7991 -14.9339 -21.6739 -25.7073 -16.3118 -18.4562 -26.3728 -17.4279 -15.1392 -26.8511 -18.3284 -11.7627 -27.1746 -19.0615 -6.12161 -27.3831 -20.0046 -0.460491 -27.103 -20.7973 5.1304 -26.1685 -21.5869 10.4968 -24.3892 -22.4761 14.8795 -21.9796 -23.386 18.6794 -18.7484 -24.3664 21.671 -14.7476 -25.3077 23.6825 -10.1401 -26.0605 24.6916 -4.39283 -26.4869 24.3712 1.44233 -26.2044 22.9312 6.98944 -25.0264 20.6796 11.9321 -22.851 18.2379 15.6912 -20.0149 15.6747 18.6537 -16.4386 13.2057 20.7931 -12.2597 -0.455842 -0.430606 -0.411488 -0.397255 -0.482978 -0.436576 -0.433312 -0.443976 -0.515027 -0.526593 -0.548274 -0.578155 -0.623948 -0.658584 -0.705243 -0.756878 -0.650638 -0.666769 -0.683138 -0.698823 -0.407966 -0.402933 -0.403634 -0.409932 0.0162028 -0.0104783 -0.0469887 -0.0989378 0.182975 0.093258 0.0182953 -0.028798 0.0652643 0.000687503 -0.00143577 0.0405593 -0.319874 -0.344235 -0.358348 -0.372736 -1.05882 -1.12472 -1.20919 -1.32631 -1.33722 -1.53243 -1.80644 -2.17996 -1.82425 -2.08099 -2.3477 -2.60233 -0.64053 -0.408474 -0.0565941 0.380614 0.0242496 0.0544988 0.129245 0.261298 -0.306212 -0.226193 -0.0976155 0.0787142 -0.355172 -0.19234 -0.00587486 0.193975 -0.168741 -0.0585691 0.0302309 0.0902161 -0.27823 -0.353437 -0.464528 -0.601569 -0.279031 -0.262714 -0.116281 0.285449 1.81768 1.93288 2.03179 2.11837 2.21091 2.19244 2.18291 2.19088 1.91804 1.91061 1.9408 2.01019 1.56136 1.66038 1.80081 1.94067 1.49807 1.56402 1.59137 1.59294 2.2166
11.3147 19.799 -6.73733 9.78401 20.2932 -3.11089 8.38679 20.4797 0.597404 7.09148 20.4042 4.3464 5.84645 20.0971 8.10061 3.95934 19.2275 13.6522 1.80345 17.8363 18.9958 -0.830945 15.8481 23.9197 -4.06988 13.187 28.1108 -6.86978 10.7552 30.5007 -9.91796 7.98709 32.0852 -13.0777 4.97525 32.7252 -16.1736 1.85476 32.3479 -19.8567 -2.15573 30.3391 -22.7912 -5.75151 26.8542 -24.7971 -8.6975 22.2736 -25.8491 -10.8883 17.003 -26.0568 -12.1676 12.2467 -25.7097 -12.9681 7.39472 -24.8813 -13.3795 2.55248 -23.6252 -13.5104 -2.2128 -21.8661 -13.4725 -7.1014 -19.656 -13.3957 -11.8029 -16.9654 -13.4144 -16.2475 -13.7573 -13.6456 -20.3278 -10.124 -14.156 -23.7946 -6.00243 -14.9845 -26.5886 -1.4723 -16.115 -28.5069 3.31441 -17.4736 -29.3563 7.47974 -18.731 -29.1088 11.4837 -19.9569 -27.9017 15.1165 -21.0316 -25.7475 18.1782 -21.8646 -22.7601 21.1794 -22.5638 -17.7767 22.7607 -22.8021 -12.14 22.865 -22.6356 -6.28411 21.513 -22.1401 -0.604624 18.8347 -21.4018 4.48028 14.9953 -20.4798 8.72095 10.2537 -19.4178 11.8775 4.92882 -18.2334 13.8313 -0.317021 -16.9935 14.6014 -5.57521 -15.584 14.4841 -10.7034 -13.9218 13.7171 -15.6296 -11.8902 12.597 -20.6295 -9.15461 11.3789 -25.2495 -5.69199 10.5836 -29.2634 -1.46708 10.6505 -32.3047 3.34037 11.9174 -33.4904 6.39204 13.3497 -34.0734 9.37083 15.2358 -34.0186 12.1508 17.4806 -33.3331 14.6345 19.9567 -30.9936 17.8906 24.1437 -27.3995 20.2141 28.0538 -22.8425 21.7377 31.2971 -17.5994 22.6337 33.6021 -12.9512 23.0037 34.664 -8.17574 23.0723 34.9097 -3.43464 22.8346 34.3304 1.11012 22.253 32.9604 5.61471 21.175 30.6772 9.50526 19.5559 27.6924 12.5792 17.3445 24.1814 14.633 14.5416 20.3615 15.4842 11.1778 16.439 14.963 7.47528 12.7721 13.0538 3.71716 9.66452 9.8999 0.233729 7.35282 6.28433 -2.38966 6.04681 2.15595 -4.43843 5.39923 -2.26285 -5.8917 5.24883 -6.82149 -6.82361 5.35322 -12.5972 -7.45112 5.43201 -18.3645 -7.82403 4.83361 -23.8516 -8.29374 2.98167 -28.4608 -9.15956 -0.448208 -31.2504 -10.4714 -4.91211 -32.0686 -12.2286 -9.97884 -30.8594 -14.2673 -14.8585 -27.9901 -16.3983 -18.9396 -25.5502 -17.7491 -21.0048 -22.7792 -19.0575 -22.6331 -19.7813 -20.301 -23.8615 -16.6293 -21.453 -24.7445 -11.2038 -23.0728 -25.5782 -5.59325 -24.1537 -25.9071 0.121106 -24.4637 -25.975 5.80162 -23.7666 -25.9884 10.622 -22.1555 -26.0875 15.0004 -19.5848 -26.3377 18.6939 -16.1116 -26.7073 21.4551 -11.8543 -27.0111 23.2809 -6.29572 -27.0248 23.6348 -0.490539 -26.3878 22.6873 5.08436 -24.8865 20.7571 10.027 -22.4214 18.4907 13.7264 -19.3696 16.0192 16.5753 -15.6397 13.5759 18.573 -11.3764 -0.464385 -0.43876 -0.418257 -0.401509 -0.482483 -0.428529 -0.416782 -0.419835 -0.486631 -0.497224 -0.520818 -0.555946 -0.611054 -0.658257 -0.717514 -0.779746 -0.680258 -0.699683 -0.716506 -0.730103 -0.434977 -0.423975 -0.41788 -0.417359 0.0147201 -0.0076717 -0.042281 -0.0951175 0.182951 0.0875966 0.0063755 -0.0440087 0.0502595 -0.0142614 -0.0208646 0.010294 -0.367039 -0.412967 -0.451721 -0.492415 -1.20495 -1.29765 -1.41103 -1.56046 -1.60862 -1.84475 -2.15523 -2.54659 -2.17977 -2.41183 -2.64161 -2.85184 -0.830742 -0.532774 -0.131443 0.333726 -0.0190753 -0.00463518 0.0369548 0.122172 -0.502127 -0.481687 -0.405536 -0.268863 -0.727138 -0.573592 -0.384174 -0.173505 -0.521875 -0.395084 -0.284262 -0.192673 -0.510851 -0.506373 -0.517717 -0.53536 -0.0802331 0.0780927 0.370019 0.899792 2.50359 2.65059 2.7578 2.83171 2.88357 2.78904 2.69709 2.63131 2.30024 2.24544 2.22811 2.25166 1.75771 1.81384 1.9207 2.03913 1.58521 1.64503 1.66844 1.66766 2.29929
12.0952 17.5074 -5.40112 10.5258 17.9475 -1.78425 9.03178 18.0829 1.88834 7.58774 17.9634 5.58144 6.14855 17.6209 9.26246 3.90024 16.7131 14.6716 1.32724 15.2917 19.8191 -1.74049 13.2662 24.4693 -5.37455 10.5478 28.2825 -8.39974 8.05748 30.3101 -11.5802 5.22517 31.4622 -14.7492 2.15926 31.6101 -17.7113 -0.982598 30.7048 -20.996 -4.9336 28.0058 -23.3232 -8.33543 23.9196 -24.5966 -10.9456 18.8947 -24.8903 -12.6797 13.3637 -24.5019 -13.5041 8.51886 -23.6424 -13.8132 3.67444 -22.4074 -13.7186 -1.0972 -20.8564 -13.3467 -5.76187 -18.8989 -12.7967 -10.5431 -16.5827 -12.2363 -15.16 -13.8451 -11.806 -19.5548 -10.6104 -11.6254 -23.6166 -6.93772 -11.7708 -27.0764 -2.74449 -12.2658 -29.8426 1.88598 -13.0883 -31.6763 6.77198 -14.1577 -32.3569 10.9832 -15.1784 -31.892 14.9584 -16.1856 -30.417 18.4573 -17.0761 -27.9765 21.2931 -17.7873 -24.7446 23.8673 -18.4185 -19.5192 24.9134 -18.7071 -13.7614 24.4144 -18.7283 -7.92355 22.4378 -18.5769 -2.40993 19.1722 -18.3383 2.37058 14.8242 -18.0556 6.19026 9.68748 -17.7251 8.8509 4.09079 -17.2932 10.2879 -1.31374 -16.7093 10.6025 -6.66692 -15.85 10.0983 -11.8603 -14.5979 9.04481 -16.8497 -12.8292 7.76936 -21.9314 -10.2405 6.56876 -26.6481 -6.86093 6.02325 -30.7617 -2.77148 6.58982 -33.9026 1.72319 8.56422 -35.1638 4.4595 10.4857 -35.8448 7.03341 12.8693 -35.9231 9.34246 15.5955 -35.414 11.3253 18.5246 -33.4503 13.7959 23.3873 -30.3128 15.4987 27.9548 -26.2333 16.658 31.907 -21.4168 17.4884 35.0245 -17.0298 18.03 36.8495 -12.3912 18.4553 37.9324 -7.62616 18.7215 38.2385 -2.86763 18.7385 37.7628 2.09784 18.3421 36.4014 6.67958 17.3582 34.232 10.6338 15.6631 31.376 13.6889 13.2113 28.0112 15.5983 10.0263 24.3186 16.1036 6.35061 20.6227 15.1266 2.51179 17.1971 12.7538 -1.11295 14.2549 9.66395 -3.87049 12.1314 5.8835 -6.01531 10.4676 1.65444 -7.46763 9.1768 -2.80989 -8.23797 8.11054 -8.47635 -8.36037 6.83171 -14.0242 -7.81561 5.19351 -19.2413 -6.93329 2.79301 -23.8292 -6.08995 -0.670857 -27.1651 -5.69438 -4.93059 -29.1985 -5.95311 -9.95334 -29.662 -7.01457 -15.2532 -28.5297 -8.84724 -20.232 -27.0719 -10.3404 -23.0046 -25.1367 -12.0027 -25.3569 -22.8221 -13.754 -27.259 -20.2138 -15.5147 -28.7215 -15.4318 -18.26 -30.2546 -10.2185 -20.5149 -30.9555 -4.68972 -21.988 -31.0882 1.01494 -22.3966 -30.8779 6.03444 -21.6667 -30.5408 10.7549 -19.8248 -30.1331 14.8986 -16.9154 -29.6781 18.2342 -13.1149 -29.1579 20.8356 -7.94582 -28.2951 22.0039 -2.38722 -26.8921 21.8231 3.05683 -24.7565 20.5437 7.93893 -21.7968 18.7324 11.6032 -18.4162 16.5753 14.411 -14.4665 14.3082 16.3516 -10.0812 -0.437886 -0.410686 -0.388108 -0.368727 -0.445547 -0.385674 -0.367679 -0.365372 -0.429332 -0.439529 -0.46486 -0.504435 -0.567165 -0.624141 -0.692465 -0.761157 -0.664205 -0.682812 -0.695896 -0.703226 -0.399622 -0.378453 -0.361509 -0.350272 0.0915248 0.0774329 0.0498224 0.00414152 0.28972 0.201791 0.127626 0.0840047 0.181321 0.115614 0.103651 0.125169 -0.26636 -0.331017 -0.392605 -0.459402 -1.19962 -1.32082 -1.46386 -1.64319 -1.72037 -1.98014 -2.30067 -2.68066 -2.2858 -2.48849 -2.6846 -2.85991 -0.79575 -0.452268 -0.0171898 0.466906 0.116388 0.120656 0.142034 0.200363 -0.454294 -0.462633 -0.408056 -0.283323 -0.744521 -0.588807 -0.398411 -0.193263 -0.554006 -0.442717 -0.346837 -0.265387 -0.586719 -0.57278 -0.563739 -0.551002 -0.0598159 0.138443 0.473065 1.04399 2.67548 2.83824 2.95353 3.0264 3.06159 2.92342 2.77153 2.64311 2.25807 2.16005 2.1049 2.08647 1.54074 1.53303 1.57362 1.63719 1.15027 1.19442 1.21191 1.21012 1.81632
13.7379 15.744 -3.9142 12.2462 16.0282 -0.249187 10.764 16.0056 3.43064 9.27424 15.7205 7.09643 7.74189 15.2013 10.7187 5.28761 14.0045 15.9801 2.47125 12.2613 20.8961 -0.828203 9.88741 25.2107 -4.62751 6.8139 28.5657 -7.69623 4.07912 30.1684 -10.8299 1.04531 30.8323 -13.8478 -2.14994 30.4488 -16.5526 -5.32062 29.0014 -19.3605 -9.12615 25.6371 -21.1191 -12.167 21.017 -21.8161 -14.23 15.6372 -21.603 -15.2832 9.93361 -20.8803 -15.4663 5.06054 -19.7918 -15.1053 0.265995 -18.4355 -14.333 -4.4102 -16.8624 -13.2895 -8.96421 -14.97 -12.0469 -13.6407 -12.7816 -10.8133 -18.1886 -10.2001 -9.72963 -22.5653 -7.11114 -8.91551 -26.6628 -3.53408 -8.46656 -30.1959 0.633207 -8.39397 -33.0434 5.30852 -8.68483 -34.924 10.2792 -9.27016 -35.5794 14.5527 -9.92237 -35.0284 18.547 -10.6222 -33.4323 22.0181 -11.2905 -30.8834 24.7692 -11.8726 -27.5541 27.1223 -12.4808 -22.2228 27.8376 -12.9312 -16.4249 26.9471 -13.3137 -10.6465 24.5811 -13.7284 -5.30234 20.9877 -14.2356 -0.785194 16.4039 -14.8393 2.70746 11.1304 -15.4659 5.02505 5.4714 -15.9792 6.15959 0.0321221 -16.2017 6.27647 -5.37893 -16.0218 5.69578 -10.6863 -15.2989 4.71675 -15.8527 -13.9173 3.69286 -21.1669 -11.6331 2.98016 -26.1029 -8.53889 3.14604 -30.3633 -4.83175 4.58551 -33.5606 -0.899723 7.46339 -34.8342 1.40148 9.88259 -35.5303 3.49694 12.6923 -35.6457 5.31701 15.7655 -35.2092 6.83418 18.9714 -33.4458 8.6638 24.1819 -30.6031 9.92431 29.0744 -26.8822 10.8604 33.42 -22.4442 11.6794 37.0587 -18.3456 12.3555 39.4282 -13.9367 13.0296 41.1537 -9.30508 13.6396 42.1765 -4.55043 14.0723 42.4526 0.581077 14.1768 41.8841 5.51056 13.7163 40.4162 9.97309 12.5399 38.0993 13.6551 10.5856 35.0514 16.2702 7.87896 31.4098 17.5036 4.65788 27.4691 17.2366 1.25029 23.5014 15.5185 -1.96998 19.7459 12.9383 -4.38919 16.7209 9.58514 -6.20767 14.0545 5.70544 -7.32912 11.7414 1.53497 -7.74566 9.71795 -3.79992 -7.37602 7.44606 -9.0232 -6.26685 5.15558 -13.9659 -4.73632 2.51242 -18.4702 -3.14853 -0.796535 -22.0775 -1.97428 -4.67453 -24.8439 -1.42084 -9.30816 -26.4875 -1.74222 -14.4681 -26.8056 -3.04009 -19.7259 -26.289 -4.34728 -22.8986 -25.2367 -5.95492 -25.7883 -23.7022 -7.77367 -28.3141 -21.7486 -9.70437 -30.4349 -17.7665 -12.8951 -33.0266 -13.05 -15.7136 -34.6283 -7.78334 -17.806 -35.4272 -2.16113 -18.8611 -35.6063 2.91444 -18.7188 -35.3608 7.80766 -17.4639 -34.7919 12.2317 -15.1181 -33.9162 15.9194 -11.8321 -32.7141 19.0097 -7.21687 -30.8754 20.759 -2.18452 -28.4574 21.2259 2.7749 -25.3885 20.6072 7.23239 -21.6496 19.3493 10.5688 -17.7225 17.6569 13.0996 -13.3788 15.7358 14.8023 -8.73691 -0.475777 -0.449981 -0.428192 -0.409556 -0.487659 -0.43062 -0.417121 -0.421069 -0.491838 -0.508601 -0.540774 -0.587605 -0.65803 -0.720978 -0.791273 -0.857419 -0.754321 -0.764569 -0.767267 -0.762666 -0.445576 -0.409505 -0.37672 -0.348771 0.110258 0.113649 0.10372 0.0771027 0.381656 0.311651 0.254901 0.222449 0.325569 0.259957 0.242412 0.252655 -0.155751 -0.242166 -0.329239 -0.423822 -1.19187 -1.33958 -1.50688 -1.7056 -1.79421 -2.05208 -2.35279 -2.69489 -2.25841 -2.42723 -2.5895 -2.73267 -0.631132 -0.250232 0.211012 0.708716 0.359452 0.357143 0.366782 0.410983 -0.258004 -0.278376 -0.232201 -0.113628 -0.582349 -0.440056 -0.271767 -0.0965846 -0.489383 -0.407885 -0.338517 -0.278611 -0.617938 -0.615724 -0.611588 -0.598008 -0.102839 0.101456 0.443769 1.02365 2.66322 2.83279 2.95516 3.0348 3.07628 2.93783 2.77227 2.62039 2.21023 2.08946 2.0117 1.97017 1.39342 1.33778 1.31665 1.31626 0.779348 0.791292 0.790207 0.779208 1.41976
16.8838 17.0116 -3.04815 15.6706 16.7981 0.722948 14.4454 16.2807 4.46055 13.192 15.5028 8.14326 11.8793 14.4916 11.7479 9.73413 12.5623 16.9261 7.2284 10.0983 21.6997 4.26089 7.03888 25.8193 0.819639 3.35557 28.9383 -1.977 0.249551 30.3512 -4.85404 -3.06135 30.8257 -7.65665 -6.4222 30.2648 -10.2146 -9.63896 28.6605 -12.967 -13.3304 25.1275 -14.8441 -16.0891 20.3787 -15.8226 -17.7457 14.903 -16.0218 -18.3117 9.13024 -15.7229 -18.0437 4.21685 -15.1034 -17.2124 -0.602679 -14.2425 -15.9579 -5.29178 -13.1753 -14.4213 -9.85281 -11.8133 -12.6425 -14.5406 -10.1383 -10.8448 -19.1184 -8.03867 -9.15629 -23.5608 -5.38383 -7.68536 -27.7777 -2.1635 -6.54458 -31.4936 1.73322 -5.73617 -34.5987 6.24723 -5.27298 -36.8098 11.1843 -5.12948 -37.8511 15.5368 -5.21597 -37.6519 19.7037 -5.4467 -36.3967 23.4246 -5.77192 -34.1513 26.4806 -6.15483 -31.0681 29.2933 -6.72901 -25.9604 30.4895 -7.39365 -20.2633 30.0789 -8.1993 -14.4743 28.1804 -9.19412 -9.02126 25.0245 -10.3707 -4.30637 20.8317 -11.6785 -0.526871 15.8714 -12.9867 2.16742 10.4172 -14.1144 3.76546 5.05577 -14.831 4.39051 -0.384331 -15.0639 4.3819 -5.8058 -14.6946 4.03514 -11.139 -13.6487 3.70083 -16.6534 -11.7639 3.77905 -21.7811 -9.17363 4.76018 -26.2093 -6.10668 6.98529 -29.5462 -2.93048 10.5549 -30.8907 -1.12067 13.3275 -31.6454 0.48683 16.4285 -31.8054 1.84244 19.7311 -31.3979 2.93459 23.1092 -29.6468 4.18411 28.4923 -26.7794 5.01769 33.4612 -23.0094 5.68523 37.814 -18.5154 6.3933 41.4069 -14.3795 7.09456 43.7032 -9.95116 7.89666 45.3208 -5.32482 8.73353 46.1965 -0.603093 9.48748 46.28 4.46343 10.0385 45.4475 9.30607 10.1193 43.6562 13.6767 9.56416 40.9626 17.2863 8.28682 37.4977 19.8752 6.28477 33.4093 21.1493 3.73532 29.0158 20.9897 0.911891 24.608 19.423 -1.85576 20.4473 16.9835 -4.0009 17.1145 13.7501 -5.66547 14.2103 9.9497 -6.73778 11.7471 5.80812 -7.18619 9.67182 0.435636 -6.93231 7.47386 -4.904 -5.9695 5.39527 -10.0402 -4.56268 3.07165 -14.8176 -3.02093 0.146164 -18.7538 -1.76997 -3.37123 -21.9158 -0.987997 -7.70944 -24.002 -0.91634 -12.7167 -24.7716 -1.6792 -18.0323 -24.524 -2.59494 -21.3703 -23.7111 -3.79257 -24.5241 -22.3767 -5.19977 -27.4018 -20.5787 -6.73055 -29.9446 -16.7551 -9.30833 -33.3343 -12.1005 -11.5805 -35.7688 -6.84048 -13.1922 -37.3465 -1.21384 -13.8349 -38.1726 3.8482 -13.3981 -38.3366 8.7051 -11.9385 -37.9873 13.0823 -9.50131 -37.1256 16.7388 -6.25344 -35.739 19.8509 -1.8454 -33.4772 21.72 2.81712 -30.4774 22.4205 7.26934 -26.7466 22.1414 11.1135 -22.3447 21.2601 13.8301 -17.8749 19.9809 15.706 -13.0809 18.4798 16.7395 -8.09945 -0.496452 -0.48224 -0.471618 -0.464421 -0.557742 -0.521414 -0.531065 -0.559482 -0.651171 -0.683807 -0.728648 -0.783943 -0.857766 -0.916118 -0.974369 -1.02374 -0.903454 -0.897893 -0.885673 -0.86731 -0.537108 -0.488122 -0.44204 -0.399237 0.0772251 0.101501 0.116559 0.119977 0.45494 0.411613 0.376512 0.35772 0.465909 0.393772 0.359832 0.346843 -0.0886907 -0.203504 -0.31804 -0.437095 -1.22422 -1.38457 -1.55701 -1.75164 -1.82546 -2.05629 -2.31924 -2.61727 -2.1443 -2.28722 -2.42627 -2.54918 -0.425391 -0.0226057 0.4553 0.964309 0.619946 0.616867 0.620323 0.652692 -0.0346823 -0.0808965 -0.0677303 0.0107536 -0.503971 -0.409944 -0.28666 -0.148881 -0.568422 -0.505152 -0.448511 -0.397323 -0.743344 -0.745887 -0.744931 -0.73424 -0.240937 -0.0371941 0.306436 0.890477 2.53671 2.71432 2.84811 2.9433 3.01188 2.91602 2.79446 2.67854 2.29203 2.1857 2.11651 2.07814 1.49852 1.43044 1.38485 1.35008 0.777186 0.757447 0.729956 0.697889 1.34407
22.2691 19.3536 -3.41905 21.329 18.4935 0.337921 20.3369 17.3606 4.00817 19.2824 15.9999 7.5824 18.1434 14.4393 11.0474 16.2298 11.7568 15.9748 13.9554 8.64106 20.4756 11.2357 5.06558 24.343 8.04253 1.03759 27.2953 5.39234 -2.20183 28.6909 2.58215 -5.55313 29.2708 -0.286461 -8.88965 28.9493 -3.09172 -12.0582 27.702 -6.48749 -15.7184 24.7429 -9.34867 -18.5388 20.5544 -11.5571 -20.3614 15.506 -13.0951 -21.1678 9.96799 -13.9139 -21.1272 5.10686 -14.3269 -20.5171 0.23244 -14.3699 -19.4554 -4.58148 -14.0578 -18.0647 -9.30073 -13.3325 -16.3701 -14.1584 -12.1558 -14.5651 -18.8862 -10.4587 -12.7565 -23.4516 -8.16046 -11.0297 -27.7795 -5.28187 -9.49109 -31.63 -1.73111 -8.12837 -34.949 2.46742 -6.96569 -37.4986 7.19218 -6.02132 -39.0036 11.4989 -5.39922 -39.2433 15.7482 -4.97602 -38.3734 19.6798 -4.73479 -36.509 23.1004 -4.66211 -33.8096 26.6724 -4.81799 -29.1677 28.9125 -5.27517 -23.773 29.7428 -6.04458 -18.0242 29.1562 -7.1127 -12.2931 27.2355 -8.39951 -6.97998 24.0991 -9.7889 -2.3102 19.9339 -11.0974 1.49946 14.9873 -12.1127 4.34113 9.87782 -12.6185 6.15383 4.54853 -12.5657 7.26954 -0.815147 -11.892 7.92228 -6.0812 -10.5997 8.41987 -11.5042 -8.60129 9.17079 -16.5836 -6.11931 10.5871 -21.1134 -3.39407 13.0406 -24.7782 -0.749489 16.7205 -26.4248 0.670314 19.5565 -27.531 1.85828 22.7401 -28.052 2.77867 26.1535 -27.9738 3.43121 29.6661 -26.6173 3.98077 35.2754 -23.8968 4.16539 40.3911 -20.027 4.26343 44.7064 -15.2586 4.50211 47.9944 -10.852 4.89928 49.8094 -6.19683 5.47066 50.7435 -1.46243 6.14501 50.7703 3.19401 6.80085 49.9 7.9689 7.32021 48.0034 12.3079 7.45717 45.2069 16.0272 7.0589 41.6467 18.9348 6.0413 37.5022 20.8653 4.38633 32.924 21.6136 2.21951 28.2154 21.0884 -0.250274 23.6274 19.2937 -2.75264 19.3915 16.7254 -4.76649 16.0735 13.3977 -6.40682 13.2636 9.51171 -7.55635 10.9749 5.27747 -8.1703 9.14329 -0.235805 -8.22247 7.31024 -5.75561 -7.63506 5.5939 -11.1006 -6.62304 3.55283 -16.0601 -5.4362 0.768341 -20.0513 -4.41911 -2.76236 -23.068 -3.71402 -7.21572 -24.7681 -3.49838 -12.3628 -24.9528 -3.84918 -17.7732 -24.2787 -4.35377 -21.1397 -23.0319 -5.03534 -24.3056 -21.2821 -5.83902 -27.1925 -19.1056 -6.70045 -29.7543 -14.7631 -8.08654 -33.215 -9.75096 -9.1367 -35.7704 -4.31522 -9.56979 -37.508 1.30014 -9.14778 -38.5298 6.21708 -7.91708 -38.9182 10.8568 -5.84008 -38.8855 15.0275 -2.95868 -38.5052 18.59 0.552302 -37.5982 21.8066 5.05302 -35.6932 24.0066 9.58735 -32.7216 25.2037 13.6704 -28.7057 25.5108 16.8932 -23.8323 25.184 18.8588 -18.9164 24.4434 19.866 -13.7614 23.4361 19.9848 -8.55487 -0.721114 -0.721823 -0.725008 -0.73097 -0.840078 -0.822003 -0.848031 -0.888912 -0.986242 -1.01869 -1.05818 -1.10263 -1.15806 -1.19111 -1.22282 -1.24767 -1.1084 -1.08898 -1.06655 -1.04137 -0.707076 -0.655938 -0.608109 -0.561817 -0.0778603 -0.0403107 -0.00522238 0.0258155 0.39103 0.37555 0.3683 0.372082 0.495658 0.42575 0.380926 0.349005 -0.108082 -0.242663 -0.372284 -0.500075 -1.28896 -1.44483 -1.60695 -1.78588 -1.83899 -2.04404 -2.27716 -2.5433 -2.04517 -2.17006 -2.29324 -2.40264 -0.263874 0.154542 0.648872 1.17686 0.851283 0.863709 0.878403 0.915232 0.223339 0.161236 0.147124 0.188482 -0.370007 -0.321103 -0.238232 -0.132143 -0.572588 -0.522327 -0.474034 -0.428459 -0.779261 -0.786351 -0.78933 -0.782147 -0.290276 -0.0857034 0.261282 0.851729 2.50627 2.69301 2.83897 2.95022 3.04717 2.99815 2.93176 2.87085 2.53009 2.45774 2.41393 2.39582 1.83203 1.77161 1.71949 1.6633 1.06065 1.00991 0.952966 0.894993 1.74643
25.7012 15.2601 -4.03777 24.8417 14.5273 -0.234772 23.7593 13.5107 3.44401 22.4584 12.2456 6.97189 20.9404 10.7579 10.3216 18.2717 8.15322 14.9294 15.1301 5.11223 18.9319 11.5511 1.65331 22.1513 7.61329 -2.17917 24.3747 4.53065 -5.2144 25.2405 1.40319 -8.32435 25.3503 -1.67596 -11.4067 24.6556 -4.60835 -14.3395 23.1506 -8.0926 -17.7638 20.0171 -11.0082 -20.4581 15.7834 -13.2681 -22.2509 10.7471 -14.8579 -23.0776 5.22671 -15.7114 -23.05 0.371478 -16.1421 -22.4202 -4.49889 -16.18 -21.2859 -9.29627 -15.8387 -19.7577 -13.9708 -15.0597 -17.8408 -18.7366 -13.8129 -15.73 -23.3174 -12.0392 -13.5309 -27.6778 -9.67059 -11.3331 -31.7464 -6.74351 -9.27069 -35.3043 -3.17781 -7.34005 -38.3108 0.991796 -5.5986 -40.5606 5.64622 -4.10989 -41.8256 9.88107 -3.08896 -41.9521 14.0912 -2.36084 -41.0938 18.0397 -1.91759 -39.3035 21.5251 -1.75129 -36.6926 25.2186 -1.94975 -32.1485 27.5582 -2.62125 -26.8189 28.4324 -3.7358 -21.1335 27.8421 -5.22308 -15.4971 25.906 -6.93342 -10.3105 22.7788 -8.69407 -5.76132 18.6633 -10.2705 -1.9994 13.7988 -11.4145 0.933469 8.78122 -11.8985 2.99233 3.55509 -11.6927 4.50692 -1.68191 -10.7703 5.67817 -6.7822 -9.19978 6.75957 -11.9886 -6.96902 8.13199 -16.8642 -4.43454 10.0738 -21.3149 -1.92091 12.8738 -25.1706 0.222024 16.6826 -27.1279 1.20759 19.5053 -28.709 1.89159 22.6362 -29.8612 2.26535 25.9982 -30.5444 2.35545 29.5047 -30.6028 2.01342 35.2913 -29.32 1.40017 40.9113 -26.7195 0.846731 46.0627 -22.9167 0.614465 50.432 -19.0344 0.767197 53.2201 -14.6655 1.21526 55.1127 -10.0148 1.86571 56.0171 -5.28624 2.57111 55.9037 -0.310955 3.20225 54.6731 4.3121 3.50058 52.3917 8.37592 3.32104 49.2106 11.6902 2.60228 45.3164 14.119 1.35891 40.8464 15.4792 -0.270816 36.0589 15.6895 -2.08345 31.1501 14.7292 -3.83567 26.3093 12.9386 -5.13697 22.2153 10.3692 -6.05361 18.4446 7.17917 -6.49607 15.0848 3.55682 -6.44235 12.1632 -1.30911 -5.74209 9.06618 -6.2795 -4.51079 6.3206 -11.1559 -2.96882 3.56334 -15.7602 -1.3578 0.40674 -19.6018 -0.0247952 -3.18423 -22.7372 0.931002 -7.50695 -24.8763 1.33172 -12.4762 -25.7887 1.08341 -17.8181 -25.6768 0.58886 -21.251 -25.0264 -0.132199 -24.5825 -23.8687 -1.0283 -27.7288 -22.2481 -2.03601 -30.6271 -18.6889 -3.77608 -34.7572 -14.2393 -5.31172 -38.0126 -9.12556 -6.34859 -40.3641 -3.59472 -6.63717 -41.8066 1.4351 -6.11905 -42.3305 6.34716 -4.82119 -42.16 10.9275 -2.77437 -41.3399 15.0164 -0.119577 -39.8993 18.9918 3.37664 -37.4085 22.1312 6.9494 -34.001 24.4327 10.2224 -29.7322 25.9331 12.8829 -24.742 26.6542 14.582 -19.7691 26.8203 15.5288 -14.5525 26.4864 15.7322 -9.26247 -0.692061 -0.694142 -0.696877 -0.700869 -0.80544 -0.778069 -0.790183 -0.812603 -0.890836 -0.906587 -0.930415 -0.961955 -1.00654 -1.03295 -1.06328 -1.09048 -0.955084 -0.939461 -0.920253 -0.897125 -0.563268 -0.51042 -0.458337 -0.404953 0.0889646 0.139193 0.189609 0.239679 0.624279 0.625011 0.626815 0.631804 0.74771 0.659983 0.591733 0.534167 0.0517505 -0.106464 -0.257544 -0.404516 -1.20991 -1.37972 -1.55318 -1.73969 -1.79533 -1.99479 -2.21124 -2.4495 -1.92183 -2.02227 -2.12097 -2.20729 -0.0418978 0.400225 0.908082 1.43994 1.11105 1.11701 1.12359 1.15215 0.452311 0.382602 0.360244 0.390493 -0.184649 -0.160106 -0.109798 -0.0432736 -0.52538 -0.515738 -0.507363 -0.499308 -0.888082 -0.930114 -0.960373 -0.972418 -0.494824 -0.301398 0.0361235 0.618295 2.26699 2.44997 2.5931 2.70241 2.79702 2.74331 2.66521 2.58273 2.21301 2.10907 2.03094 1.97294 1.36052 1.23889 1.1206 1.00206 0.350547 0.265783 0.186762 0.116513 0.934146
27.4301 13.8275 -4.59965 27.0471 13.4524 -0.668851 26.3157 12.7623 3.16875 25.2302 11.7833 6.85684 23.7927 10.5409 10.3394 21.0169 8.24128 15.0452 17.5612 5.46906 18.9835 13.5469 2.28891 21.9685 9.14001 -1.21489 23.8231 5.73011 -3.96015 24.3718 2.31347 -6.74363 24.1625 -1.00921 -9.4738 23.1772 -4.14026 -12.0449 21.4306 -7.82524 -15.0071 18.0643 -10.8816 -17.2767 13.6834 -13.2231 -18.6865 8.56331 -14.8296 -19.1595 3.00629 -15.6432 -18.8407 -1.8454 -15.9866 -17.9209 -6.67641 -15.8976 -16.4964 -11.395 -15.4025 -14.6814 -15.9517 -14.4473 -12.475 -20.5575 -13.0253 -10.1008 -24.9548 -11.0899 -7.68153 -29.1255 -8.58092 -5.32713 -33.0186 -5.54192 -3.19589 -36.4395 -1.88966 -1.29989 -39.3629 2.34268 0.287578 -41.6095 7.04526 1.50058 -42.9858 11.3323 2.20076 -43.3373 15.6478 2.549 -42.8408 19.7891 2.5262 -41.4837 23.5496 2.12535 -39.3181 27.6961 1.01242 -35.331 30.5041 -0.70563 -30.484 31.7968 -2.91904 -25.2153 31.5425 -5.46423 -19.944 29.8539 -8.09785 -15.0668 26.9024 -10.6036 -10.7558 22.9113 -12.7259 -7.13079 18.1409 -14.2313 -4.20635 13.2005 -14.9279 -2.02566 8.0471 -14.8653 -0.268488 2.87585 -14.0757 1.24269 -2.17542 -12.6803 2.72133 -7.36127 -10.7251 4.5243 -12.264 -8.57734 6.83001 -16.8098 -6.54603 9.85922 -20.8614 -4.92419 13.7219 -23.0088 -4.23517 16.4939 -24.8446 -3.80479 19.5295 -26.3229 -3.62182 22.7778 -27.405 -3.64509 26.1835 -28.2529 -3.98797 31.908 -27.8922 -4.36307 37.6816 -26.2746 -4.44201 43.2478 -23.4262 -3.98333 48.276 -20.2446 -3.12744 51.7422 -16.4527 -1.89259 54.3816 -12.2239 -0.412019 56.0531 -7.74178 1.12869 56.6911 -2.82333 2.63211 56.2276 1.96594 3.74546 54.6498 6.41607 4.30568 52.0907 10.3213 4.23958 48.7127 13.5243 3.5605 44.6255 15.778 2.39152 40.045 16.9209 0.936566 35.1457 16.8368 -0.550461 30.125 15.7014 -1.67459 25.7538 13.6266 -2.44846 21.6604 10.7601 -2.76389 18.0075 7.31158 -2.58866 14.887 2.5081 -1.74533 11.7288 -2.51233 -0.388483 9.13783 -7.53252 1.25387 6.71717 -12.3989 2.93779 4.02618 -16.6361 4.31337 0.930289 -20.3529 5.28386 -2.90032 -23.2801 5.66304 -7.45195 -25.1731 5.34244 -12.5258 -25.7655 4.76465 -15.8958 -25.8559 3.92523 -19.2617 -25.4505 2.86967 -22.5425 -24.5674 1.65663 -25.6716 -22.1321 -0.52584 -30.3684 -18.6036 -2.62911 -34.3534 -14.1427 -4.33324 -37.508 -8.96727 -5.34845 -39.7303 -4.01089 -5.49209 -40.8508 1.02455 -4.85358 -41.1311 5.88433 -3.46923 -40.5762 10.3601 -1.46961 -39.2305 14.8707 1.35 -36.794 18.6403 4.39756 -33.5177 21.6947 7.36038 -29.5021 24.0871 9.96827 -24.843 25.7166 11.8418 -20.1556 26.833 13.1377 -15.1345 27.4153 13.801 -9.904 -0.353622 -0.355979 -0.357988 -0.360348 -0.461514 -0.427407 -0.429076 -0.43671 -0.49835 -0.498008 -0.504751 -0.519596 -0.546306 -0.555452 -0.572251 -0.589425 -0.44717 -0.426554 -0.403125 -0.376225 -0.0388318 0.0172498 0.0719316 0.12685 0.620609 0.668293 0.713008 0.752723 1.12199 1.10306 1.07739 1.04681 1.11286 0.962187 0.831012 0.716245 0.186036 -0.00967375 -0.188885 -0.356109 -1.17498 -1.35298 -1.53001 -1.7152 -1.76424 -1.95108 -2.14961 -2.36672 -1.82141 -1.90961 -1.99789 -2.07654 0.0934848 0.52909 1.01448 1.50747 1.13098 1.08808 1.04459 1.02585 0.282949 0.176907 0.126696 0.136513 -0.453241 -0.439144 -0.396908 -0.337873 -0.82766 -0.825978 -0.826137 -0.826727 -1.2249 -1.27607 -1.31409 -1.33383 -0.864337 -0.680168 -0.353562 0.21672 1.85587 2.03217 2.16981 2.27486 2.36488 2.30525 2.21659 2.11667 1.72535 1.60039 1.50142 1.42218 0.786102 0.637241 0.491368 0.347499 -0.324012 -0.423008 -0.511476 -0.586996 -0.109716
27.5897 15.177 -6.69274 27.1428 15.1746 -2.75081 26.3193 14.905 1.12059 25.1135 14.3793 4.86335 23.5272 13.6092 8.41705 20.4764 12.0292 13.2476 16.6844 9.97282 17.3133 12.2816 7.49496 20.4137 7.44872 4.67637 22.3724 3.70675 2.42584 23.0031 -0.0493073 0.113972 22.8922 -3.71686 -2.18364 22.0349 -7.19905 -4.3835 20.4538 -11.3583 -6.9905 17.3572 -14.8999 -9.10154 13.2723 -17.7194 -10.5707 8.41667 -19.7582 -11.3031 3.03222 -20.8604 -11.3207 -1.77272 -21.3844 -10.7993 -6.64674 -21.3399 -9.79239 -11.4724 -20.7373 -8.38256 -16.1577 -19.5058 -6.57373 -20.8699 -17.6615 -4.5711 -25.2951 -15.198 -2.51975 -29.3838 -12.1122 -0.564862 -33.0784 -8.53062 1.11017 -36.2163 -4.4175 2.45289 -38.8162 0.143561 3.37693 -40.7714 5.0248 3.82903 -41.9752 9.36771 3.82585 -42.3376 13.7004 3.47042 -42.0309 17.8894 2.79343 -41.0382 21.7998 1.8392 -39.3676 26.397 0.213082 -36.1193 29.9687 -1.66958 -31.8734 32.2727 -3.6516 -26.8641 33.1384 -5.56915 -21.3957 32.5105 -7.24347 -15.8842 30.4591 -8.55697 -10.6268 27.1626 -9.40889 -5.9384 22.8965 -9.75766 -2.03287 18.2856 -9.65186 0.861498 13.3286 -9.19751 3.06833 8.19836 -8.50246 4.75558 3.00006 -7.69462 6.16059 -2.57052 -6.85597 7.65449 -8.06816 -6.21069 9.47822 -13.347 -5.90703 11.9294 -18.1642 -6.04433 15.2068 -20.7426 -6.3523 17.6619 -22.9541 -6.81363 20.4308 -24.7371 -7.38838 23.474 -26.0466 -8.02024 26.7384 -27.103 -9.02647 32.3488 -26.823 -9.71257 38.0983 -25.2513 -9.82626 43.677 -22.4988 -9.21367 48.742 -19.4607 -8.14604 52.2776 -15.8549 -6.6509 55.0402 -11.817 -4.87784 56.89 -7.49105 -3.02476 57.7398 -2.67364 -1.18008 57.5034 2.08857 0.251353 56.111 6.56787 1.08016 53.6789 10.5385 1.22111 50.3804 13.844 0.69945 46.3521 16.2668 -0.335248 41.8259 17.6978 -1.64221 36.9608 18.0678 -2.93547 31.8995 17.4842 -3.82989 27.3696 16.0692 -4.31068 22.962 13.9101 -4.26756 18.8393 11.1492 -3.67675 15.1395 7.10188 -2.2661 11.2168 2.67121 -0.352868 7.98136 -1.95029 1.76634 5.1689 -6.64466 3.79735 2.41262 -10.9816 5.36308 -0.445585 -15.1043 6.40422 -3.81454 -18.7577 6.76222 -7.80885 -21.6356 6.36485 -12.3903 -22.9241 5.7309 -15.5494 -23.7152 4.83993 -18.8086 -23.972 3.74804 -22.0925 -23.6784 2.5235 -25.3261 -22.0104 0.392637 -30.3691 -18.9817 -1.56068 -34.815 -14.8031 -3.03505 -38.4372 -9.77273 -3.79576 -41.0584 -4.88335 -3.75784 -42.4493 0.125815 -3.03056 -42.9198 5.00632 -1.67633 -42.4851 9.56158 0.180217 -41.2026 14.2367 2.73491 -38.7841 18.2215 5.47755 -35.493 21.4991 8.16492 -31.4596 24.0828 10.5906 -26.8042 25.8359 12.4252 -22.1461 27.0206 13.828 -17.1695 27.6155 14.7509 -11.98 -0.712199 -0.702433 -0.69103 -0.679064 -0.761574 -0.704245 -0.681931 -0.664917 -0.704518 -0.685386 -0.673883 -0.671589 -0.680969 -0.675252 -0.683549 -0.699197 -0.561476 -0.549359 -0.537681 -0.524823 -0.203402 -0.164784 -0.128503 -0.0931279 0.379881 0.405337 0.425864 0.437426 0.775625 0.724005 0.663419 0.599224 0.632079 0.456409 0.317719 0.213017 -0.2929 -0.455063 -0.596175 -0.72447 -1.50685 -1.65137 -1.79639 -1.94983 -1.96415 -2.11084 -2.26511 -2.43538 -1.85181 -1.91185 -1.97333 -2.02712 0.171398 0.634444 1.13792 1.64016 1.2658 1.22126 1.1744 1.15223 0.40757 0.303398 0.259719 0.28043 -0.295416 -0.26652 -0.210767 -0.140796 -0.623027 -0.616111 -0.612188 -0.609278 -1.00372 -1.05104 -1.08557 -1.10117 -0.627816 -0.439008 -0.106023 0.472506 2.11934 2.30205 2.44664 2.5595 2.66209 2.62385 2.56328 2.49601 2.13515 2.03402 1.95225 1.88368 1.25362 1.10672 0.960324 0.815968 0.145987 0.0514029 -0.0292936 -0.0937255 0.75412
24.825 15.3484 -9.34944 24.6157 15.2967 -5.38811 24.0377 14.9691 -1.47695 23.0815 14.376 2.32731 21.7459 13.5263 5.96499 19.068 11.7978 10.9629 15.6428 9.5438 15.2437 11.5922 6.81209 18.6004 7.08253 3.68737 20.8447 3.54953 1.18573 21.696 -0.0349551 -1.3843 21.8027 -3.57762 -3.93139 21.1493 -6.98787 -6.35463 19.7483 -11.1338 -9.1889 16.839 -14.7395 -11.4215 12.8768 -17.6685 -12.8884 8.08574 -19.82 -13.4954 2.72964 -20.9884 -13.3243 -2.05659 -21.5317 -12.5579 -6.89602 -21.4489 -11.2706 -11.654 -20.751 -9.56303 -16.2257 -19.3696 -7.43482 -20.7596 -17.3491 -5.11177 -24.9447 -14.7149 -2.73465 -28.74 -11.4956 -0.436593 -32.1088 -7.84259 1.60455 -34.9319 -3.72144 3.36099 -37.2581 0.797974 4.75687 -39.0206 5.6203 5.74053 -40.142 9.93248 6.23766 -40.5298 14.2825 6.40928 -40.3282 18.558 6.27182 -39.4958 22.6322 5.855 -38.0059 27.5576 4.92608 -34.9716 31.5204 3.69342 -30.8356 34.1902 2.30288 -25.8088 35.3189 0.909734 -20.2308 34.8179 -0.326397 -14.5921 32.782 -1.30589 -9.25635 29.4428 -1.95595 -4.56576 25.1267 -2.25216 -0.711161 20.485 -2.22644 2.13535 15.5132 -1.94843 4.3385 10.3796 -1.481 6.09242 5.19013 -0.903231 7.63681 -0.347866 -0.267692 9.3378 -5.78157 0.251274 11.3804 -10.9802 0.511656 14.002 -15.75 0.38872 17.3487 -18.3493 0.0890885 19.7827 -20.6379 -0.383538 22.4863 -22.5647 -1.01184 25.4296 -24.0879 -1.76259 28.574 -25.6273 -3.14403 33.9895 -25.9321 -4.49504 39.6187 -24.9466 -5.58492 45.2264 -22.6645 -6.22352 50.517 -19.8517 -6.32537 54.3832 -16.2968 -6.04291 57.5695 -12.1515 -5.43673 59.8758 -7.61584 -4.61757 61.1512 -2.54487 -3.6514 61.2852 2.41345 -2.76956 60.1434 6.98756 -2.10366 57.8412 10.9609 -1.71967 54.5653 14.2244 -1.61097 50.4709 16.6265 -1.71143 45.8183 18.1227 -1.90497 40.8033 18.6961 -2.0602 35.6001 18.4331 -2.06451 30.9534 17.4602 -1.8845 26.4057 15.817 -1.49595 22.0687 13.5671 -0.914393 18.0363 10.0317 0.00511836 13.518 5.87567 0.987401 9.57817 1.28975 1.85306 6.11702 -3.54273 2.42476 2.94214 -8.1065 2.55174 0.0118311 -12.5367 2.18751 -3.09805 -16.6025 1.27868 -6.57281 -20.0225 -0.162301 -10.5298 -21.7156 -1.31842 -13.3296 -22.9402 -2.60788 -16.3095 -23.6349 -3.96939 -19.4249 -23.7588 -5.33088 -22.6144 -22.6943 -7.39215 -27.8463 -20.1409 -8.91953 -32.7352 -16.341 -9.65069 -36.9519 -11.653 -9.43199 -40.2274 -7.07825 -8.41873 -42.1989 -2.40362 -6.70313 -43.222 2.13795 -4.42039 -43.2955 6.38012 -1.74545 -42.4643 10.7657 1.58168 -40.482 14.5688 4.90744 -37.531 17.7844 7.9992 -33.7451 20.4218 10.673 -29.2587 22.3109 12.6236 -24.702 23.7006 14.064 -19.7897 24.5542 14.9711 -14.6335 -0.738266 -0.734113 -0.728743 -0.723309 -0.814792 -0.769843 -0.761913 -0.761143 -0.81597 -0.809951 -0.810951 -0.819545 -0.838911 -0.84062 -0.85203 -0.866927 -0.725823 -0.709115 -0.69215 -0.673889 -0.347177 -0.303443 -0.262029 -0.220855 0.25934 0.294073 0.326688 0.354857 0.71261 0.681718 0.64321 0.600144 0.654244 0.49744 0.373352 0.280408 -0.216243 -0.372103 -0.510533 -0.640096 -1.42729 -1.57922 -1.7335 -1.89703 -1.92178 -2.07862 -2.24182 -2.41953 -1.8407 -1.90383 -1.96766 -2.0228 0.176245 0.645612 1.1652 1.69646 1.36091 1.36003 1.3612 1.386 0.682272 0.605553 0.569725 0.577618 -0.0294971 -0.0448386 -0.03832 -0.0151782 -0.534913 -0.555928 -0.572896 -0.584975 -0.991042 -1.0486 -1.09443 -1.12646 -0.676041 -0.515034 -0.213538 0.332206 1.95265 2.11679 2.24559 2.34668 2.44211 2.41204 2.3802 2.35909 2.05157 2.00118 1.96505 1.93377 1.33377 1.21007 1.07864 0.94176 0.273251 0.17633 0.090888 0.0202971 0.88822
24.8617 14.6834 -6.63148 24.0483 14.655 -2.74866 22.9121 14.3689 1.04157 21.4593 13.8142 4.69124 19.6978 12.9851 8.14789 16.5201 11.2415 12.8383 12.7448 8.92499 16.7776 8.46885 6.1117 19.7675 3.83089 2.92387 21.6288 0.250715 0.408255 22.1936 -3.34515 -2.14234 22.0227 -6.86559 -4.64104 21.1128 -10.2206 -7.00197 19.4895 -14.2467 -9.77125 16.3579 -17.6899 -12.0245 12.2649 -20.4374 -13.6632 7.42225 -22.4201 -14.6367 2.05507 -23.479 -14.9358 -2.75032 -23.9591 -14.7648 -7.65368 -23.869 -14.1554 -12.5448 -23.2244 -13.1507 -17.3279 -21.9671 -11.7187 -22.1614 -20.1423 -9.9678 -26.7 -17.7762 -7.96453 -30.8692 -14.8957 -5.77582 -34.5983 -11.6325 -3.53568 -37.7309 -7.94567 -1.24553 -40.3083 -3.88205 1.0313 -42.2533 0.492207 3.22887 -43.4849 4.44794 5.00757 -43.9101 8.48766 6.62853 -43.6967 12.5128 8.04429 -42.8102 16.4055 9.20813 -41.2339 21.2029 10.3072 -38.0547 25.1747 10.7958 -33.7751 27.9881 10.6353 -28.6381 29.3853 9.84945 -23.0025 29.2534 8.54883 -17.3576 27.6591 6.87634 -12.0439 24.7935 5.00946 -7.36663 20.938 3.11833 -3.4765 16.6823 1.43907 -0.523924 12.0306 -0.0742954 1.86798 7.1495 -1.38967 3.89128 2.16242 -2.50413 5.7718 -3.17964 -3.49214 7.88201 -8.39572 -4.30051 10.353 -13.323 -4.96512 13.3938 -17.7572 -5.51853 17.1353 -20.1214 -5.8136 19.7988 -22.1551 -6.07807 22.7253 -23.8077 -6.31103 25.8852 -25.0354 -6.5082 29.2355 -26.0477 -6.7388 34.9389 -25.7697 -6.81664 40.7287 -24.1801 -6.70146 46.3024 -21.3353 -6.36284 51.3421 -18.1397 -5.90375 54.8702 -14.3038 -5.29093 57.6596 -9.98772 -4.54461 59.5789 -5.38001 -3.6963 60.5378 -0.31173 -2.71093 60.4481 4.59826 -1.70386 59.2055 9.10634 -0.723172 56.8856 12.9974 0.191446 53.6161 16.1306 1.02144 49.5026 18.3037 1.73343 44.7913 19.4257 2.31576 39.7091 19.4649 2.76246 34.4913 18.6176 3.04424 29.9237 17.0069 3.21546 25.5605 14.7349 3.27478 21.4991 11.9261 3.22023 17.7884 7.85602 2.98765 13.6484 3.39831 2.56693 9.9455 -1.23641 1.95283 6.49556 -5.86123 1.14542 3.07224 -10.0037 0.228077 -0.308544 -13.8095 -0.820122 -4.02978 -17.0885 -1.95006 -8.20137 -19.633 -3.08791 -12.8556 -20.77 -3.77258 -16.0619 -21.4732 -4.39314 -19.403 -21.7063 -4.92123 -22.8248 -21.4466 -5.32998 -26.2611 -19.937 -5.68911 -31.7698 -17.1466 -5.58694 -36.7656 -13.2487 -4.98679 -40.913 -8.51135 -3.89782 -43.9339 -3.86866 -2.56297 -45.5169 0.926209 -0.945461 -46.0017 5.6342 0.876351 -45.4033 10.0504 2.81731 -43.7997 14.5735 5.09227 -40.8673 18.3584 7.30117 -36.9907 21.3378 9.34948 -32.3907 23.5009 11.159 -27.2644 24.7738 12.5351 -22.3022 25.4122 13.6117 -17.1475 25.4362 14.3428 -11.8937 -1.74034 -1.72491 -1.70829 -1.69229 -1.77213 -1.71555 -1.69793 -1.68825 -1.73492 -1.72112 -1.71345 -1.71303 -1.72195 -1.71285 -1.71603 -1.72628 -1.58438 -1.56961 -1.55627 -1.54209 -1.21834 -1.17437 -1.12732 -1.07322 -0.571537 -0.505878 -0.43167 -0.347228 0.0794791 0.126868 0.178656 0.231253 0.394127 0.345713 0.303703 0.26384 -0.205124 -0.351215 -0.489691 -0.621942 -1.40866 -1.55365 -1.69229 -1.83086 -1.82135 -1.9369 -2.05724 -2.19513 -1.58934 -1.6364 -1.6882 -1.73538 0.468747 0.938255 1.45572 1.98891 1.66329 1.68017 1.70681 1.76167 1.08933 1.04006 1.02281 1.03981 0.434718 0.418636 0.42651 0.457108 -0.04781 -0.0477604 -0.0373508 -0.0171552 -0.383207 -0.39507 -0.396953 -0.389477 0.0956453 0.288382 0.622648 1.20614 2.86439 3.06342 3.23242 3.37896 3.54087 3.59882 3.64988 3.6941 3.42388 3.38402 3.33909 3.28768 2.66193 2.51055 2.35515 2.2018 1.52628 1.43056 1.35276 1.29418 3.17626
30.6845 15.0665 -13.6498 30.1072 14.7984 -9.73401 29.1039 14.321 -5.92559 27.6868 13.6381 -2.28361 25.8746 12.7569 1.13367 22.4874 11.0946 5.70543 18.3916 9.06385 9.4788 13.7301 6.72939 12.2999 8.67531 4.17133 14.0443 4.77674 2.17839 14.5869 0.857711 0.1559 14.4612 -2.98951 -1.85098 13.6635 -6.6954 -3.75658 12.2143 -11.2312 -6.01418 9.38319 -15.2242 -7.92008 5.62703 -18.5356 -9.41761 1.10181 -21.0595 -10.4688 -4.01779 -22.5286 -10.9955 -8.694 -23.3486 -11.182 -13.5515 -23.5086 -11.0333 -18.4764 -23.0122 -10.5616 -23.3584 -21.7969 -9.73536 -28.3418 -19.9048 -8.59925 -33.0454 -17.3823 -7.18711 -37.3624 -14.2875 -5.53779 -41.1959 -10.7979 -3.74936 -44.3747 -6.90528 -1.82101 -46.9455 -2.68642 0.195566 -48.8468 1.82512 2.20055 -49.8984 5.86222 3.84081 -49.9584 9.86605 5.34711 -49.1263 13.6217 6.6673 -47.353 16.9153 7.75284 -44.7137 20.3519 8.77209 -40.079 22.4694 9.24998 -34.6368 23.2336 9.20553 -28.8278 22.747 8.70397 -23.0105 21.214 7.84462 -17.489 18.837 6.71239 -12.3273 15.8108 5.38813 -7.56674 12.3061 3.94065 -3.18529 8.70579 2.51959 0.644588 4.90565 1.07879 4.26849 0.987622 -0.347898 7.7704 -2.9755 -1.72921 11.2396 -7.17927 -3.15657 15.0156 -11.2427 -4.55293 18.9534 -15.0736 -5.89087 23.1368 -18.5615 -7.13683 27.6368 -20.4656 -7.83528 30.5791 -22.1539 -8.47198 33.6637 -23.5868 -9.03419 36.8889 -24.7219 -9.50793 40.2441 -25.8345 -10.0558 45.907 -25.8714 -10.27 51.7 -24.6867 -10.0947 57.3721 -22.2142 -9.4962 62.5811 -19.2392 -8.6838 66.2361 -15.5379 -7.61206 69.0684 -11.3015 -6.33415 70.8822 -6.78044 -4.92445 71.5474 -1.89981 -3.35397 70.9316 2.64515 -1.84159 69.0023 6.5713 -0.483092 65.9353 9.68421 0.651352 61.9744 11.911 1.53181 57.3168 13.1908 2.12787 52.2737 13.5801 2.44981 47.0611 13.1767 2.52311 41.8401 12.2505 2.40756 37.2805 10.8747 2.14746 32.8419 9.13044 1.76817 28.5437 7.09248 1.29379 24.3864 4.23139 0.599609 19.3771 1.13372 -0.168381 14.5217 -2.09768 -0.974061 9.76051 -5.32102 -1.86469 5.00896 -8.22475 -2.72307 0.50753 -10.9321 -3.56174 -4.11833 -13.3384 -4.33252 -8.91901 -15.3253 -4.98311 -13.925 -16.3066 -5.30648 -17.2379 -17.0226 -5.5411 -20.6253 -17.434 -5.6706 -24.0687 -17.5016 -5.67878 -27.5382 -16.787 -5.39553 -33.2095 -14.9273 -4.69192 -38.5762 -11.891 -3.54874 -43.2909 -7.78105 -1.99736 -46.9592 -3.44335 -0.346326 -49.033 1.21073 1.50251 -49.9067 5.88583 3.48322 -49.6569 10.3939 5.49481 -48.4433 15.2594 7.73242 -46.0868 19.6618 9.78013 -42.8221 23.4702 11.5709 -38.7574 26.5728 13.0459 -34.0213 28.6976 14.0679 -29.2697 30.113 14.759 -24.2045 30.782 15.0968 -18.9533 -10.3613 -10.3511 -10.3361 -10.3177 -10.3885 -10.3126 -10.2668 -10.2211 -10.2314 -10.1842 -10.1425 -10.1077 -10.0769 -10.0249 -9.98934 -9.9664 -9.79913 -9.76535 -9.73663 -9.71005 -9.3758 -9.32238 -9.26614 -9.20194 -8.6884 -8.6082 -8.51585 -8.41019 -7.96064 -7.88826 -7.80589 -7.71546 -7.49845 -7.47403 -7.43641 -7.39531 -7.78722 -7.8632 -7.93912 -8.01569 -8.7532 -8.85279 -8.94615 -9.03785 -8.97807 -9.0395 -9.10168 -9.1779 -8.52062 -8.52869 -8.54213 -8.55222 -6.30246 -5.78241 -5.2227 -4.65619 -4.95906 -4.92696 -4.8889 -4.82496 -5.48856 -5.5276 -5.53166 -5.49692 -6.07836 -6.06413 -6.01955 -5.94668 -6.40798 -6.365 -6.31128 -6.2487 -6.56922 -6.5345 -6.49402 -6.44533 -5.92348 -5.697 -5.32901 -4.70982 -3.0194 -2.79317 -2.59483 -2.41677 -2.21019 -2.09258 -1.98089 -1.87987 -2.10448 -2.11053 -2.12927 -2.16127 -2.7735 -2.91878 -3.07567 -3.23647 -3.92305 -4.03153 -4.12295 -4.19468 6.29811
