Optimization finished after 201700 iterations.
NEB Energy: 0.740026
Max NEB Force: 0.00900219
Optimization took: 1782327230021 ms
Energies: 
0.655296, 0.744041, 0.848783, 0.884142, 0.888638, 0.973288, 1.05744, 1.12347, 1.14542, 1.13738, 1.11378, 1.08149, 1.02663, 0.953867, 0.951136, 0.911706, 0.891329, 0.790206, 0.711183, 
NEB Forces: 
0, 0.00900219, 0.00443038, 0.00435056, 0.00417941, 0.00447104, 0.00627828, 0.00771783, 0.00801423, 0.00849802, 0.00862842, 0.00850239, 0.00812439, 0.00839568, 0.0085908, 0.0074608, 0.00637684, 0.00281414, 0, 
Gradients: 
0.000112175, 0.0040735, 0.00435086, 0.00436371, 0.00432464, 0.00469476, 0.00647038, 0.00775062, 0.00801449, 0.00850491, 0.00864666, 0.00855918, 0.00825967, 0.00844736, 0.00862199, 0.00749582, 0.00674172, 0.0032819, 3.73861e-05, 
Spring Forces: 
0, 0.00803022, 0.00110722, 2.42695e-05, 4.09447e-06, 1.95614e-05, 4.26874e-07, 1.78668e-06, 2.21457e-06, 4.33186e-06, 4.27015e-06, 3.36784e-06, 2.07867e-05, 2.41275e-05, 3.85543e-05, 9.88448e-06, 4.91387e-05, 0.000301398, 0, 