# num_vectors 17
# vector_size 101
# Iterations: 17306, stepsize: 0.116091, max step size: 1.000000, spring constant: 0.001000, global NEB Hessian: false, global NEB Linesearch: true, climbing image: false
18.251 28.9528 -17.0758 12.2171 34.5582 -3.51159 6.3764 30.5128 19.1097 -6.60778 22.4889 27.968 -25.2074 9.27116 23.6887 -34.0408 -2.93807 10.9707 -29.9698 -17.0935 -3.69062 -15.7343 -30.3376 -9.13351 -1.68778 -39.0632 -3.61649 11.6827 -35.8312 15.3589 9.32528 -17.6011 29.4764 0.946996 2.37482 31.7473 -8.09086 22.0047 23.0034 -5.04647 33.6469 15.2884 12.9813 39.5505 1.95242 20.2331 28.0101 -11.4697 14.5047 12.7748 -24.1873 -1.08794 1.22275 -32.0769 -16.2689 -9.26947 -29.6215 -23.718 -25.8066 -15.089 -10.32 -37.1715 -2.35205 3.14533 -36.7538 0.992909 22.1849 -24.5545 -2.5779 30.1782 -9.54723 -13.7299 27.8241 11.3383 -24.0241 0.254172 0.222291 0.106197 0.0363434 0.0862719 0.0869506 0.039664 0.0585733 0.102557 0.0177216 -0.0339488 -0.116708 0.0391053 -0.0306998 -0.0404507 -0.0689482 0.0147948 -0.012995 -0.0339529 -0.0543109 -0.173735 -0.180929 -0.104418 -0.151008 -0.0625378 0.145697
19.9276 27.6883 -16.9031 13.5998 31.9925 -3.00173 7.4906 26.991 19.356 -5.94303 18.9757 27.5249 -24.3763 6.4806 20.9631 -31.4148 -4.42483 6.11821 -25.2151 -16.0055 -9.98634 -9.89436 -27.7995 -15.8052 4.04846 -36.2777 -9.67366 14.9749 -33.8198 10.914 9.37271 -17.0362 25.8848 -2.01478 1.35981 28.396 -12.9981 20.7047 21.4234 -10.3086 33.5663 15.7952 9.8848 40.6822 6.89089 20.2428 28.2627 -3.32605 16.4136 12.6695 -16.3206 0.862497 3.28158 -26.7539 -15.9059 -4.80129 -26.5019 -25.2098 -22.1867 -14.1998 -11.9826 -35.2367 -2.9911 1.72148 -35.848 -0.869086 21.3843 -25.4932 -6.36771 30.2919 -11.0835 -17.6148 29.4489 10.8743 -25.6683 0.124825 0.138455 -0.00650195 -0.0507069 0.0156214 0.100273 0.155872 0.18757 0.141661 -0.119507 -0.259381 -0.44092 -0.215382 -0.154075 0.125933 0.0680137 0.0826414 -0.0244267 -0.0719951 -4.79452e-05 -0.0403159 0.00627968 0.133628 0.0463465 0.056141 0.37681
15.755 28.315 -13.3664 10.0893 30.7097 1.2617 5.75344 23.4452 23.4119 -6.71747 13.9679 31.5418 -24.6132 1.02239 24.3917 -31.2146 -8.65507 8.52948 -24.7438 -17.4906 -9.1331 -8.80468 -27.1247 -16.9314 6.04763 -34.8558 -12.082 17.1891 -33.3787 8.48417 10.2917 -18.8665 25.1881 -3.13697 -2.36532 29.8547 -16.4254 16.3594 25.8194 -15.0729 30.0274 21.8586 4.61746 39.4653 14.0541 16.2066 28.432 3.57179 13.3849 13.4778 -10.3951 -2.13762 4.60458 -21.3104 -18.8401 -3.6174 -21.3341 -26.933 -22.6553 -10.7407 -12.26 -36.1179 -2.11749 1.60603 -36.2877 -1.49998 20.2627 -24.9399 -8.37332 27.7748 -9.42068 -19.153 25.5914 13.2363 -24.5946 0.106089 0.159667 -0.115274 -0.19137 -0.129493 0.024344 0.220732 0.244952 0.261523 -0.106275 -0.298293 -0.580548 -0.279565 -0.125727 0.113182 0.0285564 -0.00872453 -0.123908 -0.127275 0.0678901 0.0916734 0.180173 0.268102 0.159766 0.159801 0.460814
10.2041 29.1035 -9.14205 5.48301 29.8705 5.98868 3.15805 20.7712 27.7603 -7.92407 9.84418 36.0805 -25.2074 -4.07183 29.2541 -31.8786 -13.0101 12.9924 -25.8475 -19.6977 -5.73744 -9.88904 -27.3311 -15.471 5.83898 -34.163 -12.3353 18.1688 -33.3966 7.58122 11.0822 -20.9438 25.7995 -3.43813 -6.18246 32.5567 -18.4523 11.6061 31.2827 -18.5303 25.6379 28.5566 -0.314128 37.4298 20.3822 11.6118 28.4658 8.4099 9.33325 14.4096 -6.55328 -6.20431 5.09038 -17.0681 -22.3162 -4.2193 -16.509 -28.3357 -24.5451 -6.98109 -12.0262 -37.5826 -1.0717 1.81161 -36.7963 -1.82969 19.0479 -23.7374 -9.34398 24.6432 -6.86666 -19.2207 20.2968 15.9158 -22.3488 0.134787 0.21508 -0.182838 -0.306274 -0.26371 -0.0657268 0.25012 0.25993 0.379081 -0.044206 -0.263267 -0.62227 -0.261522 -0.0559507 0.0208843 -0.0746611 -0.136487 -0.227745 -0.183187 0.115741 0.190809 0.311958 0.338391 0.2218 0.249265 0.490113
9.74958 26.557 -9.21279 4.96454 26.3807 5.91628 1.73465 18.3507 27.991 -10.0626 7.75145 35.7318 -25.8948 -6.32349 26.2343 -29.8612 -13.6081 8.34453 -22.5036 -17.4688 -10.7046 -6.0965 -24.2354 -20.3328 9.40648 -31.0137 -16.1388 19.5982 -30.6879 4.96343 9.39967 -20.2747 22.9844 -7.44845 -7.35792 27.8521 -23.7943 9.07808 25.372 -23.9758 23.3707 25.2357 -4.07952 35.276 24.9226 10.7695 26.8503 16.2949 12.0799 13.2822 0.775345 -2.23812 4.5406 -11.7706 -20.0028 -0.940809 -12.7437 -31.1534 -19.9528 -5.37106 -15.6658 -35.0914 -4.01248 -2.02751 -35.0722 -6.59629 16.9614 -24.2686 -13.4367 24.5938 -7.73059 -22.4768 20.2562 15.2315 -23.7572 0.0354984 0.130557 -0.230021 -0.343701 -0.328252 -0.0724427 0.311114 0.341658 0.371994 -0.202478 -0.52797 -0.93787 -0.498463 -0.0465318 0.37377 0.20072 0.0408113 -0.166172 -0.214315 0.0848138 0.293501 0.413736 0.451944 0.260598 0.2575 0.590936
9.74863 24.3293 -8.8952 5.07552 23.815 6.26115 0.351951 16.6237 28.3559 -12.0549 6.07453 35.1547 -26.2301 -8.08173 23.4232 -27.701 -14.0098 4.67394 -19.5906 -15.6564 -14.3896 -2.92885 -21.8118 -23.9906 12.4249 -28.2442 -18.8175 20.7537 -27.8324 3.08562 7.91598 -19.6171 20.547 -10.7437 -8.71696 23.2668 -27.6244 7.01694 19.9553 -28.0648 21.02 22.7923 -8.5441 31.8006 29.1502 8.29516 25.3903 22.7258 13.8482 13.0886 7.08923 2.10523 1.96326 -6.22042 -15.7326 -3.2017 -7.52673 -34.8154 -15.2895 -2.05936 -19.6105 -29.1157 -9.02632 -6.41036 -30.9178 -12.9236 15.2163 -24.7516 -17.2066 25.1064 -8.61421 -24.6393 20.3691 14.3017 -24.2851 -0.0851041 0.0159112 -0.309608 -0.396959 -0.405972 -0.113739 0.333777 0.406154 0.400389 -0.254777 -0.666082 -1.06734 -0.489395 0.275726 0.965067 0.771782 0.657896 0.501078 0.368055 -0.483908 -0.112397 -0.0171137 0.0715049 -0.184431 -0.180515 0.275815
9.95805 22.0618 -8.27091 5.3936 21.5474 6.91854 -1.2376 15.1101 28.7542 -14.1421 4.44006 34.3273 -26.3421 -9.68957 20.5261 -25.3212 -14.2508 1.36895 -16.7605 -13.8833 -17.5649 0.0841475 -19.5326 -27.1577 15.2483 -25.4918 -20.96 21.6653 -24.6964 1.56717 6.50157 -18.8576 18.0949 -13.5454 -10.3454 18.3249 -30.495 5.24674 14.7096 -31.4007 18.134 20.8272 -13.4095 26.5802 32.7724 4.96793 23.9977 28.1326 14.5156 13.7052 12.981 5.86332 0.145106 -0.438262 -11.554 -6.18972 -2.19244 -33.9676 -11.2073 1.36017 -23.4711 -21.8903 -14.343 -11.1419 -25.7345 -19.4311 11.7067 -25.2799 -20.7769 24.5255 -10.3176 -25.8044 20.4132 12.6628 -24.1626 -0.113392 -0.0250951 -0.340787 -0.42456 -0.494503 -0.209612 0.263713 0.34492 0.257593 -0.534048 -1.10949 -1.53368 -0.860645 0.148722 0.832509 0.565187 0.453631 0.325004 0.0525018 0.132443 0.587895 0.569107 0.648744 0.258982 0.204855 0.679398
10.1796 19.5484 -7.4989 5.52322 18.7686 7.65131 -3.08864 13.0963 29.0023 -16.5007 2.41919 33.1919 -26.3858 -11.3705 17.3461 -22.8082 -14.2702 -1.82771 -13.9282 -12.0146 -20.4817 3.07805 -17.2226 -30.0391 17.9796 -22.6539 -22.806 22.23 -21.3314 0.204387 5.08333 -17.9339 15.4242 -15.7223 -11.9065 13.1472 -32.4021 4.08542 10.0637 -33.7942 15.1447 19.0125 -17.6797 20.3336 34.8589 1.2293 22.5756 33.0286 14.6648 15.0732 19.2494 9.77589 -0.566907 6.19961 -6.82263 -8.59608 3.63309 -30.0113 -8.81166 2.08478 -27.0332 -14.6031 -18.6146 -15.7984 -19.9325 -24.7831 6.55567 -24.8416 -24.2572 22.4017 -12.3884 -26.9565 20.3697 10.7228 -23.8839 -0.199807 -0.0941813 -0.363729 -0.39949 -0.504271 -0.210473 0.314278 0.438862 0.312413 -0.537367 -1.23486 -1.60965 -0.776384 0.550707 1.229 0.991429 1.04941 1.09306 0.842626 -0.548275 0.0699338 0.00654563 0.19309 -0.255035 -0.357844 0.208017
10.8199 17.1914 -6.29067 6.06165 16.0843 8.80739 -4.70339 10.5834 29.2049 -18.2789 -0.464742 31.4585 -25.3732 -13.3861 13.5235 -19.5223 -14.0098 -5.2973 -10.6112 -9.73159 -23.5784 6.50954 -14.3005 -33.2575 21.1242 -19.018 -25.0094 22.7686 -17.2654 -1.69602 4.0317 -16.8662 11.9408 -17.1182 -13.4886 7.98355 -33.7767 2.78332 6.89995 -35.6548 11.9835 17.6775 -21.3977 14.5828 35.7798 -2.88875 18.9714 37.8008 13.8931 14.3579 26.6767 12.9045 -1.73712 13.3058 -2.87193 -10.0228 7.919 -24.6726 -5.84442 1.0321 -28.2876 -7.43282 -20.3053 -19.5709 -13.9928 -28.8878 1.37248 -23.2309 -28.5539 19.3383 -13.7087 -28.6905 20.2573 9.08825 -23.4799 -0.303737 -0.176512 -0.426999 -0.397598 -0.530602 -0.211366 0.392689 0.59188 0.457013 -0.415115 -1.20281 -1.50249 -0.508189 1.06185 1.88269 1.56335 1.70883 1.77905 1.4204 -1.20997 -0.508619 -0.671339 -0.47245 -1.04075 -1.27921 -0.624159
12.4592 15.6234 -4.79941 7.87792 13.6469 10.2646 -4.18746 6.85956 29.5147 -17.2389 -5.01766 29.6796 -21.8401 -16.2136 9.86956 -15.0111 -13.7932 -8.4702 -7.18822 -6.81333 -26.4143 10.0358 -9.53748 -36.5918 24.7302 -13.1921 -27.9554 24.5774 -11.9712 -4.55097 5.26592 -15.5219 7.76364 -16.0747 -15.0945 3.42996 -33.3607 0.322727 6.06647 -35.2518 7.46653 18.3023 -22.1024 8.56861 37.3705 -4.59493 14.3283 42.4931 14.0764 12.1211 33.9393 15.8266 -2.65827 19.1977 1.30488 -9.57063 9.82184 -18.9962 -3.04816 0.575809 -26.7083 -1.67843 -19.6612 -21.3487 -8.18304 -30.6901 -1.88814 -19.8584 -33.6982 17.0371 -12.5904 -32.1242 20.4478 8.78565 -23.2284 -0.380295 -0.224525 -0.544816 -0.487252 -0.655826 -0.308472 0.422581 0.688401 0.567529 -0.387786 -1.27919 -1.52012 -0.328541 1.33232 2.27494 1.81113 1.89405 1.8753 1.366 -1.3037 -0.511856 -0.714995 -0.564576 -1.2991 -1.7212 -1.03602
15.7768 17.0072 -3.79693 12.218 13.0307 11.1477 1.2486 3.41249 29.8391 -10.7223 -9.54793 29.4384 -16.0946 -19.3235 9.07828 -11.3663 -14.8381 -9.53258 -5.6971 -5.66945 -27.3006 10.8591 -5.41015 -38.8547 26.5694 -7.47317 -31.5883 28.0079 -7.34694 -8.1961 10.4011 -13.9923 5.33278 -11.2861 -14.9139 3.54412 -29.3258 -1.37811 9.44363 -31.416 3.73311 22.6282 -17.9301 3.26141 41.4862 -0.623947 9.81212 46.335 17.5404 9.97894 36.5022 19.7228 -2.56854 19.8707 5.73303 -9.00512 9.41012 -15.3736 -3.17812 1.6179 -24.7258 -0.435931 -17.7704 -20.2708 -5.24873 -30.004 -0.680167 -15.057 -36.6434 17.9028 -6.89996 -35.3774 21.8696 13.0033 -23.7229 -0.40172 -0.209178 -0.688738 -0.683267 -0.824021 -0.424096 0.454606 0.743448 0.738961 -0.292497 -1.20831 -1.48534 -0.121914 1.63116 2.45093 1.90009 1.80132 1.74704 1.19933 -1.51106 -0.532158 -0.632472 -0.516379 -1.29886 -1.83686 -1.20749
21.6845 19.1661 -4.04354 18.4963 13.1366 10.2848 8.27438 1.17232 28.021 -3.17644 -12.2443 28.5792 -13.2199 -22.1604 10.1466 -13.2006 -18.7515 -9.27562 -9.00484 -9.33777 -27.3224 6.87657 -6.10435 -39.3643 23.4334 -5.5267 -33.9411 29.3169 -5.35037 -11.2555 15.1653 -12.6657 5.57922 -6.35009 -11.7939 8.85159 -24.3013 1.36216 15.7893 -28.1139 4.39798 29.227 -15.2267 1.27178 48.2494 2.9093 7.09071 50.023 18.5251 7.63513 36.5133 19.3933 -3.56646 18.8333 5.37055 -9.8538 8.32632 -16.6798 -5.40587 2.48189 -24.9047 -2.74362 -17.4215 -18.7071 -5.31464 -29.5726 2.10541 -10.2408 -37.7364 19.4459 0.325267 -38.8006 24.9069 18.4216 -25.0021 -0.566871 -0.322918 -0.894551 -0.950711 -0.981443 -0.523659 0.457685 0.743094 0.901081 -0.143697 -0.982045 -1.41299 -0.179189 1.91386 2.49536 1.94455 1.69436 1.60013 1.0433 -1.58143 -0.532725 -0.497186 -0.355265 -1.08147 -1.78727 -1.11145
25.675 15.2768 -4.33836 21.435 9.84198 9.95517 7.14943 -1.68489 24.9639 -4.82651 -14.6073 23.9494 -15.0837 -23.9952 5.35849 -15.0281 -20.3301 -14.0169 -10.2712 -9.79958 -31.2908 5.62952 -4.16622 -42.3864 22.1872 -3.01201 -37.0588 27.8482 -3.17802 -14.3167 13.6508 -12.4741 1.46948 -7.35383 -10.7142 6.95451 -24.1193 2.62343 16.1459 -30.3819 3.23652 28.9807 -23.0888 -2.66339 50.1868 -5.76298 3.28676 55.6941 11.5002 4.45869 44.4128 14.9063 -4.85191 25.9594 3.77927 -7.97917 11.3657 -16.4263 -1.42338 1.93609 -25.8569 2.13246 -17.2813 -21.9472 -0.644102 -30.3074 -3.23934 -8.15603 -41.1548 15.5463 -0.379699 -40.841 25.1342 14.5039 -25.5354 -0.559879 -0.288094 -0.748035 -0.708915 -0.681714 -0.169123 0.929833 1.24187 1.39104 0.207349 -0.614709 -1.12298 -0.35512 2.24074 2.87258 1.99775 1.57676 1.3115 0.577297 -2.09687 -1.01684 -0.985571 -0.83734 -1.62234 -2.53918 -1.95262
27.785 13.8638 -4.85487 24.6933 10.0983 10.2475 8.56092 -0.274753 24.1884 -4.46902 -11.9672 21.9634 -15.369 -19.7492 3.00042 -14.7871 -15.0042 -16.1304 -8.97711 -3.4067 -32.3676 6.93249 1.61112 -43.7425 23.9891 1.50307 -40.1461 31.8869 -3.7503 -18.7148 18.2638 -15.5155 -4.11405 -2.25995 -13.5619 2.90986 -19.9075 -2.54786 13.4318 -27.2818 -3.19407 25.66 -23.1263 -7.29221 48.1018 -8.33133 1.63391 56.3086 9.99999 6.0209 47.86 17.2871 -1.28186 29.6287 7.70655 -4.44367 13.9833 -12.8213 3.00669 6.02997 -24.8085 6.37507 -11.7422 -23.9847 2.97067 -25.1737 -9.02011 -6.65742 -39.5762 10.922 -2.68527 -39.5691 22.616 11.7379 -25.3235 -0.336216 -0.0857287 -0.407154 -0.231345 -0.0621251 0.568979 1.68974 1.94528 2.08927 0.591551 -0.274539 -0.947416 -0.467579 2.16009 2.60424 1.43404 0.917385 0.675703 -0.119322 -3.02435 -1.54973 -1.38919 -1.11088 -1.87011 -2.80059 -2.46543
27.8743 15.1852 -6.75315 24.1542 13.2566 8.55243 7.04308 5.45933 22.9959 -7.24018 -4.71476 21.0162 -20.1976 -11.7433 3.08095 -20.4614 -9.53195 -16.5119 -12.5807 0.577705 -32.8703 4.91182 4.51839 -42.1526 21.8528 1.12312 -39.8395 34.0025 -5.20445 -20.8229 23.1607 -10.7139 -1.09251 3.16409 -6.8885 6.6462 -18.565 -4.28211 14.6786 -26.398 -7.58812 26.1696 -21.6708 -11.7371 48.4888 -7.61194 -2.68809 57.783 10.2834 3.40044 49.4556 18.1565 -3.98517 31.5034 10.9857 -6.02462 14.4452 -6.11314 5.06858 3.27714 -21.6694 6.86981 -11.7445 -23.8042 2.78754 -24.8384 -9.8376 -4.89177 -41.2711 10.105 -0.928976 -41.5131 23.2551 12.149 -27.2386 -0.286274 -0.105214 -0.337643 -0.173239 0.034764 0.660278 1.72536 1.88743 2.13549 1.15185 0.649506 0.0341966 0.958501 -1.85746 -0.742106 -1.81238 -2.06415 -2.23471 -3.26188 -0.863098 1.25395 1.4578 1.53822 0.666468 -0.41565 -0.0866144
25.0834 15.1189 -9.33937 22.1788 13.1294 6.13399 6.20213 4.52758 21.3969 -7.02411 -7.10017 20.2546 -20.2438 -14.6597 2.73145 -21.3085 -10.3812 -16.4884 -11.9809 -0.429556 -32.1686 5.18096 6.55382 -40.1929 22.5371 6.11437 -38.6274 36.1891 1.51455 -20.141 25.5508 -0.9301 0.304921 4.8727 -0.906356 7.14635 -16.0479 1.78294 17.0744 -24.2103 -0.662794 28.5516 -22.5893 -8.11797 50.4491 -7.67879 -4.28192 61.8017 11.3849 -0.379303 54.8731 18.9164 -3.06069 35.5106 14.0084 -1.13718 17.656 -2.92175 2.84011 2.23802 -20.5498 -0.482611 -9.97335 -24.2728 -5.67055 -22.298 -11.366 -10.5675 -40.56 6.98231 -2.20341 -43.1778 19.4322 12.2164 -29.5841 -0.372448 -0.211387 -0.516487 -0.421727 -0.231055 0.523677 1.62966 1.79769 2.17639 1.3119 0.751729 0.173809 1.01514 -1.73803 -0.0909604 -1.43134 -2.04915 -2.30866 -2.85638 -1.51678 0.922904 1.37405 1.50964 0.801239 -0.243431 0.147941
25.0976 14.9283 -6.62325 19.9694 13.3706 8.31315 3.82024 3.09666 22.3081 -10.2828 -7.26288 20.0216 -22.7892 -15.1109 2.1059 -23.6154 -13.482 -17.5285 -15.1039 -5.88192 -34.8981 0.393379 3.38045 -43.9385 16.5827 9.45687 -41.7334 30.2422 10.3906 -22.7116 21.3007 3.35315 -2.51965 1.88275 -2.892 5.11798 -18.2134 -5.32121 16.6816 -25.3531 -6.36895 29.021 -21.8955 -6.72155 51.9478 -5.47681 -3.72536 61.2951 13.3665 0.391579 53.9028 20.065 2.70922 34.1903 12.5353 3.04544 17.1678 -6.20107 1.4579 3.50762 -20.043 -3.3066 -12.5114 -21.7976 -5.54893 -26.0971 -8.74806 -3.95837 -44.8388 10.4533 2.73204 -44.7025 23.8103 11.2649 -27.4831 -1.1074 -0.937913 -1.39917 -1.37274 -1.36984 -0.919705 0.0345241 0.183841 0.527169 -0.709589 -1.67283 -2.64924 -1.53879 0.91341 2.27381 0.868147 -0.327018 -0.686808 -1.17763 0.505537 2.52355 2.92082 2.77097 1.78684 0.560052 1.74523
