Optimization finished after 901 iterations.
NEB Energy: 2.06477
Max NEB Force: 0.424992
Optimization took: 1782319246714 ms
Energies: 
0.675021, 2.11837, 2.34141, 2.42643, 2.44724, 2.70713, 3.04488, 3.32501, 3.55374, 3.77013, 3.76369, 3.66077, 3.42887, 3.25364, 3.21217, 3.22796, 2.96786, 2.24871, 0.711183, 
NEB Forces: 
0, 0.344698, 0.344073, 0.351484, 0.354132, 0.374293, 0.403444, 0.411713, 0.420112, 0.424992, 0.42492, 0.419754, 0.40447, 0.390938, 0.390665, 0.421018, 0.396664, 0.339598, 0, 
Gradients: 
0.0545624, 0.327608, 0.344077, 0.351485, 0.354235, 0.374351, 0.403539, 0.411724, 0.420124, 0.424994, 0.424936, 0.419754, 0.404509, 0.390948, 0.390886, 0.421187, 0.397021, 0.340384, 1.78076e-05, 
Spring Forces: 
0, 0.107199, 0.000244205, 0.00015748, 1.41441e-05, 0.000143586, 2.21601e-05, 1.43962e-05, 5.95722e-05, 7.80364e-05, 5.77953e-05, 2.99008e-05, 0.000161914, 4.59922e-05, 0.000263172, 3.23054e-05, 0.000140321, 0.00349818, 0, 