# num_vectors 19
# vector_size 401
# Iterations: 12700, stepsize: 0.028943, max step size: 1.000000, spring constant: 0.000010, global NEB Hessian: false, global NEB Linesearch: true, climbing image: false
22.0945 29.5479 -13.4746 19.9181 32.2997 -11.6226 17.6966 34.651 -9.32598 15.499 36.5314 -6.61059 13.4016 37.8764 -3.52348 10.6151 38.8214 1.62232 8.02557 38.9472 6.95305 4.9465 38.4527 11.9941 1.00034 37.1735 16.2284 -2.32926 35.7346 18.74 -5.8655 33.9228 20.6577 -9.49417 31.7843 21.971 -13.113 29.3659 22.6924 -17.7163 25.8324 22.7871 -21.9891 21.9812 22.0141 -25.8079 17.8839 20.4928 -29.08 13.595 18.3517 -31.3762 9.83084 16.1469 -33.1926 5.97612 13.6681 -34.5006 2.04627 10.9945 -35.2751 -1.94431 8.20556 -35.4904 -6.19777 5.22969 -35.0674 -10.4773 2.31401 -33.9903 -14.7505 -0.438043 -32.253 -18.973 -2.9171 -29.9407 -22.9708 -4.95457 -27.041 -26.7953 -6.51814 -23.6076 -30.3623 -7.5023 -19.7259 -33.5743 -7.81076 -16.1073 -35.9788 -7.46997 -12.3451 -37.9689 -6.5327 -8.56033 -39.4792 -4.98793 -4.88753 -40.4504 -2.85262 -0.336315 -40.82 0.818844 3.56787 -40.1071 5.12917 6.68097 -38.3729 9.78011 8.94058 -35.7291 14.4954 10.3439 -32.3544 18.9918 10.9795 -28.3619 23.1427 10.9403 -23.8797 26.8147 10.3381 -19.0201 29.9125 9.36852 -14.194 32.2403 8.11066 -9.18399 33.9628 6.66831 -4.04742 35.0513 5.14596 1.1627 35.4833 3.54528 6.7595 35.199 2.10461 12.3045 34.129 0.956413 17.7076 32.2703 0.233448 22.8573 29.6388 0.0644081 25.828 27.6596 0.133601 28.6141 25.4227 0.466776 31.1757 22.9534 1.08559 33.4704 20.2846 2.72417 36.5246 15.6378 5.17089 38.5965 10.808 8.33378 39.4675 6.02853 11.4652 38.9301 1.1797 13.4539 37.6482 -2.97625 14.6689 35.9304 -7.27078 15.1272 33.862 -11.5582 14.8742 31.4936 -15.705 13.8781 28.6552 -19.9024 12.232 25.5774 -23.7083 10.0444 22.3035 -27.0493 7.42487 18.8662 -29.8759 4.43705 15.2371 -32.1845 1.22358 11.4797 -33.9113 -2.11115 7.60397 -35.045 -5.46487 3.61737 -35.5802 -8.37631 -0.0135917 -35.552 -11.1488 -3.71811 -35.0509 -13.7069 -7.48351 -34.082 -15.9726 -11.2902 -32.6547 -18.276 -16.0548 -30.2562 -19.8418 -20.7597 -27.2276 -20.5178 -25.2952 -23.6594 -20.1727 -29.5202 -19.6857 -18.846 -33.0354 -15.7724 -16.527 -35.984 -11.8534 -13.2592 -38.2226 -8.14648 -9.16056 -39.6337 -4.88448 -6.19013 -40.0667 -3.1434 -3.02444 -40.1325 -1.72342 0.258875 -39.8401 -0.638678 3.5865 -39.2004 0.109711 9.00582 -37.4349 0.628105 14.1217 -34.8844 0.350267 18.7559 -31.6635 -0.601561 22.79 -27.8853 -2.08653 25.814 -24.1445 -3.73117 28.2852 -20.1052 -5.58039 30.1955 -15.8193 -7.53609 31.5471 -11.331 -9.50346 32.4215 -5.96576 -11.6673 32.5877 -0.441285 -13.5869 32.0702 5.17988 -15.1255 30.9008 10.8211 -16.1459 29.3133 15.8696 -16.5062 27.27 20.7571 -16.2328 24.8344 25.3641 -15.2425 -0.216943 -0.122776 -0.0497353 0.00209748 -0.0598974 0.0151187 0.0737357 0.131188 0.118774 0.155143 0.177841 0.18732 0.178605 0.171152 0.132322 0.0664775 0.138475 0.0728999 -0.00990428 -0.108156 0.0828563 -0.0277266 -0.153006 -0.286614 0.0192651 -0.111816 -0.230316 -0.341579 -0.0876681 -0.17743 -0.230377 -0.237831 -0.0807887 -0.0576519 0.0387069 0.187295 -0.0609019 0.0304864 0.133883 0.236941 -0.335821 -0.290544 -0.258727 -0.248541 -0.110705 -0.122801 -0.173448 -0.293403 0.25797 0.105742 -0.149157 -0.561297 0.821594 0.0529261 -0.174995 -0.0105774 -0.445328 -0.370928 -0.242716 -0.0640468 -0.593193 -0.487584 -0.349997 -0.182001 -0.640369 -0.514535 -0.370531 -0.210065 -0.599887 -0.4987 -0.396854 -0.297548 -0.59151 -0.555143 -0.553016 -0.629359 -0.346549 -0.548931 -0.922249 -1.26879 -0.247763 -0.377898 -0.425839 -0.422763 -0.375457 -0.382008 -0.338574 -0.261289 -0.468885 -0.427301 -0.367575 -0.293487 -0.765503 -0.715138 -0.621983 -0.488472 -0.875581 -0.709254 -0.55813 -0.432438 0.0487768
18.3365 28.6427 -16.731 16.5853 30.8526 -13.9404 14.9646 32.5511 -10.7426 13.5305 33.6753 -7.21874 12.3209 34.2306 -3.48156 10.9214 34.1424 2.2778 9.74309 33.3246 8.02928 8.26686 32.0218 13.6204 5.94076 30.2754 18.7852 3.48168 28.6516 22.0685 0.462092 26.758 24.6686 -2.95625 24.631 26.4728 -6.58726 22.3348 27.4768 -11.4467 19.1698 27.7071 -16.2073 15.9304 26.9801 -20.7415 12.6275 25.4912 -24.9039 9.24051 23.2802 -27.9932 6.29038 20.8195 -30.5306 3.27055 17.8624 -32.387 0.167272 14.512 -33.4698 -3.0246 10.9145 -33.7363 -6.46574 7.03103 -33.1293 -9.96319 3.23721 -31.6937 -13.5061 -0.281392 -29.4754 -17.0736 -3.33844 -26.6515 -20.5138 -5.71968 -23.3095 -23.8793 -7.44735 -19.6177 -27.156 -8.50255 -15.7112 -30.3339 -8.84963 -12.2299 -32.9316 -8.4975 -8.69708 -35.262 -7.45784 -5.18838 -37.1517 -5.69433 -1.81088 -38.4614 -3.27169 2.35784 -39.2399 0.771242 6.00321 -38.9865 5.35128 8.99208 -37.6872 10.2204 11.0304 -35.1998 15.118 11.8546 -31.6273 19.6049 11.5806 -27.2911 23.4385 10.5564 -22.5211 26.5646 9.06798 -17.4792 29.0013 7.35328 -12.5731 30.6259 5.38101 -7.58431 31.5593 3.20801 -2.59602 31.7689 0.891063 2.30272 31.237 -1.68451 7.35672 29.8992 -4.229 12.2269 27.9567 -6.45509 17.0847 25.6301 -7.87413 22.0864 22.9967 -8.0516 25.1695 21.1986 -7.59282 28.1458 19.2748 -6.46651 30.8784 17.2662 -4.73131 33.2554 15.2392 -0.915678 36.2342 12.0497 3.56459 38.2121 8.94799 8.2345 39.144 5.64211 12.6302 38.7164 1.88708 15.6532 37.1638 -1.47732 17.8796 34.653 -4.88444 19.2392 31.4943 -8.20762 19.7798 27.9999 -11.4274 19.5261 24.097 -14.7992 18.4731 20.2207 -18.0444 16.6676 16.4826 -21.1157 14.1562 12.9803 -23.9606 10.9696 9.73298 -26.5542 7.2639 6.77256 -28.7746 3.17769 3.99791 -30.5155 -1.15513 1.28302 -31.6479 -5.08696 -1.17721 -32.0336 -8.95206 -3.75547 -31.7611 -12.5802 -6.50726 -30.7994 -15.8114 -9.44086 -29.1825 -19.138 -13.2987 -26.3879 -21.5821 -17.3101 -22.9681 -22.9216 -21.4585 -19.1268 -22.7829 -25.6378 -15.0928 -21.1616 -29.3014 -11.435 -18.3121 -32.4828 -8.0898 -14.5732 -35.0502 -5.11326 -10.1479 -36.8628 -2.55169 -7.00748 -37.4952 -1.21741 -3.69739 -37.6471 -0.186753 -0.314 -37.2929 0.49823 3.03874 -36.4646 0.837666 8.31399 -34.2476 0.731697 13.208 -31.3628 0.0379176 17.7186 -28.0584 -1.18285 21.742 -24.434 -3.03507 24.7437 -20.98 -5.24903 27.0929 -17.3228 -7.88509 28.7551 -13.4608 -10.7423 29.7577 -9.40385 -13.6368 30.1735 -4.53901 -16.8605 29.9102 0.515552 -19.7954 29.0127 5.81491 -22.1069 27.4577 11.3228 -23.3218 25.5206 16.2594 -23.202 23.2341 20.8805 -21.9557 20.7865 25.043 -19.7603 0.0841859 0.135958 0.168553 0.182765 0.0839349 0.11552 0.121595 0.136585 0.101645 0.126308 0.142657 0.152331 0.152624 0.167302 0.159419 0.126608 0.225976 0.181104 0.113084 0.0246684 0.224736 0.126668 0.0159727 -0.105833 0.209478 0.0922949 -0.00607468 -0.103092 0.140652 0.0198846 -0.0711491 -0.108047 0.0261508 0.0259663 0.0992189 0.246493 0.032974 0.171078 0.299085 0.405531 -0.161673 -0.100482 -0.0435012 0.00162775 0.180452 0.187728 0.0911805 -0.165473 0.180691 -0.216785 -0.812701 -1.54807 -0.122407 -0.155004 0.0920545 0.403091 -0.0896359 -0.144527 -0.0784934 0.127092 -0.308293 -0.0772385 0.184156 0.460071 0.0812809 0.247876 0.39594 0.536377 0.114878 0.177059 0.230991 0.277954 -0.0710537 -0.0887826 -0.165733 -0.391763 -0.319797 -0.676661 -0.954568 -1.0107 0.125202 -0.0114904 -0.0938368 -0.113985 -0.07077 -0.0431513 0.037787 0.131603 -0.0815664 -0.0497212 0.0113213 0.101365 -0.345855 -0.261502 -0.0997443 0.1373 -0.179235 -0.0132261 0.0865794 0.145652 0.272032
19.9999 27.348 -16.5831 18.1874 29.2581 -13.6158 16.4992 30.6448 -10.3045 14.9965 31.4671 -6.72625 13.7223 31.749 -2.97995 12.2392 31.3227 2.7433 10.9911 30.2434 8.43663 9.43978 28.7376 13.9559 7.01193 26.8446 19.0213 4.45458 25.156 22.1951 1.3231 23.2384 24.6407 -2.20823 21.1265 26.2324 -5.93577 18.881 26.9588 -10.87 15.8337 26.7317 -15.6277 12.7594 25.4671 -20.0668 9.65508 23.3833 -24.0156 6.49415 20.5371 -26.8081 3.77038 17.5229 -28.9421 1.03263 14.0225 -30.3129 -1.70686 10.1601 -30.8665 -4.44056 6.09525 -30.5671 -7.30813 1.77308 -29.4133 -10.1759 -2.40285 -27.4695 -13.0833 -6.24503 -24.8006 -16.0597 -9.56347 -21.6069 -19.003 -12.1359 -17.9629 -21.9618 -13.9922 -14.0282 -24.9182 -15.1137 -9.93631 -27.8535 -15.4608 -6.35536 -30.3026 -15.047 -2.80271 -32.542 -13.8826 0.623788 -34.3991 -11.9327 3.80984 -35.7304 -9.27396 7.56766 -36.608 -4.86508 10.6663 -36.5128 0.106763 12.991 -35.4284 5.37453 14.2662 -33.2206 10.6498 14.2917 -29.9787 15.4522 13.2252 -25.9996 19.5269 11.4115 -21.598 22.8302 9.10678 -16.9391 25.391 6.60122 -12.4123 27.0878 3.85107 -7.81674 28.0709 0.959425 -3.21187 28.3585 -1.98683 1.35229 27.9882 -5.13723 6.14221 26.9402 -8.1881 10.8604 25.3919 -10.8895 15.6851 23.5503 -12.7422 20.821 21.5117 -13.1183 24.1029 20.1487 -12.7746 27.3583 18.7154 -11.6613 30.4211 17.2493 -9.84216 33.1379 15.8071 -5.73894 36.6057 13.6292 -0.843235 38.9472 11.5908 4.40235 40.1056 9.41184 9.58581 39.7453 6.84145 13.3818 38.1144 4.43324 16.4041 35.4262 1.88199 18.5121 32.0382 -0.753696 19.7255 28.3106 -3.49276 20.1049 24.1941 -6.58741 19.5805 20.1799 -9.79328 18.1868 16.4139 -13.0399 15.9639 13.0301 -16.2454 12.9516 10.0788 -19.3505 9.31339 7.58683 -22.1754 5.18703 5.42125 -24.5649 0.693912 3.41278 -26.3549 -3.48918 1.61304 -27.3158 -7.70403 -0.339641 -27.6034 -11.7601 -2.58279 -27.1822 -15.4552 -5.18944 -26.0812 -19.3409 -8.91465 -23.8941 -22.2736 -13.0442 -21.0471 -24.0216 -17.4928 -17.7436 -24.1949 -22.0942 -14.2001 -22.754 -26.1921 -10.9502 -19.9837 -29.7872 -7.97845 -16.2522 -32.7384 -5.37136 -11.7872 -34.9321 -3.20737 -8.60264 -35.8205 -2.15315 -5.23628 -36.2387 -1.42181 -1.78696 -36.1582 -1.05065 1.63918 -35.6074 -1.03255 7.04799 -33.8478 -1.66759 12.0892 -31.4181 -2.8668 16.7578 -28.5586 -4.5347 20.9527 -25.3444 -6.73179 24.1299 -22.1905 -9.1401 26.6893 -18.7387 -11.8561 28.6034 -14.9627 -14.6704 29.8993 -10.8657 -17.3865 30.6945 -5.81713 -20.2346 30.8298 -0.488225 -22.6463 30.302 5.08455 -24.3485 29.0268 10.7646 -24.9331 27.2316 15.7121 -24.2729 24.9872 20.1968 -22.5447 22.5139 24.0992 -19.9389 -0.0237923 0.0269908 0.0593748 0.074061 -0.0235123 0.00906736 0.01522 0.0308409 -0.00159804 0.0267313 0.0476332 0.0617712 0.0666362 0.0854802 0.0807252 0.050062 0.151344 0.110043 0.049936 -0.0249076 0.194151 0.11893 0.0331375 -0.0628571 0.275808 0.175661 0.0867291 -0.00643366 0.235733 0.107818 0.00413897 -0.0487043 0.0665493 0.0467356 0.0997916 0.221597 -0.0236234 0.0823177 0.184918 0.273388 -0.309221 -0.266636 -0.236124 -0.225788 -0.085047 -0.108657 -0.22339 -0.494519 -0.166118 -0.566806 -1.12332 -1.75575 -0.199753 -0.181872 0.071098 0.389497 -0.0895877 -0.132268 -0.0545122 0.168443 -0.239519 0.0244416 0.31467 0.608945 0.235203 0.395634 0.531231 0.656121 0.217119 0.258431 0.285506 0.300195 -0.0867677 -0.139213 -0.235484 -0.458001 -0.359139 -0.670929 -0.894945 -0.889039 0.297323 0.18657 0.117981 0.102978 0.145837 0.166116 0.23678 0.321709 0.103587 0.134677 0.198201 0.292677 -0.151396 -0.0749109 0.0597821 0.260683 -0.0791339 0.0775015 0.172711 0.228214 0.460438
15.863 27.9481 -13.0968 14.1371 29.3979 -9.83224 12.5879 30.3113 -6.29619 11.2742 30.6649 -2.56966 10.2311 30.4988 1.25428 9.15136 29.4579 6.98902 8.34351 27.8159 12.6271 7.24488 25.7613 18.0776 5.25778 23.3098 23.0954 3.00088 21.2097 26.2514 0.132253 18.9056 28.6857 -3.1806 16.4531 30.2587 -6.73243 13.9283 30.9475 -11.4884 10.6165 30.6354 -16.1056 7.38525 29.2476 -20.4222 4.22194 27.0013 -24.251 1.10757 23.9475 -26.9371 -1.47548 20.7202 -28.9606 -3.9648 16.9771 -30.2244 -6.34112 12.847 -30.6839 -8.60194 8.49038 -30.3041 -10.8723 3.8326 -29.0828 -13.0742 -0.712076 -27.0707 -15.2851 -4.96143 -24.3186 -17.5721 -8.7283 -21.0201 -19.8835 -11.7709 -17.2407 -22.2681 -14.1182 -13.1335 -24.7173 -15.7345 -8.82849 -27.2195 -16.5624 -5.03507 -29.3646 -16.5364 -1.25743 -31.3772 -15.7174 2.38543 -33.0956 -14.0535 5.7582 -34.3789 -11.6102 9.69923 -35.3214 -7.37819 12.8973 -35.411 -2.46964 15.2309 -34.6243 2.84689 16.4097 -32.834 8.2998 16.2352 -30.1022 13.4067 14.8832 -26.6819 17.8843 12.7135 -22.8515 21.6519 9.98389 -18.761 24.7164 7.01988 -14.7557 26.9122 3.77001 -10.654 28.4169 0.358305 -6.4942 29.2566 -3.11272 -2.30484 29.4813 -6.82258 2.17541 29.1193 -10.4339 6.67461 28.2934 -13.7103 11.3678 27.1954 -16.162 16.4965 25.9101 -16.905 19.8715 25.0002 -16.9083 23.3012 23.9969 -16.1032 26.6123 22.9205 -14.5409 29.63 21.8149 -10.7416 33.6414 20.06 -6.03283 36.5442 18.3258 -0.857795 38.2762 16.37 4.40378 38.4965 13.9467 8.39061 37.3159 11.5844 11.6937 35.0158 9.00209 14.1273 31.9409 6.26492 15.6702 28.4616 3.36948 16.3801 24.5589 0.0632584 16.1397 20.7178 -3.37976 14.967 17.0968 -6.86966 12.891 13.8445 -10.3017 9.95485 11.0257 -13.5971 6.33828 8.66833 -16.5618 2.20287 6.62945 -19.0452 -2.30977 4.72359 -20.8973 -6.50443 2.97714 -21.905 -10.7133 1.02162 -22.254 -14.7326 -1.30287 -21.9334 -18.3455 -4.08045 -20.9887 -22.0505 -8.12909 -19.0806 -24.7177 -12.6578 -16.6034 -26.1264 -17.5295 -13.7676 -25.9002 -22.5169 -10.7955 -24.0608 -26.8818 -8.15078 -20.9057 -30.6265 -5.81561 -16.8326 -33.6243 -3.85253 -12.0934 -35.7825 -2.33168 -8.7863 -36.6087 -1.68144 -5.34863 -36.9355 -1.33826 -1.88404 -36.739 -1.32902 1.50384 -36.0547 -1.63907 6.75289 -34.055 -2.73605 11.5597 -31.3785 -4.31267 15.9429 -28.2643 -6.27342 19.806 -24.7783 -8.65654 22.656 -21.3649 -11.1198 24.8713 -17.6405 -13.7777 26.4389 -13.5878 -16.4159 27.3968 -9.22116 -18.836 27.8212 -3.88762 -21.2035 27.6081 1.6727 -23.0117 26.7595 7.37342 -24.0183 25.2076 13.0121 -23.8515 23.2215 17.7431 -22.5064 20.8574 21.8555 -20.1325 18.3402 25.269 -16.9467 -0.00680856 0.0330711 0.0558249 0.0620306 -0.045281 -0.0255384 -0.0368622 -0.0438944 -0.097862 -0.0864762 -0.0797812 -0.0763874 -0.0797437 -0.0658624 -0.0723866 -0.101792 0.00435861 -0.028471 -0.0757024 -0.133312 0.107086 0.0561627 -0.00365562 -0.0720044 0.294629 0.220202 0.152973 0.0787152 0.335944 0.218211 0.11907 0.0646961 0.173074 0.142482 0.182447 0.286769 0.0177953 0.0957503 0.171076 0.234694 -0.371675 -0.352982 -0.347198 -0.362341 -0.246897 -0.289636 -0.408818 -0.664709 -0.300108 -0.647401 -1.12189 -1.67 -0.0659762 -0.063419 0.163406 0.460871 -0.0341813 -0.0904637 -0.028019 0.175782 -0.25537 -0.0144342 0.258915 0.544644 0.169211 0.331294 0.468884 0.594784 0.155054 0.193352 0.214325 0.220322 -0.177268 -0.240279 -0.346397 -0.575773 -0.474374 -0.760934 -0.932024 -0.852191 0.396505 0.320337 0.271887 0.266141 0.312114 0.330482 0.396973 0.47802 0.25943 0.29446 0.366245 0.47142 0.0375879 0.119502 0.247141 0.424835 0.0537104 0.181414 0.252384 0.288081 0.488896
10.3449 28.7226 -8.90067 8.76677 29.7511 -5.40932 7.42301 30.2476 -1.70989 6.36389 30.202 2.11296 5.61103 29.6644 5.9707 5.00394 28.1265 11.6631 4.68942 26.0337 17.2 4.10329 23.533 22.5423 2.64821 20.6089 27.4889 0.784336 18.1402 30.6346 -1.71601 15.4669 33.0975 -4.70535 12.6623 34.7292 -7.9901 9.81794 35.4937 -12.483 6.14958 35.2903 -16.9199 2.63676 34.002 -21.1177 -0.727672 31.8238 -24.8749 -3.94082 28.7835 -27.532 -6.50304 25.5159 -29.5543 -8.86186 21.6885 -30.8455 -10.9974 17.4371 -31.3619 -12.9173 12.9261 -31.0699 -14.7387 8.06898 -29.9547 -16.4233 3.28232 -28.0514 -18.0743 -1.2614 -25.3944 -19.7854 -5.38528 -22.1601 -21.5466 -8.83734 -18.4032 -23.4089 -11.6477 -14.2648 -25.3749 -13.7662 -9.86314 -27.4423 -15.1194 -5.92744 -29.2635 -15.5505 -1.95495 -31.0154 -15.1733 1.92365 -32.5516 -13.913 5.55362 -33.7389 -11.814 9.84187 -34.6814 -7.93431 13.3604 -34.8927 -3.25405 15.9657 -34.3394 1.96478 17.3376 -32.8994 7.47598 17.2512 -30.6149 12.8002 15.8865 -27.7016 17.6194 13.623 -24.3989 21.8079 10.7319 -20.8341 25.3446 7.55899 -17.308 28.0182 4.05184 -13.66 30.0285 0.344059 -9.91735 31.4048 -3.45371 -6.09816 32.2048 -7.54117 -1.95437 32.5022 -11.5563 2.26784 32.3669 -15.2713 6.74082 31.9697 -18.2193 11.7321 31.3673 -19.3029 15.0965 30.8411 -19.6656 18.5881 30.1728 -19.2222 22.0401 29.3622 -18.0044 25.2709 28.4409 -14.6941 29.7431 26.8138 -10.3838 33.1934 25.0469 -5.52338 35.5452 22.937 -0.470566 36.4538 20.2446 3.45453 35.8583 17.5785 6.79948 34.11 14.6419 9.35043 31.5202 11.5346 11.0471 28.4499 8.28431 11.9303 24.9045 4.63518 11.8476 21.3326 0.906767 10.7997 17.8894 -2.79631 8.80213 14.7231 -6.35297 5.89684 11.9039 -9.67526 2.27859 9.46956 -12.575 -1.86308 7.28832 -14.9234 -6.35717 5.18308 -16.5959 -10.492 3.21722 -17.432 -14.5838 1.00817 -17.6264 -18.417 -1.59661 -17.1989 -21.7719 -4.66956 -16.2182 -25.0669 -9.08651 -14.3762 -27.2519 -13.9602 -12.0887 -28.1245 -19.1294 -9.58335 -27.3299 -24.3254 -7.10766 -24.9746 -28.7631 -5.06091 -21.364 -32.4553 -3.39881 -16.9206 -35.2972 -2.12996 -11.9163 -37.2148 -1.28672 -8.5126 -37.8446 -1.04109 -5.044 -37.9463 -1.06494 -1.61595 -37.5037 -1.3726 1.6749 -36.5619 -1.94307 6.66184 -34.1319 -3.35031 11.1325 -31.0302 -5.12448 15.1279 -27.4913 -7.19045 18.5512 -23.5764 -9.57979 20.9681 -19.786 -11.9534 22.7182 -15.7056 -14.4291 23.7989 -11.339 -16.7971 24.2566 -6.71894 -18.8678 24.1 -1.18189 -20.7515 23.3188 4.47881 -22.0078 21.9489 10.1528 -22.4092 19.9747 15.6015 -21.6055 17.7325 20.011 -19.6912 15.243 23.6882 -16.79 12.7195 26.593 -13.139 0.0498028 0.079 0.0922885 0.0901174 -0.0269006 -0.0199383 -0.0487687 -0.0791618 -0.156419 -0.164428 -0.175123 -0.185882 -0.201257 -0.196233 -0.20812 -0.239558 -0.131186 -0.157798 -0.194832 -0.238796 0.018326 -0.0135712 -0.0528612 -0.0990206 0.290678 0.238524 0.191559 0.136554 0.411026 0.307462 0.218467 0.168622 0.276297 0.240371 0.272253 0.365258 0.0803878 0.138754 0.193918 0.238229 -0.3867 -0.385943 -0.397625 -0.429831 -0.330997 -0.385958 -0.505305 -0.741795 -0.336751 -0.632317 -1.03681 -1.5188 0.117795 0.0943316 0.285132 0.549061 0.0242164 -0.0575381 -0.0213563 0.151582 -0.31636 -0.11237 0.132749 0.403397 0.0258616 0.194435 0.341911 0.478196 0.0473294 0.0921547 0.116919 0.124137 -0.273889 -0.339722 -0.454704 -0.698554 -0.606354 -0.876957 -1.00181 -0.857321 0.444971 0.399465 0.369879 0.373615 0.423867 0.442872 0.508453 0.588937 0.372925 0.414349 0.496267 0.613512 0.191647 0.283183 0.410973 0.573051 0.174877 0.274984 0.322183 0.338519 0.468651
9.93595 26.1777 -9.02149 8.33306 26.862 -5.45771 6.969 27.0877 -1.73931 5.87853 26.8717 2.06887 5.0693 26.2763 5.90667 4.31935 24.846 11.61 3.79969 23.0131 17.2232 2.9619 20.8252 22.6682 1.22119 18.1858 27.6821 -0.861766 15.8775 30.8122 -3.56103 13.3086 33.1741 -6.69357 10.5491 34.6012 -10.0296 7.69781 35.0548 -14.415 3.9707 34.3056 -18.556 0.393025 32.3723 -22.3038 -2.98273 29.5011 -25.4735 -6.0929 25.7641 -27.5294 -8.43929 21.9471 -28.8871 -10.4491 17.6553 -29.5132 -12.1068 13.055 -29.4342 -13.4415 8.31003 -28.6367 -14.568 3.30115 -27.1408 -15.5335 -1.5798 -24.9513 -16.5091 -6.18939 -22.074 -17.6528 -10.3615 -18.6741 -19.0025 -13.8399 -14.7887 -20.5882 -16.6452 -10.5465 -22.3826 -18.71 -6.06323 -24.3496 -19.9392 -2.09086 -26.1238 -20.1932 1.85973 -27.857 -19.5761 5.63379 -29.3957 -18.0331 9.07112 -30.5987 -15.6395 12.9828 -31.5743 -11.3879 16.0223 -31.8434 -6.38596 18.0432 -31.4251 -0.902277 18.7206 -30.2596 4.79966 17.8785 -28.392 10.2197 15.7439 -25.9829 15.0378 12.7147 -23.206 19.1228 9.06361 -20.1554 22.4301 5.20468 -17.0992 24.7577 1.07422 -13.9133 26.3192 -3.17323 -10.6223 27.2013 -7.42629 -7.23648 27.5123 -11.9198 -3.53004 27.319 -16.2839 0.29131 26.7546 -20.3237 4.43746 26.0789 -23.5658 9.24918 25.5291 -24.7732 12.6054 25.3097 -25.1867 16.1528 25.1887 -24.7088 19.6941 25.1592 -23.3818 23.0117 25.2079 -19.795 27.5615 25.4069 -15.1416 31.0141 25.5869 -9.84046 33.3554 25.4386 -4.18402 34.3086 24.601 0.372349 33.8077 23.238 4.43401 32.1902 21.3 7.75446 29.7477 18.8754 10.2634 26.8292 16.0368 12.063 23.4425 12.5788 12.9018 20.0103 8.81274 12.7194 16.6721 4.8771 11.4725 13.5674 0.943597 9.16976 10.784 -2.848 5.968 8.42477 -6.25515 2.04025 6.47174 -9.11602 -2.44662 4.85981 -11.283 -6.7446 3.58542 -12.5336 -11.1646 2.25215 -13.1224 -15.5141 0.596673 -13.0793 -19.5873 -1.57279 -12.4769 -24.0304 -5.05351 -11.0976 -27.5398 -9.31462 -9.28472 -29.7343 -14.332 -7.3434 -29.9902 -19.8807 -5.63904 -28.2037 -24.8874 -4.55709 -24.8376 -29.1095 -4.03442 -20.4942 -32.359 -3.95323 -15.5669 -34.6123 -4.2264 -12.221 -35.4553 -4.59643 -8.80706 -35.7853 -5.12399 -5.40816 -35.5975 -5.79808 -2.09377 -34.9421 -6.59029 3.09425 -33.0399 -8.08061 7.95681 -30.5014 -9.71349 12.4737 -27.5003 -11.5429 16.4894 -24.0306 -13.6852 19.4562 -20.5183 -15.8541 21.744 -16.5906 -18.1304 23.2999 -12.2553 -20.2811 24.1136 -7.57558 -22.0923 24.1804 -1.9254 -23.6098 23.4509 3.8209 -24.4343 22.0268 9.49516 -24.3552 19.9442 14.8034 -23.045 17.5842 18.9269 -20.6865 14.9814 22.1766 -17.4 12.3678 24.5691 -13.4526 -0.0416293 -0.0157705 -0.00266868 -0.0013845 -0.109298 -0.0876728 -0.101787 -0.120145 -0.19019 -0.195354 -0.206967 -0.222729 -0.247582 -0.254216 -0.275717 -0.313582 -0.207812 -0.232759 -0.262654 -0.293701 -0.0187977 -0.0302989 -0.0495567 -0.0781298 0.324465 0.278857 0.231717 0.171275 0.437166 0.323527 0.223348 0.162352 0.258175 0.209886 0.227311 0.300036 -0.0108286 0.0210772 0.0553147 0.0857004 -0.548517 -0.555695 -0.576248 -0.618081 -0.527414 -0.588989 -0.722366 -0.993978 -0.637563 -0.965584 -1.37156 -1.79961 -0.035014 0.0750592 0.353901 0.692501 0.229126 0.188852 0.247498 0.42261 -0.061003 0.115457 0.32928 0.568925 0.164673 0.316101 0.45836 0.597376 0.168811 0.208814 0.220112 0.208355 -0.212378 -0.304854 -0.456153 -0.743586 -0.679637 -0.942175 -1.01931 -0.799963 0.567497 0.558405 0.550334 0.563079 0.612687 0.618667 0.661948 0.716266 0.476157 0.497002 0.561353 0.667102 0.241329 0.332678 0.456638 0.609825 0.202136 0.29337 0.330915 0.337501 0.55233
9.97658 23.9691 -8.71169 8.41501 24.4773 -5.1004 7.07903 24.5857 -1.36656 5.97766 24.321 2.43543 5.09699 23.746 6.26061 4.11246 22.456 11.9618 3.2367 20.8398 17.5972 1.98871 18.8811 23.0509 -0.14892 16.4276 28.0054 -2.48365 14.2044 31.0171 -5.37235 11.6691 33.1833 -8.60707 8.89843 34.3339 -11.9372 6.00651 34.4405 -16.1388 2.21156 33.1638 -19.9235 -1.41461 30.6715 -23.1788 -4.78311 27.2448 -25.736 -7.78994 22.9899 -27.1917 -9.94571 18.8023 -27.9174 -11.6621 14.2384 -27.9494 -12.9314 9.47495 -27.3811 -13.7998 4.65567 -26.2149 -14.3771 -0.374296 -24.484 -14.7751 -5.25689 -22.1462 -15.2203 -9.87533 -19.1645 -15.9267 -14.0711 -15.6852 -16.9701 -17.5762 -11.7321 -18.3577 -20.3917 -7.42329 -20.0265 -22.4238 -2.87365 -21.9009 -23.5494 1.13794 -23.601 -23.6428 5.08107 -25.257 -22.8052 8.77435 -26.7129 -21.0075 12.05 -27.829 -18.3587 15.6351 -28.6884 -13.8047 18.2545 -28.8712 -8.56689 19.7662 -28.4668 -2.92056 19.8483 -27.4992 2.85753 18.3684 -26.0301 8.2636 15.5865 -24.1569 12.9887 11.9072 -21.966 16.8922 7.60431 -19.5016 19.8898 3.16336 -16.9867 21.7878 -1.47345 -14.3258 22.8217 -6.12525 -11.5156 23.1572 -10.6747 -8.5296 22.9682 -15.3737 -5.14361 22.3191 -19.8654 -1.54538 21.4002 -24.0189 2.45516 20.5575 -27.4022 7.18821 20.2146 -28.7001 10.5118 20.4131 -29.1916 14.011 20.9454 -28.7762 17.4627 21.7717 -27.5034 20.6366 22.8092 -24.0106 24.8513 24.7177 -19.4675 27.9344 26.5782 -14.2524 30.0112 28.0257 -8.56576 30.9634 28.627 -3.80623 30.7212 28.2299 0.663138 29.555 26.9913 4.58387 27.6617 25.0131 7.84811 25.3036 22.4336 10.5959 22.4628 19.1099 12.4719 19.4463 15.3619 13.3518 16.318 11.3487 13.1176 13.1555 7.27311 11.7211 10.034 3.30674 9.25526 7.12501 -0.282656 5.87339 4.5236 -3.31939 1.74831 2.28208 -5.64005 -2.36541 0.580678 -6.99772 -6.72452 -0.90436 -7.67114 -11.1824 -2.24081 -7.7181 -15.647 -3.46558 -7.24052 -21.1502 -4.92001 -6.07458 -26.4446 -6.76877 -4.5547 -30.9897 -10.1072 -3.1566 -33.2725 -15.4276 -2.67162 -32.2301 -20.6883 -3.48696 -28.8376 -24.5768 -5.16004 -24.4321 -27.0785 -7.10011 -19.6589 -28.8326 -8.99005 -16.4849 -29.688 -10.102 -13.2262 -30.3099 -11.12 -9.89529 -30.6485 -12.0327 -6.51954 -30.6778 -12.8363 -0.937213 -30.0791 -13.9472 4.5621 -28.835 -14.9294 9.85335 -26.9575 -16.0396 14.706 -24.314 -17.5287 18.3943 -21.2451 -19.2079 21.3159 -17.5207 -21.0614 23.3679 -13.2166 -22.8238 24.5013 -8.47394 -24.2605 24.7018 -2.73026 -25.3566 23.9079 3.05165 -25.7701 22.3245 8.66362 -25.2905 20.0827 13.7964 -23.5991 17.6232 17.6671 -20.9337 14.9748 20.6021 -17.3971 12.3653 22.6622 -13.2639 -0.156101 -0.132073 -0.117914 -0.112509 -0.211391 -0.175739 -0.175503 -0.182353 -0.246088 -0.248987 -0.261023 -0.279938 -0.310766 -0.324668 -0.352514 -0.395329 -0.292198 -0.316427 -0.341049 -0.361913 -0.0723244 -0.0660007 -0.0668119 -0.0785115 0.337295 0.299945 0.255818 0.194564 0.458425 0.343588 0.243666 0.184108 0.282518 0.237375 0.255736 0.323843 0.00190571 0.0202668 0.0442844 0.0702192 -0.564338 -0.571287 -0.594417 -0.642356 -0.558058 -0.623509 -0.763549 -1.05072 -0.70388 -1.01659 -1.37104 -1.71428 0.171649 0.395042 0.75924 1.17637 0.776343 0.77467 0.843656 0.996891 0.463557 0.574024 0.720269 0.899676 0.448591 0.567564 0.686386 0.804388 0.35792 0.388666 0.407662 0.422231 0.0333599 -0.068778 -0.322621 -0.78309 -0.887698 -1.25762 -1.32912 -0.99419 0.499299 0.5655 0.594529 0.60575 0.615469 0.54159 0.501831 0.483607 0.189558 0.172341 0.207952 0.293946 -0.142029 -0.0522038 0.0713197 0.218384 -0.199007 -0.117099 -0.0880876 -0.0890818 0.235156
10.2309 21.7455 -8.08439 8.71911 22.1914 -4.44379 7.41086 22.2767 -0.699542 6.28566 22.0321 3.09682 5.30421 21.5195 6.90632 4.00877 20.3887 12.5791 2.67453 18.9728 18.1784 0.915975 17.2068 23.5567 -1.68609 14.889 28.3518 -4.28863 12.708 31.1686 -7.35198 10.1639 33.068 -10.6482 7.34764 33.8849 -13.9154 4.39576 33.6088 -17.8505 0.533874 31.7962 -21.2027 -3.11797 28.7776 -23.8987 -6.44744 24.8621 -25.7884 -9.32048 20.1866 -26.6136 -11.2671 15.7333 -26.7016 -12.6841 11.0125 -26.162 -13.5764 6.19425 -25.1517 -14.0078 1.38849 -23.6853 -14.0812 -3.59532 -21.7973 -13.9643 -8.43429 -19.3851 -13.9325 -13.0358 -16.3583 -14.252 -17.2465 -12.8389 -15.0323 -20.7799 -8.84209 -16.2562 -23.6096 -4.48023 -17.8212 -25.6108 0.128678 -19.6101 -26.6292 4.17415 -21.2289 -26.5547 8.10181 -22.7869 -25.4879 11.7024 -24.126 -23.4301 14.8013 -25.1083 -20.5278 18.038 -25.7728 -15.6892 20.2206 -25.7861 -10.2517 21.2243 -25.3261 -4.49752 20.7439 -24.5163 1.28546 18.6925 -23.4387 6.59624 15.351 -22.123 11.1435 11.114 -20.5685 14.7775 6.25059 -18.7745 17.3666 1.32122 -16.907 18.7313 -3.71531 -14.8785 19.1408 -8.66111 -12.6174 18.8665 -13.3983 -10.0246 18.1691 -18.1788 -6.85913 17.1236 -22.6639 -3.32088 15.9699 -26.8085 0.688095 15.1228 -30.257 5.38601 15.1734 -31.6421 8.60069 15.8927 -32.2493 11.8895 17.1514 -31.9764 15.0184 18.8559 -30.8741 17.7752 20.8446 -27.7127 21.2027 24.2888 -23.5441 23.543 27.5679 -18.6905 25.1458 30.3027 -13.2457 26.1356 32.0291 -8.48363 26.3948 32.3832 -3.76121 26.0691 31.7033 0.656468 25.1677 30.1091 4.60154 23.7724 27.794 8.22167 21.811 24.6773 11.0618 19.4365 21.077 12.9549 16.6664 17.1516 13.7281 13.5455 13.1108 13.284 10.1495 9.1489 11.6521 6.71033 5.5524 8.96178 3.42141 2.49117 5.37415 0.449033 0.0996067 1.59381 -1.82549 -1.38221 -2.5859 -3.69394 -2.2183 -7.01998 -5.09731 -2.38962 -11.5636 -5.97234 -1.89013 -17.1763 -6.37292 -0.442601 -22.706 -6.61706 1.32394 -28.2821 -8.0565 2.0931 -32.5789 -11.5461 0.328984 -33.3991 -15.4349 -3.3628 -31.2463 -18.3506 -7.39919 -27.6339 -20.2848 -10.9546 -23.4695 -21.8979 -14.0347 -20.6237 -22.9158 -15.7399 -17.6311 -23.9019 -17.1939 -14.4826 -24.7948 -18.3482 -11.1963 -25.5363 -19.1804 -5.57777 -26.3492 -19.9055 0.133406 -26.6086 -20.1695 5.83035 -26.1334 -20.4403 11.3106 -24.6226 -21.102 15.6972 -22.2554 -22.0996 19.3612 -18.953 -23.3289 22.1055 -14.8454 -24.5279 23.7942 -10.1455 -25.4773 24.4036 -4.36284 -26.1256 23.8057 1.45683 -26.1999 22.307 7.06171 -25.4448 20.1197 12.1296 -23.5047 17.7076 15.8866 -20.6408 15.1069 18.6693 -16.949 12.5519 20.5701 -12.7069 -0.210516 -0.188806 -0.174884 -0.16739 -0.260618 -0.215701 -0.206264 -0.207202 -0.27004 -0.275578 -0.292937 -0.319765 -0.361899 -0.389288 -0.430516 -0.486529 -0.394693 -0.426948 -0.455965 -0.477319 -0.184661 -0.172403 -0.166384 -0.172894 0.244407 0.203828 0.151437 0.0782005 0.329921 0.205052 0.0971516 0.031166 0.122996 0.0704273 0.0793789 0.132396 -0.212048 -0.220344 -0.221726 -0.217208 -0.869776 -0.89521 -0.942951 -1.02377 -0.977082 -1.07767 -1.24806 -1.55834 -1.20781 -1.49013 -1.78703 -2.05759 -0.0817395 0.22266 0.650846 1.12688 0.767014 0.775405 0.821117 0.92218 0.320463 0.362543 0.453114 0.593817 0.123217 0.24074 0.370381 0.505526 0.079755 0.135808 0.188158 0.241613 -0.106657 -0.17795 -0.39378 -0.727244 -0.610003 -0.753642 -0.67612 -0.256034 1.29484 1.4005 1.45796 1.47786 1.46569 1.3242 1.20335 1.11162 0.761104 0.699831 0.694732 0.742661 0.27234 0.335119 0.439227 0.569722 0.138634 0.210083 0.230263 0.221759 0.595831
10.4795 19.2326 -7.31372 8.98084 19.5691 -3.65599 7.65753 19.5757 0.0839343 6.46467 19.2955 3.85711 5.34314 18.7979 7.62975 3.69384 17.7825 13.2321 1.87761 16.5584 18.7403 -0.407205 14.9985 23.9828 -3.49286 12.8399 28.5605 -6.37912 10.7231 31.1398 -9.62782 8.19685 32.7298 -12.9832 5.36652 33.1708 -16.166 2.39187 32.4741 -19.7753 -1.47847 30.0912 -22.61 -5.08566 26.5362 -24.6531 -8.29195 22.1509 -25.7889 -10.9317 17.1085 -25.9282 -12.578 12.4639 -25.3463 -13.6113 7.67893 -24.2261 -14.0635 2.89949 -22.7833 -14.0246 -1.81422 -21.0416 -13.5905 -6.68985 -19.029 -12.9779 -11.4404 -16.5732 -12.4983 -15.9937 -13.5227 -12.4602 -20.1992 -9.97516 -13.0033 -23.7488 -5.94157 -14.0844 -26.5845 -1.53159 -15.5597 -28.5479 3.13123 -17.2681 -29.4528 7.20306 -18.8012 -29.2046 11.1021 -20.2491 -27.9034 14.5879 -21.4528 -25.5814 17.4762 -22.2785 -22.4242 20.2984 -22.7137 -17.308 21.9664 -22.5214 -11.6946 22.3991 -21.9717 -5.87734 21.3347 -21.2927 -0.155874 18.74 -20.5941 4.97769 14.9075 -19.8436 9.25821 10.2118 -18.9551 12.5347 4.9177 -17.883 14.6316 -0.347335 -16.7241 15.3964 -5.61866 -15.3832 15.1441 -10.7187 -13.6873 14.2712 -15.5445 -11.4327 13.141 -20.3188 -8.34676 11.8567 -24.7021 -4.69017 10.6807 -28.7418 -0.537571 10.0458 -32.1834 4.12776 10.6419 -33.6359 7.14033 11.9006 -34.3616 10.0618 13.8262 -34.2541 12.6708 16.2657 -33.358 14.8007 18.9915 -30.595 17.1205 23.5291 -26.8753 18.4523 27.7713 -22.4802 19.4048 31.4294 -17.434 20.3926 34.1063 -12.8701 21.2447 35.2527 -8.1418 21.9571 35.3273 -3.46301 22.3139 34.4047 0.985388 22.1621 32.6559 5.36096 21.3526 30.0357 9.11597 19.8461 26.8268 12.0385 17.6198 23.198 13.9031 14.6937 19.3735 14.5588 11.1511 15.5727 13.9506 7.28297 12.0952 12.1486 3.37569 9.10997 9.26324 -0.297438 6.74175 5.92852 -3.16101 5.21217 2.03119 -5.50121 4.21513 -2.27037 -7.20025 3.69601 -6.81989 -8.17727 3.61439 -12.6072 -8.44101 4.05551 -18.3818 -8.1468 4.62518 -24.1671 -8.14896 4.08898 -29.077 -9.02153 1.10822 -31.3725 -10.3889 -3.6127 -31.2112 -11.7836 -8.85268 -29.4471 -13.1557 -13.7959 -26.6823 -14.7615 -18.1786 -24.4413 -15.9788 -20.5319 -21.8494 -17.296 -22.4263 -18.9575 -18.6408 -23.794 -15.8535 -19.9437 -24.6363 -10.4826 -21.8777 -25.0445 -4.97942 -23.4306 -24.8046 0.667477 -24.3099 -24.499 6.3857 -24.0784 -24.5434 11.2544 -22.6797 -24.9678 15.6031 -20.1286 -25.6175 19.1366 -16.5302 -26.2557 21.6006 -12.1059 -26.6974 22.9671 -6.41935 -26.8621 22.9474 -0.576462 -26.5594 21.8832 5.07679 -25.4919 20.0092 10.1548 -23.2709 17.7756 13.8497 -20.1896 15.2707 16.5004 -16.3379 12.766 18.2301 -11.9939 -0.284334 -0.261561 -0.24469 -0.231829 -0.314923 -0.254843 -0.229581 -0.216553 -0.270056 -0.270513 -0.28548 -0.312966 -0.358758 -0.391826 -0.43909 -0.500943 -0.413408 -0.447233 -0.474569 -0.491056 -0.190322 -0.166672 -0.14748 -0.14166 0.284828 0.24933 0.197704 0.122096 0.37118 0.245588 0.139398 0.0769331 0.174386 0.129741 0.1467 0.20381 -0.143582 -0.160016 -0.170107 -0.171848 -0.828001 -0.858069 -0.918831 -1.02501 -1.01038 -1.13608 -1.31375 -1.60637 -1.21081 -1.43763 -1.66483 -1.86205 0.200659 0.590448 1.09354 1.63726 1.31754 1.32957 1.34572 1.39468 0.730755 0.71141 0.748613 0.845883 0.343046 0.438497 0.551364 0.668835 0.2204 0.24507 0.253164 0.24745 -0.182302 -0.332305 -0.551455 -0.807805 -0.5846 -0.635678 -0.524448 -0.136304 1.37038 1.44202 1.46891 1.45909 1.3996 1.18449 0.979852 0.811128 0.4021 0.296666 0.252351 0.26479 -0.237489 -0.201613 -0.115737 0.0065869 -0.42353 -0.347558 -0.323882 -0.331189 0.116447
11.1308 16.891 -6.12126 9.67725 17.1063 -2.4363 8.35032 17.0183 1.30131 7.08157 16.6744 5.04434 5.79615 16.1464 8.76016 3.73959 15.1445 14.2286 1.38605 13.9756 19.542 -1.46408 12.4603 24.5137 -5.03681 10.2844 28.7134 -8.17408 8.10562 30.9212 -11.5407 5.49258 32.0624 -14.8568 2.5835 31.9965 -17.8385 -0.428944 30.772 -20.9658 -4.25642 27.7298 -23.1489 -7.70933 23.6072 -24.4407 -10.6422 18.7683 -24.7748 -12.8663 13.4179 -24.2377 -14.0437 8.66113 -23.0392 -14.5309 3.90424 -21.4195 -14.4054 -0.750124 -19.6336 -13.7936 -5.30406 -17.7066 -12.7825 -10.0219 -15.6494 -11.6334 -14.6523 -13.2164 -10.6756 -19.1419 -10.193 -10.2467 -23.3452 -6.65137 -10.5134 -26.9321 -2.60133 -11.4073 -29.8091 1.85032 -12.7439 -31.7778 6.57345 -14.3186 -32.6096 10.6815 -15.7176 -32.212 14.5549 -17.008 -30.6877 17.9098 -18.0346 -28.1028 20.5439 -18.6725 -24.6901 22.8512 -18.8588 -19.3076 23.8833 -18.4686 -13.5533 23.6417 -17.8661 -7.7302 21.9413 -17.3887 -2.14362 18.8149 -17.1733 2.73006 14.5602 -17.118 6.66308 9.52552 -17.0369 9.52997 3.96567 -16.8199 11.1469 -1.46194 -16.4691 11.4039 -6.82365 -15.8824 10.6581 -12.0118 -14.7889 9.41906 -16.9512 -12.8782 8.15429 -21.8015 -9.85021 7.02637 -26.1604 -6.05862 6.25844 -30.1336 -1.79535 6.19719 -33.563 2.73544 7.49204 -35.0715 5.47375 9.22281 -35.9105 7.98392 11.6238 -35.9725 10.0855 14.5132 -35.2909 11.6672 17.6443 -32.9316 13.1213 22.7359 -29.6493 13.7075 27.478 -25.7116 14.12 31.7125 -21.1177 14.894 35.1625 -16.8686 15.883 37.1212 -12.33 17.006 38.1256 -7.64846 17.9808 38.1753 -2.97211 18.5662 37.3636 1.89953 18.5952 35.6512 6.38709 17.8816 33.1979 10.2414 16.307 30.1433 13.1661 13.8063 26.6997 14.9264 10.4366 23.0981 15.3592 6.52659 19.6412 14.4636 2.44004 16.491 12.2911 -1.4729 13.7717 9.40372 -4.53522 11.7855 5.79517 -7.00223 10.188 1.66467 -8.69526 8.8719 -2.78247 -9.47548 7.74346 -8.46636 -9.18253 6.57527 -14.0451 -7.99992 5.46343 -19.4236 -6.7487 3.65708 -24.0928 -5.99494 0.282607 -27.0539 -5.79118 -4.25813 -28.4913 -5.9253 -9.48739 -28.7095 -6.47394 -14.8801 -27.7918 -7.72799 -20.0777 -26.5015 -8.99522 -23.0392 -24.6469 -10.5564 -25.5221 -22.3042 -12.3012 -27.3953 -19.614 -14.1128 -28.6293 -14.7468 -17.0149 -29.4302 -9.64556 -19.6077 -29.3329 -4.28094 -21.5652 -28.9547 1.37217 -22.4211 -28.7024 6.43287 -21.9417 -28.6733 11.2102 -20.2053 -28.7265 15.3568 -17.2649 -28.6947 18.5362 -13.3044 -28.4765 20.7458 -7.91001 -27.9779 21.5098 -2.17137 -27.1319 21.1335 3.45997 -25.59 19.8133 8.49867 -22.9256 17.9362 12.0848 -19.4976 15.663 14.5576 -15.3922 13.3106 16.0816 -10.8889 -0.36241 -0.338868 -0.319289 -0.301648 -0.376097 -0.303692 -0.266023 -0.242683 -0.289912 -0.287359 -0.30102 -0.329135 -0.377081 -0.412679 -0.461922 -0.524574 -0.435425 -0.464618 -0.484361 -0.491282 -0.178856 -0.140373 -0.103922 -0.0808222 0.360588 0.336719 0.293127 0.222872 0.476729 0.357324 0.25952 0.20674 0.316647 0.288078 0.322135 0.392788 0.0507965 0.032316 0.0165502 0.00832849 -0.653218 -0.688828 -0.761683 -0.890928 -0.9047 -1.04767 -1.21382 -1.46064 -1.003 -1.17347 -1.3417 -1.48335 0.641107 1.08718 1.63258 2.20727 1.90162 1.91138 1.91258 1.93775 1.24327 1.18861 1.19003 1.25497 0.725457 0.798408 0.888183 0.97681 0.491915 0.471458 0.423767 0.354545 -0.150316 -0.375228 -0.642551 -0.913675 -0.689712 -0.746979 -0.658963 -0.309265 1.16222 1.20778 1.21037 1.1767 1.07961 0.806657 0.53518 0.302314 -0.158545 -0.305152 -0.388152 -0.414183 -0.956602 -0.961433 -0.910235 -0.812211 -1.25453 -1.18327 -1.16192 -1.171 -0.646522
12.7466 15.3224 -4.67313 11.4273 15.322 -0.931801 10.1752 15.0161 2.82013 8.9081 14.4551 6.5374 7.54543 13.7148 10.1889 5.24038 12.4075 15.4913 2.54614 10.9363 20.5622 -0.643245 9.09474 25.2069 -4.45702 6.55313 28.9662 -7.6572 4.09865 30.7546 -10.9617 1.24883 31.4046 -14.0843 -1.80938 30.8038 -16.7542 -4.84892 29.044 -19.339 -8.51703 25.3632 -20.9045 -11.6249 20.7182 -21.5682 -14.0524 15.4884 -21.3178 -15.6093 9.90288 -20.3615 -16.1054 5.09236 -18.852 -15.8485 0.406501 -17.0596 -14.9664 -4.10029 -15.2569 -13.6205 -8.48669 -13.4754 -11.8758 -13.0447 -11.6782 -10.0323 -17.5575 -9.52653 -8.41144 -22 -6.71723 -7.36094 -26.2423 -3.28152 -7.08493 -29.9299 0.75678 -7.49911 -32.9299 5.27042 -8.39893 -35.0027 10.1024 -9.56235 -35.8846 14.3065 -10.6323 -35.4693 18.2347 -11.6372 -33.8721 21.5639 -12.4421 -31.1777 24.07 -12.9304 -27.6461 26.0513 -13.023 -22.1329 26.6439 -12.6591 -16.3152 25.9364 -12.263 -10.5124 23.8243 -12.2626 -5.04725 20.3996 -12.7998 -0.40436 15.9639 -13.688 3.21629 10.8356 -14.631 5.74301 5.24374 -15.4401 7.02758 -0.171857 -16.0044 7.00255 -5.52861 -16.2438 6.05611 -10.8096 -15.8393 4.79304 -15.9672 -14.4128 3.78726 -21.0773 -11.6555 3.28746 -25.6075 -7.99112 3.4096 -29.6587 -3.90805 4.34869 -33.1075 0.202957 6.6225 -34.6194 2.52987 8.874 -35.4733 4.54734 11.6971 -35.5767 6.13368 14.8975 -34.9692 7.23535 18.2422 -32.7834 8.06289 23.5471 -29.7253 8.20892 28.4698 -26.0791 8.3463 32.9744 -21.8598 9.03328 36.8898 -17.9492 10.1238 39.4171 -13.7075 11.5089 41.1373 -9.20721 12.8822 41.9922 -4.54827 13.961 42.0063 0.504184 14.5817 41.1384 5.37084 14.4793 39.4147 9.77601 13.4919 36.9076 13.3673 11.5061 33.7732 15.8414 8.55767 30.222 16.965 4.98764 26.5589 16.7127 1.2082 22.9426 15.1143 -2.38903 19.4886 12.656 -5.14479 16.6562 9.39743 -7.2749 14.1059 5.56821 -8.60108 11.8172 1.41047 -8.9963 9.76387 -3.91207 -8.22178 7.5666 -9.12157 -6.53904 5.62055 -14.1256 -4.68846 3.31991 -18.6167 -3.17332 -0.0402921 -21.9161 -2.15849 -4.22516 -24.2505 -1.49331 -9.07672 -25.7471 -1.32911 -14.2886 -26.2942 -2.02376 -19.6409 -25.9419 -3.07144 -22.9302 -24.9556 -4.5519 -25.9097 -23.3576 -6.36194 -28.402 -21.2639 -8.36386 -30.3125 -17.0739 -11.7634 -32.2208 -12.3973 -14.9472 -33.0849 -7.30449 -17.5341 -33.4402 -1.78814 -19.0501 -33.6013 3.29389 -19.1701 -33.6081 8.24069 -18.0209 -33.3849 12.6914 -15.6318 -32.8152 16.2822 -12.1579 -31.8776 19.0536 -7.21026 -30.4384 20.4255 -1.81477 -28.6389 20.6728 3.49865 -26.2022 19.9601 8.18203 -22.7687 18.5745 11.4254 -18.8069 16.706 13.5728 -14.331 14.6753 14.7989 -9.58665 -0.419461 -0.398829 -0.381613 -0.365755 -0.441491 -0.370387 -0.335377 -0.317826 -0.372963 -0.37845 -0.400076 -0.435643 -0.490259 -0.529797 -0.57975 -0.63973 -0.543894 -0.563304 -0.571716 -0.567885 -0.24471 -0.193085 -0.140604 -0.10068 0.356431 0.34729 0.318296 0.264293 0.535273 0.432074 0.348329 0.305245 0.42184 0.398527 0.436928 0.507333 0.156685 0.122418 0.0869158 0.0565712 -0.626471 -0.680265 -0.769548 -0.915542 -0.944073 -1.09085 -1.23692 -1.43586 -0.922195 -1.04695 -1.17089 -1.27345 0.891399 1.36976 1.93364 2.51517 2.20527 2.20335 2.18827 2.19542 1.48224 1.40962 1.3962 1.45022 0.911588 0.972334 1.04227 1.10243 0.585051 0.531918 0.450674 0.34789 -0.191267 -0.440119 -0.711964 -0.974058 -0.737498 -0.783332 -0.687363 -0.335197 1.13573 1.18234 1.18784 1.15822 1.06528 0.790631 0.507676 0.252794 -0.234372 -0.405579 -0.513866 -0.567721 -1.14316 -1.18907 -1.18729 -1.14381 -1.6324 -1.59181 -1.58783 -1.60568 -1.02877
16.0373 16.7099 -3.74234 15.0296 16.1911 0.0594569 14.0555 15.3766 3.8179 13.0312 14.3164 7.50098 11.8791 13.0848 11.0918 9.84076 11.056 16.2751 7.3925 8.87271 21.2124 4.47921 6.32967 25.7049 1.00984 3.12281 29.2849 -1.89852 0.239969 30.9265 -4.91646 -2.93864 31.429 -7.8033 -6.19166 30.6886 -10.3257 -9.27983 28.8006 -12.8736 -12.813 24.9652 -14.5615 -15.6228 20.1756 -15.4856 -17.6369 14.8114 -15.6316 -18.6867 9.10516 -15.1118 -18.6958 4.20297 -14.1048 -17.9255 -0.560896 -12.8497 -16.5276 -5.1186 -11.5956 -14.6785 -9.51294 -10.3874 -12.4177 -14.032 -9.14457 -10.0497 -18.4864 -7.51233 -7.85685 -22.9046 -5.15895 -6.15829 -27.2138 -2.07053 -5.18472 -31.0858 1.73694 -4.86163 -34.384 6.14289 -5.01459 -36.8424 10.9946 -5.45608 -38.1634 15.3229 -5.96307 -38.1389 19.4684 -6.50551 -36.9094 23.0838 -6.98578 -34.524 25.9057 -7.30197 -31.2183 28.3002 -7.38508 -25.8714 29.272 -7.20715 -20.0962 28.9504 -7.16834 -14.246 27.2741 -7.70731 -8.65778 24.32 -8.94018 -3.82798 20.3454 -10.6136 0.0419001 15.6097 -12.3339 2.90329 10.2831 -13.8157 4.63667 4.96304 -14.863 5.13415 -0.437668 -15.4616 4.78512 -5.84932 -15.3708 4.19055 -11.1761 -14.2741 3.92605 -16.4848 -11.8933 4.26454 -21.218 -8.62955 5.21849 -25.4633 -5.03233 6.9513 -29.0769 -1.57357 9.94188 -30.6647 0.271874 12.5578 -31.5734 1.78161 15.6666 -31.7085 2.8763 19.0655 -31.1083 3.53496 22.5261 -28.8852 3.77769 27.8743 -25.7482 3.4773 32.74 -22.0106 3.28984 37.1672 -17.7195 3.80327 41.0309 -13.7887 4.89628 43.5255 -9.57372 6.41962 45.1937 -5.14317 8.05163 45.9528 -0.583749 9.4877 45.8155 4.34244 10.5839 44.7215 9.07701 11.0372 42.7104 13.3645 10.6731 39.8555 16.8821 9.34658 36.3154 19.3526 7.05078 32.309 20.5505 4.07225 28.1715 20.4389 0.803684 24.0813 19.0269 -2.37586 20.167 16.7453 -4.85363 16.9553 13.6422 -6.80303 14.0864 9.91594 -8.04412 11.5896 5.78557 -8.44578 9.48294 0.382667 -7.80122 7.44568 -5.00385 -6.33282 5.83733 -10.2417 -4.67542 3.94633 -15.024 -3.20927 0.990535 -18.6634 -2.0604 -2.86485 -21.3975 -1.11286 -7.45358 -23.3283 -0.548953 -12.4918 -24.3167 -0.725163 -17.823 -24.2312 -1.38121 -21.2294 -23.4837 -2.44263 -24.4475 -22.079 -3.83387 -27.2994 -20.1206 -5.4431 -29.6693 -16.0228 -8.28611 -32.4764 -11.3247 -11.0059 -34.2888 -6.17262 -13.1667 -35.5304 -0.624008 -14.2604 -36.4083 4.43589 -14.0257 -36.8371 9.31227 -12.59 -36.8064 13.6693 -10.0418 -36.203 17.1858 -6.56607 -35.0219 19.9427 -1.78442 -33.0811 21.3967 3.31981 -30.6186 21.8351 8.21789 -27.4488 21.4444 12.3292 -23.3045 20.4597 14.9326 -18.7892 19.0563 16.3799 -13.8829 17.507 16.8926 -8.8358 -0.406633 -0.398072 -0.393464 -0.390555 -0.482184 -0.430115 -0.417003 -0.426511 -0.508317 -0.53557 -0.575254 -0.623239 -0.684093 -0.721361 -0.761774 -0.805825 -0.689883 -0.688721 -0.678201 -0.65912 -0.323384 -0.259862 -0.19457 -0.140056 0.333977 0.345255 0.341541 0.319428 0.624492 0.552671 0.495407 0.469982 0.595959 0.572306 0.601311 0.652843 0.275961 0.213817 0.151858 0.0946677 -0.614289 -0.685785 -0.776806 -0.908713 -0.915577 -1.04073 -1.16425 -1.33298 -0.787112 -0.88674 -0.98775 -1.07181 1.10958 1.59794 2.16716 2.75181 2.44046 2.43069 2.40056 2.38665 1.6471 1.54313 1.49354 1.50584 0.921208 0.936225 0.965758 0.992968 0.452008 0.383608 0.293058 0.184775 -0.358181 -0.607705 -0.875595 -1.13116 -0.8867 -0.924583 -0.821384 -0.462109 1.01671 1.07248 1.09081 1.07805 1.01366 0.778866 0.533691 0.306473 -0.163942 -0.324713 -0.427191 -0.481402 -1.06437 -1.12667 -1.15253 -1.14913 -1.68213 -1.68028 -1.70576 -1.74439 -1.19474
21.7766 18.894 -4.06383 21.0307 17.8166 -0.319379 20.2223 16.4728 3.32467 19.2959 14.912 6.85225 18.2074 13.2044 10.2637 16.2522 10.502 15.1638 13.9307 7.68635 19.835 11.2314 4.58068 24.1018 8.08024 0.929908 27.5484 5.43036 -2.18088 29.2114 2.60281 -5.50167 29.8758 -0.264402 -8.8258 29.436 -3.0136 -11.9372 27.9441 -6.25723 -15.4694 24.675 -8.99601 -18.2852 20.4024 -11.2052 -20.3571 15.4514 -12.7873 -21.5612 9.99871 -13.5403 -21.7854 5.132 -13.7655 -21.2747 0.233979 -13.6009 -20.1291 -4.55798 -13.2167 -18.4838 -9.18917 -12.6551 -16.357 -13.8961 -11.8247 -14.0151 -18.459 -10.469 -11.7062 -22.9115 -8.34588 -9.70447 -27.2102 -5.47307 -8.23648 -31.0924 -1.87422 -7.2531 -34.4926 2.34348 -6.63968 -37.1972 7.07387 -6.25593 -38.9165 11.4089 -6.02446 -39.2986 15.6754 -5.82986 -38.4323 19.5383 -5.66556 -36.4217 22.7819 -5.50664 -33.5154 26.0398 -5.25778 -28.6519 28.1084 -5.0186 -23.1753 28.9851 -5.06372 -17.3823 28.5134 -5.75359 -11.5831 26.6681 -7.18035 -6.27905 23.6495 -9.06433 -1.70603 19.674 -10.925 2.07643 14.8621 -12.3517 4.97193 9.77184 -13.1108 6.74976 4.41933 -13.2549 7.73864 -0.959871 -12.6924 8.36779 -6.16588 -11.253 9.05578 -11.3161 -8.70613 10.0322 -15.9804 -5.44914 11.2978 -20.3154 -2.0279 13.1603 -24.2292 1.02288 16.2164 -26.1105 2.48498 18.8795 -27.3752 3.52863 22.0546 -27.8902 4.11062 25.5425 -27.6513 4.24835 29.1053 -25.9102 3.69082 34.6065 -23.0706 2.67849 39.558 -19.3933 1.87032 43.9658 -14.8922 1.88092 47.6189 -10.6601 2.67305 49.7001 -6.17323 3.98817 50.7038 -1.63003 5.47725 50.5973 2.82335 6.82093 49.4876 7.39266 7.87796 47.3265 11.5628 8.37127 44.321 15.1567 8.14503 40.6199 17.973 7.05918 36.4301 19.8537 5.08332 31.9597 20.6468 2.44754 27.5044 20.2983 -0.501402 23.1908 18.7719 -3.41615 19.1165 16.4569 -5.72862 15.807 13.3483 -7.5967 12.8904 9.60006 -8.84732 10.4315 5.39661 -9.34683 8.49747 -0.172567 -8.93981 6.89265 -5.77831 -7.8073 5.86787 -11.2756 -6.52624 4.49104 -16.2864 -5.39672 1.77587 -19.9627 -4.47653 -2.10571 -22.4946 -3.65011 -6.83177 -24.0111 -3.05617 -12.0064 -24.4222 -2.95622 -17.4148 -23.919 -3.25256 -20.8354 -22.7526 -3.80807 -24.056 -20.9546 -4.57275 -26.9238 -18.6421 -5.47996 -29.3468 -14.0497 -7.10928 -32.3482 -8.9619 -8.63986 -34.4755 -3.56844 -9.63391 -36.1115 1.99869 -9.57124 -37.4368 6.86166 -8.38214 -38.3191 11.4161 -6.18116 -38.823 15.508 -3.16508 -38.8501 18.9304 0.516086 -38.0908 21.7763 5.24223 -36.1427 23.4778 10.015 -33.2176 24.3356 14.3551 -29.3889 24.5655 17.7232 -24.6105 24.2816 19.545 -19.6369 23.6152 20.1699 -14.4119 22.7323 19.8643 -9.19041 -0.523619 -0.529989 -0.539254 -0.549245 -0.65578 -0.620404 -0.62407 -0.651115 -0.747337 -0.78357 -0.826903 -0.871643 -0.921016 -0.939743 -0.958078 -0.976644 -0.8358 -0.814143 -0.787121 -0.754701 -0.408226 -0.337973 -0.269017 -0.209225 0.275329 0.303535 0.324092 0.335263 0.6776 0.642717 0.625762 0.634117 0.781836 0.759048 0.770139 0.791268 0.379482 0.286465 0.20096 0.124837 -0.60017 -0.681141 -0.768182 -0.882178 -0.867352 -0.978473 -1.09659 -1.25867 -0.700735 -0.788092 -0.876201 -0.94868 1.24372 1.73689 2.30787 2.89888 2.59802 2.59618 2.56717 2.5458 1.79072 1.66333 1.58178 1.55295 0.921574 0.892415 0.887397 0.890677 0.335136 0.259109 0.166215 0.0590778 -0.481318 -0.728132 -0.992693 -1.24443 -0.995754 -1.02964 -0.922579 -0.557597 0.92999 0.995915 1.02855 1.03468 1.00243 0.813678 0.616083 0.434359 0.00543336 -0.120748 -0.197932 -0.23381 -0.804304 -0.870137 -0.926359 -0.975969 -1.56706 -1.61489 -1.67864 -1.74541 -1.09806
25.5639 15.0353 -4.38037 24.9374 14.1054 -0.574973 24.0076 12.9001 3.08849 22.7409 11.4614 6.56179 21.1381 9.85753 9.81712 18.1941 7.28128 14.2706 14.7887 4.56814 18.2929 11.0765 1.56565 21.806 7.1377 -1.95825 24.4902 4.10641 -4.95215 25.6358 1.0662 -8.1411 25.8642 -1.89042 -11.3235 25.0929 -4.66729 -14.2926 23.3788 -7.93129 -17.6576 19.9572 -10.7177 -20.341 15.6304 -12.9939 -22.3129 10.669 -14.6383 -23.4397 5.21823 -15.426 -23.608 0.354762 -15.6599 -23.0393 -4.53644 -15.4697 -21.8162 -9.30824 -15.0192 -20.056 -13.8909 -14.3466 -17.7535 -18.4996 -13.3831 -15.1688 -22.9024 -11.9063 -12.5338 -27.1296 -9.70317 -10.101 -31.1572 -6.79435 -8.10562 -34.7678 -3.18025 -6.51361 -37.9116 1.04715 -5.27356 -40.3755 5.77189 -4.33424 -41.8835 10.0819 -3.75479 -42.1657 14.3467 -3.37707 -41.3533 18.2568 -3.14826 -39.4427 21.5544 -2.98031 -36.5986 24.824 -2.73633 -31.7427 26.8348 -2.50886 -26.2441 27.6351 -2.65028 -20.4417 27.0844 -3.62433 -14.6905 25.1583 -5.53065 -9.56906 22.0853 -7.97744 -5.30962 18.1118 -10.3239 -1.80549 13.3648 -12.0222 1.0502 8.37391 -12.7907 3.08685 3.13446 -12.7574 4.56829 -2.1018 -11.9344 5.81403 -7.09519 -10.232 7.16123 -11.9249 -7.43601 8.84072 -16.223 -3.99619 10.7535 -20.2922 -0.56163 13.1221 -24.2424 2.16397 16.4284 -26.3863 3.215 19.087 -28.1265 3.71886 22.1672 -29.3188 3.69181 25.5357 -29.9105 3.21214 29.0271 -29.6856 1.72314 34.625 -28.3517 -0.0824096 39.9697 -26.022 -1.53287 45.076 -22.5756 -1.96465 49.7171 -18.9213 -1.34548 52.7389 -14.7497 -0.0471103 54.6833 -10.2978 1.52207 55.4502 -5.75586 2.9826 55.1237 -0.936204 4.17007 53.7 3.59887 4.80275 51.3128 7.63627 4.75533 48.0937 10.9477 3.91334 44.2218 13.3673 2.25999 39.8816 14.746 0.0343807 35.346 15.0627 -2.38538 30.7125 14.2983 -4.62245 26.0395 12.7164 -6.21615 21.9631 10.346 -7.3011 18.1077 7.29818 -7.77071 14.6221 3.7203 -7.56149 11.6532 -1.22639 -6.44008 8.8195 -6.37143 -4.76301 6.70445 -11.4566 -3.02131 4.49887 -16.1072 -1.47096 1.38031 -19.675 -0.210457 -2.50703 -22.411 0.885387 -7.06141 -24.3898 1.6836 -12.0491 -25.4561 1.92348 -17.3628 -25.4523 1.66251 -20.823 -24.8242 1.0804 -24.1858 -23.5736 0.212233 -27.3041 -21.7886 -0.8788 -30.0727 -17.9699 -2.96762 -33.7887 -13.5049 -5.0865 -36.6746 -8.5412 -6.75976 -38.9802 -3.1437 -7.45046 -40.7533 1.81676 -6.96504 -41.7531 6.66489 -5.46811 -42.0632 11.16 -3.14741 -41.5634 15.092 -0.224418 -40.2079 18.7283 3.59654 -37.6763 21.4276 7.5312 -34.2905 23.4056 11.1347 -30.1272 24.8308 13.9208 -25.1837 25.6559 15.4434 -20.17 26.0323 16.0113 -14.9096 25.9968 15.818 -9.60883 -0.469079 -0.475708 -0.481546 -0.485246 -0.58143 -0.530238 -0.511296 -0.508428 -0.57621 -0.590183 -0.614304 -0.643062 -0.676551 -0.679909 -0.685018 -0.691807 -0.541136 -0.511536 -0.477553 -0.438701 -0.0855398 -0.00737938 0.0721223 0.146421 0.64889 0.696622 0.736982 0.76937 1.13153 1.11088 1.0959 1.09733 1.23325 1.19693 1.19273 1.19224 0.750677 0.622706 0.500767 0.387958 -0.371367 -0.481052 -0.589827 -0.720148 -0.721494 -0.849201 -0.973814 -1.1227 -0.538946 -0.602046 -0.665331 -0.715526 1.49841 1.99891 2.55623 3.11614 2.7779 2.7409 2.67971 2.63073 1.85147 1.70289 1.60281 1.556 0.9039 0.846951 0.803597 0.758131 0.150831 0.0248388 -0.118555 -0.276764 -0.871078 -1.16081 -1.44438 -1.70033 -1.45323 -1.48747 -1.3785 -1.01032 0.480354 0.550078 0.588175 0.601131 0.578766 0.399689 0.206465 0.0210833 -0.419115 -0.559626 -0.653261 -0.713619 -1.31891 -1.42502 -1.52192 -1.61599 -2.24898 -2.32686 -2.4078 -2.48353 -1.89567
27.5587 13.691 -4.81396 27.5134 13.1584 -0.882999 26.9693 12.3477 2.9621 25.8825 11.2716 6.62256 24.2734 9.97912 10.0105 21.058 7.771 14.474 17.2142 5.346 18.2795 13.0058 2.61007 21.4325 8.57987 -0.618814 23.6958 5.21866 -3.35518 24.5198 1.89135 -6.25125 24.4408 -1.30315 -9.11048 23.3994 -4.27376 -11.7423 21.4724 -7.74503 -14.6768 17.8636 -10.7065 -16.9646 13.4272 -13.1179 -18.5661 8.39682 -14.8259 -19.3333 2.90327 -15.5889 -19.2064 -1.96537 -15.7231 -18.3566 -6.81942 -15.3696 -16.8598 -11.5031 -14.7088 -14.8184 -15.9414 -13.7838 -12.2076 -20.337 -12.5641 -9.32628 -24.4848 -10.8576 -6.45253 -28.4626 -8.47681 -3.88592 -32.3016 -5.45829 -1.88317 -35.8168 -1.79855 -0.389424 -38.956 2.41747 0.688222 -41.514 7.09997 1.43392 -43.2454 11.3995 1.81166 -43.8483 15.7386 1.91401 -43.4578 19.8442 1.73639 -42.0073 23.4452 1.32969 -39.5867 27.2219 0.55181 -35.1752 29.7729 -0.434817 -29.9937 31.0941 -1.86025 -24.4664 30.9833 -4.04948 -19.0328 29.3529 -6.94815 -14.2881 26.4391 -10.1203 -10.4125 22.5525 -12.9638 -7.19028 17.8845 -14.9578 -4.39614 12.9875 -15.8117 -2.17393 7.86455 -15.7223 -0.331417 2.75691 -14.8417 1.33723 -2.14351 -13.2405 3.08931 -7.00446 -10.794 5.17518 -11.4959 -7.88465 7.48333 -15.8382 -5.08271 10.1775 -20.0753 -3.03393 13.6147 -22.4204 -2.36305 16.2262 -24.4081 -2.16809 19.1894 -25.909 -2.39911 22.4242 -26.867 -2.96313 25.8203 -27.3181 -4.35144 31.4305 -26.7145 -5.82327 37.0049 -25.198 -6.74863 42.5229 -22.6716 -6.48162 47.7335 -19.7947 -5.18413 51.3264 -16.3174 -3.15593 53.9078 -12.3963 -0.833182 55.3566 -8.17929 1.38943 55.7391 -3.46581 3.39489 55.0856 1.21251 4.8272 53.4339 5.63552 5.55089 50.869 9.56403 5.43809 47.5194 12.8095 4.45446 43.5288 15.1383 2.79246 39.1424 16.4265 0.796922 34.4751 16.5518 -1.1791 29.6269 15.6223 -2.6741 25.3187 13.7348 -3.7478 21.2024 10.9843 -4.22308 17.4784 7.53492 -3.96602 14.3648 2.59987 -2.67945 11.5815 -2.58761 -0.774496 9.78753 -7.78221 1.17765 8.06637 -12.6932 2.86859 5.46261 -16.6649 4.17536 2.0062 -19.9436 5.24667 -2.18084 -22.6058 5.97515 -6.85117 -24.5322 6.10612 -11.9208 -25.1835 5.7464 -15.3102 -25.2771 5.03502 -18.7053 -24.7857 4.00513 -21.9824 -23.7621 2.72243 -25.04 -21.1319 0.254212 -29.4834 -17.7033 -2.32266 -33.2727 -13.5521 -4.59247 -36.4929 -8.63981 -6.09277 -39.0173 -3.77626 -6.50064 -40.4389 1.25534 -5.96864 -40.9301 6.11235 -4.54512 -40.4564 10.4747 -2.32005 -39.0926 14.5935 1.01873 -36.6189 17.7479 4.75983 -33.4119 20.2707 8.34249 -29.5348 22.4901 11.2163 -24.9471 24.299 12.9166 -20.2596 25.8309 13.774 -15.2542 26.9677 13.9823 -10.0773 -0.229433 -0.231572 -0.229492 -0.222723 -0.304059 -0.233993 -0.192973 -0.161781 -0.199246 -0.184819 -0.179637 -0.17999 -0.182827 -0.155485 -0.133233 -0.114238 0.0591877 0.107801 0.15825 0.211369 0.578113 0.669961 0.762393 0.847469 1.35741 1.40922 1.45093 1.48181 1.83829 1.80553 1.76782 1.73494 1.8203 1.72139 1.65077 1.57901 1.0678 0.881564 0.715208 0.566034 -0.22609 -0.364734 -0.495448 -0.638449 -0.647602 -0.78497 -0.921675 -1.07844 -0.495638 -0.559376 -0.625328 -0.681793 1.51733 1.98648 2.49463 2.98453 2.56825 2.45841 2.33102 2.22673 1.40056 1.21196 1.07925 1.0068 0.334881 0.262257 0.206332 0.151281 -0.462248 -0.591747 -0.736976 -0.895439 -1.48874 -1.77508 -2.05228 -2.29781 -2.03575 -2.05224 -1.92478 -1.53953 -0.0363273 0.0439527 0.0942542 0.121862 0.123941 -0.0184311 -0.174019 -0.33333 -0.766598 -0.910222 -1.00863 -1.07012 -1.66964 -1.76388 -1.84881 -1.93895 -2.57634 -2.66009 -2.7441 -2.82013 -2.47121
27.6576 15.0747 -6.76476 27.4534 14.9351 -2.80534 26.7519 14.5683 1.08203 25.51 13.9689 4.80176 23.7486 13.1636 8.26399 20.3122 11.667 12.8562 16.2442 9.91263 16.7946 11.7734 7.81085 20.0706 7.01355 5.18336 22.4322 3.3605 2.87177 23.3133 -0.279747 0.379275 23.2916 -3.80003 -2.10097 22.3322 -7.11468 -4.3861 20.5278 -11.0783 -6.93032 17.1364 -14.5672 -8.93073 12.9517 -17.5059 -10.424 8.17476 -19.7079 -11.371 2.88901 -20.8394 -11.6585 -1.90047 -21.255 -11.4016 -6.80592 -21.0364 -10.554 -11.6573 -20.3143 -9.1088 -16.3148 -19.1026 -7.0167 -20.9135 -17.4126 -4.55013 -25.1625 -15.1291 -2.01507 -29.0808 -12.142 0.275556 -32.6618 -8.56714 2.05488 -35.7495 -4.43592 3.31132 -38.3637 0.114907 4.03523 -40.4241 4.96119 4.21966 -41.8238 9.27631 3.93674 -42.3639 13.5785 3.27353 -42.1563 17.7032 2.31925 -41.1227 21.497 1.20495 -39.2904 25.9171 -0.355278 -35.775 29.4897 -1.88427 -31.39 32.0101 -3.45671 -26.3398 33.0701 -5.15871 -20.8345 32.4342 -6.90159 -15.3453 30.3075 -8.49778 -10.1971 27.038 -9.68306 -5.5626 22.8488 -10.1868 -1.59136 18.2734 -9.92438 1.3489 13.3533 -9.08845 3.52645 8.29461 -7.99102 5.21579 3.17566 -6.91573 6.72859 -2.34466 -5.94372 8.32456 -7.8762 -5.20421 10.0042 -13.3215 -4.78799 12.0392 -18.4155 -4.86109 14.8695 -21.1205 -5.18368 17.1823 -23.3478 -5.71735 19.9252 -24.975 -6.42588 23.0269 -25.9505 -7.26423 26.3609 -26.2292 -8.81864 31.9386 -25.3636 -10.325 37.4691 -23.7057 -11.2747 42.9422 -21.263 -11.0473 48.1944 -18.5794 -9.7764 51.9431 -15.3155 -7.73757 54.782 -11.5755 -5.32053 56.5255 -7.50854 -2.88722 57.1644 -2.94102 -0.52439 56.6945 1.61001 1.34524 55.1265 5.95446 2.48481 52.5784 9.87712 2.66522 49.2249 13.1819 1.81294 45.2528 15.6268 0.163719 40.9252 17.125 -1.84127 36.3251 17.6161 -3.7662 31.4796 17.1542 -5.13178 27.0545 15.8296 -5.98253 22.6748 13.6907 -6.13715 18.5444 10.8894 -5.45379 14.8913 6.83538 -3.45523 11.2406 2.59189 -0.641479 8.44182 -1.72269 2.28242 5.87414 -6.14666 4.67573 2.96585 -10.3176 6.13241 -0.182251 -14.4048 6.86585 -3.67319 -18.2213 7.00602 -7.52597 -21.4159 6.57552 -11.8894 -22.86 5.96384 -14.9849 -23.695 5.09287 -18.2384 -23.8544 3.99982 -21.528 -23.3623 2.75085 -24.728 -21.3419 0.531408 -29.601 -18.2591 -1.59951 -33.9265 -14.3024 -3.34887 -37.6734 -9.5102 -4.4059 -40.6181 -4.70742 -4.57205 -42.2756 0.303753 -3.96328 -42.8748 5.18481 -2.61573 -42.4266 9.64499 -0.597276 -41.0575 14.0157 2.39261 -38.5698 17.5578 5.75198 -35.3449 20.4841 9.00768 -31.463 22.9762 11.6914 -26.9002 24.8563 13.3919 -22.2409 26.3093 14.4177 -17.2436 27.2746 14.9359 -12.0535 -0.300863 -0.291663 -0.276703 -0.256802 -0.32336 -0.239869 -0.187624 -0.143347 -0.165434 -0.135236 -0.112698 -0.0955565 -0.0796935 -0.0347625 0.0018249 0.0308441 0.207096 0.25236 0.296704 0.344661 0.708477 0.799216 0.893344 0.985434 1.50778 1.57471 1.63193 1.67522 2.03473 1.99395 1.9395 1.88809 1.95537 1.83931 1.75267 1.67495 1.17487 1.00563 0.845461 0.685111 -0.13895 -0.335011 -0.547399 -0.785555 -0.903336 -1.17373 -1.47204 -1.80815 -1.3738 -1.55285 -1.73713 -1.91453 0.12288 0.393527 0.712664 1.02752 0.468546 0.249241 0.0336207 -0.137286 -1.01011 -1.22135 -1.34633 -1.37589 -1.96699 -1.92309 -1.83468 -1.72339 -2.1601 -2.10493 -2.04912 -1.99235 -2.32472 -2.30129 -2.26503 -2.21472 -1.68792 -1.45377 -1.07447 -0.447081 1.23701 1.44415 1.60839 1.73772 1.86147 1.85782 1.83199 1.78676 1.4354 1.34165 1.27031 1.21752 0.611519 0.497094 0.38459 0.267001 -0.390636 -0.485935 -0.573981 -0.646404 -0.215445
24.904 15.0361 -9.31875 24.9241 14.8667 -5.35527 24.4407 14.4719 -1.43754 23.4087 13.8375 2.34014 21.8471 12.9826 5.88537 18.6882 11.3782 10.6377 14.8862 9.46974 14.7657 10.7022 7.14527 18.2625 6.27935 4.1938 20.8825 2.90252 1.57249 21.9735 -0.468598 -1.2673 22.1621 -3.76439 -4.09849 21.3962 -6.92465 -6.7038 19.7562 -10.7967 -9.58502 16.5327 -14.2988 -11.8007 12.4693 -17.3433 -13.3413 7.77431 -19.7452 -14.0939 2.54461 -21.0997 -14.0053 -2.19455 -21.7318 -13.2449 -7.02409 -21.6437 -11.9032 -11.7669 -20.8958 -10.1099 -16.2976 -19.4661 -7.87066 -20.7626 -17.4286 -5.418 -24.8646 -14.802 -2.90079 -28.5739 -11.5974 -0.460852 -31.8558 -7.96487 1.72116 -34.5988 -3.8847 3.62394 -36.8817 0.571379 5.15517 -38.6924 5.33597 6.21961 -39.9752 9.63007 6.70551 -40.5381 13.9866 6.78386 -40.4553 18.2532 6.50182 -39.6134 22.2627 5.94768 -37.9983 27.0417 4.93116 -34.7645 30.9942 3.76735 -30.5988 33.8741 2.55453 -25.6425 35.2202 1.40245 -20.0577 34.7486 0.459761 -14.3602 32.6794 -0.223625 -8.99125 29.4057 -0.698078 -4.23394 25.165 -1.03621 -0.299947 20.4779 -1.24477 2.46339 15.3869 -1.3129 4.39343 10.152 -1.1914 5.88664 4.9302 -0.841913 7.38986 -0.555766 -0.229 9.25925 -5.91276 0.506771 11.4335 -11.1128 1.1302 13.9902 -15.9829 1.37819 17.1818 -18.6148 1.25562 19.596 -20.8541 0.884598 22.356 -22.6033 0.251837 25.4073 -23.824 -0.63604 28.6463 -24.7547 -2.5592 34.0353 -24.7265 -4.74172 39.4057 -23.8767 -6.63496 44.8185 -21.9821 -7.6398 50.2042 -19.4514 -7.57198 54.2613 -16.0807 -6.80841 57.5665 -12.0526 -5.62667 59.8572 -7.61097 -4.3047 61.0379 -2.63068 -2.94049 61.0798 2.26725 -1.79306 59.9137 6.83117 -1.00638 57.6295 10.8165 -0.719528 54.3583 14.0556 -0.978707 50.2513 16.3914 -1.62959 45.6095 17.8492 -2.349 40.6312 18.4686 -2.81271 35.4517 18.303 -2.85997 30.8008 17.4341 -2.56182 26.2383 15.857 -1.98904 21.8972 13.6255 -1.22312 17.8855 10.094 -0.0958599 13.4115 6.01603 1.06976 9.44025 1.60038 2.03543 5.78942 -3.05965 2.53918 2.35587 -7.57442 2.46795 -0.65112 -12.1342 1.89677 -3.53422 -16.5205 0.891993 -6.5643 -20.3473 -0.522097 -10.14 -22.2058 -1.62912 -12.8533 -23.4394 -2.85495 -15.8562 -23.9579 -4.1406 -19.0374 -23.7684 -5.41934 -22.2578 -22.1156 -7.37163 -27.3774 -19.2918 -8.94996 -32.0986 -15.5771 -9.91247 -36.3447 -11.0857 -9.95486 -39.8916 -6.61898 -9.06397 -42.149 -1.98974 -7.34511 -43.3561 2.49848 -4.96056 -43.4635 6.59315 -2.08978 -42.5502 10.6199 1.58911 -40.4328 13.9262 5.36707 -37.4283 16.7352 8.86882 -33.6761 19.2463 11.6948 -29.2107 21.2694 13.4506 -24.6324 22.961 14.47 -19.7094 24.2167 14.9451 -14.5777 -0.384134 -0.379104 -0.368592 -0.353334 -0.425779 -0.349548 -0.306786 -0.277359 -0.31814 -0.306556 -0.302472 -0.300787 -0.297602 -0.260455 -0.225867 -0.191902 -0.00294474 0.0601784 0.124723 0.19033 0.565168 0.658408 0.749942 0.841406 1.37045 1.45235 1.53141 1.60426 1.99778 1.99173 1.97113 1.94607 2.03035 1.92039 1.83966 1.77963 1.30918 1.17112 1.03535 0.892138 0.0777277 -0.117833 -0.339895 -0.597172 -0.738854 -1.02882 -1.33732 -1.67916 -1.24943 -1.43253 -1.6203 -1.80017 0.236495 0.509012 0.834116 1.16529 0.637891 0.461626 0.295851 0.171877 -0.662518 -0.848952 -0.967498 -1.01248 -1.64258 -1.65796 -1.63987 -1.60061 -2.1009 -2.09791 -2.08458 -2.06022 -2.41782 -2.41209 -2.38966 -2.35628 -1.84881 -1.63386 -1.27585 -0.674629 0.984547 1.17367 1.32361 1.44447 1.56742 1.57949 1.58737 1.59544 1.30987 1.28159 1.2696 1.26423 0.69443 0.604442 0.50394 0.389336 -0.27089 -0.371491 -0.465712 -0.543955 -0.0344481
24.909 14.8122 -6.61094 24.1813 14.8704 -2.71151 23.0728 14.6208 1.08947 21.5604 14.028 4.70878 19.669 13.0987 8.07 16.2714 11.1759 12.5305 12.4228 8.79823 16.3611 8.23387 6.05299 19.5319 3.71823 2.93689 21.776 0.189083 0.410291 22.5674 -3.37481 -2.18825 22.4631 -6.84021 -4.71841 21.4364 -10.0928 -7.05434 19.5847 -13.946 -9.71957 16.1591 -17.3051 -11.9095 11.9631 -20.143 -13.6115 7.19497 -22.3314 -14.7287 1.93686 -23.5398 -15.1197 -2.82649 -24.0837 -14.971 -7.72389 -23.9739 -14.3263 -12.6101 -23.2683 -13.2648 -17.3722 -21.9469 -11.7795 -22.1724 -20.0801 -9.99353 -26.6801 -17.6889 -7.9706 -30.8255 -14.7875 -5.76825 -34.5302 -11.5113 -3.5119 -37.6376 -7.83793 -1.1985 -40.2134 -3.82179 1.10853 -42.2205 0.496765 3.33882 -43.5828 4.43099 5.13553 -44.1175 8.47564 6.7473 -43.9301 12.4935 8.10978 -42.934 16.3206 9.18299 -41.1469 20.9502 10.1695 -37.6938 24.8553 10.6764 -33.3553 27.8051 10.6606 -28.2929 29.3621 10.012 -22.6818 29.2251 8.76536 -17.0249 27.5659 7.11335 -11.7247 24.7336 5.26486 -7.01994 20.9379 3.34517 -3.08535 16.6426 1.56637 -0.250766 11.8899 -0.0892831 1.82741 6.93116 -1.53577 3.55008 1.93321 -2.70588 5.36669 -3.35105 -3.62405 7.64698 -8.51814 -4.27158 10.2639 -13.4987 -4.79538 13.2448 -18.0739 -5.29777 16.8199 -20.4804 -5.5934 19.4451 -22.4678 -5.86758 22.4023 -23.9593 -6.10924 25.6407 -24.9373 -6.31581 29.0716 -25.5124 -6.58765 34.8337 -25.0982 -6.78 40.6128 -23.7363 -6.8162 46.2475 -21.2346 -6.57588 51.4714 -18.2081 -6.11526 55.1454 -14.4115 -5.43995 57.9737 -10.0721 -4.60724 59.803 -5.44898 -3.68139 60.6024 -0.397503 -2.63863 60.3541 4.48166 -1.59778 59.0211 8.9665 -0.599255 56.6641 12.8348 0.313299 53.3671 15.9366 1.10816 49.2231 18.1041 1.75246 44.4994 19.3013 2.25749 39.4261 19.5046 2.6419 34.2072 18.8293 2.88404 29.6087 17.3552 3.02185 25.1964 15.1341 3.0497 21.1066 12.2688 2.97714 17.4398 8.0079 2.77284 13.4949 3.33023 2.46252 10.0623 -1.43391 2.00039 6.7686 -6.03168 1.29946 3.28598 -10.0538 0.386943 -0.238256 -13.779 -0.740119 -4.01758 -17.1315 -1.99059 -8.09534 -19.8676 -3.24426 -12.6089 -21.0793 -3.97381 -15.7778 -21.7596 -4.59898 -19.1227 -21.8516 -5.08193 -22.5578 -21.3703 -5.40152 -25.9796 -19.4938 -5.56381 -31.3839 -16.6314 -5.34082 -36.3348 -12.9308 -4.75274 -40.6609 -8.40817 -3.75646 -44.0236 -3.83609 -2.50963 -45.8629 0.970506 -0.96323 -46.4521 5.69264 0.804396 -45.8049 10.0689 2.70868 -44.0545 14.4677 4.96653 -40.9263 18.1234 7.18217 -36.9315 21.0673 9.24998 -32.3173 23.2808 11.0706 -27.2165 24.5982 12.4448 -22.2655 25.266 13.537 -17.1178 25.3564 14.3418 -11.8755 -1.19313 -1.1818 -1.17015 -1.16036 -1.24906 -1.20209 -1.19207 -1.19112 -1.24927 -1.24746 -1.25198 -1.26209 -1.27989 -1.27654 -1.28455 -1.30148 -1.16732 -1.16022 -1.15538 -1.1514 -0.840669 -0.812976 -0.785139 -0.753165 -0.276238 -0.237773 -0.193223 -0.140547 0.254648 0.271099 0.290326 0.310224 0.438299 0.35854 0.290643 0.225142 -0.266874 -0.427859 -0.572608 -0.705554 -1.48847 -1.62456 -1.75007 -1.87362 -1.84661 -1.9402 -2.03546 -2.15098 -1.53349 -1.57572 -1.62624 -1.67512 0.522949 0.979954 1.47712 1.9811 1.622 1.60441 1.59384 1.61017 0.898003 0.809452 0.756738 0.743413 0.113886 0.0798505 0.0762846 0.101136 -0.404917 -0.402817 -0.388184 -0.362355 -0.720913 -0.723159 -0.715902 -0.702951 -0.217809 -0.0302359 0.294068 0.861744 2.50064 2.68007 2.82559 2.94604 3.07165 3.08614 3.09232 3.08497 2.75968 2.66622 2.5687 2.46763 1.79306 1.59499 1.39785 1.20742 0.501501 0.381885 0.28557 0.214782 1.54514
30.6845 15.0665 -13.6498 30.1072 14.7984 -9.73401 29.1039 14.321 -5.92559 27.6868 13.6381 -2.28361 25.8746 12.7569 1.13367 22.4874 11.0946 5.70543 18.3916 9.06385 9.4788 13.7301 6.72939 12.2999 8.67531 4.17133 14.0443 4.77674 2.17839 14.5869 0.857711 0.1559 14.4612 -2.98951 -1.85098 13.6635 -6.6954 -3.75658 12.2143 -11.2312 -6.01418 9.38319 -15.2242 -7.92008 5.62703 -18.5356 -9.41761 1.10181 -21.0595 -10.4688 -4.01779 -22.5286 -10.9955 -8.694 -23.3486 -11.182 -13.5515 -23.5086 -11.0333 -18.4764 -23.0122 -10.5616 -23.3584 -21.7969 -9.73536 -28.3418 -19.9048 -8.59925 -33.0454 -17.3823 -7.18711 -37.3624 -14.2875 -5.53779 -41.1959 -10.7979 -3.74936 -44.3747 -6.90528 -1.82101 -46.9455 -2.68642 0.195566 -48.8468 1.82512 2.20055 -49.8984 5.86222 3.84081 -49.9584 9.86605 5.34711 -49.1263 13.6217 6.6673 -47.353 16.9153 7.75284 -44.7137 20.3519 8.77209 -40.079 22.4694 9.24998 -34.6368 23.2336 9.20553 -28.8278 22.747 8.70397 -23.0105 21.214 7.84462 -17.489 18.837 6.71239 -12.3273 15.8108 5.38813 -7.56674 12.3061 3.94065 -3.18529 8.70579 2.51959 0.644588 4.90565 1.07879 4.26849 0.987622 -0.347898 7.7704 -2.9755 -1.72921 11.2396 -7.17927 -3.15657 15.0156 -11.2427 -4.55293 18.9534 -15.0736 -5.89087 23.1368 -18.5615 -7.13683 27.6368 -20.4656 -7.83528 30.5791 -22.1539 -8.47198 33.6637 -23.5868 -9.03419 36.8889 -24.7219 -9.50793 40.2441 -25.8345 -10.0558 45.907 -25.8714 -10.27 51.7 -24.6867 -10.0947 57.3721 -22.2142 -9.4962 62.5811 -19.2392 -8.6838 66.2361 -15.5379 -7.61206 69.0684 -11.3015 -6.33415 70.8822 -6.78044 -4.92445 71.5474 -1.89981 -3.35397 70.9316 2.64515 -1.84159 69.0023 6.5713 -0.483092 65.9353 9.68421 0.651352 61.9744 11.911 1.53181 57.3168 13.1908 2.12787 52.2737 13.5801 2.44981 47.0611 13.1767 2.52311 41.8401 12.2505 2.40756 37.2805 10.8747 2.14746 32.8419 9.13044 1.76817 28.5437 7.09248 1.29379 24.3864 4.23139 0.599609 19.3771 1.13372 -0.168381 14.5217 -2.09768 -0.974061 9.76051 -5.32102 -1.86469 5.00896 -8.22475 -2.72307 0.50753 -10.9321 -3.56174 -4.11833 -13.3384 -4.33252 -8.91901 -15.3253 -4.98311 -13.925 -16.3066 -5.30648 -17.2379 -17.0226 -5.5411 -20.6253 -17.434 -5.6706 -24.0687 -17.5016 -5.67878 -27.5382 -16.787 -5.39553 -33.2095 -14.9273 -4.69192 -38.5762 -11.891 -3.54874 -43.2909 -7.78105 -1.99736 -46.9592 -3.44335 -0.346326 -49.033 1.21073 1.50251 -49.9067 5.88583 3.48322 -49.6569 10.3939 5.49481 -48.4433 15.2594 7.73242 -46.0868 19.6618 9.78013 -42.8221 23.4702 11.5709 -38.7574 26.5728 13.0459 -34.0213 28.6976 14.0679 -29.2697 30.113 14.759 -24.2045 30.782 15.0968 -18.9533 -10.3613 -10.3511 -10.3361 -10.3177 -10.3885 -10.3126 -10.2668 -10.2211 -10.2314 -10.1842 -10.1425 -10.1077 -10.0769 -10.0249 -9.98934 -9.9664 -9.79913 -9.76535 -9.73663 -9.71005 -9.3758 -9.32238 -9.26614 -9.20194 -8.6884 -8.6082 -8.51585 -8.41019 -7.96064 -7.88826 -7.80589 -7.71546 -7.49845 -7.47403 -7.43641 -7.39531 -7.78722 -7.8632 -7.93912 -8.01569 -8.7532 -8.85279 -8.94615 -9.03785 -8.97807 -9.0395 -9.10168 -9.1779 -8.52062 -8.52869 -8.54213 -8.55222 -6.30246 -5.78241 -5.2227 -4.65619 -4.95906 -4.92696 -4.8889 -4.82496 -5.48856 -5.5276 -5.53166 -5.49692 -6.07836 -6.06413 -6.01955 -5.94668 -6.40798 -6.365 -6.31128 -6.2487 -6.56922 -6.5345 -6.49402 -6.44533 -5.92348 -5.697 -5.32901 -4.70982 -3.0194 -2.79317 -2.59483 -2.41677 -2.21019 -2.09258 -1.98089 -1.87987 -2.10448 -2.11053 -2.12927 -2.16127 -2.7735 -2.91878 -3.07567 -3.23647 -3.92305 -4.03153 -4.12295 -4.19468 6.29811
