# num_vectors 19
# vector_size 401
# Iterations: 57400, stepsize: 0.024049, max step size: 1.000000, spring constant: 0.000100, global NEB Hessian: false, global NEB Linesearch: true, climbing image: false
21.8783 29.6305 -13.6469 19.7189 32.3727 -11.7613 17.5202 34.7128 -9.43151 15.3513 36.5807 -6.68461 13.2882 37.9125 -3.56878 10.5616 38.8381 1.61256 8.03545 38.9436 6.97404 5.01756 38.4275 12.0498 1.12397 37.1272 16.3261 -2.173 35.674 18.8723 -5.68274 33.8497 20.8264 -9.29139 31.7003 22.1766 -12.8967 29.2728 22.9341 -17.492 25.7303 23.0734 -21.7666 21.8734 22.3398 -25.5957 17.7736 20.8516 -28.8852 13.4851 18.7364 -31.2004 9.72326 16.5476 -33.039 5.87256 14.0789 -34.3713 1.9482 11.4093 -35.1714 -2.03561 8.61789 -35.4139 -6.28073 5.63222 -35.0173 -10.5508 2.69914 -33.9648 -14.8139 -0.0780812 -32.2493 -19.0258 -2.59018 -29.9544 -23.0132 -4.66719 -27.0671 -26.8278 -6.27717 -23.6394 -30.3856 -7.31349 -19.7556 -33.5891 -7.6781 -16.1284 -35.9873 -7.38727 -12.3516 -37.9724 -6.50003 -8.54619 -39.4805 -5.00432 -4.84639 -40.4522 -2.91638 -0.250785 -40.824 0.699124 3.70293 -40.1154 4.96478 6.86738 -38.388 9.58348 9.17778 -35.7534 14.2793 10.6286 -32.3897 18.7688 11.3068 -28.4088 22.9242 11.3031 -23.9381 26.6104 10.7284 -19.0893 29.7303 9.77717 -14.2724 32.0844 8.53052 -9.27003 33.8371 7.09217 -4.13935 34.9581 5.56608 1.06678 35.4237 3.95196 6.66142 35.1752 2.48772 12.2066 34.1387 1.30631 17.6126 32.3096 0.541781 22.7684 29.7017 0.344202 25.7446 27.7335 0.382498 28.5375 25.5045 0.682514 31.1072 23.0392 1.26604 33.4113 20.3706 2.84308 36.483 15.7141 5.22734 38.5752 10.8619 8.33138 39.4671 6.04778 11.4059 38.9499 1.16046 13.3474 37.6833 -3.02238 14.5145 35.9795 -7.33574 14.9258 33.9244 -11.6343 14.6281 31.5681 -15.7851 13.5876 28.741 -19.9793 11.9021 25.6719 -23.7749 9.68086 22.4039 -27.0995 7.03412 18.97 -29.9048 4.02569 15.342 -32.1881 0.798909 11.5834 -33.8875 -2.54172 7.70464 -34.993 -5.89394 3.71314 -35.5002 -8.79807 0.0765809 -35.4484 -11.5576 -3.63464 -34.9258 -14.0971 -7.40772 -33.938 -16.3387 -11.223 -32.4957 -18.6043 -15.9997 -30.0852 -20.1248 -20.7173 -27.0533 -20.7496 -25.2649 -23.4913 -20.3497 -29.5003 -19.5338 -18.971 -33.0231 -15.6454 -16.6012 -35.9779 -11.7616 -13.2857 -38.2219 -8.10058 -9.14497 -39.6362 -4.89357 -6.1527 -40.0693 -3.19031 -2.96983 -40.1345 -1.80922 0.325977 -39.8401 -0.763601 3.66134 -39.1972 -0.0534931 9.08298 -37.4225 0.406277 14.19 -34.8603 0.0764651 18.8059 -31.6268 -0.919678 22.8147 -27.8358 -2.4406 25.8117 -24.0843 -4.10982 28.2532 -20.0348 -5.97618 30.1322 -15.7395 -7.94145 31.452 -11.2427 -9.91102 32.291 -5.86925 -12.0685 32.4245 -0.338705 -13.9732 31.8787 5.2861 -15.4886 30.6871 10.9282 -16.478 29.0862 15.9748 -16.8042 27.0371 20.8575 -16.492 24.6048 25.457 -15.4594 -113.199 -113.106 -113.033 -112.981 -113.039 -112.963 -112.904 -112.847 -112.857 -112.822 -112.8 -112.791 -112.799 -112.808 -112.848 -112.914 -112.845 -112.911 -112.995 -113.095 -112.907 -113.019 -113.146 -113.28 -112.976 -113.107 -113.226 -113.337 -113.084 -113.175 -113.229 -113.238 -113.082 -113.062 -112.969 -112.824 -113.072 -112.984 -112.883 -112.782 -113.355 -113.309 -113.276 -113.262 -113.121 -113.125 -113.167 -113.275 -112.719 -112.862 -113.104 -113.5 -112.091 -112.857 -113.091 -112.92 -113.352 -113.276 -113.146 -112.966 -113.499 -113.397 -113.265 -113.104 -113.574 -113.46 -113.33 -113.184 -113.592 -113.505 -113.418 -113.332 -113.644 -113.622 -113.632 -113.717 -113.438 -113.644 -114.015 -114.343 -113.34 -113.461 -113.5 -113.489 -113.433 -113.425 -113.369 -113.278 -113.476 -113.424 -113.355 -113.271 -113.736 -113.676 -113.573 -113.432 -113.811 -113.642 -113.489 -113.363 0.102237
18.5437 28.8162 -16.6988 16.8563 31.0014 -13.85 15.3241 32.7044 -10.6112 13.9711 33.9174 -7.08465 12.7858 34.6565 -3.37154 11.2387 34.9383 2.3437 9.67501 34.3708 8.03317 7.75181 33.0727 13.4878 5.1609 31.1406 18.4568 2.68391 29.3545 21.641 -0.246884 27.3296 24.2438 -3.55178 25.1272 26.1652 -7.10769 22.8051 27.3603 -11.9506 19.6434 27.8446 -16.7253 16.4028 27.2234 -21.2245 13.0883 25.6559 -25.2806 9.67887 23.2876 -28.256 6.68435 20.7416 -30.6978 3.59 17.781 -32.5082 0.393537 14.4936 -33.604 -2.8968 10.9899 -33.9274 -6.44638 7.20978 -33.3834 -10.0553 3.51197 -32.0077 -13.6962 0.070383 -29.8768 -17.3429 -2.95542 -27.1801 -20.8645 -5.36491 -23.9692 -24.3294 -7.14386 -20.3499 -27.685 -8.20254 -16.43 -30.854 -8.46958 -12.8911 -33.358 -8.02397 -9.29071 -35.5613 -6.93995 -5.71417 -37.3717 -5.23026 -2.25381 -38.696 -2.93586 2.04839 -39.5778 0.942677 5.73651 -39.2987 5.48684 8.61085 -37.8187 10.3733 10.5411 -35.212 15.2527 11.4875 -31.6922 19.7571 11.5344 -27.4492 23.703 10.8034 -22.699 26.9396 9.44088 -17.6296 29.393 7.71137 -12.7119 30.9662 5.64853 -7.74884 31.8389 3.3469 -2.81813 32.0385 0.911932 2.03297 31.606 -1.69007 7.12868 30.4969 -4.06244 12.1676 28.78 -5.91115 17.2087 26.5137 -6.89071 22.2566 23.7704 -6.89583 25.3027 21.9019 -6.39224 28.2408 19.931 -5.36184 30.9892 17.8926 -3.8275 33.4585 15.8145 -0.418293 36.6775 12.4056 3.74386 38.6834 8.90443 8.18484 39.3246 5.23401 12.407 38.5656 1.33492 15.3771 36.9515 -2.04776 17.6594 34.5737 -5.51286 19.1197 31.6166 -8.97589 19.7138 28.2871 -12.3569 19.4156 24.4946 -15.8489 18.2341 20.6917 -19.1365 16.281 17.0146 -22.1912 13.668 13.5395 -24.9773 10.4522 10.2436 -27.4717 6.77364 7.15031 -29.5516 2.74435 4.19539 -31.12 -1.50867 1.29282 -32.0757 -5.35167 -1.31957 -32.3358 -9.12896 -4.01747 -31.9978 -12.7029 -6.84294 -31.0466 -15.9287 -9.82018 -29.5004 -19.2619 -13.7479 -26.8129 -21.5815 -17.8755 -23.4451 -22.6824 -22.1006 -19.6116 -22.4296 -26.2558 -15.5582 -20.9311 -29.8715 -11.8016 -18.2643 -33.0139 -8.27391 -14.5688 -35.4665 -5.1501 -10.0645 -37.0461 -2.57188 -6.89075 -37.5378 -1.25743 -3.57775 -37.61 -0.227335 -0.203644 -37.2706 0.509167 3.16066 -36.5428 0.949671 8.53616 -34.5804 1.03749 13.5248 -31.855 0.373367 17.9971 -28.553 -0.986631 21.866 -24.8318 -2.97143 24.7422 -21.2707 -5.18233 27.0517 -17.524 -7.72616 28.7683 -13.6176 -10.4893 29.88 -9.55304 -13.3329 30.4138 -4.66556 -16.5047 30.1748 0.468313 -19.3008 29.2073 5.82774 -21.4391 27.5837 11.3172 -22.6483 25.642 16.2524 -22.7465 23.3791 20.9531 -21.7878 20.9538 25.2072 -19.7488 -5.51666 -5.46693 -5.43201 -5.40868 -5.48623 -5.4343 -5.41972 -5.40722 -5.44123 -5.41524 -5.39284 -5.37397 -5.36216 -5.34019 -5.3449 -5.37572 -5.27515 -5.31781 -5.38295 -5.46854 -5.27 -5.37204 -5.48694 -5.60699 -5.28805 -5.40579 -5.51674 -5.62927 -5.38651 -5.49362 -5.56722 -5.59512 -5.45949 -5.45968 -5.37734 -5.23072 -5.46572 -5.35508 -5.22861 -5.10325 -5.65603 -5.59605 -5.55399 -5.53993 -5.40906 -5.44538 -5.55634 -5.80087 -5.44377 -5.80781 -6.32447 -6.95663 -5.51204 -5.70701 -5.57865 -5.26171 -5.68185 -5.67001 -5.56921 -5.36177 -5.8102 -5.57901 -5.31087 -5.03618 -5.42724 -5.267 -5.11751 -4.973 -5.39591 -5.33238 -5.27535 -5.22727 -5.5905 -5.64033 -5.74131 -5.94232 -5.79412 -6.11652 -6.49916 -6.68545 -5.57934 -5.67234 -5.70862 -5.6988 -5.64173 -5.62542 -5.55735 -5.46005 -5.65989 -5.6156 -5.55284 -5.46794 -5.91507 -5.80379 -5.62078 -5.39666 -5.73029 -5.56151 -5.44576 -5.37641 0.352549
20.1229 27.3987 -16.6651 18.4126 29.2361 -13.5931 16.8554 30.5772 -10.1998 15.4798 31.4369 -6.57945 14.2767 31.8487 -2.82164 12.7115 31.7111 2.89401 11.1344 30.8175 8.53772 9.18846 29.2813 13.922 6.54517 27.1887 18.7976 3.99896 25.3283 21.8831 0.974208 23.2674 24.3464 -2.43903 21.0683 26.0722 -6.09973 18.7897 27.006 -11.0418 15.7468 27.0463 -15.835 12.6886 25.881 -20.2451 9.61652 23.6904 -24.0879 6.51245 20.6437 -26.7792 3.83618 17.4977 -28.8439 1.12511 13.9355 -30.1959 -1.61433 10.0664 -30.773 -4.37277 6.02159 -30.5157 -7.29262 1.73182 -29.3914 -10.2283 -2.4048 -27.4654 -13.1907 -6.21376 -24.8344 -16.1945 -9.53779 -21.7112 -19.1599 -12.1707 -18.1403 -22.1591 -14.1029 -14.2365 -25.1515 -15.2366 -10.1197 -28.0613 -15.4925 -6.49367 -30.4204 -14.9645 -2.89397 -32.5456 -13.7325 0.585344 -34.3378 -11.8156 3.84687 -35.6977 -9.265 7.72285 -36.7029 -4.98763 10.8184 -36.6227 -0.0136051 12.9627 -35.4021 5.30069 14.0605 -33.0971 10.5744 14.1168 -29.9012 15.4073 13.2363 -25.9998 19.5999 11.5662 -21.6107 22.9943 9.27517 -16.9302 25.5279 6.70043 -12.4087 27.1328 3.83323 -7.86719 28.029 0.778139 -3.36694 28.2811 -2.35484 1.07526 27.9637 -5.64302 5.80472 27.0765 -8.63924 10.6124 25.7069 -11.0376 15.6179 23.9292 -12.4547 20.8656 21.827 -12.6414 24.1494 20.4299 -12.2349 27.3945 18.9896 -11.2041 30.4934 17.5387 -9.56517 33.325 16.1015 -5.77739 37.0822 13.8339 -1.00773 39.4821 11.5764 4.2209 40.3267 9.2198 9.3632 39.581 6.64956 13.1604 37.8554 4.3101 16.295 35.2806 1.77746 18.5937 32.0723 -0.923008 19.9709 28.4737 -3.75554 20.4149 24.417 -6.91972 19.8368 20.4312 -10.1517 18.3328 16.7053 -13.3954 16.0136 13.3571 -16.57 12.9472 10.3912 -19.6075 9.28189 7.8242 -22.3283 5.14019 5.55526 -24.592 0.65358 3.43542 -26.2663 -3.4973 1.53198 -27.1651 -7.6713 -0.506793 -27.4515 -11.7164 -2.78115 -27.0971 -15.4618 -5.36078 -26.1082 -19.459 -9.0417 -24.0508 -22.3878 -13.1988 -21.24 -23.9795 -17.6825 -17.905 -24.065 -22.251 -14.316 -22.7434 -26.3242 -10.9854 -20.1382 -29.9433 -7.89584 -16.4188 -32.8632 -5.23665 -11.8371 -34.8921 -3.15756 -8.59815 -35.6657 -2.18151 -5.21338 -36.0175 -1.50188 -1.76434 -35.9577 -1.12396 1.67618 -35.5118 -1.04463 7.17864 -34.0181 -1.54117 12.2986 -31.7614 -2.74486 16.9155 -28.912 -4.56685 20.9553 -25.6009 -6.90615 24.0177 -22.3407 -9.32168 26.5544 -18.8099 -11.9562 28.541 -15.0139 -14.6923 29.9582 -10.9464 -17.3922 30.8665 -5.92788 -20.2595 30.9911 -0.572555 -22.6127 30.339 5.02435 -24.1879 28.954 10.6812 -24.7485 27.1518 15.6431 -24.2309 24.9595 20.2176 -22.6806 22.5507 24.1919 -20.1233 -0.109902 -0.0628652 -0.0304952 -0.009538 -0.0896622 -0.0406472 -0.0283894 -0.0171388 -0.0510291 -0.0238243 0.000691528 0.0219667 0.0366694 0.061819 0.0603051 0.0333682 0.13924 0.103868 0.0494573 -0.0211587 0.197421 0.120389 0.033548 -0.0576045 0.288133 0.192658 0.0977642 -0.00516243 0.239338 0.127643 0.044811 0.00463986 0.12407 0.10387 0.164568 0.287502 0.0269876 0.111072 0.2106 0.308733 -0.271388 -0.239572 -0.227561 -0.24517 -0.148351 -0.222291 -0.375192 -0.666179 -0.343202 -0.716592 -1.20494 -1.75886 -0.184931 -0.281483 -0.11233 0.224016 -0.184421 -0.162733 -0.0489529 0.179693 -0.23387 0.0443217 0.358236 0.666051 0.292357 0.456303 0.598962 0.728475 0.285343 0.325701 0.356686 0.377162 -0.0172407 -0.0993181 -0.22793 -0.445631 -0.297691 -0.589891 -0.895777 -0.988129 0.16997 0.0975468 0.0711283 0.0846735 0.141588 0.153445 0.215274 0.30655 0.102791 0.146787 0.212227 0.301157 -0.143 -0.036018 0.13095 0.331138 -0.0235206 0.131813 0.239544 0.30378 0.622474
15.9632 28.0155 -13.1527 14.3546 29.3927 -9.79795 12.9468 30.2647 -6.19296 11.7625 30.6614 -2.42756 10.7855 30.6262 1.41725 9.60885 29.8587 7.17604 8.45937 28.3734 12.7983 6.95875 26.2673 18.1321 4.75372 23.6158 22.9534 2.51058 21.3501 26.0029 -0.243202 18.9054 28.4329 -3.42502 16.3588 30.1226 -6.89529 13.7834 31.0109 -11.6426 10.4447 30.9679 -16.286 7.20911 29.6818 -20.5718 4.08338 27.3265 -24.3003 1.05504 24.0688 -26.8955 -1.44918 20.7078 -28.8639 -3.88481 16.9005 -30.1216 -6.24498 12.7592 -30.61 -8.52699 8.41683 -30.2682 -10.8562 3.78524 -29.0671 -13.1369 -0.725834 -27.0649 -15.4117 -4.94611 -24.3465 -17.7277 -8.71972 -21.1141 -20.0532 -11.8219 -17.3997 -22.4642 -14.2448 -13.3128 -24.9385 -15.874 -8.97599 -27.4149 -16.609 -5.13892 -29.476 -16.4639 -1.32096 -31.3787 -15.5722 2.36912 -33.0271 -13.9418 5.81853 -34.3241 -11.6155 9.88815 -35.3735 -7.53302 13.0869 -35.4827 -2.6253 15.2308 -34.5855 2.75322 16.2213 -32.7156 8.21694 16.0701 -30.0294 13.3488 14.8906 -26.6843 17.9307 12.8433 -22.8702 21.7824 10.1131 -18.762 24.8227 7.08466 -14.7617 26.9383 3.7376 -10.7139 28.3743 0.186801 -6.66819 29.1948 -3.45237 -2.62748 29.4751 -7.29461 1.74955 29.2608 -10.8637 6.30909 28.5984 -13.8586 11.1994 27.5578 -15.8878 16.4929 26.2061 -16.4435 19.894 25.2602 -16.3877 23.3218 24.2517 -15.6757 26.6625 23.2013 -14.3114 29.7844 22.1232 -10.8563 34.0819 20.3344 -6.26754 37.066 18.4255 -1.07017 38.5023 16.2971 4.18129 38.3302 13.848 8.16493 37.0467 11.5344 11.5585 34.8687 8.9634 14.1653 31.9985 6.16417 15.8696 28.673 3.17975 16.6522 24.8431 -0.194439 16.3642 21.0296 -3.66443 15.0804 17.4431 -7.15089 12.9054 14.2213 -10.5502 9.91505 11.3826 -13.7791 6.27382 8.94322 -16.6457 2.12717 6.7923 -19.0133 -2.37167 4.76224 -20.7642 -6.52468 2.89536 -21.7276 -10.6825 0.836248 -22.0928 -14.6839 -1.52795 -21.8479 -18.3488 -4.2725 -21.0129 -22.1799 -8.25744 -19.2235 -24.857 -12.7971 -16.7773 -26.1103 -17.6911 -13.9071 -25.7892 -22.6385 -10.8774 -24.0582 -26.991 -8.14054 -21.0544 -30.7884 -5.69368 -16.9877 -33.7759 -3.70174 -12.1442 -35.7686 -2.28755 -8.79374 -36.4747 -1.72338 -5.34484 -36.7307 -1.43723 -1.87916 -36.5538 -1.42864 1.5325 -35.9752 -1.68964 6.8967 -34.2398 -2.67373 11.7862 -31.725 -4.26252 16.1034 -28.6064 -6.35789 19.7966 -25.0149 -8.85117 22.5285 -21.4943 -11.2975 24.7251 -17.6924 -13.8594 26.3707 -13.6189 -16.4169 27.4517 -9.27811 -18.8317 27.984 -3.97313 -21.2413 27.7504 1.59963 -23.0082 26.7689 7.29955 -23.891 25.1005 12.9039 -23.6913 23.0999 17.6625 -22.4706 20.7827 21.8856 -20.2499 18.3358 25.3804 -17.0977 -0.0881642 -0.0510816 -0.027804 -0.0157683 -0.107665 -0.0755079 -0.0837035 -0.0957977 -0.15087 -0.140579 -0.130851 -0.121544 -0.116881 -0.0984615 -0.102322 -0.12746 -0.0159692 -0.0424321 -0.0839943 -0.137775 0.101867 0.0496286 -0.0102413 -0.0733499 0.30008 0.231028 0.160643 0.0802145 0.341608 0.240389 0.162365 0.121608 0.235298 0.204428 0.251301 0.357114 0.0757794 0.135432 0.207792 0.277609 -0.329502 -0.322379 -0.332619 -0.36911 -0.28759 -0.371731 -0.525884 -0.80123 -0.439698 -0.760659 -1.17624 -1.655 -0.0223353 -0.114546 0.0319286 0.345793 -0.0802306 -0.0741778 0.0216513 0.228065 -0.21292 0.0365857 0.327915 0.621651 0.239884 0.398135 0.534905 0.657056 0.205204 0.236029 0.256372 0.265348 -0.142644 -0.240702 -0.386126 -0.617228 -0.473908 -0.745925 -0.986981 -0.986054 0.236173 0.196793 0.191465 0.218093 0.285065 0.304195 0.371862 0.470422 0.276964 0.334031 0.415143 0.520868 0.09345 0.213473 0.381013 0.565373 0.184851 0.313535 0.397585 0.44258 0.726019
10.427 28.7911 -8.94063 8.97199 29.7489 -5.37639 7.76947 30.2094 -1.62405 6.83145 30.2122 2.23061 6.13189 29.8057 6.11439 5.41243 28.526 11.8574 4.75654 26.5629 17.412 3.77739 23.9904 22.6618 2.10993 20.8663 27.4154 0.262139 18.2424 30.4428 -2.11732 15.4399 32.8818 -4.96278 12.5458 34.6117 -8.14795 9.6455 35.5643 -12.6084 5.93263 35.6238 -17.0595 2.40437 34.4304 -21.2305 -0.913694 32.1329 -24.9027 -4.01757 28.8823 -27.4842 -6.48293 25.4822 -29.4645 -8.77882 21.5951 -30.757 -10.8975 17.3357 -31.3023 -12.8425 12.8387 -31.0419 -14.7275 8.00423 -29.9384 -16.4946 3.24465 -28.039 -18.2113 -1.27631 -25.4128 -19.9497 -5.4085 -22.2426 -21.7177 -8.91626 -18.5466 -23.5941 -11.797 -14.4204 -25.5751 -13.9254 -9.97832 -27.6158 -15.1836 -5.9962 -29.3594 -15.4915 -1.98786 -31.0081 -15.0363 1.92843 -32.4733 -13.8082 5.62672 -33.6633 -11.8337 10.0411 -34.6939 -8.12143 13.5609 -34.9267 -3.44313 15.9691 -34.2856 1.85961 17.1425 -32.7839 7.40016 17.0781 -30.5445 12.7439 15.8897 -27.6986 17.6493 13.7453 -24.4087 21.9099 10.844 -20.8272 25.4214 7.60256 -17.3094 28.0227 4.00408 -13.7211 29.9784 0.172159 -10.1034 31.3488 -3.77453 -6.45144 32.207 -7.97823 -2.43786 32.6395 -11.9522 1.82526 32.6476 -15.4079 6.50457 32.2883 -17.9603 11.6987 31.6003 -18.8637 15.1088 31.0303 -19.1675 18.6053 30.3576 -18.8159 22.0775 29.5888 -17.8003 25.3933 28.7262 -14.8573 30.126 27.1308 -10.6828 33.6684 25.2253 -5.78235 35.7511 22.9332 -0.702571 36.2749 20.1897 3.23281 35.5711 17.5653 6.65661 33.9485 14.6474 9.35791 31.5823 11.4893 11.1994 28.6883 8.15712 12.1499 25.2285 4.44325 12.0203 21.6817 0.692331 10.8627 18.2617 -2.99955 8.77031 15.1143 -6.51844 5.82182 12.2674 -9.77841 2.19504 9.74612 -12.592 -1.94082 7.44966 -14.8386 -6.40562 5.21937 -16.4253 -10.4881 3.1355 -17.2324 -14.5243 0.828871 -17.4553 -18.3445 -1.80648 -17.1064 -21.7652 -4.83759 -16.2279 -25.2059 -9.18679 -14.4942 -27.407 -14.0732 -12.2497 -28.1196 -19.2633 -9.73696 -27.2258 -24.4202 -7.2137 -24.9715 -28.8614 -5.06321 -21.4995 -32.6285 -3.27858 -17.0618 -35.4665 -1.9811 -11.9763 -37.2061 -1.24508 -8.54647 -37.7086 -1.08372 -5.07733 -37.7367 -1.16452 -1.64726 -37.3152 -1.47954 1.67822 -36.4812 -2.01619 6.80527 -34.3127 -3.345 11.3658 -31.3611 -5.1464 15.2849 -27.8086 -7.33166 18.5268 -23.7911 -9.80252 20.822 -19.9048 -12.1415 22.554 -15.7578 -14.5175 23.7128 -11.3726 -16.8129 24.2927 -6.76975 -18.8915 24.2449 -1.24855 -20.827 23.4527 4.42059 -22.0375 21.9665 10.0733 -22.3018 19.8841 15.4746 -21.4521 17.6162 19.9176 -19.6485 15.1533 23.7167 -16.885 12.6905 26.7067 -13.2613 -0.0313785 -0.00375027 0.0110172 0.0147479 -0.0882235 -0.0723148 -0.100851 -0.136875 -0.214308 -0.22248 -0.229578 -0.234556 -0.242823 -0.234545 -0.244088 -0.270623 -0.156467 -0.176869 -0.208792 -0.2495 0.00666503 -0.0261149 -0.0648059 -0.105736 0.290014 0.243012 0.194217 0.135095 0.414375 0.326356 0.257031 0.219928 0.332487 0.29567 0.333385 0.427353 0.131483 0.174065 0.2275 0.277751 -0.347714 -0.356932 -0.381221 -0.428566 -0.354058 -0.439291 -0.584603 -0.834197 -0.429797 -0.701729 -1.05583 -1.47385 0.20481 0.105507 0.21435 0.49044 0.0342248 0.0138936 0.0805628 0.251848 -0.232351 -0.0292426 0.223894 0.493451 0.0998951 0.254002 0.390058 0.51234 0.0600983 0.0896886 0.107506 0.112293 -0.302703 -0.412557 -0.574295 -0.821984 -0.687996 -0.945239 -1.13187 -1.05237 0.226487 0.218475 0.234593 0.275567 0.354825 0.384571 0.461876 0.571818 0.39264 0.466056 0.565623 0.690773 0.283195 0.420816 0.594546 0.768844 0.366917 0.471565 0.533229 0.559648 0.773302
10.0606 26.2639 -9.03976 8.57491 26.9102 -5.41853 7.34069 27.1327 -1.65482 6.35989 26.9866 2.1864 5.59873 26.5241 6.05229 4.74316 25.3191 11.7928 3.89344 23.5669 17.3915 2.66648 21.271 22.717 0.713397 18.4144 27.5296 -1.34933 15.9413 30.5452 -3.92124 13.2326 32.8932 -6.90803 10.3731 34.4316 -10.1553 7.45888 35.0853 -14.5417 3.68892 34.6043 -18.7228 0.115236 32.7518 -22.4344 -3.17769 29.7408 -25.4897 -6.13473 25.7903 -27.4649 -8.35154 21.855 -28.8056 -10.2765 17.5192 -29.471 -11.91 12.9157 -29.4438 -13.28 8.18023 -28.6714 -14.5026 3.18998 -27.1622 -15.5995 -1.65904 -24.955 -16.6877 -6.23484 -22.0958 -17.8795 -10.406 -18.7464 -19.2201 -13.9365 -14.9009 -20.7807 -16.8099 -10.6507 -22.5513 -18.879 -6.11962 -24.469 -20.0066 -2.10393 -26.1569 -20.1379 1.88134 -27.7813 -19.4515 5.70325 -29.2429 -17.9519 9.22568 -30.4467 -15.6857 13.2703 -31.5292 -11.587 16.2789 -31.8776 -6.57138 18.0606 -31.44 -1.00689 18.5236 -30.2401 4.70938 17.7025 -28.3868 10.1376 15.7291 -25.9908 15.0304 12.7967 -23.1878 19.1679 9.13174 -20.11 22.4344 5.21846 -17.0705 24.692 1.01134 -13.9625 26.2053 -3.35576 -10.8246 27.0607 -7.76455 -7.64435 27.3737 -12.3938 -4.10553 27.2547 -16.7412 -0.246316 26.838 -20.5273 4.15126 26.2963 -23.3472 9.22717 25.7967 -24.3589 12.6478 25.5818 -24.7123 16.2018 25.4605 -24.3429 19.7561 25.436 -23.2408 23.155 25.4902 -20.0316 27.9796 25.6628 -15.4674 31.5534 25.7071 -10.0696 33.6407 25.3725 -4.37464 34.1919 24.4399 0.172714 33.5526 23.1047 4.30252 32.0338 21.2318 7.7919 29.799 18.8444 10.4801 27.0454 16.0052 12.3751 23.7251 12.5338 13.1779 20.2872 8.76513 12.8892 16.9413 4.84235 11.5472 13.8507 0.929097 9.18691 11.0873 -2.84171 5.94198 8.74054 -6.21653 1.97655 6.77809 -9.0184 -2.51541 5.09251 -11.1178 -6.77964 3.68275 -12.3383 -11.1513 2.20606 -12.9456 -15.4801 0.496623 -12.9699 -19.6008 -1.60833 -12.47 -24.1729 -4.97321 -11.2321 -27.6796 -9.28348 -9.53391 -29.6558 -14.4165 -7.66157 -29.7555 -19.9631 -5.93409 -28.0835 -24.9751 -4.7035 -24.9047 -29.3124 -3.9871 -20.6004 -32.6101 -3.81649 -15.6062 -34.7043 -4.13702 -12.236 -35.4199 -4.55163 -8.81956 -35.6729 -5.10513 -5.41936 -35.5036 -5.77768 -2.08234 -34.9548 -6.55593 3.19329 -33.3159 -8.05154 8.08639 -30.9187 -9.80249 12.5053 -27.8803 -11.8016 16.3597 -24.2787 -14.0215 19.2305 -20.6474 -16.1224 21.5124 -16.6387 -18.2594 23.1476 -12.2847 -20.3114 24.0961 -7.63216 -22.127 24.3179 -2.00472 -23.7128 23.6322 3.75178 -24.5031 22.1172 9.39849 -24.2771 19.9185 14.6418 -22.8969 17.5176 18.7904 -20.6251 14.9328 22.1695 -17.457 12.3804 24.6674 -13.5349 -0.119786 -0.0947316 -0.0800712 -0.0738239 -0.170094 -0.142378 -0.157484 -0.182298 -0.254885 -0.263292 -0.274719 -0.287675 -0.308119 -0.314347 -0.336579 -0.371731 -0.260289 -0.278156 -0.30239 -0.330635 -0.0577921 -0.0710347 -0.0897967 -0.112478 0.297848 0.260641 0.216486 0.157557 0.433438 0.340048 0.264294 0.220244 0.323994 0.274963 0.297162 0.372054 0.0544143 0.0740953 0.105248 0.13538 -0.506819 -0.530012 -0.56716 -0.628199 -0.571125 -0.682068 -0.866386 -1.17019 -0.815316 -1.11522 -1.4726 -1.85525 -0.0760918 -0.027571 0.197128 0.550555 0.142207 0.152953 0.240686 0.42237 -0.0634289 0.125749 0.359264 0.611754 0.208236 0.359752 0.498184 0.624751 0.175979 0.206041 0.220325 0.216585 -0.21433 -0.350437 -0.544722 -0.823379 -0.704735 -0.943307 -1.06856 -0.9084 0.428006 0.449933 0.484305 0.533986 0.614104 0.633568 0.693485 0.78186 0.580317 0.633528 0.715784 0.828546 0.414031 0.549528 0.723068 0.894429 0.484878 0.579256 0.62996 0.64693 0.94331
10.1305 24.0567 -8.66575 8.65479 24.5431 -5.01555 7.41095 24.6635 -1.25036 6.38732 24.4765 2.57791 5.54122 24.0311 6.42812 4.47446 22.9425 12.1565 3.32261 21.3734 17.7555 1.7308 19.2799 23.0678 -0.603766 16.5979 27.8106 -2.92177 14.2109 30.7077 -5.69391 11.5419 32.8655 -8.79839 8.67634 34.1365 -12.0597 5.72178 34.4508 -16.2887 1.87781 33.4387 -20.1163 -1.74442 31.0068 -23.305 -5.01219 27.4237 -25.7158 -7.83318 22.961 -27.0977 -9.83059 18.6711 -27.8481 -11.44 14.0723 -27.9696 -12.6734 9.30087 -27.4793 -13.5811 4.48025 -26.3267 -14.2815 -0.537215 -24.5474 -14.8573 -5.38454 -22.1598 -15.4605 -9.95946 -19.1786 -16.2317 -14.1441 -15.7357 -17.2425 -17.6945 -11.8018 -18.5552 -20.5722 -7.4635 -20.1502 -22.6007 -2.85613 -21.9435 -23.6185 1.19699 -23.5446 -23.5914 5.17306 -25.0867 -22.694 8.92166 -26.463 -20.9488 12.2956 -27.5815 -18.4274 16.0193 -28.5699 -14.013 18.5846 -28.8945 -8.75528 19.8292 -28.5491 -3.04025 19.6871 -27.5833 2.73701 18.2189 -26.099 8.14217 15.5657 -24.1829 12.9238 11.9445 -21.9319 16.8474 7.61625 -19.4375 19.7832 3.13915 -16.9436 21.6231 -1.54437 -14.3557 22.6314 -6.28551 -11.6945 22.9293 -10.9712 -8.93168 22.6825 -15.816 -5.75762 22.0344 -20.337 -2.16192 21.2607 -24.2872 2.08011 20.6545 -27.2674 7.08645 20.5086 -28.3672 10.4771 20.7621 -28.7943 13.9841 21.2994 -28.4845 17.4528 22.1009 -27.4339 20.7166 23.1078 -24.31 25.2292 24.9742 -19.8403 28.4809 26.7218 -14.5037 30.3717 27.9672 -8.75323 30.9573 28.4091 -4.00469 30.5501 28.0148 0.504139 29.4262 26.8846 4.56001 27.6946 25.0348 7.98486 25.4784 22.5391 10.8249 22.6866 19.2518 12.6728 19.6309 15.5216 13.4713 16.4452 11.5366 13.1973 13.2451 7.49299 11.8303 10.0936 3.53997 9.4115 7.14683 -0.0505392 6.03937 4.51877 -3.07513 1.87817 2.31494 -5.36722 -2.30047 0.765746 -6.70869 -6.75211 -0.410933 -7.38622 -11.3169 -1.31555 -7.45643 -15.8752 -2.15122 -7.02628 -21.4236 -3.52676 -5.9859 -26.5341 -5.98825 -4.72765 -30.5445 -10.0648 -3.69979 -32.4638 -15.54 -3.39242 -31.7838 -20.8883 -3.99444 -28.9597 -25.3244 -5.3265 -24.7668 -28.3083 -7.043 -19.9164 -29.9596 -8.8254 -16.6664 -30.5289 -9.90069 -13.3557 -30.815 -10.9006 -10.0099 -30.8848 -11.8188 -6.64578 -30.7704 -12.6628 -1.0969 -30.1843 -13.9362 4.36326 -29.012 -15.1881 9.59167 -27.1231 -16.5486 14.3851 -24.4116 -18.106 18.0771 -21.2821 -19.661 21.0674 -17.5173 -21.312 23.2326 -13.2126 -22.9317 24.51 -8.50094 -24.3496 24.8807 -2.77569 -25.4967 24.1633 3.02013 -25.8511 22.5152 8.59527 -25.1929 20.1583 13.642 -23.4019 17.6433 17.5206 -20.8006 14.9959 20.5771 -17.3675 12.4323 22.7462 -13.2615 -0.192628 -0.170091 -0.155578 -0.147168 -0.23776 -0.200136 -0.20391 -0.218946 -0.286761 -0.294683 -0.309022 -0.328091 -0.358175 -0.375975 -0.408447 -0.45068 -0.34165 -0.357623 -0.375634 -0.393488 -0.106379 -0.102457 -0.103158 -0.10862 0.316323 0.290144 0.253187 0.198511 0.476701 0.385213 0.312111 0.271378 0.378783 0.331477 0.351025 0.418305 0.088767 0.0937628 0.109157 0.123924 -0.532122 -0.568024 -0.618199 -0.694399 -0.657374 -0.796948 -1.02014 -1.36718 -1.03552 -1.3324 -1.65961 -1.98561 -0.112478 0.0463442 0.353815 0.763183 0.386304 0.409477 0.491588 0.646867 0.111986 0.233872 0.397752 0.592221 0.149902 0.28383 0.424251 0.56925 0.150399 0.214663 0.263876 0.288108 -0.129598 -0.285045 -0.528565 -0.866217 -0.791133 -1.03538 -1.11213 -0.856112 0.577147 0.664964 0.74886 0.826544 0.911439 0.89131 0.886938 0.906124 0.644669 0.650703 0.694951 0.778554 0.341259 0.458944 0.617146 0.770868 0.341321 0.416525 0.450744 0.45579 0.819162
10.4265 21.8922 -7.9826 8.958 22.328 -4.32311 7.68779 22.4344 -0.566299 6.59335 22.2712 3.24343 5.62549 21.8843 7.07122 4.28032 20.9337 12.7655 2.75339 19.5312 18.3187 0.73036 17.5979 23.5443 -2.03052 15.0367 28.122 -4.61461 12.6968 30.826 -7.57578 10.0342 32.7252 -10.7659 7.13883 33.6762 -13.993 4.13097 33.6213 -17.9875 0.212739 32.0799 -21.3849 -3.44284 29.1169 -23.989 -6.66184 25.0497 -25.7203 -9.32461 20.192 -26.505 -11.0936 15.658 -26.6861 -12.393 10.906 -26.3065 -13.2493 6.06602 -25.4117 -13.7345 1.24248 -23.9494 -13.9683 -3.7376 -21.9715 -14.0857 -8.5405 -19.4697 -14.2665 -13.0905 -16.4226 -14.6739 -17.279 -12.9292 -15.4017 -20.8492 -8.93697 -16.503 -23.7352 -4.52885 -17.9469 -25.726 0.144332 -19.6264 -26.6317 4.22777 -21.1366 -26.4395 8.18588 -22.5784 -25.3229 11.8495 -23.838 -23.327 15.0621 -24.8281 -20.5538 18.4533 -25.651 -15.8472 20.5824 -25.8766 -10.3932 21.3227 -25.5563 -4.58981 20.6332 -24.7784 1.1764 18.5921 -23.6491 6.48046 15.3433 -22.2369 11.0658 11.1247 -20.5965 14.6834 6.23479 -18.7645 17.1948 1.30315 -16.8873 18.538 -3.73299 -14.8655 18.9839 -8.71366 -12.6836 18.6987 -13.5391 -10.2892 17.9041 -18.4611 -7.37697 16.7815 -23.0369 -3.9188 15.7475 -27.0617 0.262479 15.214 -30.1531 5.18904 15.5859 -31.3412 8.45935 16.4004 -31.872 11.7598 17.6635 -31.6875 14.9249 19.3123 -30.7917 17.8025 21.2324 -27.9877 21.6017 24.5953 -23.8911 24.2482 27.7291 -18.8929 25.8414 30.1958 -13.335 26.5496 31.6838 -8.56448 26.5677 32.0189 -3.8334 26.1118 31.4906 0.653986 25.1999 30.1115 4.70266 23.842 27.9588 8.3901 21.8938 24.9135 11.2085 19.4831 21.3203 13.0468 16.6721 17.3979 13.8374 13.5482 13.3627 13.5312 10.1765 9.36717 12.0924 6.74863 5.67857 9.53181 3.45375 2.51424 5.92516 0.522024 0.101221 1.99733 -1.57978 -1.24584 -2.37571 -3.08481 -1.76668 -6.93364 -3.99181 -1.51638 -11.4903 -4.4574 -0.691411 -17.1159 -4.84792 0.708119 -22.7532 -5.81525 1.72987 -28.0941 -8.08696 1.46352 -32.0166 -11.7787 -0.713975 -33.2404 -15.7508 -4.19991 -31.8748 -19.2163 -8.14381 -28.5959 -21.6819 -11.6934 -24.2421 -23.2769 -14.5097 -21.1752 -24.0448 -15.9402 -17.975 -24.6992 -17.1122 -14.6893 -25.2887 -18.0604 -11.3452 -25.8211 -18.8193 -5.73846 -26.5132 -19.7359 -0.0597761 -26.7311 -20.4141 5.60176 -26.18 -21.0449 11.0498 -24.5957 -21.7954 15.4508 -22.1955 -22.6391 19.1749 -18.8812 -23.6332 22.0029 -14.7879 -24.6766 23.808 -10.1271 -25.604 24.5945 -4.36941 -26.2839 24.1172 1.46179 -26.2547 22.5881 7.02423 -25.2786 20.2866 11.995 -23.223 17.8071 15.7574 -20.4243 15.2013 18.6708 -16.8384 12.6871 20.6964 -12.6298 -0.277073 -0.25557 -0.240601 -0.23024 -0.316441 -0.271581 -0.267578 -0.276737 -0.343046 -0.353233 -0.373295 -0.401556 -0.44532 -0.480116 -0.529249 -0.586066 -0.487399 -0.509604 -0.530283 -0.547297 -0.256238 -0.246054 -0.239701 -0.238882 0.190066 0.164658 0.124845 0.0645723 0.336382 0.239471 0.16257 0.119553 0.224802 0.173186 0.18423 0.237747 -0.110417 -0.127603 -0.136447 -0.146695 -0.827217 -0.887313 -0.963012 -1.06741 -1.06362 -1.24311 -1.50963 -1.89031 -1.56015 -1.83447 -2.11731 -2.38373 -0.427364 -0.176252 0.202207 0.659436 0.304257 0.326708 0.386875 0.500363 -0.0929168 -0.0373374 0.0664763 0.215731 -0.253647 -0.128559 0.0196664 0.187003 -0.199186 -0.0970567 -0.00638388 0.0587234 -0.317244 -0.424439 -0.591841 -0.794783 -0.531069 -0.564105 -0.447239 -0.0490078 1.46004 1.5869 1.69355 1.7783 1.85076 1.78246 1.71189 1.6639 1.34602 1.30702 1.31202 1.36103 0.891335 0.979273 1.11419 1.25052 0.807492 0.871659 0.896786 0.895371 1.34024
10.7324 19.4224 -7.14822 9.23463 19.767 -3.49088 7.89672 19.813 0.243585 6.69089 19.6272 4.01849 5.56495 19.2567 7.80444 3.89743 18.3968 13.4274 1.96201 17.1385 18.8871 -0.52001 15.367 23.9702 -3.73335 12.9459 28.3234 -6.60141 10.6739 30.7885 -9.76375 8.04238 32.3819 -13.0398 5.14547 32.9648 -16.2152 2.1189 32.4947 -19.9206 -1.81392 30.3763 -22.8035 -5.42339 26.8626 -24.7255 -8.49694 22.33 -25.6868 -10.8969 17.1338 -25.8163 -12.3527 12.4257 -25.3924 -13.2697 7.60051 -24.498 -13.6952 2.77124 -23.2023 -13.726 -1.98511 -21.445 -13.4817 -6.86838 -19.2861 -13.1474 -11.5824 -16.6851 -12.9237 -16.0744 -13.582 -12.9905 -20.241 -10.0435 -13.4578 -23.8105 -5.99823 -14.3682 -26.6891 -1.52982 -15.68 -28.6365 3.19445 -17.2655 -29.4408 7.29456 -18.7039 -29.1057 11.222 -20.0621 -27.793 14.7797 -21.2021 -25.5491 17.7805 -22.0196 -22.4964 20.7453 -22.5949 -17.4755 22.358 -22.6494 -11.8429 22.5502 -22.3047 -5.99704 21.3084 -21.6895 -0.304102 18.7243 -20.9173 4.82433 14.9436 -20.0402 9.12682 10.2254 -19.0671 12.3464 4.90195 -17.9643 14.3513 -0.346809 -16.7535 15.1472 -5.59634 -15.3129 15.0197 -10.6891 -13.5757 14.1862 -15.5463 -11.4633 12.9231 -20.4508 -8.6791 11.4532 -25.0033 -5.2226 10.3159 -29.0359 -1.02547 10.0183 -32.1865 3.77222 11.029 -33.4455 6.81194 12.4237 -34.0774 9.74129 14.3704 -34.0331 12.4032 16.7542 -33.3241 14.6858 19.4107 -30.9196 17.466 23.8934 -27.2979 19.2928 28.0349 -22.7619 20.4796 31.444 -17.5549 21.3068 33.8542 -12.9272 21.8257 34.9427 -8.16248 22.1821 35.1446 -3.43292 22.2939 34.4455 1.08279 22.0404 32.8918 5.51599 21.2187 30.3743 9.28084 19.7158 27.1753 12.1857 17.494 23.5295 14.0736 14.605 19.6881 14.8329 11.1334 15.8415 14.358 7.32951 12.2734 12.6314 3.46284 9.19222 9.71477 -0.159592 6.78461 6.26345 -2.91972 5.3251 2.2136 -5.07559 4.54341 -2.19411 -6.55915 4.36672 -6.76039 -7.42732 4.60261 -12.5353 -7.87608 5.05907 -18.342 -8.04592 4.94888 -23.9571 -8.35656 3.48882 -28.6802 -9.11161 0.190357 -31.4025 -10.3004 -4.34882 -31.9702 -11.843 -9.51863 -30.4724 -13.5782 -14.4355 -27.4098 -15.4102 -18.5213 -24.9147 -16.636 -20.5983 -22.1317 -17.8922 -22.2472 -19.1532 -19.164 -23.4937 -16.0416 -20.4196 -24.3788 -10.7073 -22.3389 -25.1638 -5.17686 -23.7946 -25.3873 0.506985 -24.4627 -25.3422 6.21301 -24.0232 -25.295 11.0653 -22.5125 -25.4171 15.4278 -19.9263 -25.7657 19.0195 -16.3672 -26.2892 21.6009 -12.0157 -26.7809 23.1793 -6.38728 -27.0272 23.3213 -0.553143 -26.6103 22.2358 5.04156 -25.2866 20.2322 10.0072 -22.9288 17.9294 13.7069 -19.9046 15.4352 16.5033 -16.1502 12.9817 18.3781 -11.8372 -0.303016 -0.28245 -0.266927 -0.25428 -0.335123 -0.280833 -0.265501 -0.263701 -0.322807 -0.329706 -0.349559 -0.381064 -0.43189 -0.476696 -0.536 -0.601162 -0.507152 -0.530277 -0.548239 -0.558966 -0.258283 -0.23585 -0.216175 -0.202367 0.237812 0.221085 0.187245 0.130832 0.404787 0.30919 0.233768 0.194218 0.309024 0.268541 0.286176 0.340089 -0.0137486 -0.0416411 -0.0650174 -0.0926894 -0.792679 -0.874487 -0.975516 -1.10957 -1.14063 -1.35856 -1.65883 -2.05261 -1.70432 -1.94705 -2.1862 -2.40301 -0.383271 -0.0637623 0.366387 0.852773 0.498771 0.49851 0.513899 0.565305 -0.102539 -0.124849 -0.0895558 0.00752371 -0.495297 -0.386862 -0.244449 -0.0796305 -0.470627 -0.376996 -0.296573 -0.236344 -0.599644 -0.651909 -0.726094 -0.807462 -0.409246 -0.304461 -0.0604503 0.427498 1.96623 2.09319 2.18241 2.23662 2.25342 2.09907 1.93533 1.79922 1.40731 1.30612 1.25171 1.24636 0.724214 0.760584 0.851422 0.955171 0.491402 0.542348 0.558251 0.550728 1.01898
11.4595 17.1256 -5.89058 9.95522 17.361 -2.22724 8.55284 17.3198 1.48356 7.2232 17.0734 5.21315 5.91524 16.6686 8.93657 3.87623 15.7978 14.434 1.48247 14.5507 19.7115 -1.49189 12.7833 24.5247 -5.1568 10.3353 28.4886 -8.27671 8.01701 30.5758 -11.5783 5.3238 31.7205 -14.8512 2.36634 31.8014 -17.8662 -0.696333 30.8043 -21.1293 -4.60025 28.0121 -23.362 -8.05331 23.9162 -24.5085 -10.8239 18.9469 -24.662 -12.7807 13.485 -24.148 -13.7703 8.68301 -23.1646 -14.1641 3.8684 -21.8244 -14.0377 -0.87401 -20.2084 -13.5152 -5.502 -18.2438 -12.7111 -10.2441 -15.9881 -11.8612 -14.8467 -13.3664 -11.1807 -19.2804 -10.2788 -10.8593 -23.4466 -6.75201 -11.0185 -27.0544 -2.68759 -11.6839 -29.9728 1.83886 -12.7979 -31.9093 6.63667 -14.2056 -32.6012 10.7695 -15.4819 -32.0695 14.6561 -16.6595 -30.4886 18.0751 -17.6131 -27.9602 20.848 -18.2696 -24.6629 23.3655 -18.6645 -19.3869 24.4029 -18.615 -13.6206 23.9573 -18.3041 -7.78664 22.0837 -17.9183 -2.24856 18.9312 -17.5956 2.60242 14.6704 -17.3776 6.52325 9.57782 -17.2169 9.28256 3.98722 -16.9871 10.7881 -1.42995 -16.5535 11.1274 -6.79206 -15.7645 10.6038 -11.966 -14.4934 9.47949 -16.8883 -12.6404 8.07035 -21.8493 -9.93479 6.64368 -26.442 -6.44977 5.79041 -30.4994 -2.27264 6.02533 -33.6829 2.28787 7.76671 -34.9937 5.02416 9.6547 -35.7164 7.5359 12.0917 -35.8122 9.69634 14.9366 -35.2948 11.4381 18.0137 -33.2913 13.363 23.1015 -30.1345 14.4997 27.829 -26.0721 15.254 31.8951 -21.2919 15.9593 35.0979 -16.9374 16.6279 36.9584 -12.3318 17.3516 38.0236 -7.60105 18.0166 38.2429 -2.88041 18.4479 37.6109 2.0335 18.4292 36.0236 6.54198 17.6882 33.6172 10.3965 16.0847 30.5778 13.3433 13.6002 27.1413 15.179 10.3023 23.5109 15.6946 6.47073 19.9784 14.8227 2.44606 16.743 12.6042 -1.38664 13.9476 9.63129 -4.32124 11.8957 5.91318 -6.59814 10.2673 1.69207 -8.10343 9.01176 -2.7929 -8.83926 8.00983 -8.48919 -8.82558 6.86487 -14.0597 -8.10632 5.378 -19.2933 -7.05612 3.08333 -23.8675 -6.0582 -0.357511 -27.1355 -5.50948 -4.65273 -29.0551 -5.58045 -9.72616 -29.401 -6.42196 -15.0742 -28.1798 -8.05088 -20.1026 -26.6837 -9.46252 -22.8974 -24.7208 -11.092 -25.2499 -22.3889 -12.8624 -27.1127 -19.7768 -14.6885 -28.4854 -15.0245 -17.6104 -29.7629 -9.87916 -20.0883 -30.1378 -4.41938 -21.797 -29.977 1.25759 -22.4203 -29.6057 6.29678 -21.8298 -29.2902 11.0545 -20.0537 -29.0645 15.2066 -17.1251 -28.9055 18.4648 -13.2284 -28.7038 20.8842 -7.92379 -28.2147 21.8391 -2.24855 -27.1607 21.4661 3.28461 -25.2962 20.035 8.21195 -22.4847 18.1241 11.8454 -19.1257 15.9082 14.5262 -15.1208 13.6306 16.2463 -10.6498 -0.322592 -0.302404 -0.28582 -0.270633 -0.346352 -0.283988 -0.259659 -0.249515 -0.303125 -0.307423 -0.326793 -0.360455 -0.416118 -0.46739 -0.532507 -0.601052 -0.506822 -0.52633 -0.537234 -0.537693 -0.223713 -0.18558 -0.14919 -0.118753 0.336657 0.332784 0.30884 0.260008 0.540547 0.452873 0.38876 0.362214 0.489314 0.461762 0.490192 0.550224 0.195972 0.160903 0.124421 0.0787797 -0.642761 -0.749212 -0.878465 -1.0432 -1.10536 -1.34854 -1.65745 -2.03361 -1.64905 -1.85617 -2.05682 -2.23602 -0.172593 0.190001 0.650294 1.15154 0.795516 0.780309 0.769812 0.787696 0.0814381 0.0205779 0.0231685 0.0967362 -0.419211 -0.315515 -0.175533 -0.0186922 -0.427146 -0.35841 -0.307152 -0.274141 -0.659498 -0.719161 -0.786031 -0.848192 -0.424931 -0.292058 -0.0201506 0.488538 2.03269 2.15584 2.23288 2.26675 2.24393 2.02608 1.79109 1.58649 1.13543 0.983819 0.882861 0.829128 0.250612 0.221194 0.248627 0.302843 -0.191205 -0.157187 -0.15119 -0.164357 0.321324
13.1152 15.5011 -4.4125 11.7037 15.541 -0.705139 10.3286 15.3074 3.00877 8.96441 14.8687 6.70808 7.56617 14.2685 10.3718 5.30645 13.094 15.7246 2.63369 11.5202 20.776 -0.618862 9.40198 25.2561 -4.4906 6.59375 28.7576 -7.67186 4.02428 30.4135 -10.9295 1.12105 31.0645 -14.0393 -1.97565 30.6133 -16.7744 -5.07892 29.0792 -19.5207 -8.85662 25.6338 -21.1376 -11.9692 21.0097 -21.6529 -14.2042 15.6783 -21.2399 -15.4713 10.0294 -20.3461 -15.7929 5.19207 -19.1027 -15.4765 0.432191 -17.6326 -14.6269 -4.19595 -16.0106 -13.3908 -8.6841 -14.15 -11.8602 -13.2873 -12.0726 -10.3178 -17.7928 -9.65543 -8.98123 -22.1933 -6.74913 -8.04172 -26.3963 -3.33643 -7.63952 -30.0938 0.697061 -7.78642 -33.1251 5.27283 -8.42867 -35.1571 10.169 -9.41439 -35.8888 14.3841 -10.3685 -35.3286 18.3099 -11.2676 -33.6638 21.6939 -11.9937 -31.0156 24.3444 -12.4852 -27.5913 26.5705 -12.7798 -22.1795 27.2226 -12.8046 -16.3568 26.3603 -12.7744 -10.5616 24.0944 -12.8967 -5.15964 20.6233 -13.298 -0.537465 16.1444 -13.9891 3.07313 10.9428 -14.8511 5.47606 5.32492 -15.6638 6.63938 -0.098466 -16.1397 6.73491 -5.50605 -16.1225 6.09723 -10.8019 -15.4389 5.0317 -15.9212 -13.979 3.88673 -21.1304 -11.5238 2.99146 -25.9366 -8.22814 2.9145 -30.1101 -4.33497 4.09382 -33.3049 -0.277611 6.79496 -34.6019 2.03145 9.19415 -35.3192 4.05624 12.05 -35.4382 5.71168 15.2147 -34.984 6.97255 18.5274 -33.1657 8.24213 23.8835 -30.2804 8.92974 28.8643 -26.5523 9.45157 33.2728 -22.142 10.1335 36.9728 -18.088 10.9316 39.3807 -13.7386 11.9112 41.1109 -9.17196 12.9446 42.0845 -4.47625 13.8352 42.2488 0.603843 14.3798 41.4989 5.4857 14.2236 39.8229 9.88647 13.1781 37.3316 13.4877 11.1924 34.2085 16.0251 8.33219 30.6299 17.2248 4.88488 26.8746 16.989 1.21489 23.1461 15.3454 -2.27322 19.6025 12.827 -4.89928 16.7005 9.50473 -6.86013 14.0971 5.62376 -8.0342 11.8124 1.43861 -8.41363 9.81215 -3.90487 -7.90755 7.5873 -9.11213 -6.62505 5.35151 -14.0179 -4.92492 2.74349 -18.4634 -3.17507 -0.563306 -21.9945 -1.83742 -4.45847 -24.6761 -1.08952 -9.11457 -26.2492 -1.1926 -14.3054 -26.5203 -2.29578 -19.61 -25.9821 -3.52876 -22.8088 -24.9083 -5.11087 -25.7046 -23.3523 -6.9552 -28.1985 -21.3822 -8.95611 -30.2374 -17.3974 -12.3263 -32.5864 -12.725 -15.3698 -33.8748 -7.52569 -17.7065 -34.3867 -1.9492 -18.9938 -34.39 3.12718 -19.0065 -34.1216 8.04917 -17.8204 -33.6646 12.4935 -15.4387 -33.0189 16.1542 -12.0249 -32.1316 19.1333 -7.19525 -30.7068 20.7055 -1.9362 -28.6815 20.97 3.21147 -25.9133 20.1613 7.77025 -22.3363 18.768 11.0825 -18.4345 16.9942 13.4588 -14.0364 15.0585 14.8923 -9.3104 -0.37175 -0.354004 -0.339001 -0.325053 -0.402265 -0.342629 -0.322497 -0.318237 -0.378261 -0.388755 -0.414545 -0.455029 -0.517976 -0.575033 -0.642302 -0.708712 -0.608677 -0.619842 -0.620012 -0.607872 -0.279552 -0.225739 -0.173122 -0.12612 0.346013 0.359196 0.353013 0.323536 0.622598 0.55104 0.50104 0.485822 0.622624 0.601821 0.631665 0.68684 0.321111 0.268505 0.209573 0.137979 -0.610933 -0.744949 -0.90128 -1.08981 -1.16872 -1.41456 -1.70508 -2.04088 -1.61076 -1.78126 -1.94611 -2.09223 0.00862086 0.407371 0.891971 1.40465 1.04779 1.02413 1.00018 1.00251 0.280897 0.207737 0.202827 0.272815 -0.245952 -0.149224 -0.0248633 0.106308 -0.333469 -0.296478 -0.275392 -0.267976 -0.675118 -0.748891 -0.821851 -0.883914 -0.457363 -0.318952 -0.0399173 0.476007 2.02468 2.15099 2.23091 2.26761 2.24744 2.02847 1.78034 1.55145 1.07359 0.898048 0.773632 0.694237 0.0825049 0.00537901 -0.0267495 -0.0335264 -0.575214 -0.572469 -0.585466 -0.609125 -0.079173
16.3638 16.8543 -3.49763 15.2471 16.3833 0.279873 14.1369 15.647 4.0167 13.0079 14.7123 7.70317 11.8197 13.6202 11.3272 9.84218 11.7152 16.5807 7.4488 9.41699 21.4926 4.50469 6.59749 25.7961 0.983727 3.15038 29.0912 -1.92034 0.183281 30.5836 -4.91119 -3.02293 31.073 -7.79511 -6.30676 30.4697 -10.3748 -9.47103 28.7973 -13.0576 -13.1429 25.1912 -14.7867 -15.9687 20.4257 -15.5804 -17.7804 14.9692 -15.5851 -18.5335 9.21442 -15.1291 -18.3788 4.30824 -14.3771 -17.5697 -0.496153 -13.43 -16.2235 -5.14301 -12.3433 -14.4904 -9.62836 -11.0428 -12.4302 -14.2173 -9.50512 -10.3371 -18.7171 -7.59142 -8.4102 -23.1464 -5.13327 -6.82482 -27.4404 -2.07979 -5.73625 -31.3096 1.69574 -5.14884 -34.608 6.13994 -5.03753 -36.9989 11.0467 -5.29683 -38.1548 15.3832 -5.68978 -37.9771 19.5186 -6.12622 -36.6734 23.1746 -6.5154 -34.3337 26.1318 -6.81058 -31.1462 28.7886 -7.0668 -25.9304 29.8723 -7.29293 -20.1768 29.4422 -7.67286 -14.3458 27.6165 -8.37314 -8.82254 24.5858 -9.45939 -4.00496 20.5292 -10.8851 -0.120984 15.6881 -12.466 2.64282 10.3199 -13.9278 4.26167 5.00105 -14.9211 4.87124 -0.428803 -15.3253 4.825 -5.84803 -14.9832 4.42028 -11.1509 -13.8226 3.99475 -16.5785 -11.7009 3.91531 -21.5909 -8.82426 4.66799 -25.943 -5.48774 6.64091 -29.2832 -2.13089 10.038 -30.65 -0.302217 12.7871 -31.4205 1.22924 15.9226 -31.5741 2.40301 19.2943 -31.1349 3.21568 22.7464 -29.3003 3.86566 28.2069 -26.3605 4.0936 33.1981 -22.5587 4.32308 37.5684 -18.0802 4.88074 41.2068 -13.9931 5.70252 43.55 -9.64344 6.81721 45.1955 -5.11481 8.09203 46.0535 -0.493752 9.32317 46.0589 4.47395 10.3355 45.0774 9.22836 10.7354 43.1021 13.5114 10.3119 40.2486 17.0333 8.98463 36.7131 19.5562 6.79221 32.6814 20.8218 3.97131 28.4545 20.7252 0.845552 24.2538 19.2645 -2.21383 20.2623 16.9093 -4.57133 17.0134 13.7209 -6.37292 14.1414 9.92323 -7.48821 11.6931 5.76178 -7.89172 9.6487 0.364531 -7.49996 7.53325 -4.98241 -6.37117 5.55964 -10.1098 -4.80591 3.31942 -14.8568 -3.11121 0.42931 -18.7359 -1.70151 -3.09145 -21.8181 -0.727204 -7.44815 -23.8237 -0.436611 -12.4803 -24.5284 -0.998049 -17.8299 -24.248 -1.83159 -21.1868 -23.4037 -2.99471 -24.3453 -22.038 -4.42092 -27.1989 -20.2118 -6.02137 -29.6779 -16.3585 -8.79562 -32.8732 -11.7104 -11.3263 -35.0516 -6.47766 -13.2147 -36.396 -0.866358 -14.1031 -37.0877 4.2061 -13.8099 -37.2493 9.08077 -12.3875 -37.0125 13.4488 -9.86996 -36.3613 17.0383 -6.44504 -35.2537 19.9927 -1.76613 -33.3536 21.6503 3.17359 -30.6921 22.1334 7.85197 -27.2121 21.6714 11.8149 -22.9327 20.6784 14.5024 -18.4687 19.352 16.2031 -13.6225 17.8734 16.9399 -8.58197 -0.375245 -0.368935 -0.364702 -0.361602 -0.4532 -0.413659 -0.416922 -0.438426 -0.521204 -0.549346 -0.58953 -0.639972 -0.707718 -0.761278 -0.816867 -0.865856 -0.747108 -0.740612 -0.724008 -0.69667 -0.354512 -0.287988 -0.223157 -0.162949 0.324976 0.358051 0.377025 0.379033 0.710503 0.66731 0.64015 0.639523 0.782687 0.757136 0.772025 0.804293 0.41033 0.327019 0.23768 0.13873 -0.63144 -0.779463 -0.941729 -1.12686 -1.1921 -1.41269 -1.66751 -1.96121 -1.49593 -1.64148 -1.78396 -1.91056 0.211862 0.632302 1.13386 1.65804 1.30575 1.28034 1.24842 1.23642 0.493531 0.391979 0.352623 0.382339 -0.181811 -0.132669 -0.0531056 0.0403623 -0.426716 -0.408601 -0.400978 -0.403073 -0.817805 -0.897065 -0.973491 -1.0383 -0.613088 -0.474641 -0.193875 0.3263 1.88129 2.01533 2.10641 2.15866 2.16642 1.99179 1.78876 1.59518 1.13977 0.978185 0.862783 0.787489 0.173701 0.0839521 0.0254299 -0.0188239 -0.599246 -0.629961 -0.670398 -0.715664 -0.197379
21.9485 19.0513 -3.85401 21.1043 18.0092 -0.120398 20.2005 16.7297 3.52437 19.2224 15.2738 7.08277 18.1469 13.6789 10.5524 16.3048 11.0591 15.5405 14.0743 8.11049 20.1739 11.3626 4.74426 24.23 8.13267 0.898618 27.3789 5.43218 -2.25017 28.8813 2.56986 -5.54794 29.511 -0.330139 -8.8563 29.1804 -3.1286 -12.0118 27.8857 -6.45214 -15.678 24.853 -9.1981 -18.5539 20.6252 -11.2898 -20.4937 15.5708 -12.7373 -21.4486 10.032 -13.5072 -21.5054 5.16303 -13.8987 -20.9226 0.283505 -13.9505 -19.7916 -4.5145 -13.6825 -18.2351 -9.18444 -13.0438 -16.2904 -13.9598 -11.9862 -14.2115 -18.6025 -10.4189 -12.1706 -23.1161 -8.23125 -10.3188 -27.4495 -5.41634 -8.80861 -31.358 -1.8774 -7.63561 -34.7609 2.35024 -6.79145 -37.3866 7.11978 -6.21316 -38.9348 11.4559 -5.85308 -39.181 15.7129 -5.56781 -38.2929 19.6219 -5.32882 -36.3811 22.985 -5.135 -33.6164 26.4387 -4.98534 -28.8857 28.5613 -5.0732 -23.4252 29.3219 -5.51932 -17.6328 28.7328 -6.40364 -11.8707 26.8668 -7.69609 -6.53952 23.8199 -9.27064 -1.86924 19.7533 -10.8844 1.92978 14.8866 -12.2334 4.77049 9.81623 -12.9882 6.60637 4.49536 -13.0539 7.76083 -0.859456 -12.334 8.43644 -6.07531 -10.8405 8.89797 -11.3802 -8.50531 9.50735 -16.3154 -5.63408 10.6763 -20.7547 -2.54401 12.8464 -24.4305 0.343294 16.3274 -26.1165 1.78961 19.1266 -27.2641 2.8831 22.3293 -27.8112 3.5806 25.7912 -27.7395 3.89814 29.3498 -26.3716 3.74931 34.9812 -23.655 3.24734 40.0776 -19.8163 2.8586 44.4042 -15.0942 2.93369 47.766 -10.7356 3.46349 49.6612 -6.14586 4.37163 50.6507 -1.50072 5.50828 50.6736 3.04419 6.65551 49.7263 7.68199 7.63504 47.6775 11.8791 8.07606 44.7016 15.4671 7.78771 40.999 18.2791 6.69734 36.8074 20.1853 4.83052 32.301 21.0117 2.37473 27.75 20.6624 -0.407138 23.3267 19.0873 -3.19921 19.1856 16.6836 -5.41088 15.8703 13.4498 -7.16 13.0168 9.58401 -8.31035 10.6945 5.32626 -8.82728 8.88777 -0.228428 -8.67518 7.19041 -5.77936 -7.87235 5.67334 -11.1523 -6.68174 3.80975 -16.1275 -5.35443 1.11827 -20.0941 -4.21735 -2.40354 -23.0357 -3.37756 -6.88363 -24.6324 -3.00608 -12.0549 -24.7186 -3.20615 -17.4755 -23.9943 -3.6479 -20.8403 -22.7065 -4.30345 -23.9952 -20.9238 -5.12652 -26.8565 -18.7232 -6.05398 -29.3743 -14.3618 -7.62986 -32.7283 -9.35677 -8.92384 -35.1838 -3.9372 -9.58821 -36.8988 1.66875 -9.31922 -38.0192 6.57748 -8.12622 -38.5873 11.1917 -6.0018 -38.78 15.3123 -3.02959 -38.612 18.779 0.613638 -37.8701 21.8135 5.29137 -36.0975 23.7856 9.97992 -33.2063 24.7725 14.1532 -29.2263 24.946 17.3752 -24.3458 24.5871 19.2476 -19.3958 23.8929 20.075 -14.2026 22.9874 19.9496 -8.97754 -0.532121 -0.539888 -0.548372 -0.557278 -0.663432 -0.641385 -0.661739 -0.698355 -0.790681 -0.822786 -0.862092 -0.905926 -0.959317 -0.990505 -1.02021 -1.043 -0.90197 -0.877954 -0.847567 -0.810535 -0.46243 -0.39311 -0.326945 -0.264326 0.229886 0.275546 0.315172 0.347581 0.713888 0.703823 0.709288 0.73372 0.891541 0.863156 0.859029 0.862338 0.436058 0.32261 0.209169 0.0944903 -0.682066 -0.828282 -0.981493 -1.15151 -1.19703 -1.39432 -1.6233 -1.88949 -1.40138 -1.52963 -1.65607 -1.76832 0.370461 0.80802 1.32681 1.86967 1.53466 1.52227 1.49798 1.48575 0.732662 0.609057 0.536661 0.524235 -0.0880327 -0.087862 -0.0520244 0.00715143 -0.482567 -0.478652 -0.480412 -0.48936 -0.910844 -0.997414 -1.0805 -1.15111 -0.729173 -0.591878 -0.310264 0.213627 1.77521 1.91749 2.02053 2.08936 2.12746 2.00348 1.86051 1.72721 1.32286 1.20036 1.11423 1.06081 0.46194 0.37465 0.299486 0.221064 -0.40018 -0.469262 -0.543096 -0.615519 0.0406205
25.5825 15.1301 -4.27995 24.821 14.2285 -0.492403 23.7998 13.0795 3.16485 22.5217 11.7338 6.67113 20.9932 10.2256 10.007 18.2655 7.69957 14.6239 15.0486 4.82856 18.6917 11.3999 1.56378 22.0333 7.40642 -2.11965 24.4042 4.29652 -5.09938 25.3606 1.16211 -8.19999 25.5234 -1.89547 -11.3057 24.8376 -4.77386 -14.2786 23.3074 -8.14391 -17.767 20.1201 -10.9255 -20.5404 15.8474 -13.0628 -22.4329 10.7941 -14.559 -23.3635 5.26414 -15.3574 -23.3931 0.399564 -15.7543 -22.7611 -4.47338 -15.7823 -21.5456 -9.25089 -15.4616 -19.858 -13.8717 -14.7425 -17.7131 -18.5489 -13.5911 -15.3588 -23.0351 -11.9303 -12.9576 -27.3328 -9.66185 -10.6567 -31.4015 -6.79086 -8.63185 -35.026 -3.22488 -6.88893 -38.1447 0.996657 -5.45946 -40.5143 5.72879 -4.33752 -41.8663 10.0203 -3.59541 -42.0209 14.2547 -3.04433 -41.1497 18.1836 -2.64225 -39.3075 21.6003 -2.37269 -36.6157 25.138 -2.24086 -31.947 27.3011 -2.47396 -26.5067 28.0332 -3.18861 -20.7376 27.3645 -4.44759 -15.0545 25.4175 -6.17277 -9.87696 22.3354 -8.1794 -5.39936 18.2984 -10.1579 -1.74393 13.5082 -11.746 1.10321 8.52725 -12.5699 3.14267 3.30955 -12.5369 4.69924 -1.90406 -11.5699 5.93677 -6.912 -9.74617 7.0517 -11.9222 -7.07782 8.37211 -16.5555 -4.02993 10.1635 -20.8186 -1.0346 12.775 -24.6124 1.4248 16.4524 -26.5872 2.45021 19.2486 -28.208 3.03134 22.38 -29.4035 3.15959 25.7451 -30.1234 2.88663 29.2347 -30.2292 1.80253 34.9285 -29.0003 0.475943 40.4362 -26.4682 -0.56473 45.5461 -22.7409 -0.92558 49.9713 -18.9292 -0.585201 52.8391 -14.6477 0.26784 54.7912 -10.1031 1.44678 55.7005 -5.48971 2.69443 55.5286 -0.632497 3.81439 54.1798 3.89176 4.41509 51.7639 7.88077 4.31449 48.4862 11.1507 3.4665 44.5805 13.5818 1.93462 40.2022 15.0101 -0.0688164 35.5792 15.3549 -2.26874 30.8393 14.5628 -4.35704 26.1025 12.9043 -5.86468 22.0237 10.4176 -6.87302 18.2211 7.25244 -7.289 14.8345 3.61341 -7.11757 11.9383 -1.29917 -6.21027 8.97149 -6.32013 -4.7833 6.41951 -11.2444 -3.09016 3.84192 -15.8783 -1.35794 0.794779 -19.707 0.0931364 -2.76406 -22.7789 1.19592 -7.09733 -24.8179 1.77027 -12.0915 -25.6199 1.6851 -17.4562 -25.4451 1.2551 -20.8952 -24.7401 0.555803 -24.2202 -23.5395 -0.369721 -27.3417 -21.8911 -1.45849 -30.1947 -18.3233 -3.42276 -34.2155 -13.9115 -5.24523 -37.3729 -8.85531 -6.56289 -39.7081 -3.367 -7.05312 -41.2549 1.64699 -6.59721 -41.9576 6.54426 -5.23475 -42.0045 11.0783 -3.02068 -41.3862 15.0608 -0.143873 -40.0804 18.8378 3.62094 -37.6737 21.7478 7.41341 -34.3002 23.8651 10.8159 -30.0374 25.2894 13.4945 -25.0346 26.0542 15.1086 -20.0399 26.3521 15.8833 -14.8009 26.1956 15.854 -9.49886 -0.44269 -0.452339 -0.460389 -0.466874 -0.567351 -0.533831 -0.537455 -0.552513 -0.6233 -0.637318 -0.660341 -0.691204 -0.733762 -0.757691 -0.784114 -0.806125 -0.665554 -0.642325 -0.61268 -0.575916 -0.227034 -0.155099 -0.0837889 -0.0129847 0.492518 0.552307 0.608528 0.660445 1.0452 1.04918 1.06078 1.08394 1.23302 1.18793 1.16237 1.14088 0.687763 0.546715 0.405965 0.265101 -0.535351 -0.702946 -0.875102 -1.06039 -1.11652 -1.31631 -1.53541 -1.77835 -1.26262 -1.36734 -1.47018 -1.56063 0.601994 1.0566 1.57813 2.11015 1.75635 1.72332 1.67798 1.6469 0.878041 0.742265 0.660321 0.638129 0.0122121 -0.00887011 -0.00418054 0.0139698 -0.521595 -0.563856 -0.611728 -0.663933 -1.12826 -1.25235 -1.36273 -1.45101 -1.04095 -0.911862 -0.636264 -0.117148 1.44082 1.58079 1.68218 1.75013 1.78759 1.66165 1.51008 1.35816 0.927564 0.776458 0.659801 0.570461 -0.0738345 -0.22045 -0.36135 -0.50252 -1.17348 -1.27781 -1.37522 -1.46143 -0.90069
27.4392 13.8458 -4.72091 27.2088 13.2922 -0.799326 26.5641 12.466 3.02692 25.4959 11.4104 6.69885 24.0167 10.1581 10.1604 21.1067 7.96049 14.8337 17.5005 5.37822 18.7662 13.3648 2.40025 21.7937 8.88158 -0.959409 23.7303 5.44543 -3.6585 24.3408 2.03018 -6.44669 24.1766 -1.26287 -9.21944 23.2109 -4.3381 -11.8554 21.4617 -7.91972 -14.9203 18.076 -10.8645 -17.3059 13.6803 -13.109 -18.8413 8.55294 -14.6407 -19.4274 2.98559 -15.4034 -19.1608 -1.87749 -15.7025 -18.2258 -6.70854 -15.577 -16.7049 -11.3961 -15.0612 -14.719 -15.8786 -14.112 -12.2813 -20.3676 -12.7308 -9.67024 -24.6418 -10.8653 -7.06159 -28.7294 -8.43944 -4.61477 -32.6182 -5.474 -2.51911 -36.1245 -1.87111 -0.787512 -39.2068 2.34572 0.535134 -41.6458 7.0638 1.44294 -43.1935 11.3742 1.91056 -43.6336 15.7009 2.10458 -43.1494 19.8201 2.04186 -41.7281 23.5165 1.72737 -39.4412 27.5249 0.899095 -35.2488 30.1901 -0.449683 -30.2083 31.387 -2.35191 -24.7974 31.1024 -4.76203 -19.4645 29.4398 -7.48132 -14.6256 26.5515 -10.2593 -10.4404 22.636 -12.7559 -6.97495 17.9254 -14.6294 -4.16873 13.0139 -15.5681 -2.01374 7.87975 -15.5797 -0.200169 2.75686 -14.6722 1.40631 -2.18485 -12.9912 2.95623 -7.191 -10.609 4.75335 -11.9106 -7.99509 6.95773 -16.3486 -5.55591 9.8422 -20.4024 -3.70209 13.5966 -22.5845 -3.01561 16.342 -24.4579 -2.71499 19.3702 -25.958 -2.78506 22.6129 -27.0378 -3.16093 25.9986 -27.84 -4.20467 31.6441 -27.4301 -5.24648 37.332 -25.8028 -5.77656 42.8706 -23.0049 -5.4293 47.9358 -19.9188 -4.39185 51.4386 -16.2708 -2.77972 54.0772 -12.2201 -0.816171 55.6916 -7.92343 1.21524 56.222 -3.17992 3.16269 55.6115 1.48429 4.56131 53.8925 5.86544 5.21637 51.2387 9.75508 5.06143 47.8456 12.9972 4.14184 43.837 15.3503 2.63513 39.4077 16.6501 0.803469 34.6768 16.7502 -1.03963 29.7759 15.7537 -2.40936 25.4411 13.754 -3.32343 21.3392 10.8863 -3.65503 17.6887 7.38228 -3.38718 14.6375 2.48584 -2.34048 11.69 -2.61132 -0.768141 9.38663 -7.68636 1.05544 7.22391 -12.5768 2.88636 4.67632 -16.7797 4.38769 1.59227 -20.3845 5.49173 -2.30851 -23.1343 6.0183 -6.95513 -24.8303 5.84273 -12.1052 -25.316 5.33439 -15.5033 -25.3246 4.53629 -18.8805 -24.8686 3.48354 -22.1555 -23.9687 2.22851 -25.2631 -21.5752 -0.119364 -29.9014 -18.1594 -2.49431 -33.8315 -13.8382 -4.53565 -36.9804 -8.76986 -5.88411 -39.2711 -3.85013 -6.24175 -40.5 1.18589 -5.67524 -40.8989 6.02666 -4.19317 -40.4384 10.4038 -1.95147 -39.151 14.6781 1.24401 -36.7529 18.1453 4.66233 -33.5086 20.9476 7.90698 -29.5272 23.2405 10.6542 -24.8983 24.9478 12.5098 -20.2315 26.2784 13.6596 -15.2271 27.1475 14.0867 -10.0118 -0.117676 -0.127168 -0.133109 -0.135798 -0.229431 -0.184548 -0.17287 -0.168056 -0.217578 -0.211508 -0.213609 -0.224226 -0.245151 -0.247983 -0.25717 -0.265313 -0.114187 -0.0825641 -0.0454668 -0.00206214 0.352753 0.429719 0.50487 0.578236 1.08481 1.14372 1.19626 1.23988 1.61077 1.59535 1.57878 1.56525 1.66285 1.55213 1.45889 1.37291 0.863123 0.675702 0.49908 0.331633 -0.487406 -0.667568 -0.847246 -1.03481 -1.08777 -1.27834 -1.48303 -1.70895 -1.17955 -1.27546 -1.37169 -1.45869 0.702264 1.1404 1.62723 2.10721 1.69448 1.60392 1.50196 1.4196 0.606137 0.434342 0.32552 0.283686 -0.356332 -0.387252 -0.38955 -0.377235 -0.918461 -0.966215 -1.01951 -1.0765 -1.54523 -1.67209 -1.78304 -1.87087 -1.46011 -1.33135 -1.05789 -0.542416 1.0121 1.15023 1.25132 1.3209 1.36301 1.24381 1.09252 0.929323 0.478733 0.306994 0.171002 0.0642487 -0.5973 -0.762793 -0.922727 -1.08217 -1.76892 -1.88587 -1.99277 -2.08504 -1.85189
27.5818 15.2066 -6.75546 27.2271 15.0635 -2.80677 26.4452 14.6908 1.06469 25.2323 14.1132 4.7975 23.6025 13.347 8.33237 20.453 11.8654 13.1306 16.5745 9.96683 17.1914 12.1211 7.63834 20.3352 7.27076 4.90533 22.3703 3.531 2.66544 23.0501 -0.209296 0.327188 22.9626 -3.84549 -2.01598 22.0951 -7.28009 -4.26344 20.4772 -11.3576 -6.92454 17.3186 -14.8184 -9.09058 13.1935 -17.5816 -10.6394 8.33023 -19.5978 -11.4843 2.95374 -20.7002 -11.6031 -1.84971 -21.2311 -11.1573 -6.73048 -21.192 -10.1675 -11.5597 -20.5934 -8.6964 -16.2266 -19.3724 -6.74027 -20.8824 -17.5538 -4.53172 -25.2194 -15.1323 -2.25876 -29.2148 -12.0949 -0.116146 -32.8449 -8.55307 1.66481 -35.9696 -4.46386 3.00998 -38.6056 0.0880233 3.82946 -40.6277 4.96559 4.09574 -41.8998 9.30101 3.90632 -42.3004 13.6167 3.37895 -42.0016 17.778 2.57807 -40.9849 21.6535 1.56876 -39.2662 26.2051 -0.0189759 -35.9357 29.7549 -1.77768 -31.6188 32.0759 -3.62236 -26.5651 32.9928 -5.45743 -21.0768 32.4266 -7.13493 -15.5596 30.4248 -8.51773 -10.3008 27.1569 -9.45207 -5.60806 22.907 -9.83906 -1.68861 18.3118 -9.69871 1.2292 13.3766 -9.14124 3.4612 8.27103 -8.29544 5.15432 3.09137 -7.3168 6.51901 -2.47845 -6.29772 7.89919 -8.01028 -5.49307 9.54773 -13.3624 -5.07256 11.8158 -18.2594 -5.17368 14.9742 -20.8527 -5.5214 17.408 -23.0322 -6.08004 20.1844 -24.7265 -6.81157 23.2445 -25.8971 -7.65385 26.5141 -26.6685 -9.08948 32.0774 -26.1499 -10.2279 37.7378 -24.4713 -10.7108 43.2655 -21.7583 -10.272 48.3696 -18.8393 -9.14278 51.9854 -15.4041 -7.40349 54.8215 -11.5642 -5.25096 56.6901 -7.44202 -2.95963 57.4821 -2.82826 -0.670321 57.1103 1.77016 1.0887 55.5526 6.141 2.07003 52.9838 10.0639 2.16746 49.6271 13.3797 1.41597 45.6438 15.862 0.00708526 41.253 17.3846 -1.75736 36.5632 17.8504 -3.51499 31.6521 17.3285 -4.75176 27.1958 15.9391 -5.44485 22.8084 13.7785 -5.44285 18.6863 11.018 -4.7234 15.0091 7.01592 -2.97739 11.1759 2.68839 -0.656386 8.07041 -1.81404 1.83611 5.37327 -6.42281 4.13492 2.68372 -10.7278 5.82473 -0.152153 -14.8538 6.87278 -3.51484 -18.5249 7.15492 -7.499 -21.4148 6.64681 -12.0619 -22.7001 5.94495 -15.2079 -23.4784 4.99431 -18.4533 -23.715 3.8519 -21.7215 -23.3997 2.58276 -24.9358 -21.7121 0.377616 -29.9402 -18.7135 -1.68106 -34.3589 -14.6086 -3.30784 -38 -9.65275 -4.24616 -40.7043 -4.79676 -4.33454 -42.2055 0.207182 -3.65152 -42.7851 5.07404 -2.22764 -42.4271 9.56319 -0.194103 -41.1804 14.076 2.64604 -38.7721 17.8497 5.68235 -35.49 20.9515 8.6011 -31.4784 23.4702 11.1464 -26.8514 25.2849 12.9723 -22.2135 26.6265 14.261 -17.2459 27.4233 14.9949 -12.0533 -0.287038 -0.27832 -0.26528 -0.248906 -0.31935 -0.247858 -0.210363 -0.179614 -0.205637 -0.178984 -0.160438 -0.151036 -0.150929 -0.134643 -0.131628 -0.135877 0.0110423 0.0324189 0.0540197 0.0779956 0.41029 0.462884 0.5132 0.561229 1.04158 1.07235 1.0933 1.09924 1.42668 1.36244 1.28932 1.21519 1.24254 1.05999 0.91117 0.789046 0.261352 0.0692247 -0.105392 -0.269573 -1.08709 -1.26815 -1.45065 -1.642 -1.6981 -1.88886 -2.09031 -2.30997 -1.77379 -1.86463 -1.95624 -2.03979 0.122546 0.556305 1.03451 1.50542 1.08632 0.992232 0.888771 0.8072 -0.00145514 -0.161508 -0.24977 -0.261424 -0.86176 -0.844904 -0.794221 -0.726698 -1.21574 -1.21418 -1.21695 -1.22112 -1.62707 -1.68223 -1.72228 -1.74034 -1.26389 -1.0704 -0.728896 -0.142472 1.47044 1.65386 1.80039 1.91634 2.02381 1.99563 1.94513 1.8866 1.53004 1.43568 1.36423 1.3098 0.693711 0.567076 0.439303 0.308855 -0.351196 -0.443042 -0.52518 -0.593449 -0.171627
24.8251 15.2314 -9.33682 24.7054 15.0491 -5.37564 24.1558 14.636 -1.46849 23.168 14.0143 2.32311 21.755 13.1957 5.9386 18.9172 11.6083 10.8949 15.3498 9.54601 15.1561 11.2168 6.97416 18.5387 6.69568 3.90957 20.8419 3.19654 1.37346 21.7302 -0.321055 -1.28686 21.8493 -3.77051 -3.95387 21.176 -7.0724 -6.49774 19.7299 -11.0764 -9.46034 16.7506 -14.5834 -11.7724 12.7456 -17.4872 -13.2822 7.9525 -19.6882 -13.9126 2.61922 -20.9327 -13.7499 -2.14808 -21.5542 -12.9776 -6.97712 -21.5267 -11.6636 -11.7285 -20.85 -9.90568 -16.2842 -19.4603 -7.70124 -20.779 -17.4205 -5.2845 -24.9011 -14.7769 -2.80368 -28.6229 -11.57 -0.399574 -31.9289 -7.94796 1.73821 -34.7202 -3.86456 3.57412 -37.0516 0.624564 5.01977 -38.851 5.43249 6.01303 -40.0246 9.74374 6.48379 -40.4534 14.0967 6.60253 -40.2791 18.3715 6.39896 -39.4566 22.4374 5.92128 -37.9624 27.3436 4.94944 -34.9104 31.2977 3.75036 -30.7563 33.9901 2.4755 -25.711 35.1754 1.25432 -20.1044 34.7441 0.195639 -14.424 32.7642 -0.651939 -9.04482 29.4502 -1.25638 -4.33033 25.1285 -1.60827 -0.486754 20.4619 -1.71284 2.31707 15.4549 -1.60356 4.45414 10.2827 -1.29265 6.12763 5.05858 -0.807818 7.58464 -0.505167 -0.160196 9.19462 -5.94939 0.496252 11.1685 -11.141 0.979592 13.7723 -15.8739 1.07579 17.1718 -18.423 0.855245 19.6665 -20.6346 0.396046 22.4357 -22.4583 -0.295913 25.43 -23.8613 -1.18604 28.5938 -25.2066 -2.92742 33.957 -25.3931 -4.70118 39.4729 -24.4054 -6.15688 44.9966 -22.2167 -6.98845 50.2997 -19.5139 -7.06111 54.2443 -16.0714 -6.5804 57.5288 -12.0272 -5.65368 59.9068 -7.57788 -4.47022 61.2002 -2.58431 -3.15817 61.2941 2.31323 -2.06185 60.0782 6.84404 -1.3525 57.7045 10.7925 -1.08789 54.3869 14.0498 -1.22005 50.2883 16.463 -1.61398 45.6572 17.982 -2.08396 40.6674 18.583 -2.44213 35.4773 18.3467 -2.53735 30.8302 17.406 -2.36166 26.2755 15.8067 -1.90717 21.9285 13.6161 -1.21783 17.8805 10.1681 -0.149023 13.3276 6.08944 0.950309 9.33823 1.54497 1.87492 5.83789 -3.29459 2.44751 2.67398 -7.9088 2.54165 -0.177509 -12.4264 2.13473 -3.15353 -16.6027 1.18976 -6.48463 -20.1222 -0.275767 -10.3441 -21.8454 -1.44192 -13.1213 -23.0602 -2.73615 -16.1031 -23.702 -4.09703 -19.2301 -23.7394 -5.45418 -22.4237 -22.5024 -7.51045 -27.6194 -19.83 -9.06886 -32.4344 -15.9996 -9.88812 -36.6071 -11.3378 -9.78957 -39.9256 -6.79424 -8.85188 -42.0038 -2.15102 -7.13221 -43.1549 2.3336 -4.74465 -43.3277 6.4609 -1.88329 -42.5403 10.6337 1.70122 -40.5476 14.1892 5.25781 -37.5573 17.2086 8.49944 -33.7353 19.775 11.2104 -29.2302 21.7313 13.0898 -24.6719 23.2908 14.3727 -19.7669 24.3609 15.0694 -14.6184 -0.338905 -0.334622 -0.325906 -0.313929 -0.39035 -0.327757 -0.302051 -0.286615 -0.32878 -0.317166 -0.313666 -0.317703 -0.329717 -0.321315 -0.319338 -0.318246 -0.161955 -0.129812 -0.0970966 -0.0632344 0.276894 0.335085 0.389744 0.442924 0.931354 0.974693 1.01377 1.04527 1.40226 1.36736 1.32216 1.27097 1.31757 1.15096 1.01768 0.913421 0.404164 0.227491 0.0627395 -0.0979615 -0.917779 -1.10584 -1.29965 -1.50593 -1.57983 -1.78973 -2.00893 -2.24379 -1.71791 -1.81598 -1.91405 -2.00302 0.154725 0.588562 1.07673 1.57087 1.18648 1.13446 1.08013 1.04902 0.286342 0.159382 0.0842514 0.0634932 -0.568013 -0.600851 -0.610308 -0.603505 -1.14292 -1.17941 -1.21049 -1.23448 -1.65497 -1.72195 -1.77415 -1.80925 -1.35576 -1.18942 -0.878356 -0.323892 1.26277 1.42751 1.55801 1.66199 1.76216 1.7427 1.7222 1.71221 1.41252 1.3732 1.35221 1.33948 0.756864 0.65495 0.541447 0.416419 -0.244377 -0.340201 -0.427963 -0.502432 -0.0340826
24.941 14.7537 -6.68266 24.1238 14.7343 -2.80059 22.9642 14.4444 0.98225 21.4759 13.876 4.61548 19.6777 13.0294 8.04888 16.4611 11.264 12.7045 12.6828 8.94201 16.6378 8.43077 6.1334 19.6659 3.82033 2.94482 21.5932 0.25353 0.419303 22.197 -3.33278 -2.14555 22.0394 -6.8404 -4.65544 21.111 -10.1735 -7.01785 19.4453 -14.1585 -9.77223 16.2487 -17.5675 -12.0059 12.1165 -20.3129 -13.6401 7.27117 -22.3339 -14.6336 1.92197 -23.4441 -14.963 -2.86985 -23.9739 -14.8236 -7.76909 -23.914 -14.2366 -12.6634 -23.2721 -13.2396 -17.4485 -21.9926 -11.8013 -22.2742 -20.1356 -10.0359 -26.7941 -17.7454 -8.01683 -30.9419 -14.8605 -5.81453 -34.6597 -11.6127 -3.56312 -37.8002 -7.95208 -1.26136 -40.4045 -3.91289 1.02888 -42.3843 0.447497 3.24036 -43.6399 4.39939 5.02825 -44.0622 8.43574 6.65321 -43.818 12.4488 8.06736 -42.8757 16.3143 9.22707 -41.231 21.0527 10.3269 -37.9649 24.9633 10.8393 -33.6319 27.7436 10.7314 -28.4756 29.149 10.0136 -22.8329 29.0513 8.76922 -17.1747 27.4894 7.11774 -11.8448 24.6362 5.22762 -7.16926 20.7741 3.27693 -3.31534 16.5043 1.52471 -0.426064 11.8379 -0.0612816 1.88877 6.94268 -1.43425 3.83844 1.94144 -2.58089 5.66109 -3.41491 -3.57085 7.73384 -8.63909 -4.35213 10.1964 -13.5577 -4.97363 13.2603 -17.9517 -5.48553 17.0547 -20.2703 -5.7641 19.7597 -22.2424 -6.02201 22.7287 -23.822 -6.25976 25.9254 -24.9744 -6.47286 29.3013 -25.8831 -6.74964 35.0201 -25.5639 -6.88483 40.8068 -24.0052 -6.82069 46.39 -21.2346 -6.509 51.4726 -18.098 -6.04467 55.0525 -14.2995 -5.40136 57.8858 -9.99716 -4.60559 59.8163 -5.3932 -3.70016 60.7402 -0.33828 -2.65864 60.5688 4.53728 -1.61249 59.2268 8.99718 -0.614899 56.8225 12.8476 0.295099 53.504 15.9704 1.10254 49.3781 18.1757 1.77949 44.6766 19.366 2.3201 39.6054 19.4865 2.72449 34.3854 18.6984 2.97381 29.8053 17.1196 3.12168 25.4296 14.8479 3.17042 21.3679 12.0134 3.11971 17.6768 7.89022 2.9097 13.5884 3.3759 2.52253 9.951 -1.30721 1.93912 6.56162 -5.96705 1.14576 3.18281 -10.1278 0.219314 -0.172916 -13.9353 -0.857627 -3.88427 -17.1945 -2.02505 -8.06105 -19.6916 -3.1912 -12.7339 -20.7825 -3.8796 -15.9554 -21.4297 -4.4887 -19.3099 -21.603 -4.98963 -22.7393 -21.2887 -5.35844 -26.1755 -19.721 -5.63586 -31.6728 -16.9365 -5.46465 -36.67 -13.0959 -4.8303 -40.8654 -8.42355 -3.74432 -43.987 -3.81104 -2.43237 -45.6739 0.985397 -0.845076 -46.2367 5.70817 0.945577 -45.6614 10.1257 2.85487 -44.0236 14.6148 5.09154 -41.0107 18.3404 7.26395 -37.0569 21.269 9.28808 -32.4137 23.4195 11.0964 -27.2817 24.7203 12.4942 -22.3328 25.4113 13.6089 -17.193 25.4876 14.382 -11.9458 -1.50019 -1.48584 -1.47103 -1.45751 -1.53806 -1.48648 -1.47476 -1.47264 -1.52384 -1.51752 -1.5176 -1.5249 -1.54176 -1.54223 -1.55441 -1.57349 -1.44102 -1.43435 -1.42921 -1.42327 -1.11002 -1.0752 -1.03738 -0.992464 -0.50192 -0.444763 -0.378553 -0.301824 0.117818 0.15905 0.205094 0.252417 0.411993 0.358263 0.311734 0.266865 -0.2056 -0.359872 -0.508003 -0.650476 -1.44548 -1.5993 -1.74661 -1.89359 -1.89408 -2.01866 -2.1482 -2.29536 -1.70474 -1.75928 -1.81917 -1.87557 0.317253 0.785736 1.3059 1.83982 1.50622 1.51497 1.53352 1.58089 0.8965 0.837726 0.811713 0.820947 0.205294 0.181744 0.182628 0.20625 -0.309344 -0.317157 -0.315021 -0.30329 -0.682807 -0.705956 -0.718609 -0.721135 -0.242218 -0.0559863 0.273271 0.84915 2.45989 2.6487 2.80846 2.94674 3.09815 3.14655 3.18853 3.22349 2.94077 2.88959 2.83325 2.77093 2.13047 1.96885 1.80458 1.64348 0.964291 0.864942 0.78473 0.724854 2.36933
30.8436 14.7007 -13.6898 30.265 14.4464 -9.77328 29.2581 13.9873 -5.96359 27.835 13.3269 -2.3198 26.0145 12.4721 1.09982 22.611 10.8559 5.676 18.4945 8.87771 9.45474 13.8086 6.60022 12.282 8.72655 4.10147 14.0331 4.80641 2.15277 14.5809 0.865208 0.1735 14.4606 -3.00428 -1.79222 13.668 -6.7316 -3.65944 12.2239 -11.2932 -5.87205 9.39876 -15.3086 -7.74072 5.64771 -18.6381 -9.21003 1.12658 -21.1756 -10.2428 -3.99008 -22.6523 -10.7621 -8.66473 -23.4763 -10.9485 -13.5216 -23.6366 -10.8073 -18.4467 -23.1369 -10.3503 -23.3298 -21.9146 -9.54686 -28.3152 -20.012 -8.44055 -33.0216 -17.4757 -7.06448 -37.3422 -14.3644 -5.45667 -41.18 -10.8566 -3.71288 -44.3635 -6.9439 -1.8325 -46.9394 -2.70377 0.133742 -48.846 1.82923 2.08675 -49.9032 5.8842 3.68216 -49.9678 9.90477 5.14566 -49.14 13.6755 6.42757 -47.3706 16.9819 7.48157 -44.7346 20.4315 8.47145 -40.1032 22.5563 8.93609 -34.6627 23.3223 8.89408 -28.854 22.8326 8.40883 -23.0355 21.2924 7.57683 -17.5118 18.9051 6.48062 -12.3471 15.8664 5.19882 -7.58288 12.3476 3.79838 -3.19739 8.73337 2.42439 0.636529 4.91899 1.03249 4.26459 0.986846 -0.344237 7.77066 -2.98991 -1.67515 11.244 -7.20767 -3.04886 15.0243 -11.2847 -4.39284 18.9662 -15.1285 -5.6805 23.1536 -18.6281 -6.8794 27.6572 -20.5387 -7.55124 30.6016 -22.2326 -8.16345 33.6881 -23.6704 -8.70374 36.9148 -24.8093 -9.15862 40.2713 -25.9256 -9.68355 45.9357 -25.9626 -9.88645 51.7291 -24.7737 -9.71365 57.4003 -22.2926 -9.13277 62.6073 -19.3073 -8.34646 66.2597 -15.5933 -7.3104 69.0885 -11.3423 -6.07601 70.8982 -6.80564 -4.71513 71.5591 -1.90819 -3.19987 70.9385 2.65243 -1.74145 69.0046 6.59212 -0.432185 65.9336 9.71578 0.660351 61.9693 11.9503 1.50741 57.3093 13.2346 2.07983 52.2645 13.6253 2.38769 47.0512 13.2207 2.45566 41.8302 12.2914 2.34181 37.2712 10.911 2.08862 32.8337 9.16093 1.72059 28.5368 7.11617 1.26098 24.3812 4.24556 0.589092 19.3744 1.13764 -0.153699 14.5216 -2.10439 -0.932523 9.76312 -5.33929 -1.79636 5.01449 -8.25415 -2.63102 0.515785 -10.9724 -3.44836 -4.10745 -13.3891 -4.20149 -8.90576 -15.3851 -4.83945 -13.9098 -16.3712 -5.15816 -17.2217 -17.0911 -5.3912 -20.6084 -17.5053 -5.52259 -24.0513 -17.5744 -5.53653 -27.5208 -16.859 -5.27182 -33.1929 -14.9938 -4.59886 -38.5616 -11.9469 -3.49816 -43.2796 -7.82157 -1.99918 -46.9524 -3.46672 -0.400096 -49.0309 1.20716 1.39553 -49.9098 5.90398 3.3249 -49.6656 10.4345 5.28879 -48.4575 15.3254 7.47688 -46.1071 19.7514 9.48192 -42.8479 23.581 11.2381 -38.788 26.7017 12.6875 -34.0559 28.8395 13.6949 -29.307 30.2645 14.3798 -24.2437 30.9394 14.72 -18.9933 -6.94988 -6.93931 -6.92389 -6.90503 -6.97218 -6.89515 -6.84816 -6.80174 -6.80811 -6.76048 -6.7181 -6.68261 -6.65022 -6.59758 -6.56147 -6.53796 -6.37138 -6.33765 -6.30914 -6.28293 -5.95122 -5.89885 -5.84379 -5.78087 -5.2709 -5.19209 -5.10098 -4.99671 -4.54872 -4.47764 -4.39634 -4.30672 -4.08819 -4.06426 -4.02653 -3.9849 -4.37307 -4.44818 -4.52343 -4.59942 -5.33493 -5.43382 -5.52685 -5.61845 -5.56038 -5.62275 -5.68638 -5.76446 -5.11677 -5.12841 -5.14638 -5.1625 -2.92017 -2.39644 -1.82832 -1.25342 -1.55515 -1.52128 -1.48011 -1.41159 -2.07427 -2.10937 -2.10933 -2.07048 -2.65175 -2.63533 -2.58881 -2.51415 -2.97748 -2.93367 -2.87892 -2.81497 -3.13742 -3.10079 -3.05748 -3.00458 -2.47473 -2.24064 -1.86323 -1.23709 0.417569 0.642383 0.839748 1.01705 1.22177 1.33848 1.4483 1.54729 1.31794 1.3087 1.2871 1.25266 0.634279 0.487037 0.328777 0.167025 -0.517604 -0.625363 -0.715986 -0.786908 6.29811
