Optimization finished after 200 iterations.
NEB Energy: 3.23096
Max NEB Force: 0.871017
Optimization took: 2780 ms
Energies: 
0.771552, 3.231, 3.55855, 3.7012, 3.74444, 4.16731, 4.81462, 5.27746, 5.3849, 5.62783, 5.63652, 5.49359, 5.12558, 4.90293, 4.91385, 5.09243, 4.65939, 3.50133, 0.711183, 
NEB Forces: 
0, 0.637513, 0.64306, 0.652469, 0.659775, 0.684558, 0.764338, 0.871017, 0.780378, 0.788997, 0.808978, 0.808879, 0.782224, 0.808257, 0.84199, 0.809114, 0.784202, 0.714217, 0, 
Gradients: 
0.367396, 0.629414, 0.647451, 0.659106, 0.665341, 0.696772, 0.783452, 0.885991, 0.790056, 0.796925, 0.815041, 0.813397, 0.785905, 0.809879, 0.842542, 0.809762, 0.785747, 0.715654, 2.4937e-08, 
Spring Forces: 
0, 8.75076e-05, 1.35191e-05, 1.57166e-05, 7.18414e-07, 1.49028e-05, 2.32211e-06, 1.5061e-06, 6.41452e-06, 8.24823e-06, 5.97184e-06, 2.66473e-06, 1.61394e-05, 3.79764e-06, 2.55347e-05, 3.58314e-06, 1.21198e-05, 0.000534066, 0, 
Bend Energies: 
0.65423, 2.9394, 3.23856, 3.34771, 3.35015, 3.71139, 4.15688, 4.64328, 4.44724, 4.42617, 4.40549, 4.27185, 3.93663, 3.69483, 3.70514, 3.41824, 3.22007, 2.88766, 0.711182, 
Twist Energies: 
0.117295, 0.255975, 0.283631, 0.31696, 0.357842, 0.418972, 0.621334, 0.598051, 0.900199, 1.16399, 1.19332, 1.18424, 1.15231, 1.1717, 1.17206, 1.63888, 1.40412, 0.57755, 2.141e-28, 
Stretch Energies: 
2.50139e-05, 0.0356216, 0.0363513, 0.0365268, 0.0364536, 0.0369409, 0.0364034, 0.0361317, 0.0374695, 0.0376617, 0.0377142, 0.0374991, 0.0366451, 0.036405, 0.0366518, 0.0353062, 0.0352006, 0.0361199, 1.01057e-06, 
