# num_vectors 19
# vector_size 401
# Iterations: 201700, stepsize: 0.022491, max step size: 1.000000, spring constant: 0.000010, global NEB Hessian: false, global NEB Linesearch: true, climbing image: false
21.8775 29.6309 -13.6467 19.7183 32.3731 -11.7609 17.5199 34.7134 -9.43086 15.3515 36.5815 -6.68374 13.2889 37.9136 -3.56777 10.5626 38.8401 1.6136 8.03637 38.9463 6.97502 5.01821 38.43 12.0506 1.12402 37.1292 16.3262 -2.17326 35.6756 18.8718 -5.68312 33.8509 20.8253 -9.2917 31.7011 22.175 -12.8969 29.2733 22.9324 -17.4919 25.7305 23.0719 -21.7664 21.8734 22.3388 -25.5954 17.7733 20.8511 -28.8848 13.4846 18.7364 -31.2001 9.72257 16.5479 -33.0386 5.8717 14.0794 -34.3707 1.94722 11.4098 -35.1708 -2.03665 8.61852 -35.4134 -6.28177 5.63286 -35.0171 -10.5518 2.69966 -33.965 -14.8148 -0.0778362 -32.2499 -19.0266 -2.59033 -29.9553 -23.014 -4.66772 -27.068 -26.8286 -6.27792 -23.6401 -30.3861 -7.31414 -19.756 -33.5894 -7.67832 -16.1286 -35.9871 -7.38699 -12.3517 -37.972 -6.49935 -8.54642 -39.4802 -5.00358 -4.84644 -40.4524 -2.91619 -0.250364 -40.8245 0.698691 3.70385 -40.1159 4.96388 6.86859 -38.3882 9.58225 9.17898 -35.7532 14.2779 10.6296 -32.3893 18.7673 11.3074 -28.4084 22.9228 11.3034 -23.938 26.6093 10.7283 -19.0896 29.7297 9.77675 -14.2729 32.0842 8.52971 -9.27074 33.8371 7.09094 -4.14011 34.9579 5.56445 1.06596 35.4228 3.95003 6.66046 35.1733 2.48575 12.2054 34.1359 1.30459 17.6114 32.3062 0.540564 22.7673 29.6985 0.343348 25.7438 27.7307 0.382003 28.5372 25.5023 0.682344 31.1076 23.0378 1.26614 33.4124 20.37 2.84357 36.4853 15.7143 5.22819 38.5779 10.8624 8.33254 39.4696 6.04851 11.4069 38.9518 1.16117 13.3483 37.6845 -3.02152 14.5153 35.9797 -7.33447 14.9266 33.9234 -11.6325 14.6289 31.5664 -15.7829 13.5883 28.7388 -19.9768 11.9027 25.6698 -23.7724 9.6813 22.4022 -27.0973 7.0344 18.9688 -29.903 4.0258 15.3412 -32.1869 0.798888 11.583 -33.8867 -2.54179 7.70435 -34.9926 -5.89397 3.71284 -35.5 -8.79804 0.0762399 -35.4484 -11.5575 -3.63505 -34.9258 -14.097 -7.40813 -33.938 -16.3386 -11.2232 -32.4954 -18.6044 -15.9995 -30.0843 -20.1251 -20.7164 -27.0514 -20.7503 -25.2632 -23.4883 -20.3508 -29.4979 -19.5301 -18.9724 -33.0206 -15.6414 -16.6024 -35.976 -11.7581 -13.2864 -38.2209 -8.09815 -9.14497 -39.636 -4.89243 -6.15238 -40.0693 -3.18979 -2.96926 -40.1349 -1.8093 0.326795 -39.841 -0.764317 3.66238 -39.1985 -0.0548348 9.08429 -37.4245 0.404027 14.1914 -34.8625 0.0736961 18.8072 -31.6288 -0.922521 22.8156 -27.8373 -2.44312 25.8123 -24.0853 -4.11183 28.2533 -20.0353 -5.97757 30.132 -15.7395 -7.94221 31.4517 -11.2424 -9.91122 32.2906 -5.86877 -12.0682 32.4241 -0.338133 -13.9726 31.8783 5.28668 -15.4879 30.6865 10.9287 -16.4775 29.0854 15.9752 -16.8039 27.0361 20.8579 -16.4919 24.6038 25.4573 -15.4593 -113.186 -113.092 -113.019 -112.968 -113.026 -112.95 -112.891 -112.834 -112.844 -112.809 -112.787 -112.778 -112.787 -112.796 -112.836 -112.903 -112.833 -112.9 -112.984 -113.084 -112.896 -113.009 -113.135 -113.269 -112.966 -113.097 -113.216 -113.327 -113.074 -113.164 -113.219 -113.228 -113.071 -113.051 -112.957 -112.812 -113.06 -112.971 -112.87 -112.768 -113.34 -113.294 -113.26 -113.246 -113.104 -113.108 -113.149 -113.257 -112.702 -112.845 -113.087 -113.483 -112.074 -112.84 -113.075 -112.905 -113.338 -113.263 -113.134 -112.955 -113.49 -113.389 -113.258 -113.099 -113.571 -113.459 -113.331 -113.187 -113.597 -113.512 -113.427 -113.343 -113.656 -113.637 -113.649 -113.736 -113.459 -113.668 -114.04 -114.369 -113.368 -113.489 -113.529 -113.519 -113.463 -113.456 -113.4 -113.31 -113.508 -113.457 -113.387 -113.303 -113.769 -113.708 -113.605 -113.464 -113.844 -113.674 -113.521 -113.395 0.0568512
19.3341 29.1041 -16.1318 17.6862 31.4423 -13.3831 16.1345 33.3169 -10.25 14.6845 34.7116 -6.83085 13.3163 35.6311 -3.2224 11.3496 36.1552 2.3449 9.27077 35.7606 7.88204 6.86007 34.5534 13.1611 3.93205 32.6431 17.948 1.34552 30.8402 21.0341 -1.5826 28.7714 23.6054 -4.80797 26.4964 25.5767 -8.25177 24.0721 26.8912 -12.9502 20.7365 27.5864 -17.6072 17.3006 27.1479 -21.996 13.7972 25.6816 -25.922 10.2241 23.3355 -28.7683 7.11335 20.7813 -31.0797 3.91889 17.8224 -32.7874 0.628432 14.5729 -33.8384 -2.76192 11.1518 -34.198 -6.43555 7.49547 -33.7755 -10.1946 3.93387 -32.5825 -14.0096 0.61477 -30.6567 -17.8411 -2.31862 -28.1411 -21.5317 -4.67056 -25.0647 -25.1315 -6.41884 -21.5183 -28.5674 -7.46637 -17.6092 -31.7495 -7.73661 -14.0382 -34.2099 -7.3042 -10.3786 -36.3255 -6.24415 -6.72735 -38.0172 -4.5712 -3.18621 -39.2091 -2.32798 1.22691 -39.9209 1.45982 5.03218 -39.5181 5.89686 8.04435 -37.9804 10.6814 10.1429 -35.3759 15.492 11.2758 -31.8917 19.9811 11.4979 -27.6911 23.9661 10.8937 -22.9769 27.2807 9.58864 -17.9405 29.8314 7.86053 -13.0556 31.5047 5.78484 -8.11855 32.4879 3.50804 -3.18316 32.8158 1.18455 1.73316 32.532 -1.17104 6.9815 31.5976 -3.17302 12.233 30.0546 -4.58783 17.4763 27.9397 -5.18222 22.6355 25.2948 -5.04143 25.6842 23.4357 -4.48595 28.5812 21.4184 -3.50804 31.2587 19.2632 -2.12493 33.6442 16.9902 0.873594 36.7334 13.108 4.51911 38.6459 9.02652 8.4292 39.2527 4.78995 12.1863 38.5467 0.431984 14.8733 37.0543 -3.23168 16.9874 34.8542 -6.91397 18.3843 32.0971 -10.5632 18.9805 28.9525 -14.1165 18.7039 25.312 -17.7684 17.5199 21.5961 -21.1531 15.5285 17.9377 -24.2055 12.8574 14.4139 -26.8727 9.59337 11.0023 -29.1386 5.9085 7.73441 -30.9188 1.93531 4.55996 -32.1691 -2.19507 1.41169 -32.8436 -5.88379 -1.42522 -32.923 -9.48312 -4.34347 -32.4875 -12.8776 -7.37787 -31.5225 -15.942 -10.5466 -30.0293 -19.1172 -14.6791 -27.4604 -21.3306 -18.9518 -24.2039 -22.3678 -23.2371 -20.4197 -22.0826 -27.349 -16.3245 -20.5765 -30.832 -12.4475 -17.9252 -33.7766 -8.74195 -14.2698 -36.0119 -5.41455 -9.82344 -37.4105 -2.63877 -6.68685 -37.8301 -1.21467 -3.40318 -37.8713 -0.0930441 -0.0441191 -37.5411 0.713172 3.32277 -36.8556 1.19939 8.73888 -35.0094 1.30983 13.7868 -32.4035 0.615438 18.302 -29.1838 -0.799506 22.175 -25.4892 -2.82533 25.0242 -21.9033 -5.03124 27.2916 -18.0929 -7.51757 28.9684 -14.0951 -10.1725 30.0554 -9.92751 -12.8728 30.5866 -4.92854 -15.8662 30.3727 0.286852 -18.5094 29.457 5.69233 -20.5525 27.9136 11.2096 -21.7398 26.0709 16.1818 -21.8764 23.9292 20.9541 -20.9965 21.6342 25.3272 -19.0613 -16.189 -16.1325 -16.0885 -16.0547 -16.1186 -16.0524 -16.0282 -16.0118 -16.0467 -16.024 -16.0063 -15.9926 -15.9866 -15.971 -15.9818 -16.0181 -15.9213 -15.9656 -16.0303 -16.1135 -15.9118 -16.0115 -16.1269 -16.2513 -15.9398 -16.066 -16.1839 -16.2994 -16.0543 -16.1552 -16.2205 -16.2398 -16.0955 -16.0888 -16.0027 -15.8552 -16.0906 -15.9792 -15.849 -15.7181 -16.267 -16.2083 -16.1741 -16.1735 -16.06 -16.1134 -16.233 -16.4654 -16.0653 -16.371 -16.8115 -17.3872 -15.9671 -16.2704 -16.2061 -15.9073 -16.3266 -16.313 -16.2164 -16.0223 -16.4927 -16.287 -16.0391 -15.7763 -16.1726 -16.0139 -15.8639 -15.7175 -16.1376 -16.0705 -16.0085 -15.9536 -16.3062 -16.3387 -16.4157 -16.5877 -16.4161 -16.7409 -17.17 -17.404 -16.3007 -16.3825 -16.406 -16.3867 -16.3232 -16.308 -16.2445 -16.1501 -16.3483 -16.2988 -16.2297 -16.1406 -16.5887 -16.4872 -16.3214 -16.1154 -16.462 -16.3009 -16.1887 -16.1187 0.287209
20.9019 27.5019 -16.4772 19.3176 29.4707 -13.4191 17.828 30.9551 -10.0552 16.4368 31.9636 -6.47946 15.1218 32.5199 -2.77815 13.2201 32.5691 2.83598 11.186 31.7981 8.35011 8.79537 30.3139 13.5673 5.85343 28.2186 18.2675 3.22728 26.3312 21.2685 0.232623 24.2202 23.7263 -3.08274 21.9441 25.5408 -6.62941 19.5612 26.6396 -11.4547 16.3504 26.9445 -16.1852 13.1271 25.9866 -20.551 9.93259 23.8843 -24.327 6.76948 20.8149 -26.9365 4.08624 17.6065 -28.9121 1.38932 13.9835 -30.1963 -1.3405 10.0846 -30.7542 -4.11845 6.05051 -30.5437 -7.10806 1.80648 -29.5281 -10.1673 -2.26828 -27.7478 -13.2941 -6.0163 -25.267 -16.4774 -9.28826 -22.2661 -19.6021 -11.8788 -18.7775 -22.7196 -13.7738 -14.9102 -25.7712 -14.8744 -10.7881 -28.6757 -15.1042 -7.13142 -30.984 -14.5635 -3.48436 -33.0264 -13.3306 0.0516044 -34.7177 -11.4258 3.37301 -35.973 -8.89899 7.32856 -36.8513 -4.66673 10.4999 -36.6773 0.256874 12.719 -35.402 5.52746 13.8913 -33.0754 10.7755 14.0119 -29.8789 15.6069 13.1666 -25.989 19.8174 11.482 -21.6253 23.2372 9.12049 -16.9919 25.7925 6.44488 -12.535 27.4132 3.47748 -8.06216 28.3285 0.36702 -3.60206 28.6149 -2.73549 0.865181 28.3548 -5.86759 5.71462 27.5548 -8.57958 10.7162 26.2915 -10.6082 15.9199 24.6261 -11.6614 21.2881 22.6162 -11.6848 24.5871 21.2428 -11.1829 27.8108 19.7845 -10.1314 30.8668 18.2597 -8.53754 33.6505 16.6845 -4.91753 37.3435 14.0648 -0.354756 39.6935 11.3696 4.66983 40.497 8.59231 9.63498 39.7419 5.69702 13.3323 38.0576 3.17461 16.431 35.5696 0.514264 18.7576 32.4734 -2.29114 20.1991 28.9839 -5.22636 20.7058 25.0174 -8.49382 20.1394 21.0812 -11.788 18.5824 17.3609 -15.0131 16.1637 13.9705 -18.0662 12.9844 10.9082 -20.8842 9.23193 8.19116 -23.3261 5.05481 5.7292 -25.3053 0.592621 3.39468 -26.7424 -3.49539 1.30442 -27.504 -7.58741 -0.900822 -27.7348 -11.5556 -3.30969 -27.4003 -15.2507 -5.98689 -26.4841 -19.2392 -9.73942 -24.5424 -22.2099 -13.9171 -21.8072 -23.8618 -18.3719 -18.4627 -23.9895 -22.8583 -14.7728 -22.6746 -26.8071 -11.293 -20.052 -30.2674 -8.04044 -16.3123 -33.0245 -5.23976 -11.724 -34.9289 -3.06007 -8.48851 -35.6633 -2.04302 -5.10849 -36.0129 -1.33909 -1.66008 -35.987 -0.951642 1.78805 -35.6037 -0.875693 7.32423 -34.2513 -1.40167 12.4909 -32.1314 -2.65346 17.145 -29.3764 -4.52538 21.1962 -26.1022 -6.89649 24.246 -22.8303 -9.31227 26.7549 -19.2583 -11.9177 28.707 -15.4076 -14.6017 30.0894 -11.2879 -17.2398 30.9621 -6.22724 -20.0435 31.062 -0.855889 -22.361 30.409 4.741 -23.9359 29.0671 10.4057 -24.5216 27.36 15.4037 -24.0294 25.3228 20.0538 -22.4923 23.1169 24.144 -19.9348 -0.749128 -0.698584 -0.659907 -0.630772 -0.699625 -0.638393 -0.617555 -0.602663 -0.63729 -0.613026 -0.592567 -0.575322 -0.564489 -0.542433 -0.545725 -0.572986 -0.465777 -0.498317 -0.548455 -0.614062 -0.390852 -0.465202 -0.552658 -0.647998 -0.30895 -0.411468 -0.511386 -0.615265 -0.366876 -0.471707 -0.546236 -0.578458 -0.451359 -0.464991 -0.399555 -0.27321 -0.530869 -0.443325 -0.339054 -0.235826 -0.813041 -0.782604 -0.777367 -0.806842 -0.725948 -0.817311 -0.982891 -1.27253 -0.92611 -1.26645 -1.71439 -2.24071 -0.673976 -0.817092 -0.67993 -0.353291 -0.759347 -0.733511 -0.618066 -0.393057 -0.815891 -0.548666 -0.240851 0.0670847 -0.30315 -0.135079 0.0117964 0.146345 -0.290399 -0.242185 -0.201338 -0.169025 -0.5481 -0.611114 -0.720172 -0.922788 -0.774197 -1.08987 -1.4368 -1.5483 -0.378192 -0.435173 -0.447839 -0.424834 -0.361468 -0.34942 -0.289861 -0.199227 -0.400453 -0.35182 -0.28149 -0.189399 -0.633216 -0.529314 -0.36781 -0.17499 -0.539199 -0.394529 -0.296328 -0.237541 0.720445
16.6002 28.0963 -12.8188 15.1367 29.5778 -9.44221 13.8128 30.5626 -5.83444 12.6253 31.0729 -2.08375 11.5451 31.1418 1.73289 10.0389 30.4919 7.42907 8.43531 29.0562 12.9522 6.49107 26.9359 18.135 3.99061 24.2292 22.7781 1.67521 21.9056 25.7285 -1.0339 19.3831 28.129 -4.09624 16.7312 29.8767 -7.42619 14.0218 30.8943 -12.0207 10.4797 31.0636 -16.5715 7.061 29.9289 -20.7927 3.82564 27.6053 -24.4433 0.785327 24.2714 -26.9519 -1.66477 20.8064 -28.8281 -4.01466 16.8999 -30.0128 -6.29259 12.6916 -30.471 -8.52724 8.32138 -30.1545 -10.8646 3.6921 -29.0292 -13.2146 -0.802945 -27.1296 -15.6027 -5.00802 -24.5119 -18.0466 -8.77212 -21.353 -20.4791 -11.868 -17.6763 -22.9544 -14.2835 -13.5896 -25.4353 -15.9032 -9.22156 -27.8584 -16.6306 -5.33985 -29.8341 -16.4852 -1.46761 -31.6279 -15.6018 2.28 -33.1591 -13.9884 5.78457 -34.3452 -11.6855 9.91762 -35.2732 -7.63747 13.1612 -35.3061 -2.75818 15.3305 -34.3808 2.60536 16.3283 -32.5251 8.07259 16.1633 -29.8857 13.2283 14.939 -26.614 17.8512 12.8045 -22.8998 21.7529 9.94372 -18.9202 24.8437 6.76917 -15.0606 27.0059 3.28281 -11.1514 28.4934 -0.363637 -7.20592 29.3802 -4.021 -3.18884 29.7493 -7.77284 1.27012 29.6572 -11.1355 6.00212 29.1399 -13.8412 11.0878 28.2556 -15.5766 16.5192 27.0493 -16.0016 19.9561 26.1676 -15.8735 23.3911 25.1904 -15.1539 26.7257 24.1262 -13.8373 29.8444 22.9812 -10.5319 34.1632 20.9743 -6.10539 37.1853 18.7656 -1.04956 38.6533 16.3389 4.08976 38.5201 13.6602 8.01893 37.3027 11.2211 11.4114 35.2304 8.56278 14.0732 32.4925 5.68385 15.8658 29.2998 2.60765 16.737 25.5865 -0.873503 16.4871 21.8446 -4.42343 15.176 18.2775 -7.91959 12.9253 15.0186 -11.2333 9.84534 12.0817 -14.2853 6.13881 9.48676 -16.9224 1.97545 7.13804 -19.0617 -2.48627 4.89373 -20.6373 -6.5725 2.84789 -21.5195 -10.6527 0.638478 -21.8826 -14.59 -1.83676 -21.7055 -18.2251 -4.65189 -20.9829 -22.0808 -8.67893 -19.3471 -24.8334 -13.2281 -17.0044 -26.1703 -18.1092 -14.1503 -25.8955 -23.0176 -11.0532 -24.1569 -27.3011 -8.21433 -21.1094 -30.9987 -5.6706 -16.9929 -33.8762 -3.61983 -12.1184 -35.7855 -2.19713 -8.76068 -36.4713 -1.6512 -5.31007 -36.7383 -1.39771 -1.84268 -36.6028 -1.43202 1.57528 -36.0894 -1.74234 6.96497 -34.4902 -2.81413 11.8894 -32.0998 -4.48469 16.233 -29.0598 -6.6404 19.9302 -25.4897 -9.15825 22.6455 -21.9462 -11.59 24.8109 -18.0953 -14.1048 26.4167 -13.9627 -16.5919 27.4537 -9.56783 -18.9268 27.9344 -4.21972 -21.2504 27.6562 1.37109 -22.9526 26.654 7.0737 -23.794 25.0153 12.6856 -23.5633 23.1083 17.4731 -22.3065 20.9566 21.7556 -20.0334 18.7336 25.3415 -16.8184 -0.19945 -0.160532 -0.132856 -0.114708 -0.197825 -0.155755 -0.156446 -0.164807 -0.220104 -0.212512 -0.206979 -0.202195 -0.202004 -0.186662 -0.190974 -0.213791 -0.0978227 -0.118509 -0.153237 -0.199979 0.0459979 -0.00177185 -0.059916 -0.123968 0.246874 0.175355 0.104505 0.027289 0.295691 0.203445 0.135113 0.103037 0.224625 0.200099 0.251263 0.359802 0.080022 0.140693 0.214054 0.284578 -0.323253 -0.319413 -0.336333 -0.382884 -0.314343 -0.412499 -0.576477 -0.849582 -0.4678 -0.760754 -1.14047 -1.58838 0.0549173 -0.0674241 0.0481696 0.348727 -0.0776833 -0.068846 0.0282494 0.231223 -0.218862 0.0187744 0.301577 0.592389 0.211516 0.37226 0.512538 0.639811 0.195041 0.234718 0.266048 0.287845 -0.104269 -0.184116 -0.313211 -0.535345 -0.398325 -0.693623 -0.959705 -0.958778 0.282369 0.260001 0.268933 0.30543 0.379649 0.400736 0.468361 0.568663 0.379861 0.443258 0.530652 0.6409 0.215671 0.335291 0.499943 0.67794 0.287057 0.403561 0.476479 0.514376 0.907437
11.0098 28.8654 -8.59559 9.68598 29.9278 -5.00992 8.55298 30.4997 -1.25125 7.59879 30.6108 2.59785 6.78654 30.2979 6.46835 5.73216 29.1109 12.1795 4.62602 27.1677 17.6692 3.21053 24.5562 22.7989 1.25317 21.3638 27.394 -0.663366 18.6798 30.3246 -2.9917 15.801 32.7238 -5.70501 12.8035 34.4895 -8.73001 9.76898 35.5409 -13.0042 5.8492 35.7674 -17.3317 2.13645 34.6842 -21.4192 -1.28434 32.3873 -25.01 -4.38279 29.042 -27.5123 -6.77411 25.5316 -29.4132 -8.96445 21.5453 -30.6466 -10.9858 17.2214 -31.1715 -12.8751 12.6984 -30.939 -14.7657 7.86465 -29.9043 -16.6018 3.11575 -28.092 -18.4294 -1.39752 -25.546 -20.2881 -5.52755 -22.4288 -22.15 -9.03415 -18.7532 -24.0737 -11.9097 -14.6161 -26.0426 -14.0283 -10.1394 -28.0125 -15.2766 -6.1156 -29.6583 -15.5814 -2.0602 -31.1892 -15.1316 1.90399 -32.5323 -13.9178 5.6471 -33.6103 -11.9635 10.1113 -34.5224 -8.27998 13.6628 -34.6845 -3.62265 16.0824 -34.0212 1.67218 17.2483 -32.5404 7.21993 17.1575 -30.3578 12.5867 15.9169 -27.6013 17.5301 13.6855 -24.4341 21.8388 10.6615 -21.0091 25.4024 7.28523 -17.6596 28.0541 3.55855 -14.2365 30.0649 -0.362754 -10.7426 31.5022 -4.32987 -7.134 32.4452 -8.45638 -3.05457 32.9904 -12.2459 1.37122 33.1291 -15.4367 6.24324 32.9083 -17.7148 11.5785 32.3498 -18.4952 15.0284 31.8403 -18.7321 18.5368 31.2035 -18.3775 22.0089 30.4359 -17.4152 25.3297 29.5324 -14.6339 30.1045 27.7798 -10.6327 33.7138 25.6422 -5.87776 35.8571 23.112 -0.907516 36.4401 20.1858 2.97518 35.812 17.4655 6.39508 34.3028 14.4829 9.14321 32.0796 11.2619 11.0625 29.3339 7.84909 12.0927 26.0095 4.0342 11.9996 22.5482 0.203141 10.8229 19.1519 -3.50454 8.67351 15.9618 -6.9498 5.66292 13.0049 -10.0513 2.0033 10.3163 -12.6599 -2.11729 7.81576 -14.708 -6.51923 5.3735 -16.1519 -10.521 3.12007 -16.906 -14.4751 0.677615 -17.1524 -18.2354 -2.05245 -16.8921 -21.6363 -5.13974 -16.1414 -25.1166 -9.52046 -14.5741 -27.405 -14.4174 -12.4428 -28.2059 -19.6073 -9.95627 -27.3575 -24.7449 -7.37863 -25.0929 -29.1371 -5.14003 -21.5767 -32.822 -3.27243 -17.0924 -35.5635 -1.92842 -11.9815 -37.2283 -1.19492 -8.54803 -37.713 -1.05936 -5.08019 -37.7522 -1.18143 -1.65083 -37.3694 -1.54924 1.67893 -36.5955 -2.14607 6.82817 -34.5507 -3.58092 11.4194 -31.7092 -5.47861 15.3599 -28.2233 -7.73167 18.6016 -24.2207 -10.2268 20.8781 -20.3114 -12.5458 22.5792 -16.1202 -14.8659 23.7013 -11.684 -17.0801 24.243 -7.03615 -19.0667 24.1526 -1.48093 -20.9007 23.325 4.20015 -22.0288 21.8256 9.85191 -22.232 19.7766 15.2578 -21.3319 17.6014 19.7266 -19.4785 15.2988 23.5818 -16.6551 13.0495 26.6611 -12.9679 -0.15347 -0.124506 -0.106304 -0.097733 -0.193581 -0.169172 -0.190444 -0.221784 -0.29812 -0.308021 -0.318727 -0.328075 -0.340926 -0.335647 -0.344862 -0.367563 -0.247263 -0.260564 -0.284853 -0.318309 -0.0559769 -0.0844396 -0.121081 -0.161859 0.233162 0.186036 0.13923 0.0855437 0.373451 0.295495 0.236643 0.208769 0.329647 0.299474 0.341711 0.438603 0.144319 0.187572 0.241207 0.291204 -0.335478 -0.347551 -0.376972 -0.431881 -0.367235 -0.463309 -0.61621 -0.863655 -0.44273 -0.691902 -1.01576 -1.40444 0.292393 0.171867 0.24841 0.506773 0.0472078 0.0280115 0.0949379 0.262189 -0.231634 -0.0417948 0.1998 0.462566 0.0666015 0.221171 0.359824 0.486975 0.0418119 0.0802159 0.108835 0.126062 -0.273713 -0.366431 -0.51337 -0.75408 -0.627572 -0.905296 -1.10989 -1.02705 0.268987 0.27619 0.30546 0.356018 0.443019 0.476195 0.555278 0.668888 0.496136 0.577359 0.684375 0.814909 0.410247 0.548123 0.719519 0.888098 0.476928 0.570973 0.623097 0.643423 0.977528
10.7911 26.4387 -8.69727 9.41069 27.2317 -5.06354 8.21837 27.5999 -1.29775 7.19622 27.5827 2.53544 6.30276 27.2171 6.38337 5.09652 26.0771 12.074 3.79889 24.2858 17.5735 2.15573 21.8744 22.7332 -0.0531525 18.8723 27.3425 -2.15701 16.2922 30.2376 -4.65598 13.4743 32.5352 -7.50234 10.4941 34.1106 -10.599 7.44465 34.8698 -14.8365 3.49084 34.5604 -18.9448 -0.216618 32.8107 -22.6217 -3.53844 29.789 -25.6363 -6.40799 25.7439 -27.5617 -8.49303 21.713 -28.8492 -10.2801 17.3026 -29.4762 -11.8172 12.6608 -29.4385 -13.1643 7.91877 -28.6868 -14.4501 2.94126 -27.2196 -15.6796 -1.88881 -25.0575 -16.9295 -6.44482 -22.2303 -18.2661 -10.5938 -18.889 -19.6931 -14.0981 -15.0265 -21.2647 -16.9425 -10.7369 -22.9683 -18.9863 -6.15031 -24.757 -20.1016 -2.07984 -26.3078 -20.2378 1.96218 -27.7942 -19.5709 5.83826 -29.1376 -18.1 9.40732 -30.2566 -15.8635 13.4945 -31.2846 -11.7932 16.5128 -31.6339 -6.78344 18.2686 -31.23 -1.20817 18.6759 -30.0772 4.522 17.7786 -28.2776 9.95624 15.7103 -25.9508 14.8432 12.6618 -23.2493 18.9643 8.85999 -20.3179 22.209 4.80995 -17.452 24.4523 0.478064 -14.5241 25.9727 -3.97693 -11.5256 26.8738 -8.41289 -8.39447 27.2832 -12.9832 -4.77814 27.3252 -17.1692 -0.728417 27.1164 -20.7072 3.89213 26.7999 -23.2567 9.12422 26.4966 -24.1436 12.5833 26.3597 -24.4275 16.1444 26.2709 -24.0513 19.6979 26.2264 -22.9941 23.1114 26.2087 -19.9129 28.0217 26.174 -15.4559 31.7224 25.9608 -10.1201 33.9151 25.3897 -4.45958 34.531 24.3009 0.0791578 33.9381 22.9159 4.23487 32.4795 21.0525 7.79679 30.3218 18.7015 10.5937 27.6492 15.8901 12.6075 24.4018 12.4165 13.4773 21.0102 8.6209 13.1718 17.686 4.68101 11.7359 14.5988 0.798511 9.24258 11.8219 -2.87547 5.87827 9.43883 -6.10481 1.84449 7.40916 -8.75725 -2.6546 5.62202 -10.7549 -6.88427 4.09696 -11.957 -11.2007 2.48914 -12.6235 -15.4704 0.643252 -12.7768 -19.5399 -1.59188 -12.4536 -24.0679 -5.09421 -11.4588 -27.5539 -9.49555 -9.96366 -29.531 -14.6658 -8.19754 -29.6479 -20.2059 -6.45044 -27.9978 -25.194 -5.09933 -24.8373 -29.5116 -4.20506 -20.5435 -32.809 -3.85621 -15.5542 -34.9303 -4.05038 -12.1869 -35.6782 -4.42982 -8.77451 -35.9737 -4.98721 -5.38066 -35.8535 -5.7012 -2.0535 -35.3562 -6.55272 3.19515 -33.796 -8.21777 8.04471 -31.4507 -10.1508 12.4049 -28.4281 -12.2974 16.1959 -24.8082 -14.5953 19.0208 -21.1403 -16.695 21.2775 -17.085 -18.7695 22.9132 -12.6822 -20.7143 23.8841 -7.98569 -22.4003 24.148 -2.31976 -23.8355 23.511 3.45859 -24.4965 22.055 9.11604 -24.1722 19.9446 14.3765 -22.7212 17.6687 18.5677 -20.3994 15.2576 22.0322 -17.1869 12.9119 24.6649 -13.2241 -0.28291 -0.255659 -0.237241 -0.226479 -0.316988 -0.283603 -0.294986 -0.318336 -0.391584 -0.40232 -0.41723 -0.433955 -0.45796 -0.466039 -0.486833 -0.517129 -0.398911 -0.40973 -0.427294 -0.450255 -0.174087 -0.186265 -0.205894 -0.230385 0.178627 0.14215 0.102077 0.0515665 0.338738 0.256785 0.19118 0.154364 0.262892 0.216399 0.24003 0.316095 -0.000554136 0.0199312 0.0516751 0.0817959 -0.561861 -0.588868 -0.633048 -0.70445 -0.660517 -0.784857 -0.976639 -1.27406 -0.896962 -1.17133 -1.50045 -1.86099 -0.0722116 -0.0404039 0.162109 0.502722 0.0917981 0.104154 0.194435 0.377999 -0.106115 0.0867379 0.327474 0.589542 0.195335 0.354103 0.497842 0.629167 0.185885 0.223112 0.247247 0.256481 -0.15604 -0.266789 -0.431999 -0.681664 -0.542482 -0.774052 -0.902619 -0.744694 0.596034 0.624638 0.666839 0.724149 0.813328 0.84212 0.911677 1.01196 0.823892 0.89002 0.982896 1.1023 0.690384 0.824396 0.993597 1.15841 0.7404 0.826039 0.869541 0.882662 1.34199
10.9105 24.3111 -8.23702 9.47634 24.9569 -4.59495 8.22094 25.233 -0.841796 7.11868 25.1782 2.96878 6.12246 24.8241 6.79247 4.71504 23.7746 12.4542 3.16069 22.1234 17.931 1.21895 19.8602 23.054 -1.30252 16.9764 27.5776 -3.6212 14.4462 30.3501 -6.29623 11.6414 32.4577 -9.25525 8.6418 33.7658 -12.3781 5.55305 34.1803 -16.4915 1.54968 33.3211 -20.2849 -2.15798 30.9657 -23.4768 -5.39011 27.3532 -25.8866 -8.05871 22.7973 -27.2566 -9.88489 18.428 -27.9938 -11.3416 13.7764 -28.1117 -12.4922 8.98425 -27.6313 -13.4147 4.16545 -26.4974 -14.2328 -0.838465 -24.7329 -14.9947 -5.66549 -22.3448 -15.7966 -10.2095 -19.3417 -16.721 -14.3472 -15.8573 -17.7936 -17.8385 -11.8652 -19.0628 -20.6549 -7.45681 -20.5175 -22.6373 -2.77221 -22.1075 -23.6404 1.34971 -23.5224 -23.6316 5.39435 -24.9021 -22.7775 9.20756 -26.1665 -21.0884 12.6362 -27.236 -18.62 16.4052 -28.2526 -14.2507 18.9664 -28.6734 -8.99781 20.1515 -28.4412 -3.26446 19.9063 -27.5676 2.52401 18.3149 -26.1434 7.91043 15.5345 -24.2737 12.6378 11.7892 -22.088 16.481 7.34091 -19.7067 19.33 2.75654 -17.3674 21.1077 -2.02342 -14.9553 22.0993 -6.84064 -12.4412 22.45 -11.5681 -9.74144 22.3403 -16.3979 -6.50539 21.9305 -20.8153 -2.73222 21.465 -24.5668 1.71905 21.1835 -27.3032 6.86351 21.2966 -28.2844 10.2833 21.6322 -28.6438 13.7964 22.1792 -28.3267 17.2783 22.9183 -27.318 20.5903 23.8033 -24.307 25.2821 25.3929 -19.9126 28.7724 26.8466 -14.596 30.8575 27.8424 -8.84614 31.5385 28.127 -4.09912 31.1464 27.7004 0.420431 30.0049 26.6323 4.52446 28.2423 24.9234 8.05188 25.9861 22.6133 11.0566 23.1355 19.5291 13.0846 20.0009 15.9615 14.02 16.7297 12.0768 13.7854 13.4748 8.0747 12.3325 10.3526 4.12921 9.71932 7.56843 0.545096 6.10726 5.24626 -2.45266 1.73932 3.43792 -4.70589 -2.5512 2.21931 -6.03522 -7.04683 1.25569 -6.75738 -11.611 0.366325 -6.95391 -16.1397 -0.684883 -6.73889 -21.5848 -2.6021 -6.07946 -26.4444 -5.6837 -5.27514 -30.0991 -10.157 -4.64932 -31.8093 -15.7078 -4.50509 -31.2431 -21.0843 -4.95482 -28.7141 -25.7838 -5.92865 -24.7572 -29.2495 -7.25607 -19.9897 -31.3665 -8.74593 -16.743 -32.1147 -9.71629 -13.427 -32.461 -10.6789 -10.0886 -32.4749 -11.6262 -6.75676 -32.21 -12.5596 -1.32625 -31.2387 -14.0833 3.95158 -29.6613 -15.6363 8.97932 -27.4637 -17.2633 13.6211 -24.592 -18.9845 17.2729 -21.4315 -20.5714 20.3346 -17.6938 -22.1517 22.667 -13.4227 -23.6212 24.1617 -8.71912 -24.8397 24.7797 -2.96993 -25.7322 24.2555 2.85624 -25.8447 22.741 8.44255 -24.9897 20.4872 13.4874 -23.0656 18.0705 17.384 -20.3987 15.5397 20.5083 -16.9389 13.1032 22.8106 -12.828 -0.353454 -0.32712 -0.307963 -0.294937 -0.380761 -0.340067 -0.343797 -0.361303 -0.432772 -0.445066 -0.464567 -0.488937 -0.52437 -0.546283 -0.579662 -0.619396 -0.505967 -0.51767 -0.53275 -0.550231 -0.265964 -0.268061 -0.276826 -0.290726 0.127474 0.0980402 0.0625023 0.0146059 0.302398 0.219363 0.151207 0.110242 0.211802 0.154124 0.162901 0.220529 -0.117371 -0.119768 -0.11125 -0.103502 -0.767548 -0.813587 -0.877324 -0.970621 -0.953413 -1.1117 -1.34437 -1.68339 -1.32796 -1.60098 -1.90508 -2.21534 -0.336841 -0.191761 0.0975336 0.495694 0.117338 0.145083 0.235769 0.402647 -0.11623 0.0288707 0.224408 0.457834 0.0577525 0.231508 0.404078 0.570505 0.160724 0.225254 0.269565 0.289692 -0.121857 -0.243275 -0.420041 -0.663653 -0.487499 -0.647797 -0.681204 -0.429071 0.978919 1.04834 1.12197 1.20099 1.30409 1.32849 1.37604 1.44341 1.21979 1.25387 1.31926 1.41794 0.991516 1.11548 1.27674 1.43193 1.00202 1.07594 1.1094 1.11549 1.64211
11.2382 22.2786 -7.48247 9.74826 22.8928 -3.8574 8.41318 23.1672 -0.131713 7.20398 23.1391 3.64658 6.07176 22.8357 7.43664 4.40748 21.8953 13.0477 2.54208 20.3675 18.4628 0.257121 18.2145 23.4908 -2.60335 15.4031 27.8556 -5.13967 12.891 30.448 -7.97684 10.0736 32.3129 -11.0178 7.03772 33.3132 -14.1219 3.90299 33.3623 -18.0396 -0.144698 31.965 -21.4506 -3.83758 29.0645 -24.1124 -6.96549 24.9638 -25.9083 -9.42987 20.0255 -26.7457 -11.0096 15.4314 -26.9795 -12.1646 10.6445 -26.652 -12.973 5.79255 -25.8003 -13.5287 0.968783 -24.3599 -13.9493 -4.00539 -22.3677 -14.3186 -8.78962 -19.8135 -14.7468 -13.2937 -16.6847 -15.3283 -17.4006 -13.0977 -16.1064 -20.866 -9.01085 -17.1248 -23.6481 -4.51398 -18.3737 -25.5712 0.243153 -19.7995 -26.4748 4.40047 -21.0998 -26.3399 8.439 -22.3822 -25.3211 12.187 -23.5561 -23.4325 15.4715 -24.5289 -20.7385 18.9192 -25.4383 -16.0892 21.0404 -25.8323 -10.6417 21.7051 -25.6937 -4.82202 20.8913 -25.0525 0.944811 18.7125 -23.9895 6.20763 15.3411 -22.5883 10.707 11.0294 -20.944 14.2114 6.07461 -19.1382 16.6121 1.0971 -17.3356 17.8866 -3.98307 -15.4264 18.3293 -9.01511 -13.3553 18.1329 -13.8968 -11.0187 17.5344 -18.8604 -8.06979 16.7382 -23.4119 -4.48308 16.1168 -27.311 -0.15289 16.0011 -30.205 4.86186 16.6665 -31.2888 8.15403 17.5367 -31.7584 11.4828 18.7487 -31.5668 14.7189 20.2525 -30.7071 17.7354 21.9648 -27.9924 21.9049 24.9398 -23.9325 24.9682 27.7219 -18.9108 26.8589 29.9158 -13.3217 27.6516 31.235 -8.54932 27.5856 31.5347 -3.83091 26.9532 31.0799 0.660947 25.8329 29.8806 4.77144 24.2882 27.9864 8.62226 22.1989 25.2528 11.7019 19.7173 21.9325 13.8466 16.8891 18.1818 14.8903 13.7808 14.1924 14.6706 10.4582 10.1503 13.0745 7.14957 6.41796 10.1515 4.09801 3.32442 6.13473 1.54583 1.13874 1.9511 -0.178637 0.0508004 -2.5294 -1.39091 -0.289429 -7.10536 -2.20872 -0.0607225 -11.684 -2.84144 0.483591 -17.3785 -3.74945 1.19602 -22.9612 -5.35334 1.33562 -27.992 -8.08409 0.339192 -31.5997 -11.9519 -2.06541 -32.8829 -16.0852 -5.33608 -31.8953 -19.987 -8.97335 -28.9987 -23.1055 -12.337 -24.842 -25.2782 -15.0632 -21.8104 -26.2463 -16.4469 -18.602 -26.9402 -17.5726 -15.2871 -27.4122 -18.4839 -11.9095 -27.6965 -19.2283 -6.26836 -27.7811 -20.1901 -0.620153 -27.3407 -21.0017 4.94026 -26.2517 -21.8085 10.2666 -24.3613 -22.7092 14.6243 -21.9082 -23.6228 18.4275 -18.6787 -24.5966 21.4577 -14.7016 -25.5142 23.5371 -10.1173 -26.223 24.6415 -4.38254 -26.5751 24.4124 1.45188 -26.203 23.0495 6.99924 -24.9377 20.8603 11.9404 -22.6962 18.4636 15.7042 -19.8282 15.9316 18.6864 -16.246 13.4755 20.8643 -12.0793 -0.540367 -0.513318 -0.492492 -0.476885 -0.558344 -0.511379 -0.508868 -0.521897 -0.592422 -0.606748 -0.631125 -0.663384 -0.710602 -0.747063 -0.794236 -0.845221 -0.738869 -0.75407 -0.769781 -0.785352 -0.497018 -0.493409 -0.495726 -0.503268 -0.0796547 -0.105203 -0.138714 -0.186039 0.100787 0.01547 -0.0559873 -0.100789 -0.00280225 -0.0665608 -0.0681551 -0.0256481 -0.382555 -0.406433 -0.420457 -0.435123 -1.12033 -1.18682 -1.27214 -1.38979 -1.40169 -1.59453 -1.86293 -2.22739 -1.8707 -2.12364 -2.38921 -2.64649 -0.690887 -0.457222 -0.100131 0.343041 -0.0130519 0.0194659 0.0989924 0.238403 -0.324061 -0.234191 -0.0935803 0.0968102 -0.325551 -0.149241 0.0485256 0.256331 -0.106024 0.00492878 0.093733 0.154978 -0.212393 -0.277206 -0.373649 -0.493774 -0.151764 -0.118354 0.0438418 0.453685 1.94633 2.05581 2.1497 2.23313 2.32447 2.3131 2.31437 2.33376 2.06684 2.06315 2.09514 2.16545 1.71318 1.81183 1.95061 2.08784 1.64542 1.71117 1.73946 1.74292 2.45604
11.5847 19.9797 -6.54992 10.0216 20.5182 -2.94367 8.58077 20.7427 0.745796 7.23364 20.6943 4.47693 5.93226 20.3998 8.21301 3.96092 19.5198 13.7336 1.73665 18.0859 19.0378 -0.935695 16.032 23.914 -4.17446 13.2963 28.0569 -6.95215 10.8119 30.4184 -9.96679 7.99781 31.9861 -13.0919 4.94917 32.6217 -16.1621 1.80275 32.2494 -19.8346 -2.22353 30.2528 -22.7859 -5.81253 26.7752 -24.8278 -8.73192 22.1934 -25.9233 -10.8864 16.9168 -26.1656 -12.1395 12.1551 -25.8456 -12.9277 7.29925 -25.0326 -13.347 2.45506 -23.7779 -13.5074 -2.30969 -22.0048 -13.5201 -7.19337 -19.7678 -13.504 -11.8827 -17.0433 -13.5805 -16.306 -13.8016 -13.8529 -20.3571 -10.1419 -14.3773 -23.7939 -6.00192 -15.1902 -26.5652 -1.45875 -16.2786 -28.477 3.34159 -17.5792 -29.3402 7.52358 -18.785 -29.1185 11.5501 -19.9675 -27.9433 15.2086 -21.0132 -25.8187 18.2976 -21.8402 -22.8579 21.3292 -22.5632 -17.8964 22.9212 -22.8466 -12.2648 23.0111 -22.7302 -6.40744 21.6236 -22.2768 -0.733009 18.9011 -21.5653 4.33223 15.022 -20.6552 8.53919 10.2548 -19.5946 11.6575 4.92063 -18.4071 13.5838 -0.324808 -17.1642 14.3517 -5.58294 -15.7523 14.2639 -10.7191 -14.0867 13.5608 -15.6632 -12.0482 12.5359 -20.6864 -9.30178 11.4445 -25.32 -5.82939 10.7825 -29.3277 -1.60171 10.9598 -32.3462 3.20562 12.2805 -33.5177 6.26534 13.7074 -34.0906 9.26697 15.56 -34.0312 12.09 17.7502 -33.3449 14.638 20.16 -31.005 18.0334 24.2345 -27.403 20.4999 28.0488 -22.8332 22.1291 31.2218 -17.5803 23.0681 33.4872 -12.9299 23.4228 34.5445 -8.15524 23.4386 34.8138 -3.4126 23.1252 34.2854 1.14208 22.4616 32.9875 5.67123 21.3042 30.7934 9.59975 19.6255 27.8925 12.7165 17.3762 24.4439 14.8028 14.5535 20.6563 15.6596 11.1846 16.7394 15.1081 7.49323 13.0658 13.1425 3.76688 9.95509 9.9293 0.334703 7.64832 6.27677 -2.23771 6.34374 2.13023 -4.24457 5.68112 -2.29388 -5.67668 5.48918 -6.85276 -6.61265 5.52349 -12.6247 -7.27745 5.48353 -18.3733 -7.71284 4.7604 -23.8217 -8.25996 2.81764 -28.3948 -9.21093 -0.637889 -31.1896 -10.6067 -5.07298 -32.0654 -12.4525 -10.0984 -30.9432 -14.5794 -14.9612 -28.152 -16.7831 -19.0579 -25.7445 -18.1614 -21.1426 -22.9905 -19.4782 -22.793 -19.9961 -20.7088 -24.0428 -16.8374 -21.827 -24.9452 -11.3887 -23.352 -25.8061 -5.75733 -24.3103 -26.1579 -0.0378482 -24.497 -26.2428 5.62999 -23.7035 -26.2621 10.4345 -22.0451 -26.3502 14.8087 -19.4643 -26.5692 18.5224 -16.0074 -26.8851 21.3324 -11.7775 -27.1157 23.242 -6.24784 -27.0305 23.69 -0.460927 -26.2942 22.8306 5.10543 -24.7104 20.9732 10.0496 -22.1933 18.7546 13.7641 -19.1246 16.3097 16.6457 -15.4022 13.8688 18.6934 -11.1613 -0.566605 -0.538945 -0.5167 -0.498719 -0.575838 -0.522136 -0.512261 -0.51898 -0.586399 -0.60064 -0.627676 -0.665754 -0.722726 -0.772022 -0.831916 -0.893638 -0.794322 -0.813315 -0.83025 -0.844761 -0.553425 -0.545263 -0.542198 -0.544232 -0.115806 -0.138013 -0.170416 -0.219243 0.0633509 -0.0278533 -0.10585 -0.154162 -0.0575756 -0.123613 -0.131825 -0.101833 -0.476827 -0.523015 -0.562013 -0.602912 -1.31411 -1.4066 -1.5197 -1.66807 -1.71504 -1.94591 -2.24774 -2.62805 -2.26022 -2.48926 -2.71883 -2.93234 -0.917443 -0.617033 -0.209366 0.26323 -0.087113 -0.0672548 -0.0165096 0.0813516 -0.532152 -0.496549 -0.40443 -0.251245 -0.696426 -0.527685 -0.324133 -0.101052 -0.443303 -0.309304 -0.191737 -0.0929619 -0.405706 -0.389945 -0.388508 -0.392135 0.0799207 0.25391 0.562564 1.1054 2.67698 2.82485 2.93334 3.00943 3.06547 2.98239 2.90447 2.85279 2.53007 2.4815 2.46821 2.49414 1.99726 2.05258 2.15727 2.2735 1.82127 1.8827 1.90866 1.91088 2.65019
12.3773 17.6688 -5.17862 10.7715 18.1727 -1.58611 9.22906 18.3624 2.06399 7.72887 18.2814 5.73569 6.23085 17.9576 9.39488 3.89976 17.0391 14.767 1.26699 15.5656 19.8695 -1.82434 13.4606 24.4684 -5.44188 10.6531 28.2325 -8.43465 8.10193 30.2325 -11.5751 5.21901 31.3685 -14.7082 2.11613 31.512 -17.6484 -1.04719 30.61 -20.9344 -5.00213 27.9184 -23.2961 -8.38244 23.8342 -24.6272 -10.9539 18.8042 -24.9886 -12.6472 13.2646 -24.6551 -13.4496 8.41202 -23.8402 -13.7571 3.55978 -22.6326 -13.6856 -1.21929 -21.0869 -13.3599 -5.88914 -19.1091 -12.876 -10.6692 -16.7497 -12.3862 -15.2722 -13.9549 -12.0153 -19.6363 -10.662 -11.867 -23.6524 -6.94318 -12.0072 -27.0628 -2.71938 -12.458 -29.7898 1.92936 -13.2048 -31.6096 6.83166 -14.1841 -32.3084 11.0633 -15.1331 -31.8791 15.0665 -16.0877 -30.4453 18.5941 -16.9524 -28.0369 21.455 -17.6692 -24.8285 24.0498 -18.3524 -19.6199 25.0962 -18.7258 -13.867 24.5776 -18.8404 -8.03193 22.5678 -18.7678 -2.52872 19.2651 -18.5764 2.22839 14.8856 -18.3042 6.01268 9.73031 -17.9523 8.63439 4.12962 -17.4801 10.0429 -1.27057 -16.8554 10.3538 -6.62098 -15.9636 9.87749 -11.8222 -14.6931 8.88659 -16.8338 -12.9214 7.70553 -21.9497 -10.3448 6.63079 -26.6975 -6.99025 6.21614 -30.8262 -2.93211 6.88769 -33.9655 1.54272 8.90921 -35.2226 4.2862 10.8231 -35.9004 6.89032 13.1746 -35.9774 9.25607 15.8518 -35.468 11.3202 18.7241 -33.5007 13.9601 23.4956 -30.3519 15.8331 27.9881 -26.2572 17.1197 31.8848 -21.4288 18.0046 34.9686 -17.0368 18.5286 36.7869 -12.3964 18.8854 37.8865 -7.62945 19.0463 38.234 -2.86614 18.9404 37.822 2.10989 18.4142 36.5457 6.70853 17.3249 34.4642 10.685 15.5621 31.681 13.7631 13.084 28.3568 15.6884 9.90994 24.6629 16.1929 6.2752 20.9266 15.1968 2.49922 17.4373 12.7947 -1.04983 14.4274 9.68182 -3.74012 12.2519 5.88856 -5.82867 10.5461 1.65791 -7.24541 9.22141 -2.80088 -8.00632 8.1256 -8.45874 -8.15403 6.81182 -14.0026 -7.66949 5.14144 -19.2222 -6.87401 2.71616 -23.8198 -6.13492 -0.758644 -27.1732 -5.84122 -5.01287 -29.2349 -6.19318 -10.0184 -29.7374 -7.32523 -15.3 -28.6498 -9.19573 -20.2748 -27.2186 -10.6933 -23.0588 -25.3056 -12.3461 -25.4359 -23.0062 -14.076 -27.3756 -20.4045 -15.8054 -28.8864 -15.6151 -18.4829 -30.5133 -10.3798 -20.6558 -31.3036 -4.82985 -22.0397 -31.4984 0.880816 -22.3641 -31.3048 5.88967 -21.578 -30.937 10.5927 -19.709 -30.4575 14.7281 -16.8056 -29.9005 18.0819 -13.0384 -29.2663 20.7434 -7.92403 -28.2711 22.002 -2.41685 -26.7486 21.9225 2.99264 -24.5209 20.7369 7.86575 -21.5079 18.9915 11.5502 -18.1146 16.8738 14.408 -14.1794 14.6146 16.4241 -9.82426 -0.544763 -0.515092 -0.490518 -0.469878 -0.543135 -0.484246 -0.469144 -0.47166 -0.537272 -0.551957 -0.581504 -0.624703 -0.689897 -0.749357 -0.81842 -0.886558 -0.78979 -0.808185 -0.821889 -0.830955 -0.532269 -0.515291 -0.502748 -0.495219 -0.0577517 -0.0717046 -0.0965433 -0.137237 0.153609 0.0698589 -0.0019881 -0.0450307 0.0526746 -0.0171237 -0.0336932 -0.016496 -0.408552 -0.475667 -0.538835 -0.606274 -1.34477 -1.46472 -1.60588 -1.78209 -1.85565 -2.10776 -2.41808 -2.78694 -2.392 -2.59245 -2.78883 -2.96739 -0.90878 -0.561426 -0.118438 0.37473 0.0284444 0.0401791 0.07325 0.14719 -0.493331 -0.483127 -0.409763 -0.266763 -0.714514 -0.544571 -0.341587 -0.125028 -0.479238 -0.359027 -0.253715 -0.162021 -0.474661 -0.446481 -0.422191 -0.393282 0.116928 0.333001 0.686961 1.27461 2.87818 3.04586 3.16697 3.24664 3.29168 3.16957 3.03356 2.91952 2.54319 2.45238 2.40239 2.38691 1.83815 1.82911 1.86669 1.92717 1.44142 1.48728 1.50787 1.50986 2.22904
14.0068 15.8182 -3.70355 12.483 16.1876 -0.0593475 10.9551 16.2378 3.60144 9.41119 16.0062 7.24854 7.82233 15.517 10.8506 5.29098 14.3198 16.0752 2.42435 12.53 20.9452 -0.886454 10.0796 25.2081 -4.65721 6.92028 28.5152 -7.68726 4.12814 30.0924 -10.7786 1.0484 30.743 -13.7632 -2.17786 30.3581 -16.454 -5.36321 28.9166 -19.2806 -9.16403 25.5628 -21.0964 -12.1779 20.9472 -21.8756 -14.2029 15.5641 -21.7524 -15.2234 9.85198 -21.0994 -15.3962 4.96871 -20.0656 -15.0484 0.161113 -18.742 -14.3144 -4.53058 -17.1754 -13.3302 -9.10007 -15.2613 -12.1633 -13.7871 -13.0262 -11.0035 -18.3317 -10.3818 -9.9753 -22.6843 -7.22595 -9.18223 -26.7347 -3.59156 -8.71023 -30.2057 0.617703 -8.56985 -32.9882 5.31841 -8.7576 -34.8179 10.3044 -9.22525 -35.4513 14.5918 -9.78639 -34.9084 18.6082 -10.4228 -33.3412 22.1119 -11.068 -30.8313 24.903 -11.6712 -27.5392 27.3086 -12.3692 -22.2425 28.0551 -12.9509 -16.4603 27.1636 -13.4692 -10.6926 24.7689 -13.9902 -5.37061 21.1337 -14.5509 -0.893395 16.5103 -15.1502 2.54758 11.2097 -15.7234 4.81659 5.53822 -16.1557 5.92219 0.0963487 -16.3004 6.04121 -5.31605 -16.06 5.49602 -10.6312 -15.3063 4.58502 -15.8162 -13.9273 3.65567 -21.1602 -11.6791 3.06101 -26.1275 -8.64371 3.34132 -30.4117 -4.99803 4.86447 -33.6245 -1.10095 7.77251 -34.9062 1.20694 10.181 -35.611 3.3369 12.9625 -35.7353 5.22007 15.9971 -35.3066 6.8248 19.1612 -33.5493 8.83058 24.3084 -30.7021 10.2642 29.1504 -26.9695 11.3274 33.4566 -22.5186 12.198 37.0674 -18.4105 12.8506 39.4272 -13.9931 13.4459 41.1598 -9.35329 13.9353 42.2099 -4.59079 14.2258 42.533 0.548619 14.1781 42.0323 5.48651 13.5937 40.6387 9.96122 12.341 38.3861 13.6617 10.3661 35.3741 16.2996 7.69061 31.7259 17.5524 4.53996 27.7347 17.2942 1.22644 23.6875 15.5747 -1.89162 19.8474 12.9904 -4.22671 16.7605 9.63593 -5.97867 14.0515 5.75939 -7.06038 11.7142 1.59359 -7.46836 9.67946 -3.74061 -7.13001 7.40109 -8.97514 -6.08904 5.10428 -13.941 -4.6521 2.45198 -18.4754 -3.173 -0.866245 -22.1115 -2.10406 -4.7478 -24.9044 -1.64812 -9.37618 -26.5716 -2.04462 -14.5233 -26.9115 -3.38186 -19.7698 -26.4072 -4.69115 -22.9437 -25.3652 -6.28397 -25.8453 -23.8378 -8.0732 -28.3963 -21.8866 -9.96276 -30.556 -17.8968 -13.0691 -33.2369 -13.1608 -15.7927 -34.9417 -7.87218 -17.7899 -35.8344 -2.23717 -18.7612 -36.0746 2.83721 -18.5669 -35.8405 7.72066 -17.2911 -35.2354 12.1355 -14.9607 -34.2763 15.8253 -11.7237 -32.9536 18.9411 -7.19431 -30.9517 20.743 -2.25907 -28.3771 21.2843 2.61615 -25.1879 20.7501 7.02716 -21.3814 19.5627 10.3702 -17.438 17.921 12.9581 -13.1085 16.0198 14.7586 -8.49542 -0.583014 -0.554459 -0.530448 -0.510417 -0.584918 -0.528919 -0.518449 -0.527422 -0.600073 -0.621534 -0.658111 -0.708679 -0.781535 -0.846689 -0.917258 -0.982353 -0.879076 -0.888932 -0.892222 -0.889443 -0.577407 -0.545649 -0.517329 -0.493115 -0.0384474 -0.0349369 -0.0419489 -0.0628969 0.248234 0.183951 0.130913 0.0990954 0.201385 0.129025 0.103818 0.107038 -0.303881 -0.393991 -0.483208 -0.578371 -1.34402 -1.48923 -1.65288 -1.84639 -1.92931 -2.17813 -2.46848 -2.80045 -2.36508 -2.53235 -2.69528 -2.84183 -0.745697 -0.360536 0.109134 0.616613 0.272457 0.278573 0.30091 0.361623 -0.292609 -0.29439 -0.230223 -0.0951801 -0.55319 -0.399872 -0.221887 -0.037259 -0.424365 -0.334053 -0.254944 -0.184291 -0.514291 -0.497135 -0.477043 -0.446634 0.068184 0.290885 0.653168 1.25054 2.86298 3.0381 3.16691 3.25394 3.30615 3.18542 3.03827 2.90333 2.50344 2.39064 2.31858 2.28079 1.70201 1.64555 1.62087 1.61574 1.07802 1.09016 1.09148 1.08426 1.83846
17.1106 17.0507 -2.86667 15.8615 16.9258 0.89664 14.5894 16.4836 4.62827 13.2836 15.7608 8.304 11.9186 14.7808 11.8977 9.70512 12.8534 17.0478 7.15806 10.3473 21.7775 4.1853 7.21928 25.8414 0.774031 3.46132 28.9038 -1.98597 0.307682 30.2829 -4.82461 -3.03925 30.7354 -7.59859 -6.42225 30.1654 -10.1471 -9.64698 28.562 -12.9231 -13.3295 25.0382 -14.8599 -16.0628 20.2987 -15.92 -17.6884 14.8289 -16.2049 -18.2322 9.05762 -15.9691 -17.9639 4.14081 -15.3954 -17.1546 -0.688122 -14.5568 -15.9447 -5.39298 -13.4854 -14.4706 -9.9736 -12.0907 -12.7669 -14.6796 -10.3594 -11.0398 -19.2637 -8.18955 -9.40193 -23.6913 -5.46322 -7.94758 -27.8681 -2.18463 -6.7813 -31.5247 1.75066 -5.90531 -34.5621 6.28172 -5.34161 -36.7142 11.2212 -5.08405 -37.7217 15.5745 -5.08205 -37.5206 19.7508 -5.25056 -36.287 23.4952 -5.55226 -34.0778 26.5879 -5.95508 -31.034 29.4588 -6.61746 -25.9695 30.6997 -7.41265 -20.2988 30.3031 -8.35322 -14.5292 28.3852 -9.45088 -9.10272 25.1873 -10.673 -4.42788 20.9451 -11.9633 -0.697857 15.9421 -13.202 1.94973 10.4602 -14.2331 3.51827 5.08761 -14.8618 4.14216 -0.354773 -15.0324 4.16356 -5.77828 -14.6412 3.87805 -11.1206 -13.6177 3.63083 -16.6544 -11.799 3.81885 -21.8058 -9.29979 4.90658 -26.2544 -6.32122 7.2096 -29.6078 -3.19555 10.8083 -30.9631 -1.382 13.5732 -31.7304 0.261431 16.6523 -31.9043 1.68495 19.9254 -31.5106 2.87175 23.2731 -29.7763 4.31156 28.614 -26.9148 5.33231 33.5512 -23.1414 6.13849 37.8776 -18.6388 6.90467 41.4477 -14.4928 7.58319 43.7326 -10.0509 8.30321 45.3517 -5.40693 9.01314 46.2458 -0.664431 9.61677 46.3661 4.426 10.007 45.5904 9.29257 9.95744 43.864 13.6876 9.32399 41.2279 17.3218 8.02941 37.7953 19.9324 6.06781 33.7011 21.2176 3.60247 29.2631 21.0545 0.888272 24.7873 19.4734 -1.76393 20.5575 17.0205 -3.81693 17.1768 13.7799 -5.41107 14.2413 9.98018 -6.44326 11.7599 5.84392 -6.88497 9.6726 0.476423 -6.66571 7.45877 -4.86702 -5.77354 5.35854 -10.0164 -4.46085 3.00908 -14.8127 -3.02648 0.0599447 -18.7684 -1.8787 -3.47071 -21.951 -1.19238 -7.81001 -24.0599 -1.19569 -12.8083 -24.8549 -2.0002 -18.114 -24.6236 -2.92028 -21.4519 -23.826 -4.10519 -24.6145 -22.5045 -5.48393 -27.5119 -20.7154 -6.97287 -30.0857 -16.8969 -9.46054 -33.5475 -12.2368 -11.6283 -36.0654 -6.96852 -13.1354 -37.7171 -1.33917 -13.6903 -38.5872 3.71841 -13.2049 -38.7523 8.56917 -11.7351 -38.363 12.9474 -9.32927 -37.4223 16.6207 -6.14914 -35.927 19.776 -1.84841 -33.5231 21.7107 2.69952 -30.3918 22.4899 7.05663 -26.5655 22.2901 10.8509 -22.1163 21.4684 13.5769 -17.6408 20.226 15.516 -12.8624 18.7316 16.6545 -7.90181 -0.610869 -0.594125 -0.581517 -0.573138 -0.663059 -0.627831 -0.640356 -0.673442 -0.76656 -0.803425 -0.852142 -0.910629 -0.986288 -1.04634 -1.10469 -1.15316 -1.03305 -1.02749 -1.0162 -0.999853 -0.674703 -0.62978 -0.587692 -0.54804 -0.0754274 -0.050799 -0.0330289 -0.0246115 0.31609 0.277812 0.246047 0.227774 0.335082 0.256063 0.214327 0.194414 -0.243167 -0.360864 -0.476499 -0.594975 -1.37856 -1.53536 -1.70321 -1.89195 -1.95974 -2.18163 -2.43469 -2.723 -2.25116 -2.39232 -2.53167 -2.65756 -0.53875 -0.131574 0.3545 0.872885 0.533407 0.538817 0.55532 0.604771 -0.0671718 -0.0941956 -0.0626653 0.0324607 -0.471437 -0.36621 -0.233026 -0.0856723 -0.499497 -0.427416 -0.360984 -0.298907 -0.635333 -0.622578 -0.605336 -0.57754 -0.0644012 0.157912 0.521725 1.12356 2.74301 2.92643 3.06687 3.16953 3.24859 3.16969 3.06575 2.96662 2.59079 2.49283 2.42951 2.39482 1.81306 1.74431 1.69601 1.65795 1.08561 1.06692 1.04219 1.01387 1.78067
22.4547 19.4705 -3.23601 21.4807 18.6692 0.525305 20.4505 17.5805 4.19845 19.3574 16.2462 7.77106 18.1823 14.6934 11.2275 16.225 11.99 16.1262 13.9254 8.82486 20.5795 11.2022 5.18717 24.3859 8.0246 1.10099 27.2744 5.39251 -2.17034 28.6291 2.59953 -5.54105 29.179 -0.259499 -8.88409 28.8401 -3.06788 -12.0477 27.5874 -6.48968 -15.688 24.6337 -9.39535 -18.4798 20.4567 -11.6541 -20.274 15.4204 -13.2349 -21.0632 9.89198 -14.0765 -21.0251 5.03472 -14.4967 -20.4373 0.158176 -14.5304 -19.4172 -4.66481 -14.1946 -18.0827 -9.39865 -13.4327 -16.4541 -14.2732 -12.2142 -14.7092 -19.013 -10.478 -12.9408 -23.5794 -8.15068 -11.2229 -27.8953 -5.2579 -9.65628 -31.7239 -1.70748 -8.23069 -35.0167 2.47952 -6.98051 -37.5438 7.18835 -5.94293 -39.0373 11.4849 -5.25554 -39.2802 15.734 -4.79695 -38.4272 19.6776 -4.55421 -36.5884 23.1215 -4.51257 -33.9181 26.7361 -4.75075 -29.3129 29.0187 -5.31148 -23.9458 29.8774 -6.17609 -18.2148 29.2963 -7.3045 -12.4947 27.3568 -8.60007 -7.19051 24.1846 -9.94537 -2.53198 19.9806 -11.17 1.26293 15.0071 -12.0872 4.09086 9.88972 -12.5165 5.9011 4.56474 -12.4254 7.03479 -0.794837 -11.7647 7.73292 -6.06881 -10.5365 8.30363 -11.5171 -8.65043 9.15517 -16.6295 -6.30174 10.6764 -21.185 -3.69829 13.2132 -24.861 -1.12459 16.9319 -26.5093 0.295061 19.767 -27.6156 1.52209 22.9357 -28.1359 2.52029 26.3273 -28.0561 3.28293 29.8177 -26.6919 4.05527 35.3987 -23.9569 4.45922 40.4941 -20.0711 4.7194 44.7881 -15.2909 5.02613 48.0533 -10.8769 5.3984 49.8554 -6.21156 5.87899 50.7904 -1.45973 6.41562 50.8369 3.22337 6.91281 50.0054 8.03556 7.26842 48.1661 12.4155 7.27883 45.4307 16.1723 6.81054 41.9188 19.1056 5.78527 37.7944 21.041 4.17925 33.2008 21.7666 2.10274 28.4482 21.1945 -0.254282 23.8067 19.3436 -2.64101 19.5285 16.734 -4.56652 16.1904 13.3828 -6.14486 13.3728 9.4921 -7.26728 11.0787 5.26499 -7.89062 9.23389 -0.235433 -7.99792 7.36494 -5.74673 -7.49673 5.59475 -11.0871 -6.58555 3.49492 -16.0436 -5.50165 0.663508 -20.0367 -4.57251 -2.8893 -23.0671 -3.93826 -7.344 -24.7973 -3.76792 -12.4828 -25.024 -4.13373 -17.8906 -24.3764 -4.63113 -21.2633 -23.1523 -5.29391 -24.442 -21.4188 -6.06861 -27.3467 -19.2514 -6.89268 -29.9284 -14.9104 -8.20491 -33.4195 -9.89057 -9.17697 -35.9908 -4.44753 -9.5421 -37.7212 1.17048 -9.07714 -38.7092 6.08902 -7.83776 -39.0466 10.7363 -5.77998 -38.9458 14.9255 -2.93741 -38.4848 18.5204 0.519506 -37.5011 21.7924 4.94884 -35.5246 24.0614 9.42002 -32.5094 25.3296 13.468 -28.4799 25.697 16.6984 -23.6156 25.4051 18.7108 -18.7165 24.6756 19.7956 -13.5757 23.6552 20.0085 -8.37473 -0.858748 -0.857577 -0.859479 -0.864886 -0.971153 -0.954383 -0.982877 -1.02735 -1.12462 -1.15971 -1.20138 -1.2474 -1.30319 -1.33709 -1.36898 -1.39381 -1.25592 -1.23764 -1.21712 -1.19459 -0.865524 -0.818112 -0.773501 -0.729358 -0.248368 -0.21006 -0.172612 -0.137831 0.231382 0.219268 0.213717 0.217172 0.340248 0.265502 0.21602 0.180865 -0.274467 -0.408349 -0.53595 -0.66068 -1.44431 -1.59558 -1.75259 -1.92548 -1.9726 -2.16882 -2.39214 -2.64862 -2.1516 -2.27467 -2.39807 -2.51033 -0.376475 0.0461795 0.548112 1.0847 0.763454 0.784297 0.812527 0.867462 0.192495 0.151404 0.157579 0.217529 -0.328171 -0.266179 -0.171785 -0.054907 -0.488859 -0.429227 -0.370602 -0.3135 -0.653834 -0.644546 -0.630222 -0.605041 -0.0926158 0.131238 0.499295 1.10868 2.73753 2.93096 3.08433 3.20356 3.31098 3.27754 3.22625 3.17938 2.84706 2.78146 2.74245 2.72772 2.16239 2.10335 2.05229 1.99761 1.3998 1.35303 1.30031 1.24634 2.24112
25.7684 15.3269 -3.92465 24.876 14.647 -0.119416 23.7663 13.6706 3.56212 22.4459 12.4296 7.09131 20.9173 10.9487 10.4393 18.2494 8.32388 15.036 15.1252 5.23623 19.0164 11.5744 1.71929 22.204 7.66791 -2.16573 24.3911 4.60445 -5.22732 25.2319 1.48827 -8.34924 25.3212 -1.59091 -11.4284 24.6127 -4.53638 -14.3446 23.1011 -8.05669 -17.7327 19.9684 -11.0221 -20.3853 15.7429 -13.3345 -22.1437 10.7184 -14.9689 -22.955 5.20874 -15.8476 -22.9361 0.357964 -16.289 -22.3363 -4.51525 -16.3221 -21.2507 -9.32391 -15.962 -19.7832 -14.0164 -15.1514 -17.9334 -18.8034 -13.8672 -15.8806 -23.4003 -12.0582 -13.7189 -27.7648 -9.6645 -11.5285 -31.8227 -6.72827 -9.4403 -35.358 -3.16977 -7.45322 -38.3361 0.980204 -5.63369 -40.5603 5.61116 -4.06135 -41.8101 9.83118 -2.98061 -41.9354 14.0367 -2.21674 -41.0854 17.9918 -1.76932 -39.3109 21.4957 -1.63184 -36.7232 25.2302 -1.91248 -32.2172 27.6204 -2.68954 -26.9244 28.5401 -3.89887 -21.2657 27.9761 -5.43796 -15.6405 26.0396 -7.13692 -10.4503 22.8884 -8.82138 -5.88881 18.7391 -10.2736 -2.11403 13.8491 -11.2787 0.827411 8.82514 -11.6571 2.8928 3.60477 -11.4014 4.41967 -1.63054 -10.5023 5.6164 -6.74996 -9.02618 6.73957 -12.0058 -6.95371 8.17052 -16.9475 -4.59999 10.172 -21.4573 -2.24491 13.0149 -25.3474 -0.190252 16.8373 -27.3116 0.79525 19.6553 -28.8897 1.52519 22.7773 -30.0311 1.98847 26.1319 -30.6967 2.20304 29.6363 -30.7138 2.10892 35.4326 -29.3812 1.7358 41.062 -26.7335 1.3548 46.205 -22.8954 1.18471 50.5462 -18.9928 1.29404 53.3081 -14.6065 1.62301 55.1847 -9.93563 2.10317 56.0915 -5.18222 2.61963 56.0004 -0.176889 3.06342 54.8104 4.47505 3.22555 52.5745 8.56196 2.98147 49.4274 11.8884 2.27367 45.5416 14.3119 1.10698 41.0481 15.6444 -0.401927 36.2134 15.807 -2.07509 31.2536 14.7903 -3.69452 26.3782 12.9564 -4.90281 22.2749 10.3591 -5.7622 18.5098 7.15839 -6.18876 15.1581 3.5378 -6.1581 12.2339 -1.31904 -5.52821 9.10764 -6.28155 -4.39284 6.30699 -11.1523 -2.95568 3.48398 -15.752 -1.44789 0.270107 -19.5923 -0.202404 -3.35349 -22.7352 0.682013 -7.68595 -24.8951 1.03584 -12.6498 -25.839 0.771373 -17.9854 -25.7474 0.284498 -21.42 -25.114 -0.415873 -24.7593 -23.9672 -1.27946 -27.9185 -22.3493 -2.24451 -30.8329 -18.7779 -3.89815 -34.988 -14.3026 -5.33847 -38.2516 -9.1627 -6.28698 -40.5833 -3.61613 -6.51278 -41.9758 1.41769 -5.97416 -42.4368 6.33149 -4.69408 -42.1961 10.9217 -2.69765 -41.3093 15.038 -0.113936 -39.8187 19.0653 3.29369 -37.2886 22.2628 6.79297 -33.859 24.61 10.0244 -29.5834 26.13 12.6845 -24.5989 26.8428 14.4198 -19.6373 26.979 15.4315 -14.432 26.6017 15.7163 -9.14874 -0.865106 -0.865105 -0.866476 -0.869944 -0.971839 -0.946121 -0.961087 -0.987379 -1.06562 -1.08386 -1.10948 -1.14205 -1.18625 -1.21264 -1.24242 -1.26908 -1.13476 -1.12008 -1.10257 -1.0818 -0.752767 -0.703147 -0.653769 -0.602082 -0.110807 -0.0596399 -0.00681322 0.0469403 0.435459 0.4396 0.443624 0.449102 0.565459 0.47374 0.401479 0.341434 -0.138102 -0.294035 -0.441112 -0.582774 -1.38059 -1.5435 -1.70958 -1.88793 -1.93571 -2.12502 -2.33132 -2.56047 -2.03478 -2.13405 -2.23343 -2.32278 -0.162034 0.285635 0.803528 1.34757 1.02712 1.04552 1.06957 1.11966 0.439407 0.392255 0.390488 0.43861 -0.125048 -0.0887015 -0.0275363 0.0500651 -0.424358 -0.403626 -0.382831 -0.361023 -0.736895 -0.760199 -0.771268 -0.763861 -0.264605 -0.0509942 0.308402 0.910247 2.53384 2.72388 2.87473 2.99222 3.09748 3.0595 2.99686 2.92917 2.56891 2.47259 2.39987 2.34574 1.73252 1.61365 1.49834 1.3834 0.738571 0.659202 0.585493 0.519987 1.51678
27.4633 13.783 -4.53919 27.0339 13.4608 -0.608504 26.2673 12.8138 3.22977 25.1611 11.8632 6.91909 23.718 10.6313 10.4031 20.9599 8.31398 15.1106 17.543 5.49268 19.048 13.5763 2.24796 22.0269 9.21337 -1.31676 23.8696 5.82735 -4.09382 24.4061 2.424 -6.89246 24.183 -0.897429 -9.61921 23.1841 -4.03894 -12.1695 21.4258 -7.75267 -15.084 18.0495 -10.848 -17.297 13.667 -13.2315 -18.6583 8.55314 -14.8773 -19.1063 3.00554 -15.7185 -18.7925 -1.84177 -16.082 -17.9025 -6.67689 -16.004 -16.5283 -11.4106 -15.5095 -14.7762 -15.9919 -14.5441 -12.6386 -20.628 -13.1028 -10.3234 -25.0503 -11.1428 -7.9421 -29.2314 -8.60922 -5.59639 -33.1138 -5.55149 -3.44215 -36.5034 -1.88938 -1.49468 -39.3803 2.34271 0.163839 -41.5755 7.03741 1.45329 -42.9085 11.3164 2.21033 -43.239 15.6286 2.5968 -42.7412 19.776 2.58653 -41.4028 23.5543 2.17039 -39.2713 27.7397 0.999057 -35.3419 30.5896 -0.797867 -30.5483 31.9102 -3.08008 -25.316 31.6582 -5.65576 -20.0594 29.9452 -8.2657 -15.178 26.9521 -10.695 -10.8521 22.9182 -12.7065 -7.2111 18.1202 -14.0983 -4.27584 13.1724 -14.7194 -2.08893 8.02203 -14.6366 -0.323727 2.84889 -13.8924 1.20395 -2.22151 -12.6007 2.71111 -7.44793 -10.798 4.55541 -12.398 -8.81015 6.90317 -16.9794 -6.90548 9.96077 -21.046 -5.33634 13.8294 -23.1943 -4.62862 16.5961 -25.0273 -4.13815 19.6243 -26.5012 -3.85725 22.8676 -27.5784 -3.75316 26.2734 -28.4161 -3.85254 32.0087 -28.0403 -3.99752 37.7918 -26.4023 -3.91556 43.352 -23.5286 -3.40549 48.3607 -20.3196 -2.59983 51.8137 -16.4912 -1.48768 54.4549 -12.2154 -0.177402 56.1493 -7.6797 1.17712 56.8292 -2.70387 2.49718 56.4231 2.13232 3.47698 54.9008 6.61148 3.97287 52.3794 10.5231 3.91606 49.0085 13.706 3.31203 44.8939 15.9123 2.26461 40.2613 16.9868 0.953912 35.3061 16.8292 -0.391405 30.2473 15.6422 -1.4127 25.8646 13.5402 -2.12001 21.7729 10.6727 -2.41279 18.1189 7.24101 -2.25706 14.9789 2.46601 -1.48278 11.7604 -2.53268 -0.221707 9.08052 -7.54064 1.31616 6.56766 -12.4029 2.89729 3.80772 -16.6467 4.18528 0.683293 -20.3872 5.08277 -3.14205 -23.3583 5.40993 -7.66924 -25.3071 5.06265 -12.7201 -25.9312 4.48286 -16.0841 -26.0448 3.65329 -19.4517 -25.6498 2.61991 -22.7408 -24.7621 1.44182 -25.8819 -22.2898 -0.656295 -30.5978 -18.7028 -2.64745 -34.5883 -14.1853 -4.22739 -37.7267 -8.97413 -5.13199 -39.9131 -4.00755 -5.21323 -40.994 1.02819 -4.56149 -41.236 5.89505 -3.21574 -40.6489 10.3977 -1.29585 -39.2769 14.9657 1.40479 -36.8128 18.8042 4.33438 -33.5089 21.9135 7.20416 -29.468 24.3265 9.7599 -24.7906 25.938 11.6281 -20.0949 27.0056 12.9569 -15.0718 27.5202 13.6817 -9.84236 -0.532329 -0.532396 -0.532948 -0.534837 -0.633604 -0.601748 -0.60707 -0.619455 -0.681846 -0.68454 -0.693503 -0.709656 -0.736147 -0.74524 -0.761299 -0.777643 -0.636167 -0.616201 -0.59414 -0.569231 -0.236233 -0.182904 -0.130472 -0.0768896 0.414445 0.463145 0.510278 0.553729 0.927111 0.912014 0.889401 0.860268 0.92785 0.774238 0.640107 0.524067 -0.00198608 -0.194274 -0.368616 -0.529955 -1.34091 -1.51187 -1.68156 -1.85891 -1.90076 -2.07854 -2.26823 -2.47738 -1.93465 -2.02188 -2.11083 -2.19232 -0.0263841 0.416169 0.913893 1.4221 1.05706 1.02913 1.00511 1.00917 0.28631 0.202471 0.171927 0.198397 -0.381214 -0.356672 -0.30484 -0.235762 -0.718561 -0.706242 -0.694289 -0.681376 -1.06692 -1.09981 -1.11931 -1.12046 -0.630256 -0.426797 -0.0791044 0.510113 2.12349 2.30617 2.45065 2.56283 2.66192 2.61648 2.54298 2.45919 2.07942 1.96386 1.87142 1.79636 1.1591 1.0121 0.868126 0.726879 0.0614245 -0.0323918 -0.115433 -0.185892 0.476534
27.6443 15.135 -6.66552 27.1693 15.1725 -2.72705 26.3239 14.9356 1.14176 25.1042 14.4316 4.88298 23.5122 13.6699 8.43602 20.467 12.0785 13.2663 16.6916 9.98913 17.3307 12.3102 7.46905 20.4274 7.49719 4.61289 22.3805 3.76522 2.3448 23.0076 0.0128782 0.0270189 22.8945 -3.6586 -2.26417 22.0367 -7.15251 -4.44623 20.4568 -11.337 -7.01598 17.363 -14.909 -9.0806 13.2809 -17.7572 -10.5023 8.4279 -19.8174 -11.1957 3.04646 -20.9302 -11.1942 -1.75608 -21.4576 -10.6714 -6.62959 -21.41 -9.68285 -11.459 -20.7987 -8.30986 -16.1541 -19.553 -6.55503 -20.883 -17.691 -4.61391 -25.3281 -15.2089 -2.6219 -29.4348 -12.1068 -0.71434 -33.1405 -8.51459 0.934313 -36.2803 -4.39705 2.2748 -38.8743 0.163464 3.22115 -40.8201 5.04251 3.71538 -42.0162 9.38536 3.75727 -42.3769 13.7218 3.44755 -42.0745 17.9194 2.80989 -41.0915 21.8421 1.88339 -39.4343 26.4583 0.272266 -36.2057 30.0445 -1.61763 -31.9752 32.3507 -3.61953 -26.9748 33.2026 -5.55746 -21.5115 32.5478 -7.24311 -16.0066 30.4645 -8.55678 -10.7617 27.1411 -9.40301 -6.09128 22.8597 -9.75077 -2.20244 18.2451 -9.65806 0.686404 13.2902 -9.23625 2.90458 8.1634 -8.59401 4.6228 2.96803 -7.85513 6.07582 -2.59738 -7.0985 7.63152 -8.08341 -6.5275 9.51405 -13.3451 -6.26969 12.0069 -18.1507 -6.40363 15.3015 -20.7325 -6.67886 17.7569 -22.9592 -7.08351 20.5225 -24.7694 -7.58026 23.5633 -26.1158 -8.11785 26.8296 -27.2425 -8.95118 32.4547 -27.0217 -9.47427 38.2239 -25.4804 -9.47016 43.8123 -22.7228 -8.8149 48.8692 -19.6552 -7.78087 52.3892 -16.0013 -6.37875 55.1374 -11.9036 -4.74417 56.9833 -7.51441 -3.05245 57.8453 -2.63423 -1.3767 57.6405 2.17755 -0.0750215 56.292 6.69072 0.689837 53.9019 10.6806 0.845136 50.6273 13.9918 0.41363 46.5929 16.4058 -0.473771 42.031 17.814 -1.60365 37.1151 18.1517 -2.721 32.0098 17.5394 -3.48661 27.4602 16.1026 -3.88403 23.0513 13.9307 -3.81468 18.9357 11.162 -3.25477 15.2369 7.10233 -1.94592 11.2916 2.65051 -0.17087 8.0069 -1.9963 1.80603 5.13318 -6.71015 3.71432 2.32294 -11.0553 5.19787 -0.566601 -15.1798 6.1964 -3.94611 -18.8369 6.55298 -7.93726 -21.7255 6.18888 -12.5148 -23.023 5.58829 -15.6767 -23.8229 4.73631 -18.9441 -24.0852 3.68623 -22.2412 -23.7914 2.5045 -25.4907 -22.1093 0.44396 -30.5582 -19.0529 -1.4415 -35.0143 -14.8434 -2.85553 -38.6248 -9.78996 -3.57323 -41.2136 -4.89 -3.52179 -42.5663 0.124916 -2.81042 -42.9983 5.01477 -1.50152 -42.5311 9.59015 0.287072 -41.2238 14.3035 2.75 -38.7845 18.334 5.40543 -35.4775 21.6498 8.02631 -31.4316 24.2516 10.4171 -26.7682 25.9983 12.2514 -22.1076 27.1569 13.6815 -17.1327 27.7127 14.6522 -11.9475 -0.941492 -0.930196 -0.917756 -0.905334 -0.984871 -0.928299 -0.907414 -0.892419 -0.93017 -0.911823 -0.900344 -0.897249 -0.904091 -0.895791 -0.900716 -0.912544 -0.772353 -0.757432 -0.743267 -0.728296 -0.407004 -0.366935 -0.329047 -0.291564 0.182048 0.211278 0.236938 0.25502 0.600401 0.556365 0.503748 0.447132 0.489836 0.321349 0.189312 0.0915217 -0.403927 -0.558129 -0.69121 -0.811445 -1.58446 -1.72093 -1.85784 -2.00274 -2.00928 -2.14635 -2.29118 -2.4527 -1.87086 -1.92922 -1.99064 -2.04656 0.148734 0.619711 1.13592 1.65257 1.28753 1.25494 1.22379 1.22027 0.491161 0.404355 0.37515 0.406771 -0.16537 -0.133081 -0.075102 -0.00249838 -0.484618 -0.47347 -0.463873 -0.453989 -0.843248 -0.88039 -0.904064 -0.90833 -0.420929 -0.219209 0.128329 0.719111 2.33478 2.51976 2.66717 2.78311 2.88912 2.85685 2.80162 2.73945 2.37988 2.27976 2.19769 2.12791 1.49206 1.34303 1.19513 1.05024 0.383402 0.291365 0.213719 0.152388 1.23477
24.8474 15.3583 -9.34915 24.6101 15.344 -5.38909 24.0136 15.0426 -1.47862 23.0499 14.4617 2.32564 21.7179 13.6095 5.96408 19.0622 11.8535 10.9642 15.6689 9.55622 15.2474 11.6485 6.7819 18.6055 7.15796 3.6304 20.8506 3.62783 1.12517 21.7033 0.0354995 -1.43376 21.8127 -3.52482 -3.95717 21.1634 -6.95985 -6.34804 19.7673 -11.143 -9.13373 16.8644 -14.7814 -11.3208 12.9066 -17.7305 -12.7529 8.11741 -19.8867 -13.3412 2.76111 -21.0485 -13.1688 -2.0267 -21.5786 -12.4146 -6.86949 -21.4801 -11.1516 -11.6337 -20.7669 -9.47811 -16.2156 -19.3718 -7.39259 -20.7651 -17.3403 -5.1147 -24.9697 -14.6973 -2.78058 -28.7855 -11.4711 -0.518867 -32.1722 -7.81331 1.49734 -35.007 -3.68978 3.24223 -37.3377 0.829394 4.64187 -39.0978 5.64944 5.64446 -40.2123 9.95915 6.16803 -40.5927 14.3074 6.37191 -40.3846 18.5831 6.26781 -39.5479 22.6596 5.88023 -38.0564 27.5908 4.97632 -35.024 31.5591 3.74576 -30.8926 34.2292 2.33441 -25.8719 35.3502 0.90536 -20.3014 34.8348 -0.368293 -14.6723 32.7834 -1.3747 -9.34759 29.4346 -2.03357 -4.66511 25.119 -2.32104 -0.809274 20.4866 -2.27824 2.05213 15.529 -1.985 4.28494 10.4099 -1.51488 6.0803 5.23248 -0.954703 7.67087 -0.296617 -0.362463 9.4159 -5.72579 0.0955662 11.485 -10.9265 0.295242 14.1078 -15.7108 0.135807 17.4322 -18.328 -0.163688 19.847 -20.6419 -0.615757 22.5324 -22.6002 -1.20292 25.4634 -24.1576 -1.89456 28.6046 -25.749 -3.15228 34.0352 -26.0841 -4.37454 39.692 -25.0991 -5.36217 45.3188 -22.792 -5.95339 50.604 -19.9483 -6.07102 54.4471 -16.3607 -5.85358 57.6017 -12.1859 -5.35046 59.8795 -7.62578 -4.65225 61.1395 -2.53299 -3.80917 61.2772 2.4452 -3.01497 60.1578 7.03984 -2.38296 57.8871 11.0343 -1.97459 54.6399 14.316 -1.79065 50.5628 16.7273 -1.78384 45.9139 18.2191 -1.86091 40.8945 18.7734 -1.91224 35.6871 18.4837 -1.84914 31.0424 17.4792 -1.63223 26.5032 15.8038 -1.23884 22.179 13.5251 -0.68093 18.1594 9.96257 0.17973 13.6508 5.79284 1.08764 9.70763 1.20771 1.87928 6.22775 -3.61048 2.38873 3.0207 -8.15132 2.47411 0.0534921 -12.5535 2.08675 -3.09313 -16.5926 1.17388 -6.59788 -19.9954 -0.25315 -10.5747 -21.6862 -1.39219 -13.3829 -22.9164 -2.65976 -16.3698 -23.6241 -3.99591 -19.4933 -23.7662 -5.32979 -22.6937 -22.7353 -7.34337 -27.9508 -20.207 -8.82267 -32.8675 -16.4177 -9.51039 -37.101 -11.7281 -9.26251 -40.3721 -7.1449 -8.24528 -42.3219 -2.45526 -6.55202 -43.313 2.11048 -4.31714 -43.3528 6.38775 -1.70808 -42.4925 10.8245 1.5357 -40.4862 14.6795 4.78882 -37.5216 17.9334 7.83389 -33.7305 20.5839 10.496 -29.2449 22.4598 12.4673 -24.6917 23.8157 13.9532 -19.7834 24.6232 14.92 -14.6307 -0.9715 -0.966073 -0.960098 -0.954759 -1.04402 -1.0006 -0.994537 -0.995739 -1.04827 -1.04243 -1.04276 -1.04991 -1.06624 -1.06528 -1.07378 -1.08578 -0.943289 -0.92477 -0.906153 -0.886332 -0.55998 -0.514722 -0.471467 -0.427987 0.0527761 0.09089 0.127834 0.161297 0.524898 0.500499 0.469335 0.433884 0.498561 0.349983 0.233048 0.146748 -0.340171 -0.48883 -0.619705 -0.74128 -1.51879 -1.66198 -1.8071 -1.96073 -1.97605 -2.1214 -2.2732 -2.44017 -1.86142 -1.92149 -1.98378 -2.03945 0.158624 0.638895 1.17409 1.72213 1.39723 1.40854 1.42462 1.46638 0.775903 0.71414 0.690922 0.708922 0.106162 0.0963727 0.108317 0.137573 -0.379086 -0.393604 -0.403188 -0.407073 -0.807064 -0.853741 -0.888014 -0.907758 -0.44223 -0.267386 0.04929 0.607593 2.19698 2.36346 2.49517 2.5995 2.6986 2.67475 2.64819 2.63179 2.32493 2.27496 2.238 2.20511 1.59914 1.47349 1.34109 1.20455 0.540135 0.446593 0.364817 0.297626 1.40399
25.1113 14.6519 -6.79183 24.2854 14.609 -2.91179 23.1353 14.313 0.873455 21.6673 13.7528 4.51623 19.8897 12.9223 7.96426 16.6858 11.1838 12.6387 12.8816 8.88092 16.5582 8.57551 6.09007 19.5257 3.90769 2.93331 21.3652 0.306218 0.445364 21.9171 -3.31008 -2.0756 21.7378 -6.85031 -4.5451 20.825 -10.2246 -6.87984 19.2038 -14.2751 -9.62307 16.0808 -17.7401 -11.8631 11.999 -20.505 -13.503 7.16667 -22.4997 -14.4927 1.80689 -23.5652 -14.8167 -2.99545 -24.0495 -14.6801 -7.89947 -23.9626 -14.113 -12.7957 -23.3211 -13.1558 -17.589 -22.0672 -11.7761 -22.4385 -20.2455 -10.0751 -26.9973 -17.8819 -8.11475 -31.1883 -15.0036 -5.95768 -34.9375 -11.7434 -3.7344 -38.0853 -8.06218 -1.44554 -40.6717 -4.00816 0.846387 -42.6191 0.35155 3.07497 -43.8464 4.29075 4.89196 -44.2632 8.31068 6.55969 -44.0369 12.3132 8.0277 -43.1328 16.1801 9.24554 -41.5341 20.9366 10.413 -38.3181 24.858 10.9572 -33.9988 27.6115 10.835 -28.8285 28.9466 10.0702 -23.175 28.7646 8.7777 -17.5296 27.1456 7.10438 -12.2236 24.2875 5.22856 -7.5453 20.4682 3.31784 -3.6291 16.2634 1.6073 -0.622022 11.6698 0.0481738 1.85134 6.84781 -1.32723 3.97409 1.91838 -2.5135 5.95975 -3.36452 -3.5864 8.17485 -8.52574 -4.48021 10.7302 -13.4066 -5.22134 13.8277 -17.8082 -5.83227 17.5986 -20.1608 -6.14911 20.2698 -22.1893 -6.42341 23.1991 -23.8417 -6.65385 26.3593 -25.0724 -6.83668 29.7093 -26.0907 -7.02177 35.4132 -25.8117 -7.03743 41.2036 -24.2109 -6.85563 46.7723 -21.3482 -6.45756 51.7974 -18.1382 -5.96119 55.3074 -14.2916 -5.32322 58.0762 -9.96991 -4.56227 59.9773 -5.361 -3.70557 60.9229 -0.294522 -2.71182 60.8245 4.61085 -1.69063 59.5751 9.10883 -0.686163 57.2458 12.9793 0.262106 53.9615 16.0763 1.1327 49.829 18.197 1.88528 45.1001 19.2558 2.50045 40.0083 19.232 2.96517 34.792 18.3394 3.24628 30.2329 16.701 3.39981 25.8795 14.4226 3.42523 21.8212 11.6285 3.32328 18.1005 7.60141 3.01869 13.9233 3.20604 2.52131 10.1559 -1.35448 1.83605 6.62147 -5.89896 0.972456 3.10553 -9.96581 0.0231842 -0.357219 -13.7013 -1.03319 -4.14685 -16.9222 -2.14662 -8.36785 -19.4277 -3.24567 -13.0524 -20.5515 -3.89608 -16.2705 -21.2507 -4.47693 -19.6196 -21.4876 -4.96152 -23.0476 -21.2372 -5.32448 -26.4896 -19.7485 -5.60672 -32.0086 -16.9767 -5.43037 -37.0126 -13.0904 -4.76433 -41.1608 -8.359 -3.62388 -44.1721 -3.71971 -2.2598 -45.74 1.0729 -0.630852 -46.2086 5.78162 1.18499 -45.598 10.2047 3.10524 -43.9884 14.7459 5.34311 -41.0554 18.5579 7.5068 -37.1799 21.567 9.50652 -32.5779 23.7549 11.2673 -27.4451 25.0407 12.6013 -22.4748 25.6818 13.6395 -17.3125 25.6991 14.3375 -12.0542 -2.15543 -2.13961 -2.12248 -2.10583 -2.1815 -2.12303 -2.10325 -2.09155 -2.13287 -2.11713 -2.10718 -2.10418 -2.10919 -2.09677 -2.09651 -2.10327 -1.95929 -1.94193 -1.92604 -1.90931 -1.58487 -1.53831 -1.48837 -1.43092 -0.927644 -0.857609 -0.778144 -0.687587 -0.254374 -0.199936 -0.140174 -0.0790851 0.0959145 0.0582262 0.0261174 -0.00492945 -0.463159 -0.602331 -0.73461 -0.860957 -1.64039 -1.77921 -1.91142 -2.04304 -2.02738 -2.13502 -2.24739 -2.37749 -1.77364 -1.81874 -1.86987 -1.91826 0.28409 0.763269 1.29414 1.84007 1.51922 1.54109 1.57404 1.63665 0.968435 0.926186 0.915835 0.939528 0.337232 0.326335 0.339821 0.376823 -0.124853 -0.118282 -0.100613 -0.0725229 -0.433068 -0.435022 -0.426569 -0.407911 0.0913918 0.297339 0.646493 1.24257 2.87002 3.07174 3.24412 3.39451 3.56108 3.62683 3.68511 3.73636 3.46946 3.43296 3.39046 3.34074 2.71217 2.56141 2.40641 2.25327 1.58041 1.48578 1.4089 1.35104 3.65153
30.8436 14.7007 -13.6898 30.265 14.4464 -9.77328 29.2581 13.9873 -5.96359 27.835 13.3269 -2.3198 26.0145 12.4721 1.09982 22.611 10.8559 5.676 18.4945 8.87771 9.45474 13.8086 6.60022 12.282 8.72655 4.10147 14.0331 4.80641 2.15277 14.5809 0.865208 0.1735 14.4606 -3.00428 -1.79222 13.668 -6.7316 -3.65944 12.2239 -11.2932 -5.87205 9.39876 -15.3086 -7.74072 5.64771 -18.6381 -9.21003 1.12658 -21.1756 -10.2428 -3.99008 -22.6523 -10.7621 -8.66473 -23.4763 -10.9485 -13.5216 -23.6366 -10.8073 -18.4467 -23.1369 -10.3503 -23.3298 -21.9146 -9.54686 -28.3152 -20.012 -8.44055 -33.0216 -17.4757 -7.06448 -37.3422 -14.3644 -5.45667 -41.18 -10.8566 -3.71288 -44.3635 -6.9439 -1.8325 -46.9394 -2.70377 0.133742 -48.846 1.82923 2.08675 -49.9032 5.8842 3.68216 -49.9678 9.90477 5.14566 -49.14 13.6755 6.42757 -47.3706 16.9819 7.48157 -44.7346 20.4315 8.47145 -40.1032 22.5563 8.93609 -34.6627 23.3223 8.89408 -28.854 22.8326 8.40883 -23.0355 21.2924 7.57683 -17.5118 18.9051 6.48062 -12.3471 15.8664 5.19882 -7.58288 12.3476 3.79838 -3.19739 8.73337 2.42439 0.636529 4.91899 1.03249 4.26459 0.986846 -0.344237 7.77066 -2.98991 -1.67515 11.244 -7.20767 -3.04886 15.0243 -11.2847 -4.39284 18.9662 -15.1285 -5.6805 23.1536 -18.6281 -6.8794 27.6572 -20.5387 -7.55124 30.6016 -22.2326 -8.16345 33.6881 -23.6704 -8.70374 36.9148 -24.8093 -9.15862 40.2713 -25.9256 -9.68355 45.9357 -25.9626 -9.88645 51.7291 -24.7737 -9.71365 57.4003 -22.2926 -9.13277 62.6073 -19.3073 -8.34646 66.2597 -15.5933 -7.3104 69.0885 -11.3423 -6.07601 70.8982 -6.80564 -4.71513 71.5591 -1.90819 -3.19987 70.9385 2.65243 -1.74145 69.0046 6.59212 -0.432185 65.9336 9.71578 0.660351 61.9693 11.9503 1.50741 57.3093 13.2346 2.07983 52.2645 13.6253 2.38769 47.0512 13.2207 2.45566 41.8302 12.2914 2.34181 37.2712 10.911 2.08862 32.8337 9.16093 1.72059 28.5368 7.11617 1.26098 24.3812 4.24556 0.589092 19.3744 1.13764 -0.153699 14.5216 -2.10439 -0.932523 9.76312 -5.33929 -1.79636 5.01449 -8.25415 -2.63102 0.515785 -10.9724 -3.44836 -4.10745 -13.3891 -4.20149 -8.90576 -15.3851 -4.83945 -13.9098 -16.3712 -5.15816 -17.2217 -17.0911 -5.3912 -20.6084 -17.5053 -5.52259 -24.0513 -17.5744 -5.53653 -27.5208 -16.859 -5.27182 -33.1929 -14.9938 -4.59886 -38.5616 -11.9469 -3.49816 -43.2796 -7.82157 -1.99918 -46.9524 -3.46672 -0.400096 -49.0309 1.20716 1.39553 -49.9098 5.90398 3.3249 -49.6656 10.4345 5.28879 -48.4575 15.3254 7.47688 -46.1071 19.7514 9.48192 -42.8479 23.581 11.2381 -38.788 26.7017 12.6875 -34.0559 28.8395 13.6949 -29.307 30.2645 14.3798 -24.2437 30.9394 14.72 -18.9933 -6.94988 -6.93931 -6.92389 -6.90503 -6.97218 -6.89515 -6.84816 -6.80174 -6.80811 -6.76048 -6.7181 -6.68261 -6.65022 -6.59758 -6.56147 -6.53796 -6.37138 -6.33765 -6.30914 -6.28293 -5.95122 -5.89885 -5.84379 -5.78087 -5.2709 -5.19209 -5.10098 -4.99671 -4.54872 -4.47764 -4.39634 -4.30672 -4.08819 -4.06426 -4.02653 -3.9849 -4.37307 -4.44818 -4.52343 -4.59942 -5.33493 -5.43382 -5.52685 -5.61845 -5.56038 -5.62275 -5.68638 -5.76446 -5.11677 -5.12841 -5.14638 -5.1625 -2.92017 -2.39644 -1.82832 -1.25342 -1.55515 -1.52128 -1.48011 -1.41159 -2.07427 -2.10937 -2.10933 -2.07048 -2.65175 -2.63533 -2.58881 -2.51415 -2.97748 -2.93367 -2.87892 -2.81497 -3.13742 -3.10079 -3.05748 -3.00458 -2.47473 -2.24064 -1.86323 -1.23709 0.417569 0.642383 0.839748 1.01705 1.22177 1.33848 1.4483 1.54729 1.31794 1.3087 1.2871 1.25266 0.634279 0.487037 0.328777 0.167025 -0.517604 -0.625363 -0.715986 -0.786908 6.29811
