# num_vectors 19
# vector_size 401
# Iterations: 901, stepsize: 0.027267, max step size: 1.000000, spring constant: 0.000100, global NEB Hessian: false, global NEB Linesearch: true, climbing image: false
21.879 29.6293 -13.6473 19.7188 32.3712 -11.7619 17.5207 34.7112 -9.43153 15.353 36.5785 -6.68328 13.2909 37.9096 -3.56649 10.5638 38.8378 1.61411 8.03713 38.9447 6.97531 5.01934 38.4254 12.0508 1.12571 37.1273 16.3277 -2.17214 35.6754 18.8735 -5.68238 33.8513 20.8269 -9.29118 31.7018 22.1765 -12.8966 29.2742 22.9336 -17.4918 25.7317 23.0727 -21.7664 21.8749 22.3391 -25.5956 17.775 20.8509 -28.8848 13.486 18.7365 -31.2 9.7239 16.5481 -33.0388 5.87361 14.0789 -34.3713 1.94963 11.4088 -35.1717 -2.03472 8.61825 -35.4146 -6.28025 5.63319 -35.0181 -10.5493 2.69856 -33.9657 -14.8114 -0.0801836 -32.2512 -19.0245 -2.59105 -29.9569 -23.013 -4.66654 -27.0685 -26.8264 -6.27748 -23.6394 -30.3825 -7.31445 -19.7557 -33.5865 -7.67698 -16.1291 -35.9853 -7.38426 -12.3523 -37.9704 -6.49684 -8.54619 -39.4774 -5.00184 -4.846 -40.4466 -2.91342 -0.24927 -40.8216 0.70034 3.70519 -40.1155 4.96573 6.86933 -38.3894 9.58511 9.18076 -35.7542 14.2801 10.6318 -32.3896 18.7689 11.3067 -28.4099 22.9259 11.2998 -23.9403 26.6134 10.7265 -19.0908 29.7326 9.7767 -14.2725 32.0845 8.52837 -9.27062 33.8372 7.08773 -4.14058 34.9583 5.55962 1.06505 35.4229 3.94499 6.65947 35.1728 2.48321 12.2052 34.1357 1.30438 17.6119 32.3068 0.538701 22.7671 29.6983 0.342748 25.7435 27.7302 0.385575 28.5383 25.5036 0.686038 31.1097 23.0402 1.26335 33.4125 20.3692 2.83769 36.4802 15.709 5.22976 38.5763 10.8623 8.33495 39.4682 6.04896 11.4088 38.9479 1.16153 13.3499 37.6799 -3.02104 14.5156 35.9773 -7.33525 14.9254 33.9236 -11.6346 14.6292 31.5648 -15.7841 13.5905 28.7344 -19.9766 11.9039 25.6673 -23.7733 9.68127 22.4019 -27.0996 7.0364 18.9672 -29.9056 4.02976 15.3379 -32.1892 0.801529 11.581 -33.8896 -2.54101 7.70414 -34.996 -5.89248 3.71214 -35.5042 -8.79554 0.0747337 -35.4526 -11.5565 -3.63525 -34.9288 -14.098 -7.4066 -33.9395 -16.3396 -11.2218 -32.4971 -18.6048 -15.9981 -30.0855 -20.126 -20.7144 -27.0519 -20.7519 -25.2601 -23.4875 -20.3543 -29.4915 -19.5256 -18.9762 -33.0134 -15.6362 -16.6027 -35.9752 -11.7599 -13.2829 -38.2257 -8.10686 -9.14459 -39.6367 -4.89534 -6.15454 -40.0655 -3.18693 -2.97205 -40.129 -1.80523 0.324585 -39.8366 -0.761253 3.66059 -39.1958 -0.0525877 9.08336 -37.4239 0.404597 14.1906 -34.8624 0.0740302 18.8066 -31.6289 -0.922082 22.8156 -27.8385 -2.44412 25.8125 -24.0871 -4.11367 28.2539 -20.0365 -5.97779 30.133 -15.7404 -7.94104 31.4527 -11.2442 -9.91218 32.2906 -5.87118 -12.0712 32.4248 -0.339935 -13.9738 31.8805 5.28555 -15.4871 30.6873 10.927 -16.4784 29.0845 15.9729 -16.8063 27.0369 20.8562 -16.4932 24.6066 25.4564 -15.4592 -113.168 -113.087 -113.025 -112.982 -113.05 -112.984 -112.934 -112.884 -112.898 -112.865 -112.844 -112.836 -112.844 -112.85 -112.887 -112.95 -112.876 -112.938 -113.017 -113.112 -112.921 -113.028 -113.15 -113.282 -112.978 -113.105 -113.216 -113.32 -113.061 -113.149 -113.205 -113.223 -113.084 -113.09 -113.02 -112.887 -113.135 -113.03 -112.893 -112.734 -113.238 -113.133 -113.062 -113.035 -112.898 -112.922 -112.995 -113.151 -112.648 -112.842 -113.135 -113.577 -112.239 -113.056 -113.3 -113.12 -113.544 -113.469 -113.35 -113.186 -113.732 -113.636 -113.505 -113.337 -113.789 -113.647 -113.484 -113.297 -113.658 -113.521 -113.38 -113.239 -113.487 -113.399 -113.356 -113.398 -113.086 -113.273 -113.646 -114.018 -113.088 -113.271 -113.371 -113.412 -113.409 -113.449 -113.425 -113.354 -113.561 -113.509 -113.431 -113.329 -113.771 -113.692 -113.582 -113.444 -113.835 -113.687 -113.562 -113.462 -0.0401938
18.2835 28.8399 -16.9375 16.6437 30.7402 -13.8679 15.1774 32.0474 -10.4233 13.6818 33.4724 -7.03861 12.236 34.5132 -3.49609 10.6328 33.8734 2.17163 9.30158 32.6432 7.81237 8.15418 31.7861 13.5615 6.27062 30.5379 19.0384 3.27466 28.6707 21.681 -0.0580618 26.6422 23.7366 -3.25559 24.7087 26.0783 -6.66715 22.5353 27.8342 -11.3906 19.2176 27.2565 -15.9774 15.9413 25.8855 -20.716 12.7113 25.0107 -25.2099 9.30903 23.639 -27.6902 6.21907 20.71 -29.7743 3.21955 17.4027 -32.1904 0.268105 14.2832 -33.9667 -2.9282 10.9807 -33.4167 -6.52713 7.27769 -32.1701 -10.0108 3.63381 -31.3682 -13.4738 -0.152042 -29.9524 -17.105 -3.58377 -26.684 -20.5404 -5.30709 -22.9899 -23.7665 -6.49077 -19.5051 -27.0679 -8.04379 -15.7686 -30.3359 -8.94585 -12.237 -32.711 -8.01892 -8.7589 -34.8934 -6.56474 -5.28568 -37.233 -5.36548 -1.77422 -38.9834 -3.47353 1.90695 -38.6546 1.06931 5.03978 -37.5691 5.89696 8.59117 -37.1331 10.5335 11.59 -35.7759 15.3773 11.4927 -31.4739 19.2538 10.5616 -26.7745 22.5088 10.0574 -22.3232 26.1798 9.31279 -17.6089 29.461 7.38135 -12.6005 30.3595 5.19453 -7.62998 30.7258 3.11542 -2.65474 31.4652 1.00506 2.35172 31.7873 -1.26295 7.35648 29.8524 -3.53459 12.1686 27.482 -6.0536 16.9816 25.3783 -7.85708 21.989 23.0101 -7.58344 25.0438 21.1794 -6.86834 27.9943 19.2971 -6.14491 30.9404 17.4113 -4.84512 33.5232 15.3141 -0.679707 35.5311 11.8226 3.99775 36.7133 8.61326 8.51916 38.6068 5.52339 12.9519 39.4435 1.88698 15.2375 37.0797 -1.58236 16.7839 33.9243 -4.82294 18.7407 31.0748 -8.12447 20.0812 28.0036 -11.5331 19.1224 24.1967 -14.884 17.4415 20.4093 -17.9616 16.1713 16.5768 -21.177 14.3898 12.831 -24.2487 10.7497 9.75489 -26.4136 6.70627 7.00757 -28.2854 2.8514 4.19141 -30.4324 -1.14474 1.21859 -32.0428 -4.93497 -1.46703 -31.7942 -8.76136 -4.00615 -31.051 -12.6804 -6.47066 -30.594 -16.2085 -9.33256 -29.5931 -18.4533 -13.5032 -26.2324 -20.0838 -17.5789 -22.4299 -22.3801 -21.5804 -18.9023 -23.6219 -25.8244 -15.1374 -20.8163 -29.0081 -11.7617 -17.1471 -31.6068 -8.73056 -14.0013 -34.615 -5.4965 -10.2137 -37.0445 -2.47098 -6.9947 -37.4278 -1.23719 -3.62793 -37.3391 -0.407299 -0.25214 -37.203 0.378323 3.13219 -36.6452 0.894214 8.1401 -33.9404 0.321633 12.7476 -30.7135 -0.718743 17.6091 -27.7812 -1.42016 22.1765 -24.5399 -2.58439 24.5069 -20.8401 -5.17249 26.2983 -17.0882 -8.09356 28.4335 -13.4456 -10.9204 30.1509 -9.5364 -13.6748 29.8517 -4.33801 -16.337 29.0682 0.871548 -18.8761 28.6661 5.93124 -21.7811 27.8094 11.3143 -23.8995 25.5825 15.9662 -22.6702 23.0924 20.1944 -20.662 20.699 24.6875 -19.1806 -0.533691 -0.49732 -0.463759 -0.442156 -0.583495 -0.570398 -0.554414 -0.56345 -0.647028 -0.641531 -0.628017 -0.6338 -0.678832 -0.665112 -0.635842 -0.652484 -0.630795 -0.646397 -0.610064 -0.67281 -0.621754 -0.689668 -0.645624 -0.730455 -0.625588 -0.712233 -0.644656 -0.719207 -0.615735 -0.695389 -0.681549 -0.735582 -0.649541 -0.66259 -0.698897 -0.652794 -0.701648 -0.613299 -0.674366 -0.606724 -0.877202 -0.816861 -0.930271 -0.965152 -0.584429 -0.579711 -0.634824 -0.751041 -0.487045 -0.76182 -0.881284 -1.44515 -0.979143 -0.959901 -0.31747 -0.0377658 -1.10707 -1.09236 -0.748814 -0.537792 -1.03685 -0.848806 -0.753314 -0.568137 -0.809431 -0.685401 -0.638095 -0.525239 -0.892878 -0.754397 -0.615973 -0.53929 -0.97011 -0.839368 -0.572563 -0.576464 -1.12139 -1.39665 -0.911218 -0.992384 -0.6743 -0.850728 -0.750406 -0.799677 -0.980444 -0.944154 -0.7811 -0.683533 -0.954966 -0.889694 -0.823793 -0.72529 -0.96957 -0.883516 -0.965057 -0.79433 -0.75705 -0.6524 -0.675797 -0.606221 0.170467
19.943 27.5497 -16.7948 18.2485 29.1363 -13.5801 16.7031 30.0985 -10.0573 15.1302 31.1761 -6.58052 13.6222 31.9082 -2.98705 11.9573 30.9868 2.62388 10.5685 29.5353 8.19777 9.37706 28.4248 13.8944 7.41923 26.9533 19.2892 4.31996 25.0528 21.7849 0.877855 23.046 23.6748 -2.42582 21.1225 25.8731 -5.95186 18.9604 27.4022 -10.6815 15.7924 26.2859 -15.1962 12.7258 24.3196 -19.9234 9.67901 22.897 -24.3375 6.47601 20.9201 -26.4366 3.68932 17.4406 -28.0296 1.03533 13.6069 -30.0015 -1.61043 9.9475 -31.3108 -4.42218 6.11889 -30.2185 -7.39942 2.00672 -28.4338 -10.2089 -1.97947 -27.0853 -13.0006 -6.14546 -25.1581 -16.0037 -9.91824 -21.5675 -19.0229 -11.7748 -17.6222 -21.9063 -13.0302 -13.8576 -24.8206 -14.7004 -9.87888 -27.7726 -15.6542 -6.31285 -30.0459 -14.6108 -2.87427 -32.1752 -12.9931 0.597237 -34.4436 -11.6599 3.99925 -36.1775 -9.56372 7.12143 -36.0161 -4.61171 9.60054 -35.1346 0.620511 12.5863 -34.88 5.65244 14.909 -33.7511 10.9087 13.9731 -29.8043 15.0428 12.2373 -25.4674 18.4669 10.9306 -21.376 22.3526 9.35087 -17.0299 25.8397 6.64076 -12.4119 26.8149 3.70178 -7.84786 27.2088 0.835464 -3.28401 27.9691 -2.00236 1.34079 28.3935 -4.78523 6.2235 26.8604 -7.53397 10.9893 24.9453 -10.5655 15.6644 23.2453 -12.8269 20.7013 21.3878 -12.7096 24.0085 20.0436 -12.1177 27.2625 18.694 -11.5133 30.5115 17.3382 -10.1472 33.4308 15.7989 -5.45656 35.8324 13.3898 -0.226921 37.2502 11.3363 4.73271 39.5007 9.35808 9.85118 40.5569 6.85636 12.9716 38.0442 4.24925 15.261 34.6252 1.81636 18.0047 31.5406 -0.593219 20.1026 28.2387 -3.33992 19.7111 24.2921 -6.64314 18.4676 20.4325 -9.83672 17.7184 16.4722 -13.0611 16.3383 12.7023 -16.3051 12.7591 10.0735 -19.0762 8.703 7.94303 -21.6081 4.89516 5.67851 -24.3962 0.83037 3.27727 -26.6571 -3.31338 1.18781 -26.9797 -7.56217 -0.696304 -26.7814 -11.8672 -2.45675 -26.8772 -15.8325 -4.8469 -26.4253 -18.5962 -9.13866 -23.6558 -20.6625 -13.4728 -20.3884 -23.459 -17.618 -17.4342 -25.1171 -22.1558 -14.2115 -22.4266 -25.8011 -11.2323 -18.7529 -28.7821 -8.5823 -15.663 -32.2005 -5.72376 -11.8876 -35.0796 -3.10469 -8.61302 -35.7382 -2.16961 -5.18718 -35.8919 -1.64829 -1.75309 -36.0002 -1.17188 1.6981 -35.7151 -0.974363 6.85164 -33.4794 -2.0541 11.6181 -30.7074 -3.57749 16.6366 -28.2484 -4.79919 21.3697 -25.4603 -6.39526 23.905 -21.9547 -9.05996 25.9346 -18.3311 -11.9872 28.2906 -14.879 -14.877 30.2522 -11.0636 -17.5997 30.3261 -5.63068 -19.7625 29.9243 -0.12715 -21.6991 29.9284 5.22364 -24.0593 29.4131 10.843 -25.5944 27.2454 15.3669 -23.8783 24.7364 19.3402 -21.4227 22.3581 23.6507 -19.4546 0.0640435 0.108506 0.144579 0.171557 0.0441025 0.0610457 0.071586 0.0576812 -0.0212137 -0.0127163 0.000469212 -0.0023048 -0.0380998 -0.0190243 0.014254 0.00555659 0.0423127 0.0333555 0.0734748 0.0304792 0.133076 0.0855083 0.129935 0.0678894 0.223204 0.144733 0.207647 0.134179 0.228665 0.135282 0.143633 0.0657395 0.0940143 0.0506698 0.00290269 0.020294 -0.110235 -0.0517186 -0.117969 -0.0665751 -0.388065 -0.340348 -0.43959 -0.482509 -0.192034 -0.179491 -0.179546 -0.286303 -0.0680336 -0.308384 -0.387086 -0.941907 -0.245773 -0.201684 0.428365 0.725626 -0.226606 -0.216145 0.0683748 0.277687 -0.140334 0.0374148 0.062043 0.239896 0.0383736 0.129204 0.129618 0.221535 -0.148012 -0.0174911 0.120543 0.184424 -0.282242 -0.152806 0.134403 0.132226 -0.336348 -0.593572 -0.124268 -0.161915 0.244672 0.0615822 0.150915 0.114908 -0.038741 -0.000866878 0.151968 0.249209 0.00130147 0.0649676 0.109542 0.201631 -0.0258712 0.0401391 -0.0679191 0.0625536 0.0559561 0.142178 0.0920029 0.149374 0.338986
15.7835 28.1687 -13.2752 14.2106 29.2882 -9.81171 12.8386 29.7687 -6.12247 11.43 30.3642 -2.46394 10.1157 30.6286 1.26782 8.87761 29.1151 6.86063 7.94297 27.119 12.3603 7.19682 25.4558 17.9978 5.67849 23.408 23.346 2.84484 21.1162 25.8287 -0.365756 18.7553 27.7169 -3.42167 16.4607 29.9176 -6.73173 13.9616 31.4155 -11.3073 10.6212 30.1677 -15.7003 7.48126 28.0474 -20.293 4.2937 26.4984 -24.5739 1.02358 24.3461 -26.5678 -1.50998 20.62 -28.0483 -3.83108 16.5334 -29.9081 -6.20101 12.6342 -31.1127 -8.64366 8.52805 -29.9425 -10.9694 4.03489 -28.0987 -13.0726 -0.340587 -26.6945 -15.175 -4.87667 -24.6858 -17.4929 -9.06698 -20.9493 -19.9398 -11.4135 -16.8488 -22.3005 -13.1651 -12.9487 -24.6554 -15.3327 -8.78479 -27.1124 -16.7747 -4.99459 -29.1449 -16.0845 -1.32552 -31.0982 -14.7818 2.3802 -33.1595 -13.785 5.99222 -34.7705 -11.9597 9.21257 -34.7995 -7.06843 11.7166 -34.1936 -1.80898 14.788 -34.1419 3.17743 17.1175 -33.3174 8.48694 15.8902 -29.9272 13.0194 13.8104 -26.1615 16.8976 12.1998 -22.6368 21.202 10.2685 -18.8602 25.1455 7.06186 -14.7294 26.6544 3.60377 -10.631 27.5855 0.227773 -6.55932 28.8689 -3.12257 -2.38454 29.853 -6.47868 2.30752 29.0426 -9.80407 6.94408 27.8679 -13.401 11.4223 26.8963 -16.251 16.3789 25.7809 -16.4919 19.8261 24.8767 -16.2417 23.2673 23.9518 -15.9795 26.705 23.0176 -14.8984 29.9014 21.8458 -10.392 32.8963 19.7732 -5.25608 34.8745 17.9608 -0.476429 37.687 16.2811 4.59371 39.3368 14.013 7.9821 37.2257 11.3844 10.5999 34.1189 8.86551 13.6556 31.3874 6.4056 16.061 28.3995 3.55361 15.9496 24.6417 0.0170525 14.9449 20.9265 -3.42237 14.4703 17.1306 -6.88757 13.2992 13.5106 -10.3754 9.75687 11.0035 -13.3022 5.69045 9.01098 -15.9281 1.88489 6.89213 -18.8314 -2.17149 4.59355 -21.2111 -6.30071 2.48909 -21.6131 -10.5377 0.574122 -21.4634 -14.8429 -1.18402 -21.5916 -18.7594 -3.6729 -21.2644 -21.2552 -8.35347 -18.8998 -22.9985 -13.1137 -16.066 -25.5213 -17.6666 -13.4895 -26.8351 -22.6181 -10.754 -23.7731 -26.4373 -8.42137 -19.752 -29.4694 -6.41095 -16.289 -33.0044 -4.19373 -12.1828 -35.9496 -2.22727 -8.80647 -36.5354 -1.69048 -5.34099 -36.5717 -1.5458 -1.87381 -36.5618 -1.44452 1.56702 -36.15 -1.59322 6.50729 -33.6696 -3.06446 11.0034 -30.6506 -4.90695 15.7862 -27.9511 -6.50741 20.2454 -24.9058 -8.39552 22.4359 -21.1255 -10.9895 24.114 -17.2221 -13.7762 26.1195 -13.4918 -16.5836 27.7336 -9.40154 -19.1296 27.4644 -3.77093 -20.6865 26.7345 1.89467 -21.9391 26.3972 7.47023 -23.6714 25.558 13.1952 -24.5198 23.2719 17.3586 -22.164 20.7088 20.8545 -19.111 18.2314 24.7524 -16.5072 0.0570238 0.0997444 0.137272 0.163112 0.0290412 0.0355104 0.0339736 -0.00585413 -0.123762 -0.128757 -0.120938 -0.134679 -0.181057 -0.163787 -0.134232 -0.143626 -0.0880945 -0.0883066 -0.0485942 -0.075572 0.0789542 0.0567739 0.105032 0.0642129 0.273711 0.209723 0.264733 0.20027 0.317888 0.229132 0.238983 0.16466 0.186174 0.132277 0.0778224 0.0817529 -0.0919839 -0.055545 -0.121998 -0.0815226 -0.45303 -0.42187 -0.514883 -0.565817 -0.329387 -0.322619 -0.312867 -0.412963 -0.14468 -0.354539 -0.434978 -0.933487 -0.1356 -0.148809 0.443163 0.720849 -0.225403 -0.222505 0.0462901 0.24596 -0.189421 -0.0289894 -0.010908 0.159785 -0.0530106 0.0392957 0.0428434 0.135289 -0.239839 -0.097732 0.0638735 0.135249 -0.343006 -0.193638 0.12965 0.136838 -0.305575 -0.531705 -0.086197 -0.0886628 0.417752 0.241994 0.321554 0.287427 0.13368 0.161196 0.303295 0.389705 0.134805 0.193525 0.228086 0.320244 0.11041 0.17355 0.0638386 0.186958 0.135377 0.205551 0.1499 0.194716 0.378739
10.2461 28.953 -9.06381 8.85595 29.6573 -5.41768 7.73348 29.7328 -1.6153 6.56518 29.9201 2.16936 5.51069 29.7891 5.98959 4.76384 27.7926 11.5177 4.33671 25.3576 16.9021 4.08081 23.2506 22.4338 3.07956 20.7294 27.701 0.613713 18.0672 30.2065 -2.25782 15.3468 32.156 -4.95866 12.686 34.4083 -7.94966 9.84003 35.9576 -12.3263 6.21616 34.7898 -16.5966 2.85936 32.7525 -21.0245 -0.597955 31.3056 -25.1708 -4.06844 29.2042 -27.1682 -6.47298 25.3953 -28.6725 -8.57988 21.2028 -30.5428 -10.7901 17.2158 -31.7782 -12.9924 12.9847 -30.7059 -14.816 8.24222 -28.9801 -16.3622 3.59478 -27.6933 -17.9326 -1.18497 -25.785 -19.7003 -5.67944 -22.0615 -21.6289 -8.48479 -17.9498 -23.4996 -10.732 -14.0677 -25.3431 -13.3751 -9.85548 -27.3269 -15.3182 -5.87934 -29.0882 -15.0699 -1.98205 -30.8264 -14.1958 1.93713 -32.6448 -13.6405 5.78807 -34.0881 -12.2051 9.32444 -34.2372 -7.53941 12.111 -33.8438 -2.4033 15.4961 -33.9324 2.37509 18.0932 -33.3392 7.59053 16.864 -30.4471 12.4555 14.7032 -27.2065 16.7422 13.06 -24.1967 21.4098 11.055 -20.9373 25.7573 7.59552 -17.2541 27.7792 3.85055 -13.5829 29.2353 0.208379 -9.95786 31.0287 -3.42669 -6.20398 32.5508 -7.20286 -1.77009 32.4211 -10.9673 2.65005 31.9444 -14.974 6.86982 31.6687 -18.29 11.6393 31.2326 -18.88 15.1182 30.6773 -18.9822 18.6375 30.0743 -19.0759 22.1551 29.4596 -18.3592 25.5257 28.5196 -14.2783 29.0739 26.4389 -9.46882 31.6519 24.49 -5.07845 35.0131 22.7569 -0.335716 37.3034 20.3417 3.06752 35.7446 17.3693 5.81554 33.129 14.4612 8.96447 30.9261 11.6185 11.4655 28.419 8.40809 11.4875 24.9439 4.59189 10.6235 21.4234 0.917545 10.3013 17.8761 -2.81805 9.24291 14.4335 -6.5152 5.71483 11.8522 -9.39439 1.63018 9.72841 -11.8857 -2.19699 7.51334 -14.687 -6.23122 5.07146 -16.9592 -10.2342 2.71643 -17.2252 -14.3238 0.521611 -16.9095 -18.5115 -1.5038 -16.8525 -22.2281 -4.27163 -16.4449 -24.2278 -9.28697 -14.3059 -25.443 -14.3615 -11.7559 -27.4722 -19.2562 -9.37771 -28.2428 -24.4967 -6.99656 -24.7289 -28.2743 -5.32786 -20.332 -31.1579 -4.00183 -16.4396 -34.6071 -2.46673 -11.976 -37.4019 -1.17536 -8.5313 -37.7773 -1.0211 -5.07475 -37.5712 -1.22495 -1.62387 -37.3188 -1.46875 1.75173 -36.6542 -1.91005 6.37463 -33.7408 -3.60238 10.4989 -30.3007 -5.57223 14.945 -27.1781 -7.36254 19.023 -23.7024 -9.36579 20.7464 -19.5723 -11.7721 21.94 -15.3361 -14.3115 23.4712 -11.2508 -16.916 24.5989 -6.85132 -19.1944 23.7822 -1.14811 -20.1976 22.5154 4.52311 -20.8559 21.6148 10.1819 -22.0258 20.2687 15.8674 -22.2756 17.8495 19.6056 -19.3975 15.265 22.6013 -15.868 12.6995 26.0385 -12.7511 0.0970237 0.135875 0.173895 0.19712 0.0534327 0.0483575 0.0356942 -0.0294179 -0.18945 -0.209698 -0.207683 -0.235574 -0.299769 -0.287808 -0.263676 -0.278399 -0.212114 -0.206358 -0.168289 -0.184459 0.00922856 0.00725442 0.0591892 0.0349269 0.286979 0.235349 0.283328 0.228086 0.373225 0.295299 0.310216 0.248483 0.281534 0.226672 0.169952 0.169017 -0.0268285 -0.00334835 -0.0689658 -0.0351706 -0.441012 -0.422155 -0.513364 -0.570858 -0.36575 -0.366448 -0.360903 -0.456181 -0.132477 -0.32466 -0.418908 -0.867676 -0.00531478 -0.0936759 0.451556 0.696454 -0.290556 -0.299274 -0.0259841 0.165242 -0.31588 -0.168676 -0.129868 0.037139 -0.19781 -0.0912686 -0.0689031 0.0321395 -0.343663 -0.185469 0.000685722 0.0825738 -0.403504 -0.23309 0.126701 0.140654 -0.302376 -0.497194 -0.0699532 -0.0417881 0.546324 0.380106 0.451624 0.416765 0.256401 0.271736 0.403784 0.477766 0.209936 0.264617 0.294324 0.389197 0.198375 0.26643 0.162885 0.290167 0.207722 0.267346 0.213447 0.249417 0.378677
9.80099 26.4143 -9.15402 8.39008 26.8396 -5.47278 7.25745 26.6751 -1.67622 6.08273 26.6033 2.11041 4.99263 26.3173 5.91217 4.04741 24.5215 11.4786 3.37434 22.4035 16.9709 2.90541 20.5894 22.5917 1.65569 18.3069 27.9144 -0.998541 15.741 30.3263 -4.04631 13.1104 32.1259 -6.93944 10.5599 34.264 -10.0703 7.7488 35.5835 -14.1895 4.07349 33.8013 -18.0238 0.684942 31.0682 -22.1154 -2.84737 28.9623 -25.8488 -6.30593 26.1781 -27.2215 -8.36316 21.9164 -28.0092 -10.0219 17.3439 -29.1688 -11.8457 12.9157 -29.7746 -13.58 8.3437 -28.3027 -14.7118 3.49401 -26.2865 -15.5384 -1.21976 -24.6656 -16.3678 -6.08316 -22.4482 -17.4803 -10.6452 -18.5785 -19.1183 -13.4374 -14.3786 -20.8186 -15.6566 -10.3961 -22.4354 -18.2988 -6.07142 -24.2408 -20.1675 -2.09907 -25.9654 -19.6993 1.72909 -27.6936 -18.5447 5.61204 -29.4906 -17.727 9.3402 -30.9454 -16.0071 12.3901 -31.1992 -11.0142 14.6166 -30.9096 -5.6051 17.5198 -31.0598 -0.520895 19.515 -30.6382 4.96903 17.4971 -28.2309 9.83489 14.576 -25.5154 14.0349 12.1702 -23.022 18.6761 9.37354 -20.2652 22.9331 5.29343 -17.0424 24.542 0.998195 -13.8339 25.4799 -3.24146 -10.6776 26.7784 -7.43379 -7.37586 27.8485 -11.5657 -3.29388 27.4002 -15.6399 0.795188 26.615 -19.9791 4.61774 25.9109 -23.6121 9.1394 25.3721 -24.2992 12.6439 25.2984 -24.4484 16.2128 25.3197 -24.5872 19.7822 25.3261 -23.7814 23.2606 25.2282 -19.2828 26.9089 25.0682 -14.0759 29.4512 25.1008 -9.36443 32.8164 25.3324 -4.08145 35.1481 24.8573 0.0566132 33.7272 22.9326 3.50401 31.2485 20.7369 7.34033 29.1829 18.7708 10.63 26.8033 16.2484 11.5802 23.4506 12.4409 11.5986 20.0546 8.55398 12.222 16.6443 4.73002 11.9733 13.3089 0.798915 8.8384 10.8473 -2.59411 5.02202 8.86669 -5.57978 1.57545 6.7155 -8.88058 -2.29476 4.551 -11.6622 -6.6365 3.0265 -12.3451 -11.1433 1.87359 -12.3858 -15.6755 0.866403 -12.6828 -19.9285 -1.01852 -12.6828 -23.1542 -5.58082 -11.0987 -25.7065 -10.384 -9.06237 -29.0827 -14.7048 -7.14775 -30.9804 -19.9114 -5.4107 -27.8979 -24.3303 -4.79932 -23.5945 -27.6269 -4.65432 -19.8906 -31.5705 -4.28757 -15.6107 -34.8946 -4.09594 -12.2211 -35.5158 -4.48994 -8.8194 -35.4593 -5.16605 -5.4254 -35.3544 -5.8742 -2.0687 -34.9312 -6.63891 2.88043 -32.5771 -8.27845 7.52108 -29.7147 -10.0091 12.3959 -27.1935 -11.6228 16.9316 -24.2283 -13.4554 19.1685 -20.2332 -15.6585 20.8846 -16.0567 -17.9889 22.9608 -12.0932 -20.3971 24.534 -7.71402 -22.4381 23.8036 -1.94067 -23.017 22.485 3.75414 -23.1953 21.5972 9.48896 -23.9203 20.227 15.1692 -23.6802 17.7099 18.5247 -20.4376 15.0202 20.9998 -16.5968 12.3385 23.958 -13.1085 -0.00795279 0.0320991 0.068967 0.0950692 -0.0289065 -0.0206144 -0.0290013 -0.0851722 -0.236798 -0.250831 -0.239608 -0.266924 -0.349882 -0.344561 -0.316512 -0.332221 -0.264957 -0.257752 -0.220471 -0.222842 0.0131676 0.0274153 0.0774253 0.0685572 0.354767 0.309191 0.35592 0.297957 0.430497 0.339691 0.348538 0.267773 0.256525 0.175179 0.105759 0.0778449 -0.191603 -0.19871 -0.274435 -0.259668 -0.703158 -0.69343 -0.780963 -0.840516 -0.666878 -0.644768 -0.578786 -0.658704 -0.388293 -0.5571 -0.608158 -1.04296 0.0537556 0.0708048 0.578081 0.871143 0.0739195 0.0799077 0.271841 0.439115 -0.016769 0.0998049 0.0904129 0.232479 -0.029254 0.042665 0.0150857 0.10194 -0.239881 -0.107606 0.0291045 0.0792147 -0.416619 -0.262453 0.088209 0.0607783 -0.292262 -0.494679 -0.0924944 -0.000771287 0.685495 0.501898 0.552426 0.536391 0.4045 0.407027 0.517874 0.576727 0.303116 0.347234 0.357621 0.437985 0.245922 0.311241 0.187241 0.300203 0.205455 0.25666 0.188157 0.212145 0.443979
9.80178 24.194 -8.84527 8.42196 24.4941 -5.13996 7.32941 24.2509 -1.33587 6.20224 24.0865 2.46232 5.09527 23.7597 6.25591 3.8253 22.1377 11.8111 2.74322 20.2568 17.3244 1.89919 18.6758 22.9717 0.274408 16.5731 28.2672 -2.56702 14.0399 30.4932 -5.7556 11.42 32.0477 -8.81765 8.89539 33.9706 -12.0456 6.0703 34.9928 -15.8479 2.35699 32.6679 -19.2018 -1.04041 29.372 -22.9034 -4.62348 26.7049 -26.1769 -8.05739 23.3665 -26.9565 -9.8258 18.834 -27.0912 -11.1183 14.081 -27.5834 -12.62 9.41387 -27.6281 -13.9785 4.6777 -25.8965 -14.5672 -0.182565 -23.7375 -14.8283 -4.89832 -21.9352 -15.0746 -9.76239 -19.538 -15.6756 -14.3295 -15.5828 -17.1 -17.1191 -11.3383 -18.6872 -19.3373 -7.31152 -20.1523 -22.0008 -2.90799 -21.8188 -23.8134 1.07331 -23.4547 -23.1454 4.85242 -25.0923 -21.7273 8.71669 -26.7963 -20.66 12.347 -28.1776 -18.6886 14.9746 -28.4021 -13.4597 16.711 -28.0866 -7.87543 19.1918 -28.154 -2.57062 20.6672 -27.791 3.08528 17.9763 -25.8886 7.848 14.4122 -23.7537 11.8836 11.3636 -21.8175 16.4115 7.8906 -19.6057 20.4847 3.31208 -16.8881 21.6135 -1.40023 -14.188 21.9699 -6.1127 -11.5632 22.6951 -10.7298 -8.73774 23.2626 -15.0246 -4.86155 22.5801 -19.1995 -0.92106 21.5903 -23.6419 2.69793 20.5393 -27.4395 7.08321 20.0084 -28.2319 10.5294 20.5129 -28.4361 14.0155 21.2649 -28.6296 17.5063 21.998 -27.8719 20.9027 22.803 -23.4482 24.3086 24.3533 -18.3567 26.5255 26.008 -13.7751 29.5199 27.9102 -8.53304 31.6955 29.0765 -4.01464 30.6696 27.9023 -0.0137095 28.7577 26.1171 4.28322 27.2241 24.6912 8.17621 25.3358 22.6599 10.136 22.3476 18.9357 11.2442 19.2575 14.9526 12.9515 16.2593 11.1137 13.7274 13.0933 7.11177 11.3274 10.1312 3.52491 8.11256 7.4812 0.355571 5.38417 4.6781 -3.12308 2.0087 2.00046 -6.09598 -2.29551 0.436976 -6.91533 -6.81859 -0.648093 -7.00815 -11.323 -1.76427 -7.3381 -15.724 -3.2689 -7.45319 -20.6023 -6.20206 -6.29762 -25.4321 -9.03536 -4.75326 -30.6997 -10.8538 -3.11284 -34.3211 -15.3084 -2.23434 -31.9388 -20.0085 -3.51362 -27.4943 -22.4314 -5.46123 -23.6442 -25.7527 -7.3476 -19.5618 -28.9021 -9.02808 -16.3694 -29.8457 -10.0033 -13.0743 -30.2879 -10.9933 -9.77422 -30.6691 -11.992 -6.42972 -30.7779 -12.9056 -0.962839 -29.5556 -14.066 4.42149 -27.9007 -15.0647 9.92369 -26.6416 -15.9959 15.1541 -24.6821 -17.2322 18.0397 -20.9008 -19.0193 20.2905 -16.7759 -20.953 22.9603 -12.9457 -22.9582 25.0161 -8.59566 -24.5921 24.3034 -2.79384 -24.7687 22.8087 2.85561 -24.541 21.8092 8.60927 -24.8554 20.34 14.2327 -24.2083 17.7774 17.2963 -20.7215 15.069 19.4241 -16.6904 12.3479 22.0394 -12.9666 -0.103849 -0.0688113 -0.0392386 -0.0178441 -0.133687 -0.117894 -0.121568 -0.16731 -0.31234 -0.32129 -0.300009 -0.323411 -0.416828 -0.415349 -0.382534 -0.399502 -0.33674 -0.3294 -0.290907 -0.283808 -0.01787 0.0106603 0.0629748 0.0690837 0.385643 0.34996 0.401731 0.345865 0.475359 0.381435 0.391674 0.305515 0.273812 0.180546 0.107508 0.0665474 -0.252975 -0.282169 -0.361558 -0.357771 -0.829091 -0.816807 -0.884508 -0.933204 -0.792888 -0.738995 -0.605524 -0.657821 -0.381951 -0.516395 -0.531695 -0.896644 0.427577 0.515652 0.986997 1.33239 0.697487 0.73452 0.878132 1.03124 0.569378 0.678463 0.687426 0.826343 0.542004 0.630678 0.604511 0.707637 0.40722 0.496877 0.51573 0.50126 0.00256533 -0.024812 0.0933842 -0.240792 -0.511723 -0.93394 -0.664779 -0.512492 0.407194 0.234631 0.218996 0.176313 0.0494875 0.0306286 0.129591 0.170072 -0.121389 -0.0744119 -0.0647298 0.00746637 -0.195731 -0.11506 -0.23194 -0.105977 -0.181242 -0.105904 -0.152766 -0.122289 0.201012
10.009 21.9374 -8.22724 8.66172 22.2061 -4.50757 7.61157 21.9684 -0.691199 6.53934 21.8032 3.12284 5.40256 21.5008 6.90964 3.71418 20.0463 12.3995 2.1132 18.3707 17.8523 0.781379 17.0039 23.4615 -1.3062 15.055 28.6526 -4.32649 12.5151 30.6205 -7.62136 9.85849 31.8588 -10.828 7.30952 33.4921 -14.109 4.43937 34.158 -17.5141 0.706317 31.3082 -20.3127 -2.66687 27.5078 -23.5451 -6.27254 24.3134 -26.2823 -9.65491 20.4767 -26.4553 -11.1286 15.7781 -25.9492 -12.0542 10.9649 -25.7709 -13.2234 6.1815 -25.267 -14.217 1.38172 -23.3479 -14.3123 -3.44273 -21.1265 -14.059 -8.12992 -19.2257 -13.7738 -12.9542 -16.7146 -13.9141 -17.4975 -12.6986 -15.1555 -20.2877 -8.42501 -16.6534 -22.5121 -4.37529 -17.9967 -25.2049 0.0948204 -19.543 -26.9602 4.07889 -21.0704 -26.0842 7.79695 -22.5806 -24.3902 11.6323 -24.1592 -23.0586 15.1524 -25.4317 -20.8308 17.3448 -25.5562 -15.4018 18.58 -25.1362 -9.69238 20.6181 -25.0336 -4.20278 21.5758 -24.6714 1.56344 18.282 -23.3081 6.12805 14.1612 -21.8027 9.90947 10.5531 -20.457 14.2358 6.4793 -18.8456 18.0242 1.49821 -16.7258 18.5877 -3.51442 -14.6275 18.2798 -8.584 -12.6475 18.3294 -13.5254 -10.3659 18.3272 -17.8762 -6.57531 17.5279 -22.0246 -2.62146 16.4818 -26.4283 0.974183 15.2103 -30.307 5.30361 14.8287 -31.2371 8.54984 15.993 -31.5303 11.7412 17.5707 -31.8113 14.9446 19.1264 -31.2118 18.0185 20.8438 -27.1497 20.8299 23.8717 -22.4518 22.4499 26.8519 -18.267 24.697 30.1704 -13.3784 26.5214 32.6897 -8.64406 26.246 32.0921 -4.16044 25.424 30.6532 0.487973 24.9164 29.6616 4.87664 23.9302 28.0448 7.77898 21.5384 24.5099 9.90994 18.9123 20.6107 12.6087 16.5233 16.9158 14.3797 13.678 12.9905 12.8341 10.2301 9.36792 10.3521 6.89499 6.18671 8.45333 3.46941 2.7135 5.71432 0.197404 -0.318679 1.59111 -1.7345 -1.27258 -2.84381 -3.12817 -1.46 -7.21572 -4.66801 -1.86304 -11.6068 -6.18226 -2.13464 -17.2066 -7.57118 -1.45921 -22.8012 -8.45835 -0.171784 -28.268 -8.59081 1.78958 -33.3422 -11.3013 0.990708 -32.8529 -14.9536 -2.98748 -29.1673 -16.7597 -6.53342 -26.329 -19.1162 -10.5089 -23.3496 -21.7531 -14.1941 -20.5461 -23.0315 -15.7879 -17.4675 -23.9993 -17.0604 -14.3583 -24.9096 -18.3003 -11.123 -25.6284 -19.3245 -5.43671 -25.7628 -19.9381 0.278791 -25.5854 -20.1105 5.99084 -25.8489 -20.2865 11.6483 -25.1744 -20.8003 15.2885 -21.8291 -21.9734 18.2603 -17.9307 -23.3118 21.6818 -14.4408 -24.7028 24.4077 -10.2846 -25.7582 23.9804 -4.4553 -25.5676 22.5515 1.1927 -25.0566 21.6932 6.97768 -25.0536 20.3787 12.5938 -24.0882 17.8811 15.52 -20.4399 15.1979 17.4757 -16.3062 12.5122 19.9216 -12.444 -0.172066 -0.134907 -0.100551 -0.0736996 -0.176181 -0.152674 -0.154323 -0.194322 -0.339784 -0.350186 -0.325007 -0.349872 -0.459279 -0.469525 -0.44036 -0.468149 -0.423006 -0.424065 -0.390843 -0.384523 -0.104496 -0.0716958 -0.023749 -0.011894 0.322548 0.288026 0.336882 0.272767 0.388671 0.282555 0.28401 0.1834 0.120479 0.00159785 -0.0917902 -0.159379 -0.542924 -0.610781 -0.711132 -0.733802 -1.25022 -1.24624 -1.29862 -1.34611 -1.27098 -1.20283 -1.02174 -1.06261 -0.752353 -0.864088 -0.871094 -1.16955 0.320208 0.426441 0.821602 1.17554 0.641887 0.670374 0.759323 0.874246 0.35744 0.448982 0.474214 0.60475 0.296915 0.400111 0.370721 0.483839 0.214095 0.288426 0.260297 0.286704 -0.0159913 0.0306689 0.139315 -0.0847162 -0.00917188 -0.25645 -0.138418 0.0441716 1.14415 0.985662 0.919922 0.855112 0.71709 0.656302 0.733781 0.738103 0.405705 0.442901 0.448435 0.496707 0.232186 0.301028 0.169899 0.262354 0.133397 0.17642 0.102342 0.113431 0.49763
10.2236 19.426 -7.46213 8.87744 19.6191 -3.73732 7.81139 19.31 0.0695319 6.73346 19.0641 3.87763 5.52187 18.7287 7.6384 3.39058 17.4339 13.0129 1.25775 15.9749 18.3447 -0.575907 14.8237 23.8599 -3.14922 13.0348 28.8878 -6.3591 10.5137 30.5573 -9.76038 7.85006 31.4425 -13.1161 5.30471 32.7495 -16.4421 2.42148 33.0145 -19.3812 -1.2608 29.6302 -21.5276 -4.5266 25.3427 -24.2021 -8.08103 21.6188 -26.3201 -11.3271 17.3026 -25.8577 -12.4288 12.5223 -24.7016 -12.9136 7.7569 -23.8324 -13.6654 2.96534 -22.7697 -14.2369 -1.81207 -20.694 -13.8583 -6.55722 -18.4456 -13.1293 -11.1812 -16.483 -12.3477 -15.9253 -13.8841 -12.0553 -20.4117 -9.81431 -13.129 -23.1936 -5.51716 -14.555 -25.4199 -1.45164 -15.7974 -28.1373 3.08151 -17.2319 -29.8245 7.05723 -18.6397 -28.7359 10.6929 -20.0096 -26.7662 14.4805 -21.4515 -25.1692 17.867 -22.5951 -22.6797 19.5685 -22.584 -17.076 20.2306 -22.0248 -11.2839 21.7451 -21.7141 -5.63505 22.1406 -21.319 0.194638 18.3163 -20.5045 4.46727 13.7314 -19.651 7.90187 9.63876 -18.9071 11.9322 5.06235 -17.9203 15.3421 -0.171478 -16.4273 15.3184 -5.32158 -14.9546 14.3528 -10.5691 -13.6624 13.7066 -15.6961 -11.9228 13.1489 -20.0322 -8.10047 12.4239 -24.06 -3.98329 11.5501 -28.3312 -0.226826 10.2916 -32.2183 4.11147 10.2286 -33.2769 7.02629 12.0011 -33.663 9.74049 14.2912 -34.0316 12.4729 16.5624 -33.6134 15.0261 19.0251 -30.0073 16.9825 23.1167 -25.7815 17.8002 26.9962 -22.0583 19.0328 31.2616 -17.6404 20.3166 34.784 -12.9088 20.9824 34.9115 -8.22357 21.5499 34.1525 -3.5166 22.3357 33.877 1.16512 22.4904 32.9258 4.9687 20.9047 29.8181 8.09768 18.9354 26.2162 11.726 17.3706 22.8953 14.5232 15.0119 19.2549 14.0085 11.1768 15.7298 12.4133 7.25181 12.6553 11.5104 3.32125 9.31798 9.61997 -0.512906 6.29698 5.80693 -2.92145 5.1564 1.53667 -4.73379 4.80389 -2.59824 -6.79868 4.27191 -6.86939 -8.53286 3.64368 -12.6459 -8.88515 3.15035 -18.4481 -8.67243 2.98458 -24.2236 -8.37011 3.52616 -29.7924 -8.84729 1.94737 -30.3847 -10.3903 -3.21728 -28.7756 -11.6696 -8.23596 -28.1505 -12.8555 -13.4907 -26.858 -14.5875 -18.4641 -24.5071 -16.0458 -20.5566 -21.661 -17.3749 -22.0283 -18.7815 -18.6614 -23.4726 -15.7488 -19.8767 -24.638 -10.2054 -21.2621 -24.9163 -4.62455 -22.4617 -24.5397 0.848693 -24.1019 -24.2562 6.53458 -24.7303 -24.2729 10.848 -22.1138 -24.8786 14.6135 -18.7854 -25.6291 18.7861 -15.9983 -26.4303 22.2681 -12.3298 -26.9156 22.4738 -6.51625 -26.3155 21.4835 -0.811992 -25.4885 21.1628 5.01676 -25.1337 20.3245 10.6511 -23.81 17.9494 13.4691 -19.9984 15.2927 15.2551 -15.7717 12.6662 17.5464 -11.7763 -0.216358 -0.183956 -0.158951 -0.138155 -0.232919 -0.201588 -0.197508 -0.223143 -0.353673 -0.356981 -0.322011 -0.33969 -0.451102 -0.465143 -0.432721 -0.46498 -0.431962 -0.435909 -0.400959 -0.390539 -0.0956027 -0.0536642 -0.0021165 0.0224847 0.381769 0.356192 0.410564 0.34683 0.460117 0.351295 0.353288 0.2485 0.170061 0.0409488 -0.0590322 -0.136497 -0.557849 -0.650654 -0.760281 -0.797211 -1.34611 -1.33576 -1.35213 -1.3837 -1.36832 -1.27469 -1.03719 -1.0392 -0.638957 -0.709155 -0.700038 -0.929774 0.710469 0.847007 1.19697 1.57363 1.13424 1.15594 1.22278 1.32558 0.790054 0.900221 0.969186 1.12792 0.858299 1.018 1.01337 1.16538 0.951309 1.02199 0.927359 0.907517 0.57758 0.419181 0.184945 -0.138255 -0.507873 -0.696636 -0.740498 -0.574637 0.604518 0.467216 0.391367 0.342191 0.233053 0.162463 0.245595 0.243376 -0.0996675 -0.054438 -0.0344768 0.00634242 -0.30654 -0.238227 -0.351564 -0.248199 -0.35059 -0.268719 -0.31351 -0.287152 0.143567
10.8499 17.0727 -6.26587 9.52747 17.1704 -2.52884 8.4366 16.7805 1.26356 7.34571 16.4481 5.06139 6.04836 16.0481 8.78708 3.43423 14.7765 13.9499 0.724285 13.378 19.0297 -1.66331 12.2984 24.3438 -4.75118 10.5159 29.0757 -8.08916 7.91267 30.3114 -11.5022 5.14762 30.7033 -14.9251 2.49667 31.5425 -18.1935 -0.451791 31.2792 -20.5355 -3.97767 27.3125 -21.9203 -6.98892 22.5512 -23.906 -10.3695 18.2753 -25.3049 -13.3331 13.4886 -24.2492 -13.905 8.7097 -22.5336 -13.7965 4.09168 -21.05 -13.9659 -0.604105 -19.498 -13.9798 -5.28078 -17.3416 -13.0802 -9.91861 -15.1373 -11.8518 -14.4575 -13.1908 -10.5466 -19.0918 -10.5667 -9.78251 -23.5075 -6.46159 -10.6363 -26.3136 -2.1513 -11.9435 -28.5871 1.91129 -13.0385 -31.3715 6.50786 -14.3069 -33.0198 10.4822 -15.5566 -31.7486 14.0365 -16.7576 -29.5349 17.7658 -17.9986 -27.6566 20.9875 -18.9594 -24.8869 22.1046 -18.8254 -19.1397 22.0733 -18.161 -13.321 22.9309 -17.6555 -7.54951 22.6823 -17.2663 -1.71129 18.4075 -17.1316 2.19409 13.4664 -17.0754 5.21552 8.96619 -17.0721 8.86176 4.01287 -16.8504 11.8552 -1.35112 -16.0446 11.4064 -6.54917 -15.2244 10.0162 -11.8413 -14.6622 8.87505 -17.0817 -13.4885 7.98911 -21.4769 -9.67734 7.68196 -25.4446 -5.42312 7.37132 -29.6738 -1.49772 6.56923 -33.5993 2.77621 7.07778 -34.7635 5.31441 9.3051 -35.2488 7.55538 12.0442 -35.715 9.81807 14.7688 -35.483 11.8685 17.6844 -32.3365 13.1082 22.3892 -28.5704 13.3241 26.7876 -25.2926 13.8155 31.5405 -21.3551 14.5858 35.721 -16.8051 15.6324 36.7459 -12.1842 16.8317 36.986 -7.64402 18.1535 37.6852 -2.92137 18.891 37.6857 1.59204 18.0301 35.3346 5.61954 16.799 32.3503 10.0187 16.0428 29.7583 13.7454 14.2673 26.6601 14.2906 10.4318 23.14 13.6197 6.33004 19.9576 13.7333 2.28981 16.631 12.7202 -1.6798 13.3728 9.24221 -4.19056 11.5727 5.11543 -6.06638 10.5268 1.18714 -8.26437 9.35177 -2.91297 -9.92906 7.91628 -8.39666 -9.31768 6.1032 -13.8043 -7.92839 4.50275 -19.3385 -6.62789 3.3129 -24.6156 -5.85539 1.01363 -26.1827 -6.26571 -4.16147 -26.5946 -6.57827 -9.5597 -27.7488 -6.57799 -14.8583 -28.0824 -7.48558 -20.1939 -26.529 -9.05412 -22.8693 -24.3066 -10.698 -24.9649 -22.0377 -12.3118 -27.0339 -19.4883 -13.9696 -28.7024 -14.3373 -16.4094 -29.1923 -9.10776 -18.6887 -28.7645 -4.07485 -21.402 -28.5797 1.37849 -23.1296 -28.5532 6.11936 -21.3021 -28.6007 10.455 -18.6525 -28.6403 15.1149 -16.6308 -28.7783 19.2081 -13.6233 -28.6443 20.2044 -7.98338 -27.4617 19.9062 -2.29256 -26.1468 20.3463 3.47168 -25.2619 20.2012 9.01631 -23.4081 18.087 11.6763 -19.338 15.5652 13.2628 -14.9521 13.1237 15.3624 -10.7398 -0.244752 -0.222044 -0.213362 -0.206105 -0.302846 -0.270703 -0.264636 -0.279666 -0.399646 -0.397523 -0.35235 -0.361416 -0.469266 -0.48349 -0.446481 -0.481276 -0.455047 -0.456778 -0.415471 -0.396431 -0.084393 -0.0287231 0.0332868 0.0774941 0.469692 0.460327 0.526546 0.47064 0.593819 0.490493 0.494774 0.394163 0.310868 0.17892 0.0794901 0.00185109 -0.442336 -0.552637 -0.66199 -0.706873 -1.29226 -1.27303 -1.24522 -1.25823 -1.28254 -1.1675 -0.88991 -0.84027 -0.339724 -0.36866 -0.346133 -0.522904 1.23904 1.42111 1.76849 2.17235 1.78203 1.79423 1.84224 1.93865 1.39987 1.50115 1.56893 1.73744 1.49717 1.67671 1.66636 1.82539 1.60117 1.63846 1.48397 1.38311 0.899495 0.514165 -0.00119924 -0.543637 -0.744816 -1.04879 -1.2266 -1.13703 0.0111498 -0.131755 -0.219814 -0.270135 -0.386626 -0.486498 -0.406038 -0.426765 -0.80755 -0.772747 -0.748302 -0.731406 -1.11543 -1.06855 -1.1614 -1.04847 -1.12811 -0.991145 -0.985403 -0.934212 -0.473477
12.4709 15.5082 -4.79286 11.249 15.377 -1.02278 10.1961 14.7761 2.75276 9.15618 14.2333 6.54062 7.8522 13.6132 10.2337 4.9551 12.0162 15.1491 1.88977 10.3025 19.9211 -0.848239 8.92506 24.9917 -4.22366 6.79629 29.3709 -7.51106 3.95621 30.1279 -10.7657 0.983735 29.9892 -14.0782 -1.90889 30.3181 -17.1391 -4.9774 29.505 -18.9027 -8.16833 24.9929 -19.6375 -10.6913 19.8209 -20.9844 -13.6902 15.0409 -21.7804 -16.1475 9.8466 -20.4241 -15.9877 5.11221 -18.4928 -15.1028 0.66603 -16.7308 -14.4974 -3.89571 -15.0023 -13.7664 -8.45189 -13.052 -12.1741 -12.9939 -11.1725 -10.2841 -17.4509 -9.54481 -8.30927 -21.9699 -7.13649 -6.87653 -26.342 -3.03702 -7.21498 -29.2635 1.30561 -8.09797 -31.6757 5.3591 -8.74398 -34.6097 10.0287 -9.55751 -36.338 14.0677 -10.4877 -34.9987 17.6179 -11.4128 -32.6501 21.3895 -12.3822 -30.6979 24.5747 -13.1549 -27.8289 25.3087 -13.098 -22.019 24.7794 -12.5902 -16.2085 25.1691 -12.1227 -10.3836 24.4899 -11.9917 -4.56808 20.0268 -12.7861 -0.963443 14.9775 -13.7534 1.70426 10.319 -14.7338 5.00332 5.24463 -15.5038 7.68717 -0.167188 -15.4816 7.10797 -5.40523 -15.3688 5.63295 -10.6813 -15.5846 4.31302 -16.0305 -15.0686 3.4506 -20.6437 -11.55 3.975 -24.723 -7.44863 4.66518 -29.1204 -3.62976 4.79902 -33.1815 0.294011 6.22932 -34.3565 2.35307 8.90111 -34.8144 4.07291 11.9983 -35.2566 5.818 15.0836 -35.0931 7.37521 18.2941 -32.2137 8.12894 23.2654 -28.7199 8.04593 27.8874 -25.6782 8.11749 32.8187 -22.0639 8.58699 37.3232 -17.7935 9.88439 39.0345 -13.416 11.4781 40.1053 -9.1815 13.1248 41.5908 -4.60344 14.2596 42.3662 0.278284 13.9894 40.7121 4.82847 13.365 38.3566 9.64135 13.2166 36.4973 13.9285 12.0204 33.8839 15.2053 8.58342 30.1481 15.1798 4.75971 26.573 15.9731 1.01743 22.9997 15.63 -2.59629 19.2283 12.5506 -4.75523 16.4904 8.68392 -6.30354 14.418 5.04795 -8.18827 12.2112 1.26418 -9.47688 9.83112 -3.84119 -8.27557 7.33661 -8.87076 -6.31364 5.19499 -14.0266 -4.4837 3.24521 -18.9917 -3.04873 0.595737 -21.2958 -2.70991 -4.30138 -22.9107 -2.30645 -9.46238 -25.0363 -1.55455 -14.3942 -26.5114 -1.77237 -19.6077 -25.843 -3.17453 -22.709 -24.4902 -4.80178 -25.4576 -23.0846 -6.41586 -28.1874 -21.2204 -8.20037 -30.5051 -16.5606 -11.2069 -31.9092 -11.6399 -14.1032 -32.2617 -7.02993 -17.409 -33.0005 -1.85986 -19.7647 -33.6672 3.06116 -18.5185 -33.4476 7.66722 -16.4226 -32.9875 12.5302 -14.9657 -32.7662 16.919 -12.5014 -32.0711 18.5178 -7.28747 -29.9595 18.85 -1.89124 -27.7293 19.9031 3.55827 -25.8862 20.3905 8.71506 -23.1713 18.6846 11.0144 -18.7087 16.487 12.3218 -14.064 14.4172 14.1152 -9.52392 -0.274232 -0.257171 -0.256669 -0.259019 -0.365448 -0.340757 -0.34107 -0.363897 -0.499172 -0.503119 -0.454699 -0.465388 -0.579026 -0.595666 -0.559303 -0.599265 -0.572629 -0.568192 -0.520763 -0.491417 -0.15974 -0.0851659 -0.00633912 0.0636161 0.495723 0.504281 0.576903 0.535728 0.685687 0.590078 0.598856 0.500987 0.409078 0.264415 0.155877 0.0680565 -0.416413 -0.551449 -0.66145 -0.718745 -1.35828 -1.33994 -1.27749 -1.27524 -1.29035 -1.15508 -0.855624 -0.754556 -0.167541 -0.16991 -0.146877 -0.289711 1.55425 1.76068 2.10329 2.51809 2.13771 2.13064 2.15615 2.2323 1.66678 1.73744 1.77932 1.93624 1.68189 1.84387 1.82401 1.96085 1.66605 1.66796 1.51348 1.38905 0.836239 0.41584 -0.123135 -0.680393 -0.757105 -1.06569 -1.25208 -1.17248 -0.0217369 -0.152823 -0.236313 -0.290326 -0.419516 -0.535723 -0.461581 -0.500534 -0.927478 -0.919805 -0.907417 -0.920317 -1.38656 -1.3794 -1.46022 -1.3711 -1.51149 -1.36486 -1.32879 -1.26772 -0.780982
15.7831 16.8956 -3.80877 14.8439 16.2476 -0.0111687 14.0387 15.1542 3.71445 13.2511 14.1178 7.46006 12.1894 12.999 11.1131 9.58097 10.6856 15.9036 6.77602 8.26818 20.5288 4.27771 6.17263 25.4758 1.21586 3.35963 29.6965 -1.78577 0.185792 30.2989 -4.76986 -3.04944 30.023 -7.79231 -6.25529 30.2108 -10.64 -9.48762 29.2681 -12.5069 -12.3961 24.6091 -13.4904 -14.5226 19.3019 -14.9928 -17.1946 14.3767 -16.0426 -19.2538 9.0559 -15.1746 -18.5865 4.25165 -13.789 -17.183 -0.264046 -12.5595 -16.0617 -4.9021 -11.3543 -14.8114 -9.51347 -9.94431 -12.6685 -14.0289 -8.60572 -10.2432 -18.4216 -7.53431 -7.76282 -22.8566 -5.63304 -5.72754 -27.2396 -1.76407 -5.32625 -30.4529 2.44303 -5.46536 -33.2346 6.29541 -5.3765 -36.4916 10.8761 -5.44201 -38.605 15.0988 -5.88167 -37.6307 18.9232 -6.43693 -35.6205 22.9396 -6.98621 -34.0258 26.4196 -7.4587 -31.4491 27.5814 -7.56926 -25.7103 27.4187 -7.40102 -19.8583 28.1724 -7.15353 -14.0556 27.9246 -7.37471 -8.20858 23.9089 -8.9152 -4.32973 19.2682 -10.6752 -1.34418 15.0603 -12.451 2.21773 10.3732 -13.9671 5.26369 4.94351 -14.3425 5.29439 -0.433081 -14.517 4.46535 -5.8046 -15.0371 3.75697 -11.2417 -14.8853 3.56045 -16.0264 -11.8454 4.90344 -20.3104 -8.19566 6.40845 -24.9169 -4.76484 7.38215 -29.143 -1.41838 9.5903 -30.3685 0.121828 12.571 -30.8791 1.33042 15.8934 -31.3793 2.56687 19.2072 -31.2536 3.65809 22.606 -28.3131 3.94535 27.5905 -24.7167 3.5092 32.1128 -21.5909 3.13539 36.9775 -17.8901 3.2889 41.4333 -13.6431 4.71811 43.0972 -9.33774 6.53679 44.0999 -5.15583 8.34791 45.5424 -0.635021 9.7537 46.2009 4.13486 10.0449 44.2506 8.54546 10.0204 41.5695 13.2186 10.4242 39.4151 17.4048 9.87818 36.4456 18.7379 7.06011 32.2408 18.8496 3.74481 28.1913 19.7431 0.559783 24.1342 19.5335 -2.52374 19.9095 16.5924 -4.46514 16.873 12.8592 -5.94885 14.5267 9.37833 -7.7227 12.001 5.68712 -8.9219 9.43614 0.422097 -7.84625 7.23323 -4.83944 -6.09447 5.5071 -10.1923 -4.4867 3.92773 -15.3683 -3.17889 1.64093 -18.0464 -2.53778 -3.0305 -20.1016 -1.76298 -7.98852 -22.6461 -0.718301 -12.6619 -24.5237 -0.518996 -17.7451 -24.0966 -1.50752 -21.0423 -22.9789 -2.71125 -24.0975 -21.8082 -3.90366 -27.1373 -20.1252 -5.27549 -29.8422 -15.5006 -7.7553 -32.1198 -10.5029 -10.2257 -33.4029 -5.84279 -13.0737 -35.1054 -0.65401 -14.962 -36.6002 4.19858 -13.4556 -36.5685 8.70424 -11.1491 -36.1229 13.4758 -9.40469 -36.0277 17.796 -6.8287 -35.3075 19.4795 -1.93646 -32.5814 19.9833 3.07485 -29.6089 21.1392 8.21275 -27.0655 21.822 12.9269 -23.6727 20.5558 14.5289 -18.7797 18.852 15.1266 -13.7944 17.2676 16.2142 -8.85287 -0.257595 -0.247229 -0.249876 -0.262258 -0.392824 -0.38507 -0.399113 -0.452804 -0.639792 -0.663576 -0.621278 -0.646995 -0.774436 -0.786979 -0.752485 -0.78757 -0.728424 -0.706736 -0.654897 -0.611604 -0.251822 -0.154528 -0.0574263 0.0365615 0.503966 0.52772 0.597004 0.578058 0.780593 0.705936 0.713038 0.632989 0.565793 0.416333 0.302357 0.205076 -0.319955 -0.468916 -0.569929 -0.632914 -1.31319 -1.30708 -1.24909 -1.23872 -1.19784 -1.04817 -0.758156 -0.620741 0.0406508 0.0648299 0.085737 -0.0453373 1.8282 2.02269 2.33339 2.72899 2.33637 2.30362 2.30548 2.35607 1.7421 1.77861 1.80917 1.93208 1.59839 1.73012 1.72752 1.84918 1.51179 1.50285 1.35891 1.23199 0.662135 0.234141 -0.306343 -0.86164 -0.91263 -1.2009 -1.36184 -1.25234 -0.0617841 -0.166042 -0.235189 -0.275581 -0.369169 -0.467141 -0.408462 -0.443851 -0.860056 -0.866623 -0.872753 -0.896232 -1.38337 -1.39962 -1.48353 -1.41028 -1.6087 -1.47557 -1.43046 -1.37491 -0.920457
21.6606 19.0618 -4.07483 20.9042 17.8717 -0.368743 20.1509 16.2719 3.18049 19.424 14.7227 6.75758 18.4591 13.1118 10.2501 16.0398 10.1926 14.803 13.4178 7.19312 19.1884 11.0542 4.44408 23.8747 8.2384 1.13883 27.9057 5.4194 -2.17349 28.6321 2.56534 -5.53526 28.6258 -0.264778 -8.89365 29.0245 -3.14103 -12.1828 28.4292 -5.98132 -15.0821 24.2845 -8.25854 -17.2768 19.4212 -10.896 -19.962 15.0068 -13.177 -22.0971 10.1189 -13.4946 -21.6644 5.22087 -13.2889 -20.5593 0.423317 -13.3056 -19.749 -4.43702 -13.1658 -18.7136 -9.25238 -12.2353 -16.5443 -13.878 -11.1877 -14.0506 -18.3111 -10.4636 -11.5723 -22.8169 -8.93508 -9.37381 -27.2664 -5.27764 -8.32067 -30.5783 -1.20102 -7.67211 -33.4794 2.50297 -6.86711 -36.8094 6.91669 -6.13478 -39.141 11.2264 -5.86991 -38.567 15.299 -5.77776 -37.0242 19.5004 -5.64519 -35.8812 23.3232 -5.53961 -33.7959 25.4934 -5.49689 -28.3567 26.5012 -5.41735 -22.5881 28.3413 -5.16192 -17.0338 29.2369 -5.3825 -11.2505 26.1607 -7.06718 -6.64153 22.3217 -9.01861 -2.76836 19.0272 -11.0167 1.556 15.1236 -12.6294 5.51911 9.83379 -12.6289 6.80033 4.42025 -12.2954 7.25561 -0.98445 -12.3026 7.899 -6.3191 -11.7864 8.84713 -11.003 -8.77447 10.5578 -15.3213 -5.24726 12.2458 -19.8616 -1.82376 13.5121 -24.1458 1.29222 15.9352 -25.7022 2.37436 18.9627 -26.7004 3.05251 22.3249 -27.6907 3.75624 25.684 -27.9367 4.32611 29.2016 -25.219 3.91695 34.3026 -21.7341 2.83516 38.8039 -18.8892 1.75058 43.7341 -15.165 1.32256 48.1523 -10.6677 2.51092 49.2523 -6.18506 4.16634 49.3774 -1.73576 5.78125 50.0446 2.87083 7.04595 49.8789 7.13031 7.39348 46.9847 10.8296 7.46922 43.386 14.8868 7.91039 40.2257 18.4165 7.55532 36.4767 19.2687 5.06876 31.9501 19.1477 2.07524 27.6575 19.705 -0.773012 23.301 19.2222 -3.53236 18.8792 16.2229 -5.35984 15.8288 12.511 -6.84714 13.4513 9.04896 -8.57607 10.8692 5.31788 -9.7784 8.36411 -0.161435 -9.00355 6.60133 -5.67617 -7.62863 5.40562 -11.2617 -6.38791 4.408 -16.6537 -5.40995 2.48425 -19.1621 -4.81891 -2.28693 -20.8733 -4.04873 -7.3747 -23.1962 -3.10261 -12.1825 -24.6907 -2.78809 -17.3855 -23.8297 -3.33612 -20.7006 -22.247 -3.98756 -23.7177 -20.6179 -4.61569 -26.715 -18.5752 -5.32812 -29.4263 -13.6163 -6.57043 -31.9936 -8.31255 -7.83905 -33.7216 -3.22768 -9.44755 -35.7911 2.11737 -10.1634 -37.6995 6.66371 -7.95187 -38.2076 10.8563 -5.08699 -38.3922 15.279 -2.65244 -38.9696 19.3609 0.361744 -38.7038 21.3051 4.9119 -35.5867 22.256 9.41018 -31.9723 23.7401 14.1492 -28.8833 24.8645 18.3337 -24.9557 24.2947 19.1432 -19.747 23.3267 18.9197 -14.5387 22.5081 19.1875 -9.30711 -0.399615 -0.393669 -0.391957 -0.404538 -0.544817 -0.543908 -0.569228 -0.642254 -0.851706 -0.888935 -0.864633 -0.898646 -1.00697 -1.00357 -0.976822 -0.993998 -0.872401 -0.831409 -0.78386 -0.728634 -0.332416 -0.218262 -0.115409 -0.0113167 0.479911 0.512099 0.567807 0.569219 0.833925 0.786638 0.790126 0.741627 0.732231 0.588814 0.474277 0.375029 -0.165635 -0.310898 -0.401237 -0.462431 -1.14235 -1.15612 -1.14395 -1.15619 -1.09007 -0.971507 -0.743944 -0.613981 0.104501 0.161784 0.189042 0.0769896 1.9961 2.19079 2.46374 2.83686 2.43729 2.39235 2.37174 2.40798 1.76965 1.78761 1.81643 1.90721 1.49128 1.59231 1.6064 1.71786 1.35565 1.3413 1.20783 1.08764 0.526711 0.115072 -0.405685 -0.939751 -0.99872 -1.26615 -1.41183 -1.27824 -0.0503206 -0.136327 -0.199053 -0.223142 -0.261666 -0.329499 -0.288273 -0.30089 -0.656816 -0.658812 -0.686186 -0.701533 -1.17209 -1.2175 -1.32551 -1.29189 -1.58605 -1.49569 -1.46392 -1.431 -0.859351
25.5968 15.1896 -4.37319 24.7715 14.103 -0.650096 23.7053 12.6722 2.89099 22.7032 11.3021 6.47457 21.379 9.81539 9.90373 18.0038 7.00293 13.8787 14.3216 4.1089 17.5077 10.8691 1.44045 21.5156 7.13521 -1.71717 24.8607 4.08376 -4.88876 25.1352 1.14527 -8.15373 24.7453 -1.81491 -11.4224 24.7262 -4.78522 -14.5531 23.82 -7.66452 -17.2663 19.5774 -10.0113 -19.3715 14.7076 -12.7085 -21.931 10.2548 -15.0371 -23.9337 5.33349 -15.3556 -23.4257 0.442762 -15.1396 -22.2731 -4.34316 -15.158 -21.4254 -9.19707 -14.9909 -20.2891 -13.9887 -13.9382 -17.8609 -18.4568 -12.7343 -15.0842 -22.6768 -11.8466 -12.3594 -27.0076 -10.21 -9.83086 -31.2378 -6.53406 -8.22031 -34.2953 -2.45129 -6.93741 -36.9675 1.27787 -5.49924 -40.0466 5.66711 -4.21531 -42.1773 9.95206 -3.72055 -41.5711 14.0421 -3.52082 -40.0857 18.2496 -3.24905 -38.9906 22.0716 -3.03571 -36.9122 24.2031 -3.04368 -31.4575 25.1449 -3.06372 -25.6772 26.9307 -2.84128 -20.1038 27.7589 -3.22044 -14.3186 24.6722 -5.3737 -9.91635 20.8257 -7.84004 -6.35703 17.4869 -10.3874 -2.36821 13.6141 -12.4251 1.4258 8.45809 -12.2824 3.16315 3.15886 -11.6668 4.24201 -2.14138 -11.424 5.45577 -7.32412 -10.7007 6.95238 -11.7218 -7.62788 9.22295 -15.7296 -4.05893 11.4899 -19.8962 -0.484823 13.4401 -24.0136 2.50986 16.271 -25.9751 3.0986 19.1976 -27.6103 3.15354 22.373 -29.2396 3.22462 25.5511 -30.2253 3.16883 28.9839 -28.9143 1.98367 34.5021 -26.8233 0.269463 39.6271 -25.4832 -1.54834 44.9635 -22.9914 -2.58659 50.0906 -18.8381 -1.48088 52.1825 -14.5072 0.263456 53.2076 -10.3133 1.9089 54.8056 -5.78097 3.24501 55.5268 -1.15597 3.76029 53.2944 2.96949 3.96819 50.1993 7.40979 4.50745 47.6234 11.4019 4.38811 44.354 12.8745 2.36219 39.7576 13.3748 -0.174443 35.206 14.51 -2.6261 30.7225 14.7486 -4.80334 25.9682 12.4918 -5.84856 22.037 9.48651 -6.5434 18.5546 6.75802 -7.46941 14.9022 3.72268 -7.91614 11.4053 -1.22741 -6.53971 8.6976 -6.3333 -4.69698 6.63228 -11.4815 -2.93512 4.60163 -16.4299 -1.42486 1.96292 -19.0706 -0.569311 -2.69537 -21.1922 0.385964 -7.59353 -23.7633 1.5507 -12.2237 -25.6691 2.06803 -17.2738 -25.3268 1.53876 -20.6846 -24.3399 0.850184 -23.9379 -23.3084 0.17351 -27.1799 -21.7998 -0.68363 -30.1834 -17.4346 -2.51053 -33.3976 -12.627 -4.4562 -35.8115 -8.17549 -6.69124 -38.6248 -3.20595 -8.07491 -41.0971 1.63909 -6.57645 -41.4101 6.21532 -4.38408 -41.1433 10.9623 -2.58235 -41.3418 15.4844 -0.341467 -40.753 18.3793 3.34037 -37.2511 20.4101 7.08846 -33.2475 22.9068 11.0038 -29.6923 25.1052 14.4513 -25.5113 25.4803 15.1025 -20.2629 25.4557 14.991 -14.9621 25.6803 15.291 -9.67342 -0.312894 -0.317801 -0.324441 -0.344507 -0.486478 -0.475639 -0.489632 -0.531852 -0.688382 -0.707129 -0.675517 -0.690195 -0.765518 -0.743563 -0.706652 -0.709319 -0.568392 -0.514398 -0.454934 -0.385354 0.0325232 0.16571 0.281021 0.404714 0.936695 0.983772 1.03294 1.04791 1.33966 1.29384 1.286 1.22929 1.20411 1.03984 0.907424 0.790101 0.211587 0.0519353 -0.0359247 -0.104112 -0.81229 -0.841917 -0.853466 -0.899713 -0.872627 -0.826688 -0.694513 -0.607245 0.15436 0.237118 0.272559 0.209368 2.25968 2.5158 2.7938 3.16797 2.72383 2.63586 2.56882 2.55384 1.8576 1.8199 1.79468 1.84586 1.38692 1.4461 1.43606 1.50254 1.04642 0.987867 0.856622 0.704607 0.0468417 -0.396282 -0.919335 -1.46139 -1.47706 -1.75394 -1.90172 -1.77245 -0.538464 -0.6199 -0.678862 -0.700177 -0.737094 -0.805827 -0.759102 -0.772155 -1.14977 -1.16219 -1.17992 -1.21257 -1.75798 -1.82671 -1.90593 -1.87463 -2.21887 -2.09356 -1.99989 -1.9472 -1.47803
27.6727 13.789 -4.86646 27.257 13.0788 -0.987577 26.4678 12.0955 2.7719 25.7869 11.1873 6.57124 24.6063 10.0577 10.1841 20.8469 7.55119 14.0164 16.6575 4.92914 17.284 12.7463 2.53039 21.0326 8.54664 -0.317313 24.0912 5.20061 -3.18945 24.0692 2.01547 -6.15515 23.3577 -1.21263 -9.13959 23.0121 -4.42079 -11.933 21.8502 -7.47477 -14.2076 17.474 -9.97316 -15.9435 12.5345 -12.8497 -18.1135 7.98807 -15.3058 -19.7073 2.98012 -15.5359 -18.9078 -1.87648 -15.1638 -17.5038 -6.58505 -15.0527 -16.3941 -11.3846 -14.7366 -14.9809 -16.0944 -13.439 -12.2795 -20.3354 -11.957 -9.23279 -24.2711 -10.775 -6.20163 -28.3187 -8.91714 -3.46445 -32.3216 -5.21031 -1.95755 -35.3947 -1.13947 -0.850795 -38.1621 2.60952 0.459945 -41.2739 6.97828 1.53454 -43.5571 11.3232 1.72678 -43.3168 15.5565 1.65665 -42.2923 19.8636 1.70649 -41.6428 23.8856 1.44687 -39.9905 26.5549 0.219061 -34.9246 28.0662 -1.09685 -29.4215 30.4294 -2.13953 -24.1652 31.7768 -3.78569 -18.7087 28.899 -6.68568 -14.6035 25.1463 -9.66568 -11.3501 21.947 -12.8524 -7.7229 18.2089 -15.4548 -4.14535 13.1711 -15.3594 -2.08746 7.99526 -14.6189 -0.575222 2.8145 -14.2521 1.05251 -2.25616 -13.5605 2.9056 -6.80487 -11.0079 5.49995 -11.0892 -8.05403 8.11864 -15.4879 -5.05208 10.4803 -19.8235 -2.64708 13.5387 -21.9968 -2.40604 16.3633 -23.9009 -2.6926 19.3719 -25.8036 -2.96882 22.3825 -27.1465 -3.21261 25.6834 -26.6077 -4.06103 31.3899 -25.2941 -5.26025 36.9047 -24.6791 -6.69794 42.4843 -23.0323 -7.18727 48.0181 -19.5744 -5.34826 50.7584 -15.8501 -2.88014 52.4579 -12.3466 -0.530831 54.7064 -8.31449 1.60035 56.1374 -3.564 2.97034 54.6555 0.895558 3.93714 52.2431 5.53385 5.26407 50.4081 9.92307 5.94572 47.7793 12.3033 4.49985 43.3473 13.8115 2.41368 38.7893 15.9538 0.495752 34.4151 17.1012 -1.25174 29.6162 15.3396 -2.23353 25.4242 12.6818 -2.99192 21.6821 10.3886 -3.97607 17.7559 7.61975 -4.37302 14.0388 2.60856 -2.78896 11.5673 -2.57715 -0.717686 9.9704 -7.76887 1.27845 8.29913 -12.8448 2.99925 6.06215 -16.065 3.83588 1.78014 -18.8611 4.71865 -2.7815 -22.0106 5.82813 -7.05408 -24.6427 6.2853 -11.7728 -25.0214 5.65876 -15.1632 -24.822 4.81461 -18.5218 -24.5729 3.97155 -21.8773 -23.8229 2.9156 -25.095 -20.4697 0.590003 -29.1039 -16.5601 -1.89542 -32.46 -13.1708 -4.59161 -36.1975 -8.94975 -6.5893 -39.5012 -3.93009 -6.01403 -40.0393 0.995674 -4.80338 -39.7378 6.01095 -4.01884 -39.9639 10.8729 -2.62418 -39.4804 14.3092 0.820211 -36.2357 16.8383 4.53905 -32.4973 19.7919 8.32829 -29.1628 22.6051 11.7107 -25.3098 24.0474 12.6078 -20.2873 25.245 12.8837 -15.1298 26.6958 13.5266 -10.0709 -0.0570721 -0.0684233 -0.0818876 -0.106993 -0.245487 -0.222332 -0.220476 -0.232127 -0.33408 -0.324398 -0.276409 -0.259463 -0.277468 -0.220328 -0.15984 -0.129457 0.0569491 0.138149 0.218438 0.309111 0.749026 0.896839 1.02077 1.15049 1.68253 1.7257 1.77345 1.78325 2.05904 2.0079 2.00715 1.93281 1.828 1.61304 1.46639 1.29445 0.596771 0.40628 0.318931 0.232319 -0.518814 -0.580198 -0.631132 -0.716942 -0.714579 -0.727041 -0.672885 -0.636463 0.111154 0.178107 0.191444 0.120049 2.17275 2.40419 2.65919 2.98266 2.41557 2.2609 2.16934 2.10206 1.32176 1.24155 1.1975 1.22774 0.74828 0.803305 0.797692 0.861842 0.387695 0.324209 0.189818 0.0242708 -0.687298 -1.16362 -1.70638 -2.26301 -2.27405 -2.51546 -2.59804 -2.40315 -1.1189 -1.15463 -1.16677 -1.15704 -1.16608 -1.19109 -1.09661 -1.07263 -1.44113 -1.45055 -1.44634 -1.4777 -2.03499 -2.0846 -2.12812 -2.07031 -2.42393 -2.26587 -2.12756 -2.06067 -1.85646
27.7501 15.1186 -6.77296 27.18 14.8492 -2.85819 26.2428 14.3402 0.960982 25.4127 13.8861 4.8117 24.0683 13.2252 8.48304 20.0571 11.3846 12.4358 15.6291 9.39326 15.8315 11.5031 7.6387 19.7047 7.01941 5.43492 22.8893 3.36233 2.97151 22.9432 -0.135079 0.371093 22.2704 -3.67584 -2.23824 21.9523 -7.20392 -4.66652 20.9027 -10.751 -6.6868 16.781 -13.7853 -8.26919 12.0968 -17.1987 -10.1747 7.81067 -20.1518 -11.6924 3.05383 -20.617 -11.418 -1.84381 -20.4571 -10.727 -6.71992 -20.6255 -10.3075 -11.6266 -20.4087 -9.47111 -16.4776 -18.6836 -7.17597 -20.8046 -16.6243 -4.48223 -24.738 -14.9112 -1.82106 -28.8552 -12.5294 0.544972 -32.817 -8.39869 1.76151 -35.4461 -3.92707 2.63635 -37.6128 0.308625 3.76441 -40.1111 4.93604 4.4403 -42.0043 9.2557 3.88589 -41.9239 13.4521 2.92294 -41.2624 17.7084 2.07035 -40.899 21.7858 1.10791 -39.7064 25.3016 -0.47928 -35.3 28.0467 -2.03497 -30.3661 31.4819 -3.54681 -25.8701 33.9061 -5.19791 -20.8011 31.8148 -6.66943 -15.6044 28.6907 -7.98096 -10.9069 26.216 -9.53508 -5.90616 23.1119 -10.6398 -1.14283 18.2703 -9.93337 1.24109 13.1928 -8.80124 2.84163 8.18156 -7.78281 4.70568 3.18049 -6.86959 6.64983 -2.23912 -6.19454 8.67717 -7.6926 -5.55077 10.6222 -13.209 -4.79502 12.3357 -18.4637 -4.37911 14.816 -20.7991 -4.90772 17.4665 -22.6981 -5.94258 20.3095 -24.7358 -6.96931 23.0578 -26.3853 -7.52997 26.176 -25.5334 -8.38067 31.8439 -24.0968 -9.67915 37.3053 -23.3001 -11.1114 42.8633 -21.5834 -11.6274 48.3733 -18.29 -9.80054 51.3169 -14.77 -7.30755 53.3773 -11.4793 -4.96628 55.9346 -7.596 -2.73435 57.6038 -2.94489 -0.977955 56.2173 1.38849 0.453127 53.8056 5.87413 2.25103 51.992 10.2092 3.29515 49.3925 12.7324 1.9037 45.0225 14.3756 -0.254525 40.5455 16.5967 -2.24794 36.2449 18.0105 -3.94462 31.4991 16.7907 -4.66828 27.0687 14.7681 -5.14189 22.9063 13.1029 -5.86987 18.6239 10.9387 -5.93341 14.5065 6.76462 -3.53422 11.2585 2.44955 -0.494005 8.83618 -1.80518 2.4828 6.235 -6.08288 5.07978 3.28773 -9.99391 5.72819 -0.411945 -13.8895 6.03168 -4.17185 -17.9447 6.68491 -7.71195 -21.5021 6.78124 -11.8032 -22.6102 5.98014 -14.9909 -23.2054 4.93755 -18.2452 -23.7451 3.89426 -21.509 -23.6132 2.7504 -24.7808 -20.6471 0.795763 -29.2647 -16.9015 -1.11541 -33.1432 -13.78 -3.27646 -37.4224 -9.77332 -4.8358 -41.1956 -4.77648 -4.2021 -41.8642 0.157152 -3.02191 -41.5712 5.16452 -2.20327 -41.8456 10.0538 -0.881556 -41.4382 13.7861 2.24346 -38.1973 16.7311 5.61732 -34.4363 20.0836 9.04107 -31.0838 23.2255 12.1241 -27.2337 24.6113 13.1776 -22.2257 25.628 13.7308 -17.0516 26.9486 14.5562 -11.9836 -0.242173 -0.219781 -0.196901 -0.178107 -0.25719 -0.209892 -0.205227 -0.205216 -0.275236 -0.260199 -0.222869 -0.200022 -0.190486 -0.129835 -0.0754202 -0.0357731 0.161379 0.237631 0.313919 0.399705 0.829709 0.96711 1.07951 1.19443 1.71146 1.743 1.7817 1.79406 2.06611 2.01552 2.03611 1.9858 1.93695 1.80601 1.74069 1.65311 1.13678 1.05563 1.01584 1.00124 0.388739 0.365089 0.300316 0.230399 0.319445 0.26219 0.124517 -0.205681 0.027585 -0.414977 -0.993851 -1.65476 -0.334894 -0.658982 -0.684384 -0.448604 -0.988084 -1.10029 -1.14288 -1.16474 -1.90545 -1.94462 -1.93632 -1.86325 -2.29429 -2.19618 -2.16874 -2.08931 -2.55658 -2.56759 -2.56058 -2.48339 -2.71251 -2.47164 -2.13876 -1.79764 -1.05757 -0.724842 -0.367659 0.103126 1.52134 1.56138 1.60432 1.62651 1.5963 1.56178 1.63701 1.64066 1.24612 1.19917 1.16885 1.10425 0.489057 0.372411 0.238228 0.149757 -0.409331 -0.433934 -0.45383 -0.471474 -0.0721525
24.9709 15.0491 -9.34648 24.6069 14.7645 -5.40826 23.8719 14.2479 -1.54607 23.2432 13.7888 2.34205 22.1067 13.0881 6.07571 18.3888 11.0633 10.2206 14.2344 8.8647 13.8275 10.376 6.94265 17.8923 6.19121 4.49453 21.2976 2.79857 1.68984 21.5611 -0.420171 -1.28956 21.1031 -3.66244 -4.2771 21.0073 -6.98494 -7.04401 20.1407 -10.5594 -9.25621 16.1431 -13.6811 -10.9353 11.5508 -17.1378 -13.0319 7.3905 -20.1805 -14.5934 2.70479 -20.847 -13.8894 -2.12621 -20.901 -12.6139 -6.88539 -21.3188 -11.6188 -11.6931 -21.2212 -10.3311 -16.4482 -19.2127 -7.98359 -20.6221 -16.7288 -5.40375 -24.3828 -14.5807 -2.86131 -28.369 -11.929 -0.430932 -32.1144 -7.83921 1.42553 -34.4126 -3.46705 3.12823 -36.2673 0.695053 5.00787 -38.4119 5.22935 6.47515 -40.0676 9.58143 6.65619 -40.0808 13.911 6.43177 -39.6579 18.2633 6.32814 -39.5089 22.489 6.05655 -38.4876 26.3679 4.99342 -34.2308 29.4961 3.78714 -29.4288 33.318 2.64077 -25.1416 36.0729 1.48113 -20.1054 34.1047 0.750964 -14.7075 30.9858 0.232659 -9.85455 28.5615 -0.41734 -4.6347 25.488 -0.952943 0.245006 20.5035 -0.995428 2.43053 15.231 -0.953649 3.78082 10.0237 -0.982429 5.36454 4.8835 -0.910586 7.15253 -0.373776 -0.299606 9.58669 -5.59317 0.441645 12.0657 -10.9082 1.21442 14.3219 -15.9639 1.6995 17.175 -18.3045 1.33799 19.8489 -20.3384 0.579846 22.6858 -22.4803 -0.13153 25.4544 -24.1916 -0.619928 28.5514 -24.0237 -2.26429 34.105 -23.4646 -4.39858 39.463 -23.5162 -6.5275 44.852 -22.4737 -8.04139 50.347 -19.1206 -7.4828 53.7075 -15.3031 -6.30397 56.3318 -11.7941 -5.30782 59.4213 -7.6644 -4.27631 61.5958 -2.70787 -3.22091 60.6167 1.91374 -2.27808 58.5205 6.74702 -1.1759 57.083 11.2981 -0.412856 54.7709 13.7533 -0.854416 50.1691 15.2831 -1.71365 45.2374 17.3463 -2.53172 40.4966 18.7979 -3.04172 35.4934 18.0294 -2.73499 30.9157 16.6183 -2.1618 26.5202 15.5207 -1.6709 22.0263 13.9528 -1.1507 17.6777 9.96301 -0.202077 13.5656 5.56678 0.852466 9.92021 1.36851 2.01447 6.07932 -2.90528 2.864 2.23992 -7.27837 2.18243 -0.892962 -11.7453 1.25144 -3.82272 -16.3331 0.576038 -6.63346 -20.3962 -0.49811 -10.0598 -21.8735 -1.70743 -12.9558 -22.8921 -3.03863 -15.9926 -23.8519 -4.36199 -19.0519 -24.0691 -5.61927 -22.2773 -21.4361 -7.04105 -27.1526 -17.9062 -8.18377 -31.5068 -15.0166 -9.73635 -36.1935 -11.3029 -10.488 -40.4791 -6.692 -8.77829 -41.7572 -2.1651 -6.48852 -42.0465 2.43576 -4.52303 -42.9342 6.94349 -2.1827 -43.0789 10.4528 1.40816 -40.0806 13.255 5.02471 -36.4379 16.3982 8.79666 -33.2608 19.4091 12.1864 -29.5671 21.0144 13.251 -24.6275 22.3222 13.7367 -19.5123 23.9051 14.5177 -14.5128 -0.347187 -0.325911 -0.300614 -0.283638 -0.374907 -0.336769 -0.336609 -0.350749 -0.45891 -0.461738 -0.428708 -0.421571 -0.437347 -0.382874 -0.329737 -0.290044 -0.0713459 0.0253354 0.114727 0.226899 0.691408 0.8393 0.954526 1.06969 1.60379 1.64332 1.67256 1.69772 2.01925 1.99351 2.02043 1.99937 1.99954 1.88465 1.82334 1.74906 1.28162 1.2094 1.15343 1.13668 0.528802 0.500787 0.441213 0.369224 0.42168 0.358645 0.22244 -0.111275 0.122454 -0.320107 -0.88987 -1.52924 -0.122265 -0.376999 -0.348599 -0.0552296 -0.511854 -0.606844 -0.695431 -0.742913 -1.50478 -1.61281 -1.6832 -1.66722 -2.19308 -2.15615 -2.1233 -2.04855 -2.53842 -2.519 -2.45572 -2.36843 -2.65358 -2.48644 -2.26296 -2.05025 -1.43908 -1.14845 -0.773338 -0.268232 1.1796 1.26292 1.35435 1.40831 1.41758 1.42821 1.51829 1.55109 1.25413 1.24528 1.21051 1.17601 0.627234 0.520268 0.378752 0.286061 -0.288802 -0.333805 -0.369182 -0.39948 0.0960704
25.0018 14.8562 -6.64389 24.0025 14.696 -2.81003 22.7101 14.3009 0.917813 21.5067 13.9739 4.68188 19.9086 13.3146 8.25038 16.0532 10.9406 12.0716 11.9239 8.26505 15.3721 8.04432 5.84355 19.1389 3.79876 3.07576 22.2075 0.226605 0.490408 22.1739 -3.25873 -2.10562 21.4258 -6.78094 -4.72829 21.023 -10.2419 -7.22609 19.9148 -13.6653 -9.43847 15.7872 -16.5924 -11.2343 11.1118 -19.877 -13.3406 6.81906 -22.7407 -15.0706 2.08004 -23.3018 -14.9535 -2.81381 -23.3188 -14.3833 -7.70808 -23.6621 -14.0552 -12.6125 -23.5452 -13.4389 -17.4997 -21.7056 -11.7133 -22.0389 -19.4408 -9.71846 -26.2649 -17.4761 -7.85753 -30.6971 -15.0635 -5.87202 -34.8448 -11.3671 -3.59464 -37.4147 -7.42673 -1.2513 -39.5212 -3.68431 1.09606 -41.9582 0.432011 3.35683 -43.8018 4.46971 4.98865 -43.7153 8.50883 6.4977 -43.0967 12.551 8.08793 -42.7699 16.5363 9.40263 -41.6026 20.3689 9.86957 -37.1991 23.5213 9.97254 -32.2645 27.2995 10.4048 -27.8104 30.1363 10.3476 -22.6872 28.5536 8.74233 -17.3522 25.8772 6.88639 -12.5627 23.8744 5.13499 -7.41798 21.2475 3.35455 -2.57296 16.6032 1.74973 -0.232538 11.6231 0.215702 1.33899 6.74123 -1.41378 3.10972 1.89798 -2.88601 5.10939 -3.14349 -3.5885 7.94249 -8.1626 -4.10971 10.8533 -13.3005 -4.6949 13.5357 -18.1106 -5.29898 16.7657 -20.2356 -5.62744 19.6179 -22.0582 -5.9081 22.6771 -23.8911 -6.17335 25.7314 -25.2207 -6.35179 29.0417 -24.8349 -6.42833 34.8226 -23.7148 -6.55241 40.5062 -23.2765 -6.7514 46.2806 -21.8069 -6.70313 51.885 -18.0497 -6.04357 54.7652 -13.8121 -5.26587 56.8356 -9.84125 -4.57056 59.4042 -5.46931 -3.71493 61.1365 -0.567034 -2.64663 59.9258 4.01646 -1.65686 57.7687 8.83499 -0.638032 56.2243 13.2876 0.381601 53.8214 15.5153 1.06726 49.1346 16.8633 1.57399 44.1021 18.7816 2.17119 39.2685 19.9319 2.69138 34.1886 18.5756 2.84976 29.7418 16.4631 2.90701 25.5975 14.6659 3.02283 21.3084 12.4884 3.03629 17.1976 8.01309 2.67295 13.5144 3.17873 2.25737 10.3232 -1.59107 1.9277 7.02651 -6.19931 1.46737 3.52227 -9.73717 0.348692 -0.431823 -13.157 -0.901375 -4.44992 -16.8096 -2.06913 -8.2837 -19.9054 -3.2778 -12.5682 -20.7958 -3.95948 -15.8505 -21.311 -4.53576 -19.2319 -21.7883 -5.094 -22.6219 -21.6252 -5.49931 -26.0628 -18.8339 -5.29544 -31.0518 -15.3491 -4.79438 -35.5606 -12.4462 -4.55487 -40.4841 -8.6818 -3.91893 -44.7441 -3.88905 -2.3624 -45.3951 0.874652 -0.645898 -44.9708 5.68889 0.963713 -45.1971 10.4139 2.73754 -44.6095 14.1545 4.92735 -40.6837 17.1931 7.01256 -36.1429 20.6809 9.2004 -31.9897 23.7798 11.2536 -27.4753 24.4262 12.3011 -22.3183 24.5346 13.1327 -17.0831 24.9869 14.1324 -11.896 -1.22524 -1.17619 -1.12225 -1.07679 -1.15211 -1.12937 -1.15708 -1.2084 -1.33866 -1.35749 -1.34992 -1.35991 -1.40013 -1.38716 -1.37717 -1.3869 -1.24573 -1.2094 -1.16866 -1.11721 -0.735209 -0.640079 -0.560926 -0.487923 0.0113688 0.0307081 0.0292158 0.0315548 0.375401 0.350585 0.338778 0.318636 0.34243 0.165635 0.0223351 -0.122539 -0.745184 -0.927751 -1.05509 -1.16579 -1.93657 -2.05641 -2.17023 -2.27669 -2.20602 -2.16543 -2.04975 -1.91182 -1.08956 -0.989539 -0.943213 -0.975387 1.13836 1.46334 1.83424 2.24635 1.80785 1.72045 1.61056 1.52885 0.705667 0.518402 0.371421 0.29776 -0.377311 -0.427964 -0.428659 -0.38776 -0.890462 -0.863586 -0.792798 -0.68237 -0.907238 -0.692371 -0.438801 -0.202813 0.434703 0.691646 0.98918 1.41947 2.83559 2.87963 2.91652 2.94452 2.95863 2.92322 2.92902 2.9202 2.56012 2.47167 2.38373 2.28596 1.60765 1.41839 1.20748 0.992272 0.267009 0.107544 -0.029959 -0.106488 1.28581
30.8436 14.7007 -13.6898 30.265 14.4464 -9.77328 29.2581 13.9873 -5.96359 27.835 13.3269 -2.3198 26.0145 12.4721 1.09982 22.611 10.8559 5.676 18.4945 8.87771 9.45474 13.8086 6.60022 12.282 8.72655 4.10147 14.0331 4.80641 2.15277 14.5809 0.865208 0.1735 14.4606 -3.00428 -1.79222 13.668 -6.7316 -3.65944 12.2239 -11.2932 -5.87205 9.39876 -15.3086 -7.74072 5.64771 -18.6381 -9.21003 1.12658 -21.1756 -10.2428 -3.99008 -22.6523 -10.7621 -8.66473 -23.4763 -10.9485 -13.5216 -23.6366 -10.8073 -18.4467 -23.1369 -10.3503 -23.3298 -21.9146 -9.54686 -28.3152 -20.012 -8.44055 -33.0216 -17.4757 -7.06448 -37.3422 -14.3644 -5.45667 -41.18 -10.8566 -3.71288 -44.3635 -6.9439 -1.8325 -46.9394 -2.70377 0.133742 -48.846 1.82923 2.08675 -49.9032 5.8842 3.68216 -49.9678 9.90477 5.14566 -49.14 13.6755 6.42757 -47.3706 16.9819 7.48157 -44.7346 20.4315 8.47145 -40.1032 22.5563 8.93609 -34.6627 23.3223 8.89408 -28.854 22.8326 8.40883 -23.0355 21.2924 7.57683 -17.5118 18.9051 6.48062 -12.3471 15.8664 5.19882 -7.58288 12.3476 3.79838 -3.19739 8.73337 2.42439 0.636529 4.91899 1.03249 4.26459 0.986846 -0.344237 7.77066 -2.98991 -1.67515 11.244 -7.20767 -3.04886 15.0243 -11.2847 -4.39284 18.9662 -15.1285 -5.6805 23.1536 -18.6281 -6.8794 27.6572 -20.5387 -7.55124 30.6016 -22.2326 -8.16345 33.6881 -23.6704 -8.70374 36.9148 -24.8093 -9.15862 40.2713 -25.9256 -9.68355 45.9357 -25.9626 -9.88645 51.7291 -24.7737 -9.71365 57.4003 -22.2926 -9.13277 62.6073 -19.3073 -8.34646 66.2597 -15.5933 -7.3104 69.0885 -11.3423 -6.07601 70.8982 -6.80564 -4.71513 71.5591 -1.90819 -3.19987 70.9385 2.65243 -1.74145 69.0046 6.59212 -0.432185 65.9336 9.71578 0.660351 61.9693 11.9503 1.50741 57.3093 13.2346 2.07983 52.2645 13.6253 2.38769 47.0512 13.2207 2.45566 41.8302 12.2914 2.34181 37.2712 10.911 2.08862 32.8337 9.16093 1.72059 28.5368 7.11617 1.26098 24.3812 4.24556 0.589092 19.3744 1.13764 -0.153699 14.5216 -2.10439 -0.932523 9.76312 -5.33929 -1.79636 5.01449 -8.25415 -2.63102 0.515785 -10.9724 -3.44836 -4.10745 -13.3891 -4.20149 -8.90576 -15.3851 -4.83945 -13.9098 -16.3712 -5.15816 -17.2217 -17.0911 -5.3912 -20.6084 -17.5053 -5.52259 -24.0513 -17.5744 -5.53653 -27.5208 -16.859 -5.27182 -33.1929 -14.9938 -4.59886 -38.5616 -11.9469 -3.49816 -43.2796 -7.82157 -1.99918 -46.9524 -3.46672 -0.400096 -49.0309 1.20716 1.39553 -49.9098 5.90398 3.3249 -49.6656 10.4345 5.28879 -48.4575 15.3254 7.47688 -46.1071 19.7514 9.48192 -42.8479 23.581 11.2381 -38.788 26.7017 12.6875 -34.0559 28.8395 13.6949 -29.307 30.2645 14.3798 -24.2437 30.9394 14.72 -18.9933 -6.94988 -6.93931 -6.92389 -6.90503 -6.97218 -6.89515 -6.84816 -6.80174 -6.80811 -6.76048 -6.7181 -6.68261 -6.65022 -6.59758 -6.56147 -6.53796 -6.37138 -6.33765 -6.30914 -6.28293 -5.95122 -5.89885 -5.84379 -5.78087 -5.2709 -5.19209 -5.10098 -4.99671 -4.54872 -4.47764 -4.39634 -4.30672 -4.08819 -4.06426 -4.02653 -3.9849 -4.37307 -4.44818 -4.52343 -4.59942 -5.33493 -5.43382 -5.52685 -5.61845 -5.56038 -5.62275 -5.68638 -5.76446 -5.11677 -5.12841 -5.14638 -5.1625 -2.92017 -2.39644 -1.82832 -1.25342 -1.55515 -1.52128 -1.48011 -1.41159 -2.07427 -2.10937 -2.10933 -2.07048 -2.65175 -2.63533 -2.58881 -2.51415 -2.97748 -2.93367 -2.87892 -2.81497 -3.13742 -3.10079 -3.05748 -3.00458 -2.47473 -2.24064 -1.86323 -1.23709 0.417569 0.642383 0.839748 1.01705 1.22177 1.33848 1.4483 1.54729 1.31794 1.3087 1.2871 1.25266 0.634279 0.487037 0.328777 0.167025 -0.517604 -0.625363 -0.715986 -0.786908 6.29811
