Optimization finished after 57400 iterations.
NEB Energy: 0.744342
Max NEB Force: 0.0999904
Optimization took: 1782321273997 ms
Energies: 
0.655332, 0.794244, 0.884739, 0.913833, 0.916082, 1.00527, 1.13127, 1.23867, 1.27356, 1.29392, 1.2767, 1.24382, 1.18205, 1.1218, 1.11865, 1.01663, 0.974574, 0.813291, 0.711183, 
NEB Forces: 
0, 0.0999904, 0.00676443, 0.00626315, 0.00606748, 0.00654113, 0.0106967, 0.0135112, 0.0148047, 0.0168666, 0.017168, 0.0172095, 0.0170294, 0.017369, 0.0167949, 0.0128374, 0.0119264, 0.00591795, 0, 
Gradients: 
0.000338496, 0.00613371, 0.00627208, 0.00626769, 0.00616725, 0.00674441, 0.011026, 0.0135557, 0.0148093, 0.0168669, 0.0171762, 0.0172411, 0.0170821, 0.0173857, 0.0169169, 0.0128958, 0.0124609, 0.00535965, 7.3784e-12, 
Spring Forces: 
0, 0.0998024, 0.00275027, 0.000154041, 4.13018e-05, 0.000159334, 2.86203e-06, 2.75494e-05, 8.50124e-06, 5.48218e-05, 6.25333e-05, 4.04919e-05, 0.00017641, 0.000188166, 0.000349104, 2.98358e-05, 0.000296766, 0.00337993, 0, 