# num_vectors 19
# vector_size 401
# Iterations: 6400, stepsize: 0.028943, max step size: 1.000000, spring constant: 0.000010, global NEB Hessian: false, global NEB Linesearch: true, climbing image: false
22.0947 29.5478 -13.4748 19.9182 32.2993 -11.6226 17.6967 34.6504 -9.3257 15.4995 36.5307 -6.61003 13.4025 37.8761 -3.5228 10.616 38.8219 1.62293 8.02608 38.9478 6.95343 4.94651 38.4529 11.9941 1.00056 37.1736 16.2286 -2.32903 35.7348 18.7402 -5.86543 33.9232 20.6578 -9.49423 31.7847 21.9708 -13.113 29.3663 22.6921 -17.7163 25.8327 22.7868 -21.9891 21.9815 22.0139 -25.8079 17.8841 20.4928 -29.08 13.5952 18.3517 -31.3762 9.83102 16.1469 -33.1926 5.97633 13.6681 -34.5006 2.04645 10.9945 -35.2752 -1.94419 8.20567 -35.4904 -6.19763 5.22976 -35.0674 -10.477 2.31394 -33.9905 -14.7502 -0.438175 -32.2534 -18.9729 -2.91717 -29.9413 -22.9708 -4.95468 -27.0414 -26.7951 -6.51847 -23.6076 -30.3617 -7.50263 -19.7256 -33.5734 -7.81064 -16.1071 -35.978 -7.46938 -12.3452 -37.9684 -6.53206 -8.56018 -39.4787 -4.98765 -4.8873 -40.4493 -2.85222 -0.335962 -40.8193 0.81905 3.56834 -40.1073 5.12943 6.68152 -38.3736 9.78047 8.94112 -35.7294 14.4956 10.3441 -32.3546 18.9919 10.979 -28.3622 23.1432 10.9394 -23.8802 26.8154 10.3374 -19.0205 29.9131 9.36827 -14.1941 32.2404 8.11037 -9.18406 33.9627 6.66745 -4.04764 35.0512 5.14456 1.16234 35.4831 3.54372 6.75907 35.1985 2.10323 12.304 34.1281 0.955435 17.7071 32.2691 0.233309 22.857 29.6378 0.0644747 25.8278 27.6586 0.133685 28.6139 25.4219 0.466548 31.1755 22.9524 1.08483 33.4701 20.2835 2.72341 36.5247 15.6369 5.17114 38.597 10.8078 8.33473 39.4681 6.02883 11.4664 38.9303 1.1802 13.4548 37.6479 -2.97576 14.6694 35.9297 -7.27022 15.1274 33.8608 -11.5574 14.8745 31.4919 -15.704 13.8786 28.6534 -19.9014 12.2326 25.576 -23.7076 10.0449 22.3026 -27.0491 7.42549 18.8655 -29.8761 4.43775 15.2365 -32.1848 1.22421 11.4792 -33.9117 -2.11067 7.60368 -35.0457 -5.46452 3.61721 -35.581 -8.37604 -0.0136872 -35.5527 -11.1488 -3.71799 -35.0514 -13.7072 -7.48314 -34.0822 -15.9729 -11.2898 -32.655 -18.2762 -16.0545 -30.2565 -19.8419 -20.7591 -27.2275 -20.5184 -25.2935 -23.6579 -20.1741 -29.5175 -19.6832 -18.8473 -33.0334 -15.7705 -16.5272 -35.9837 -11.8533 -13.2586 -38.2229 -8.14756 -9.16028 -39.6333 -4.88485 -6.19028 -40.066 -3.14296 -3.0248 -40.1313 -1.72248 0.258435 -39.8387 -0.637553 3.58613 -39.1993 0.110693 9.00604 -37.4352 0.627817 14.1222 -34.8853 0.349416 18.7563 -31.6644 -0.602449 22.7903 -27.8859 -2.0874 25.8142 -24.1451 -3.73187 28.2854 -20.1057 -5.58088 30.1957 -15.8198 -7.53651 31.5471 -11.3314 -9.50407 32.4215 -5.96624 -11.668 32.5878 -0.441653 -13.5873 32.0702 5.1796 -15.1256 30.9004 10.8208 -16.146 29.3129 15.8692 -16.5064 27.2699 20.7568 -16.233 24.8347 25.364 -15.2427 -0.208929 -0.115572 -0.0437972 0.0064603 -0.0577416 0.014512 0.0704318 0.125431 0.111274 0.146522 0.168469 0.177569 0.168836 0.161796 0.123733 0.0589374 0.132104 0.0677238 -0.0138332 -0.110854 0.081348 -0.0281516 -0.152588 -0.285712 0.0202115 -0.111309 -0.230783 -0.343528 -0.0913492 -0.182902 -0.237671 -0.246802 -0.0911765 -0.0686179 0.0287647 0.180311 -0.0629355 0.035201 0.146757 0.258774 -0.305297 -0.252449 -0.21475 -0.201062 -0.0625316 -0.0771483 -0.133506 -0.262056 0.280954 0.121491 -0.141017 -0.561005 0.810631 0.0289192 -0.210639 -0.0566871 -0.49935 -0.430578 -0.306503 -0.130385 -0.660484 -0.554093 -0.414011 -0.241696 -0.693655 -0.559256 -0.40476 -0.232101 -0.609093 -0.494954 -0.379867 -0.267637 -0.547935 -0.498216 -0.485376 -0.554876 -0.270099 -0.474512 -0.852553 -1.20697 -0.194758 -0.333024 -0.389353 -0.394885 -0.358746 -0.378512 -0.346253 -0.277587 -0.490786 -0.452203 -0.393495 -0.318842 -0.789017 -0.735964 -0.640013 -0.504013 -0.88931 -0.721901 -0.570225 -0.444405 0.028515
18.2911 28.6289 -16.6987 16.5731 30.9169 -13.9508 14.9813 32.6372 -10.7502 13.5321 33.7366 -7.22487 12.2523 34.2389 -3.5037 10.7332 34.034 2.22213 9.64795 33.1425 7.98083 8.38065 31.9103 13.6386 6.06889 30.2587 18.8408 3.52225 28.6755 22.0767 0.443847 26.8162 24.6321 -2.96933 24.7056 26.465 -6.57401 22.3824 27.5006 -11.3992 19.1598 27.6244 -16.1524 15.9406 26.7716 -20.7438 12.6653 25.4022 -24.937 9.21555 23.3526 -27.9799 6.23452 20.8716 -30.4941 3.27183 17.8381 -32.4229 0.227333 14.4747 -33.5515 -2.99837 10.922 -33.7195 -6.50005 7.08758 -33.0215 -9.97117 3.28536 -31.6658 -13.4691 -0.30899 -29.5638 -17.0696 -3.40901 -26.7274 -20.5486 -5.71775 -23.2976 -23.8755 -7.3447 -19.5415 -27.0833 -8.38391 -15.6241 -30.2432 -8.76827 -12.1768 -32.8909 -8.45617 -8.69485 -35.3223 -7.47864 -5.208 -37.3022 -5.77204 -1.83369 -38.5757 -3.32605 2.24379 -39.0586 0.853437 5.80447 -38.6621 5.48937 8.98808 -37.6659 10.3059 11.2696 -35.4013 15.2041 11.946 -31.6722 19.5866 11.3723 -27.2077 23.2349 10.3713 -22.4965 26.4559 9.08558 -17.4913 29.0763 7.4059 -12.5526 30.6367 5.34586 -7.5775 31.4433 3.14962 -2.6044 31.7455 0.929769 2.35343 31.3733 -1.51826 7.4522 29.9686 -4.05449 12.2364 27.814 -6.38272 17.0112 25.4172 -7.87271 22.0536 22.9037 -8.07702 25.1922 21.2076 -7.64575 28.2164 19.3536 -6.54098 30.9518 17.3372 -4.7985 33.2521 15.2296 -0.901252 35.9545 11.8963 3.67629 37.8402 8.88068 8.37862 39.0887 5.72903 12.7334 38.9422 1.90591 15.639 37.3179 -1.52723 17.759 34.6298 -4.86607 19.1464 31.3937 -8.10199 19.7569 27.9314 -11.3437 19.472 24.1031 -14.7973 18.3661 20.2626 -18.0672 16.632 16.4777 -21.1222 14.2097 12.8967 -23.9459 10.9836 9.66246 -26.5065 7.19526 6.80791 -28.7257 3.11948 4.05801 -30.5287 -1.1386 1.23832 -31.6875 -5.04706 -1.26441 -32.0335 -8.96686 -3.75752 -31.7523 -12.6812 -6.41307 -30.8517 -15.8916 -9.38262 -29.2599 -18.9461 -13.3823 -26.3566 -21.2715 -17.3833 -22.8435 -22.9572 -21.449 -19.0506 -23.085 -25.6603 -15.05 -21.246 -29.2826 -11.4549 -18.0968 -32.312 -8.24038 -14.3488 -34.8729 -5.26983 -10.0888 -36.8536 -2.55713 -7.00863 -37.5826 -1.13508 -3.71113 -37.7777 -0.0722427 -0.32251 -37.4009 0.573063 3.01991 -36.5019 0.820722 8.22418 -34.1377 0.539477 13.0931 -31.212 -0.158237 17.7117 -27.9879 -1.17145 21.8342 -24.3976 -2.86458 24.7746 -20.9329 -5.14261 27.0303 -17.3294 -7.92958 28.7333 -13.5335 -10.8504 29.8067 -9.42785 -13.6489 30.122 -4.42548 -16.6665 29.7328 0.616606 -19.6085 28.9541 5.8021 -22.2034 27.5548 11.3212 -23.5486 25.5995 16.2401 -23.2084 23.2275 20.7505 -21.7373 20.7304 24.9041 -19.5816 0.119702 0.170959 0.203809 0.21775 0.114097 0.133294 0.133824 0.146605 0.106813 0.125969 0.134875 0.135331 0.126381 0.140365 0.136915 0.0975886 0.190016 0.153497 0.0997014 0.00921028 0.195875 0.105929 0.0234535 -0.0922203 0.202503 0.0787156 -0.00316008 -0.0872543 0.157616 0.0345195 -0.063201 -0.109498 0.0212259 0.0172507 0.0621022 0.196272 0.0186666 0.170914 0.241997 0.320764 -0.198217 -0.107211 -0.0787722 -0.0477317 0.181736 0.255567 0.170419 -0.112743 0.234185 -0.132904 -0.69016 -1.46258 -0.148497 -0.118732 0.239386 0.515913 -0.0896386 -0.197787 -0.118058 0.113021 -0.320578 -0.121322 0.0932918 0.354111 0.000877176 0.181758 0.309282 0.435147 0.0387764 0.139971 0.210965 0.242603 -0.120656 -0.0753013 -0.0577545 -0.283757 -0.337248 -0.761848 -0.880813 -0.816385 0.261612 0.0631317 -0.0619943 -0.105482 -0.0760847 -0.0436534 0.0428336 0.121539 -0.109188 -0.0846525 -0.0205911 0.090593 -0.326053 -0.266072 -0.170719 0.0874 -0.168005 0.00762157 0.085853 0.132529 0.222113
19.9546 27.3323 -16.56 18.1812 29.3256 -13.6242 16.5175 30.7259 -10.3063 14.9909 31.5106 -6.72986 13.6407 31.7341 -3.00638 12.0413 31.2055 2.6767 10.8983 30.0691 8.38081 9.56337 28.6221 13.9718 7.14769 26.8024 19.0696 4.50355 25.1561 22.1939 1.317 23.2854 24.6043 -2.20812 21.1974 26.2406 -5.91022 18.9223 27.0034 -10.7988 15.814 26.6515 -15.5363 12.7682 25.2504 -20.055 9.69589 23.2945 -24.0668 6.47317 20.6106 -26.8083 3.72211 17.5747 -28.8943 1.0385 14.0042 -30.3242 -1.6574 10.1327 -30.9309 -4.43638 6.10645 -30.5501 -7.3587 1.82771 -29.3116 -10.1806 -2.35508 -27.4343 -13.0245 -6.27689 -24.8652 -16.0303 -9.64698 -21.6631 -19.0272 -12.1457 -17.9491 -21.9656 -13.8925 -13.9602 -24.8562 -14.9933 -9.85328 -27.7654 -15.3791 -6.29675 -30.2567 -15.0105 -2.78271 -32.59 -13.9159 0.629751 -34.534 -12.0272 3.80363 -35.8359 -9.33981 7.43581 -36.4409 -4.78256 10.4412 -36.2102 0.24158 12.992 -35.4087 5.45487 14.5142 -33.4126 10.7486 14.3753 -30.022 15.4449 13.0262 -25.9158 19.3038 11.2555 -21.5669 22.6983 9.14647 -16.9413 25.4783 6.66372 -12.3859 27.1307 3.82058 -7.81723 27.9617 0.889549 -3.24114 28.3012 -1.97691 1.38317 28.0869 -4.99307 6.25273 27.0126 -8.00834 10.9273 25.2746 -10.7922 15.6689 23.3427 -12.732 20.81 21.4012 -13.1643 24.1241 20.1365 -12.8773 27.4149 18.7737 -11.7902 30.4842 17.3018 -9.93283 33.1331 15.7843 -5.66962 36.3152 13.4815 -0.683554 38.5445 11.5391 4.52943 40.0441 9.4946 9.67606 39.9988 6.82767 13.3853 38.2874 4.34175 16.2947 35.3985 1.88049 18.4104 31.9192 -0.62693 19.6919 28.2232 -3.37748 20.0447 24.1958 -6.58999 19.4701 20.2252 -9.84106 18.1586 16.3907 -13.0413 16.0264 12.9032 -16.1965 12.9583 9.98432 -19.2773 9.23637 7.64091 -22.1198 5.14139 5.49541 -24.58 0.731707 3.33212 -26.3964 -3.43673 1.47506 -27.31 -7.71117 -0.346011 -27.5784 -11.8584 -2.42673 -27.2172 -15.5447 -5.05861 -26.1483 -19.1481 -8.99761 -23.8556 -21.9357 -13.1584 -20.9104 -24.0422 -17.4902 -17.6615 -24.5133 -22.1066 -14.1654 -22.8518 -26.1701 -10.9787 -19.7633 -29.6005 -8.12884 -16.0214 -32.539 -5.52257 -11.7288 -34.917 -3.21001 -8.60518 -35.909 -2.06973 -5.25165 -36.3682 -1.30544 -1.79978 -36.256 -0.968913 1.61198 -35.6259 -1.034 6.94837 -33.7179 -1.83113 11.9714 -31.2594 -3.04665 16.7532 -28.491 -4.53794 21.049 -25.3093 -6.58108 24.1692 -22.1304 -9.03049 26.6365 -18.7266 -11.8883 28.5828 -15.0372 -14.7935 29.9378 -10.9153 -17.442 30.6245 -5.73147 -20.0659 30.643 -0.386693 -22.4456 30.2593 5.10455 -24.4276 29.1522 10.8023 -25.161 27.3175 15.704 -24.2999 24.9619 20.0429 -22.361 22.4399 23.9364 -19.7889 0.00745447 0.0588711 0.0915547 0.105595 0.00364653 0.0251338 0.0250033 0.0377133 0.00199666 0.0265213 0.0410345 0.0466371 0.0430926 0.0623672 0.0640598 0.0302074 0.125685 0.0914229 0.0455687 -0.026945 0.18389 0.115651 0.0531964 -0.036498 0.285041 0.177568 0.101271 0.0180863 0.259604 0.127431 0.0137172 -0.054214 0.0503032 0.0242037 0.0514222 0.156328 -0.0646689 0.0498106 0.101423 0.165283 -0.372744 -0.296361 -0.282919 -0.284122 -0.101364 -0.0582487 -0.144314 -0.42161 -0.0785635 -0.446712 -0.980484 -1.65794 -0.190454 -0.112322 0.241431 0.525092 -0.0575858 -0.155234 -0.073904 0.171212 -0.234565 -0.0130737 0.214703 0.490406 0.143628 0.312253 0.419075 0.527119 0.117501 0.204027 0.252088 0.250716 -0.153463 -0.140495 -0.13281 -0.348865 -0.364072 -0.736669 -0.816916 -0.698742 0.434199 0.262101 0.150014 0.112885 0.144724 0.16961 0.242392 0.312467 0.0797937 0.102969 0.164686 0.277775 -0.133781 -0.0788264 -0.0115586 0.203727 -0.0768238 0.0887469 0.157486 0.197212 0.397962
15.8206 27.9274 -13.0726 14.1284 29.4667 -9.83159 12.6019 30.3918 -6.28882 11.2637 30.7019 -2.56725 10.145 30.472 1.23183 8.95304 29.3294 6.92466 8.2567 27.6437 12.5646 7.37657 25.6542 18.0784 5.39848 23.266 23.1299 3.04933 21.2054 26.2442 0.121514 18.9504 28.6538 -3.18369 16.5215 30.2785 -6.70631 13.9655 31.0008 -11.4163 10.6047 30.5493 -16.0186 7.41565 29.0218 -20.4166 4.26971 26.9136 -24.3068 1.0778 24.022 -26.94 -1.5255 20.7677 -28.9123 -3.95396 16.958 -30.2296 -6.29699 12.8256 -30.7374 -8.61385 8.5041 -30.2785 -10.9335 3.87794 -28.9822 -13.0758 -0.674269 -27.0417 -15.215 -4.99298 -24.3826 -17.5321 -8.8078 -21.0667 -19.9067 -11.7818 -17.2179 -22.2815 -14.0237 -13.0648 -24.6656 -15.6196 -8.74861 -27.1353 -16.4856 -4.97609 -29.3169 -16.5055 -1.2303 -31.4159 -15.761 2.40416 -33.2144 -14.1651 5.76271 -34.4743 -11.6905 9.55766 -35.1766 -7.2823 12.6516 -35.1444 -2.30695 15.236 -34.6082 2.92382 16.6793 -33.0081 8.37198 16.3204 -30.1397 13.3933 14.6702 -26.5992 17.6727 12.5585 -22.8196 21.5234 10.0384 -18.7622 24.8034 7.08975 -14.7269 26.964 3.73794 -10.6539 28.314 0.285228 -6.53592 29.1905 -3.10775 -2.29407 29.5664 -6.6889 2.28837 29.1912 -10.2658 6.77828 28.1858 -13.6198 11.3937 26.9968 -16.1584 16.5025 25.8055 -16.9618 19.8884 24.9934 -17.0275 23.3377 24.0619 -16.2499 26.6538 22.9814 -14.6403 29.6166 21.798 -10.648 33.3671 19.901 -5.84031 36.1532 18.2492 -0.732451 38.2142 16.442 4.469 38.7579 13.9417 8.38292 37.4969 11.5007 11.5916 34.9807 9.00245 14.0374 31.8049 6.39463 15.6409 28.3609 3.49009 16.3106 24.5545 0.0655487 16.0168 20.7588 -3.42325 14.9401 17.0673 -6.86969 12.966 13.7071 -10.2574 9.96612 10.9223 -13.5239 6.25344 8.7241 -16.4918 2.15134 6.70942 -19.0488 -2.2666 4.63573 -20.9477 -6.4435 2.8233 -21.9109 -10.7194 1.01212 -22.2192 -14.8432 -1.12658 -21.9373 -18.4505 -3.92426 -21.0325 -21.8479 -8.20481 -19.0599 -24.3525 -12.7758 -16.4927 -26.1364 -17.5352 -13.6781 -26.2218 -22.5489 -10.7435 -24.1665 -26.8637 -8.17737 -20.7059 -30.4085 -5.96669 -16.6236 -33.3906 -3.99923 -12.0372 -35.762 -2.33453 -8.77838 -36.7045 -1.60442 -5.34831 -37.0744 -1.23154 -1.88628 -36.8396 -1.25258 1.47529 -36.0679 -1.6342 6.63142 -33.9142 -2.87064 11.4191 -31.216 -4.46766 15.9338 -28.2027 -6.28174 19.9107 -24.7503 -8.52167 22.7017 -21.3059 -11.0091 24.8191 -17.6235 -13.8013 26.4148 -13.656 -16.5497 27.4305 -9.27279 -18.9151 27.7515 -3.82859 -21.0334 27.4269 1.74493 -22.7827 26.7162 7.40543 -24.08 25.3242 13.0879 -24.0777 23.3079 17.7474 -22.5423 20.848 21.68 -19.9697 18.281 25.0834 -16.8133 0.0199746 0.0606354 0.0832913 0.0885762 -0.0221413 -0.00975694 -0.0250122 -0.0362782 -0.0937079 -0.0847577 -0.083223 -0.0882456 -0.100009 -0.0848395 -0.0846835 -0.116727 -0.0147715 -0.0405318 -0.0751783 -0.130238 0.104774 0.0608509 0.0199426 -0.0442797 0.30757 0.22663 0.169141 0.101773 0.356724 0.233924 0.124533 0.0548127 0.151719 0.115212 0.132224 0.221316 -0.0261136 0.0594281 0.0917538 0.136671 -0.428561 -0.377296 -0.381745 -0.404618 -0.253897 -0.238838 -0.32941 -0.586906 -0.208581 -0.53037 -0.989521 -1.57679 -0.0580465 -0.0119057 0.310269 0.573472 -0.0243483 -0.13487 -0.0691765 0.15638 -0.272295 -0.0724206 0.141181 0.410971 0.0657344 0.239987 0.351251 0.462408 0.0574519 0.148965 0.197137 0.188654 -0.225776 -0.216809 -0.208416 -0.428989 -0.439092 -0.779104 -0.819053 -0.642843 0.554724 0.418486 0.324083 0.292434 0.32262 0.340117 0.403031 0.463593 0.225069 0.246996 0.312792 0.435642 0.035481 0.096126 0.157375 0.348939 0.0346005 0.172008 0.219301 0.241411 0.41599
10.3071 28.6984 -8.88034 8.75391 29.8207 -5.40684 7.43404 30.3301 -1.70069 6.35629 30.2396 2.11604 5.53368 29.6353 5.94949 4.81975 27.9938 11.6002 4.6147 25.8681 17.1296 4.24069 23.4415 22.5247 2.79256 20.5745 27.5064 0.833628 18.1403 30.6209 -1.72908 15.5144 33.0706 -4.70899 12.7324 34.7571 -7.96096 9.85798 35.5482 -12.4142 6.15331 35.1912 -16.8491 2.69173 33.7653 -21.1231 -0.672581 31.7409 -24.9292 -3.97896 28.8661 -27.5321 -6.55247 25.5642 -29.5057 -8.83899 21.6682 -30.8489 -10.9469 17.4192 -31.41 -12.933 12.9424 -31.0408 -14.8015 8.10867 -29.8581 -16.4187 3.31504 -28.0313 -17.9958 -1.28586 -25.4632 -19.7396 -5.45197 -22.2029 -21.5703 -8.84282 -18.3743 -23.4305 -11.5558 -14.196 -25.3333 -13.6536 -9.78838 -27.3648 -15.0409 -5.87318 -29.2184 -15.5171 -1.93037 -31.0505 -15.2189 1.94199 -32.6602 -14.0338 5.55863 -33.8279 -11.9014 9.69315 -34.5591 -7.81503 13.1009 -34.6642 -3.05016 15.9721 -34.3313 2.04618 17.6256 -33.0565 7.52035 17.3385 -30.645 12.7808 15.652 -27.6226 17.4275 13.4566 -24.3714 21.6916 10.7949 -20.8375 25.4331 7.6358 -17.2773 28.0773 4.01946 -13.6547 29.9335 0.273293 -9.96045 31.3354 -3.44351 -6.09506 32.2794 -7.41118 -1.83628 32.5702 -11.4023 2.39953 32.2644 -15.1932 6.79912 31.7776 -18.2185 11.7541 31.2676 -19.3563 15.1146 30.8407 -19.778 18.6132 30.2486 -19.3631 22.0684 29.4368 -18.099 25.256 28.4315 -14.584 29.4984 26.6291 -10.1592 32.833 24.9243 -5.38449 35.4901 22.9888 -0.425294 36.7177 20.2498 3.43129 36.0435 17.504 6.70978 34.0686 14.6371 9.28879 31.3707 11.6474 11.0364 28.3389 8.3881 11.8585 24.8903 4.63367 11.7172 21.362 0.865899 10.779 17.857 -2.80828 8.89539 14.5907 -6.33641 5.9199 11.7987 -9.61903 2.1892 9.51578 -12.499 -1.92341 7.36352 -14.9236 -6.31015 5.09596 -16.6668 -10.4198 3.06211 -17.4625 -14.5877 0.995552 -17.5935 -18.542 -1.42343 -17.1802 -21.8915 -4.5167 -16.2469 -24.8519 -9.15818 -14.3898 -26.862 -14.0686 -12.0225 -28.1235 -19.1427 -9.48892 -27.6442 -24.3833 -7.02676 -25.0819 -28.7496 -5.0783 -21.1906 -32.2076 -3.55218 -16.7401 -35.0345 -2.27512 -11.8609 -37.1911 -1.28934 -8.48943 -37.9475 -0.969592 -5.02248 -38.094 -0.968164 -1.60289 -37.609 -1.30344 1.6488 -36.5747 -1.93442 6.52191 -33.9874 -3.45486 10.9733 -30.8678 -5.24544 15.1187 -27.435 -7.19067 18.666 -23.5554 -9.45305 21.0175 -19.7331 -11.8406 22.6641 -15.6886 -14.4427 23.7744 -11.3966 -16.9299 24.2956 -6.76196 -18.952 24.0447 -1.14588 -20.5725 23.1514 4.513 -21.7594 21.8982 10.1845 -22.4617 20.0687 15.7056 -21.8308 17.8178 20.0268 -19.7345 15.2624 23.5012 -16.647 12.6871 26.3943 -13.023 0.0732128 0.103031 0.115737 0.112411 -0.00713515 -0.00397228 -0.0341859 -0.0700539 -0.151209 -0.160525 -0.175425 -0.194939 -0.219197 -0.211953 -0.216982 -0.251621 -0.146539 -0.16582 -0.191826 -0.234018 0.0190244 -0.00612314 -0.0299981 -0.074083 0.302346 0.244416 0.205063 0.15466 0.425961 0.317242 0.21877 0.155005 0.252694 0.212202 0.223884 0.304925 0.0422846 0.109248 0.128021 0.158482 -0.42744 -0.395552 -0.41366 -0.451352 -0.322661 -0.329173 -0.42479 -0.664992 -0.252123 -0.529769 -0.923158 -1.43856 0.111162 0.112003 0.396386 0.627527 -0.00317846 -0.13828 -0.0952505 0.101319 -0.362978 -0.194311 -2.47913e-06 0.259476 -0.0843387 0.102784 0.228988 0.353473 -0.037623 0.0676282 0.124725 0.118103 -0.296815 -0.283237 -0.27285 -0.508002 -0.529117 -0.846956 -0.850459 -0.624348 0.627025 0.522188 0.444278 0.417781 0.446133 0.457988 0.514284 0.567756 0.325093 0.34801 0.42051 0.554713 0.167363 0.237656 0.30053 0.477818 0.134911 0.246102 0.274039 0.280215 0.388114
9.88543 26.1537 -9.01159 8.30981 26.9406 -5.45698 6.97766 27.172 -1.72752 5.87673 26.8922 2.07337 4.99965 26.2159 5.88265 4.12988 24.6944 11.5451 3.70717 22.8673 17.1681 3.0862 20.7623 22.6743 1.36444 18.148 27.7077 -0.806371 15.8594 30.792 -3.56848 13.346 33.1409 -6.70542 10.6299 34.6395 -10.0217 7.76206 35.1307 -14.3443 3.99931 34.2142 -18.4415 0.458168 32.127 -22.283 -2.94314 29.4144 -25.5553 -6.15216 25.8538 -27.5688 -8.49092 22.0098 -28.8483 -10.414 17.6548 -29.4866 -12.057 13.051 -29.44 -13.481 8.33176 -28.594 -14.6627 3.34372 -27.0658 -15.5419 -1.54346 -24.9528 -16.4098 -6.20981 -22.1394 -17.5698 -10.4207 -18.7067 -19.0089 -13.8301 -14.7666 -20.6278 -16.5383 -10.5001 -22.3744 -18.5938 -6.00847 -24.2943 -19.8659 -2.04578 -26.0832 -20.1637 1.88574 -27.8826 -19.6193 5.65632 -29.4952 -18.1451 9.06839 -30.6968 -15.7152 12.7986 -31.493 -11.2678 15.7314 -31.6467 -6.19795 18.0576 -31.4003 -0.826224 19.0211 -30.3798 4.86201 17.9576 -28.4091 10.2058 15.5123 -25.9111 14.8266 12.5652 -23.1884 19.0068 9.13131 -20.1617 22.5591 5.28164 -17.0671 24.8504 1.05844 -13.9116 26.2119 -3.23005 -10.6756 27.0975 -7.42367 -7.23768 27.5885 -11.8006 -3.39217 27.4523 -16.1142 0.459974 26.7323 -20.2113 4.52672 25.9321 -23.5468 9.28049 25.4421 -24.8282 12.6134 25.3028 -25.317 16.1526 25.2395 -24.8667 19.6973 25.2015 -23.4716 22.987 25.1775 -19.6365 27.3336 25.2331 -14.8932 30.6568 25.4825 -9.72336 33.2791 25.5163 -4.13497 34.5594 24.6598 0.382687 34.0026 23.1941 4.35699 32.1712 21.2656 7.65987 29.6146 18.9367 10.2068 26.7181 16.1097 11.9729 23.4117 12.5581 12.784 20.0234 8.74661 12.7199 16.6448 4.84205 11.5623 13.4717 0.936169 9.14649 10.7337 -2.81773 5.82472 8.49397 -6.19023 1.9662 6.49469 -9.11241 -2.40067 4.67561 -11.3586 -6.69974 3.37166 -12.5736 -11.1924 2.26879 -13.0817 -15.6259 0.854188 -13.0403 -19.6728 -1.38063 -12.5051 -23.7865 -5.25302 -11.1493 -27.1362 -9.59759 -9.23603 -29.7485 -14.3734 -7.2053 -30.3526 -19.8944 -5.50008 -28.3253 -24.8372 -4.5599 -24.6371 -28.7989 -4.19844 -20.2927 -32.0463 -4.09869 -15.5099 -34.6033 -4.22119 -12.1979 -35.5926 -4.52722 -8.78603 -35.9545 -5.0461 -5.40054 -35.6896 -5.75995 -2.12849 -34.9096 -6.61241 2.96812 -32.8362 -8.18677 7.84843 -30.3177 -9.79678 12.508 -27.4627 -11.4969 16.6042 -24.0244 -13.5343 19.4763 -20.4537 -15.7345 21.666 -16.5511 -18.1461 23.2892 -12.3052 -20.4214 24.1928 -7.62309 -22.1824 24.1348 -1.90487 -23.4184 23.2417 3.8296 -24.1584 21.9347 9.52765 -24.3889 20.0303 14.9436 -23.2624 17.6777 18.9684 -20.7327 15.0076 21.9784 -17.2766 12.3308 24.3494 -13.359 -0.0222053 0.00448488 0.0165606 0.0164186 -0.0929138 -0.0734768 -0.0910524 -0.117668 -0.190589 -0.194162 -0.206663 -0.229408 -0.263814 -0.269014 -0.27974 -0.315661 -0.212344 -0.231769 -0.251308 -0.27766 -0.00275963 -0.00730083 -0.013974 -0.040738 0.350888 0.300265 0.259319 0.201269 0.462207 0.341891 0.229583 0.149532 0.228083 0.171336 0.168356 0.223298 -0.0775785 -0.0440963 -0.0438051 -0.0260713 -0.623295 -0.596508 -0.617889 -0.663348 -0.541219 -0.542822 -0.635317 -0.89578 -0.518813 -0.823967 -1.22308 -1.68352 0.0203941 0.151303 0.491548 0.798967 0.252785 0.163904 0.214584 0.396426 -0.0913451 0.0502937 0.21583 0.442947 0.061492 0.215493 0.328552 0.460303 0.0770775 0.175056 0.208573 0.173686 -0.262925 -0.262322 -0.283322 -0.568496 -0.607102 -0.905204 -0.870987 -0.57914 0.734224 0.662066 0.603807 0.58924 0.624044 0.627527 0.65762 0.681271 0.417144 0.422732 0.476995 0.597704 0.208144 0.28166 0.336412 0.498743 0.146819 0.251425 0.268547 0.263332 0.46024
9.90672 23.9438 -8.72032 8.37595 24.5602 -5.11286 7.08902 24.676 -1.3622 5.99731 24.3421 2.437 5.05854 23.6784 6.23377 3.93741 22.2969 11.8879 3.12869 20.7062 17.5404 2.08972 18.8417 23.0702 -0.0142382 16.3981 28.0438 -2.42283 14.1814 31.0015 -5.3698 11.6999 33.1512 -8.62057 8.98155 34.3786 -11.9429 6.08259 34.5261 -16.0623 2.25984 33.0769 -19.7697 -1.33469 30.4277 -23.1375 -4.74875 27.1588 -25.8468 -7.86118 23.0777 -27.2712 -9.99513 18.8684 -27.8905 -11.6135 14.2533 -27.8922 -12.8786 9.48878 -27.3391 -13.8569 4.68894 -26.1515 -14.4977 -0.328195 -24.4288 -14.7931 -5.22085 -22.1748 -15.1006 -9.89175 -19.2333 -15.808 -14.1155 -15.71 -16.9587 -17.542 -11.7166 -18.4133 -20.2652 -7.40062 -20.0528 -22.3056 -2.84241 -21.8726 -23.4845 1.16959 -23.569 -23.6166 5.1037 -25.2752 -22.8401 8.79618 -26.8044 -21.1029 12.0367 -27.9384 -18.4189 15.4176 -28.6558 -13.6878 17.9338 -28.7152 -8.397 19.7832 -28.4237 -2.84523 20.1532 -27.5709 2.93939 18.4312 -26.0305 8.25281 15.3464 -24.103 12.7628 11.7652 -21.9686 16.7867 7.67535 -19.5055 20.0696 3.24737 -16.9349 21.9219 -1.46076 -14.3142 22.704 -6.16323 -11.5869 23.0133 -10.6879 -8.55822 23.0408 -15.2771 -5.00318 22.5258 -19.687 -1.3405 21.4762 -23.8805 2.57903 20.4679 -27.3744 7.23188 20.1404 -28.7533 10.5185 20.3979 -29.3168 14 20.973 -28.9187 17.4561 21.789 -27.5684 20.6175 22.7644 -23.8256 24.6737 24.5373 -19.2141 27.6216 26.4473 -14.1518 29.9113 28.1013 -8.52862 31.1587 28.7549 -3.78068 30.9037 28.2449 0.621835 29.5753 26.9327 4.50931 27.5746 24.9952 7.78828 25.2028 22.4471 10.5107 22.3967 19.0738 12.384 19.4305 15.2845 13.3872 16.3273 11.2809 13.2243 13.1422 7.21967 11.6911 10.0252 3.3007 9.09975 7.15711 -0.232632 5.80077 4.51331 -3.32329 1.7873 2.17979 -5.74637 -2.35327 0.529961 -7.08538 -6.7803 -0.785821 -7.65941 -11.2496 -2.08379 -7.67249 -15.6361 -3.58517 -7.26716 -20.9834 -5.58869 -6.19501 -26.2619 -7.41797 -4.59874 -31.1062 -10.2063 -3.01312 -33.6888 -15.3793 -2.4468 -32.354 -20.5471 -3.41351 -28.5948 -24.0102 -5.2311 -24.1589 -26.4375 -7.19609 -19.5422 -28.6225 -9.02413 -16.4378 -29.7434 -10.0955 -13.2036 -30.504 -11.097 -9.87509 -30.8192 -12.026 -6.50999 -30.7146 -12.8666 -0.973637 -29.8528 -14.0321 4.53809 -28.6195 -14.9553 9.929 -26.9579 -15.9194 14.8307 -24.3645 -17.3334 18.3958 -21.1906 -19.0815 21.1985 -17.4535 -21.0862 23.3407 -13.2441 -22.9655 24.6074 -8.51716 -24.3406 24.6821 -2.72412 -25.1553 23.673 3.02896 -25.4916 22.1849 8.6846 -25.3234 20.1468 13.9564 -23.8128 17.7232 17.7317 -20.9832 15.0153 20.4108 -17.2921 12.3262 22.4375 -13.1938 -0.13893 -0.113732 -0.10067 -0.0968884 -0.196987 -0.162973 -0.167268 -0.184404 -0.251878 -0.25247 -0.263401 -0.287641 -0.32802 -0.340904 -0.354959 -0.392368 -0.291563 -0.311522 -0.325875 -0.34006 -0.0479337 -0.0343911 -0.0243374 -0.0343986 0.372309 0.331106 0.292275 0.230981 0.487796 0.36498 0.251164 0.168742 0.243537 0.184863 0.18088 0.226296 -0.0954497 -0.081772 -0.0899015 -0.0756257 -0.674208 -0.642542 -0.659601 -0.710505 -0.596427 -0.592395 -0.674188 -0.938254 -0.566667 -0.857734 -1.20616 -1.57138 0.274929 0.509195 0.911546 1.30715 0.852131 0.817113 0.87653 1.03137 0.501116 0.600629 0.724015 0.901841 0.473608 0.598699 0.700239 0.821131 0.409284 0.466744 0.47369 0.450186 0.0502765 0.0358764 -0.133915 -0.640655 -0.862606 -1.29921 -1.3039 -0.900024 0.55462 0.556926 0.520341 0.488902 0.479505 0.422672 0.385558 0.344797 0.0403755 0.0261242 0.0665793 0.175874 -0.214284 -0.124837 -0.0580829 0.103077 -0.25167 -0.147542 -0.132426 -0.142059 0.167355
10.1281 21.706 -8.11389 8.65945 22.2658 -4.47154 7.42734 22.3617 -0.701962 6.33912 22.045 3.09969 5.31199 21.4367 6.88285 3.85864 20.21 12.4969 2.54949 18.835 18.1121 0.980815 17.1794 23.5832 -1.57549 14.8653 28.4045 -4.23543 12.6781 31.1621 -7.3499 10.1807 33.04 -10.6724 7.41876 33.9325 -13.9419 4.46634 33.6945 -17.7747 0.588486 31.7058 -21.0173 -3.02971 28.5312 -23.8427 -6.42298 24.7647 -25.9271 -9.41201 20.2476 -26.7279 -11.3238 15.775 -26.6797 -12.6273 11.0211 -26.0637 -13.5196 6.2122 -25.0452 -14.0787 1.42144 -23.5814 -14.2245 -3.56137 -21.7458 -13.9888 -8.41598 -19.4308 -13.788 -13.0628 -16.4214 -14.0918 -17.2869 -12.8433 -14.9958 -20.7306 -8.81817 -16.3181 -23.4744 -4.46594 -17.8722 -25.5047 0.151611 -19.5994 -26.5881 4.20695 -21.1942 -26.5446 8.13439 -22.7831 -25.5238 11.7362 -24.1938 -23.517 14.7913 -25.2162 -20.5824 17.8041 -25.7807 -15.5892 19.8841 -25.6559 -10.1132 21.2466 -25.2384 -4.43022 21.0452 -24.5161 1.38042 18.7285 -23.4159 6.57591 15.0925 -22.0889 10.8875 10.9693 -20.5835 14.6697 6.30937 -18.7561 17.5879 1.39492 -16.8126 18.8981 -3.68097 -14.845 18.996 -8.68238 -12.721 18.6485 -13.4425 -10.1167 18.196 -18.1297 -6.75198 17.3759 -22.4947 -3.09788 16.1276 -26.655 0.84153 15.0611 -30.2352 5.43992 15.075 -31.7054 8.60472 15.8442 -32.3734 11.8639 17.1482 -32.1033 14.9948 18.8492 -30.9196 17.7579 20.7815 -27.5215 21.0987 24.0824 -23.3023 23.2935 27.3969 -18.6237 24.9711 30.3804 -13.262 26.1652 32.2325 -8.4958 26.4739 32.4704 -3.79906 26.1015 31.6513 0.604563 25.1543 30.045 4.55705 23.7215 27.7659 8.14482 21.7217 24.6363 10.9806 19.3742 21.0151 12.9926 16.6831 17.094 13.8339 13.5825 13.0513 13.2466 10.1576 9.13332 11.484 6.70939 5.60793 8.87558 3.39238 2.50652 5.38002 0.384253 0.0252553 1.54428 -1.83026 -1.40376 -2.7069 -3.58858 -2.10729 -7.12678 -5.03345 -2.29718 -11.6254 -6.20122 -2.05668 -17.2714 -7.04322 -0.975439 -22.7681 -7.18253 0.901571 -28.36 -8.10071 2.18332 -32.8637 -11.4347 0.650589 -33.3771 -15.2786 -3.14181 -30.7626 -17.8657 -7.12926 -27.1207 -19.6973 -10.7087 -23.2536 -21.6448 -13.9772 -20.5702 -22.9068 -15.7795 -17.6576 -24.0446 -17.284 -14.5129 -24.9375 -18.4479 -11.1984 -25.5543 -19.2695 -5.54185 -26.0839 -19.9594 0.17128 -26.374 -20.1274 5.88911 -26.1773 -20.2675 11.3903 -24.7307 -20.8962 15.6616 -22.2039 -21.9967 19.2127 -18.8424 -23.3859 22.072 -14.8429 -24.6776 23.9335 -10.1911 -25.5346 24.4108 -4.37192 -25.9051 23.5352 1.41265 -25.9377 22.1115 7.07067 -25.5034 20.1712 12.2943 -23.721 17.8269 15.956 -20.6831 15.1585 18.4703 -16.8501 12.4941 20.3284 -12.6568 -0.19033 -0.168574 -0.156625 -0.151284 -0.245754 -0.20194 -0.196873 -0.208535 -0.275829 -0.278746 -0.293236 -0.323564 -0.374789 -0.401182 -0.425889 -0.473988 -0.384878 -0.413668 -0.43173 -0.44453 -0.147512 -0.127575 -0.111223 -0.115577 0.294533 0.251562 0.203951 0.1281 0.370337 0.23612 0.112745 0.0201509 0.0814053 0.00847039 -0.00848215 0.0169167 -0.336674 -0.355732 -0.387292 -0.392634 -1.00896 -0.98835 -1.01941 -1.10124 -1.0285 -1.05176 -1.14514 -1.42219 -1.04874 -1.31362 -1.60466 -1.88892 0.056999 0.352743 0.790717 1.24594 0.847387 0.828431 0.856297 0.946971 0.345327 0.38784 0.469767 0.613299 0.164794 0.292694 0.413954 0.560269 0.169386 0.246322 0.286282 0.314861 -0.0299235 -0.0287978 -0.198481 -0.582982 -0.549343 -0.750737 -0.666636 -0.223559 1.29546 1.34907 1.34428 1.31574 1.27826 1.1643 1.0548 0.940361 0.5843 0.536394 0.544031 0.614385 0.185374 0.252164 0.304392 0.443862 0.0702231 0.163558 0.169807 0.151224 0.506083
10.3451 19.1936 -7.36258 8.90668 19.6496 -3.69382 7.68368 19.6612 0.079905 6.54844 19.295 3.86331 5.3887 18.69 7.60847 3.56222 17.583 13.1378 1.73737 16.4274 18.6577 -0.374107 14.995 24.0079 -3.4048 12.8276 28.6178 -6.33113 10.6895 31.1335 -9.62116 8.20223 32.6995 -13.0128 5.42899 33.2183 -16.2104 2.4618 32.5591 -19.6968 -1.40889 30.0008 -22.3837 -4.97852 26.2965 -24.5699 -8.27157 22.0468 -25.9476 -11.0438 17.1377 -26.0759 -12.6427 12.4765 -25.3335 -13.5426 7.68694 -24.0912 -13.9921 2.93764 -22.6145 -14.096 -1.76443 -20.8991 -13.7498 -6.6562 -18.9871 -13.0136 -11.4305 -16.646 -12.3402 -16.0194 -13.5905 -12.269 -20.2207 -9.96797 -12.9487 -23.6693 -5.91734 -14.1587 -26.4274 -1.53307 -15.6415 -28.4418 3.13924 -17.2809 -29.4219 7.22878 -18.7694 -29.196 11.1339 -20.2294 -27.9273 14.6242 -21.5044 -25.6507 17.4655 -22.3925 -22.4681 20.05 -22.7684 -17.2235 21.6081 -22.4237 -11.586 22.4057 -21.8452 -5.81049 21.611 -21.2254 -0.0390044 18.7435 -20.5579 4.9512 14.6314 -19.8456 8.97049 10.055 -18.9935 12.4203 4.94453 -17.8371 14.8933 -0.301781 -16.5664 15.6047 -5.56189 -15.3031 14.988 -10.7031 -13.8176 13.9848 -15.6019 -11.6062 13.1149 -20.3051 -8.30089 12.1567 -24.5236 -4.46735 10.9439 -28.5528 -0.35411 10.0435 -32.1528 4.20089 10.5482 -33.6954 7.15039 11.848 -34.4671 10.0288 13.8198 -34.3435 12.6391 16.257 -33.3615 14.8012 18.9272 -30.3786 17.1249 23.3211 -26.6186 18.2997 27.574 -22.4058 19.1491 31.4644 -17.4572 20.2126 34.29 -12.8926 21.185 35.3325 -8.18209 22.006 35.2577 -3.51198 22.4128 34.3124 0.949475 22.198 32.6041 5.29584 21.2503 29.9818 9.03346 19.7338 26.7576 12.0606 17.6455 23.1326 13.9955 14.7824 19.2955 14.4987 11.171 15.5366 13.7408 7.24941 12.1497 12.0339 3.33104 9.12357 9.26549 -0.341538 6.6192 5.8696 -3.14938 5.12173 1.88487 -5.41368 4.31342 -2.40337 -7.16771 3.8743 -6.89401 -8.3493 3.5646 -12.6866 -8.79462 3.51492 -18.4439 -8.29828 4.11584 -24.2468 -8.02318 4.18608 -29.2987 -8.97177 1.47916 -31.2289 -10.477 -3.36147 -30.5715 -11.7218 -8.60035 -28.8842 -12.9185 -13.6153 -26.5551 -14.632 -18.2052 -24.4854 -15.9863 -20.6389 -21.9346 -17.3834 -22.5317 -18.9976 -18.6863 -23.8423 -15.8253 -19.8527 -24.6279 -10.3721 -21.5493 -24.9969 -4.90084 -23.2 -24.6942 0.681943 -24.395 -24.2991 6.40171 -24.2137 -24.3444 11.1919 -22.6017 -24.8872 15.458 -19.958 -25.6944 19.118 -16.5025 -26.4039 21.7627 -12.1737 -26.7291 22.9716 -6.45053 -26.6205 22.6258 -0.618605 -26.3079 21.6483 5.10191 -25.567 20.0742 10.3358 -23.4798 17.9184 13.921 -20.2192 15.3165 16.2855 -16.2477 12.6759 17.9729 -11.9682 -0.264165 -0.240672 -0.225713 -0.215181 -0.299421 -0.240596 -0.220895 -0.219651 -0.278773 -0.277066 -0.288164 -0.317472 -0.371531 -0.403524 -0.431847 -0.483608 -0.399126 -0.429851 -0.445004 -0.451213 -0.145316 -0.114307 -0.0851519 -0.0763578 0.344795 0.308179 0.260487 0.179333 0.416471 0.280339 0.157386 0.0648891 0.124703 0.0513761 0.0374093 0.0622891 -0.30227 -0.33535 -0.374924 -0.386507 -1.00698 -0.982386 -1.01339 -1.11772 -1.08256 -1.12666 -1.20895 -1.45668 -1.03947 -1.25196 -1.4726 -1.67707 0.362778 0.730434 1.22529 1.75583 1.41812 1.41553 1.41981 1.46619 0.819982 0.830071 0.888864 1.01385 0.557197 0.687516 0.809546 0.948845 0.538977 0.580843 0.569896 0.533819 0.0865139 -0.0738745 -0.344706 -0.702362 -0.594815 -0.736732 -0.687229 -0.340058 1.11718 1.13711 1.10975 1.06406 1.00176 0.843573 0.673507 0.502655 0.114654 0.0510877 0.0442473 0.0957187 -0.351932 -0.291671 -0.235474 -0.0921825 -0.456604 -0.350365 -0.335184 -0.349637 0.0801493
10.9633 16.8457 -6.18613 9.59184 17.1874 -2.47952 8.38841 17.1046 1.29959 7.19453 16.6678 5.05734 5.87704 16.0228 8.74315 3.62852 14.9242 14.1164 1.23395 13.8431 19.4298 -1.46566 12.4773 24.527 -4.97755 10.2906 28.7719 -8.13464 8.07615 30.9148 -11.5285 5.48758 32.0303 -14.8885 2.62855 32.041 -17.8971 -0.370362 30.8504 -20.8879 -4.16911 27.64 -22.8903 -7.56964 23.3843 -24.3286 -10.6197 18.6608 -24.938 -13.0045 13.405 -24.4062 -14.1228 8.6336 -23.0369 -14.4508 3.90942 -21.2591 -14.3104 -0.68624 -19.4114 -13.8511 -5.23325 -17.5272 -12.9485 -9.99 -15.616 -11.6837 -14.6525 -13.3173 -10.515 -19.1627 -10.2674 -10.0319 -23.3407 -6.63154 -10.4425 -26.8177 -2.57277 -11.4934 -29.6285 1.83737 -12.8572 -31.6703 6.56899 -14.3574 -32.5865 10.6998 -15.6917 -32.2027 14.5836 -16.9737 -30.6984 17.9485 -18.0677 -28.1545 20.5378 -18.7881 -24.7241 22.5975 -18.9606 -19.2419 23.5005 -18.4111 -13.4791 23.6097 -17.7041 -7.66399 22.1722 -17.2506 -2.00244 18.7918 -17.1248 2.70155 14.2852 -17.1672 6.34281 9.3583 -17.1143 9.39137 3.94371 -16.7608 11.4228 -1.47213 -16.2494 11.6482 -6.77196 -15.7325 10.5129 -11.9612 -14.9153 9.08173 -16.9995 -13.1221 8.05972 -21.7906 -9.88433 7.33584 -25.9469 -5.86528 6.60492 -29.9014 -1.59813 6.26329 -33.5237 2.81857 7.41799 -35.1321 5.48446 9.17154 -36.0082 7.94505 11.6101 -36.0381 10.05 14.4975 -35.2644 11.6788 17.5826 -32.6988 13.1846 22.5579 -29.3827 13.6194 27.2927 -25.6252 13.8498 31.7008 -21.1345 14.6349 35.2814 -16.8882 15.7737 37.1628 -12.3709 17.069 38.0485 -7.70556 18.1186 38.0905 -3.01243 18.6116 37.3159 1.84845 18.4572 35.5801 6.32061 17.7394 33.1003 10.2624 16.3595 30.0633 13.2526 13.9529 26.6092 14.8488 10.4762 23.0331 15.1121 6.46371 19.6783 14.3321 2.36606 16.512 12.3171 -1.50883 13.6227 9.3642 -4.49074 11.6111 5.63162 -6.89001 10.2077 1.488 -8.67492 9.06643 -2.88713 -9.66393 7.82652 -8.47291 -9.43242 6.2458 -13.9768 -7.93875 5.13671 -19.4465 -6.49432 3.81444 -24.2624 -5.97591 0.606638 -26.912 -6.05353 -4.12605 -27.9424 -6.12534 -9.45147 -28.265 -6.42598 -14.8582 -27.7501 -7.64473 -20.1191 -26.6031 -8.98421 -23.1075 -24.7598 -10.5879 -25.5715 -22.3417 -12.2804 -27.3959 -19.5519 -13.9666 -28.5854 -14.5669 -16.6751 -29.337 -9.52971 -19.3856 -29.1563 -4.2963 -21.6615 -28.7283 1.35028 -22.5715 -28.5307 6.38173 -21.8533 -28.6204 11.1085 -19.9921 -28.8026 15.3649 -17.2131 -28.8162 18.7029 -13.3951 -28.47 20.7384 -7.96217 -27.7168 21.1553 -2.18449 -26.8963 20.8821 3.53187 -25.681 19.9035 8.70173 -23.1233 18.0998 12.1485 -19.518 15.6884 14.3189 -15.3217 13.1755 15.8045 -10.8932 -0.343314 -0.318069 -0.300176 -0.28531 -0.361767 -0.29147 -0.260054 -0.249298 -0.304322 -0.301313 -0.311115 -0.33978 -0.394827 -0.428732 -0.457268 -0.508815 -0.422978 -0.448603 -0.45431 -0.44941 -0.131814 -0.0866812 -0.0399503 -0.0120662 0.426439 0.40295 0.362558 0.284201 0.524208 0.393583 0.27851 0.193438 0.25952 0.193516 0.191669 0.2272 -0.138025 -0.177588 -0.220886 -0.239249 -0.867857 -0.841742 -0.869318 -0.988713 -0.984033 -1.04618 -1.10392 -1.29189 -0.810073 -0.966729 -1.12714 -1.27128 0.837259 1.26039 1.79304 2.35984 2.04558 2.04728 2.04402 2.07778 1.41379 1.39929 1.43218 1.53655 1.06581 1.18248 1.28315 1.3911 0.937813 0.923785 0.846063 0.736521 0.194181 -0.0893006 -0.462692 -0.858389 -0.751777 -0.916584 -0.925838 -0.652667 0.754663 0.747903 0.70332 0.642538 0.550616 0.340498 0.11572 -0.107132 -0.53407 -0.621895 -0.650334 -0.62672 -1.10683 -1.06938 -1.02129 -0.887353 -1.25755 -1.14814 -1.12778 -1.13916 -0.629612
12.5595 15.2878 -4.74094 11.3399 15.4055 -0.96795 10.225 15.1006 2.82689 9.04188 14.4448 6.55609 7.65217 13.5837 10.1705 5.15252 12.1725 15.3565 2.39459 10.7952 20.4193 -0.668827 9.11915 25.209 -4.41998 6.5704 29.0256 -7.62254 4.07225 30.7479 -10.9408 1.23235 31.3701 -14.1103 -1.79103 30.8437 -16.8165 -4.81552 29.114 -19.2647 -8.41439 25.2752 -20.6315 -11.4408 20.5154 -21.4277 -14.0179 15.3766 -21.4614 -15.7713 9.84428 -20.5309 -16.1993 5.02241 -18.8592 -15.7592 0.405987 -16.8824 -14.8469 -4.0167 -14.9822 -13.6542 -8.40611 -13.2462 -12.0351 -13.0273 -11.6422 -10.0948 -17.5719 -9.66148 -8.26032 -22.0106 -6.81413 -7.13616 -26.2082 -3.25495 -7.00497 -29.7848 0.798522 -7.59858 -32.7335 5.2595 -8.53936 -34.8998 10.0943 -9.61693 -35.8699 14.3194 -10.6006 -35.4552 18.2578 -11.5779 -33.8663 21.6056 -12.4472 -31.2154 24.0798 -13.0419 -27.6778 25.812 -13.1779 -22.0824 26.2418 -12.6547 -16.2627 25.8547 -12.0737 -10.4456 24.0059 -12.0587 -4.8862 20.3628 -12.7391 -0.432647 15.709 -13.7765 2.85919 10.675 -14.7482 5.55826 5.18553 -15.3924 7.29597 -0.247101 -15.7524 7.28714 -5.51726 -16.0212 5.94666 -10.7436 -15.9219 4.42385 -15.9855 -14.6876 3.62268 -21.0243 -11.7602 3.5821 -25.3279 -7.83719 3.80653 -29.3839 -3.70413 4.46188 -33.0696 0.292305 6.56085 -34.6865 2.5367 8.8229 -35.564 4.49682 11.6789 -35.6191 6.0856 14.8791 -34.9181 7.24322 18.1863 -32.5542 8.15868 23.3995 -29.4689 8.17458 28.307 -25.977 8.09219 32.9334 -21.8484 8.74182 36.9503 -17.9497 9.98358 39.4255 -13.7463 11.5671 41.0661 -9.27682 13.0326 41.9289 -4.59705 14.016 41.9631 0.466481 14.4358 41.0416 5.32487 14.3185 39.2959 9.80495 13.5442 36.8476 13.4631 11.6871 33.7119 15.7764 8.63525 30.14 16.7147 4.92832 26.5619 16.5781 1.11221 22.9782 15.1698 -2.43078 19.3882 12.6643 -5.08478 16.5009 9.26141 -7.15433 14.0934 5.38364 -8.59054 11.9584 1.28634 -9.1825 9.83257 -3.91005 -8.42358 7.34758 -9.03557 -6.43839 5.46557 -14.1381 -4.43954 3.53626 -18.7492 -3.16307 0.240581 -21.8174 -2.42824 -4.17216 -23.844 -1.74413 -9.1573 -25.4034 -1.35731 -14.3386 -26.2637 -1.96702 -19.6599 -26.0416 -3.04274 -22.9514 -25.0775 -4.54182 -25.9286 -23.4103 -6.30831 -28.4067 -21.2044 -8.21346 -30.2895 -16.8557 -11.4576 -32.1105 -12.2362 -14.7503 -32.8662 -7.30898 -17.639 -33.2271 -1.81389 -19.2163 -33.4872 3.26713 -19.0916 -33.5734 8.17892 -17.7905 -33.4274 12.7155 -15.5574 -32.9056 16.4432 -12.2609 -31.8679 19.0482 -7.29793 -30.1913 20.0794 -1.81923 -28.4168 20.4287 3.61666 -26.2819 20.0661 8.40237 -22.9364 18.7444 11.4785 -18.8226 16.7062 13.3352 -14.2914 14.5027 14.5387 -9.61909 -0.397876 -0.375209 -0.360039 -0.347972 -0.427112 -0.357931 -0.327973 -0.323518 -0.388837 -0.395654 -0.413998 -0.450047 -0.511581 -0.548872 -0.577686 -0.627328 -0.534564 -0.54861 -0.541079 -0.52507 -0.197529 -0.139353 -0.0746229 -0.0268536 0.429619 0.421279 0.394096 0.329994 0.585898 0.470904 0.369465 0.292163 0.358973 0.289732 0.288509 0.32203 -0.0578772 -0.116444 -0.174037 -0.212355 -0.866992 -0.856567 -0.885918 -1.00845 -1.01289 -1.08081 -1.11484 -1.24679 -0.707009 -0.817819 -0.93257 -1.03441 1.11814 1.57121 2.11697 2.68886 2.36959 2.35803 2.33823 2.35483 1.67056 1.63234 1.64515 1.73675 1.25531 1.35743 1.43659 1.51208 1.01828 0.96642 0.858283 0.720711 0.142282 -0.175992 -0.555811 -0.93139 -0.796812 -0.944363 -0.950177 -0.685174 0.71937 0.717945 0.683149 0.629397 0.535117 0.309433 0.0733457 -0.169336 -0.625857 -0.738477 -0.78959 -0.794637 -1.31169 -1.30955 -1.29244 -1.20598 -1.62678 -1.54785 -1.53846 -1.553 -0.99204
15.8617 16.6772 -3.79533 14.9482 16.2749 0.0439904 14.1051 15.4636 3.83446 13.1648 14.3124 7.51245 11.9933 12.962 11.0538 9.77426 10.8279 16.119 7.25256 8.73669 21.0588 4.44487 6.35868 25.7061 1.03749 3.14883 29.3421 -1.86609 0.224809 30.9177 -4.88942 -2.95223 31.3965 -7.81303 -6.18911 30.7344 -10.3703 -9.26783 28.8783 -12.8116 -12.7002 24.8857 -14.3285 -15.4016 19.9781 -15.3609 -17.5844 14.7005 -15.7587 -18.8568 9.05212 -15.2707 -18.8004 4.14719 -14.1193 -17.8429 -0.549315 -12.6852 -16.406 -5.04139 -11.3251 -14.6958 -9.46018 -10.1522 -12.5541 -14.0458 -9.10473 -10.1068 -18.5073 -7.65787 -7.72224 -22.8904 -5.27246 -5.94842 -27.1511 -2.04097 -5.11002 -30.9369 1.80377 -4.96772 -34.2043 6.15506 -5.1633 -36.755 10.9927 -5.51273 -38.1526 15.3303 -5.93089 -38.1206 19.4814 -6.44538 -36.8981 23.1214 -6.98592 -34.5638 25.9286 -7.41193 -31.258 28.0889 -7.57472 -25.8143 28.8734 -7.26483 -20.0164 28.841 -7.00051 -14.1636 27.4336 -7.47805 -8.49646 24.2734 -8.85504 -3.83959 20.0799 -10.6984 -0.291863 15.4588 -12.4776 2.71643 10.2618 -13.8208 4.89729 4.9076 -14.6457 5.44044 -0.457507 -15.212 4.70648 -5.82775 -15.3939 3.82841 -11.2028 -14.5305 3.75088 -16.4099 -12.0364 4.54245 -20.9222 -8.50384 5.60154 -25.1861 -4.8124 7.06924 -29.0316 -1.46904 9.89701 -30.7197 0.278115 12.5173 -31.6536 1.72174 15.6498 -31.7476 2.82536 19.0472 -31.0606 3.5577 22.4765 -28.6588 3.92155 27.7398 -25.4829 3.4935 32.5703 -21.891 3.05089 37.0986 -17.6894 3.5029 41.0666 -13.7809 4.753 43.5219 -9.62019 6.48225 45.1239 -5.22727 8.206 45.898 -0.639808 9.55072 45.7743 4.30985 10.4531 44.6118 9.03689 10.8836 42.5784 13.3855 10.7234 39.7984 16.9608 9.53884 36.2659 19.2861 7.14377 32.231 20.319 4.00218 28.1705 20.318 0.68761 24.1161 19.0753 -2.41224 20.0825 16.7387 -4.77997 16.8279 13.4978 -6.69144 14.089 9.73964 -8.05822 11.7087 5.68214 -8.63797 9.50457 0.386967 -7.97571 7.20754 -4.94852 -6.22754 5.71405 -10.2752 -4.47202 4.198 -15.1421 -3.23914 1.27455 -18.5487 -2.31413 -2.84431 -20.9981 -1.31884 -7.5811 -22.9977 -0.55608 -12.5658 -24.2874 -0.67257 -17.8337 -24.3298 -1.35934 -21.2347 -23.6086 -2.43784 -24.453 -22.1407 -3.78575 -27.2936 -20.073 -5.30044 -29.6327 -15.8087 -7.99192 -32.339 -11.1444 -10.8274 -34.0585 -6.14378 -13.2935 -35.3488 -0.626247 -14.4476 -36.3368 4.41315 -13.9683 -36.7998 9.23764 -12.3669 -36.8081 13.6758 -9.94638 -36.2753 17.3397 -6.64833 -35.0353 19.9646 -1.89762 -32.8516 21.0958 3.27963 -30.3726 21.6035 8.34541 -27.4901 21.5294 12.5796 -23.4536 20.6128 14.9984 -18.8231 19.0565 16.1463 -13.8841 17.3455 16.6372 -8.88756 -0.380592 -0.369596 -0.368063 -0.370701 -0.467081 -0.414256 -0.403103 -0.427427 -0.521875 -0.551169 -0.588019 -0.637951 -0.707014 -0.742004 -0.763534 -0.79938 -0.684087 -0.674941 -0.649509 -0.620859 -0.281467 -0.210182 -0.13082 -0.0667093 0.406826 0.416735 0.412702 0.3811 0.672111 0.587545 0.511085 0.451534 0.528633 0.45977 0.451574 0.467556 0.0589915 -0.0252735 -0.0980696 -0.155709 -0.839405 -0.853051 -0.881511 -0.978206 -0.951585 -1.00136 -1.02413 -1.12823 -0.55336 -0.637542 -0.729465 -0.814427 1.35035 1.80416 2.34631 2.9166 2.59174 2.56755 2.52846 2.52029 1.80625 1.73657 1.71609 1.76527 1.2333 1.29111 1.33918 1.38717 0.868277 0.800285 0.686643 0.549182 -0.0291785 -0.346302 -0.718261 -1.08136 -0.932554 -1.06692 -1.06309 -0.790562 0.623939 0.634547 0.615558 0.579673 0.510508 0.313287 0.10689 -0.11019 -0.554296 -0.662482 -0.712539 -0.721055 -1.24891 -1.26413 -1.26914 -1.21981 -1.68931 -1.6512 -1.66655 -1.69579 -1.16424
21.6622 18.8562 -4.10214 20.9919 17.8904 -0.313358 20.2741 16.5497 3.35053 19.3997 14.906 6.85349 18.2901 13.094 10.2035 16.1961 10.305 14.9963 13.8152 7.57182 19.6863 11.1904 4.61332 24.1013 8.07808 0.973746 27.5944 5.43562 -2.17185 29.2025 2.62517 -5.50912 29.8563 -0.239415 -8.84489 29.4955 -3.0035 -11.9572 28.0337 -6.19605 -15.3798 24.6021 -8.8431 -18.0832 20.2011 -11.1445 -20.3059 15.3589 -12.9062 -21.7103 10.0104 -13.6661 -21.884 5.14285 -13.7691 -21.2258 0.258488 -13.48 -20.0623 -4.52315 -13.0282 -18.5315 -9.18723 -12.4799 -16.4763 -13.9273 -11.7889 -14.0454 -18.4666 -10.6075 -11.5804 -22.8848 -8.4969 -9.52338 -27.1634 -5.49851 -8.15968 -30.9882 -1.82239 -7.31162 -34.3418 2.37481 -6.71764 -37.0823 7.07568 -6.25295 -38.8616 11.4049 -5.96439 -39.2699 15.6657 -5.73842 -38.3835 19.5525 -5.62555 -36.4157 22.8107 -5.57308 -33.5222 25.9059 -5.43797 -28.5493 27.8104 -5.13099 -23.017 28.9337 -4.95496 -17.2694 28.6985 -5.51664 -11.4423 26.611 -7.03323 -6.25461 23.3342 -9.10318 -1.94777 19.5144 -11.0954 1.92654 14.9159 -12.4394 5.18481 9.80606 -12.9559 6.99231 4.40021 -12.9992 7.63976 -1.01781 -12.6557 8.05384 -6.25661 -11.4709 8.9456 -11.3 -8.88587 10.3029 -15.7632 -5.37859 11.6222 -20.0682 -1.80873 13.2609 -24.1429 1.15479 16.1894 -26.1242 2.50532 18.8387 -27.4499 3.46642 22.0148 -27.9617 4.05315 25.5022 -27.6385 4.27301 29.0542 -25.6459 3.86085 34.4821 -22.7408 2.72471 39.3682 -19.281 1.63667 43.8902 -14.9121 1.57137 47.6995 -10.6915 2.531 49.7325 -6.24764 4.05658 50.623 -1.73259 5.62838 50.5121 2.7567 6.88053 49.4411 7.34931 7.75848 47.2498 11.5042 8.22914 44.2199 15.1432 8.18823 40.5564 17.9993 7.24165 36.3599 19.7628 5.17609 31.8825 20.4465 2.36862 27.515 20.2102 -0.634099 23.231 18.8029 -3.45667 19.0506 16.4049 -5.65116 15.7201 13.1665 -7.48634 12.9267 9.41455 -8.86194 10.5416 5.304 -9.52818 8.46388 -0.175465 -9.10314 6.58021 -5.75022 -7.71933 5.70798 -11.3198 -6.36287 4.76302 -16.3911 -5.44021 2.08292 -19.7828 -4.68726 -2.08301 -22.0038 -3.78059 -6.94837 -23.6362 -3.00851 -12.0637 -24.395 -2.89397 -17.4338 -24.015 -3.24489 -20.865 -22.857 -3.83155 -24.083 -20.9897 -4.55444 -26.9169 -18.5843 -5.35689 -29.2856 -13.8692 -6.8056 -32.1873 -8.79122 -8.43413 -34.2642 -3.48762 -9.73484 -35.9762 2.05374 -9.76054 -37.4053 6.85913 -8.36285 -38.2956 11.3201 -5.98709 -38.8379 15.4816 -3.07868 -39.085 19.0517 0.455323 -38.3083 21.7796 5.07705 -35.9793 23.1894 9.84878 -32.9019 24.1065 14.4066 -29.3505 24.6134 17.9688 -24.7373 24.3875 19.6202 -19.7021 23.5947 19.942 -14.4674 22.6029 19.6108 -9.26737 -0.49627 -0.499525 -0.511491 -0.526818 -0.637806 -0.600048 -0.603393 -0.643963 -0.752664 -0.791829 -0.834509 -0.883062 -0.939757 -0.955712 -0.961389 -0.973746 -0.8283 -0.796967 -0.759585 -0.720625 -0.36782 -0.286984 -0.205245 -0.137337 0.346213 0.370616 0.388791 0.39321 0.72339 0.671963 0.635668 0.613492 0.718924 0.657365 0.637357 0.628116 0.188748 0.0798384 -0.00768653 -0.0777163 -0.776869 -0.808318 -0.842701 -0.921588 -0.870498 -0.914879 -0.952234 -1.0567 -0.466283 -0.536846 -0.617831 -0.694824 1.47642 1.92842 2.46353 3.03613 2.72014 2.70027 2.65655 2.63569 1.90378 1.81446 1.76826 1.77589 1.19141 1.20581 1.23 1.26332 0.732676 0.658817 0.546896 0.416033 -0.153602 -0.461218 -0.823188 -1.17722 -1.02133 -1.14841 -1.13734 -0.853838 0.573467 0.595731 0.590917 0.572803 0.533395 0.374045 0.206293 0.0330583 -0.373494 -0.456813 -0.494065 -0.485987 -1.00072 -1.02845 -1.07047 -1.07624 -1.60962 -1.62446 -1.67444 -1.72716 -1.09766
25.4986 15.0074 -4.38845 24.9369 14.1662 -0.552543 24.0663 12.9679 3.12758 22.8313 11.4674 6.586 21.2124 9.77625 9.78856 18.1628 7.1108 14.1164 14.6811 4.46055 18.1151 10.9862 1.60863 21.7688 7.06802 -1.8789 24.5293 4.06889 -4.91577 25.6456 1.08077 -8.15367 25.871 -1.85124 -11.373 25.1618 -4.63818 -14.3385 23.4582 -7.86459 -17.5694 19.8757 -10.5769 -20.1427 15.4367 -12.9493 -22.2665 10.5844 -14.7613 -23.5719 5.22758 -15.5435 -23.6797 0.361675 -15.6536 -22.9756 -4.51613 -15.3505 -21.7502 -9.28137 -14.8443 -20.0984 -13.8984 -14.1811 -17.8462 -18.533 -13.3355 -15.1714 -22.906 -12.0107 -12.4083 -27.1015 -9.81054 -9.94551 -31.1122 -6.77266 -8.05306 -34.6715 -3.08096 -6.58201 -37.7837 1.11423 -5.35216 -40.307 5.7969 -4.32602 -41.8875 10.0986 -3.69053 -42.1756 14.3636 -3.32638 -41.3584 18.2949 -3.16687 -39.4848 21.5877 -3.09828 -36.6312 24.6557 -2.9624 -31.6416 26.4778 -2.66706 -26.081 27.5295 -2.55553 -20.3184 27.2412 -3.36179 -14.5226 25.1009 -5.34385 -9.51665 21.7811 -7.98912 -5.57311 17.9461 -10.5175 -2.04186 13.411 -12.1694 1.16329 8.42498 -12.6581 3.29515 3.1246 -12.4485 4.52235 -2.18067 -11.811 5.56722 -7.22929 -10.4143 7.05187 -11.9719 -7.67556 9.04362 -16.0504 -4.01637 11.0278 -20.027 -0.377394 13.2427 -24.0994 2.30921 16.4299 -26.3514 3.24788 19.0406 -28.1765 3.65197 22.086 -29.3872 3.60954 25.4477 -29.8996 3.20396 28.9608 -29.3902 1.89228 34.5842 -27.9771 0.00680244 39.8805 -25.9115 -1.73368 45.0095 -22.6255 -2.28286 49.7532 -18.9596 -1.50022 52.7223 -14.8122 0.0270308 54.5484 -10.3989 1.69951 55.3193 -5.82921 3.08337 55.0526 -0.974503 4.08517 53.6059 3.55327 4.6599 51.1905 7.63245 4.77593 48.0264 10.9953 4.10552 44.1655 13.3184 2.40621 39.7907 14.5742 -0.00848873 35.3167 14.9702 -2.53754 30.7482 14.3265 -4.69464 26.02 12.6877 -6.14103 21.9114 10.1977 -7.16968 18.1166 7.13807 -7.75616 14.6593 3.65178 -7.71005 11.5769 -1.20058 -6.59224 8.58368 -6.35369 -4.71553 6.66597 -11.5434 -2.89742 4.7909 -16.2222 -1.50274 1.64189 -19.5401 -0.399286 -2.50545 -22.0296 0.733777 -7.19005 -24.0967 1.67745 -12.1159 -25.4452 1.95808 -17.3628 -25.556 1.67535 -20.8195 -24.9473 1.0872 -24.1847 -23.6327 0.26417 -27.2887 -21.7387 -0.740062 -30.0173 -17.7465 -2.69745 -33.6204 -13.3035 -4.9369 -36.4483 -8.50554 -6.90927 -38.8652 -3.15869 -7.68025 -40.7541 1.78678 -6.9773 -41.6961 6.57582 -5.29314 -41.958 11.1119 -3.0284 -41.5911 15.1839 -0.261991 -40.324 18.7826 3.44792 -37.5828 21.2384 7.42215 -34.0609 23.2262 11.2334 -30.0921 24.8486 14.153 -25.2888 25.6905 15.5107 -20.2309 25.9535 15.8326 -14.9431 25.8728 15.6222 -9.64362 -0.449755 -0.451765 -0.457577 -0.464759 -0.566416 -0.517501 -0.499264 -0.505118 -0.584083 -0.603447 -0.629412 -0.661656 -0.699009 -0.695523 -0.686028 -0.683961 -0.524805 -0.482298 -0.435486 -0.38747 -0.0250136 0.0653781 0.158146 0.24256 0.746623 0.790499 0.82643 0.85067 1.19935 1.16153 1.12407 1.09401 1.18839 1.11451 1.08128 1.05237 0.58236 0.439731 0.321397 0.216149 -0.521317 -0.586311 -0.644804 -0.739878 -0.708109 -0.782223 -0.84083 -0.934203 -0.315734 -0.361303 -0.417117 -0.469393 1.73031 2.19844 2.72306 3.26518 2.91037 2.85489 2.78032 2.73175 1.97156 1.85332 1.78012 1.76211 1.14997 1.13184 1.11438 1.09185 0.50072 0.374531 0.21749 0.0396192 -0.588268 -0.944429 -1.31604 -1.66145 -1.50025 -1.62657 -1.61422 -1.33046 0.0991876 0.126854 0.130366 0.120794 0.0895854 -0.0654118 -0.229226 -0.40567 -0.824466 -0.919172 -0.96371 -0.978722 -1.52892 -1.5802 -1.63441 -1.67327 -2.25015 -2.29065 -2.34601 -2.40075 -1.82207
27.5203 13.6315 -4.82341 27.5257 13.1921 -0.880806 27.0392 12.4202 2.97986 25.9947 11.3209 6.64565 24.3752 9.96148 10.0021 21.0389 7.64996 14.322 17.094 5.26054 18.0455 12.8964 2.6743 21.3361 8.49654 -0.497924 23.7263 5.17013 -3.27773 24.5456 1.89875 -6.23648 24.4591 -1.26772 -9.14029 23.4566 -4.24604 -11.7591 21.524 -7.67758 -14.5448 17.7627 -10.5694 -16.7333 13.2315 -13.0949 -18.4921 8.31091 -14.9832 -19.4163 2.90142 -15.7299 -19.2143 -1.96704 -15.7244 -18.2389 -6.79916 -15.2603 -16.7654 -11.4804 -14.5594 -14.8521 -15.9692 -13.648 -12.2911 -20.3967 -12.5258 -9.2982 -24.4924 -10.9477 -6.26918 -28.4073 -8.57205 -3.66519 -32.2241 -5.45233 -1.78525 -35.7185 -1.73597 -0.443661 -38.8598 2.46075 0.590389 -41.4668 7.12596 1.39375 -43.2186 11.4205 1.8377 -43.811 15.7614 1.98553 -43.4572 19.8947 1.798 -42.089 23.4903 1.29843 -39.6781 27.0464 0.343447 -35.1208 29.4119 -0.62846 -29.8495 31.0234 -1.81433 -24.3428 31.2084 -3.84678 -18.851 29.3468 -6.77037 -14.2082 26.1479 -10.0468 -10.6582 22.3949 -13.0878 -7.45876 17.9609 -15.1452 -4.34805 13.0893 -15.7602 -1.99583 7.91163 -15.4286 -0.344698 2.73323 -14.648 1.14501 -2.22052 -13.3467 2.99188 -7.02636 -11.0288 5.3354 -11.3538 -7.93889 7.72006 -15.608 -4.90412 10.2994 -19.9308 -2.86517 13.6336 -22.3666 -2.31952 16.1906 -24.4338 -2.25752 19.1046 -25.9642 -2.53641 22.3215 -26.8668 -3.03403 25.7429 -27.068 -4.19385 31.4189 -26.3643 -5.70527 36.9708 -25.0611 -6.94155 42.4822 -22.6802 -6.81063 47.7658 -19.8004 -5.36062 51.2972 -16.358 -3.12706 53.7525 -12.4947 -0.710432 55.2028 -8.25746 1.45982 55.6552 -3.4822 3.30972 54.9921 1.20763 4.68189 53.3224 5.64284 5.55801 50.8272 9.58743 5.6214 47.4954 12.745 4.59054 43.4469 14.9851 2.73001 39.0943 16.3751 0.646871 34.4951 16.6115 -1.20885 29.6038 15.5949 -2.55291 25.2658 13.5698 -3.60471 21.2098 10.82 -4.23607 17.5087 7.47401 -4.15094 14.2753 2.62038 -2.83955 11.3639 -2.56338 -0.720201 9.81767 -7.82054 1.3173 8.41597 -12.7421 2.86905 5.74693 -16.5015 4.01118 2.00677 -19.5723 5.08969 -2.33301 -22.3081 5.95091 -6.93748 -24.4951 6.14982 -11.8978 -25.2687 5.78891 -15.2611 -25.3972 5.07774 -18.655 -24.8453 4.07644 -21.9312 -23.6963 2.84707 -24.966 -20.8454 0.453864 -29.313 -17.4545 -2.2305 -33.0612 -13.5517 -4.72034 -36.4259 -8.724 -6.2436 -39.0949 -3.82554 -6.43618 -40.4393 1.19726 -5.75499 -40.8235 6.09436 -4.45479 -40.4136 10.579 -2.44169 -39.1192 14.6719 0.827392 -36.5136 17.5771 4.69563 -33.2235 20.0404 8.48839 -29.5119 22.4018 11.439 -25.0457 24.2553 12.9641 -20.3157 25.745 13.5991 -15.2648 26.8803 13.7835 -10.0867 -0.22243 -0.219217 -0.216092 -0.212175 -0.299495 -0.234163 -0.195338 -0.170526 -0.217449 -0.208943 -0.206226 -0.208091 -0.209858 -0.171632 -0.133652 -0.102561 0.0846445 0.150024 0.215292 0.278748 0.65601 0.761288 0.868095 0.964311 1.47629 1.52415 1.56072 1.5825 1.92743 1.88274 1.82713 1.76339 1.80436 1.67315 1.58905 1.49244 0.944752 0.744465 0.592246 0.454152 -0.322805 -0.426691 -0.514676 -0.62615 -0.608038 -0.70625 -0.796299 -0.911202 -0.300508 -0.350622 -0.412396 -0.473519 1.7092 2.14784 2.62784 3.09685 2.65672 2.52818 2.39446 2.29606 1.48909 1.32948 1.22369 1.18026 0.54881 0.515908 0.484523 0.446976 -0.156122 -0.288933 -0.449109 -0.6293 -1.26189 -1.62176 -1.98891 -2.3239 -2.14601 -2.24867 -2.2097 -1.90227 -0.453352 -0.408119 -0.384637 -0.372996 -0.374055 -0.487731 -0.604284 -0.741979 -1.14523 -1.23676 -1.27906 -1.29134 -1.83376 -1.86286 -1.89063 -1.92074 -2.50387 -2.54807 -2.59973 -2.65048 -2.29769
27.5988 15.0141 -6.74913 27.4605 14.9548 -2.78493 26.8269 14.6279 1.11751 25.6249 14.0126 4.84762 23.8401 13.1431 8.28214 20.264 11.5282 12.725 16.1057 9.78829 16.5743 11.6751 7.84048 19.9965 6.94716 5.29079 22.5027 3.31998 2.93605 23.3759 -0.265815 0.366363 23.3257 -3.7458 -2.17665 22.3841 -7.05224 -4.46813 20.573 -10.9731 -6.89923 17.0516 -14.4147 -8.8059 12.785 -17.4802 -10.3842 8.1164 -19.8362 -11.4174 2.91401 -20.9264 -11.6526 -1.88776 -21.2143 -11.346 -6.7994 -20.9316 -10.578 -11.6606 -20.1968 -9.25377 -16.3518 -18.9699 -7.1565 -20.944 -17.3322 -4.54088 -25.1236 -15.1742 -1.8696 -29.0223 -12.229 0.407072 -32.6464 -8.58096 2.04831 -35.7248 -4.38777 3.20714 -38.2847 0.162587 3.97462 -40.3301 4.99786 4.25281 -41.7519 9.30907 3.99162 -42.3318 13.6082 3.29061 -42.202 17.7361 2.27574 -41.2422 21.495 1.10868 -39.3716 25.7154 -0.467793 -35.6259 29.1932 -1.94183 -31.1471 32.0453 -3.44481 -26.2549 33.3684 -5.1199 -20.7989 32.4132 -6.81349 -15.3409 29.9162 -8.39118 -10.3563 26.797 -9.73492 -5.6621 22.8962 -10.396 -1.42929 18.328 -10.0544 1.51335 13.3301 -9.01503 3.40661 8.2497 -7.82582 4.96235 3.17097 -6.84805 6.66391 -2.2934 -6.04598 8.5238 -7.82201 -5.29723 10.2078 -13.2986 -4.67599 12.1007 -18.4098 -4.67669 14.9002 -21.1201 -5.10454 17.1893 -23.3746 -5.78237 19.8775 -25.0492 -6.55167 22.939 -26.027 -7.30735 26.2918 -26.0901 -8.5708 31.9488 -25.038 -10.1331 37.4311 -23.5481 -11.4408 42.8784 -21.2551 -11.3212 48.2009 -18.5752 -9.8795 51.8897 -15.3371 -7.66645 54.6256 -11.6395 -5.21005 56.404 -7.5359 -2.86212 57.1223 -2.89851 -0.649483 56.6088 1.64008 1.19545 54.9771 5.95981 2.53426 52.4847 9.89687 2.91436 49.1651 13.1367 1.98481 45.1573 15.4765 0.0792069 40.8773 17.0188 -2.05044 36.3485 17.5953 -3.84756 31.4636 17.0908 -5.03087 26.991 15.694 -5.82959 22.6241 13.5735 -6.13235 18.4925 10.8284 -5.64084 14.7669 6.78015 -3.65619 11.1026 2.53712 -0.609163 8.55952 -1.73479 2.51837 6.16702 -6.08855 4.85272 3.10922 -10.1662 6.06513 -0.256739 -14.2132 6.64775 -3.82188 -18.0928 6.8645 -7.60732 -21.4156 6.58452 -11.8861 -22.941 6.01607 -14.9506 -23.8237 5.14485 -18.1914 -23.9612 4.03798 -21.4773 -23.3652 2.79393 -24.6614 -21.0851 0.638379 -29.4475 -17.971 -1.51894 -33.7372 -14.2508 -3.42488 -37.6463 -9.56821 -4.52743 -40.7462 -4.72915 -4.54229 -42.3028 0.281854 -3.81757 -42.7556 5.19295 -2.56735 -42.3574 9.7514 -0.718916 -41.0753 14.0893 2.22585 -38.4792 17.4149 5.71499 -35.1632 20.3213 9.15896 -31.4321 22.9641 11.9033 -26.9921 24.8568 13.4539 -22.2859 26.219 14.2861 -17.2276 27.1572 14.7688 -12.0293 -0.291443 -0.281532 -0.268317 -0.252102 -0.324439 -0.247407 -0.200137 -0.161074 -0.190542 -0.166453 -0.147818 -0.132701 -0.115694 -0.0632578 -0.0165518 0.022502 0.21008 0.266723 0.320155 0.374628 0.745902 0.845123 0.946669 1.04416 1.56558 1.62759 1.68261 1.72531 2.0826 2.03857 1.97793 1.91547 1.97549 1.87867 1.82406 1.7679 1.29471 1.17018 1.06155 0.954061 0.190409 0.0519512 -0.121746 -0.338746 -0.445037 -0.722667 -1.05807 -1.45197 -1.07281 -1.30433 -1.55381 -1.8063 0.123665 0.261473 0.467289 0.689926 0.0558349 -0.20944 -0.443111 -0.612283 -1.46763 -1.64998 -1.74733 -1.74761 -2.29522 -2.20478 -2.08463 -1.946 -2.35287 -2.26845 -2.18042 -2.08669 -2.37751 -2.3149 -2.23896 -2.15204 -1.60311 -1.35696 -0.970871 -0.345652 1.32793 1.52171 1.66804 1.77625 1.87331 1.85621 1.82609 1.75656 1.38212 1.28595 1.21875 1.16574 0.563585 0.460425 0.356404 0.251364 -0.392603 -0.479379 -0.560255 -0.625536 -0.200527
24.8457 14.9495 -9.30363 24.9158 14.8771 -5.33786 24.488 14.5412 -1.40829 23.493 13.9004 2.3781 21.914 12.9753 5.8978 18.6276 11.2245 10.5097 14.7289 9.32285 14.5495 10.5627 7.17715 18.1792 6.16071 4.31987 20.9347 2.82366 1.64662 22.0217 -0.465759 -1.28846 22.1911 -3.69961 -4.19666 21.4506 -6.85431 -6.80365 19.8028 -10.7198 -9.52922 16.4393 -14.1956 -11.6325 12.2946 -17.3392 -13.3223 7.71786 -19.8542 -14.2416 2.56881 -21.1643 -14.1014 -2.18146 -21.7074 -13.2272 -7.00248 -21.6213 -11.8793 -11.7435 -20.9069 -10.1566 -16.3068 -19.4445 -7.94286 -20.7737 -17.3831 -5.43947 -24.8329 -14.817 -2.87759 -28.5537 -11.6543 -0.461747 -31.8935 -7.98079 1.65874 -34.6299 -3.857 3.55104 -36.8418 0.595114 5.15579 -38.5975 5.34455 6.29156 -39.8749 9.63144 6.77426 -40.4921 13.989 6.81236 -40.5248 18.2715 6.50207 -39.7799 22.2583 5.94523 -38.1107 26.8331 4.94943 -34.5884 30.6792 3.8034 -30.3197 33.8982 2.59521 -25.5758 35.5291 1.42824 -20.0709 34.7352 0.522537 -14.4035 32.2794 -0.0933445 -9.19196 29.1656 -0.579358 -4.32997 25.2414 -0.958746 -0.084247 20.5586 -1.15053 2.68678 15.3546 -1.19342 4.28745 10.0649 -1.12318 5.57525 4.8816 -0.876204 7.22373 -0.501147 -0.315715 9.38567 -5.80807 0.500266 11.6513 -11.034 1.25366 14.118 -15.9532 1.48619 17.2341 -18.6228 1.28319 19.6007 -20.9084 0.840891 22.3116 -22.6856 0.215428 25.348 -23.8628 -0.579034 28.627 -24.5398 -2.32661 34.1124 -24.4059 -4.62893 39.4308 -23.811 -6.79006 44.7767 -22.0595 -7.8394 50.2019 -19.465 -7.62237 54.213 -16.0592 -6.72515 57.4478 -12.0677 -5.52877 59.7941 -7.62535 -4.28079 61.0499 -2.61685 -3.02424 61.0196 2.26931 -1.90781 59.7768 6.86062 -1.00803 57.5915 10.9112 -0.570756 54.4189 14.0913 -0.828803 50.2662 16.2824 -1.64061 45.5795 17.7313 -2.50613 40.622 18.4344 -2.95312 35.4519 18.2833 -2.87262 30.8011 17.4077 -2.45583 26.2493 15.8764 -1.87103 21.8935 13.6879 -1.19193 17.8428 10.0862 -0.180803 13.3973 5.8928 1.02426 9.56062 1.51078 2.12994 5.90927 -3.00725 2.64943 2.29343 -7.43848 2.43283 -0.828372 -12.0094 1.73901 -3.66637 -16.4656 0.756702 -6.59988 -20.3693 -0.576925 -10.1229 -22.278 -1.6646 -12.8089 -23.5505 -2.89572 -15.7932 -24.0618 -4.18332 -18.9747 -23.7882 -5.42869 -22.202 -21.8831 -7.24529 -27.2837 -18.9956 -8.81919 -31.9675 -15.4884 -9.98716 -36.3365 -11.1141 -10.1201 -40.0244 -6.63594 -9.07497 -42.1909 -2.02841 -7.21352 -43.2615 2.48278 -4.87701 -43.4363 6.68648 -2.13579 -42.6271 10.715 1.46496 -40.3832 13.8262 5.2943 -37.2389 16.5814 8.97681 -33.6226 19.2034 11.9164 -29.2967 21.2463 13.5409 -24.6791 22.8741 14.3399 -19.6944 24.1135 14.751 -14.5534 -0.379423 -0.373793 -0.365647 -0.355266 -0.435216 -0.365711 -0.326239 -0.302356 -0.352919 -0.348871 -0.348977 -0.349525 -0.344819 -0.297993 -0.252193 -0.209129 -0.0081763 0.0678071 0.142988 0.218446 0.603902 0.705257 0.801629 0.897112 1.42683 1.50534 1.58107 1.65152 2.04104 2.02966 2.00203 1.96793 2.04781 1.95476 1.90009 1.85951 1.41875 1.32359 1.23011 1.13525 0.38008 0.241177 0.0597584 -0.175243 -0.30535 -0.594957 -0.924288 -1.30979 -0.929549 -1.16191 -1.41092 -1.66054 0.278675 0.430719 0.645787 0.88495 0.285051 0.0600242 -0.133914 -0.267047 -1.09521 -1.26683 -1.36969 -1.39321 -1.98901 -1.96433 -1.91056 -1.8382 -2.30799 -2.27461 -2.22654 -2.1668 -2.48845 -2.44345 -2.37931 -2.3147 -1.79117 -1.56405 -1.19492 -0.59218 1.06012 1.24024 1.37786 1.48377 1.58815 1.59263 1.59798 1.58888 1.29079 1.26124 1.2458 1.23607 0.670406 0.587448 0.487046 0.379513 -0.270858 -0.366703 -0.45613 -0.52795 -0.0195562
24.8397 14.7788 -6.60493 24.1962 14.8844 -2.6918 23.1546 14.6825 1.13073 21.6623 14.1128 4.76203 19.7303 13.155 8.0918 16.2039 11.11 12.3951 12.308 8.67807 16.1426 8.18755 6.01769 19.4714 3.70196 2.96679 21.8604 0.174457 0.433772 22.6378 -3.37124 -2.18781 22.4989 -6.8234 -4.74179 21.4871 -10.0732 -7.0777 19.6307 -13.8719 -9.65886 16.0822 -17.1735 -11.7795 11.8059 -20.1162 -13.5861 7.14105 -22.4281 -14.8255 1.9639 -23.5977 -15.1805 -2.81181 -24.0569 -14.9463 -7.71445 -23.946 -14.2925 -12.5993 -23.2704 -13.2712 -17.3745 -21.9203 -11.7875 -22.1671 -20.0304 -9.97259 -26.6535 -17.6903 -7.95469 -30.8302 -14.8247 -5.78216 -34.5801 -11.512 -3.536 -37.6558 -7.79879 -1.20917 -40.1611 -3.78003 1.1136 -42.1444 0.532726 3.34524 -43.5225 4.46103 5.14241 -44.097 8.50139 6.77209 -43.993 12.5287 8.15879 -43.0719 16.3376 9.20968 -41.2337 20.7879 10.0631 -37.5197 24.5872 10.5208 -33.0832 27.8381 10.6721 -28.2112 29.6604 10.1385 -22.6687 29.2157 8.79709 -17.0498 27.1757 7.04425 -11.9178 24.4974 5.21018 -7.11847 21.0198 3.3535 -2.87244 16.7247 1.62142 -0.00946622 11.8431 -0.020539 1.75645 6.83269 -1.53421 3.25629 1.89558 -2.78161 5.18348 -3.26567 -3.6694 7.73997 -8.38826 -4.21646 10.4644 -13.4237 -4.70855 13.3566 -18.078 -5.27406 16.818 -20.5321 -5.61157 19.3935 -22.5556 -5.9055 22.324 -24.0416 -6.1334 25.5658 -24.9413 -6.29977 29.0201 -25.2679 -6.501 34.8043 -24.7992 -6.72226 40.578 -23.7026 -6.84307 46.269 -21.3635 -6.61088 51.5679 -18.2749 -6.11617 55.1851 -14.4123 -5.43496 57.921 -10.0772 -4.61796 59.7674 -5.46303 -3.68598 60.6098 -0.418375 -2.62903 60.2938 4.4502 -1.60389 58.9111 8.99036 -0.613937 56.6589 12.9199 0.325311 53.443 15.9337 1.12878 49.2363 17.9733 1.73806 44.4515 19.2215 2.22103 39.3884 19.5373 2.62205 34.1765 18.8402 2.88471 29.5825 17.2976 3.03425 25.1941 15.0977 3.06261 21.093 12.3184 2.96965 17.3611 8.08298 2.71727 13.3919 3.29109 2.4039 10.1213 -1.56519 2.01427 6.95553 -6.10297 1.36783 3.3851 -9.97227 0.427539 -0.299094 -13.6044 -0.755599 -4.15093 -17.0007 -2.02529 -8.18606 -19.8657 -3.26815 -12.6219 -21.1634 -3.99982 -15.7559 -21.9004 -4.63457 -19.0868 -21.9795 -5.1203 -22.5218 -21.399 -5.41818 -25.93 -19.2621 -5.48816 -31.2386 -16.3672 -5.23385 -36.169 -12.9021 -4.73831 -40.6967 -8.48416 -3.79855 -44.2111 -3.8662 -2.51004 -45.9006 0.947057 -0.929731 -46.32 5.6887 0.817643 -45.7683 10.132 2.6961 -44.1656 14.4671 4.94064 -40.9408 17.9525 7.15612 -36.7966 20.9868 9.27342 -32.2644 23.4074 11.1294 -27.2718 24.6901 12.4552 -22.2987 25.1828 13.4739 -17.1164 25.2071 14.2654 -11.8716 -1.16118 -1.1515 -1.1418 -1.13476 -1.22861 -1.18788 -1.1819 -1.18724 -1.25319 -1.25637 -1.26369 -1.27614 -1.29514 -1.28705 -1.28588 -1.29439 -1.15063 -1.13151 -1.11377 -1.09714 -0.773613 -0.734581 -0.69864 -0.661365 -0.182758 -0.147593 -0.111223 -0.0713198 0.307639 0.306056 0.304621 0.299827 0.395417 0.285525 0.195499 0.100204 -0.425127 -0.603532 -0.749635 -0.878577 -1.65258 -1.76933 -1.86511 -1.95429 -1.88747 -1.93264 -1.97551 -2.04199 -1.3905 -1.41259 -1.4498 -1.49265 0.704531 1.15154 1.62863 2.1021 1.70837 1.65602 1.60814 1.58675 0.837045 0.712536 0.628152 0.589509 -0.0577717 -0.100266 -0.102033 -0.0666178 -0.556122 -0.531148 -0.485841 -0.424633 -0.742212 -0.699278 -0.648141 -0.599239 -0.090173 0.111412 0.441347 1.00513 2.63328 2.79949 2.9275 3.02738 3.1246 3.11064 3.09291 3.05678 2.70487 2.59515 2.48709 2.37582 1.69107 1.48602 1.28237 1.0865 0.378154 0.256186 0.155925 0.0815464 1.37816
30.6845 15.0665 -13.6498 30.1072 14.7984 -9.73401 29.1039 14.321 -5.92559 27.6868 13.6381 -2.28361 25.8746 12.7569 1.13367 22.4874 11.0946 5.70543 18.3916 9.06385 9.4788 13.7301 6.72939 12.2999 8.67531 4.17133 14.0443 4.77674 2.17839 14.5869 0.857711 0.1559 14.4612 -2.98951 -1.85098 13.6635 -6.6954 -3.75658 12.2143 -11.2312 -6.01418 9.38319 -15.2242 -7.92008 5.62703 -18.5356 -9.41761 1.10181 -21.0595 -10.4688 -4.01779 -22.5286 -10.9955 -8.694 -23.3486 -11.182 -13.5515 -23.5086 -11.0333 -18.4764 -23.0122 -10.5616 -23.3584 -21.7969 -9.73536 -28.3418 -19.9048 -8.59925 -33.0454 -17.3823 -7.18711 -37.3624 -14.2875 -5.53779 -41.1959 -10.7979 -3.74936 -44.3747 -6.90528 -1.82101 -46.9455 -2.68642 0.195566 -48.8468 1.82512 2.20055 -49.8984 5.86222 3.84081 -49.9584 9.86605 5.34711 -49.1263 13.6217 6.6673 -47.353 16.9153 7.75284 -44.7137 20.3519 8.77209 -40.079 22.4694 9.24998 -34.6368 23.2336 9.20553 -28.8278 22.747 8.70397 -23.0105 21.214 7.84462 -17.489 18.837 6.71239 -12.3273 15.8108 5.38813 -7.56674 12.3061 3.94065 -3.18529 8.70579 2.51959 0.644588 4.90565 1.07879 4.26849 0.987622 -0.347898 7.7704 -2.9755 -1.72921 11.2396 -7.17927 -3.15657 15.0156 -11.2427 -4.55293 18.9534 -15.0736 -5.89087 23.1368 -18.5615 -7.13683 27.6368 -20.4656 -7.83528 30.5791 -22.1539 -8.47198 33.6637 -23.5868 -9.03419 36.8889 -24.7219 -9.50793 40.2441 -25.8345 -10.0558 45.907 -25.8714 -10.27 51.7 -24.6867 -10.0947 57.3721 -22.2142 -9.4962 62.5811 -19.2392 -8.6838 66.2361 -15.5379 -7.61206 69.0684 -11.3015 -6.33415 70.8822 -6.78044 -4.92445 71.5474 -1.89981 -3.35397 70.9316 2.64515 -1.84159 69.0023 6.5713 -0.483092 65.9353 9.68421 0.651352 61.9744 11.911 1.53181 57.3168 13.1908 2.12787 52.2737 13.5801 2.44981 47.0611 13.1767 2.52311 41.8401 12.2505 2.40756 37.2805 10.8747 2.14746 32.8419 9.13044 1.76817 28.5437 7.09248 1.29379 24.3864 4.23139 0.599609 19.3771 1.13372 -0.168381 14.5217 -2.09768 -0.974061 9.76051 -5.32102 -1.86469 5.00896 -8.22475 -2.72307 0.50753 -10.9321 -3.56174 -4.11833 -13.3384 -4.33252 -8.91901 -15.3253 -4.98311 -13.925 -16.3066 -5.30648 -17.2379 -17.0226 -5.5411 -20.6253 -17.434 -5.6706 -24.0687 -17.5016 -5.67878 -27.5382 -16.787 -5.39553 -33.2095 -14.9273 -4.69192 -38.5762 -11.891 -3.54874 -43.2909 -7.78105 -1.99736 -46.9592 -3.44335 -0.346326 -49.033 1.21073 1.50251 -49.9067 5.88583 3.48322 -49.6569 10.3939 5.49481 -48.4433 15.2594 7.73242 -46.0868 19.6618 9.78013 -42.8221 23.4702 11.5709 -38.7574 26.5728 13.0459 -34.0213 28.6976 14.0679 -29.2697 30.113 14.759 -24.2045 30.782 15.0968 -18.9533 -10.3613 -10.3511 -10.3361 -10.3177 -10.3885 -10.3126 -10.2668 -10.2211 -10.2314 -10.1842 -10.1425 -10.1077 -10.0769 -10.0249 -9.98934 -9.9664 -9.79913 -9.76535 -9.73663 -9.71005 -9.3758 -9.32238 -9.26614 -9.20194 -8.6884 -8.6082 -8.51585 -8.41019 -7.96064 -7.88826 -7.80589 -7.71546 -7.49845 -7.47403 -7.43641 -7.39531 -7.78722 -7.8632 -7.93912 -8.01569 -8.7532 -8.85279 -8.94615 -9.03785 -8.97807 -9.0395 -9.10168 -9.1779 -8.52062 -8.52869 -8.54213 -8.55222 -6.30246 -5.78241 -5.2227 -4.65619 -4.95906 -4.92696 -4.8889 -4.82496 -5.48856 -5.5276 -5.53166 -5.49692 -6.07836 -6.06413 -6.01955 -5.94668 -6.40798 -6.365 -6.31128 -6.2487 -6.56922 -6.5345 -6.49402 -6.44533 -5.92348 -5.697 -5.32901 -4.70982 -3.0194 -2.79317 -2.59483 -2.41677 -2.21019 -2.09258 -1.98089 -1.87987 -2.10448 -2.11053 -2.12927 -2.16127 -2.7735 -2.91878 -3.07567 -3.23647 -3.92305 -4.03153 -4.12295 -4.19468 6.29811
