Optimization finished after 12700 iterations.
NEB Energy: 0.84657
Max NEB Force: 0.0496729
Optimization took: 192569 ms
Energies: 
0.656574, 0.846613, 0.92338, 0.952772, 0.954999, 1.04914, 1.23197, 1.39251, 1.4661, 1.54927, 1.5411, 1.50182, 1.42494, 1.36018, 1.33234, 1.18584, 1.12681, 0.850654, 0.711183, 
NEB Forces: 
0, 0.0216102, 0.0225109, 0.0229128, 0.0232411, 0.0247992, 0.0322156, 0.0376737, 0.0422343, 0.0487555, 0.0496729, 0.0484799, 0.0460304, 0.0451495, 0.0435844, 0.0415726, 0.0391588, 0.0240909, 0, 
Gradients: 
0.00488837, 0.0224166, 0.0230032, 0.0233262, 0.0236536, 0.0251782, 0.0327709, 0.0378187, 0.0423011, 0.0488294, 0.0497181, 0.0485167, 0.0460816, 0.0451773, 0.0439633, 0.041587, 0.039775, 0.0242025, 0.00141731, 
Spring Forces: 
0, 8.57894e-05, 1.19562e-05, 1.77034e-05, 3.2964e-06, 1.43537e-05, 1.47605e-06, 1.63594e-06, 3.92058e-06, 6.59231e-06, 5.89392e-06, 3.54626e-06, 1.68983e-05, 1.0233e-05, 3.14012e-05, 1.75947e-06, 1.80552e-05, 0.000532995, 0, 
Bend Energies: 
0.655267, 0.845256, 0.920991, 0.949494, 0.95032, 1.04095, 1.19628, 1.33331, 1.30791, 1.29116, 1.27615, 1.23952, 1.15747, 1.08043, 1.0754, 0.999526, 0.926051, 0.809674, 0.711182, 
Twist Energies: 
0.00130361, 0.00134773, 0.00238106, 0.00326996, 0.00467134, 0.00818291, 0.0356667, 0.059167, 0.158153, 0.258079, 0.264909, 0.262266, 0.267441, 0.279711, 0.256901, 0.186288, 0.200749, 0.0409755, 4.81512e-22, 
Stretch Energies: 
3.60302e-07, 8.79923e-06, 8.31073e-06, 8.06474e-06, 7.87665e-06, 8.78691e-06, 2.01196e-05, 3.42468e-05, 3.24512e-05, 3.1637e-05, 3.21602e-05, 3.28091e-05, 3.47535e-05, 3.50868e-05, 3.50782e-05, 2.26527e-05, 1.08069e-05, 4.62646e-06, 1.01422e-06, 
