# num_vectors 34
# vector_size 101
1.68348 41.8879 21.6818 -12.5256 29.7485 3.20602 -16.6435 15.8817 -6.12364 -18.0477 1.71018 -13.306 -15.9118 -17.3184 -21.319 -8.22908 -32.8426 -25.1427 11.9459 -48.7127 -20.5471 28.3395 -49.6053 -7.65813 38.5333 -39.0487 8.75689 37.8258 -23.7556 20.0058 20.5471 -5.61945 22.1776 1.73149 -3.8193 7.88088 -8.80377 -8.07497 -8.37962 -19.1623 -9.44532 -24.019 -35.3544 0.255142 -39.0267 -45.6593 19.8377 -38.3988 -43.0912 35.2114 -23.9361 -29.7904 35.3025 -6.91765 -14.248 21.5615 1.84562 -1.98679 5.82564 4.2676 13.4744 -11.4279 10.2265 28.4141 -16.9024 23.675 38.9055 -2.7821 40.9639 33.1681 19.0191 44.9624 19.6097 35.2361 37.7831 -0.16935 -0.174052 -0.129483 -0.0280969 0.146362 0.37058 0.630392 0.786008 0.857055 0.794875 0.734165 0.752028 0.775522 0.757634 0.722332 0.741919 0.826669 0.898293 0.93632 0.956512 1.02298 1.21831 1.43402 1.5014 1.5181 1.57259
2.07696 42.3739 13.4978 -15.5731 27.2415 1.24851 -19.5257 12.0708 -5.85695 -20.3866 -2.23552 -12.854 -16.6984 -20.5999 -21.7968 -6.87469 -34.6961 -26.2034 15.9784 -45.6617 -20.0839 30.6454 -41.9072 -5.71561 38.4203 -29.5111 10.7366 36.7735 -15.3639 23.3085 15.9668 -2.40186 28.8936 -1.55132 -7.81658 13.8791 -8.25624 -14.8193 -3.42763 -16.7468 -16.0291 -20.167 -31.3484 -5.08644 -35.9324 -41.404 14.6227 -36.6273 -41.2298 31.2436 -23.3678 -30.533 33.922 -4.79576 -15.3197 21.9716 6.73188 -2.41619 6.9513 10.1515 12.8295 -11.0818 13.9738 29.623 -18.1049 24.1066 43.0173 -1.61754 36.637 35.3146 19.9391 36.2726 21.395 35.0722 27.5782 0.0784458 -0.0300133 0.00331096 0.114467 0.324715 0.639045 0.970807 1.11156 1.12962 0.868544 0.585119 0.531929 0.518307 0.439028 0.343225 0.353492 0.485679 0.593559 0.629782 0.650616 0.767269 1.20531 1.62701 1.71302 1.70174 1.34573
4.08917 43.7483 7.62433 -15.5363 27.5104 1.16925 -18.9265 11.1408 -2.92516 -20.7541 -3.73129 -8.38737 -18.9972 -22.0804 -17.9289 -9.24337 -35.2892 -24.6379 15.6337 -42.3302 -21.2485 29.4705 -35.5432 -7.17267 35.4707 -22.6324 9.6225 34.801 -10.1175 23.8992 14.0394 -1.65922 35.2788 -2.58815 -11.2458 21.3775 -7.1202 -18.9658 3.67632 -13.6592 -20.8266 -13.8601 -26.1444 -10.9061 -31.9479 -36.1796 8.40956 -35.9755 -38.8788 26.693 -25.4637 -31.7361 32.6845 -5.9815 -17.9287 22.2416 8.42039 -5.30423 7.23005 12.7878 9.8992 -10.9465 16.0534 27.4356 -19.5542 23.2902 45.3668 -3.85524 29.6311 38.7373 17.4356 24.4497 24.8876 32.9146 16.2698 0.326472 0.0479879 0.0289791 0.0578676 0.195506 0.543894 0.954033 1.07701 1.03908 0.563137 0.117527 -0.0157804 -0.0527742 -0.174018 -0.322814 -0.316095 -0.111364 0.076741 0.129343 0.149152 0.284424 0.96535 1.74376 1.88546 1.8085 0.930058
2.75692 41.0387 -0.578494 -17.0742 23.8096 0.0609768 -20.7585 7.20166 -2.55292 -21.9333 -7.71576 -8.07021 -17.7406 -25.4906 -17.9343 -5.64455 -36.7417 -24.3927 19.8949 -37.8431 -19.2532 30.4403 -27.3058 -4.64512 33.2946 -13.1702 11.9911 30.5216 -1.92047 27.0454 8.99647 -0.663504 39.9736 -3.62024 -15.6338 26.6194 -5.66653 -24.4828 8.98427 -10.6839 -26.2583 -9.05525 -21.48 -15.8399 -27.9329 -31.0829 3.31177 -33.5021 -35.7125 22.0818 -24.6521 -31.7038 29.9677 -4.94919 -19.2191 21.792 11.9138 -5.86576 8.13809 18.1615 9.99389 -9.61068 20.5329 28.4485 -18.4905 24.3484 47.0648 -2.31673 24.2858 39.1905 17.3141 15.5284 24.958 31.6285 5.99677 0.550146 0.179387 0.143785 0.176323 0.348236 0.796508 1.30136 1.41388 1.34088 0.660097 -0.0419181 -0.265671 -0.339639 -0.511807 -0.706866 -0.69897 -0.431869 -0.206567 -0.169727 -0.157862 0.0182445 0.974728 1.99202 2.14435 2.03635 0.735639
4.25096 39.5358 -6.04328 -15.2917 22.9733 -0.190802 -19.1644 6.20327 -0.133759 -21.2788 -9.12731 -3.98864 -18.4179 -27.009 -14.1333 -6.25969 -36.8275 -22.5248 19.4476 -33.2026 -20.0903 28.282 -20.3859 -6.18675 28.372 -6.46885 10.8726 25.3223 2.59977 27.2847 7.17449 -1.49258 44.1938 -3.37344 -19.48 32.9334 -4.55325 -28.4878 15.2995 -8.0251 -30.4181 -3.08457 -16.4757 -20.8759 -23.5541 -25.5023 -2.49113 -31.9529 -32.3227 16.7615 -26.0465 -32.2301 27.1398 -7.10618 -22.1975 21.4336 12.229 -9.08318 8.54696 20.3361 7.83571 -8.1877 22.7574 26.7713 -16.8382 23.5249 46.6235 -3.94803 16.6063 40.9088 13.7975 3.32165 26.6571 28.4683 -5.62134 0.548956 0.0584786 0.00157152 0.00837715 0.193445 0.770727 1.43939 1.56866 1.46557 0.614872 -0.432077 -0.730353 -0.821182 -1.02887 -1.27307 -1.26216 -0.913937 -0.611225 -0.568757 -0.566017 -0.362695 0.792452 2.16172 2.37138 2.1984 0.59614
1.59685 34.5742 -13.0473 -15.9543 18.5898 -1.77691 -20.4347 2.02692 -0.415639 -21.4923 -13.4201 -4.24235 -15.1042 -30.519 -14.1259 -0.30871 -37.3936 -21.0877 23.2539 -27.3197 -16.268 27.8934 -12.018 -2.85288 24.5046 2.15872 13.6471 18.398 8.86851 30.3373 2.60452 -1.59357 46.8649 -2.96191 -22.6437 37.5104 -2.4582 -32.8311 20.497 -4.59183 -34.8656 1.92088 -11.4119 -25.2496 -19.115 -19.9463 -7.37296 -28.9957 -28.2811 11.7279 -24.7789 -31.1302 23.0069 -6.58121 -23.2559 19.6314 14.2439 -9.85881 8.8166 24.604 8.56249 -6.27421 26.8569 27.7817 -13.7259 23.8476 45.6653 -2.25924 11.3223 39.9506 13.125 -4.63734 25.1827 26.475 -14.7381 0.722738 0.19102 0.0974527 0.0961581 0.310129 0.990251 1.75299 1.9021 1.79957 0.874645 -0.713448 -1.04152 -1.14641 -1.37572 -1.6352 -1.59776 -1.16341 -0.817988 -0.801587 -0.817395 -0.571228 0.811586 2.36331 2.60854 2.40339 0.499405
2.55105 31.1964 -17.7865 -13.5167 16.6884 -2.89057 -18.4018 0.60589 0.818802 -20.0045 -15.1066 -1.40401 -13.6435 -32.1081 -11.4738 1.5431 -36.1866 -19.6844 22.3879 -20.7946 -16.7579 24.2921 -4.20677 -4.23343 17.5546 8.39761 12.5143 10.4771 11.3864 29.8887 0.749627 -2.86391 48.1744 -1.87181 -25.6285 42.1321 -0.999485 -36.4323 25.5179 -1.95421 -38.4078 6.83732 -6.53228 -29.6123 -15.1443 -14.3822 -12.8741 -27.321 -24.4632 5.77724 -25.7035 -30.8579 18.2247 -9.251 -26.1669 17.602 12.7653 -13.304 8.61749 25.3198 6.92812 -3.8846 27.8819 25.9544 -9.18237 21.2546 42.0017 -2.75142 3.66647 39.6667 9.23613 -15.6967 24.8557 22.8483 -25.3771 0.544599 -0.0477916 -0.166792 -0.187878 0.0635053 0.929763 1.88575 2.07914 1.96813 1.01714 -1.05832 -1.4408 -1.56098 -1.80481 -2.08263 -2.00572 -1.46126 -1.03779 -1.02608 -1.06364 -0.772745 0.677205 2.49081 2.84024 2.57176 0.61744
-1.49732 25.5665 -22.5751 -15.0408 11.336 -5.12029 -19.3837 -4.74707 -0.788101 -18.5943 -20.4931 -3.20455 -6.92189 -35.2023 -12.0518 10.1201 -34.561 -16.9316 25.0065 -14.0266 -10.8706 22.0396 3.27121 0.427163 11.523 14.9043 15.8817 2.03789 14.8209 32.3422 -4.2184 -3.08905 48.8423 -1.03556 -26.2617 45.0312 2.30987 -38.4261 29.7229 2.73459 -41.0739 11.1058 -0.81547 -32.8959 -11.3006 -8.54295 -17.2084 -24.8752 -19.944 0.74025 -24.86 -28.7976 12.9935 -9.43181 -26.6078 13.649 12.9722 -14.0385 6.88833 27.1187 7.74335 -2.68708 29.5866 25.9967 -5.77846 20.0322 39.0739 -0.361391 -0.167212 37.0384 9.20737 -20.8669 21.3103 20.8232 -31.6403 0.549645 -0.0537966 -0.226042 -0.273493 -0.0022678 0.940546 1.90162 2.11381 2.03547 1.11096 -1.17145 -1.55986 -1.7007 -1.95548 -2.22553 -2.10464 -1.44623 -0.971245 -1.0039 -1.08376 -0.771998 0.782372 2.60499 3.02455 2.75466 0.78216
-3.46919 24.8479 -23.6212 -15.4514 8.97796 -6.44022 -18.6712 -7.57477 -2.98485 -16.0267 -22.9833 -6.14457 -1.68346 -34.6067 -15.6317 14.5364 -29.2022 -20.3574 23.3763 -5.45614 -14.1958 16.2741 10.9314 -3.39467 2.43152 19.2978 11.5447 -7.02547 15.5576 27.5915 -7.57771 -3.43416 44.0594 -0.036878 -25.8431 42.439 4.82623 -38.2981 27.7844 5.83312 -41.2775 9.23977 2.62503 -34.5293 -13.6886 -5.88055 -20.3995 -28.4567 -19.1834 -3.82571 -29.1561 -30.2874 7.37914 -14.4008 -30.3025 8.87896 8.06984 -18.2026 3.95681 23.3403 4.70867 -2.37777 26.0204 22.5729 -2.59831 15.3032 34.57 2.0769 -5.73546 33.8891 9.93174 -27.2305 17.4033 21.4291 -36.9457 -0.286205 -0.850584 -1.02563 -1.05551 -0.693845 0.535762 1.6506 1.90522 1.91412 1.20871 -1.38413 -1.67308 -1.75057 -1.9307 -2.12002 -1.86797 -1.05594 -0.54003 -0.60557 -0.72625 -0.392714 1.08284 2.89859 3.38934 3.06782 1.80924
-3.09173 25.1593 -22.8863 -11.5199 8.84873 -4.08394 -15.5953 -7.53076 -0.70866 -14.0591 -22.7659 -5.17187 0.697289 -32.9891 -15.5906 16.6156 -25.3735 -17.3881 20.6235 -1.84155 -6.89066 9.97982 13.6512 2.18446 -6.93035 22.1229 13.4577 -18.0491 17.3362 28.0996 -15.3699 -3.38722 42.0844 -0.905884 -21.9447 39.2416 9.53026 -32.5403 26.1133 13.3065 -36.2706 8.06838 8.7892 -30.3279 -14.8624 -2.04571 -17.8187 -29.5666 -17.2573 -2.96165 -29.7105 -29.1337 5.84165 -13.9619 -29.0573 3.65096 8.45196 -16.9187 -4.07202 22.4818 6.09953 -10.5657 22.9746 22.9056 -7.12613 11.1522 33.2581 3.65788 -8.46784 33.6823 14.8971 -28.4102 16.8145 25.9473 -37.9867 -1.74739 -2.24408 -2.46171 -2.56427 -2.25398 -1.17307 -0.552689 -0.592271 -0.740529 -1.75316 1.03324 0.556925 0.25078 -0.165839 -0.504558 -0.365297 0.355859 0.739861 0.561527 0.325486 0.689209 2.13981 3.40023 3.84209 3.38192 3.51832
-1.35477 26.2887 -21.9327 -13.7036 8.33277 -7.24588 -18.2914 -8.23422 -8.13323 -13.3929 -21.8158 -14.9112 5.73442 -26.0237 -21.7872 19.4282 -15.2883 -18.3418 17.7951 7.10389 -5.07761 4.21372 20.2251 3.81349 -14.4952 24.4457 14.6287 -24.9196 15.7325 27.9081 -19.0157 -5.53209 39.9567 -2.05776 -21.8231 37.013 9.8701 -30.3518 23.6526 13.8697 -32.8256 5.44065 7.97949 -27.3885 -17.3034 -5.06956 -14.9165 -30.12 -20.803 -0.909974 -27.2181 -31.5013 6.32198 -9.90291 -31.7128 3.3833 12.4242 -20.8509 -4.88412 27.1718 2.05167 -11.7398 28.016 18.0395 -6.48885 15.7338 27.4164 6.64464 -2.92022 32.1588 17.2943 -22.6254 18.7633 28.3872 -36.6209 -2.51968 -2.94055 -3.11109 -3.06181 -2.50976 -1.32048 -0.81936 -0.847869 -0.944805 -1.91027 0.590429 0.18375 -0.0691464 -0.364656 -0.547674 -0.233645 0.55247 1.01525 0.947293 0.771113 1.25187 2.73984 3.77212 4.39835 4.93085 6.10286
3.02924 24.5679 -22.3709 -15.0321 9.07621 -11.2176 -20.5656 -6.79551 -14.9274 -14.3436 -19.1629 -22.8475 5.80328 -21.9537 -26.9906 18.9398 -12.6929 -19.486 16.9161 6.16829 -1.59251 2.72799 16.9374 9.28843 -16.3998 19.1252 19.9726 -27.2531 9.29978 32.0805 -21.7577 -12.9843 42.3482 -4.41384 -28.717 38.7001 8.21429 -35.5975 25.0361 13.1523 -35.6945 6.8868 8.03064 -26.6931 -14.8914 -5.25182 -12.0156 -24.8029 -20.8059 1.71164 -20.1353 -31.6138 9.37893 -3.07734 -31.9529 8.1956 19.4096 -21.4609 0.22165 34.5805 0.685945 -8.7885 35.3364 16.4377 -4.9312 22.2584 24.2895 8.53735 3.1449 28.5664 18.1114 -17.208 23.101 26.5572 -37.1374 -1.39457 -1.84244 -1.98925 -1.88501 -1.30093 -0.423574 -0.218164 -0.457887 -0.722688 -2.0444 0.520705 -0.0526538 -0.453497 -0.896 -1.15199 -0.87872 -0.19276 0.197081 0.128106 -0.046312 0.438195 2.10394 3.08704 3.71352 5.77244 6.08078
-3.02816 23.9804 -17.6888 -19.0109 4.44146 -10.3826 -20.5746 -11.3637 -17.0195 -11.3424 -20.6904 -26.0846 9.10759 -19.42 -29.4075 20.7208 -9.34559 -20.5597 16.7545 7.14112 -0.748827 2.19547 15.9031 11.3728 -16.3057 16.8386 23.2744 -26.2296 6.64262 35.8638 -19.0814 -16.4989 42.6172 -1.15973 -31.7694 39.921 12.6128 -38.4384 27.2973 17.9588 -36.8904 9.33032 11.8088 -24.4566 -10.3958 -2.35235 -9.12869 -17.7856 -18.645 3.62263 -12.8761 -30.4124 11.9783 3.19487 -30.7262 12.1045 25.7126 -21.1007 3.56567 41.1481 -0.297558 -8.24306 41.1682 13.8606 -4.33484 26.3933 20.9031 12.5559 9.85601 27.0293 25.0996 -8.29114 18.5305 31.3755 -27.9567 -0.553631 -0.891292 -0.897141 -0.530414 0.4342 1.61366 1.96332 1.91573 1.96675 0.62756 -2.02252 -2.2284 -2.40697 -2.61066 -2.56865 -2.0755 -1.27375 -0.796973 -0.73495 -0.816453 -0.179444 1.62156 2.38257 3.18369 4.87393 4.53047
-5.34406 19.3156 -14.8766 -19.3479 -2.27191 -9.5418 -17.2363 -17.6569 -16.9672 -5.27162 -24.0819 -25.3316 14.6347 -18.5372 -27.2949 24.528 -6.52732 -18.7783 18.6641 11.3019 -0.674441 2.55162 20.017 9.33113 -17.549 19.2973 18.2904 -28.6562 7.78568 28.5404 -19.333 -12.8359 39.497 0.576593 -25.6515 38.49 15.6434 -31.8935 27.1964 22.1845 -32.2894 9.56555 16.3637 -24.0088 -12.3228 1.16536 -11.3763 -22.2988 -16.488 -0.244886 -18.2244 -28.9289 6.91602 -2.08393 -30.7481 9.59362 20.2028 -24.4517 3.05825 38.1321 -4.42446 -9.45761 41.9363 9.96872 -2.61039 28.5211 16.1352 16.8994 14.7472 23.0902 31.5697 -1.39584 14.1192 33.4145 -21.7536 -2.08087 -2.53725 -2.63678 -2.38015 -1.52735 -0.510751 -0.370634 -0.633521 -0.862014 -1.40395 0.518179 0.180962 -0.166045 -0.572524 -0.745316 -0.366079 0.322259 0.538802 0.528949 0.271151 0.661457 2.21542 2.77805 3.6853 5.09235 6.44857
-0.504352 11.1244 -14.6616 -18.3809 -8.11985 -13.847 -14.7045 -21.7273 -23.7267 -0.733997 -25.0481 -30.6689 18.2857 -17.1047 -28.2155 25.7001 -4.81545 -17.792 16.743 12.6254 -0.598797 -0.481651 20.6228 8.06276 -20.6889 18.2839 16.4895 -30.0343 4.84293 26.1302 -19.4027 -16.0516 35.2189 1.43858 -27.3144 34.5631 18.0316 -31.5378 24.5457 26.3869 -30.1914 7.7479 21.3657 -20.8806 -13.9233 4.98677 -9.77974 -23.8525 -14.5542 -2.26971 -20.1246 -28.4561 1.97909 -4.14795 -31.1563 5.51196 17.9292 -26.7437 2.28966 37.2672 -8.17189 -8.02851 48.2599 1.21693 3.71119 33.8357 4.40503 23.4624 19.41 14.2356 35.3777 2.51092 17.3489 28.2167 -18.4025 -1.76662 -2.16992 -2.17074 -1.75281 -0.851922 0.0718294 0.129991 -0.132936 -0.337064 -1.19018 0.635281 0.233656 -0.188816 -0.636737 -0.747041 -0.169962 0.689595 0.825887 0.820556 0.588846 -0.742913 0.678259 1.07338 2.38123 4.72674 6.04301
4.36993 3.9679 -8.96187 -16.1225 -11.0048 -15.7785 -13.7627 -20.438 -29.9819 0.138104 -21.6613 -37.7063 18.6228 -13.4494 -33.043 25.3662 -2.37462 -20.9383 16.4065 13.2149 -2.05164 -0.588009 19.865 8.07898 -20.037 15.9118 17.6139 -28.1901 1.48347 26.9028 -18.7761 -20.6701 34.17 1.4934 -32.6432 31.4452 17.2513 -35.1755 19.6643 24.5228 -31.2864 2.75896 19.5202 -19.9537 -17.9313 3.4364 -8.70066 -28.167 -16.7869 -3.24588 -24.5057 -29.5129 -3.25056 -7.0527 -27.6174 -1.49801 15.319 -21.1287 -0.165682 34.2907 -10.8024 -2.97572 55.684 -8.48723 11.6457 41.0245 -3.11329 25.6215 21.4237 8.63532 33.3512 3.35654 19.2917 23.4808 -13.5954 -1.91929 -2.04822 -1.81636 -1.16923 -0.252231 0.491378 0.486461 0.203275 -0.0340696 -1.52844 1.06507 0.561617 0.121453 -0.311489 -0.412768 0.29427 1.36443 1.37592 1.2612 1.2305 -1.98487 -1.15156 -0.606133 0.776708 3.99589 5.63371
7.40041 1.52191 -7.19159 -13.2564 -12.3716 -15.6091 -12.0864 -18.4036 -31.6881 1.0597 -17.0195 -40.6133 18.999 -7.84196 -35.6313 25.1697 2.00118 -22.2267 15.9868 13.6625 -0.785977 -0.734396 17.3411 11.153 -19.8378 11.5665 20.4548 -28.5423 -3.43303 28.2124 -20.0502 -26.3379 34.1675 0.558463 -37.4801 30.5942 16.3863 -37.7475 18.6393 23.8632 -31.5279 2.53945 20.1827 -17.9982 -17.0807 4.78705 -5.9443 -27.4618 -16.0047 -3.13689 -24.0028 -26.9824 -10.0044 -6.71449 -21.3572 -14.123 14.6996 -16.7234 -9.36845 33.6664 -19.1187 5.48281 52.2657 -14.5757 22.4359 41.0418 -5.09343 34.9731 22.0344 8.42795 40.0172 4.26032 17.6005 24.2963 -8.66504 -1.9533 -1.99877 -1.63814 -0.781603 0.262437 0.912206 0.792569 0.366579 -0.0266474 -1.75324 1.13129 0.553703 0.0603222 -0.434553 -0.607995 0.184219 1.51383 1.45802 1.1895 0.986951 -1.62612 -1.28482 -0.67004 1.09337 2.24653 4.04176
-2.18068 3.31947 -7.04471 -16.9489 -15.1912 -18.4397 -11.1847 -21.3661 -33.4375 3.04952 -18.1233 -39.8616 18.9129 -6.74837 -32.8025 22.8088 4.15375 -19.3632 10.9852 16.2786 0.46617 -6.68662 18.7963 11.2843 -25.2688 10.7702 19.9496 -32.3936 -5.42526 26.869 -21.8728 -27.6996 31.9067 -0.0424227 -36.5877 29.443 17.05 -35.6719 19.4167 25.8859 -29.0345 4.19625 21.9598 -15.0326 -15.0412 5.16868 -2.43244 -22.0684 -14.4777 -1.18753 -14.0301 -23.332 -12.7702 1.90768 -21.747 -23.598 21.5909 -21.391 -16.0391 40.2068 -21.9358 7.52862 44.2731 -18.3226 27.1977 38.4313 -6.70755 43.2349 23.7244 6.11825 43.24 4.75875 9.50061 25.3893 -8.21322 -1.40538 -1.54008 -1.24622 -0.358096 0.729417 1.35179 1.17536 0.698735 0.206241 -1.92637 0.696766 0.0758796 -0.513934 -1.11913 -1.34914 -0.551758 0.809293 0.959382 0.468642 -0.684527 -0.851892 -0.728736 0.081765 2.09653 2.82767 3.88966
-6.33327 2.51434 -3.67358 -15.3854 -15.2101 -20.8346 -6.71187 -18.6154 -35.3075 7.5937 -12.8165 -39.3223 20.2409 0.261451 -29.3283 20.8531 11.0152 -15.2346 6.38325 20.9175 4.06783 -11.8165 20.08 14.2529 -29.1292 8.19441 20.8721 -34.8146 -9.52242 24.7099 -22.868 -31.4993 27.2606 -0.277118 -38.1154 24.5188 17.1683 -35.962 15.3245 26.2163 -28.575 0.581503 20.4371 -13.8585 -17.6274 1.73921 -2.45868 -20.8705 -16.605 -1.96036 -10.1288 -26.4417 -12.0522 6.24081 -27.8235 -21.7449 26.5217 -26.9241 -15.324 45.542 -23.007 7.36222 52.0397 -20.2406 27.1646 46.1878 -12.3296 44.8199 30.8881 0.202777 43.3765 11.7821 4.43223 24.7302 0.258653 -2.02907 -1.91715 -1.37434 -0.00713897 1.44644 2.30316 2.52904 2.47221 2.30684 0.016341 -2.27245 -2.29506 -2.48295 -2.65981 -2.35404 -1.18127 0.277663 0.682724 0.379026 -0.478369 -0.409482 -0.0930818 0.625864 2.78125 3.43284 5.17985
-4.01425 -0.688407 -1.83851 -14.528 -16.3988 -20.0932 -9.34189 -14.9573 -36.443 2.08984 -5.54076 -42.3626 14.5153 8.57563 -33.5761 16.5709 17.2087 -18.2172 4.44998 21.6571 4.43928 -12.2957 18.2072 16.4122 -28.6806 5.53322 23.8761 -32.7392 -12.6173 27.7521 -19.3472 -33.8732 28.7783 2.69942 -41.9056 25.4525 19.7824 -38.8622 15.8388 28.5628 -29.9309 1.80568 25.1935 -14.9349 -16.777 8.20919 -3.62171 -25.358 -12.1769 -2.5193 -19.4135 -23.3241 -10.3269 -2.64003 -25.1588 -17.2714 18.7044 -26.8218 -13.821 38.4313 -30.1094 5.10157 52.692 -27.0724 25.4581 49.4641 -15.8009 40.5934 33.5815 -1.96593 39.8417 15.3547 4.13184 22.5101 2.67448 -1.76684 -1.80303 -1.33019 0.149113 1.42065 1.77871 1.43225 0.816151 0.23899 2.60781 0.776005 0.0907952 -0.569843 -1.21366 -1.5064 -0.771569 0.390912 0.468272 0.120387 -0.655166 -1.52533 -1.60463 -0.911981 1.07091 1.74073 3.20067
1.72114 -4.76165 -2.49504 -9.62045 -16.9162 -22.8476 -8.93599 -10.1752 -38.6712 -1.14024 2.47217 -44.4736 10.331 17.2127 -35.4188 12.8524 24.2655 -19.3393 1.61044 25.3899 4.1631 -15.1462 19.7124 15.2376 -30.2595 5.31473 22.2447 -32.2723 -13.0394 26.7178 -16.4999 -32.4246 29.4851 6.401 -38.1362 27.3492 23.6999 -35.5855 17.9815 32.2363 -28.1583 2.95628 27.0613 -14.4243 -16.1785 9.19245 -2.9939 -22.5138 -9.92925 -2.1011 -13.2561 -17.9904 -11.8753 4.23821 -18.5364 -20.1764 25.1659 -23.9628 -13.4232 43.2977 -31.9653 8.39831 48.9574 -31.4451 27.688 41.1039 -20.2054 41.9185 24.3843 -4.7049 38.6197 7.8602 4.72795 19.9138 0.147909 -4.45573 -4.28603 -3.52315 -1.33115 0.12644 0.638646 0.533631 0.115656 -0.112406 0.988764 0.251984 0.0347599 -0.350514 -0.740102 -0.736002 0.252369 1.56639 1.7938 1.5687 0.506425 -0.326865 -0.322178 0.330016 2.73138 3.53099 7.77883
-0.0340163 -5.39706 1.02175 -5.4385 -17.0635 -21.8971 -3.68709 -7.58865 -36.1609 1.22044 7.30073 -39.0977 7.34642 24.6129 -29.4213 7.29329 32.8804 -13.7275 -4.66109 30.6761 9.34299 -19.3075 20.3863 20.0794 -32.144 3.0971 24.6747 -33.4025 -15.8119 26.0178 -17.4123 -35.2153 25.8426 5.71546 -39.3846 22.7831 22.8822 -35.1943 13.7687 31.7222 -26.885 -0.60487 27.1931 -12.0863 -19.0988 10.1295 1.55716 -22.6723 -6.36966 5.00152 -9.70873 -13.0638 -3.38475 9.03752 -16.3757 -13.7464 28.7565 -25.7527 -10.4725 46.2255 -37.0673 9.77019 52.0946 -37.4235 28.8664 43.7733 -25.938 42.3093 26.576 -9.56878 37.898 11.1884 1.06656 19.2448 5.07977 -4.0934 -4.08188 -3.5282 -0.831403 0.742935 1.17718 1.03631 0.535456 0.0160451 0.889521 0.348496 0.12348 -0.257964 -0.69117 -0.768117 0.0281587 1.12435 1.49584 1.38988 0.158598 -1.08348 -1.13718 -0.548226 1.99406 2.76037 6.53572
-2.00588 -1.7684 3.00715 -3.01783 -13.9032 -20.2805 -0.748529 -5.2186 -34.968 2.85884 9.90067 -38.5448 6.20344 27.5654 -28.17 4.14198 34.7053 -12.0635 -7.53298 30.2852 10.8314 -21.3962 19.2725 21.8859 -33.5583 1.77667 27.4345 -34.2962 -17.151 28.8947 -18.0981 -36.3154 27.2946 4.65019 -40.9888 22.5711 21.484 -38.3607 12.4107 30.6319 -32.3871 -2.90016 27.8821 -18.9736 -22.7511 14.1478 -1.86068 -25.6843 2.04312 7.6271 -11.0004 -4.84113 5.25233 9.33553 -13.6126 -3.24273 28.2587 -28.1041 -4.52509 42.1217 -44.5185 10.8391 50.2925 -45.811 31.1549 45.8617 -32.3008 45.3364 30.8706 -15.649 40.5351 15.9088 -4.79209 22.4171 8.68166 0.0302657 0.123997 0.576138 -2.2588 -0.499422 -0.0230219 -0.000232068 -0.336372 -0.665548 0.153472 -0.0392893 -0.125585 -0.406699 -0.839527 -1.07662 -0.648361 0.117755 0.709983 0.912976 -0.245133 -2.13707 -2.40676 -1.70274 0.83073 1.56744 1.29753
2.43927 -3.92446 0.759868 9.06803 -13.8153 -22.6671 12.9647 -5.14833 -37.0196 15.462 10.0394 -41.202 15.6768 28.4693 -31.6548 11.1525 35.7422 -16.1215 -2.65166 31.2766 5.54673 -17.1143 20.9009 16.4482 -29.8 4.13111 22.979 -30.8951 -14.5668 26.1605 -14.9962 -34.0346 26.8247 7.77722 -39.469 23.1541 24.8376 -37.2397 13.2804 33.822 -30.8512 -1.95952 29.9601 -16.8106 -21.1815 15.0436 -0.712156 -24.0829 1.61329 7.74387 -9.93137 -5.56265 5.18836 10.2811 -14.4816 -2.12816 29.6226 -29.5193 -2.49619 42.9475 -47.8542 11.875 48.3828 -50.8833 31.3932 41.7575 -36.3018 43.566 26.023 -18.1793 35.9943 14.2571 -5.79453 18.1337 9.15899 0.411091 0.299002 0.422288 -2.10785 -0.264885 -0.0372654 -0.248181 -0.740525 -1.11228 -0.275523 -0.693786 -0.822657 -1.12532 -1.51049 -1.5972 -0.996496 -0.113782 0.510409 0.835284 -0.0370533 -2.32204 -2.72112 -2.22392 0.625736 1.16244 0.466072
5.5107 -5.09616 -1.51513 21.6674 -10.4478 -21.5383 27.3501 -0.336312 -34.2569 26.7776 15.0142 -38.5505 19.5242 32.8732 -30.8488 10.2909 39.301 -17.1346 -4.60447 32.5676 3.18302 -17.2145 20.5177 14.6485 -27.7243 3.13663 23.1485 -28.107 -15.2836 27.7838 -13.1991 -35.5195 28.4761 8.64125 -43.0601 23.2061 25.3129 -41.2923 12.6022 34.2306 -33.4809 -2.00086 30.4166 -17.2522 -19.4257 14.0613 -2.64635 -22.4685 -2.7238 2.66361 -10.5432 -12.8706 -1.72632 8.01329 -21.8786 -8.28014 27.5858 -35.0342 -5.31827 42.4848 -49.2862 12.7989 48.8796 -49.9169 32.4017 41.8535 -35.9251 42.585 24.278 -20.0978 32.5565 11.1206 -8.52936 14.1381 6.08953 0.0325329 -0.0303728 -0.265629 1.61758 -0.601429 -0.595865 -0.90307 -1.45576 -1.9216 -0.721085 -1.60752 -1.92552 -2.37279 -2.85621 -2.94599 -2.2303 -1.18945 -0.675204 -0.596762 -1.77673 -3.39751 -3.70327 -3.05947 -0.4108 -0.263702 -0.629538
11.2633 -9.25626 -5.7495 28.3645 -10.9555 -25.6305 32.6739 1.19212 -37.0393 30.1303 16.5232 -40.6295 20.322 33.5864 -34.0338 9.44567 39.7832 -21.4658 -5.48795 33.2926 -1.09732 -16.433 20.9698 11.7098 -24.609 3.25148 21.9088 -23.8296 -14.9666 27.2407 -9.38634 -35.5466 27.509 11.5125 -44.5971 20.9545 27.9114 -44.0389 9.80654 37.5485 -36.5304 -4.4952 35.4598 -18.867 -20.7796 20.0651 -3.04804 -22.4666 3.53225 1.79396 -10.0019 -6.75376 -3.72468 8.17257 -15.6957 -10.6861 27.6343 -28.1863 -6.87446 42.9076 -40.85 12.6353 48.4971 -40.4629 31.4659 39.5926 -27.6319 39.886 20.2836 -13.461 29.2911 5.75349 -2.98629 10.2052 0.815633 2.98748 2.61779 2.09331 -0.367734 -2.7429 -3.07148 -3.32498 -3.69293 -4.01723 -2.71222 -3.4532 -3.68216 -4.07197 -4.53019 -4.55334 -3.7488 -2.59053 -2.03169 -1.97094 -3.22661 -4.64304 -4.76813 -3.87605 -1.33169 -1.2923 -4.77052
13.5408 -11.1549 -6.38994 30.3651 -12.9928 -26.4936 33.8021 -2.05288 -39.3312 30.3945 12.4201 -45.1037 19.4341 29.6947 -41.5934 7.6331 37.0583 -30.586 -6.98471 32.4062 -9.49829 -14.6041 20.5191 5.87417 -18.0081 3.41892 19.3206 -15.5029 -13.8762 26.7732 -3.45692 -35.9345 27.5131 14.1049 -49.1269 18.6148 29.2821 -50.7006 5.93845 39.3428 -42.5922 -7.73 38.9766 -22.0721 -20.3921 24.6683 -5.19609 -19.6448 7.6289 -0.327551 -7.89292 -5.21611 -4.30577 9.01133 -17.1995 -8.71518 27.5622 -31.0443 -4.02807 41.3527 -44.7758 15.1415 45.3794 -44.3929 32.9274 34.5375 -30.383 37.5645 14.7741 -15.4637 24.7097 3.09659 -3.06719 6.4051 -0.00818754 -0.321095 -0.593785 -0.986116 -2.51312 -5.23017 -5.68478 -5.87375 -6.07696 -6.36894 -4.40756 -5.64862 -6.00163 -6.51158 -7.12745 -7.24256 -6.5308 -5.39894 -4.81277 -4.72792 -6.07594 -7.77626 -8.01095 -7.27554 -4.47293 -4.3947 -4.43546
12.9337 -9.81155 -5.37807 26.3467 -13.2404 -27.7148 28.7451 -3.44965 -41.6679 25.8439 10.6591 -48.5182 16.582 29.1121 -46.3808 5.96023 38.4455 -35.6703 -7.44786 35.3705 -13.5168 -12.8124 22.7348 2.20679 -13.5844 5.02631 15.2691 -10.8025 -12.0582 23.1 -1.93885 -35.4798 25.3554 11.8984 -52.3535 16.1118 25.8919 -56.1345 2.56927 36.7325 -48.2093 -10.6012 38.8499 -26.3329 -20.5248 26.3263 -8.23381 -18.1438 9.46026 -2.13614 -6.7199 -4.25552 -3.98389 9.86435 -17.163 -6.07738 28.2 -31.6016 -0.743609 41.119 -46.841 17.4862 43.8897 -47.9333 34.4466 31.8405 -33.4736 38.2934 12.2321 -16.7847 25.5158 3.15436 -3.03419 7.96991 1.95322 -8.82857 -9.06947 -9.35272 -10.4571 -7.77811 -8.27372 -8.49079 -8.74628 -9.2591 -6.69102 -8.51858 -9.11304 -9.81127 -10.686 -11.0181 -10.5098 -9.524 -8.99483 -8.90491 -10.2073 -12.3525 -12.8098 -12.5652 -9.49076 -9.3061 -0.815524
14.9068 -11.9865 -7.8126 29.6484 -13.352 -29.5247 32.1721 -2.92748 -42.988 28.7047 11.0413 -49.8619 18.3444 28.9728 -48.4509 6.99624 38.3569 -38.5612 -7.02672 36.5723 -16.6481 -13.1589 24.9604 -0.423823 -15.7191 7.79906 13.1314 -15.5171 -9.25413 21.5033 -9.67326 -33.3984 25.392 4.48587 -50.8439 17.8551 19.0487 -54.3339 4.84525 29.4985 -46.7375 -8.82542 31.5168 -25.9408 -20.8654 20.1417 -7.00754 -19.3734 4.69179 0.248706 -6.69287 -7.55298 -2.29101 10.9193 -19.5225 -5.55892 29.7137 -33.7381 0.44528 42.5858 -48.1974 19.501 42.81 -48.0121 34.6067 28.4638 -33.0109 35.3383 8.89855 -16.3296 21.7093 1.14101 -2.16527 4.48756 0.0648579 -8.4928 -8.73883 -9.07533 -10.1796 -7.21771 -7.86194 -8.03647 -8.24187 -8.8207 -11.6497 -13.6399 -14.1452 -14.6396 -15.2241 -15.3234 -14.6326 -13.4803 -12.7876 -12.5822 -13.9792 -15.919 -16.0921 -15.7464 -18.7297 -18.4879 -10.2908
18.3914 -13.0888 -9.32107 34.2871 -12.1663 -30.2274 36.4546 -1.26398 -43.3705 32.0434 12.5618 -49.9878 20.1306 29.4695 -48.2329 7.91374 37.9016 -38.5223 -7.02119 36.3958 -17.1988 -14.9105 25.8578 -1.00071 -19.6111 9.21355 12.6259 -19.6647 -7.93192 20.8094 -10.5803 -30.9849 25.0818 7.74911 -45.2218 20.2882 24.4845 -47.1324 9.81013 35.4568 -39.8604 -3.62554 35.04 -20.9527 -18.5876 19.763 -4.95369 -19.4419 2.91557 -0.575071 -7.22949 -9.0303 -4.11193 10.4159 -20.9817 -5.87193 29.4224 -34.8685 1.88075 41.7056 -48.4498 21.5184 40.2376 -47.4398 34.9316 24.3287 -32.0592 32.3681 5.21747 -15.5768 17.6537 -0.783569 -0.573216 1.13388 -1.38614 -8.58054 -8.81771 -9.18688 -10.3937 -13.1405 -13.798 -13.9071 -14.0299 -14.4119 -17.0416 -19.2675 -19.6298 -20.009 -20.3974 -20.2413 -19.2715 -18.056 -17.4215 -17.2159 -18.829 -20.6063 -20.7317 -20.4635 -23.2827 -22.9659 -14.6187
18.0062 -12.9309 -9.23816 32.8452 -12.7255 -30.9259 34.8188 -1.70543 -44.0012 30.5017 12.4923 -49.8482 18.9357 29.3935 -46.4657 7.04091 37.0808 -35.7855 -7.634 33.83 -14.4761 -14.2436 21.9783 1.38321 -15.5209 4.50522 14.7201 -11.5355 -12.2023 22.839 1.1305 -33.4757 27.2253 18.9186 -48.1148 21.6651 33.7245 -51.1671 8.82052 41.4528 -43.4035 -6.46958 36.3736 -23.4548 -19.0309 20.7122 -8.0749 -16.1551 4.59488 -2.99768 -3.24749 -8.66565 -4.53241 13.7342 -22.2883 -4.82055 31.6653 -36.7332 3.53279 42.863 -50.0843 23.1978 40.1654 -48.568 35.765 23.6186 -32.6616 32.3678 5.07627 -15.7074 17.899 -0.158694 -0.379645 1.67616 -0.665079 -14.5744 -14.8277 -15.2279 -16.7206 -19.3891 -19.958 -20.1427 -20.2771 -20.5024 -17.4737 -19.86 -20.2679 -20.7491 -21.24 -21.2252 -20.5107 -19.5072 -18.907 -18.7985 -20.8247 -22.6493 -22.8474 -22.6806 -25.513 -25.1145 -10.7827
18.1506 -12.2276 -9.95094 33.1666 -12.1939 -31.5176 35.3856 -0.68612 -44.1249 30.9428 13.9438 -48.6666 19.206 30.0232 -42.7874 7.60122 36.1659 -30.8608 -6.88061 31.4572 -9.69195 -14.4219 19.4969 5.66214 -17.4201 1.85292 18.4883 -15.1157 -15.6453 25.52 -4.55288 -38.4073 27.1129 11.87 -53.4391 18.9906 26.5567 -55.8415 5.8742 35.7342 -47.1397 -8.04843 33.8588 -25.5588 -18.6449 19.8309 -8.85763 -14.8535 3.86063 -3.52542 -1.86616 -9.93968 -5.04081 14.6817 -24.2079 -4.81535 32.1043 -38.6745 4.06958 42.856 -51.2584 24.2012 39.923 -48.6565 36.8595 23.582 -32.0857 33.219 5.67865 -15.1325 18.7528 0.432911 0.139424 2.51928 -0.838634 -19.7377 -19.9897 -20.4629 -22.4755 -24.6502 -25.0859 -25.2747 -25.4392 -25.7694 -23.2751 -24.7816 -25.1791 -25.6912 -26.271 -26.318 -25.6228 -24.583 -23.9537 -23.85 -26.0279 -27.5772 -27.7134 -27.4532 -30.2607 -29.8323 -10.3146