# num_vectors 34
# vector_size 101
-0.85164 38.1563 25.4707 -11.2041 27.3404 3.87322 -14.6203 15.2812 -7.92539 -15.1757 1.86267 -16.5298 -11.4904 -17.1146 -24.0893 -4.0579 -33.0757 -26.2458 13.1546 -51.6876 -20.1352 28.5716 -55.7691 -6.66958 38.3311 -45.336 10.0848 35.8418 -28.4118 18.35 19.9441 -9.43471 13.9509 2.30878 -4.80265 -1.18759 -10.4244 -5.50372 -16.3826 -23.2602 -4.32719 -30.0811 -41.0934 7.06641 -41.6443 -50.0239 26.8761 -37.4118 -43.6178 39.4844 -21.5327 -27.992 36.1429 -6.99856 -12.0767 21.7138 -0.239697 1.00903 6.73883 2.64797 17.0822 -9.02949 10.7266 29.8113 -12.788 26.7853 36.1756 0.131708 46.8092 29.0275 20.8473 53.4399 14.631 35.6385 44.9349 -3.23962 -2.75362 -3.27805 -2.38116 3.06896 2.67535 3.29522 1.86509 3.44126 2.0028 1.94825 2.03976 2.46873 2.20425 1.92874 1.24267 1.56541 1.23128 1.67915 1.46752 1.50928 1.75558 2.79502 -0.232843 1.89186 4.28588
2.23145 42.4115 27.2064 -8.6601 31.9889 5.68097 -13.3698 19.5258 -5.2181 -16.0228 6.43809 -13.9401 -15.5994 -12.1796 -23.1086 -9.81115 -28.6542 -26.2286 8.83552 -46.1363 -21.063 25.253 -48.9111 -8.47609 36.7712 -40.633 8.3648 37.6292 -25.1221 19.3015 23.715 -4.19765 20.1832 3.72398 1.26284 8.68697 -6.72419 -2.93523 -7.64452 -14.5739 -6.88837 -24.2741 -31.1029 -1.22917 -40.8965 -43.6648 16.9996 -40.8739 -42.9296 32.9796 -26.865 -30.5461 34.1899 -9.20848 -15.2244 19.7809 -1.15889 -1.92639 4.73545 -1.9432 13.6846 -12.7455 2.84746 24.6273 -17.7497 19.8547 31.0514 -6.25026 40.7083 27.9972 14.5891 49.6858 17.7748 33.8249 44.8013 -4.7428 -4.22266 -4.60443 -4.03541 1.31113 1.27493 1.98832 0.550554 1.99619 5.26892 0.647466 0.776051 1.07523 0.957294 0.827041 0.312235 0.721894 0.213311 0.390041 0.755015 0.204712 0.491493 1.84511 -0.370052 0.835226 4.51543
2.50789 40.9266 21.1521 -9.93933 30.3765 0.552144 -18.0841 19.149 -9.64118 -22.2846 6.67455 -18.649 -19.3531 -12.2781 -26.5899 -11.163 -27.9984 -25.9238 8.44915 -41.8344 -15.7291 23.8747 -41.0812 -1.68806 35.1342 -29.9016 13.5781 35.1128 -13.4111 23.0121 16.3977 3.37929 23.1946 -2.99795 -1.17651 10.3621 -7.45904 -9.45472 -7.10428 -9.92923 -12.4079 -25.5152 -24.6872 -4.57788 -42.9056 -40.2532 10.7657 -39.3888 -43.4098 23.9396 -22.9985 -33.151 26.815 -4.20876 -16.6655 15.0234 5.60716 -1.61832 2.06889 2.51211 15.5646 -14.4061 0.154271 27.6976 -21.8105 15.3855 31.8 -9.77494 36.5205 25.7165 10.9229 44.1882 16.0428 30.4584 39.3763 -5.55526 -4.91303 -5.45727 -5.0228 0.63001 0.067999 0.46282 -1.25225 0.0547716 3.89016 3.6818 3.72413 3.89587 3.57695 3.39083 2.99462 3.63222 3.22976 3.43451 -0.468513 -2.84011 -2.96164 -1.80042 -3.66843 -2.35212 1.96359
4.79454 37.4816 11.2937 -14.8605 30.7161 -4.78427 -25.9292 18.4601 -9.63924 -29.5405 3.51653 -13.8869 -24.0294 -15.7601 -19.2624 -15.2218 -31.0584 -17.5207 5.42578 -42.365 -6.30293 22.828 -36.32 3.5096 34.6038 -20.6993 13.6159 33.8163 -3.69149 22.0454 12.4677 8.84121 26.4469 -5.13253 -2.4107 15.2559 -5.69941 -12.1574 -2.01218 -6.41342 -13.6174 -20.751 -21.1018 -4.85759 -37.7526 -37.9597 8.80955 -33.381 -42.3698 19.9019 -15.7836 -32.6046 21.5975 3.40845 -15.8733 9.36422 12.2159 -2.3213 -4.09316 5.96665 14.9748 -19.2771 -0.554165 30.5509 -23.6234 12.5805 38.3324 -8.53925 30.4772 30.6015 11.8483 37.4614 19.5486 29.7183 29.9205 -5.08297 -4.52777 -5.18597 -4.63971 0.660074 0.0471726 0.463652 -1.21879 0.294208 3.67093 3.01505 3.08483 3.27954 2.95661 2.89032 2.63127 3.4194 3.10884 2.68452 0.162004 -2.544 -2.53897 -1.25826 -3.52598 -1.84974 2.14811
7.56493 32.4216 -0.657816 -17.5921 30.5966 -8.03134 -28.8185 17.5502 -8.24423 -29.8575 1.82594 -10.7063 -22.6647 -16.4154 -17.5163 -12.9047 -31.2182 -17.0026 7.99074 -40.9029 -4.77228 24.8582 -31.2342 2.8216 34.3569 -12.0464 7.96136 32.9762 5.38023 15.401 12.5777 13.8404 27.4231 -3.75795 -2.68828 22.7801 -3.69119 -14.888 7.13808 -4.80935 -17.8569 -11.4017 -17.9137 -8.97224 -29.5918 -33.0493 7.16096 -28.7364 -39.2863 20.3492 -13.2662 -32.003 22.378 6.9675 -15.9581 8.97106 15.3327 -3.07209 -5.10789 9.04397 16.864 -18.2857 7.98161 34.2346 -17.7304 19.47 47.1788 1.26983 28.4034 36.2319 20.9959 32.3062 21.5756 32.537 20.0444 -1.10209 -1.03889 -2.29067 -1.94047 -0.547897 -0.918094 -0.616011 -2.21437 -0.573076 2.3255 1.683 2.00038 2.39139 2.22999 2.26887 2.1101 2.98781 2.76254 2.3452 -1.0715 -2.5075 -2.21715 -1.14599 -3.63677 -1.28238 -0.893744
4.2554 30.2285 -8.90215 -21.8397 28.2783 -6.49304 -31.2106 14.297 -2.88905 -30.6525 -1.36434 -5.85522 -22.8347 -18.1757 -15.1886 -11.7903 -32.0427 -15.7959 10.4644 -38.0024 -3.58114 26.2985 -25.3646 1.44173 34.1333 -4.95613 4.07348 32.382 12.1078 12.2405 14.6076 16.892 29.3688 1.09922 -2.57661 29.0375 0.603552 -16.4734 14.8903 -2.601 -21.0268 -3.07599 -15.9085 -12.3641 -21.2257 -29.2197 5.14095 -23.7727 -35.7681 21.0305 -11.2509 -28.5137 23.5316 8.94003 -14.2742 7.71109 16.2954 -2.06434 -7.82649 12.6467 19.3016 -15.8283 19.8362 37.559 -8.88031 27.0759 52.1153 8.66544 17.663 38.7612 27.2206 18.9059 20.2942 35.541 9.52083 -0.401434 -0.409761 -1.68893 -1.99685 -1.07881 -1.31936 -0.53791 -1.87917 -0.145625 2.4073 1.62238 1.98163 2.50989 2.42815 2.42406 2.24525 3.02333 2.66706 2.63705 -2.19132 -2.60022 -2.30947 -1.65628 -4.15728 -1.57385 -1.56887
-1.39174 27.969 -14.4997 -24.0684 23.0037 -2.18407 -32.0373 8.54516 2.68692 -32.0657 -6.8534 -1.46905 -23.9696 -23.1149 -11.5123 -10.094 -34.1468 -12.1494 14.115 -31.5347 -2.81727 27.8222 -15.8623 -1.35131 36.2063 3.77208 4.03486 34.9125 17.1761 17.4363 18.0544 15.5654 36.0215 5.67916 -4.49053 33.5254 5.37291 -18.5346 19.519 0.423018 -23.986 2.21097 -15.3355 -15.6238 -14.0151 -27.8143 2.20105 -18.0965 -33.8345 20.1461 -8.40685 -25.6071 25.2304 10.9066 -11.7457 9.87963 19.8159 -0.344295 -6.65948 20.3403 21.6828 -12.9032 27.2717 40.4592 -4.47218 24.0494 47.5463 7.88333 3.91342 36.1818 27.5981 6.4329 17.9693 37.4824 -1.87002 -1.05181 -0.66576 -1.68132 -2.19035 -0.378162 -0.669561 0.0323688 -1.56503 0.0226708 2.28559 1.22388 1.42998 1.95268 1.90437 1.77633 1.50212 2.08061 1.6097 1.835 -3.09702 -2.99333 -2.49164 0.704602 -1.94755 0.371622 1.08232
-2.32708 25.4073 -16.7888 -23.4792 18.0679 -3.03026 -31.8224 3.63411 1.25258 -31.7739 -12.112 -1.28727 -20.8514 -28.7526 -7.17297 -4.33759 -35.1879 -7.89706 19.2016 -24.407 -4.78669 29.8204 -6.53713 -2.89687 37.6333 9.9794 9.39008 36.3185 16.1352 27.3153 20.0235 8.92137 45.0535 5.75526 -9.43916 40.479 3.97872 -23.0763 26.1829 -1.27991 -28.8695 9.07821 -16.718 -20.8637 -7.62842 -27.1193 -2.50975 -14.3401 -32.4551 17.2208 -8.47565 -26.3161 27.3809 9.56989 -14.0463 16.8755 25.2623 -2.8922 1.44162 31.6808 18.8103 -7.38677 36.5074 37.8669 -6.50446 28.1351 43.8462 1.79756 5.69234 37.2874 22.7611 -0.764685 19.8078 33.9783 -8.94921 -1.4982 -0.719274 -1.73582 -2.26611 0.197595 -0.307958 0.377122 -1.45724 -0.0238729 2.103 1.22368 1.52708 2.09578 2.11615 1.9989 1.76183 2.38745 2.07332 2.40842 -2.87987 -2.6663 -2.46483 -0.531478 -2.68311 -1.03625 -0.304
-2.831 30.1327 -15.8573 -23.8624 17.3847 -6.59587 -30.9408 1.90646 -4.02343 -30.1223 -13.8721 -6.20593 -17.6607 -29.1708 -12.6492 -0.64087 -32.0732 -16.7172 21.8232 -18.8316 -16.8944 32.0774 -2.35693 -9.20659 36.3419 10.8185 7.91164 33.4465 13.3854 26.5119 19.6528 1.95873 44.1579 4.94752 -16.3919 41.2194 -2.34271 -28.6701 27.4496 -8.60684 -33.4368 10.3665 -18.8581 -26.2587 -10.2474 -27.3765 -7.96372 -19.3484 -32.728 11.7875 -13.5684 -30.4321 24.2392 3.93171 -20.5382 22.5826 24.0946 -7.79091 12.7041 36.0838 12.351 0.279145 39.5728 30.8757 -4.13082 31.1214 42.9217 1.87326 10.4519 38.774 16.9582 -6.26464 22.1266 28.9904 -15.009 -1.72576 -1.04336 -1.9261 -4.30105 0.884934 -0.178097 0.115693 -1.66788 -0.477275 1.2595 -0.0289545 0.312536 0.757313 0.354556 0.00150569 -0.461345 0.126657 -0.109008 0.287308 0.642205 0.878486 0.961166 2.28418 0.923977 2.12881 2.83605
-4.17987 34.837 -18.3157 -23.5625 19.325 -9.69683 -30.2919 3.5326 -8.42806 -30.7641 -12.1758 -11.1518 -19.9004 -27.5622 -19.8744 -3.69686 -29.3099 -26.8769 18.2291 -15.2473 -28.1009 28.7219 0.122984 -18.6501 32.0251 12.9414 -1.05495 29.5705 14.7443 17.6978 19.5353 0.106203 35.5089 6.47875 -19.4894 32.8317 -3.10262 -30.3564 19.2811 -10.4279 -33.7526 2.29301 -19.5734 -26.0142 -18.636 -29.7866 -7.93862 -26.3211 -36.692 10.313 -17.8742 -35.1578 20.9575 0.85841 -23.5226 21.2743 20.1379 -8.06661 14.1244 30.8061 12.2787 1.61741 32.1805 30.216 -3.09494 22.6894 42.4392 5.90021 3.24565 36.7614 18.562 -14.9654 19.6787 29.8478 -23.8635 -2.16548 -1.33 -1.90107 -3.4905 1.46748 -0.020419 0.119878 -1.59515 -0.464335 1.15268 -0.25637 0.211536 0.705208 0.245108 -0.0446816 -0.460363 0.217281 0.0707492 0.563896 0.887058 0.816017 0.842285 1.99811 0.80917 1.62194 2.94039
4.314 36.055 -16.1954 -7.18643 18.9391 0.0951099 -17.2781 5.76507 4.66661 -25.9758 -6.83407 0.193802 -25.1434 -21.7735 -14.1926 -11.2031 -27.5568 -23.5128 13.2025 -18.4232 -24.4895 26.06 -4.48946 -15.7601 31.0746 9.01621 0.89119 28.3842 12.5926 19.355 16.9806 -0.0802552 37.8367 3.83414 -19.6687 35.5805 -4.03881 -31.6166 21.841 -10.2179 -35.3741 4.47757 -17.9423 -26.0818 -16.3918 -24.7184 -6.61569 -24.4696 -33.0821 11.4309 -16.9515 -34.1948 22.4704 1.58116 -21.4488 24.6605 20.0178 -5.49319 16.0469 28.6802 9.93075 -2.22522 29.3676 28.6071 -7.55784 21.8319 41.6516 1.82261 3.11763 39.5594 15.3218 -15.2561 28.3318 33.2013 -22.5107 -3.35447 -0.857931 -1.16373 -2.17308 1.17964 0.120063 0.514255 -1.04482 0.261759 2.05491 0.842834 1.35839 1.9297 1.56415 1.30011 1.06016 1.93268 1.91815 2.34459 -3.0457 -3.30622 -3.17022 -1.82405 -1.93944 3.49828 5.08247
12.5507 31.2719 -23.3664 0.136662 18.8877 -3.79301 -11.5067 7.67928 2.1313 -22.2537 -4.07087 1.21761 -25.5358 -22.4916 -7.76863 -12.8756 -31.3311 -16.4992 11.2269 -21.5691 -18.4423 23.4495 -8.58919 -7.58908 25.0683 5.34934 9.37877 19.7001 9.31395 27.1665 9.08644 -4.51832 45.2836 -2.14935 -25.1728 42.3215 -6.79895 -37.1555 27.2118 -10.1378 -39.1013 8.80384 -15.2888 -27.1133 -11.4767 -18.256 -7.20355 -20.6904 -28.2495 10.9228 -15.8204 -33.5851 21.8866 2.00912 -22.2086 25.7027 21.0663 -5.86913 17.9768 29.8492 8.86249 -0.845615 30.8157 27.3806 -7.31544 23.798 41.176 -0.375024 4.56535 42.2251 6.09849 -17.3708 33.8431 21.1024 -31.6182 -2.53496 0.544081 0.144349 -0.659692 -0.703303 0.00853419 0.135094 -1.39929 -0.142386 1.53111 0.237315 0.678395 1.20374 0.810021 0.538247 0.490554 1.55611 1.70307 2.27841 -2.5841 -2.65551 -2.49232 -1.2113 -1.39312 3.91695 4.08634
8.1756 29.6759 -22.8943 -4.93157 14.4929 -5.91585 -13.737 0.920322 -0.0380291 -20.3917 -13.5747 -0.130093 -17.6828 -31.6052 -10.0503 -2.56845 -34.817 -18.7613 17.6294 -18.7292 -15.1231 23.1912 -4.39599 -1.00592 17.6094 9.05935 15.5051 8.89465 10.6827 32.3086 3.32594 -7.16883 49.1171 -0.342003 -30.3733 45.9987 -2.8083 -42.6172 30.5873 -5.59843 -43.4039 12.0028 -9.28917 -31.3264 -8.54124 -11.6594 -12.7504 -20.3485 -22.2452 5.57895 -18.3175 -31.2554 16.6375 -2.09744 -24.4117 21.7534 18.7389 -9.32064 14.7392 30.0028 8.78791 -0.878781 30.6364 27.6492 -3.88417 22.3148 39.1774 -0.0687721 0.84564 36.7247 1.34377 -21.8742 24.7754 15.1771 -34.6888 -2.67154 -0.450014 -0.446227 -1.39745 2.13691 0.710836 0.997922 -0.364727 0.935395 2.47621 0.894227 1.14881 1.58572 0.969173 0.451701 0.0286721 0.56138 -0.0841607 -0.42677 -0.515662 -1.53111 -2.07477 -1.42981 -1.97211 0.467394 3.73011
-1.14322 26.6464 -18.898 -8.58249 10.3251 0.308282 -12.4303 -5.25591 6.53138 -14.6661 -20.94 4.68521 -8.66271 -35.8309 -8.4705 6.23142 -35.1246 -18.0782 23.9903 -16.7861 -12.7562 25.8515 -1.03878 0.816649 16.6427 13.3397 14.7187 5.61789 15.2696 30.0701 1.44112 -2.01232 47.8493 4.25144 -25.5432 47.6768 4.42324 -40.2156 34.3278 1.11609 -43.4983 16.105 -2.61615 -33.6964 -5.60991 -3.32065 -17.7015 -20.8992 -15.2956 -0.266461 -23.0827 -28.1683 10.1589 -9.22013 -25.7942 16.9234 12.1286 -11.6015 12.0517 25.4944 6.96958 -2.9691 26.8097 26.0327 -5.26911 18.7264 37.8513 3.2625 -1.17122 34.8838 10.7264 -22.6116 19.6519 23.7384 -32.4626 -2.76099 -1.25341 -1.06548 -2.38614 3.05291 0.804171 1.0536 -0.353749 0.82791 2.05415 0.0312358 -0.0679752 0.279099 -0.410574 -0.954617 -1.18211 -0.352991 -0.558917 -0.330258 -0.173585 -0.502522 -0.573117 0.448855 -0.360491 4.73501 5.96157
-0.710499 22.5621 -20.7394 -7.42541 6.11898 -1.37095 -12.3681 -9.04852 5.09567 -13.8564 -24.9193 4.5467 -4.57298 -39.861 -6.47195 9.89053 -35.9758 -15.9773 20.8779 -12.4967 -13.147 19.2111 5.17014 -2.15743 8.23019 20.4739 9.2453 -1.93146 20.9096 25.2916 -2.5433 2.62104 42.5359 2.87373 -20.426 43.5923 7.86594 -34.8716 30.9468 6.86481 -38.8269 12.5855 -0.158684 -32.5214 -9.6059 -2.21415 -20.9421 -28.362 -13.3046 -3.26409 -32.4402 -26.0939 5.66024 -17.4951 -26.9984 7.13947 4.95858 -15.5194 2.78216 20.8666 6.03614 -7.21631 23.6285 24.1954 -4.98191 13.6643 33.3522 5.58826 -6.65338 30.8925 8.83759 -29.1833 14.6443 19.4479 -40.2181 0.398684 2.29767 2.34282 0.621364 0.557956 -1.00229 -0.620748 -1.88251 -0.683316 0.682157 -1.22369 -1.31089 -0.914163 -1.29558 -1.561 -1.62133 -0.621712 -0.546572 0.0833439 0.200828 0.0841406 0.132512 1.19386 0.449983 4.23848 3.16393
10.8833 22.888 -23.5932 -3.03028 9.64818 -5.65653 -12.8853 -3.91437 -1.75307 -16.2968 -19.0805 -5.32343 -4.56944 -32.0737 -16.481 12.2798 -27.4183 -19.4933 21.5778 -5.98875 -7.90326 13.5125 9.90447 2.96068 -2.64906 21.2196 12.7376 -13.9591 17.2082 27.4659 -9.90897 -3.33381 41.3884 0.695476 -24.4926 40.1722 6.18406 -36.5164 25.38 4.5875 -38.3074 6.72445 -1.45851 -31.7676 -15.686 -6.75783 -18.5172 -32.6106 -20.1587 -2.00775 -32.5927 -30.2476 4.60133 -14.6734 -27.2852 4.9071 7.64935 -14.6272 0.831309 22.7152 6.68782 -9.85404 24.6451 23.7418 -6.87008 13.0571 30.5041 6.44237 -6.57496 28.9318 8.21712 -29.3471 19.8741 19.0967 -46.6084 -2.74013 -0.471311 -1.27127 -3.77086 2.06924 0.661464 1.25141 -0.0766606 0.973831 2.11614 -0.0252164 -0.290401 -0.0309903 -0.576217 -0.856608 -1.01277 -0.171813 -0.173911 0.41638 0.464131 0.175737 0.100556 1.05385 0.85074 1.33466 4.65552
5.72546 24.7109 -18.9625 -8.80604 9.04388 -3.66609 -17.3957 -5.87303 -3.63752 -17.2175 -19.7758 -11.4526 -1.20099 -26.3936 -22.8772 14.6428 -18.7465 -20.6105 18.5774 -1.14552 -1.77614 7.02817 11.8544 9.76879 -11.3103 20.7514 18.0968 -23.8442 13.3726 30.3191 -18.2388 -8.51287 41.3562 -1.77738 -25.5608 41.2144 9.051 -36.117 28.3763 9.44364 -37.9536 9.66119 1.8437 -28.0166 -10.9553 -2.92357 -12.4148 -25.9203 -18.0278 2.55131 -25.7739 -29.635 7.49634 -8.24149 -27.0569 8.36042 14.1143 -15.2423 1.59074 28.8927 3.84546 -12.4079 25.4401 18.6656 -7.7572 11.5564 27.4312 10.3682 -2.69152 29.1359 16.5395 -24.6733 17.5109 26.4731 -40.9376 1.79353 3.55106 2.49307 -0.237421 0.487397 -0.806148 -0.0428336 -1.19391 0.214623 1.77676 -0.203261 -0.4099 0.00203183 -0.235031 -0.315346 -0.0151914 1.31717 1.65733 2.38777 -2.27211 -3.01274 -2.85516 -1.65007 -2.15513 -0.276518 -1.69566
6.29947 20.6406 -16.0549 -13.1283 5.97918 -6.14541 -19.3889 -9.25663 -11.1423 -13.1787 -20.7741 -20.2623 6.74624 -21.9468 -25.9607 20.0221 -12.5912 -18.8286 17.4279 4.19269 0.9597 2.11449 15.9988 8.81988 -17.5606 23.1033 15.6918 -28.0223 13.1956 28.0738 -17.0875 -7.48986 37.2802 2.64164 -20.4139 39.5965 15.9647 -31.059 29.4633 17.2137 -35.8449 11.3162 7.99817 -27.6824 -9.41997 -1.49917 -11.1121 -20.6149 -18.482 1.4126 -17.9956 -29.5715 5.46308 0.0926645 -26.5035 9.11192 22.1029 -16.412 2.78766 38.2885 -0.907869 -13.9018 30.9888 10.0179 -5.12778 15.5726 17.807 16.1037 5.72792 22.1013 22.0941 -15.9481 17.9435 25.7939 -37.567 1.93611 2.88002 1.38004 -1.5629 0.0153291 -1.08619 -0.226443 -1.44245 -0.105932 1.37609 -0.729498 -1.07164 -0.670776 -0.771448 -0.747014 -0.40285 1.00917 1.46662 2.21379 -0.708554 -1.91284 -1.59205 -0.279007 -0.613374 1.6457 0.696174
5.55723 16.1798 -10.1157 -14.6399 -0.483013 -7.87763 -15.4282 -15.4523 -16.3387 -4.2141 -23.2473 -24.5774 15.9833 -18.8916 -26.5643 26.2516 -7.56199 -17.5727 19.4685 7.14973 2.86145 2.42588 17.0516 9.72914 -18.0623 21.388 16.5289 -28.8411 9.06207 26.1628 -18.9138 -13.0898 32.7171 1.24989 -25.3188 35.0639 16.5261 -32.2888 24.5018 19.9499 -33.2814 6.03359 11.1784 -23.1155 -13.9978 -0.294499 -6.41438 -22.9164 -19.1254 2.57859 -18.8341 -30.3131 1.55984 -0.385537 -25.483 7.47465 20.8004 -16.3387 7.34676 38.6933 -7.76184 -14.9788 39.1409 0.000794213 0.845934 28.034 8.93389 19.6275 14.7737 14.8934 24.4316 -6.80401 21.4694 23.1328 -28.098 2.34272 2.69049 0.924247 -1.71881 0.178595 -1.01412 -0.267152 -1.58508 -0.244699 1.16847 -1.04798 -1.6171 -1.53855 -1.9221 -2.03221 -1.80045 -0.473579 -0.0612156 0.667795 1.4642 -0.489769 -0.200498 1.15933 1.04282 4.37422 2.87973
3.66392 10.1572 -6.01194 -18.0444 -3.9242 -10.5996 -17.6623 -14.8242 -23.9162 -4.94576 -18.7027 -32.7276 14.882 -12.7493 -31.2195 24.1284 -2.94024 -19.6897 15.9258 8.08192 2.47398 -2.2405 14.4448 10.5462 -21.918 15.8327 20.3275 -30.8322 1.70086 29.3693 -20.3863 -21.0067 32.1012 0.208612 -32.5878 33.9333 16.6402 -36.2363 23.4359 21.6573 -34.4966 5.39195 15.0153 -24.223 -15.3899 3.30249 -8.26083 -25.2952 -16.4593 -1.13536 -22.0031 -27.5672 -6.79611 -4.3646 -20.07 -2.30903 16.391 -15.7316 10.3498 31.382 -17.5826 -9.51578 44.5777 -7.33532 3.67004 32.1202 2.05355 22.7651 19.645 9.54842 32.8528 0.506918 18.6409 25.7226 -18.5939 2.23522 2.65932 0.975985 -1.57039 0.428298 -0.684827 0.108146 -1.24932 0.24687 1.91623 -0.115887 -0.625862 -0.548059 -0.907802 -0.852404 -0.398152 1.20156 1.87215 3.10033 1.26857 -3.73206 -3.4277 -1.88817 -2.08825 2.07489 0.656991
11.1799 0.35831 -8.36906 -12.9572 -8.77016 -13.3337 -13.4325 -13.7216 -29.8122 -0.524044 -13.1901 -39.1655 18.5566 -5.60899 -36.1124 27.3917 3.08019 -23.4204 18.3498 11.1597 -0.334622 -0.81275 15.8391 6.48888 -20.4665 16.45 16.3963 -27.6488 2.00321 26.4278 -15.0954 -19.4711 30.0995 6.05161 -29.3594 34.1804 23.1255 -33.0634 24.7855 27.5156 -31.5229 6.56093 18.0435 -20.3072 -12.5711 4.80141 -4.69518 -20.9982 -15.6743 0.712375 -19.0871 -26.1065 -8.96324 -2.8361 -12.7013 -11.8756 15.0235 -7.7271 1.97321 28.7079 -24.4438 6.17904 45.2935 -12.6421 5.25921 28.1493 -1.58285 21.3004 13.0245 7.29815 32.7492 -4.70275 19.2346 21.1845 -19.6064 2.42035 2.8854 1.26615 -1.18342 0.725403 -0.529066 0.15668 -1.33468 -0.034857 1.41164 -0.791433 -1.47564 -1.52092 -1.96974 -2.06514 -1.76035 -0.338764 0.108977 1.46957 -1.33497 -0.611482 -0.679722 0.786143 0.405829 3.9916 2.60512
7.75486 8.35771 -9.56832 -15.0136 -4.76336 -9.68229 -15.7811 -16.4087 -22.3347 -3.33397 -20.4161 -31.4673 16.4004 -14.0266 -30.699 25.822 -3.72998 -19.7508 17.7125 8.39551 1.86406 -0.4719 15.6298 9.12053 -20.4595 17.4143 18.1823 -29.3645 3.65888 27.7957 -18.4626 -18.5815 32.1236 2.26865 -29.8056 34.5451 18.3083 -34.0438 23.6699 21.8824 -32.3795 5.27861 13.032 -21.1459 -14.1385 0.810008 -4.77072 -22.658 -18.0624 3.39237 -17.2412 -26.749 -4.39486 0.937254 -17.1213 -16.4585 17.337 -11.8217 -17.1242 36.709 -18.0783 5.48216 41.3996 -9.8759 17.9562 26.8688 6.50018 28.1431 11.493 12.1914 33.6131 -9.99836 19.3898 21.5378 -27.3395 2.07571 2.47347 0.731392 -1.80987 0.151058 -1.01068 -0.251702 -1.64034 -0.257595 1.26198 -0.883776 -1.46489 -1.41929 -1.81427 -1.85689 -1.57189 -0.0907445 0.416002 1.58095 0.954614 0.0214332 0.280674 1.71084 1.44238 0.970462 0.0553103
4.32455 2.0413 -5.87963 -15.1169 -11.057 -17.7554 -10.116 -17.9629 -32.7081 4.6546 -18.252 -38.7199 22.9269 -10.414 -32.7575 28.6104 -0.0754197 -19.5114 15.7203 11.5457 -0.0487227 -2.93771 17.1137 7.47074 -22.5455 14.5163 17.1451 -30.3858 -1.02642 24.7533 -19.2251 -23.3849 27.5374 2.34034 -32.7832 30.4068 19.9888 -34.0394 21.437 26.0215 -30.5048 3.97571 17.9262 -18.7616 -15.4693 3.54031 -3.25323 -21.9989 -15.8803 2.00256 -15.1168 -24.8253 -8.20895 1.68408 -18.3707 -19.9633 19.7768 -17.3709 -16.8475 39.6035 -22.9309 5.53394 45.9578 -17.5884 22.2952 34.7975 -3.60541 35.8874 19.694 7.06421 40.419 -0.0499133 14.7214 23.7177 -12.7295 2.14131 2.43146 0.65981 -1.80515 0.372842 -0.66418 0.0488966 -1.30765 0.137123 1.7192 -0.416055 -1.09189 -1.18496 -1.65357 -1.65598 -1.36829 0.11898 0.615608 1.68822 -0.0785278 -1.1801 -0.930474 0.574325 0.259363 2.56406 0.972882
1.12528 -1.32692 -2.14446 -15.3997 -15.2105 -17.136 -11.222 -14.7709 -33.8285 1.68911 -7.87711 -40.167 16.9454 3.94546 -32.5294 20.8964 12.9863 -17.7882 7.95718 18.7649 4.10226 -10.8731 17.8556 13.0609 -29.0683 8.48845 21.1851 -33.8361 -9.34029 25.695 -19.3831 -29.908 26.24 3.27411 -36.4943 28.4552 21.2643 -35.2441 20.1912 27.8151 -28.8133 3.77422 18.4977 -14.7971 -13.4964 0.83914 -2.1577 -17.7999 -19.7764 -2.24012 -12.59 -29.5193 -14.9999 1.86071 -24.1477 -24.435 21.5912 -22.4651 -18.2068 40.6223 -26.7384 4.34595 47.3559 -22.9847 22.9123 38.6819 -11.0696 38.5164 23.7511 0.311092 40.0913 3.94726 8.66228 22.1331 -6.35372 1.44523 2.0313 0.546597 -1.55842 0.62387 -0.51677 0.117023 -1.2229 0.238466 1.83066 -0.309261 -1.06287 -1.28193 -1.86209 -1.83608 -1.46564 0.126856 0.693171 1.79182 -0.00618851 -1.12372 -0.884641 0.587504 0.316734 2.73729 1.61801
0.255101 -2.32947 -0.641924 -14.2994 -15.476 -18.1321 -11.6741 -9.56427 -34.0835 -2.1446 2.31273 -38.8295 9.16547 17.2623 -29.9156 11.9212 25.3707 -14.3813 0.246775 25.0025 8.93345 -17.0228 17.9724 18.3147 -33.0225 4.22565 24.6272 -35.6987 -14.5315 26.0211 -19.0886 -33.2142 23.3249 4.27434 -36.7739 25.0944 22.3951 -33.5029 17.7159 30.142 -27.8385 1.5392 23.2908 -15.966 -18.3014 7.63539 -0.945256 -22.7037 -9.8374 3.11732 -11.287 -16.2886 -7.58246 6.33289 -13.8294 -19.5157 25.2728 -19.1865 -16.5026 44.4047 -27.6878 5.19319 49.8125 -23.8323 23.3498 40.3515 -11.4441 38.5019 25.3403 0.0464172 39.8473 5.58299 7.04654 21.3663 -4.79964 1.00037 1.78291 0.508962 -1.25608 1.00079 -0.214884 0.349782 -0.996692 0.518825 2.2002 0.125562 -0.652377 -0.881564 -1.43237 -1.40966 -1.20944 0.176047 0.594639 1.44887 -0.559273 -1.73064 -1.48119 0.00849542 -0.284634 2.13626 1.43421
-1.4059 -2.88347 1.41753 -14.1546 -15.9277 -17.5008 -12.9432 -9.51574 -33.429 -4.5239 2.93957 -38.756 6.62214 18.2431 -30.2455 9.15802 26.4559 -14.7287 -2.15436 25.8494 8.75885 -18.3921 17.7938 19.1083 -33.457 3.10357 25.5932 -35.7466 -15.7329 26.5309 -18.9897 -34.1514 23.0415 4.52247 -36.8895 24.1842 22.475 -32.9657 16.7133 30.266 -27.544 0.474775 23.8158 -16.8653 -20.1626 9.30714 -0.802681 -24.8086 -4.48373 7.73101 -11.0561 -8.93301 2.45209 9.41106 -12.2845 -7.82381 29.1682 -26.0988 -8.71192 43.7347 -42.4736 8.24804 47.7913 -41.2447 28.3069 42.2989 -26.559 42.5439 28.5139 -12.0834 39.3111 11.0726 -0.313093 22.022 3.26809 0.933629 1.76385 0.567969 -1.14078 1.12816 -0.0751043 0.484156 -0.859443 0.670569 2.39267 0.36128 -0.394744 -0.599649 -1.10521 -1.07062 -1.00572 0.22008 0.52544 1.05265 -1.35004 -2.55469 -2.17251 -0.577635 -0.662186 1.89983 0.986526
0.796583 -2.95973 4.3575 4.12621 -13.2128 -19.6084 7.30202 -3.37128 -33.3689 10.3613 11.9036 -36.7918 12.374 30.3741 -27.5371 10.3008 37.2843 -11.3323 -0.880211 28.2861 10.4396 -17.1485 17.4441 17.7508 -32.7337 3.40426 24.4431 -34.716 -15.3846 26.4378 -17.6956 -33.5957 23.14 5.72106 -37.1274 24.0412 23.7523 -34.0437 16.3687 31.676 -28.6287 0.192279 25.3264 -17.1581 -20.0476 10.4205 -1.39237 -24.4461 -4.04943 6.80844 -11.198 -9.30564 2.62233 9.33041 -14.2003 -5.91994 29.5848 -29.1184 -6.40382 43.0395 -46.4411 9.65539 46.8151 -46.306 30.1421 43.0321 -31.8863 44.8701 29.4846 -18.0751 39.1381 12.1473 -6.38194 20.844 6.95529 0.602352 1.12274 0.00622859 -1.34602 1.14682 -0.0508625 0.454184 -0.953318 0.554759 2.24391 0.203234 -0.534308 -0.734556 -1.25859 -1.22813 -1.1423 0.0989048 0.410615 0.910305 -1.5439 -2.7419 -2.33844 -0.774523 -0.850576 1.72809 0.599
8.58896 -8.32344 -0.304052 22.3092 -12.0147 -22.4107 25.9783 -0.244484 -34.423 25.0697 15.1892 -38.3437 18.4114 33.6099 -31.4736 10.3427 39.5606 -16.8405 -1.19441 28.4499 3.73724 -16.1623 17.1139 12.8538 -29.5492 3.54088 23.8705 -30.7433 -14.9339 28.135 -15.252 -34.3305 24.1347 7.8156 -39.7141 23.4074 25.5413 -37.4638 14.7912 33.313 -31.5037 -1.26692 27.6191 -17.7334 -20.2274 13.13 -1.27486 -23.2734 -2.27581 5.71872 -10.3933 -9.15915 0.142255 9.30671 -14.5985 -8.70889 29.2878 -29.1342 -7.78402 43.1321 -44.5255 10.2956 46.0419 -42.0648 29.9512 39.5891 -26.858 40.8009 23.4828 -15.7473 31.5675 5.72091 -5.54398 12.2442 1.15318 -0.30165 -0.0338473 -1.10147 -2.20061 0.589854 -0.451666 0.0303371 -1.44776 -0.0302011 1.61693 -0.394582 -1.0782 -1.26649 -1.84679 -1.87947 -1.77576 -0.478104 -0.142374 0.394768 -1.9987 -3.20963 -2.88718 -1.40119 -1.51796 1.02868 0.390476
11.2235 -9.93046 -1.87048 26.1525 -12.3382 -23.3625 29.114 -1.01582 -35.985 26.8678 13.8095 -41.4223 18.1516 32.1725 -37.2173 8.54787 39.5564 -24.26 -3.40294 30.7653 -2.81502 -14.9941 17.1105 7.90173 -22.185 2.30793 22.5297 -18.5807 -14.7674 30.0379 -4.32831 -35.0857 26.0063 16.1719 -45.0751 19.5579 32.2344 -46.0693 7.95981 41.993 -38.6524 -6.30715 41.1054 -18.4148 -19.3912 25.0756 -3.1495 -19.7166 6.27908 -0.622552 -10.1011 -5.5093 -4.49941 7.57864 -14.5916 -8.81771 27.729 -29.1941 -6.18167 41.2801 -44.3034 12.0494 44.6814 -42.101 31.2893 36.9995 -27.0476 39.8121 19.4174 -15.7401 28.3956 3.10803 -4.62012 9.34222 -0.309046 -2.41958 -2.15717 -3.16446 -4.16541 -1.28326 -2.2888 -1.80986 -3.34559 -2.09563 -0.572501 -2.54626 -3.04842 -3.22163 -4.05223 -4.21889 -3.99165 -2.57615 -2.21309 -1.65282 -4.02477 -5.26203 -4.99799 -3.50109 -3.58864 -1.04524 0.360355
12.4327 -10.7548 -3.02216 25.0441 -13.821 -25.8724 27.2025 -3.30886 -39.3309 24.9561 11.0732 -45.8508 16.6705 30.0071 -43.9247 6.64415 39.7683 -33.0234 -6.17158 35.0096 -10.8173 -12.6131 19.8795 2.03759 -14.2572 3.0542 16.1449 -10.257 -12.613 26.1187 -2.3206 -36.4336 27.4638 11.3096 -52.4597 16.5547 24.5432 -55.8869 2.17988 34.7725 -47.9711 -11.4761 36.6105 -25.6551 -20.4292 24.2187 -7.50697 -17.7491 6.85658 -0.508471 -7.66294 -5.94734 -2.28596 9.64224 -15.9182 -6.48018 29.3948 -30.8103 -2.9941 42.4288 -46.3327 15.1544 43.8152 -45.4361 33.1039 33.2774 -30.6347 39.0806 14.4739 -17.0774 25.8594 1.60564 -3.65954 8.05414 0.464753 -6.7517 -6.40697 -7.37315 -8.34482 -5.43262 -6.42754 -5.97296 -7.52368 -6.30492 -4.77675 -6.6375 -6.92674 -7.03905 -7.98643 -8.3618 -8.27363 -6.90576 -6.54826 -5.98331 -8.38664 -9.74775 -9.57497 -8.00734 -8.02712 -5.46958 0.332877
16.0728 -12.6236 -5.85694 30.3336 -13.0958 -27.9249 32.1768 -2.33179 -41.2303 28.6975 11.5978 -48.1773 18.4918 29.6654 -47.6661 7.19904 39.6507 -38.3164 -6.34585 37.7708 -16.1128 -12.5162 24.9704 -0.824203 -17.3736 8.24926 12.6525 -19.2781 -8.60491 21.2113 -15.829 -33.2513 24.8003 0.166637 -49.0134 17.2294 16.4708 -49.6983 5.95047 28.7745 -41.7832 -5.87156 33.299 -22.3088 -19.3556 20.3965 -4.41844 -21.2394 3.53219 0.808436 -9.38924 -6.50099 -2.80304 9.39548 -17.0127 -6.42318 28.9805 -31.9375 -1.06428 41.3235 -46.6375 17.8075 41.3447 -46.0966 33.9622 28.2006 -31.3967 35.674 8.4685 -16.7479 20.5518 -0.527578 -2.16378 3.65009 -0.613747 -11.1957 -10.9001 -11.8398 -12.7432 -9.76212 -10.7363 -10.3108 -11.867 -10.5839 -8.98455 -10.8712 -11.2986 -11.534 -12.4665 -12.7077 -12.5768 -11.223 -10.8673 -10.2909 -12.6875 -14.1319 -14.0694 -12.4798 -12.4746 -9.93765 0.210023
18.0099 -13.4935 -7.4422 31.9164 -13.216 -29.7384 33.5467 -2.27793 -42.9292 29.6329 11.7229 -49.4909 18.8031 29.3859 -48.2288 7.09449 38.7392 -38.7381 -7.15537 36.5531 -17.0087 -13.1656 24.0287 -1.43046 -15.777 7.09899 12.4035 -13.4615 -9.56521 21.2288 -2.80859 -31.8618 25.877 15.8455 -45.8827 21.7459 31.4741 -48.4307 9.79749 39.7905 -41.2116 -5.45076 35.9324 -21.785 -19.2081 20.6767 -5.79884 -17.8655 3.99748 -0.658102 -5.71923 -8.12202 -3.55165 11.925 -20.0826 -5.73875 30.8812 -34.5229 1.95142 42.5498 -47.9711 21.5869 40.1352 -47.4162 34.8879 24.11 -32.6858 32.447 4.47752 -16.405 17.2797 -0.915784 -0.620517 1.50996 -0.182225 -16.1272 -15.8323 -16.7704 -17.6692 -14.6763 -15.6322 -15.2065 -16.7818 -15.5437 -14.0399 -16.0761 -16.5508 -16.6772 -17.4248 -17.6016 -17.4924 -16.1354 -15.783 -15.1942 -17.5788 -19.1144 -19.1659 -17.5527 -17.5237 -15.0002 0.0756805
18.8777 -13.2293 -8.58887 32.4664 -13.0373 -31.0812 34.1337 -1.42752 -43.6799 30.0222 13.2854 -48.2649 19.196 30.1367 -42.8165 8.058 37.0508 -30.867 -6.45743 32.0143 -9.79699 -14.6127 19.4938 4.77683 -17.7523 2.26007 18.1168 -15.1546 -14.9622 25.7055 -4.58838 -37.7404 27.0234 12.375 -52.3114 19.1774 27.2571 -54.4164 6.2312 36.3744 -45.8361 -7.80595 34.5052 -24.5036 -18.8952 20.3303 -7.80454 -15.6849 4.03476 -2.62381 -3.04474 -9.35601 -4.83834 13.7588 -23.05 -5.26927 31.6324 -37.1705 3.96617 42.5473 -49.4274 24.2492 39.2907 -48.1761 36.0515 22.1684 -32.9028 31.2872 3.39597 -15.6182 16.7347 -0.300981 0.61811 1.42045 0.17908 -22.422 -22.1329 -23.1029 -24.0558 -21.1057 -22.0572 -21.5963 -23.1499 -21.9009 -20.3704 -22.3318 -22.7395 -22.8898 -23.7525 -24.0457 -23.9841 -22.6279 -22.2808 -21.6976 -24.0604 -25.6051 -25.6887 -24.0565 -24.0165 -21.4945 -0.105034
16.3249 -8.55043 -10.327 31.8081 -10.612 -31.4604 35.3934 -0.367949 -44.8208 31.6935 13.9192 -50.8694 19.5951 30.2507 -46.6544 7.67544 36.6877 -35.2028 -6.22732 32.4749 -13.5469 -12.7458 20.8433 2.51183 -15.1749 3.2953 15.5879 -12.7442 -13.9417 23.1985 -2.4771 -36.6558 26.4981 13.7496 -52.5682 19.7808 28.3691 -55.4673 6.68984 36.7723 -46.4469 -7.516 33.2683 -24.8114 -17.5741 18.855 -8.56426 -13.286 2.79282 -3.83427 -0.179029 -10.934 -5.06652 16.4533 -25.8412 -4.9783 33.3337 -40.6764 3.36454 44.0171 -52.6476 24.0372 42.7651 -48.8979 38.6714 28.4189 -31.8262 37.4212 10.6601 -15.3924 23.6485 2.63225 -0.712772 7.25103 -1.11057 -29.2979 -29.0466 -30.0203 -30.9353 -27.9441 -28.8978 -28.4809 -30.064 -28.8241 -27.3117 -29.2974 -29.704 -29.8477 -30.7106 -31.0231 -30.9852 -29.6437 -29.3098 -28.7643 -31.1348 -32.5435 -32.4466 -30.8017 -30.7929 -28.2438 0.0348647
