-3.142010000000000081e-01 3.968939999999999912e+01 2.546509999999999962e+01 -6.200389999999999624e+00 3.032049999999999912e+01 1.628579999999999917e+00 -1.062729999999999997e+01 1.387219999999999942e+01 -8.522220000000000351e-01 -1.864519999999999911e+01 8.025420000000000442e+00 -1.333929999999999971e+01 -1.000680000000000014e+01 -8.749729999999999563e+00 -2.198979999999999890e+01 -1.327350000000000030e+01 -2.616440000000000055e+01 -2.114829999999999899e+01 6.931280000000000108e+00 -4.261079999999999757e+01 -2.228450000000000131e+01 2.221310000000000073e+01 -4.171849999999999881e+01 -8.095280000000000697e+00 3.435349999999999682e+01 -3.722030000000000172e+01 9.714470000000000383e+00 3.617909999999999826e+01 -2.214750000000000085e+01 2.113459999999999894e+01 2.213769999999999882e+01 -3.123409999999999798e+00 1.258200000000000074e+01 -1.245009999999999950e+00 6.033610000000000362e-01 1.357740000000000080e+01 -3.101869999999999905e+00 -3.168829999999999814e+00 -5.808980000000000032e+00 -1.130129999999999946e+01 -4.566740000000000244e+00 -2.267920000000000158e+01 -2.753150000000000119e+01 -5.698400000000000354e+00 -4.047939999999999827e+01 -3.894930000000000092e+01 1.313620000000000054e+01 -3.824499999999999744e+01 -3.967949999999999733e+01 2.741489999999999938e+01 -2.250509999999999877e+01 -2.534819999999999851e+01 3.298879999999999768e+01 -7.335420000000000051e+00 -1.868459999999999965e+01 1.181680000000000064e+01 -3.525059999999999860e+00 -4.179519999999999902e-01 6.343390000000000306e+00 2.814589999999999925e+00 1.332629999999999981e+01 -1.266890000000000072e+01 -1.862440000000000095e+00 1.556700000000000017e+01 -9.959659999999999513e+00 1.867239999999999966e+01 3.235779999999999745e+01 -8.142189999999999372e+00 3.664880000000000138e+01 2.261199999999999832e+01 1.097349999999999959e+01 4.463709999999999667e+01 1.900519999999999854e+01 3.241179999999999950e+01 3.956139999999999901e+01 0.000000000000000000e+00 0.000000000000000000e+00 0.000000000000000000e+00 0.000000000000000000e+00 0.000000000000000000e+00 0.000000000000000000e+00 0.000000000000000000e+00 0.000000000000000000e+00 0.000000000000000000e+00 0.000000000000000000e+00 0.000000000000000000e+00 0.000000000000000000e+00 0.000000000000000000e+00 0.000000000000000000e+00 0.000000000000000000e+00 0.000000000000000000e+00 0.000000000000000000e+00 0.000000000000000000e+00 0.000000000000000000e+00 0.000000000000000000e+00 0.000000000000000000e+00 0.000000000000000000e+00 0.000000000000000000e+00 0.000000000000000000e+00 0.000000000000000000e+00 0.000000000000000000e+00
-9.725060000000000648e-03 3.715209999999999724e+01 2.149690000000000012e+01 -2.992760000000000087e+00 2.750740000000000052e+01 -2.948119999999999852e+00 -2.007069999999999865e+01 1.422349999999999959e+01 -3.834169999999999856e+00 -2.172560000000000002e+01 1.131959999999999944e+01 -2.178480000000000061e+01 -1.235660000000000025e+01 -7.518550000000000288e+00 -2.570510000000000161e+01 -1.514910000000000068e+01 -2.480199999999999960e+01 -2.030709999999999837e+01 5.448959999999999582e+00 -4.101700000000000301e+01 -1.779909999999999926e+01 1.811479999999999890e+01 -4.001059999999999661e+01 -7.997130000000000072e-01 2.814049999999999940e+01 -3.293350000000000222e+01 1.780020000000000024e+01 3.578029999999999688e+01 -1.270139999999999958e+01 2.148150000000000048e+01 1.435749999999999993e+01 1.193189999999999973e+00 1.363729999999999976e+01 -1.107920000000000016e+01 -6.750020000000000131e+00 1.007429999999999914e+01 -6.313290000000000290e+00 -5.064079999999999693e+00 -1.100849999999999973e+01 -1.073959999999999937e+01 -8.663790000000000546e+00 -2.953020000000000067e+01 -2.258170000000000144e+01 -3.137140000000000040e+00 -5.175460000000000349e+01 -4.056110000000000326e+01 1.053500000000000014e+01 -3.953399999999999892e+01 -4.390449999999999875e+01 1.780330000000000013e+01 -1.755559999999999832e+01 -2.675570000000000093e+01 2.641959999999999908e+01 -6.165659999999999918e+00 -1.971369999999999933e+01 5.967139999999999667e+00 9.807360000000000522e-01 -3.056429999999999980e-01 1.567309999999999981e+00 4.958619999999999806e+00 1.616140000000000043e+01 -1.402730000000000032e+01 -5.610019999999999563e+00 1.673770000000000024e+01 -1.834979999999999833e+01 1.603409999999999869e+01 3.247579999999999956e+01 -1.186379999999999946e+01 3.452159999999999940e+01 1.758089999999999975e+01 4.926529999999999632e+00 4.179240000000000066e+01 1.537420000000000009e+01 2.729619999999999891e+01 3.965579999999999927e+01 0.000000000000000000e+00 0.000000000000000000e+00 0.000000000000000000e+00 0.000000000000000000e+00 0.000000000000000000e+00 0.000000000000000000e+00 0.000000000000000000e+00 0.000000000000000000e+00 0.000000000000000000e+00 0.000000000000000000e+00 0.000000000000000000e+00 0.000000000000000000e+00 0.000000000000000000e+00 0.000000000000000000e+00 0.000000000000000000e+00 0.000000000000000000e+00 0.000000000000000000e+00 0.000000000000000000e+00 0.000000000000000000e+00 0.000000000000000000e+00 0.000000000000000000e+00 0.000000000000000000e+00 0.000000000000000000e+00 0.000000000000000000e+00 0.000000000000000000e+00 0.000000000000000000e+00
2.773140000000000160e+00 1.544599999999999973e+01 -1.521340000000000003e+01 -1.681070000000000064e+01 2.056099999999999994e+01 -5.096759999999999735e+00 -2.647729999999999961e+01 7.614390000000000214e+00 2.035519999999999996e+00 -2.535829999999999984e+01 -8.443559999999999732e+00 5.124649999999999928e+00 -1.943580000000000041e+01 -2.018969999999999843e+01 -7.483120000000000438e+00 -4.289229999999999876e+00 -3.046089999999999876e+01 -7.859230000000000160e+00 1.130359999999999943e+01 -2.658020000000000138e+01 8.166330000000000311e+00 2.435030000000000072e+01 -1.195379999999999932e+01 -4.850439999999999863e+00 3.030409999999999826e+01 6.832489999999999952e+00 4.733080000000000176e+00 2.478440000000000154e+01 1.928130000000000166e+01 1.773130000000000095e+01 2.050740000000000052e+01 1.228839999999999932e+01 3.287310000000000088e+01 6.796630000000000393e+00 -1.556789999999999896e+00 3.847279999999999944e+01 1.224160000000000004e+01 -1.783360000000000056e+01 2.366199999999999903e+01 -1.796010000000000106e-01 -2.239999999999999858e+01 1.252940000000000076e+01 -1.521959999999999980e+01 -1.408559999999999945e+01 5.475679999999999659e+00 -1.521649999999999991e+01 -8.631219999999999448e-01 -4.876369999999999649e+00 -2.990549999999999997e+01 1.126820000000000022e+01 -2.396770000000000067e+00 -2.116989999999999839e+01 2.242399999999999949e+01 1.433399999999999963e+01 -8.629949999999999122e+00 9.970959999999999823e+00 2.299269999999999925e+01 4.071089999999999876e+00 -5.344610000000000305e+00 2.042729999999999890e+01 2.149040000000000106e+01 -3.609609999999999985e+00 2.816580000000000084e+01 3.569680000000000319e+01 9.002480000000000260e+00 2.368220000000000169e+01 4.019140000000000157e+01 5.356239999999999668e+00 1.548149999999999915e+00 2.847700000000000031e+01 3.149670000000000059e+01 2.814060000000000006e+00 1.568309999999999960e+01 2.790619999999999834e+01 -1.073850000000000016e+01 0.000000000000000000e+00 0.000000000000000000e+00 0.000000000000000000e+00 0.000000000000000000e+00 0.000000000000000000e+00 0.000000000000000000e+00 0.000000000000000000e+00 0.000000000000000000e+00 0.000000000000000000e+00 0.000000000000000000e+00 0.000000000000000000e+00 0.000000000000000000e+00 0.000000000000000000e+00 0.000000000000000000e+00 0.000000000000000000e+00 0.000000000000000000e+00 0.000000000000000000e+00 0.000000000000000000e+00 0.000000000000000000e+00 0.000000000000000000e+00 0.000000000000000000e+00 0.000000000000000000e+00 0.000000000000000000e+00 0.000000000000000000e+00 0.000000000000000000e+00 0.000000000000000000e+00
-1.248909999999999965e+00 2.023829999999999885e+01 -1.329229999999999912e+01 -1.651879999999999882e+01 1.527190000000000047e+01 -1.800280000000000102e+00 -2.594359999999999999e+01 2.332479999999999887e+00 -2.118640000000000079e+00 -2.441600000000000037e+01 -1.352929999999999922e+01 -2.781620000000000203e+00 -1.334639999999999915e+01 -2.266390000000000171e+01 -1.165779999999999994e+01 2.553879999999999928e+00 -2.635610000000000142e+01 -8.332599999999999341e+00 1.718860000000000099e+01 -1.729429999999999978e+01 -5.912420000000000009e+00 2.461489999999999867e+01 -2.167139999999999844e+00 -3.673059999999999992e+00 3.378490000000000038e+01 4.243339999999999890e+00 9.651220000000000354e+00 3.116100000000000136e+01 1.038419999999999987e+01 2.556169999999999831e+01 2.184639999999999915e+01 3.801550000000000207e+00 3.675160000000000338e+01 5.441849999999999632e+00 -4.172310000000000407e+00 3.631649999999999778e+01 9.276650000000000063e+00 -2.227870000000000061e+01 2.363009999999999877e+01 -2.815409999999999968e+00 -2.629050000000000153e+01 1.196560000000000024e+01 -1.681680000000000064e+01 -1.720360000000000156e+01 3.970990000000000020e+00 -1.563990000000000080e+01 -3.175940000000000207e+00 -4.961940000000000239e+00 -3.032710000000000150e+01 9.024300000000000210e+00 -2.872119999999999784e+00 -1.990500000000000114e+01 2.362109999999999843e+01 6.968020000000000103e+00 -9.321759999999999380e+00 1.626599999999999824e+01 2.006929999999999836e+01 -2.282270000000000132e-01 2.142090000000000050e+00 2.594780000000000086e+01 1.777060000000000173e+01 2.718409999999999993e+00 3.209899999999999665e+01 3.261959999999999837e+01 8.394690000000000651e+00 2.395349999999999824e+01 3.110539999999999949e+01 1.090819999999999901e+00 3.577020000000000088e+00 2.873750000000000071e+01 2.733810000000000073e+01 -2.316300000000000026e-01 1.335399999999999920e+01 2.858459999999999823e+01 -7.231060000000000265e+00 0.000000000000000000e+00 0.000000000000000000e+00 0.000000000000000000e+00 0.000000000000000000e+00 0.000000000000000000e+00 0.000000000000000000e+00 0.000000000000000000e+00 0.000000000000000000e+00 0.000000000000000000e+00 0.000000000000000000e+00 0.000000000000000000e+00 0.000000000000000000e+00 0.000000000000000000e+00 0.000000000000000000e+00 0.000000000000000000e+00 0.000000000000000000e+00 0.000000000000000000e+00 0.000000000000000000e+00 0.000000000000000000e+00 0.000000000000000000e+00 0.000000000000000000e+00 0.000000000000000000e+00 0.000000000000000000e+00 0.000000000000000000e+00 0.000000000000000000e+00 0.000000000000000000e+00
-1.693810000000000038e+00 1.725600000000000023e+01 -1.412570000000000014e+01 -1.630450000000000088e+01 1.318650000000000055e+01 -1.575479999999999992e+00 -2.660719999999999885e+01 1.004210000000000047e+00 -1.283260000000000067e+00 -2.625029999999999930e+01 -1.489080000000000048e+01 -1.628560000000000008e+00 -1.446189999999999998e+01 -2.504299999999999926e+01 -5.121669999999999945e+00 1.695940000000000003e+00 -2.564959999999999951e+01 -2.771059999999999857e+00 1.463760000000000083e+01 -1.506189999999999962e+01 -4.247889999999999944e+00 2.298949999999999960e+01 -6.191609999999999614e-01 -1.282170000000000032e+00 3.207900000000000063e+01 4.718490000000000073e+00 1.251030000000000086e+01 3.162389999999999901e+01 5.228030000000000399e+00 2.865950000000000131e+01 2.113929999999999865e+01 -9.149810000000000443e-01 3.891689999999999827e+01 4.095830000000000304e+00 -6.671800000000000175e+00 3.731340000000000146e+01 6.391390000000000349e+00 -2.385180000000000078e+01 2.324470000000000169e+01 -2.420799999999999841e+00 -2.381520000000000081e+01 9.489670000000000272e+00 -1.767999999999999972e+01 -1.757160000000000011e+01 1.679370000000000029e+00 -1.930399999999999849e+01 -3.633300000000000196e+00 -6.867049999999999876e+00 -3.280340000000000344e+01 8.148099999999999454e+00 -1.125240000000000018e+00 -2.059149999999999991e+01 2.177179999999999893e+01 7.745260000000000034e+00 -1.232949999999999946e+01 1.495379999999999932e+01 2.240459999999999852e+01 -1.564289999999999958e+00 3.428479999999999972e+00 2.988169999999999860e+01 1.399399999999999977e+01 -1.918379999999999974e+00 2.898750000000000071e+01 2.985000000000000142e+01 2.638910000000000089e+00 2.252329999999999899e+01 2.984669999999999845e+01 -4.242119999999999891e+00 2.004799999999999915e+00 2.877100000000000080e+01 2.211530000000000129e+01 -1.353769999999999918e+00 1.389540000000000042e+01 2.413779999999999859e+01 -9.123599999999999710e+00 0.000000000000000000e+00 0.000000000000000000e+00 0.000000000000000000e+00 0.000000000000000000e+00 0.000000000000000000e+00 0.000000000000000000e+00 0.000000000000000000e+00 0.000000000000000000e+00 0.000000000000000000e+00 0.000000000000000000e+00 0.000000000000000000e+00 0.000000000000000000e+00 0.000000000000000000e+00 0.000000000000000000e+00 0.000000000000000000e+00 0.000000000000000000e+00 0.000000000000000000e+00 0.000000000000000000e+00 0.000000000000000000e+00 0.000000000000000000e+00 0.000000000000000000e+00 0.000000000000000000e+00 0.000000000000000000e+00 0.000000000000000000e+00 0.000000000000000000e+00 0.000000000000000000e+00
9.518699999999999939e-01 2.110719999999999885e+01 -1.040959999999999930e+01 -1.393510000000000026e+01 1.546289999999999942e+01 -9.270189999999999486e+00 -2.375420000000000087e+01 3.056309999999999860e+00 -7.714050000000000296e+00 -2.363879999999999981e+01 -1.269749999999999979e+01 -9.397259999999999280e+00 -1.180400000000000027e+01 -2.306729999999999947e+01 -1.163770000000000060e+01 4.054829999999999934e+00 -2.330590000000000117e+01 -1.295470000000000077e+01 1.797490000000000165e+01 -1.603290000000000148e+01 -1.037139999999999951e+01 2.725230000000000175e+01 -5.429350000000000342e+00 -3.030089999999999950e+00 3.052779999999999916e+01 3.709600000000000009e+00 9.510799999999999699e+00 2.732710000000000150e+01 5.518159999999999954e+00 2.493809999999999860e+01 1.784290000000000020e+01 -2.118959999999999955e+00 3.500439999999999685e+01 7.176239999999999952e+00 -1.376919999999999966e+01 3.425430000000000064e+01 -2.586079999999999934e+00 -2.205180000000000007e+01 2.488260000000000005e+01 -9.485179999999999723e+00 -2.494320000000000093e+01 1.079180000000000028e+01 -1.773860000000000170e+01 -1.999080000000000013e+01 -2.027769999999999850e+00 -2.301229999999999976e+01 -7.060649999999999871e+00 -9.772190000000000154e+00 -2.672289999999999921e+01 7.632080000000000197e+00 -5.563629999999999853e+00 -2.524780000000000157e+01 1.601129999999999853e+01 7.785379999999999967e+00 -1.605780000000000030e+01 1.763040000000000163e+01 2.073079999999999856e+01 -4.004839999999999733e+00 1.272409999999999997e+01 3.003079999999999927e+01 1.028020000000000067e+01 5.870370000000000310e+00 3.242289999999999850e+01 2.473239999999999839e+01 2.810259999999999980e+00 2.646580000000000155e+01 3.279039999999999822e+01 5.971320000000000405e+00 1.328270000000000017e+01 2.903869999999999862e+01 1.364700000000000024e+01 -6.592850000000000099e-02 1.667610000000000170e+01 2.058020000000000138e+01 -7.431119999999999948e+00 0.000000000000000000e+00 0.000000000000000000e+00 0.000000000000000000e+00 0.000000000000000000e+00 0.000000000000000000e+00 0.000000000000000000e+00 0.000000000000000000e+00 0.000000000000000000e+00 0.000000000000000000e+00 0.000000000000000000e+00 0.000000000000000000e+00 0.000000000000000000e+00 0.000000000000000000e+00 0.000000000000000000e+00 0.000000000000000000e+00 0.000000000000000000e+00 0.000000000000000000e+00 0.000000000000000000e+00 0.000000000000000000e+00 0.000000000000000000e+00 0.000000000000000000e+00 0.000000000000000000e+00 0.000000000000000000e+00 0.000000000000000000e+00 0.000000000000000000e+00 0.000000000000000000e+00
7.369299999999999740e-01 2.094409999999999883e+01 -1.008189999999999920e+01 -1.420819999999999972e+01 1.544589999999999996e+01 -9.003740000000000521e+00 -2.415759999999999863e+01 3.128950000000000120e+00 -7.583649999999999558e+00 -2.404729999999999990e+01 -1.266339999999999932e+01 -8.740899999999999892e+00 -1.237199999999999989e+01 -2.306530000000000058e+01 -1.152979999999999983e+01 3.485430000000000028e+00 -2.349299999999999855e+01 -1.280020000000000024e+01 1.747060000000000102e+01 -1.629299999999999926e+01 -1.037620000000000076e+01 2.690980000000000061e+01 -5.808250000000000135e+00 -3.073269999999999946e+00 3.040319999999999823e+01 3.211640000000000050e+00 9.492520000000000735e+00 2.704589999999999961e+01 5.232770000000000366e+00 2.485770000000000124e+01 1.769279999999999831e+01 -2.449450000000000127e+00 3.501059999999999661e+01 6.736799999999999677e+00 -1.382349999999999923e+01 3.429990000000000094e+01 -2.643050000000000122e+00 -2.247609999999999886e+01 2.488729999999999976e+01 -1.033399999999999963e+01 -2.509990000000000165e+01 1.118979999999999997e+01 -1.727619999999999933e+01 -2.005320000000000036e+01 -2.270649999999999835e+00 -2.373239999999999839e+01 -7.583800000000000097e+00 -9.762750000000000483e+00 -2.733269999999999911e+01 7.183580000000000076e+00 -5.728959999999999830e+00 -2.466450000000000031e+01 1.611299999999999955e+01 6.983150000000000190e+00 -1.647040000000000148e+01 1.693090000000000117e+01 2.057700000000000173e+01 -4.417449999999999655e+00 1.231719999999999970e+01 3.002009999999999934e+01 1.012969999999999970e+01 6.142850000000000144e+00 3.256239999999999668e+01 2.442539999999999978e+01 2.727370000000000072e+00 2.643819999999999837e+01 3.266830000000000211e+01 6.198959999999999582e+00 1.345560000000000045e+01 2.898150000000000048e+01 1.381409999999999982e+01 5.469550000000000106e-02 1.652850000000000108e+01 1.986840000000000117e+01 -7.841960000000000264e+00 0.000000000000000000e+00 0.000000000000000000e+00 0.000000000000000000e+00 0.000000000000000000e+00 0.000000000000000000e+00 0.000000000000000000e+00 0.000000000000000000e+00 0.000000000000000000e+00 0.000000000000000000e+00 0.000000000000000000e+00 0.000000000000000000e+00 0.000000000000000000e+00 0.000000000000000000e+00 0.000000000000000000e+00 0.000000000000000000e+00 0.000000000000000000e+00 0.000000000000000000e+00 0.000000000000000000e+00 0.000000000000000000e+00 0.000000000000000000e+00 0.000000000000000000e+00 0.000000000000000000e+00 0.000000000000000000e+00 0.000000000000000000e+00 0.000000000000000000e+00 0.000000000000000000e+00
-4.112190000000000012e+00 2.277700000000000102e+01 -1.464850000000000030e+01 -1.833139999999999858e+01 1.592740000000000045e+01 -1.294490000000000052e+01 -2.707610000000000028e+01 2.779430000000000067e+00 -1.189850000000000030e+01 -2.587089999999999890e+01 -1.269229999999999947e+01 -1.447119999999999962e+01 -1.382080000000000020e+01 -2.168319999999999936e+01 -1.904599999999999937e+01 1.731000000000000094e+00 -2.057900000000000063e+01 -2.154260000000000019e+01 1.519009999999999927e+01 -1.240429999999999922e+01 -1.956709999999999994e+01 2.435719999999999885e+01 -1.771910000000000096e+00 -1.213979999999999926e+01 2.824810000000000088e+01 6.480279999999999596e+00 7.961500000000000243e-01 2.616939999999999955e+01 7.002130000000000187e+00 1.638200000000000145e+01 1.844729999999999848e+01 -2.186659999999999826e+00 2.641049999999999898e+01 8.446519999999999584e+00 -1.433370000000000033e+01 2.551760000000000161e+01 -9.915720000000000089e-01 -2.299409999999999954e+01 1.617099999999999937e+01 -9.609140000000000015e+00 -2.523270000000000124e+01 3.014909999999999979e+00 -1.805030000000000001e+01 -1.985960000000000036e+01 -9.273049999999999571e+00 -2.603879999999999839e+01 -7.578249999999999709e+00 -1.504480000000000040e+01 -3.034750000000000014e+01 6.349700000000000344e+00 -9.463139999999999219e+00 -2.725000000000000000e+01 1.442719999999999914e+01 3.671650000000000080e+00 -1.800840000000000174e+01 1.493859999999999921e+01 1.652459999999999951e+01 -4.923589999999999911e+00 1.075839999999999996e+01 2.450219999999999843e+01 1.011689999999999934e+01 5.788940000000000197e+00 2.534619999999999962e+01 2.391870000000000118e+01 4.175709999999999589e+00 1.791369999999999862e+01 3.061139999999999972e+01 9.328319999999999723e+00 4.800360000000000404e+00 2.518969999999999843e+01 1.752260000000000062e+01 -7.444890000000000008e+00 1.174039999999999928e+01 2.296950000000000003e+01 -1.373770000000000024e+01 0.000000000000000000e+00 0.000000000000000000e+00 0.000000000000000000e+00 0.000000000000000000e+00 0.000000000000000000e+00 0.000000000000000000e+00 0.000000000000000000e+00 0.000000000000000000e+00 0.000000000000000000e+00 0.000000000000000000e+00 0.000000000000000000e+00 0.000000000000000000e+00 0.000000000000000000e+00 0.000000000000000000e+00 0.000000000000000000e+00 0.000000000000000000e+00 0.000000000000000000e+00 0.000000000000000000e+00 0.000000000000000000e+00 0.000000000000000000e+00 0.000000000000000000e+00 0.000000000000000000e+00 0.000000000000000000e+00 0.000000000000000000e+00 0.000000000000000000e+00 0.000000000000000000e+00
-4.112190000000000012e+00 2.277700000000000102e+01 -1.464850000000000030e+01 -1.833139999999999858e+01 1.592740000000000045e+01 -1.294490000000000052e+01 -2.707610000000000028e+01 2.779430000000000067e+00 -1.189850000000000030e+01 -2.587089999999999890e+01 -1.269229999999999947e+01 -1.447119999999999962e+01 -1.382080000000000020e+01 -2.168319999999999936e+01 -1.904599999999999937e+01 1.731000000000000094e+00 -2.057900000000000063e+01 -2.154260000000000019e+01 1.519009999999999927e+01 -1.240429999999999922e+01 -1.956709999999999994e+01 2.435719999999999885e+01 -1.771910000000000096e+00 -1.213979999999999926e+01 2.824810000000000088e+01 6.480279999999999596e+00 7.961500000000000243e-01 2.616939999999999955e+01 7.002130000000000187e+00 1.638200000000000145e+01 1.844729999999999848e+01 -2.186659999999999826e+00 2.641049999999999898e+01 8.446519999999999584e+00 -1.433370000000000033e+01 2.551760000000000161e+01 -9.915720000000000089e-01 -2.299409999999999954e+01 1.617099999999999937e+01 -9.609140000000000015e+00 -2.523270000000000124e+01 3.014909999999999979e+00 -1.805030000000000001e+01 -1.985960000000000036e+01 -9.273049999999999571e+00 -2.603879999999999839e+01 -7.578249999999999709e+00 -1.504480000000000040e+01 -3.034750000000000014e+01 6.349700000000000344e+00 -9.463139999999999219e+00 -2.725000000000000000e+01 1.442719999999999914e+01 3.671650000000000080e+00 -1.800840000000000174e+01 1.493859999999999921e+01 1.652459999999999951e+01 -4.923589999999999911e+00 1.075839999999999996e+01 2.450219999999999843e+01 1.011689999999999934e+01 5.788940000000000197e+00 2.534619999999999962e+01 2.391870000000000118e+01 4.175709999999999589e+00 1.791369999999999862e+01 3.061139999999999972e+01 9.328319999999999723e+00 4.800360000000000404e+00 2.518969999999999843e+01 1.752260000000000062e+01 -7.444890000000000008e+00 1.174039999999999928e+01 2.296950000000000003e+01 -1.373770000000000024e+01 0.000000000000000000e+00 0.000000000000000000e+00 0.000000000000000000e+00 0.000000000000000000e+00 0.000000000000000000e+00 0.000000000000000000e+00 0.000000000000000000e+00 0.000000000000000000e+00 0.000000000000000000e+00 0.000000000000000000e+00 0.000000000000000000e+00 0.000000000000000000e+00 0.000000000000000000e+00 0.000000000000000000e+00 0.000000000000000000e+00 0.000000000000000000e+00 0.000000000000000000e+00 0.000000000000000000e+00 0.000000000000000000e+00 0.000000000000000000e+00 0.000000000000000000e+00 0.000000000000000000e+00 0.000000000000000000e+00 0.000000000000000000e+00 0.000000000000000000e+00 0.000000000000000000e+00
-4.623859999999999637e+00 2.248750000000000071e+01 -1.317479999999999940e+01 -1.897060000000000102e+01 1.551019999999999932e+01 -1.304959999999999987e+01 -2.761789999999999878e+01 2.283560000000000034e+00 -1.217699999999999960e+01 -2.605539999999999878e+01 -1.324820000000000064e+01 -1.422109999999999985e+01 -1.387839999999999918e+01 -2.207400000000000162e+01 -1.878610000000000113e+01 1.629690000000000083e+00 -2.071099999999999852e+01 -2.144059999999999988e+01 1.497349999999999959e+01 -1.231439999999999912e+01 -1.959789999999999921e+01 2.407620000000000005e+01 -1.608309999999999906e+00 -1.219669999999999987e+01 2.799070000000000036e+01 6.612549999999999706e+00 7.521259999999999613e-01 2.610269999999999868e+01 6.980179999999999829e+00 1.636860000000000070e+01 1.847370000000000090e+01 -2.288019999999999943e+00 2.639600000000000080e+01 8.453250000000000597e+00 -1.441859999999999964e+01 2.549960000000000093e+01 -1.007390000000000008e+00 -2.305420000000000158e+01 1.615269999999999939e+01 -9.653159999999999741e+00 -2.525939999999999941e+01 3.009430000000000049e+00 -1.809829999999999828e+01 -1.985399999999999920e+01 -9.261699999999999378e+00 -2.601689999999999969e+01 -7.527980000000000338e+00 -1.503490000000000038e+01 -3.029540000000000077e+01 6.402300000000000324e+00 -9.435750000000000526e+00 -2.719330000000000069e+01 1.444969999999999999e+01 3.716450000000000031e+00 -1.802410000000000068e+01 1.486689999999999934e+01 1.662519999999999953e+01 -5.067099999999999937e+00 1.049280000000000079e+01 2.471089999999999876e+01 9.914020000000000721e+00 5.364419999999999966e+00 2.567790000000000106e+01 2.395489999999999853e+01 4.235039999999999694e+00 1.858439999999999870e+01 3.053130000000000166e+01 9.053409999999999513e+00 5.280380000000000074e+00 2.489089999999999847e+01 1.655529999999999902e+01 -7.331330000000000346e+00 1.132499999999999929e+01 2.161070000000000135e+01 -1.371390000000000065e+01 0.000000000000000000e+00 0.000000000000000000e+00 0.000000000000000000e+00 0.000000000000000000e+00 0.000000000000000000e+00 0.000000000000000000e+00 0.000000000000000000e+00 0.000000000000000000e+00 0.000000000000000000e+00 0.000000000000000000e+00 0.000000000000000000e+00 0.000000000000000000e+00 0.000000000000000000e+00 0.000000000000000000e+00 0.000000000000000000e+00 0.000000000000000000e+00 0.000000000000000000e+00 0.000000000000000000e+00 0.000000000000000000e+00 0.000000000000000000e+00 0.000000000000000000e+00 0.000000000000000000e+00 0.000000000000000000e+00 0.000000000000000000e+00 0.000000000000000000e+00 0.000000000000000000e+00
1.423340000000000050e+00 2.933070000000000022e+01 -1.492350000000000065e+01 -1.079390000000000072e+01 1.808790000000000120e+01 -8.481400000000000716e+00 -1.586640000000000050e+01 4.204659999999999620e+00 1.786319999999999908e+01 -2.633770000000000167e+01 -8.318089999999999762e+00 -1.624350000000000094e+01 -1.501280000000000037e+01 -1.916560000000000130e+01 -1.917259999999999920e+01 7.703510000000000080e-01 -1.997800000000000153e+01 -2.133709999999999951e+01 1.524300000000000033e+01 -1.347700000000000031e+01 -1.903130000000000166e+01 2.513729999999999976e+01 -3.150959999999999983e+00 -1.205390000000000050e+01 2.978650000000000020e+01 5.148109999999999964e+00 6.232170000000000210e-01 2.674800000000000111e+01 7.019849999999999923e+00 1.606520000000000081e+01 1.850779999999999959e+01 -1.368670000000000053e+00 2.644069999999999965e+01 8.552569999999999339e+00 -1.358660000000000068e+01 2.599769999999999825e+01 -1.043430000000000080e+00 -2.247589999999999932e+01 1.702220000000000155e+01 -9.688829999999999387e+00 -2.512719999999999843e+01 3.953469999999999818e+00 -1.782539999999999836e+01 -2.012280000000000157e+01 -8.706670000000000798e+00 -2.512659999999999982e+01 -7.794940000000000424e+00 -1.532300000000000040e+01 -2.998310000000000031e+01 6.143180000000000085e+00 -1.018510000000000026e+01 -2.695959999999999823e+01 1.489090000000000025e+01 2.557119999999999838e+00 -1.749699999999999989e+01 1.629889999999999972e+01 1.522540000000000049e+01 -3.936100000000000154e+00 1.319909999999999961e+01 2.303280000000000172e+01 9.678900000000000503e+00 4.028080000000000105e+00 2.372469999999999857e+01 2.410770000000000124e+01 1.741849999999999898e+00 1.758320000000000149e+01 3.284680000000000177e+01 8.478429999999999467e+00 6.042970000000000397e+00 2.930219999999999914e+01 1.798339999999999961e+01 -6.314560000000000173e+00 1.780079999999999885e+01 3.259499999999999886e+01 -9.516189999999999927e+00 0.000000000000000000e+00 0.000000000000000000e+00 0.000000000000000000e+00 0.000000000000000000e+00 0.000000000000000000e+00 0.000000000000000000e+00 0.000000000000000000e+00 0.000000000000000000e+00 0.000000000000000000e+00 0.000000000000000000e+00 0.000000000000000000e+00 0.000000000000000000e+00 0.000000000000000000e+00 0.000000000000000000e+00 0.000000000000000000e+00 0.000000000000000000e+00 0.000000000000000000e+00 0.000000000000000000e+00 0.000000000000000000e+00 0.000000000000000000e+00 0.000000000000000000e+00 0.000000000000000000e+00 0.000000000000000000e+00 0.000000000000000000e+00 0.000000000000000000e+00 0.000000000000000000e+00
1.401080000000000103e+00 2.933149999999999835e+01 -1.492689999999999984e+01 -1.079729999999999990e+01 1.806180000000000163e+01 -8.495960000000000178e+00 -1.586630000000000074e+01 4.171479999999999855e+00 1.784550000000000125e+01 -2.635620000000000118e+01 -8.334260000000000446e+00 -1.626170000000000115e+01 -1.503570000000000029e+01 -1.918380000000000152e+01 -1.920019999999999882e+01 7.423039999999999639e-01 -1.999549999999999983e+01 -2.140299999999999869e+01 1.519780000000000086e+01 -1.336899999999999977e+01 -1.934309999999999974e+01 2.521059999999999945e+01 -3.281709999999999905e+00 -1.218050000000000033e+01 2.967510000000000048e+01 5.093379999999999797e+00 5.145309999999999606e-01 2.672889999999999944e+01 6.722409999999999997e+00 1.600410000000000110e+01 1.784329999999999927e+01 -1.374530000000000030e+00 2.610269999999999868e+01 7.694399999999999906e+00 -1.342370000000000019e+01 2.535470000000000113e+01 -2.134529999999999816e+00 -2.186260000000000048e+01 1.618220000000000169e+01 -1.030599999999999916e+01 -2.427909999999999968e+01 2.752320000000000100e+00 -1.991900000000000048e+01 -1.898629999999999995e+01 -8.844910000000000494e+00 -2.613769999999999882e+01 -5.925740000000000229e+00 -1.529039999999999999e+01 -3.040589999999999904e+01 8.083119999999999195e+00 -9.788259999999999295e+00 -2.705079999999999885e+01 1.634819999999999851e+01 3.206659999999999844e+00 -1.740909999999999869e+01 1.714300000000000068e+01 1.580930000000000035e+01 -3.819519999999999804e+00 1.350619999999999976e+01 2.335369999999999990e+01 9.560560000000000613e+00 3.956290000000000084e+00 2.364560000000000173e+01 2.404179999999999851e+01 1.747630000000000017e+00 1.759829999999999828e+01 3.280199999999999960e+01 8.501150000000000873e+00 6.083940000000000126e+00 2.927280000000000015e+01 1.798410000000000153e+01 -6.294959999999999667e+00 1.778320000000000078e+01 3.259669999999999845e+01 -9.534069999999999823e+00 0.000000000000000000e+00 0.000000000000000000e+00 0.000000000000000000e+00 0.000000000000000000e+00 0.000000000000000000e+00 0.000000000000000000e+00 0.000000000000000000e+00 0.000000000000000000e+00 0.000000000000000000e+00 0.000000000000000000e+00 0.000000000000000000e+00 0.000000000000000000e+00 0.000000000000000000e+00 0.000000000000000000e+00 0.000000000000000000e+00 0.000000000000000000e+00 0.000000000000000000e+00 0.000000000000000000e+00 0.000000000000000000e+00 0.000000000000000000e+00 0.000000000000000000e+00 0.000000000000000000e+00 0.000000000000000000e+00 0.000000000000000000e+00 0.000000000000000000e+00 0.000000000000000000e+00
1.347660000000000080e+00 2.923809999999999931e+01 -1.490109999999999957e+01 -1.078229999999999933e+01 1.792800000000000082e+01 -8.411179999999999879e+00 -1.593159999999999954e+01 4.373940000000000161e+00 1.809219999999999828e+01 -2.997700000000000031e+01 -6.520529999999999937e+00 -1.551229999999999976e+01 -2.062930000000000064e+01 -1.931599999999999895e+01 -1.886649999999999849e+01 -4.169319999999999915e+00 -2.373860000000000170e+01 -1.485360000000000014e+01 9.626260000000000261e+00 -1.362550000000000061e+01 -1.937910000000000110e+01 2.169359999999999999e+01 -4.928099999999999703e+00 -1.313100000000000023e+01 2.802430000000000021e+01 3.464230000000000143e+00 -1.103620000000000045e+00 2.736019999999999897e+01 5.109589999999999854e+00 1.481830000000000069e+01 1.850199999999999889e+01 -1.866209999999999924e+00 2.583990000000000009e+01 6.236810000000000187e+00 -1.219200000000000017e+01 2.604520000000000124e+01 -2.484020000000000117e+00 -2.176150000000000162e+01 1.672550000000000026e+01 -1.105310000000000059e+01 -2.456929999999999836e+01 3.607909999999999950e+00 -1.981569999999999965e+01 -1.920080000000000098e+01 -8.659629999999999939e+00 -2.592510000000000048e+01 -6.129570000000000185e+00 -1.518909999999999982e+01 -3.036739999999999995e+01 7.839470000000000383e+00 -9.720750000000000668e+00 -2.702400000000000091e+01 1.622690000000000055e+01 3.199399999999999800e+00 -1.734959999999999880e+01 1.717930000000000135e+01 1.576709999999999923e+01 -3.808840000000000003e+00 1.350670000000000037e+01 2.338210000000000122e+01 9.589669999999999916e+00 3.983200000000000074e+00 2.369219999999999970e+01 2.404080000000000084e+01 1.740960000000000063e+00 1.758530000000000015e+01 3.280619999999999692e+01 8.537620000000000431e+00 6.100130000000000052e+00 2.926920000000000144e+01 1.798920000000000030e+01 -6.300600000000000200e+00 1.774239999999999995e+01 3.256300000000000239e+01 -9.582940000000000680e+00 0.000000000000000000e+00 0.000000000000000000e+00 0.000000000000000000e+00 0.000000000000000000e+00 0.000000000000000000e+00 0.000000000000000000e+00 0.000000000000000000e+00 0.000000000000000000e+00 0.000000000000000000e+00 0.000000000000000000e+00 0.000000000000000000e+00 0.000000000000000000e+00 0.000000000000000000e+00 0.000000000000000000e+00 0.000000000000000000e+00 0.000000000000000000e+00 0.000000000000000000e+00 0.000000000000000000e+00 0.000000000000000000e+00 0.000000000000000000e+00 0.000000000000000000e+00 0.000000000000000000e+00 0.000000000000000000e+00 0.000000000000000000e+00 0.000000000000000000e+00 0.000000000000000000e+00
9.030219999999999914e+00 3.160719999999999885e+01 -1.855330000000000013e+01 9.177760000000000362e-01 1.527260000000000062e+01 -1.331080000000000041e+01 -8.667130000000000223e+00 9.547750000000000625e+00 1.633470000000000155e+01 -2.771649999999999991e+01 -3.486479999999999801e+00 -1.448460000000000036e+01 -2.055219999999999914e+01 -1.804159999999999897e+01 -1.721089999999999876e+01 -3.965209999999999901e+00 -2.384080000000000155e+01 -1.523610000000000042e+01 9.941349999999999909e+00 -1.377999999999999936e+01 -1.953989999999999938e+01 2.191969999999999885e+01 -5.098749999999999893e+00 -1.309750000000000014e+01 2.792200000000000060e+01 3.580649999999999888e+00 -1.097499999999999920e+00 2.735239999999999938e+01 5.100109999999999921e+00 1.484140000000000015e+01 1.849350000000000094e+01 -1.894260000000000055e+00 2.585060000000000002e+01 6.210609999999999964e+00 -1.219940000000000069e+01 2.603659999999999997e+01 -2.495870000000000033e+00 -2.177299999999999969e+01 1.670769999999999911e+01 -1.106400000000000006e+01 -2.457979999999999876e+01 3.589300000000000157e+00 -1.983210000000000051e+01 -1.921099999999999852e+01 -8.674210000000000420e+00 -2.592030000000000101e+01 -6.136280000000000179e+00 -1.521640000000000015e+01 -3.039939999999999998e+01 7.822460000000000413e+00 -9.751549999999999940e+00 -2.707179999999999964e+01 1.622550000000000026e+01 3.162490000000000023e+00 -1.739969999999999928e+01 1.720469999999999899e+01 1.572990000000000066e+01 -3.607289999999999885e+00 1.400569999999999915e+01 2.312590000000000146e+01 8.892879999999999896e+00 3.256209999999999827e+00 2.460050000000000026e+01 2.382100000000000151e+01 -8.630709999999999771e-02 2.002619999999999933e+01 3.430850000000000222e+01 6.020520000000000316e+00 9.447190000000000865e+00 3.071180000000000021e+01 2.918979999999999908e+00 -1.250420000000000087e+01 3.150250000000000128e+01 2.498989999999999867e+01 -2.575499999999999901e+01 0.000000000000000000e+00 0.000000000000000000e+00 0.000000000000000000e+00 0.000000000000000000e+00 0.000000000000000000e+00 0.000000000000000000e+00 0.000000000000000000e+00 0.000000000000000000e+00 0.000000000000000000e+00 0.000000000000000000e+00 0.000000000000000000e+00 0.000000000000000000e+00 0.000000000000000000e+00 0.000000000000000000e+00 0.000000000000000000e+00 0.000000000000000000e+00 0.000000000000000000e+00 0.000000000000000000e+00 0.000000000000000000e+00 0.000000000000000000e+00 0.000000000000000000e+00 0.000000000000000000e+00 0.000000000000000000e+00 0.000000000000000000e+00 0.000000000000000000e+00 0.000000000000000000e+00
9.398400000000000531e+00 3.177939999999999898e+01 -1.824399999999999977e+01 1.037080000000000002e+00 1.534120000000000061e+01 -1.370950000000000024e+01 -8.337199999999999278e+00 8.352840000000000487e+00 1.576009999999999955e+01 -2.777619999999999933e+01 -3.106970000000000010e+00 -1.548419999999999952e+01 -2.302270000000000039e+01 -1.909189999999999898e+01 -1.691229999999999833e+01 -6.794719999999999871e+00 -2.666079999999999828e+01 -1.711870000000000047e+01 7.768670000000000186e+00 -1.518200000000000038e+01 -1.598550000000000004e+01 1.828529999999999944e+01 -7.962279999999999802e+00 -4.856029999999999625e+00 2.055669999999999931e+01 1.902570000000000094e-01 9.391209999999999170e+00 1.106520000000000081e+01 4.394929999999999559e+00 2.475519999999999854e+01 7.590569999999999595e+00 -1.289690000000000047e+01 3.355499999999999972e+01 -3.010940000000000172e+00 -2.527029999999999887e+01 3.018570000000000064e+01 -1.245919999999999916e+01 -3.031180000000000163e+01 1.689809999999999945e+01 -1.594270000000000032e+01 -2.885889999999999844e+01 -4.525779999999999803e-01 -2.360470000000000113e+01 -1.985409999999999897e+01 -1.191520000000000046e+01 -2.542050000000000054e+01 -4.330860000000000376e+00 -1.753989999999999938e+01 -3.142970000000000041e+01 8.366369999999999862e+00 -1.010699999999999932e+01 -2.747510000000000119e+01 1.618949999999999889e+01 3.022870000000000168e+00 -1.807509999999999906e+01 1.581569999999999965e+01 1.590509999999999913e+01 -3.559579999999999966e+00 1.371560000000000024e+01 2.242790000000000106e+01 9.055999999999999162e+00 3.157500000000000195e+00 2.431909999999999883e+01 2.402909999999999968e+01 -1.887600000000000111e-01 1.989430000000000121e+01 3.460210000000000008e+01 5.877379999999999605e+00 9.376540000000000319e+00 3.101719999999999899e+01 2.957809999999999828e+00 -1.260249999999999915e+01 3.179370000000000118e+01 2.514120000000000132e+01 -2.566679999999999851e+01 0.000000000000000000e+00 0.000000000000000000e+00 0.000000000000000000e+00 0.000000000000000000e+00 0.000000000000000000e+00 0.000000000000000000e+00 0.000000000000000000e+00 0.000000000000000000e+00 0.000000000000000000e+00 0.000000000000000000e+00 0.000000000000000000e+00 0.000000000000000000e+00 0.000000000000000000e+00 0.000000000000000000e+00 0.000000000000000000e+00 0.000000000000000000e+00 0.000000000000000000e+00 0.000000000000000000e+00 0.000000000000000000e+00 0.000000000000000000e+00 0.000000000000000000e+00 0.000000000000000000e+00 0.000000000000000000e+00 0.000000000000000000e+00 0.000000000000000000e+00 0.000000000000000000e+00
9.027689999999999770e+00 3.158350000000000080e+01 -1.842439999999999856e+01 7.529029999999999889e-01 1.515600000000000058e+01 -1.369159999999999933e+01 -8.452349999999999142e+00 8.414199999999999235e+00 1.589029999999999987e+01 -2.844790000000000063e+01 -2.719619999999999926e+00 -1.512739999999999974e+01 -2.308859999999999957e+01 -1.845929999999999893e+01 -1.728409999999999869e+01 -6.640649999999999942e+00 -2.560150000000000148e+01 -1.584490000000000087e+01 7.512889999999999624e+00 -1.371610000000000085e+01 -1.356339999999999968e+01 1.961489999999999867e+01 -9.548999999999999488e+00 -1.951670000000000016e+00 2.345560000000000045e+01 -5.796339999999999826e-01 1.157799999999999940e+01 1.439409999999999989e+01 7.792220000000000368e+00 2.606719999999999970e+01 1.205419999999999980e+01 -7.024399999999999977e+00 4.017889999999999873e+01 2.117830000000000101e+00 -2.103630000000000067e+01 4.073380000000000223e+01 -1.165219999999999922e+00 -3.515910000000000224e+01 2.650789999999999935e+01 -7.260609999999999786e+00 -3.381680000000000064e+01 9.672349999999999781e+00 -1.424249999999999972e+01 -2.328209999999999980e+01 -1.042969999999999953e+00 -1.107409999999999961e+01 -7.822280000000000122e+00 -8.451719999999999899e+00 -2.312170000000000059e+01 5.097509999999999764e+00 -6.280750000000000277e+00 -2.861560000000000059e+01 1.452860000000000085e+01 8.736890000000000711e+00 -1.640769999999999840e+01 2.401529999999999987e+01 1.985630000000000095e+01 -2.584719999999999906e+00 1.611339999999999861e+01 2.605229999999999890e+01 8.049030000000000129e+00 2.368209999999999926e+00 2.337079999999999913e+01 2.354639999999999844e+01 -4.431279999999999941e-02 2.001409999999999911e+01 3.413629999999999853e+01 6.047360000000000291e+00 9.527960000000000207e+00 3.075339999999999918e+01 2.906289999999999818e+00 -1.245459999999999923e+01 3.147840000000000060e+01 2.497889999999999944e+01 -2.571010000000000062e+01 0.000000000000000000e+00 0.000000000000000000e+00 0.000000000000000000e+00 0.000000000000000000e+00 0.000000000000000000e+00 0.000000000000000000e+00 0.000000000000000000e+00 0.000000000000000000e+00 0.000000000000000000e+00 0.000000000000000000e+00 0.000000000000000000e+00 0.000000000000000000e+00 0.000000000000000000e+00 0.000000000000000000e+00 0.000000000000000000e+00 0.000000000000000000e+00 0.000000000000000000e+00 0.000000000000000000e+00 0.000000000000000000e+00 0.000000000000000000e+00 0.000000000000000000e+00 0.000000000000000000e+00 0.000000000000000000e+00 0.000000000000000000e+00 0.000000000000000000e+00 0.000000000000000000e+00
2.800910000000000011e+00 2.803160000000000096e+01 -1.886189999999999856e+01 -3.347659999999999858e+00 1.118440000000000012e+01 -1.186849999999999916e+01 1.671959999999999891e+00 1.404719999999999969e+00 2.144750000000000156e+01 -2.517569999999999908e+01 -1.967650000000000077e+01 -1.582289999999999974e+00 -1.583350000000000080e+01 -3.409660000000000224e+01 -3.471890000000000143e+00 5.114220000000000432e+00 -3.399669999999999703e+01 -1.751960000000000051e+01 1.445739999999999981e+01 -1.676589999999999847e+01 -1.324329999999999963e+01 2.465030000000000143e+01 -9.412910000000000110e+00 -7.851789999999999603e-01 2.536189999999999856e+01 1.012210000000000054e+00 1.266760000000000019e+01 1.322279999999999944e+01 8.024250000000000327e+00 2.601780000000000115e+01 1.177469999999999928e+01 -7.018650000000000055e+00 4.003979999999999961e+01 2.187879999999999825e+00 -2.126989999999999981e+01 4.080810000000000315e+01 -1.277230000000000087e+00 -3.532200000000000273e+01 2.655409999999999826e+01 -7.195439999999999614e+00 -3.384799999999999898e+01 9.664830000000000254e+00 -1.424939999999999962e+01 -2.328859999999999886e+01 -9.792969999999999731e-01 -1.108120000000000083e+01 -7.860400000000000276e+00 -8.454050000000000509e+00 -2.312790000000000035e+01 5.069189999999999863e+00 -6.336479999999999890e+00 -2.868400000000000105e+01 1.450150000000000006e+01 8.657619999999999649e+00 -1.653839999999999932e+01 2.409459999999999980e+01 1.975469999999999970e+01 -3.135200000000000209e+00 1.604700000000000060e+01 2.670139999999999958e+01 8.002789999999999182e+00 2.677140000000000075e+00 2.409580000000000055e+01 2.370329999999999870e+01 7.976919999999999566e-01 2.129350000000000165e+01 3.369989999999999952e+01 5.147599999999999731e+00 9.196400000000000574e+00 2.713550000000000040e+01 1.470879999999999965e+00 -1.222000000000000064e+01 2.579990000000000094e+01 2.323689999999999856e+01 -2.609870000000000090e+01 0.000000000000000000e+00 0.000000000000000000e+00 0.000000000000000000e+00 0.000000000000000000e+00 0.000000000000000000e+00 0.000000000000000000e+00 0.000000000000000000e+00 0.000000000000000000e+00 0.000000000000000000e+00 0.000000000000000000e+00 0.000000000000000000e+00 0.000000000000000000e+00 0.000000000000000000e+00 0.000000000000000000e+00 0.000000000000000000e+00 0.000000000000000000e+00 0.000000000000000000e+00 0.000000000000000000e+00 0.000000000000000000e+00 0.000000000000000000e+00 0.000000000000000000e+00 0.000000000000000000e+00 0.000000000000000000e+00 0.000000000000000000e+00 0.000000000000000000e+00 0.000000000000000000e+00
2.757460000000000022e+00 2.807270000000000110e+01 -1.891860000000000142e+01 -3.639629999999999921e+00 1.134900000000000020e+01 -1.184609999999999985e+01 1.666719999999999979e+00 1.441640000000000033e+00 2.138919999999999888e+01 -2.518499999999999872e+01 -1.971430000000000149e+01 -1.567439999999999944e+00 -1.582440000000000069e+01 -3.412349999999999994e+01 -3.449329999999999785e+00 5.093359999999999665e+00 -3.401789999999999736e+01 -1.754169999999999874e+01 1.444289999999999985e+01 -1.678630000000000067e+01 -1.328219999999999956e+01 2.465790000000000148e+01 -9.432620000000000005e+00 -8.425470000000000459e-01 2.544679999999999964e+01 1.214779999999999971e+00 1.243389999999999951e+01 1.344890000000000008e+01 8.198309999999999320e+00 2.592760000000000176e+01 1.178470000000000084e+01 -7.058399999999999785e+00 3.969789999999999708e+01 1.040010000000000101e+00 -2.050989999999999824e+01 4.085340000000000060e+01 -5.774129999999999541e-01 -3.661440000000000339e+01 2.817340000000000089e+01 -4.542570000000000441e+00 -3.759570000000000078e+01 1.038550000000000040e+01 -1.259450000000000003e+01 -2.935310000000000130e+01 -1.895680000000000032e+00 -5.433209999999999873e+00 -2.030940000000000012e+01 -2.085579999999999856e+01 -1.061609999999999943e+01 -4.187179999999999791e-01 -2.219359999999999999e+01 -2.648620000000000019e+01 1.092230000000000034e+00 -6.038299999999999557e+00 -2.373369999999999891e+01 1.577539999999999942e+01 1.093919999999999959e+01 -7.352579999999999671e+00 1.457019999999999982e+01 2.006700000000000017e+01 6.337159999999999904e+00 2.252619999999999845e+00 2.296950000000000003e+01 2.255940000000000012e+01 2.166679999999999939e+00 2.188759999999999906e+01 3.299230000000000018e+01 5.839450000000000252e+00 9.907629999999999271e+00 2.692899999999999849e+01 1.542750000000000066e+00 -1.155589999999999939e+01 2.572050000000000125e+01 2.293080000000000140e+01 -2.603950000000000031e+01 0.000000000000000000e+00 0.000000000000000000e+00 0.000000000000000000e+00 0.000000000000000000e+00 0.000000000000000000e+00 0.000000000000000000e+00 0.000000000000000000e+00 0.000000000000000000e+00 0.000000000000000000e+00 0.000000000000000000e+00 0.000000000000000000e+00 0.000000000000000000e+00 0.000000000000000000e+00 0.000000000000000000e+00 0.000000000000000000e+00 0.000000000000000000e+00 0.000000000000000000e+00 0.000000000000000000e+00 0.000000000000000000e+00 0.000000000000000000e+00 0.000000000000000000e+00 0.000000000000000000e+00 0.000000000000000000e+00 0.000000000000000000e+00 0.000000000000000000e+00 0.000000000000000000e+00
5.314829999999999721e+00 2.646920000000000073e+01 -1.838540000000000063e+01 -6.329249999999999599e-01 9.417199999999999349e+00 -1.168270000000000053e+01 1.543250000000000011e+00 6.664630000000000276e-01 2.239709999999999823e+01 -2.510729999999999862e+01 -1.966460000000000008e+01 -1.555109999999999992e+00 -1.587700000000000067e+01 -3.414009999999999678e+01 -3.577560000000000073e+00 5.131000000000000227e+00 -3.404549999999999699e+01 -1.753600000000000136e+01 1.443069999999999986e+01 -1.679019999999999868e+01 -1.326350000000000051e+01 2.463469999999999871e+01 -9.420370000000000132e+00 -8.243730000000000224e-01 2.536159999999999926e+01 1.062880000000000047e+00 1.258740000000000059e+01 1.323370000000000068e+01 8.103369999999999962e+00 2.593599999999999994e+01 1.193909999999999982e+01 -6.857779999999999987e+00 4.007840000000000202e+01 1.770620000000000083e+00 -2.075949999999999918e+01 4.135060000000000002e+01 -3.005329999999999946e-01 -3.620839999999999748e+01 2.789580000000000126e+01 -6.113800000000000345e+00 -3.636509999999999820e+01 1.047439999999999927e+01 -1.395589999999999975e+01 -2.666799999999999926e+01 -9.681340000000000501e-01 -7.489519999999999733e+00 -2.080099999999999838e+01 -2.170599999999999952e+01 -1.213209999999999944e+01 -9.603099999999999969e-01 -2.588080000000000069e+01 -2.774220000000000041e+01 3.357000000000000206e+00 -9.732549999999999812e+00 -2.008820000000000050e+01 1.412209999999999965e+01 9.838900000000000645e+00 -1.520520000000000094e+00 1.007579999999999920e+01 1.466729999999999912e+01 1.169909999999999961e+01 -3.973360000000000003e+00 1.243849999999999945e+01 2.760030000000000072e+01 -5.676479999999999748e+00 6.671400000000000219e+00 3.516899999999999693e+01 5.357800000000000118e+00 -5.546129999999999782e+00 3.142370000000000019e+01 -2.704899999999999860e+00 -2.691059999999999874e+01 2.202730000000000032e+01 1.729949999999999832e+01 -4.275430000000000064e+01 0.000000000000000000e+00 0.000000000000000000e+00 0.000000000000000000e+00 0.000000000000000000e+00 0.000000000000000000e+00 0.000000000000000000e+00 0.000000000000000000e+00 0.000000000000000000e+00 0.000000000000000000e+00 0.000000000000000000e+00 0.000000000000000000e+00 0.000000000000000000e+00 0.000000000000000000e+00 0.000000000000000000e+00 0.000000000000000000e+00 0.000000000000000000e+00 0.000000000000000000e+00 0.000000000000000000e+00 0.000000000000000000e+00 0.000000000000000000e+00 0.000000000000000000e+00 0.000000000000000000e+00 0.000000000000000000e+00 0.000000000000000000e+00 0.000000000000000000e+00 0.000000000000000000e+00
5.491799999999999571e+00 2.665589999999999904e+01 -1.844389999999999930e+01 -4.521410000000000151e-01 9.638849999999999696e+00 -1.164889999999999937e+01 1.545849999999999946e+00 1.148269999999999902e+00 2.250919999999999987e+01 -2.449810000000000088e+01 -1.982229999999999848e+01 -1.575190000000000090e+00 -1.475820000000000043e+01 -3.393930000000000291e+01 -3.837470000000000159e+00 7.406900000000000261e+00 -3.237850000000000250e+01 -1.604459999999999908e+01 1.557399999999999984e+01 -1.486350000000000016e+01 -1.035529999999999973e+01 1.612120000000000175e+01 -4.235050000000000203e+00 8.074640000000000484e+00 8.828110000000000568e+00 1.944760000000000133e+01 1.160389999999999944e+01 -5.990300000000000402e+00 1.958380000000000010e+01 2.614959999999999951e+01 1.748189999999999911e+00 3.432059999999999889e+00 3.985940000000000083e+01 -1.047660000000000036e+00 -1.582859999999999978e+01 4.150079999999999814e+01 3.916080000000000005e+00 -3.195179999999999865e+01 2.773730000000000118e+01 -5.573680000000000412e+00 -3.499889999999999901e+01 1.156869999999999976e+01 -1.393469999999999942e+01 -2.642190000000000083e+01 -4.673410000000000064e-01 -7.443100000000000271e+00 -2.087879999999999825e+01 -2.128890000000000171e+01 -1.210989999999999966e+01 -1.112640000000000073e+00 -2.579100000000000037e+01 -2.776689999999999969e+01 3.434790000000000010e+00 -9.749599999999999156e+00 -2.009880000000000067e+01 1.413870000000000005e+01 9.850030000000000285e+00 -1.523749999999999938e+00 1.008699999999999974e+01 1.464559999999999995e+01 1.168479999999999919e+01 -3.970279999999999809e+00 1.240179999999999971e+01 2.758780000000000143e+01 -5.678189999999999849e+00 6.641009999999999636e+00 3.516720000000000113e+01 5.358520000000000394e+00 -5.567619999999999791e+00 3.142129999999999868e+01 -2.687809999999999810e+00 -2.693809999999999860e+01 2.215289999999999893e+01 1.736149999999999949e+01 -4.280120000000000147e+01 0.000000000000000000e+00 0.000000000000000000e+00 0.000000000000000000e+00 0.000000000000000000e+00 0.000000000000000000e+00 0.000000000000000000e+00 0.000000000000000000e+00 0.000000000000000000e+00 0.000000000000000000e+00 0.000000000000000000e+00 0.000000000000000000e+00 0.000000000000000000e+00 0.000000000000000000e+00 0.000000000000000000e+00 0.000000000000000000e+00 0.000000000000000000e+00 0.000000000000000000e+00 0.000000000000000000e+00 0.000000000000000000e+00 0.000000000000000000e+00 0.000000000000000000e+00 0.000000000000000000e+00 0.000000000000000000e+00 0.000000000000000000e+00 0.000000000000000000e+00 0.000000000000000000e+00
5.190920000000000201e+00 -3.391939999999999955e+00 4.085969999999999658e+00 -1.633609999999999829e+01 -4.326859999999999928e+00 -1.516520000000000046e+01 -2.382910000000000039e+01 -2.384159999999999968e+01 -4.423940000000000339e+01 9.473390000000000200e+00 -1.007850000000000001e+01 -4.831069999999999709e+01 3.148959999999999937e+01 1.938839999999999897e+00 -3.252530000000000143e+01 2.150219999999999843e+01 2.397080000000000055e+01 -1.507230000000000025e+01 9.030749999999999389e+00 1.816890000000000072e+01 1.278619999999999912e+01 -1.626409999999999911e+01 1.145190000000000019e+01 6.187380000000000102e+00 -2.579159999999999897e+01 1.273129999999999917e+01 2.030529999999999902e+01 -3.367499999999999716e+01 -9.868280000000000385e+00 2.618459999999999965e+01 -2.033079999999999998e+01 -2.928819999999999979e+01 9.762719999999999843e+00 1.786980000000000013e+00 -4.195530000000000115e+01 3.134319999999999951e+01 2.814010000000000034e+01 -2.526950000000000074e+01 2.905770000000000053e+01 3.115690000000000026e+01 -3.102329999999999899e+01 -3.418470000000000120e+00 1.705900000000000105e+01 -2.215990000000000038e+01 -2.228269999999999840e+01 9.993560000000000443e+00 3.166510000000000158e+00 -9.401070000000000704e+00 -2.059410000000000096e+01 6.129940000000000389e+00 -1.232380000000000031e+01 -3.033449999999999847e+01 -1.871679999999999922e+01 -6.558530000000000193e-01 -1.531070000000000064e+01 -1.703030000000000044e+01 2.065459999999999852e+01 -1.698999999999999844e+01 -1.736769999999999925e+01 5.375809999999999889e+01 -3.748530000000000229e+01 7.649080000000000323e-01 5.306329999999999814e+01 -2.330509999999999948e+01 1.850169999999999959e+01 2.805219999999999914e+01 -4.844109999999999694e+00 3.998780000000000001e+01 3.711710000000000065e+01 -8.772380000000000067e+00 4.043690000000000140e+01 -4.072379999999999889e+00 7.229230000000000267e+00 2.347129999999999939e+01 -7.155070000000000263e+00 0.000000000000000000e+00 0.000000000000000000e+00 0.000000000000000000e+00 0.000000000000000000e+00 0.000000000000000000e+00 0.000000000000000000e+00 0.000000000000000000e+00 0.000000000000000000e+00 0.000000000000000000e+00 0.000000000000000000e+00 0.000000000000000000e+00 0.000000000000000000e+00 0.000000000000000000e+00 0.000000000000000000e+00 0.000000000000000000e+00 0.000000000000000000e+00 0.000000000000000000e+00 0.000000000000000000e+00 0.000000000000000000e+00 0.000000000000000000e+00 0.000000000000000000e+00 0.000000000000000000e+00 0.000000000000000000e+00 0.000000000000000000e+00 0.000000000000000000e+00 0.000000000000000000e+00
5.190920000000000201e+00 -3.391939999999999955e+00 4.085969999999999658e+00 -1.633609999999999829e+01 -4.326859999999999928e+00 -1.516520000000000046e+01 -2.382910000000000039e+01 -2.384159999999999968e+01 -4.423940000000000339e+01 9.473390000000000200e+00 -1.007850000000000001e+01 -4.831069999999999709e+01 3.148959999999999937e+01 1.938839999999999897e+00 -3.252530000000000143e+01 2.150219999999999843e+01 2.397080000000000055e+01 -1.507230000000000025e+01 9.030749999999999389e+00 1.816890000000000072e+01 1.278619999999999912e+01 -1.626409999999999911e+01 1.145190000000000019e+01 6.187380000000000102e+00 -2.579159999999999897e+01 1.273129999999999917e+01 2.030529999999999902e+01 -3.367499999999999716e+01 -9.868280000000000385e+00 2.618459999999999965e+01 -2.033079999999999998e+01 -2.928819999999999979e+01 9.762719999999999843e+00 1.786980000000000013e+00 -4.195530000000000115e+01 3.134319999999999951e+01 2.814010000000000034e+01 -2.526950000000000074e+01 2.905770000000000053e+01 3.115690000000000026e+01 -3.102329999999999899e+01 -3.418470000000000120e+00 1.705900000000000105e+01 -2.215990000000000038e+01 -2.228269999999999840e+01 9.993560000000000443e+00 3.166510000000000158e+00 -9.401070000000000704e+00 -2.059410000000000096e+01 6.129940000000000389e+00 -1.232380000000000031e+01 -3.033449999999999847e+01 -1.871679999999999922e+01 -6.558530000000000193e-01 -1.531070000000000064e+01 -1.703030000000000044e+01 2.065459999999999852e+01 -1.698999999999999844e+01 -1.736769999999999925e+01 5.375809999999999889e+01 -3.748530000000000229e+01 7.649080000000000323e-01 5.306329999999999814e+01 -2.330509999999999948e+01 1.850169999999999959e+01 2.805219999999999914e+01 -4.844109999999999694e+00 3.998780000000000001e+01 3.711710000000000065e+01 -8.772380000000000067e+00 4.043690000000000140e+01 -4.072379999999999889e+00 7.229230000000000267e+00 2.347129999999999939e+01 -7.155070000000000263e+00 0.000000000000000000e+00 0.000000000000000000e+00 0.000000000000000000e+00 0.000000000000000000e+00 0.000000000000000000e+00 0.000000000000000000e+00 0.000000000000000000e+00 0.000000000000000000e+00 0.000000000000000000e+00 0.000000000000000000e+00 0.000000000000000000e+00 0.000000000000000000e+00 0.000000000000000000e+00 0.000000000000000000e+00 0.000000000000000000e+00 0.000000000000000000e+00 0.000000000000000000e+00 0.000000000000000000e+00 0.000000000000000000e+00 0.000000000000000000e+00 0.000000000000000000e+00 0.000000000000000000e+00 0.000000000000000000e+00 0.000000000000000000e+00 0.000000000000000000e+00 0.000000000000000000e+00
4.430349999999999788e+00 -3.038809999999999789e+00 7.253980000000000317e+00 -1.819849999999999923e+01 -7.139560000000000350e+00 -9.770089999999999719e+00 -2.549859999999999971e+01 -2.192129999999999868e+01 -4.112080000000000268e+01 -3.327900000000000080e+00 2.227380000000000138e+00 -4.353900000000000148e+01 1.731520000000000081e+01 1.738129999999999953e+01 -2.908079999999999998e+01 6.355500000000000149e+00 3.475300000000000011e+01 -8.252520000000000522e+00 -7.796710000000000029e-01 2.425750000000000028e+01 1.919859999999999900e+01 -2.001610000000000156e+01 9.680469999999999686e+00 1.231419999999999959e+01 -3.070769999999999911e+01 8.795700000000000074e+00 2.532870000000000132e+01 -3.628220000000000312e+01 -1.469999999999999929e+01 2.894460000000000122e+01 -2.113159999999999883e+01 -3.093720000000000070e+01 1.115610000000000035e+01 2.186490000000000045e+00 -4.292219999999999658e+01 3.177560000000000073e+01 2.763210000000000122e+01 -2.501859999999999928e+01 2.902230000000000132e+01 3.073930000000000007e+01 -3.115940000000000154e+01 -3.371799999999999908e+00 1.707339999999999947e+01 -2.206210000000000093e+01 -2.243400000000000105e+01 9.951309999999999434e+00 3.228759999999999852e+00 -9.514029999999999987e+00 -2.065050000000000097e+01 6.098589999999999733e+00 -1.237899999999999956e+01 -3.029599999999999937e+01 -1.874459999999999837e+01 -6.256500000000000394e-01 -1.530499999999999972e+01 -1.690960000000000107e+01 2.069510000000000005e+01 -1.697779999999999845e+01 -1.744000000000000128e+01 5.379579999999999984e+01 -3.743589999999999662e+01 7.381640000000000423e-01 5.321350000000000335e+01 -2.351520000000000010e+01 1.825779999999999959e+01 2.790930000000000177e+01 -4.318609999999999616e+00 3.924349999999999739e+01 3.655530000000000257e+01 -9.218909999999999272e+00 3.990030000000000143e+01 -4.514840000000000408e+00 4.841990000000000016e+00 2.149299999999999855e+01 -7.824510000000000076e+00 0.000000000000000000e+00 0.000000000000000000e+00 0.000000000000000000e+00 0.000000000000000000e+00 0.000000000000000000e+00 0.000000000000000000e+00 0.000000000000000000e+00 0.000000000000000000e+00 0.000000000000000000e+00 0.000000000000000000e+00 0.000000000000000000e+00 0.000000000000000000e+00 0.000000000000000000e+00 0.000000000000000000e+00 0.000000000000000000e+00 0.000000000000000000e+00 0.000000000000000000e+00 0.000000000000000000e+00 0.000000000000000000e+00 0.000000000000000000e+00 0.000000000000000000e+00 0.000000000000000000e+00 0.000000000000000000e+00 0.000000000000000000e+00 0.000000000000000000e+00 0.000000000000000000e+00
4.540770000000000195e+00 -3.188369999999999926e+00 7.189659999999999940e+00 -1.814199999999999946e+01 -7.252500000000000391e+00 -9.771060000000000301e+00 -2.553219999999999956e+01 -2.191949999999999932e+01 -4.115409999999999968e+01 -3.352240000000000109e+00 2.223329999999999806e+00 -4.354480000000000217e+01 1.729380000000000095e+01 1.735559999999999903e+01 -2.906810000000000116e+01 6.334489999999999732e+00 3.473020000000000351e+01 -8.242060000000000386e+00 -8.090559999999999974e-01 2.423669999999999902e+01 1.920759999999999934e+01 -1.998209999999999908e+01 9.584789999999999921e+00 1.230589999999999939e+01 -3.069519999999999982e+01 8.680059999999999221e+00 2.530130000000000123e+01 -3.583630000000000138e+01 -1.485759999999999970e+01 2.923260000000000147e+01 -2.201269999999999882e+01 -3.095670000000000144e+01 1.035469999999999935e+01 2.953720000000000123e+00 -4.260199999999999676e+01 2.897680000000000078e+01 2.642699999999999960e+01 -2.232339999999999947e+01 2.777670000000000172e+01 3.165769999999999840e+01 -2.734690000000000154e+01 -4.446950000000000180e+00 1.697329999999999828e+01 -2.397889999999999944e+01 -2.373430000000000106e+01 1.235640000000000072e+01 2.964980000000000171e+00 -2.023369999999999891e+01 -1.051609999999999978e+01 1.072959999999999958e+01 -9.798830000000000595e+00 -5.735109999999999708e+00 -3.057650000000000201e+00 6.940380000000000216e+00 -7.174579999999999735e+00 -5.695030000000000037e+00 2.644369999999999976e+01 -1.961250000000000071e+01 -1.744099999999999895e+01 4.587180000000000035e+01 -3.735139999999999816e+01 8.322319999999999718e-01 5.240590000000000259e+01 -2.639059999999999917e+01 2.208620000000000161e+01 2.911659999999999826e+01 -4.114969999999999573e+00 3.962049999999999983e+01 3.669830000000000325e+01 -9.719170000000000087e+00 3.962859999999999872e+01 -4.275669999999999860e+00 4.706859999999999822e+00 2.151559999999999917e+01 -7.604119999999999990e+00 0.000000000000000000e+00 0.000000000000000000e+00 0.000000000000000000e+00 0.000000000000000000e+00 0.000000000000000000e+00 0.000000000000000000e+00 0.000000000000000000e+00 0.000000000000000000e+00 0.000000000000000000e+00 0.000000000000000000e+00 0.000000000000000000e+00 0.000000000000000000e+00 0.000000000000000000e+00 0.000000000000000000e+00 0.000000000000000000e+00 0.000000000000000000e+00 0.000000000000000000e+00 0.000000000000000000e+00 0.000000000000000000e+00 0.000000000000000000e+00 0.000000000000000000e+00 0.000000000000000000e+00 0.000000000000000000e+00 0.000000000000000000e+00 0.000000000000000000e+00 0.000000000000000000e+00
5.035790000000000433e+00 -4.253439999999999999e-01 6.441449999999999676e+00 -1.793959999999999866e+01 -6.164810000000000123e+00 -9.494020000000000792e+00 -2.560640000000000072e+01 -2.149589999999999890e+01 -4.048010000000000019e+01 -2.941250000000000142e+00 2.105220000000000091e+00 -4.346920000000000073e+01 1.745240000000000080e+01 1.775550000000000139e+01 -2.919989999999999952e+01 6.269750000000000156e+00 3.485829999999999984e+01 -8.271050000000000679e+00 -6.908560000000000256e-01 2.411909999999999954e+01 1.912879999999999825e+01 -1.998029999999999973e+01 9.615209999999999368e+00 1.224169999999999980e+01 -3.064920000000000044e+01 8.723710000000000520e+00 2.527430000000000021e+01 -3.587720000000000198e+01 -1.480119999999999969e+01 2.916600000000000037e+01 -2.185119999999999862e+01 -3.094310000000000116e+01 1.047680000000000078e+01 2.830029999999999824e+00 -4.265579999999999927e+01 2.942859999999999943e+01 2.665009999999999835e+01 -2.281309999999999860e+01 2.796189999999999998e+01 3.152370000000000161e+01 -2.804289999999999949e+01 -4.282210000000000072e+00 1.720110000000000028e+01 -2.350459999999999994e+01 -2.356279999999999930e+01 1.176299999999999990e+01 2.860040000000000138e+00 -1.808849999999999980e+01 -1.226619999999999955e+01 9.871499999999999275e+00 -1.070139999999999958e+01 -8.301270000000000593e+00 -1.097960000000000047e+00 7.875810000000000421e+00 -1.154560000000000031e+01 -1.457980000000000054e+00 2.711739999999999995e+01 -2.695139999999999958e+01 -8.890719999999999956e+00 4.581479999999999819e+01 -4.654520000000000124e+01 3.989700000000000024e+00 4.246430000000000149e+01 -4.149040000000000106e+01 2.950369999999999848e+01 3.835370000000000346e+01 -2.040599999999999881e+01 4.814540000000000219e+01 3.780360000000000298e+01 -2.246109999999999829e+01 3.118690000000000140e+01 5.514789999999999637e+00 -3.662100000000000133e+00 2.283089999999999975e+01 2.403890000000000082e+00 0.000000000000000000e+00 0.000000000000000000e+00 0.000000000000000000e+00 0.000000000000000000e+00 0.000000000000000000e+00 0.000000000000000000e+00 0.000000000000000000e+00 0.000000000000000000e+00 0.000000000000000000e+00 0.000000000000000000e+00 0.000000000000000000e+00 0.000000000000000000e+00 0.000000000000000000e+00 0.000000000000000000e+00 0.000000000000000000e+00 0.000000000000000000e+00 0.000000000000000000e+00 0.000000000000000000e+00 0.000000000000000000e+00 0.000000000000000000e+00 0.000000000000000000e+00 0.000000000000000000e+00 0.000000000000000000e+00 0.000000000000000000e+00 0.000000000000000000e+00 0.000000000000000000e+00
1.221209999999999907e+00 -1.071790000000000020e+00 9.819409999999999528e+00 -7.038240000000000052e+00 -6.931949999999999612e+00 -1.172489999999999988e+01 3.377060000000000173e+00 -1.487870000000000026e+01 -3.772429999999999950e+01 6.407829999999999693e+00 1.105659999999999954e+01 -4.031539999999999679e+01 1.487069999999999936e+01 3.226870000000000260e+01 -2.735900000000000176e+01 4.235920000000000130e+00 4.051520000000000010e+01 -3.170080000000000009e+00 1.132759999999999989e+00 2.256309999999999860e+01 1.890670000000000073e+01 -1.930630000000000024e+01 1.031339999999999968e+01 1.146620000000000061e+01 -2.996010000000000062e+01 9.674110000000000653e+00 2.452339999999999876e+01 -3.542990000000000350e+01 -1.374859999999999971e+01 2.867360000000000042e+01 -2.161929999999999907e+01 -3.023369999999999891e+01 1.012909999999999933e+01 2.702290000000000081e+00 -4.236240000000000094e+01 2.927430000000000021e+01 2.687300000000000111e+01 -2.294460000000000122e+01 2.798199999999999932e+01 3.165820000000000078e+01 -2.797380000000000067e+01 -4.306510000000000282e+00 1.719290000000000163e+01 -2.352629999999999910e+01 -2.350049999999999883e+01 1.176720000000000077e+01 2.854359999999999786e+00 -1.809189999999999898e+01 -1.224740000000000073e+01 9.889039999999999608e+00 -1.067950000000000088e+01 -8.284200000000000230e+00 -1.107920000000000016e+00 7.881759999999999877e+00 -1.154540000000000077e+01 -1.506580000000000030e+00 2.711970000000000169e+01 -2.699070000000000036e+01 -8.936519999999999797e+00 4.578560000000000230e+01 -4.651239999999999952e+01 4.067289999999999850e+00 4.249510000000000076e+01 -4.129319999999999879e+01 2.947240000000000038e+01 3.796350000000000335e+01 -2.021020000000000039e+01 4.811930000000000263e+01 3.777499999999999858e+01 -2.282929999999999993e+01 3.243419999999999703e+01 4.923210000000000086e+00 -5.428519999999999790e+00 2.167879999999999896e+01 2.396970000000000045e+00 0.000000000000000000e+00 0.000000000000000000e+00 0.000000000000000000e+00 0.000000000000000000e+00 0.000000000000000000e+00 0.000000000000000000e+00 0.000000000000000000e+00 0.000000000000000000e+00 0.000000000000000000e+00 0.000000000000000000e+00 0.000000000000000000e+00 0.000000000000000000e+00 0.000000000000000000e+00 0.000000000000000000e+00 0.000000000000000000e+00 0.000000000000000000e+00 0.000000000000000000e+00 0.000000000000000000e+00 0.000000000000000000e+00 0.000000000000000000e+00 0.000000000000000000e+00 0.000000000000000000e+00 0.000000000000000000e+00 0.000000000000000000e+00 0.000000000000000000e+00 0.000000000000000000e+00
7.127159999999999940e+00 -5.436849999999999739e+00 5.786730000000000373e+00 8.374359999999999360e+00 -7.073409999999999975e+00 -1.552560000000000073e+01 2.657539999999999836e+01 -7.090019999999999989e+00 -3.376129999999999853e+01 2.095189999999999841e+01 1.551839999999999975e+01 -4.036979999999999791e+01 1.713860000000000028e+01 3.599300000000000210e+01 -3.068919999999999959e+01 2.808549999999999880e+00 3.945810000000000173e+01 -8.111810000000000187e+00 2.398620000000000196e+00 2.067180000000000106e+01 1.328410000000000046e+01 -1.964110000000000156e+01 1.055719999999999992e+01 9.961779999999999191e+00 -2.722490000000000165e+01 9.684960000000000235e+00 2.459600000000000009e+01 -3.473160000000000025e+01 -1.310619999999999941e+01 2.851760000000000161e+01 -2.184169999999999945e+01 -3.067660000000000053e+01 1.036999999999999922e+01 2.759640000000000093e+00 -4.253099999999999881e+01 2.932359999999999900e+01 2.665279999999999916e+01 -2.278340000000000032e+01 2.794539999999999935e+01 3.154710000000000036e+01 -2.792760000000000176e+01 -4.308139999999999858e+00 1.715119999999999933e+01 -2.353879999999999839e+01 -2.356749999999999901e+01 1.173269999999999946e+01 2.866890000000000160e+00 -1.827629999999999910e+01 -1.204410000000000025e+01 9.836600000000000676e+00 -1.011560000000000059e+01 -7.629240000000000244e+00 -1.477740000000000054e+00 8.139749999999999375e+00 -1.147189999999999976e+01 -3.078870000000000218e+00 2.715899999999999892e+01 -2.808330000000000126e+01 -1.017549999999999955e+01 4.486440000000000339e+01 -4.574949999999999761e+01 5.127169999999999561e+00 4.266530000000000200e+01 -3.833550000000000324e+01 2.870329999999999870e+01 3.474410000000000309e+01 -1.569120000000000026e+01 4.446609999999999729e+01 3.146920000000000073e+01 -2.096580000000000155e+01 2.441169999999999973e+01 2.074910000000000032e+00 -3.225519999999999943e+00 1.519180000000000064e+01 -2.307440000000000158e+00 0.000000000000000000e+00 0.000000000000000000e+00 0.000000000000000000e+00 0.000000000000000000e+00 0.000000000000000000e+00 0.000000000000000000e+00 0.000000000000000000e+00 0.000000000000000000e+00 0.000000000000000000e+00 0.000000000000000000e+00 0.000000000000000000e+00 0.000000000000000000e+00 0.000000000000000000e+00 0.000000000000000000e+00 0.000000000000000000e+00 0.000000000000000000e+00 0.000000000000000000e+00 0.000000000000000000e+00 0.000000000000000000e+00 0.000000000000000000e+00 0.000000000000000000e+00 0.000000000000000000e+00 0.000000000000000000e+00 0.000000000000000000e+00 0.000000000000000000e+00 0.000000000000000000e+00
7.122259999999999813e+00 -5.434890000000000221e+00 5.797519999999999563e+00 8.364449999999999719e+00 -7.055740000000000123e+00 -1.551629999999999932e+01 2.656350000000000122e+01 -7.088519999999999932e+00 -3.375390000000000157e+01 2.095400000000000063e+01 1.552200000000000024e+01 -4.036730000000000018e+01 1.714450000000000074e+01 3.599900000000000233e+01 -3.069030000000000058e+01 2.817829999999999835e+00 3.947050000000000125e+01 -8.111769999999999925e+00 2.391770000000000174e+00 2.067859999999999943e+01 1.327899999999999991e+01 -1.966069999999999851e+01 1.059089999999999954e+01 9.959939999999999571e+00 -2.722370000000000090e+01 9.682259999999999422e+00 2.460269999999999868e+01 -3.460560000000000258e+01 -1.314690000000000047e+01 2.853790000000000049e+01 -2.174739999999999895e+01 -3.063589999999999947e+01 1.028989999999999938e+01 2.856349999999999945e+00 -4.261280000000000001e+01 2.916260000000000119e+01 2.696499999999999986e+01 -2.316390000000000171e+01 2.742989999999999995e+01 3.138459999999999894e+01 -2.844229999999999947e+01 -4.866670000000000051e+00 2.642579999999999885e+01 -1.850690000000000168e+01 -2.368440000000000012e+01 1.445730000000000004e+01 4.283089999999999620e+00 -1.772109999999999985e+01 -9.942729999999999180e+00 4.428759999999999586e+00 -1.207970000000000077e+01 -5.506020000000000358e+00 -1.965740000000000043e+00 7.756759999999999877e+00 -1.118149999999999977e+01 -2.120080000000000187e+00 2.622479999999999833e+01 -2.768540000000000134e+01 -1.037749999999999950e+01 4.347749999999999915e+01 -4.535759999999999792e+01 4.996730000000000338e+00 4.242360000000000042e+01 -3.820739999999999981e+01 2.875019999999999953e+01 3.480819999999999936e+01 -1.570229999999999926e+01 4.466550000000000153e+01 3.132979999999999876e+01 -2.097319999999999851e+01 2.440990000000000038e+01 2.074059999999999793e+00 -3.216400000000000148e+00 1.520780000000000065e+01 -2.278680000000000039e+00 0.000000000000000000e+00 0.000000000000000000e+00 0.000000000000000000e+00 0.000000000000000000e+00 0.000000000000000000e+00 0.000000000000000000e+00 0.000000000000000000e+00 0.000000000000000000e+00 0.000000000000000000e+00 0.000000000000000000e+00 0.000000000000000000e+00 0.000000000000000000e+00 0.000000000000000000e+00 0.000000000000000000e+00 0.000000000000000000e+00 0.000000000000000000e+00 0.000000000000000000e+00 0.000000000000000000e+00 0.000000000000000000e+00 0.000000000000000000e+00 0.000000000000000000e+00 0.000000000000000000e+00 0.000000000000000000e+00 0.000000000000000000e+00 0.000000000000000000e+00 0.000000000000000000e+00
7.157569999999999766e+00 -5.420980000000000132e+00 5.796149999999999913e+00 8.324339999999999407e+00 -6.994270000000000209e+00 -1.552529999999999966e+01 2.647050000000000125e+01 -7.155859999999999665e+00 -3.381430000000000291e+01 2.117000000000000171e+01 1.557729999999999926e+01 -4.024889999999999901e+01 1.678010000000000090e+01 3.584210000000000207e+01 -3.039410000000000167e+01 2.037500000000000089e+00 3.873199999999999932e+01 -8.014490000000000336e+00 2.619289999999999896e+00 2.036880000000000024e+01 1.371149999999999913e+01 -1.800359999999999872e+01 8.085140000000000882e+00 9.758219999999999672e+00 -2.497459999999999880e+01 5.178049999999999820e+00 2.428519999999999968e+01 -2.204029999999999845e+01 -1.539669999999999916e+01 3.072319999999999851e+01 -5.164049999999999585e+00 -2.734149999999999991e+01 1.256250000000000000e+01 2.039029999999999987e+01 -3.245779999999999887e+01 3.199159999999999826e+01 4.430499999999999972e+01 -2.996389999999999887e+01 2.422080000000000055e+01 4.000849999999999795e+01 -3.094180000000000064e+01 -7.011320000000000441e+00 3.158180000000000121e+01 -1.861759999999999948e+01 -2.188500000000000156e+01 1.824569999999999936e+01 -7.058950000000000502e-01 -1.006990000000000052e+01 -5.031670000000000087e+00 4.109009999999999607e+00 -1.065600000000000058e+01 -7.424800000000000288e+00 -3.641789999999999861e+00 7.718799999999999883e+00 -1.215590000000000082e+01 -3.038530000000000175e+00 2.640159999999999840e+01 -2.813629999999999853e+01 -9.955099999999999838e+00 4.462230000000000274e+01 -4.571200000000000330e+01 5.486250000000000071e+00 4.312669999999999959e+01 -3.842860000000000298e+01 2.893250000000000099e+01 3.476570000000000249e+01 -1.589020000000000010e+01 4.479209999999999781e+01 3.125000000000000000e+01 -2.106869999999999976e+01 2.430770000000000053e+01 2.138819999999999943e+00 -3.250379999999999825e+00 1.521860000000000035e+01 -2.197900000000000187e+00 0.000000000000000000e+00 0.000000000000000000e+00 0.000000000000000000e+00 0.000000000000000000e+00 0.000000000000000000e+00 0.000000000000000000e+00 0.000000000000000000e+00 0.000000000000000000e+00 0.000000000000000000e+00 0.000000000000000000e+00 0.000000000000000000e+00 0.000000000000000000e+00 0.000000000000000000e+00 0.000000000000000000e+00 0.000000000000000000e+00 0.000000000000000000e+00 0.000000000000000000e+00 0.000000000000000000e+00 0.000000000000000000e+00 0.000000000000000000e+00 0.000000000000000000e+00 0.000000000000000000e+00 0.000000000000000000e+00 0.000000000000000000e+00 0.000000000000000000e+00 0.000000000000000000e+00
7.176249999999999574e+00 -5.419150000000000134e+00 5.813740000000000130e+00 8.291079999999999117e+00 -7.016680000000000028e+00 -1.550859999999999950e+01 2.639229999999999876e+01 -7.196180000000000021e+00 -3.384170000000000300e+01 2.126069999999999993e+01 1.562190000000000012e+01 -4.010510000000000019e+01 1.661230000000000118e+01 3.575359999999999872e+01 -3.010239999999999938e+01 1.589469999999999938e+00 3.831470000000000198e+01 -7.874259999999999593e+00 2.534909999999999997e+00 2.011289999999999978e+01 1.397049999999999947e+01 -1.773949999999999960e+01 7.283470000000000333e+00 1.000120000000000076e+01 -2.354269999999999996e+01 2.589539999999999953e+00 2.441649999999999920e+01 -1.516869999999999941e+01 -1.538380000000000081e+01 3.103640000000000043e+01 -1.342709999999999937e+01 -3.336840000000000117e+01 2.152009999999999934e+01 1.071429999999999971e+01 -4.489759999999999707e+01 2.384909999999999997e+01 2.382300000000000040e+01 -4.431600000000000250e+01 7.399460000000000370e+00 3.539929999999999666e+01 -3.726650000000000063e+01 -1.009409999999999918e+01 3.448740000000000094e+01 -2.186570000000000036e+01 -2.137500000000000000e+01 2.073789999999999978e+01 -3.905310000000000059e+00 -1.014390000000000036e+01 -2.474530000000000118e+00 9.363949999999999774e-01 -1.164700000000000024e+01 -5.133680000000000021e+00 -4.212390000000000079e+00 7.394280000000000186e+00 -1.191140000000000043e+01 -2.338000000000000078e+00 2.516219999999999857e+01 -2.756129999999999924e+01 -1.013380000000000081e+01 4.329019999999999868e+01 -4.520219999999999771e+01 5.265410000000000146e+00 4.278620000000000090e+01 -3.825139999999999674e+01 2.894989999999999952e+01 3.484449999999999648e+01 -1.588969999999999949e+01 4.499759999999999849e+01 3.108119999999999905e+01 -2.106769999999999854e+01 2.428940000000000055e+01 2.130050000000000221e+00 -3.231939999999999813e+00 1.522109999999999985e+01 -2.178129999999999900e+00 0.000000000000000000e+00 0.000000000000000000e+00 0.000000000000000000e+00 0.000000000000000000e+00 0.000000000000000000e+00 0.000000000000000000e+00 0.000000000000000000e+00 0.000000000000000000e+00 0.000000000000000000e+00 0.000000000000000000e+00 0.000000000000000000e+00 0.000000000000000000e+00 0.000000000000000000e+00 0.000000000000000000e+00 0.000000000000000000e+00 0.000000000000000000e+00 0.000000000000000000e+00 0.000000000000000000e+00 0.000000000000000000e+00 0.000000000000000000e+00 0.000000000000000000e+00 0.000000000000000000e+00 0.000000000000000000e+00 0.000000000000000000e+00 0.000000000000000000e+00 0.000000000000000000e+00
6.501800000000000246e+00 -5.518659999999999677e+00 3.905689999999999884e+00 1.064639999999999986e+01 -4.060800000000000409e+00 -1.658650000000000091e+01 2.892200000000000060e+01 -8.204860000000000042e+00 -3.377870000000000061e+01 2.377449999999999974e+01 1.196330000000000027e+01 -4.485840000000000316e+01 1.896229999999999905e+01 3.323360000000000269e+01 -3.992980000000000018e+01 -6.886700000000000044e-01 3.950780000000000314e+01 -2.576980000000000004e+01 -5.828829999999999956e+00 3.005679999999999907e+01 -1.781379999999999963e+00 -1.058919999999999995e+01 1.370129999999999981e+01 7.196040000000000214e-01 -1.856350000000000122e+01 8.002280000000000726e+00 1.330390000000000050e+01 -9.953849999999999199e+00 -8.736290000000000333e+00 2.205409999999999826e+01 -1.323830000000000062e+01 -2.615190000000000126e+01 2.130089999999999861e+01 6.945829999999999949e+00 -4.261460000000000292e+01 2.256729999999999947e+01 2.176429999999999865e+01 -4.246159999999999712e+01 7.832589999999999719e+00 3.434599999999999653e+01 -3.675959999999999894e+01 -9.372289999999999566e+00 3.530689999999999884e+01 -2.147609999999999886e+01 -2.065259999999999962e+01 2.090530000000000044e+01 -3.031140000000000168e+00 -1.140279999999999916e+01 -2.544770000000000199e+00 3.027409999999999823e-01 -1.228589999999999982e+01 -4.257450000000000401e+00 -3.582800000000000207e+00 7.092319999999999958e+00 -1.142060000000000031e+01 -1.897489999999999899e+00 2.472180000000000177e+01 -2.703140000000000143e+01 -1.024220000000000041e+01 4.262800000000000011e+01 -4.486299999999999955e+01 4.936980000000000146e+00 4.235609999999999786e+01 -3.816179999999999950e+01 2.888269999999999982e+01 3.504090000000000060e+01 -1.593900000000000006e+01 4.511229999999999762e+01 3.124190000000000111e+01 -2.129090000000000060e+01 2.471689999999999898e+01 2.103699999999999903e+00 -3.447389999999999954e+00 1.581339999999999968e+01 -2.493759999999999977e+00 0.000000000000000000e+00 0.000000000000000000e+00 0.000000000000000000e+00 0.000000000000000000e+00 0.000000000000000000e+00 0.000000000000000000e+00 0.000000000000000000e+00 0.000000000000000000e+00 0.000000000000000000e+00 0.000000000000000000e+00 0.000000000000000000e+00 0.000000000000000000e+00 0.000000000000000000e+00 0.000000000000000000e+00 0.000000000000000000e+00 0.000000000000000000e+00 0.000000000000000000e+00 0.000000000000000000e+00 0.000000000000000000e+00 0.000000000000000000e+00 0.000000000000000000e+00 0.000000000000000000e+00 0.000000000000000000e+00 0.000000000000000000e+00 0.000000000000000000e+00 0.000000000000000000e+00
1.332629999999999981e+01 -1.266890000000000072e+01 1.862440000000000095e+00 1.556700000000000017e+01 -9.959659999999999513e+00 -1.867239999999999966e+01 3.235779999999999745e+01 -8.142189999999999372e+00 -3.664880000000000138e+01 2.261199999999999832e+01 1.097349999999999959e+01 -4.463709999999999667e+01 1.900519999999999854e+01 3.241179999999999950e+01 -3.956139999999999901e+01 -3.142010000000000081e-01 3.968939999999999912e+01 -2.546509999999999962e+01 -6.200389999999999624e+00 3.032049999999999912e+01 -1.628579999999999917e+00 -1.062729999999999997e+01 1.387219999999999942e+01 8.522220000000000351e-01 -1.864519999999999911e+01 8.025420000000000442e+00 1.333929999999999971e+01 -1.000680000000000014e+01 -8.749729999999999563e+00 2.198979999999999890e+01 -1.327350000000000030e+01 -2.616440000000000055e+01 2.114829999999999899e+01 6.931280000000000108e+00 -4.261079999999999757e+01 2.228450000000000131e+01 2.221310000000000073e+01 -4.171849999999999881e+01 8.095280000000000697e+00 3.435349999999999682e+01 -3.722030000000000172e+01 -9.714470000000000383e+00 3.617909999999999826e+01 -2.214750000000000085e+01 -2.113459999999999894e+01 2.213769999999999882e+01 -3.123409999999999798e+00 -1.258200000000000074e+01 -1.245009999999999950e+00 6.033610000000000362e-01 -1.357740000000000080e+01 -3.101869999999999905e+00 -3.168829999999999814e+00 5.808980000000000032e+00 -1.130129999999999946e+01 -4.566740000000000244e+00 2.267920000000000158e+01 -2.753150000000000119e+01 -5.698400000000000354e+00 4.047939999999999827e+01 -3.894930000000000092e+01 1.313620000000000054e+01 3.824499999999999744e+01 -3.967949999999999733e+01 2.741489999999999938e+01 2.250509999999999877e+01 -2.534819999999999851e+01 3.298879999999999768e+01 7.335420000000000051e+00 -1.868459999999999965e+01 1.181680000000000064e+01 3.525059999999999860e+00 -4.179519999999999902e-01 6.343390000000000306e+00 -2.814589999999999925e+00 0.000000000000000000e+00 0.000000000000000000e+00 0.000000000000000000e+00 0.000000000000000000e+00 0.000000000000000000e+00 0.000000000000000000e+00 0.000000000000000000e+00 0.000000000000000000e+00 0.000000000000000000e+00 0.000000000000000000e+00 0.000000000000000000e+00 0.000000000000000000e+00 0.000000000000000000e+00 0.000000000000000000e+00 0.000000000000000000e+00 0.000000000000000000e+00 0.000000000000000000e+00 0.000000000000000000e+00 0.000000000000000000e+00 0.000000000000000000e+00 0.000000000000000000e+00 0.000000000000000000e+00 0.000000000000000000e+00 0.000000000000000000e+00 0.000000000000000000e+00 0.000000000000000000e+00
