# num_vectors 13
# vector_size 101
# Iterations: 7200, stepsize: 0.055028, max step size: 1.000000, spring constant: 0.100000, global NEB Hessian: false, global NEB Linesearch: true, climbing image: false
-33.0544 -1.29095 8.38678 -23.7741 9.42457 21.9539 -7.05671 24.4383 27.2897 7.82214 30.9087 20.4701 8.26679 33.1024 -3.00539 16.9965 27.4661 -14.983 26.1821 10.8468 -24.43 27.7288 -10.0565 -14.0332 20.6554 -25.3484 -3.21757 2.58578 -34.4268 3.05046 -11.2189 -34.5795 1.86948 -25.7256 -26.2858 -11.0727 -19.5671 -10.2501 -26.413 -5.48528 0.433979 -31.6336 11.3944 10.7096 -25.3355 15.9995 24.6563 -11.1112 14.2018 39.02 1.35343 -4.8012 31.4101 12.139 -7.78822 20.945 21.1854 1.4461 2.51265 31.7478 9.44263 -16.2956 26.4898 12.8948 -35.8329 14.9064 -2.18537 -40.0787 -2.49248 -12.6184 -27.2268 -7.7305 -28.6615 -15.3286 -6.27099 0.0362601 0.0787557 0.0597104 -0.000104034 0.00845614 0.000413558 0.0921856 0.114274 0.192841 0.198582 0.223126 0.313921 0.326821 0.335973 0.368988 0.322968 -0.400273 -0.411998 -0.31895 -0.339024 -0.309718 -0.280985 -0.233242 -0.196292 -0.182688 0.136101
-31.0977 2.37153 4.94432 -22.3157 13.1388 18.7991 -5.53733 27.1835 26.1877 9.24572 34.2181 19.7277 9.64134 37.4765 -3.62504 17.0283 31.0594 -16.1029 26.3361 13.7816 -24.1445 29.8527 -6.74266 -13.4757 23.8818 -24.5934 -6.65283 6.93834 -34.8331 0.848987 -6.67226 -33.6287 3.14808 -22.7074 -23.0746 -5.69557 -19.1287 -10.9114 -24.9218 -7.30106 0.369546 -33.4391 8.27828 13.2814 -28.8843 11.8461 26.8886 -14.0465 9.85299 40.4067 -0.697352 -6.0515 29.2179 11.8408 -6.05591 18.9458 21.5753 6.64168 1.33755 29.6566 14.7765 -17.0997 23.3928 16.037 -36.7344 11.5317 0.545378 -38.9448 -5.88328 -11.1283 -26.2628 -7.96822 -27.198 -14.3794 -6.69182 0.0522983 0.0838334 0.0724989 -0.0799752 -0.128091 -0.17663 -0.0983487 -0.18083 -0.260055 -0.236987 -0.146698 -0.252089 -0.383523 -0.370466 -0.285913 -0.275345 0.396607 0.491735 0.519939 0.368943 0.328265 0.183032 0.219767 0.149152 0.00888205 0.226697
-30.0433 3.1034 3.70881 -21.3842 13.6994 17.7713 -3.36566 27.2502 22.7762 10.7965 32.9892 14.0444 8.53457 38.1283 -8.85949 18.8311 33.6783 -20.0676 29.2215 15.5522 -23.7156 30.9561 -3.30061 -9.9679 24.4641 -21.531 -4.83431 7.53461 -31.5036 3.04875 -5.80416 -29.9636 6.46782 -23.0444 -20.8082 -1.6362 -21.0715 -12.1893 -22.9016 -9.56632 -2.8996 -33.903 5.41319 11.3554 -32.2938 9.84313 26.457 -19.2411 9.10687 38.9173 -4.78034 -6.09347 27.3114 8.24378 -7.48594 16.9973 17.8334 5.7595 2.20158 29.7592 17.1146 -14.3672 23.2881 17.1564 -36.2102 16.1698 0.24712 -39.7939 0.37811 -11.4643 -27.0754 -1.2133 -27.4534 -15.6026 -4.92634 -0.0284005 0.014272 -0.0416634 -0.221885 -0.151747 -0.109557 0.0253343 -0.0436995 -0.146518 -0.0857963 0.00724538 -0.229676 -0.432639 -0.40343 -0.185258 -0.150175 0.316427 0.415919 0.42928 0.162854 0.151562 0.199582 0.313396 0.28473 -0.0901572 0.146612
-28.6219 2.71367 3.93994 -20.8169 14.2443 17.765 -0.943993 25.8532 19.6707 11.2377 30.021 7.67161 7.78473 37.69 -14.3595 20.5262 34.8326 -23.3555 31.738 16.8595 -22.3114 31.2509 -0.697526 -6.85336 24.1627 -18.858 -2.29284 6.91805 -28.0492 5.85243 -6.3781 -26.3569 9.36416 -24.536 -20.2493 0.436286 -22.8664 -13.5419 -21.5322 -11.0935 -5.86309 -33.4544 3.41609 8.94313 -34.1138 9.14151 25.4534 -23.4979 8.95034 36.8845 -8.19394 -5.85329 26.0527 5.90924 -9.23882 14.7268 13.6901 2.60935 2.24544 29.1948 17.9101 -10.9134 23.0259 16.8468 -33.8604 22.7535 -0.636815 -40.3986 8.62112 -12.8991 -28.7881 4.58564 -26.9419 -16.7514 -3.09428 0.026111 0.0583102 -0.0754787 -0.294932 -0.178115 -0.0289477 0.142904 0.0889283 -0.0158476 0.0654249 0.107841 -0.205567 -0.429124 -0.36148 -0.0182459 0.0381979 0.0531805 0.163802 0.221881 -0.194015 -0.0917486 0.243477 0.387997 0.439595 -0.144148 0.000984217
-26.6152 2.09049 4.99828 -19.5445 15.64 17.3037 2.28275 23.1605 16.7259 9.48705 26.6248 1.04668 7.0873 37.172 -19.9081 21.8919 35.4604 -25.3236 33.4476 18.392 -20.3271 31.2584 1.65924 -4.12034 23.7825 -16.4512 -0.00129379 6.27259 -25.1984 8.06635 -7.13142 -23.6871 11.2336 -25.7453 -20.238 1.83428 -24.3101 -14.6284 -20.4562 -12.3031 -8.21071 -32.8799 1.60572 6.98117 -35.3172 8.59755 24.3457 -27.0921 9.14488 34.8749 -11.1623 -4.9757 24.6603 4.05684 -10.1027 12.5143 9.20098 -1.17368 0.46777 26.8554 17.9704 -7.60376 23.1585 16.0998 -29.6092 29.484 -1.37935 -39.1445 17.1666 -14.3741 -30.141 9.98803 -25.9697 -17.8497 -0.76084 -0.0106558 0.0454178 -0.0631702 -0.250234 -0.364714 -0.0147058 0.253835 0.245803 0.162882 0.260523 0.262482 -0.0837506 -0.323433 -0.227454 0.179865 0.21486 -0.131507 -0.0297269 0.0549439 -0.577233 -0.36361 0.213833 0.355256 0.465083 -0.27459 -0.118721
-24.641 0.844684 6.67191 -17.2795 15.8379 16.9683 4.87171 20.7383 12.6542 5.31972 23.4436 -4.73044 7.82404 36.5577 -24.1686 23.4069 35.7086 -26.9775 34.6938 19.8198 -18.6117 31.1047 3.79678 -1.9438 23.4802 -14.3098 1.91122 5.7719 -22.5511 10.0778 -7.62565 -20.6603 13.0632 -26.378 -18.9123 3.47089 -25.2922 -15.2704 -19.2436 -13.309 -10.1171 -32.2647 -0.0745756 5.36977 -36.1632 7.89191 23.087 -29.7834 9.17929 33.066 -13.545 -3.94612 22.7671 2.48644 -9.86151 10.2758 5.52825 -3.64704 -4.69615 22.0733 17.2348 -3.25534 24.7567 13.6483 -23.328 35.3384 -2.17733 -36.5751 24.2821 -15.286 -31.8464 13.9251 -25.137 -19.3311 1.78399 -0.245613 -0.27212 -0.567227 -0.713139 -0.300266 0.216841 0.542422 0.53894 0.439278 0.531288 0.49258 0.0296292 -0.262683 -0.147442 0.301935 0.336747 -0.062807 0.0969325 0.360161 -0.197961 -0.925159 -0.0200571 0.117757 0.265724 -0.555762 -0.20813
-22.3499 -0.0790913 8.61184 -14.163 16.532 15.0962 7.35264 18.7775 7.01374 1.75763 20.8636 -9.54213 8.18135 34.9993 -27.2905 24.022 35.0611 -28.0041 35.7305 21.3199 -16.8718 30.9548 6.03227 0.184532 23.0783 -11.9846 3.95191 5.11028 -19.5582 12.197 -8.36834 -17.569 14.717 -27.023 -18.5298 4.82784 -26.1821 -16.286 -18.0774 -14.3727 -11.9418 -31.5447 -1.90741 3.71428 -36.9939 7.07255 21.5188 -32.4741 9.01754 31.0327 -16.0235 -3.16041 20.4688 0.573395 -8.80378 7.62077 2.40648 -3.17815 -9.05413 17.4669 12.7772 1.17575 26.7466 10.8194 -17.4093 40.1074 -3.31385 -33.6439 30.8944 -15.3824 -32.9564 18.4305 -23.6852 -20.5056 5.12188 0.0721511 -0.0864938 -1.154 -1.25407 -0.475405 0.201314 0.662932 0.686638 0.590568 0.676169 0.571958 -0.0203177 -0.358821 -0.241254 0.211712 0.198231 -0.378011 -0.240677 0.0573941 -0.146143 -0.461482 0.421756 0.403962 0.512185 -0.450296 -0.507286
-19.6698 -1.01331 10.7701 -11.3059 16.5315 13.457 8.0647 16.3219 0.886554 0.271826 18.3301 -14.7656 8.95898 33.3112 -30.7711 24.7259 34.1003 -29.2801 36.2811 23.0437 -15.3493 30.7246 8.61727 2.21315 22.5226 -9.17831 6.32238 4.24306 -15.9761 14.5589 -9.36836 -14.1897 16.4349 -27.5349 -18.1894 6.40007 -26.9138 -17.4014 -16.6085 -15.5796 -13.7513 -30.6768 -3.95752 1.80233 -37.971 6.07164 19.4453 -35.4795 8.96859 28.8647 -19.1147 -2.46351 18.2529 -2.02538 -7.72508 5.17108 -0.817056 -2.5009 -11.0265 14.8945 7.71337 2.65334 27.2986 7.66229 -12.0265 44.9687 -4.75759 -30.4875 37.6792 -15.2026 -32.9949 24.0378 -21.8113 -21.5887 8.96101 -0.0348455 -0.464017 -1.22157 -1.36963 -0.49452 0.278116 0.850651 0.876742 0.774889 0.839546 0.657778 -0.0685656 -0.439793 -0.314879 0.143844 0.076149 -0.647725 -0.559648 -0.331918 -0.475588 0.083988 0.887093 0.671615 0.719667 -0.437372 -0.470565
-16.4151 -1.96335 12.6828 -8.21144 15.8397 11.823 7.45087 13.5492 -4.99146 -0.594241 15.7736 -20.4858 10.2142 31.661 -34.1552 25.5569 33.0786 -30.4085 36.4662 24.606 -14.3137 30.4524 11.3754 4.02255 21.7523 -5.97029 8.94973 3.15423 -11.9618 17.0986 -10.598 -10.7181 18.2431 -27.7423 -17.5991 7.97468 -27.4644 -18.4372 -15.0388 -16.8299 -15.4247 -29.7878 -6.05676 -0.324862 -39.0686 4.8688 16.9522 -38.6167 8.91745 26.5057 -22.5775 -1.87167 15.8186 -5.12108 -6.8668 2.61508 -4.12424 -2.74776 -11.295 13.9326 4.01157 2.66881 28.2382 4.34401 -7.12631 49.0152 -6.38074 -27.3813 44.2293 -15.1932 -32.2648 30.0885 -19.9414 -22.4176 13.3085 -0.336804 -1.06535 -1.16905 -1.40816 -0.428022 0.40913 1.06896 1.09452 0.995022 1.03583 0.781969 -0.0453584 -0.42249 -0.269082 0.227078 0.153239 -0.580106 -0.483093 -0.309794 -1.24349 0.225789 1.03588 0.682932 0.705104 -0.654655 -0.44582
-13.127 -2.70389 14.8597 -4.97262 14.2558 9.30468 6.29316 10.4963 -10.5003 -1.27894 13.4528 -26.1102 11.7064 29.7762 -37.1108 26.3306 31.8556 -31.3437 36.4735 25.8333 -13.7172 30.2366 14.2836 5.65129 20.9589 -2.34434 11.8379 2.05178 -7.66494 19.7373 -11.7975 -7.29334 19.5453 -27.5775 -16.906 9.28372 -27.924 -19.3929 -13.6092 -18.1344 -16.9698 -29.0362 -8.15652 -2.71374 -40.3233 3.40629 14.0777 -41.8769 8.68969 23.7804 -26.293 -0.986178 13.1126 -8.18445 -5.7206 -0.0468661 -6.01862 -3.98311 -11.1939 14.2111 0.651917 2.95189 29.1692 1.06483 -2.74154 51.4216 -8.09635 -24.2726 50.6043 -15.5118 -31.0269 36.4318 -18.4049 -22.4414 18.5713 -0.598335 -1.2511 -1.23244 -1.58426 -0.450538 0.453173 1.22284 1.27064 1.19642 1.2079 0.898022 -0.00709181 -0.383481 -0.210415 0.331577 0.25705 -0.481989 -0.397882 -0.318713 -1.27286 0.0427121 1.06911 0.590633 0.588797 -0.939778 -0.530621
-9.60905 -4.92004 15.2536 -2.88852 11.958 7.84103 5.83641 7.3361 -13.0349 -1.90549 12.4657 -27.9846 11.0333 29.2589 -38.3127 25.075 33.2778 -32.1379 35.0973 29.7555 -13.7807 29.4236 19.8287 6.63244 21.9504 2.9319 14.3452 3.32737 -3.74387 21.8818 -10.4829 -4.45389 21.0168 -25.4349 -16.3587 11.9934 -28.7212 -20.0718 -10.4965 -20.8383 -20.0218 -27.1565 -12.1273 -7.00456 -40.7528 0.308443 8.54826 -45.3922 8.33985 19.1119 -31.651 -0.643924 12.2024 -11.4795 -6.22803 -0.178573 -7.50371 -4.29188 -9.56193 13.5847 -2.63833 5.35024 28.4246 -0.220884 1.94839 51.0154 -6.35299 -20.5523 53.0873 -12.827 -29.8017 39.8962 -15.3422 -24.0709 20.8723 -0.694307 -1.47231 -1.35546 -1.71688 -0.506815 0.470745 1.37239 1.40306 1.343 1.31361 0.952853 0.0546839 -0.396076 -0.187301 0.383095 0.271519 -0.404899 -0.367239 -0.327476 -1.05452 -0.0848958 1.06075 0.545055 0.541506 -1.14409 -0.632214
-6.4762 -7.48085 15.4938 -1.34418 9.12921 6.39749 5.14461 3.8291 -15.1222 -2.11892 11.0851 -29.4167 11.0069 28.1077 -39.1143 24.0111 34.3841 -32.561 33.7767 33.5226 -13.7534 29.3629 24.7839 7.4972 22.8911 8.41559 17.0384 4.44758 0.218038 23.4276 -9.15362 -2.07353 22.1122 -22.6357 -16.2096 14.0432 -29.1617 -20.4671 -7.62855 -23.866 -22.6811 -25.1427 -15.9486 -11.5318 -40.7373 -2.84159 2.15038 -48.4227 7.81343 13.3494 -37.1991 0.640963 11.1169 -15.3151 -5.96753 0.307855 -9.00887 -3.53071 -7.47097 12.6723 -5.0687 7.24414 27.7197 -0.818133 6.02876 50.2634 -5.19026 -16.4318 55.2219 -11.0081 -27.7828 43.4416 -12.8785 -25.4783 23.6359 -0.772229 -1.65378 -1.4569 -1.84056 -0.585926 0.4757 1.50938 1.5317 1.4783 1.39876 0.97099 0.142317 -0.388583 -0.184405 0.407429 0.254401 -0.355936 -0.374555 -0.390966 -0.622734 -0.280855 1.038 0.542196 0.521304 -1.36304 -0.748222
-8.03261 -9.83992 15.8757 -2.88733 6.37293 6.09606 5.53572 -0.0603458 -14.4212 -0.13104 7.35903 -29.3402 13.3196 24.6007 -38.1667 24.9478 32.9366 -31.3296 35.2476 34.2096 -12.8328 34.1727 23.9543 8.16998 23.2583 11.1814 19.0592 4.0086 2.55087 20.8367 -8.74678 -2.78644 21.7246 -19.8789 -18.8741 13.7267 -29.562 -20.6402 -7.09373 -26.8266 -23.996 -25.0086 -16.5185 -15.2539 -40.7408 -2.58956 -3.49401 -50.0008 9.0351 8.91509 -41.2945 5.98895 9.75093 -18.3737 -1.91385 1.25511 -10.2719 1.11226 -6.72844 11.2601 0.389752 7.07303 27.2074 3.94452 5.56297 49.8534 -8.60263 -12.9148 56.8758 -16.493 -24.2097 46.3102 -16.5138 -25.6467 26.335 -0.800008 -1.73376 -1.52162 -1.8933 -0.618429 0.460057 1.56392 1.66578 1.62749 1.54841 0.912337 0.276665 -0.322032 -0.282863 0.320107 0.192498 -0.478438 -0.535213 -0.614699 -0.867604 -0.477866 1.2769 0.959393 0.800577 -1.4583 -0.772476
