# num_vectors 15
# vector_size 401
# Iterations: 7400, stepsize: 0.028943, max step size: 1.000000, spring constant: 0.000010, global NEB Hessian: false, global NEB Linesearch: true, climbing image: false
-34.0619 -1.40363 7.08717 -33.3213 2.53473 9.91635 -32.0489 6.40118 12.6541 -30.2658 10.185 15.2166 -27.9972 13.8749 17.519 -24.7484 18.0766 19.7831 -20.9417 22.0953 21.4246 -16.6709 25.8798 22.3031 -12.0617 29.3569 22.2886 -8.42742 31.7405 21.6031 -4.7871 33.8408 20.3007 -1.25133 35.608 18.3681 2.05554 36.9941 15.818 5.90968 38.1858 11.5189 8.82361 38.5844 6.40944 11.18 38.366 1.00974 13.6891 37.3515 -4.2278 15.6047 35.9758 -7.41411 17.6277 34.079 -10.2469 19.6889 31.723 -12.6791 21.7247 28.9748 -14.6836 24.3151 24.8004 -16.6782 26.6482 20.2015 -17.9112 28.6361 15.3137 -18.4328 30.211 10.2521 -18.3149 31.4094 4.57946 -17.5407 31.9906 -1.08715 -16.2117 31.9119 -6.66496 -14.452 31.1364 -12.0827 -12.3876 29.8936 -16.54 -10.4794 28.1019 -20.7849 -8.52382 25.7528 -24.7672 -6.60643 22.8477 -28.4295 -4.81703 19.191 -31.8818 -3.16688 14.9786 -34.8166 -1.87982 10.2927 -37.1406 -1.07054 5.25901 -38.7608 -0.846085 1.86083 -39.3958 -1.06581 -1.55127 -39.6729 -1.5949 -4.90823 -39.5807 -2.44428 -8.13484 -39.1166 -3.6159 -12.6382 -37.7093 -5.99494 -16.4087 -35.4979 -8.96354 -19.283 -32.5953 -12.3153 -21.177 -29.1449 -15.8406 -22.1121 -24.9358 -19.6562 -21.9363 -20.4321 -23.2389 -20.7676 -15.7814 -26.4256 -18.7538 -11.0961 -29.0982 -16.6452 -7.37366 -30.8094 -14.1781 -3.70551 -32.1091 -11.4329 -0.107811 -32.9763 -8.48784 3.41114 -33.395 -5.02723 7.27173 -33.3154 -1.51695 11.0278 -32.6401 1.93576 14.6785 -31.3604 5.22043 18.2192 -29.4734 8.18053 21.5911 -27.0248 10.747 24.8251 -24.0111 12.7972 27.8899 -20.4711 14.2072 30.7417 -16.4702 14.8398 33.1641 -12.4033 14.7269 35.298 -8.1324 13.8096 37.0863 -3.80027 12.0631 38.444 0.432139 9.15121 39.0833 5.38911 6.13461 38.3237 10.2658 3.77879 36.3743 15.176 2.16933 33.4488 19.8993 1.53957 31.2496 22.5983 1.16761 28.7824 25.1067 1.03427 26.0859 27.3933 1.11697 23.1971 29.4341 1.66355 18.1395 32.2016 2.60326 12.7935 34.2202 3.816 7.27025 35.469 5.18102 1.6624 35.9441 6.45321 -3.45232 35.7093 7.66261 -8.51507 34.8492 8.71972 -13.4706 33.3798 9.53547 -18.2602 31.3234 10.0495 -23.2084 28.4532 10.0648 -27.7826 24.9798 9.48048 -31.8672 20.9846 8.2106 -35.3326 16.5839 6.15015 -38.0859 11.8475 3.29733 -39.9143 7.07483 -0.304674 -40.7009 2.52878 -4.53878 -40.3755 -1.49938 -7.97479 -39.4094 -3.96949 -11.5517 -37.8611 -5.87989 -15.1523 -35.8065 -7.16641 -18.6518 -33.3249 -7.82628 -22.4236 -30.0323 -7.84004 -25.7857 -26.3917 -7.12583 -28.6448 -22.509 -5.77798 -30.9416 -18.4742 -3.90373 -32.6946 -14.2067 -1.52335 -33.7951 -9.91287 1.17888 -34.2463 -5.6353 4.08562 41.006 40.9923 40.9963 40.9973 40.2452 40.2047 40.1496 40.2164 41.1137 40.959 40.737 40.5705 40.836 40.7634 40.7383 40.6567 41.1341 41.0193 40.8251 40.5834 41.1544 40.8545 40.6575 40.5447 40.9103 40.8101 40.7351 40.6875 40.8108 40.7651 40.7361 40.7119 40.7293 40.6977 40.6723 40.6547 40.6618 40.678 40.7097 40.7576 40.4886 40.528 40.6261 40.6981 40.5895 40.7109 40.8057 40.9192 40.5568 40.6244 40.7071 40.7555 40.848 40.9068 40.9575 40.9957 40.9773 40.9917 41.005 41.0105 40.9023 40.8616 40.8307 40.8358 40.6041 40.5902 40.4758 40.3307 40.4197 40.4065 40.3974 40.4517 40.3303 40.4163 40.4485 40.5305 40.4814 40.5276 40.5444 40.5168 40.3973 40.2235 40.0991 40.0264 40.4908 40.4186 40.4583 40.6367 40.342 40.5127 40.735 40.9948 40.3851 40.5923 40.8093 40.9981 40.204 40.3499 40.4322 40.4507 -0.036273
-32.5434 -1.39937 8.37749 -31.3092 1.51614 12.1241 -29.2438 4.16338 15.7 -26.5982 6.74221 18.9267 -23.5777 9.52471 21.6091 -19.7434 13.164 23.9297 -15.7551 17.0242 25.5183 -11.5389 20.8281 26.5601 -6.88514 24.228 26.8991 -3.05214 26.3506 26.4992 0.841157 28.0671 25.38 4.45085 29.4984 23.3116 7.237 30.7269 20.1362 8.88144 31.9813 14.6161 8.46608 32.7499 8.78631 7.82262 33.112 2.93781 8.62852 32.8676 -2.89656 10.1716 32.1614 -6.47872 12.2687 30.9689 -9.62387 14.5757 29.287 -12.3737 16.8233 27.1657 -14.8558 19.5333 23.7937 -17.9211 21.9272 19.9971 -20.7434 24.0919 15.6906 -22.9521 25.8987 10.779 -23.8016 27.1725 5.18268 -22.6758 27.7285 -0.0131017 -20.0479 27.8211 -4.98756 -16.9726 27.396 -9.94953 -13.905 26.4965 -14.092 -11.2438 25.0726 -18.0445 -8.52325 23.0372 -21.7512 -5.84577 20.2363 -25.1057 -3.40572 16.4557 -28.1189 -1.25163 12.1064 -30.5868 0.481702 7.43604 -32.6334 1.9001 2.49308 -34.215 2.93822 -0.89785 -34.8525 3.24434 -4.35168 -35.0966 3.14514 -7.76254 -34.922 2.56733 -11.0172 -34.377 1.5143 -15.5415 -33.0185 -0.852959 -19.5548 -31.2737 -3.8141 -22.8962 -29.0393 -7.24356 -24.9858 -26.0765 -11.0873 -25.3 -22.2181 -15.3488 -24.0058 -18.2178 -19.282 -21.9111 -14.2539 -22.8941 -19.1624 -10.3711 -26.137 -16.345 -7.42858 -28.2896 -13.0235 -4.67965 -29.9147 -9.35011 -2.08309 -30.9116 -5.47325 0.389901 -31.2012 -1.01013 2.97773 -30.684 3.40727 5.38889 -29.4364 7.53402 7.9159 -27.5743 10.9548 10.8715 -25.0354 13.2596 14.1646 -21.8784 14.5516 17.5862 -18.3079 15.2623 21.0794 -14.6449 15.8067 24.801 -11.184 16.2931 28.551 -8.26779 16.5323 32.4041 -5.45702 15.8921 35.9179 -2.28737 13.7113 38.2345 1.27334 9.3038 38.5075 5.00837 4.34289 36.7084 7.37626 -0.420312 34.1421 9.42109 -4.46748 31.1272 12.2469 -6.24159 28.9261 14.3738 -7.34821 26.4508 16.6461 -7.75795 23.7574 18.903 -7.52544 20.9527 21.0467 -6.00913 16.3748 24.2523 -3.69642 11.9765 27.2254 -1.12258 7.46028 29.7773 1.44574 2.47637 31.2252 3.67571 -2.3039 31.1465 5.73891 -7.01502 29.9722 7.5971 -11.6349 28.2303 9.21254 -16.25 26.2499 10.7623 -21.2799 23.9516 12.1821 -26.2774 21.5034 13.0289 -31.1386 18.5651 12.3548 -35.3578 14.7276 9.80937 -38.2284 10.3078 6.16631 -39.7817 5.9983 2.12248 -40.4041 1.81311 -2.06839 -39.4288 -2.15418 -4.99079 -37.2499 -4.50991 -7.58228 -34.152 -6.09873 -10.0714 -30.7203 -7.02894 -12.8566 -27.4369 -7.57618 -16.6313 -24.1695 -7.94908 -20.7716 -21.3558 -8.01389 -24.8331 -18.4869 -7.43282 -28.2781 -15.2394 -5.80533 -30.7691 -11.6559 -2.9948 -32.2127 -8.1406 0.541496 -32.8278 -4.72162 4.39891 0.344727 0.420562 0.44715 0.414415 -0.400493 -0.510515 -0.609266 -0.528728 0.409834 0.271272 0.0399566 -0.131742 0.160701 0.150409 0.14463 -0.0208396 0.39171 0.262701 0.113457 -0.048266 0.59004 0.278211 -0.0463051 -0.293013 0.043807 0.00311191 -0.00406658 -0.00966956 0.14558 0.130353 0.129753 0.134193 0.184776 0.183267 0.174577 0.167127 0.19245 0.231629 0.2927 0.368094 0.117489 0.138719 0.210548 0.300504 0.261354 0.4268 0.482174 0.550577 0.189497 0.262237 0.330201 0.348626 0.408976 0.423424 0.377775 0.264444 0.100089 0.0350757 0.031367 0.0308348 -0.0976992 -0.155076 -0.159702 -0.0573328 -0.157775 -0.0911099 -0.218521 -0.367486 -0.243487 -0.229194 -0.219236 -0.149798 -0.245066 -0.146668 -0.151331 -0.128366 -0.204562 -0.157524 -0.152424 -0.202497 -0.287054 -0.330294 -0.38747 -0.642437 -0.421785 -0.50976 -0.353903 -0.109001 -0.37149 -0.146269 0.122821 0.345141 -0.414331 -0.412933 -0.318598 -0.0606077 -0.618792 -0.256816 -0.0638107 0.0521614 0.346226
-30.6214 2.18203 5.03868 -29.4338 5.36735 8.57472 -27.4862 8.07026 12.175 -24.984 10.5829 15.5641 -22.0812 13.232 18.4996 -18.3102 16.6394 21.2383 -14.3048 20.2116 23.3663 -10.0386 23.7592 24.9618 -5.34885 27.0376 25.7294 -1.51331 29.1834 25.5246 2.35716 31.0073 24.4998 5.92112 32.6055 22.4748 8.65775 34.0419 19.3438 10.2912 35.6101 13.9012 9.9483 36.6972 8.11741 9.33163 37.3192 2.28783 9.93189 37.172 -3.57462 11.1911 36.399 -7.2528 12.9495 35.0465 -10.5378 14.9387 33.1543 -13.3971 16.9482 30.8142 -15.8868 19.5041 27.1658 -18.762 21.891 23.1235 -21.2265 24.1281 18.67 -23.0355 26.1033 13.7779 -23.5603 27.7442 8.33277 -22.1939 28.8209 3.32063 -19.378 29.4647 -1.56792 -16.2319 29.5153 -6.73728 -13.4959 28.9365 -11.336 -11.6071 27.7807 -15.9252 -9.97793 26.0022 -20.3176 -8.36713 23.4777 -24.2781 -6.63728 20.0125 -27.7829 -4.70859 15.9771 -30.6089 -2.77427 11.5897 -32.8814 -0.877378 6.87298 -34.484 0.910312 3.58591 -34.9818 1.88284 0.191901 -34.9638 2.57464 -3.21757 -34.4274 2.86796 -6.5377 -33.4525 2.71088 -11.2791 -31.3626 1.67655 -15.6109 -28.8819 -0.0560845 -19.3681 -26.0951 -2.51277 -21.9859 -23.0463 -5.94346 -22.9407 -19.7879 -10.5929 -22.2637 -16.8811 -15.5162 -20.786 -14.0292 -20.2944 -18.73 -10.8945 -24.6641 -16.5255 -8.19418 -27.6771 -13.8146 -5.39665 -30.1378 -10.6851 -2.52947 -31.9309 -7.2532 0.376963 -32.9329 -3.18654 3.59041 -33.0733 0.89667 6.69918 -32.334 4.70929 9.88351 -30.8483 7.81929 13.3185 -28.5221 9.82519 16.8121 -25.3764 10.8363 20.177 -21.6644 11.3058 23.484 -17.7955 11.6658 27.0233 -14.1257 12.022 30.6485 -11.0378 12.1614 34.3825 -8.06432 11.4917 37.6794 -4.67539 9.4506 39.5533 -0.786595 5.52135 38.985 3.4192 1.28037 36.2237 6.21982 -2.62095 32.7419 8.69198 -5.65628 29.0679 11.9696 -6.73284 26.6785 14.346 -7.11047 24.1742 16.8161 -6.79184 21.5592 19.1773 -5.85874 18.8817 21.2929 -3.29319 14.5392 24.1379 -0.0391058 10.3548 26.4691 3.36245 6.04719 28.315 6.54355 1.28414 29.1672 9.0758 -3.32081 28.7065 11.2391 -7.91298 27.2702 13.0616 -12.4638 25.321 14.5012 -17.0599 23.1684 15.6546 -22.1377 20.7456 16.4953 -27.2374 18.2415 16.7164 -32.1491 15.2735 15.5459 -36.2107 11.3856 12.7666 -38.6682 6.85895 9.11146 -39.671 2.39905 5.0567 -39.7534 -1.82088 0.637108 -38.3761 -5.40194 -2.60343 -36.052 -7.11494 -5.54188 -32.951 -7.88085 -8.31321 -29.6134 -8.01239 -11.2876 -26.4533 -7.95065 -15.1838 -23.3097 -7.94965 -19.3766 -20.5742 -7.95114 -23.4362 -17.6732 -7.5435 -26.8121 -14.1828 -6.32578 -29.1655 -10.0791 -4.18886 -30.4541 -5.84552 -1.47535 -30.9496 -1.6938 1.6011 0.308806 0.393597 0.428606 0.402884 -0.402555 -0.502817 -0.598824 -0.527849 0.389396 0.23572 -0.00602864 -0.188766 0.0888894 0.0628039 0.0536051 -0.101094 0.304475 0.139693 -0.0735853 -0.308904 0.27111 -0.0384454 -0.306059 -0.496682 -0.131147 -0.166176 -0.192371 -0.244196 -0.147539 -0.213309 -0.253156 -0.281862 -0.26305 -0.292982 -0.325176 -0.351506 -0.335225 -0.296478 -0.228755 -0.141909 -0.377783 -0.345206 -0.252855 -0.12495 -0.141134 0.0021798 0.00362914 -0.00545179 -0.439051 -0.409902 -0.356228 -0.329381 -0.245719 -0.191217 -0.17224 -0.196461 -0.261599 -0.231228 -0.14882 -0.0704005 -0.121826 -0.0977175 -0.0111958 0.186785 0.180376 0.319219 0.248055 0.156099 0.324436 0.368406 0.403462 0.497743 0.437403 0.576897 0.596608 0.610537 0.496979 0.499989 0.464281 0.361759 0.20733 0.109521 0.0429533 -0.185703 0.0489856 -0.0459596 0.0927625 0.293008 -0.0208187 0.17577 0.455146 0.71197 -0.0222281 -0.0157301 0.0769054 0.321388 -0.303031 -0.0444891 0.0752027 0.158727 0.485593
-29.6474 2.83911 3.91654 -28.4012 6.1446 7.31951 -26.533 8.79938 10.9967 -24.0931 11.2034 14.5078 -21.1057 13.7783 17.4242 -17.0586 17.1265 19.8201 -12.7143 20.6065 21.3524 -8.13914 24.0086 22.2605 -3.22565 27.0398 22.2727 0.678597 28.8898 21.4411 4.4884 30.3528 19.7973 7.83779 31.6288 17.2458 10.1952 32.9159 13.7613 11.083 34.6506 8.19791 9.84458 36.1602 2.63569 8.45964 37.2973 -2.98038 8.98918 37.8754 -8.82291 10.6942 37.6854 -12.3963 13.1336 36.8818 -15.4156 15.8858 35.406 -17.8569 18.6012 33.2707 -19.8012 21.8463 29.5634 -21.7599 24.6004 25.2465 -23.1348 26.974 20.5502 -23.7844 28.8963 15.643 -23.2069 30.2536 10.4886 -20.799 30.8643 5.98398 -17.1186 31.0064 1.59123 -13.2595 30.6538 -3.34193 -10.1372 29.8487 -7.95033 -8.35849 28.5581 -12.6395 -7.17687 26.6864 -17.1519 -6.08845 24.08 -21.1984 -4.71645 20.5568 -24.7101 -2.9093 16.5085 -27.471 -0.90948 12.1449 -29.6401 1.15598 7.48768 -31.104 3.20004 4.25942 -31.501 4.3912 0.927777 -31.3959 5.3331 -2.44097 -30.8135 5.89027 -5.76787 -29.8543 5.99085 -10.6362 -27.9177 5.30709 -15.2224 -25.7386 3.84507 -19.3486 -23.4089 1.50732 -22.4152 -20.9815 -2.04532 -23.8388 -18.5264 -7.05452 -23.5474 -16.4526 -12.4175 -22.4072 -14.4392 -17.6895 -20.6304 -12.147 -22.6631 -18.5718 -10.0954 -26.2384 -15.9437 -7.87733 -29.305 -12.8736 -5.44684 -31.7334 -9.52376 -2.75473 -33.3951 -5.60365 0.519908 -34.2861 -1.70281 3.93574 -34.2787 1.94979 7.53295 -33.5022 4.99797 11.3952 -31.8665 7.09366 15.3191 -29.3493 8.32266 19.1206 -26.1611 9.06382 22.7852 -22.6758 9.69304 26.4781 -19.1983 10.2887 30.0286 -16.0606 10.6883 33.5309 -12.8388 10.3697 36.5112 -9.12113 8.73987 38.0783 -4.91506 5.14191 37.2199 -0.468437 1.10852 34.3575 2.53077 -2.69746 30.8349 5.09267 -5.83039 27.1411 8.25452 -7.12127 24.7408 10.5103 -7.80636 22.2267 12.9031 -7.81133 19.6375 15.3138 -7.13795 17.0745 17.6576 -4.7849 13.1985 21.2594 -1.55709 9.78898 24.6489 2.00571 6.28756 27.5778 5.71681 2.14466 29.1887 9.04262 -1.94038 28.9057 12.095 -5.92519 27.283 14.7217 -9.9761 25.1569 16.6912 -14.4615 23.1995 17.9526 -19.834 21.6097 18.5172 -25.421 20.4057 18.2967 -30.9326 18.807 16.6358 -35.6662 16.0114 13.4254 -38.6798 12.1558 9.47033 -40.0397 8.06162 5.15068 -40.4106 4.13 0.422041 -39.2521 0.881877 -2.98904 -36.9796 -0.544921 -5.96153 -33.859 -1.05701 -8.67602 -30.4732 -1.11818 -11.6068 -27.2797 -1.33646 -15.4795 -24.2211 -2.17687 -19.6258 -21.7129 -3.43303 -23.673 -18.9416 -4.43337 -27.0577 -15.2539 -4.5075 -29.2585 -10.6811 -3.41713 -30.1763 -5.94078 -1.51111 -30.2524 -1.35133 0.913173 0.188399 0.269242 0.315259 0.305463 -0.483403 -0.574882 -0.673019 -0.606183 0.3156 0.159558 -0.0944441 -0.284643 0.000431715 0.00467672 0.0168285 -0.15641 0.240063 0.0934219 -0.0899652 -0.305501 0.271291 -0.0373812 -0.250523 -0.38037 0.0108092 -0.0151676 -0.0287489 -0.0714545 0.0186969 -0.0606464 -0.111306 -0.146815 -0.132939 -0.166004 -0.19965 -0.225938 -0.207687 -0.16595 -0.0946309 -0.00548048 -0.242381 -0.215638 -0.130423 -0.0172202 -0.06274 0.0514978 0.0404652 0.0276957 -0.412916 -0.39637 -0.363512 -0.365473 -0.312633 -0.273434 -0.24027 -0.227359 -0.250908 -0.189759 -0.086633 0.0129407 -0.01891 0.0131205 0.0838377 0.23686 0.166358 0.248554 0.151609 0.0409402 0.196611 0.237678 0.275417 0.373639 0.317634 0.456418 0.474349 0.509872 0.453671 0.516729 0.45984 0.230645 -0.0475913 -0.179666 -0.19266 -0.303548 0.0314092 -0.030706 0.114643 0.314634 0.00765608 0.229325 0.557575 0.854363 0.125949 0.102749 0.141256 0.322987 -0.347883 -0.112395 -0.0210945 0.0226 0.441838
-28.2961 2.44782 4.20721 -27.2334 5.96375 7.45815 -25.6821 8.88044 11.0839 -23.4822 11.5387 14.5701 -20.462 14.2383 17.336 -16.0272 17.3968 19.2559 -11.1362 20.3542 20.0702 -6.07982 23.1399 20.1313 -0.960102 25.6003 19.0993 2.80544 27.022 17.3227 6.20884 28.0572 14.7339 8.97451 28.9742 11.4375 10.7231 30.0954 7.55922 10.9542 32.0376 1.99838 9.2642 34.0865 -3.26426 7.69109 35.9542 -8.62959 8.44175 37.4832 -14.2728 10.5618 37.8285 -17.6041 13.5716 37.4508 -20.1556 16.9231 36.2861 -21.9229 20.1816 34.3396 -23.066 23.9745 30.7189 -23.8502 27.0386 26.3948 -24.0071 29.5073 21.732 -23.4833 31.3045 16.9951 -21.9207 32.265 12.1614 -18.7708 32.2942 8.0204 -14.6403 31.8286 3.96318 -10.4533 30.991 -0.762506 -7.11042 29.9261 -5.31393 -5.32175 28.4928 -9.99725 -4.29141 26.5172 -14.5082 -3.3984 23.7925 -18.5153 -2.1457 20.1432 -21.8988 -0.344583 15.9984 -24.4559 1.72725 11.5714 -26.3898 3.88887 6.88603 -27.6164 6.02274 3.66082 -27.8881 7.25656 0.338266 -27.7176 8.2207 -3.03774 -27.1725 8.77169 -6.4099 -26.383 8.8317 -11.4339 -24.9628 8.01846 -16.2441 -23.5253 6.37074 -20.6235 -22.0329 3.81885 -23.9353 -20.3986 0.0401371 -25.5172 -18.5818 -5.18892 -25.2828 -16.9407 -10.7025 -24.1731 -15.3265 -16.1165 -22.3895 -13.5091 -21.2803 -20.2768 -11.8935 -25.0428 -17.5678 -10.1191 -28.3205 -14.4337 -8.06725 -31.0033 -11.0794 -5.61287 -32.9921 -7.24403 -2.39484 -34.3408 -3.48828 1.14285 -34.8549 0.0350386 4.94165 -34.6538 3.06856 9.03174 -33.6772 5.34112 13.2448 -31.885 6.914 17.4277 -29.4037 8.03759 21.465 -26.4772 8.95677 25.3536 -23.2894 9.69653 28.8547 -20.1268 10.1603 32.1219 -16.6748 9.92311 34.7875 -12.7195 8.50657 36.1554 -8.36909 5.28709 35.3235 -3.63651 1.43332 32.6906 -0.219906 -2.37747 29.4179 2.64792 -5.74658 25.7793 5.62559 -7.35708 23.2618 7.51886 -8.48026 20.5353 9.47341 -8.97827 17.7108 11.5445 -8.7801 14.9906 13.7976 -7.09239 11.2288 17.8634 -4.46507 8.41577 22.1895 -1.28638 5.65799 26.1671 2.70177 2.23296 28.5944 6.86539 -1.00574 28.5593 10.9361 -3.87342 26.8177 14.583 -6.98988 24.6233 17.3717 -11.1953 23.0856 18.8934 -16.7232 22.7596 19.1214 -22.4285 23.3744 18.3885 -28.1162 23.6826 16.304 -33.331 22.4823 12.8391 -37.0677 19.604 8.76797 -39.151 15.9516 4.36671 -40.2161 12.2436 -0.478669 -39.7796 8.99024 -4.04165 -37.9929 7.27309 -7.21367 -35.2224 6.22508 -10.0724 -32.0467 5.464 -12.9637 -28.9738 4.44758 -16.5097 -25.95 2.61918 -20.1211 -23.3363 0.341777 -23.5779 -20.3304 -1.67728 -26.4918 -16.3764 -2.6444 -28.3565 -11.5523 -2.20317 -29.0277 -6.63213 -0.691103 -28.9276 -1.90336 1.44776 0.141758 0.18865 0.239391 0.273769 -0.456042 -0.50821 -0.607467 -0.57226 0.321691 0.145781 -0.128363 -0.331901 -0.0511813 -0.0434025 -0.0347541 -0.198024 0.196325 0.0483394 -0.121668 -0.307932 0.314431 0.0555293 -0.111992 -0.214203 0.176103 0.139093 0.125714 0.0927689 0.187672 0.104762 0.0470812 0.00524013 0.0149521 -0.0195013 -0.0521922 -0.0754071 -0.053253 -0.00888686 0.0624144 0.146937 -0.101826 -0.0921107 -0.028303 0.0537335 -0.0219775 0.0766289 0.0674714 0.0653759 -0.368337 -0.352876 -0.33058 -0.3512 -0.319169 -0.291048 -0.250715 -0.216924 -0.21954 -0.149469 -0.0471597 0.0539911 0.0262814 0.0535095 0.0984539 0.200347 0.0617696 0.0714536 -0.0637556 -0.194313 -0.0518927 -0.0123708 0.0326475 0.13787 0.0804253 0.203604 0.214234 0.281904 0.309839 0.470849 0.399715 0.0213578 -0.372137 -0.525638 -0.473497 -0.441547 0.030211 0.0185603 0.167129 0.378176 0.0953947 0.33626 0.673367 0.982155 0.277462 0.270721 0.286479 0.389105 -0.365998 -0.174099 -0.105635 -0.0961237 0.324079
-26.33 1.84443 5.28586 -25.4606 5.75258 8.11976 -24.2204 9.26318 11.3132 -22.2297 12.5085 14.4059 -19.1136 15.4424 16.8021 -14.204 18.0905 18.2895 -8.71798 19.8464 18.6787 -3.17042 21.3583 18.1595 1.95438 22.9644 16.0414 5.05484 24.0328 13.1085 7.23508 24.8711 9.38018 8.60117 25.6886 5.2787 9.24535 26.8308 1.07909 8.8963 29.115 -4.34411 7.42248 31.9098 -9.32089 6.38923 34.709 -14.405 7.87555 36.9764 -19.6393 10.587 37.729 -22.4309 14.1408 37.649 -24.1848 17.9075 36.7065 -24.9828 21.4607 34.9545 -25.1192 25.5214 31.5763 -24.6616 28.7501 27.4696 -23.7547 31.26 23.0237 -22.3246 32.9398 18.5348 -20.0576 33.5825 13.9795 -16.4458 33.1667 10.0665 -12.1185 32.241 6.19484 -7.83338 31.0374 1.59329 -4.42968 29.7841 -2.91974 -2.66599 28.2613 -7.59782 -1.74635 26.2301 -12.11 -0.99549 23.4328 -16.0981 0.152827 19.6943 -19.4062 1.91082 15.4742 -21.8395 3.97958 10.9879 -23.6407 6.1333 6.25475 -24.7569 8.22186 3.00616 -24.9937 9.40022 -0.3374 -24.8439 10.2924 -3.74086 -24.4041 10.7625 -7.15549 -23.8228 10.7404 -12.2756 -22.9091 9.80851 -17.1954 -22.111 8.05433 -21.6764 -21.2595 5.38729 -25.0629 -20.1731 1.47978 -26.7385 -18.8227 -3.86015 -26.6225 -17.5003 -9.46239 -25.6066 -16.1382 -14.9633 -23.8382 -14.6222 -20.2285 -21.6678 -13.3199 -24.0786 -18.8728 -11.8962 -27.4537 -15.6751 -10.1576 -30.279 -12.3228 -7.89687 -32.4883 -8.59138 -4.71498 -34.1725 -5.0129 -1.07498 -35.0834 -1.65169 2.86461 -35.3421 1.33868 7.08021 -34.9282 3.75669 11.4403 -33.8014 5.64302 15.8417 -32.0135 7.14287 20.1216 -29.6557 8.3884 24.1547 -26.773 9.34296 27.62 -23.6287 9.96081 30.6841 -20.0182 9.8883 33.038 -15.8639 8.71948 34.1356 -11.3658 5.87859 33.3871 -6.38348 2.26936 31.0447 -2.51793 -1.46531 28.0046 0.6861 -5.00363 24.3711 3.46704 -6.87246 21.7325 4.90252 -8.36339 18.8149 6.23677 -9.32037 15.7506 7.72297 -9.64245 12.781 9.61838 -8.8713 8.7564 13.7094 -7.22655 5.94963 18.4997 -4.85095 3.39319 23.1204 -0.92751 0.56523 26.304 3.8896 -1.51427 26.8476 8.8334 -2.78809 25.52 13.5307 -4.52682 23.8652 17.3879 -8.08572 23.3353 19.333 -13.3419 24.5873 19.1994 -18.6173 26.8532 17.9379 -23.8823 28.7689 15.5283 -29.0883 29.0401 11.9566 -33.3407 27.1926 7.88256 -36.1509 24.0684 3.5058 -37.9697 20.6346 -1.31798 -38.4418 17.354 -4.96892 -37.445 15.2293 -8.36506 -35.4244 13.4347 -11.4363 -32.8555 11.7597 -14.3181 -30.2234 9.86103 -17.5131 -27.4601 7.17433 -20.5551 -24.8588 4.16735 -23.3622 -21.7307 1.44745 -25.6197 -17.5713 -0.184951 -26.9507 -12.5546 -0.257866 -27.2769 -7.51746 0.953424 -26.9789 -2.69736 2.85729 0.0392524 0.0325257 0.0808724 0.173409 -0.465444 -0.44174 -0.525042 -0.533031 0.308028 0.104285 -0.182822 -0.393925 -0.127629 -0.147661 -0.159412 -0.326379 0.0839861 -0.0486613 -0.191908 -0.328751 0.371346 0.185297 0.0555252 -0.0328349 0.354224 0.30803 0.293973 0.270126 0.373525 0.293194 0.23423 0.190711 0.200448 0.168522 0.140497 0.123345 0.149687 0.194821 0.262542 0.338818 0.0763465 0.0724352 0.12503 0.191261 0.0933167 0.177415 0.169804 0.179303 -0.24488 -0.228377 -0.21556 -0.254061 -0.241513 -0.223636 -0.178305 -0.130048 -0.121072 -0.0510049 0.0431467 0.137656 0.105367 0.122015 0.142119 0.199216 -0.0147486 -0.0680515 -0.23657 -0.390325 -0.264212 -0.228591 -0.180595 -0.0786507 -0.16112 -0.0832044 -0.0930417 0.00388289 0.102756 0.336521 0.255108 -0.198179 -0.642529 -0.814205 -0.719703 -0.580155 0.00265149 0.0332885 0.179272 0.400241 0.134007 0.372019 0.685128 0.98143 0.291383 0.30148 0.304944 0.363774 -0.459301 -0.316976 -0.278131 -0.311555 0.148318
-24.3876 0.642002 6.93399 -23.4559 4.79831 9.36661 -22.2141 8.69274 12.0781 -20.1718 12.3566 14.6206 -16.8626 15.5163 16.3882 -11.6477 17.8897 17.096 -5.96549 18.8608 16.7816 -0.383522 19.5245 15.4661 4.20784 20.5552 12.1219 6.05468 21.3425 8.20731 6.39942 21.9582 3.86476 6.00432 22.6321 -0.464912 5.58771 23.7901 -4.68888 5.34671 26.4126 -9.96293 5.23499 29.8569 -14.7459 5.83989 33.3967 -19.421 8.53073 36.2937 -23.7933 11.6962 37.3859 -25.9143 15.492 37.564 -27.0427 19.3797 36.8146 -27.2352 22.9818 35.2363 -26.7373 27.0442 32.1115 -25.3794 30.2376 28.2851 -23.5702 32.6569 24.1328 -21.3304 34.1566 19.9362 -18.4582 34.4913 15.6547 -14.4875 33.6978 11.9387 -10.041 32.4019 8.22027 -5.71624 30.9225 3.72059 -2.28512 29.5526 -0.765382 -0.539309 28.0037 -5.4483 0.309157 25.9683 -9.97213 0.973392 23.1371 -13.9506 2.07114 19.3405 -17.1898 3.83234 15.0693 -19.4994 5.93782 10.5398 -21.1434 8.12665 5.76838 -22.0709 10.2203 2.50568 -22.1808 11.3781 -0.841186 -21.9264 12.2334 -4.24396 -21.4376 12.6578 -7.6634 -20.8892 12.5894 -12.8064 -20.1961 11.5958 -17.7562 -19.7777 9.79493 -22.2742 -19.4062 7.08063 -25.7139 -18.8533 3.10826 -27.4674 -18.0594 -2.31766 -27.4442 -17.2151 -8.01273 -26.5201 -16.3007 -13.6214 -24.8123 -15.2526 -19.0189 -22.6553 -14.3357 -22.9858 -19.8558 -13.2761 -26.4887 -16.662 -11.8314 -29.4791 -13.3537 -9.74336 -31.9132 -9.75046 -6.59289 -33.9072 -6.36709 -2.86725 -35.1551 -3.18942 1.18214 -35.7795 -0.275667 5.47108 -35.795 2.22984 9.88245 -35.1711 4.34906 14.361 -33.9145 6.14857 18.7469 -32.0034 7.675 22.8563 -29.3748 8.83208 26.3019 -26.2771 9.60588 29.2432 -22.5953 9.69901 31.4157 -18.3436 8.76296 32.3599 -13.7571 6.27489 31.5531 -8.59821 2.99536 29.2517 -4.42635 -0.514816 26.2363 -0.956124 -4.02308 22.5309 1.76727 -5.97303 19.8165 2.92713 -7.60944 16.812 3.82738 -8.78632 13.6184 4.7925 -9.42172 10.4144 6.15077 -9.35708 5.65179 9.44381 -8.55947 1.68537 13.5866 -6.94408 -1.81034 17.911 -3.29959 -4.28319 21.6699 1.67091 -4.4735 23.4251 6.75234 -3.05768 23.4509 11.9601 -2.21798 23.4459 16.6707 -4.00613 25.0064 18.7657 -8.37043 28.0953 17.8968 -13.1169 31.2097 15.8413 -17.8893 33.656 13.1533 -22.871 34.6262 9.80874 -27.5432 33.5128 6.14524 -31.2658 30.8712 2.19629 -34.1516 27.6563 -2.22758 -35.901 24.2467 -5.70847 -36.049 21.6582 -9.11004 -35.2024 19.0986 -12.2579 -33.6413 16.5504 -15.1104 -31.715 13.9063 -18.0577 -29.311 10.6506 -20.6878 -26.6711 7.30727 -22.9959 -23.37 4.33406 -24.7629 -19.0862 2.43941 -25.6977 -13.9913 2.10179 -25.7339 -8.89858 3.10678 -25.2023 -4.02278 4.80716 -0.279236 -0.320294 -0.290734 -0.195811 -0.815346 -0.768118 -0.845543 -0.865187 -0.0287412 -0.219626 -0.483711 -0.672672 -0.401355 -0.445178 -0.451228 -0.527788 -0.013874 -0.0741692 -0.164478 -0.257885 0.496276 0.373289 0.294031 0.237361 0.637729 0.593644 0.582378 0.56544 0.673246 0.590925 0.525141 0.473531 0.475874 0.437892 0.405639 0.38688 0.413187 0.457365 0.52118 0.589648 0.313624 0.292908 0.327513 0.369008 0.240579 0.300096 0.281595 0.286423 -0.144201 -0.136339 -0.134791 -0.185852 -0.183689 -0.167179 -0.109774 -0.0403096 -0.0112809 0.0706732 0.17087 0.272354 0.24927 0.272917 0.292969 0.340514 0.108336 0.0367091 -0.141923 -0.305883 -0.189534 -0.157374 -0.109983 -0.0151754 -0.126095 -0.10112 -0.141755 -0.0269723 0.0848796 0.29373 0.17964 -0.254836 -0.708632 -0.937539 -0.857289 -0.668403 -0.0266585 0.00852278 0.117025 0.309698 0.0187102 0.215401 0.472413 0.731396 0.0409245 0.0704199 0.0772556 0.109847 -0.753734 -0.640028 -0.616752 -0.672806 0.0708393
-22.0976 -0.199594 8.78623 -20.9825 4.25752 10.5042 -19.5541 8.58193 12.3262 -17.3273 12.684 13.8342 -13.8318 16.059 14.5037 -8.46228 18.1416 14.105 -2.78707 18.3468 13.0663 2.63641 18.1874 11.0943 6.50775 18.6189 6.83407 7.03207 19.1085 2.49383 5.66228 19.5029 -1.66819 3.71985 20.053 -5.57708 2.37445 21.265 -9.58648 2.2481 24.1549 -14.7228 3.32938 27.8699 -19.1704 5.25247 31.6323 -23.2811 8.77867 34.7242 -26.8529 12.1989 35.9862 -28.4091 16.095 36.3833 -29.0216 20.0183 35.9005 -28.7246 23.6428 34.6448 -27.7249 27.7701 32.0342 -25.6604 31.0907 28.7645 -23.1316 33.6342 25.1343 -20.2224 35.1482 21.3599 -16.8206 35.3023 17.3965 -12.5221 34.1809 13.8829 -7.98264 32.5394 10.3203 -3.64411 30.7982 5.93539 -0.18744 29.3051 1.49265 1.56786 27.7081 -3.17867 2.39063 25.6402 -7.69336 3.01517 22.7474 -11.6311 4.09888 18.8685 -14.7562 5.88673 14.5289 -16.8899 8.03728 9.94242 -18.335 10.2476 5.11756 -19.0657 12.2962 1.82769 -19.0733 13.3798 -1.53903 -18.7674 14.1343 -4.95882 -18.3151 14.4476 -8.39549 -17.9192 14.2733 -13.5529 -17.6909 13.148 -18.4814 -17.9388 11.2595 -22.9619 -18.3088 8.4835 -26.3829 -18.4389 4.459 -28.1579 -18.1811 -1.01168 -28.1945 -17.6589 -6.74517 -27.3454 -17.0017 -12.4015 -25.7002 -16.2449 -17.8667 -23.5754 -15.5787 -21.9004 -20.8027 -14.7562 -25.4873 -17.6529 -13.5014 -28.6072 -14.4326 -11.5253 -31.2444 -11.0016 -8.39481 -33.5493 -7.84312 -4.61124 -35.1596 -4.86291 -0.492601 -36.1795 -2.02776 3.82434 -36.6389 0.566617 8.22677 -36.5165 2.92121 12.7048 -35.7883 5.02902 17.1268 -34.3287 6.84715 21.279 -31.9663 8.206 24.7076 -28.9325 9.11932 27.5456 -25.2018 9.3492 29.5538 -20.8752 8.60428 30.3427 -16.2247 6.40539 29.4437 -10.9509 3.39613 27.1347 -6.58403 0.101749 24.0898 -2.93267 -3.2542 20.2577 -0.192578 -5.12856 17.4426 0.8455 -6.69177 14.3422 1.5236 -7.8037 11.0489 2.18167 -8.39797 7.70093 3.15804 -8.34216 2.49809 5.69954 -7.61497 -2.19137 9.01807 -6.1677 -6.25625 12.8799 -2.98559 -8.33789 17.2464 1.09793 -7.03362 20.3198 4.87216 -3.6174 21.7021 8.68989 -0.392448 23.3903 12.4068 0.285976 27.0708 14.271 -2.55808 31.6983 13.8446 -7.05637 35.2435 12.4338 -11.979 37.8442 10.3603 -17.1551 39.2204 7.49511 -22.2371 38.7503 4.16855 -26.6019 36.7155 0.567501 -30.2794 33.9284 -3.38697 -33.0789 30.6446 -6.50203 -34.2276 27.8487 -9.60623 -34.4578 24.8237 -12.5312 -33.8498 21.6749 -15.1726 -32.5939 18.4677 -17.824 -30.5534 14.7432 -20.0842 -27.95 11.1128 -21.9677 -24.5794 7.92583 -23.3263 -20.2616 5.78696 -23.9474 -15.1474 5.15004 -23.7824 -10.0067 5.85255 -23.0882 -5.04031 7.19445 -0.160356 -0.241547 -0.264764 -0.22975 -0.907961 -0.909055 -1.02739 -1.08402 -0.272592 -0.470023 -0.730455 -0.918972 -0.670449 -0.761554 -0.790846 -0.834615 -0.264827 -0.275004 -0.318326 -0.365458 0.447024 0.387363 0.354113 0.323684 0.736589 0.698821 0.695665 0.691143 0.809209 0.730664 0.66341 0.608357 0.607535 0.567485 0.534826 0.517926 0.545473 0.587548 0.643824 0.699148 0.402505 0.357936 0.366963 0.37436 0.207257 0.23796 0.207127 0.206537 -0.231723 -0.233877 -0.244153 -0.306949 -0.314765 -0.303346 -0.243257 -0.166068 -0.132455 -0.054728 0.034493 0.124193 0.0919444 0.107294 0.116001 0.146737 -0.108167 -0.199622 -0.384399 -0.546914 -0.427719 -0.387369 -0.323006 -0.205103 -0.286334 -0.23223 -0.248283 -0.121011 -0.0433367 0.126044 0.102016 -0.0968316 -0.332051 -0.456625 -0.364912 -0.19774 0.421059 0.435895 0.528034 0.710111 0.396742 0.554323 0.760657 0.977795 0.266908 0.293099 0.291014 0.294668 -0.611675 -0.53531 -0.536379 -0.615173 -0.0186343
-19.4444 -1.07329 10.8495 -18.2442 3.56831 11.8867 -16.7709 8.1394 12.8842 -14.5467 12.4809 13.397 -11.1068 15.9403 12.8894 -5.92925 17.7434 11.0817 -0.619281 17.3501 8.85059 4.24657 16.4814 5.86789 7.22411 16.2261 0.929063 6.96076 16.3649 -3.45995 4.93291 16.6476 -7.35379 2.52564 17.2972 -10.9784 0.975793 18.7502 -14.8307 1.11494 21.968 -19.7677 2.87198 25.8657 -23.8263 5.49181 29.7635 -27.3895 9.48246 33.0131 -30.2647 13.0492 34.4041 -31.2924 16.9728 34.9634 -31.3641 20.8387 34.7064 -30.5263 24.3701 33.7743 -28.9855 28.3975 31.7529 -26.1916 31.6888 29.1747 -22.9309 34.2276 26.2185 -19.3355 35.687 22.9938 -15.3881 35.6877 19.4288 -10.7512 34.3537 16.1364 -6.10469 32.4987 12.7336 -1.72416 30.5821 8.49257 1.81825 28.9834 4.12956 3.67742 27.3157 -0.498944 4.59627 25.1824 -4.9721 5.29541 22.2044 -8.82836 6.43935 18.226 -11.7946 8.27853 13.802 -13.7131 10.4595 9.14418 -14.9376 12.6538 4.2539 -15.4909 14.6002 0.927758 -15.4394 15.5654 -2.46921 -15.1458 16.1752 -5.91226 -14.8059 16.3407 -9.35885 -14.6423 16.0376 -14.4783 -14.9935 14.7786 -19.2875 -16.0012 12.8362 -23.6176 -17.1876 10.0504 -26.9281 -18.058 6.02551 -28.6719 -18.3736 0.54789 -28.7548 -18.1907 -5.20592 -27.9887 -17.7985 -10.8986 -26.4436 -17.326 -16.4246 -24.4087 -16.8861 -20.535 -21.7369 -16.2644 -24.2369 -18.7085 -15.1718 -27.533 -15.6449 -13.3105 -30.4278 -12.4392 -10.2456 -33.1136 -9.52992 -6.47558 -35.1648 -6.75221 -2.35996 -36.6584 -3.99303 1.92239 -37.6245 -1.31067 6.25338 -38.0423 1.27489 10.6593 -37.8707 3.70034 15.0539 -36.9052 5.85205 19.2258 -34.8824 7.48307 22.6704 -32.0047 8.62306 25.4872 -28.3207 9.06741 27.4441 -23.9873 8.54859 28.1884 -19.2988 6.61016 27.2883 -13.924 3.80416 25.0253 -9.40054 0.669411 21.9935 -5.60076 -2.5501 18.0654 -2.83302 -4.34297 15.1688 -1.87858 -5.82371 12.0011 -1.34164 -6.86144 8.6577 -0.831452 -7.39233 5.26894 0.0344521 -7.23849 0.0311433 2.49894 -6.38483 -4.65173 5.79662 -4.97659 -8.59792 9.79363 -2.4449 -10.2648 14.727 0.507463 -8.36622 18.6642 3.03504 -4.31572 20.9071 5.31473 -0.217307 23.322 7.47422 1.85257 27.6666 8.81387 0.593394 33.107 9.05807 -2.83389 37.709 8.60603 -7.1175 41.5078 7.24613 -12.1024 44.015 4.8205 -17.4168 44.375 1.83972 -22.2104 42.8276 -1.36456 -26.4458 40.3675 -4.81039 -30.0235 37.2715 -7.49869 -31.92 34.4403 -10.1823 -32.9747 31.1959 -12.7207 -33.1425 27.6791 -15.0025 -32.5096 24.0413 -17.2457 -30.9596 19.8423 -19.085 -28.6603 15.7931 -20.5377 -25.4934 12.1979 -21.4948 -21.3073 9.62414 -21.7909 -16.2371 8.55056 -21.4065 -11.0703 8.87106 -20.5572 -6.03518 9.80607 -0.279884 -0.378184 -0.4259 -0.426737 -1.14656 -1.17663 -1.29278 -1.31441 -0.457828 -0.622193 -0.854564 -1.02308 -0.769222 -0.870958 -0.905555 -0.932333 -0.333544 -0.315046 -0.326516 -0.337177 0.523083 0.513288 0.516038 0.50854 0.933166 0.896714 0.890868 0.885506 1.00354 0.922656 0.850056 0.788317 0.781204 0.736267 0.700642 0.682539 0.707461 0.743344 0.787647 0.826196 0.506296 0.436678 0.41897 0.390451 0.182579 0.183103 0.139443 0.132274 -0.314917 -0.326406 -0.344125 -0.410724 -0.419519 -0.407304 -0.343868 -0.261713 -0.227018 -0.156277 -0.0809055 -0.00789414 -0.0559144 -0.0550822 -0.0620919 -0.050161 -0.328024 -0.439373 -0.631428 -0.793129 -0.67277 -0.627206 -0.550785 -0.415669 -0.471468 -0.382766 -0.380018 -0.274044 -0.247759 -0.118571 -0.0639863 -0.0784815 -0.124907 -0.116282 0.0248555 0.193895 0.804365 0.809704 0.892778 1.06151 0.721593 0.842699 1.00505 1.17995 0.433192 0.431401 0.402028 0.370439 -0.577243 -0.536022 -0.560219 -0.657125 0.0418841
-16.2492 -1.99365 12.7039 -14.9236 2.71564 13.0585 -13.4141 7.37565 13.3152 -11.2917 11.7818 12.9412 -8.1581 15.1869 11.3153 -3.624 16.6722 8.06548 0.849147 15.7697 4.52934 4.73237 14.323 0.510028 6.68047 13.5169 -4.86387 5.93301 13.3894 -9.19721 3.76983 13.6346 -13.0202 1.44391 14.46 -16.6621 0.135509 16.2031 -20.4835 0.781321 19.7687 -25.133 3.13324 23.8666 -28.6582 6.30451 27.9164 -31.5384 10.647 31.3295 -33.599 14.2859 32.84 -34.0341 18.1543 33.542 -33.5284 21.8733 33.4845 -32.1577 25.2193 32.8438 -30.1311 29.0168 31.3641 -26.7397 32.141 29.4388 -22.9128 34.5529 27.1418 -18.7876 35.8905 24.4867 -14.3976 35.7576 21.3809 -9.44321 34.308 18.3915 -4.62947 32.3468 15.2332 -0.114107 30.3095 11.2205 3.62162 28.5906 7.00428 5.69943 26.7974 2.47462 6.84635 24.542 -1.90233 7.74288 21.447 -5.61986 9.02718 17.3583 -8.38112 10.9418 12.844 -10.0621 13.1338 8.11124 -11.0717 15.2764 3.15597 -11.5006 17.0849 -0.207434 -11.4537 17.9112 -3.63632 -11.2502 18.357 -7.09676 -11.0994 18.3536 -10.5278 -11.2273 17.8963 -15.5194 -12.1935 16.4588 -20.0736 -13.9303 14.419 -24.103 -15.8712 11.6058 -27.1832 -17.4348 7.60788 -28.854 -18.3294 2.17158 -29.0209 -18.5445 -3.57926 -28.3993 -18.4828 -9.30262 -27.0145 -18.3243 -14.8887 -25.1204 -18.1002 -19.0829 -22.6039 -17.6527 -22.9164 -19.753 -16.7067 -26.4103 -16.895 -14.9804 -29.5853 -13.9449 -12.051 -32.6837 -11.2863 -8.39091 -35.2174 -8.70155 -4.37066 -37.2276 -6.01931 -0.194597 -38.728 -3.27344 4.0086 -39.6873 -0.501835 8.28731 -40.0586 2.19775 12.6023 -39.5894 4.66989 16.7649 -37.95 6.60157 20.2385 -35.3027 8.02666 23.0888 -31.7459 8.74608 25.0723 -27.4618 8.48483 25.8379 -22.7554 6.79477 24.9629 -17.2934 4.15721 22.7304 -12.6549 1.15865 19.696 -8.74884 -1.92606 15.6656 -5.97492 -3.64135 12.6965 -5.10461 -5.06411 9.48576 -4.67801 -6.08881 6.13223 -4.21025 -6.64852 2.77909 -3.23158 -6.55898 -2.17614 -0.236953 -5.71518 -6.27398 3.76646 -4.49198 -9.53086 8.39544 -2.70356 -10.6283 13.7921 -0.723793 -8.56211 18.2232 1.03456 -4.55276 21.1659 2.5461 -0.452196 24.12 3.84083 2.02436 28.5938 4.72379 1.89812 34.2669 5.12696 -0.106843 39.6335 5.03498 -3.15216 44.5019 3.99677 -7.49054 48.119 1.89665 -12.8079 49.372 -0.689243 -17.9741 48.4336 -3.4479 -22.7402 46.4504 -6.41085 -26.9724 43.6994 -8.71329 -29.4366 40.967 -10.9928 -31.0932 37.6656 -13.1197 -31.8451 33.9574 -14.9944 -31.7346 30.0442 -16.7822 -30.6896 25.4859 -18.1749 -28.8079 21.0603 -19.1682 -25.9974 17.0379 -19.6498 -22.0896 13.9458 -19.4834 -17.1784 12.2729 -18.718 -12.0514 11.9984 -17.575 -6.99835 12.3264 -0.514015 -0.616861 -0.676623 -0.704124 -1.45891 -1.51099 -1.61271 -1.58489 -0.667556 -0.791627 -0.993103 -1.13479 -0.857781 -0.946567 -0.970826 -0.973728 -0.342143 -0.292728 -0.271683 -0.248766 0.650658 0.678664 0.709731 0.724479 1.16528 1.13439 1.12566 1.11618 1.23197 1.14928 1.07371 1.00789 0.996723 0.94873 0.911238 0.891476 0.912128 0.94066 0.97351 0.998422 0.661811 0.575354 0.537096 0.47802 0.235095 0.211308 0.160505 0.151524 -0.299848 -0.31401 -0.328894 -0.38596 -0.380945 -0.354947 -0.279328 -0.185786 -0.142843 -0.0693849 0.00357306 0.0709432 0.016361 0.0105582 -0.00449892 -0.00372697 -0.297119 -0.424405 -0.626313 -0.79552 -0.686886 -0.651533 -0.585519 -0.463238 -0.53745 -0.462259 -0.484824 -0.437873 -0.484315 -0.412322 -0.345662 -0.284321 -0.245693 -0.165948 0.0240344 0.231823 0.874552 0.89404 0.974351 1.13086 0.770252 0.866143 0.99883 1.1432 0.366385 0.337751 0.282929 0.220344 -0.765724 -0.761097 -0.809507 -0.920297 0.00400193
-13.0204 -2.72981 14.7994 -11.4358 1.86373 14.1296 -9.75109 6.38892 13.2669 -7.69456 10.5644 11.7193 -5.04319 13.6059 8.93072 -1.51243 14.6184 4.47718 1.84051 13.3154 -0.038037 4.60758 11.5414 -4.78392 5.61733 10.5293 -10.3768 4.55752 10.3818 -14.644 2.43805 10.7492 -18.4816 0.375893 11.824 -22.2162 -0.523427 13.8592 -26.0113 0.757703 17.6988 -30.2968 3.73088 21.8807 -33.1992 7.42761 25.9512 -35.3249 12.0366 29.4211 -36.5374 15.6612 31.0193 -36.3919 19.391 31.8674 -35.3518 22.9022 32.0274 -33.5191 26.0238 31.6844 -31.1 29.5532 30.7207 -27.2626 32.4714 29.4001 -23.0374 34.7235 27.7301 -18.5374 35.9308 25.6624 -13.8069 35.699 23.0999 -8.55429 34.2032 20.538 -3.51351 32.2061 17.7547 1.22722 30.0844 14.0896 5.26135 28.2372 10.1092 7.66803 26.2856 5.75095 9.16666 23.8779 1.53199 10.3716 20.6603 -1.99849 11.8652 16.4738 -4.53693 13.8745 11.8798 -6.00032 16.057 7.06583 -6.84707 18.0862 2.01804 -7.23972 19.6272 -1.39972 -7.27239 20.1886 -4.86055 -7.23875 20.3257 -8.30875 -7.34839 20.0172 -11.6662 -7.81859 19.3073 -16.4166 -9.42486 17.6432 -20.6142 -11.8636 15.5576 -24.2701 -14.5062 12.8067 -27.0882 -16.711 8.91907 -28.71 -18.1592 3.58828 -29.0351 -18.7889 -2.1252 -28.6447 -19.0846 -7.86164 -27.4917 -19.2434 -13.5001 -25.7831 -19.2154 -17.779 -23.46 -18.9142 -21.7466 -20.8202 -18.1019 -25.4345 -18.1919 -16.5353 -28.8794 -15.5017 -13.8203 -32.383 -13.0741 -10.3786 -35.4071 -10.6609 -6.55776 -37.9493 -8.05937 -2.56419 -39.9909 -5.29136 1.4657 -41.4825 -2.40361 5.58701 -42.3784 0.497697 9.79519 -42.3966 3.24044 13.9251 -41.1527 5.45378 17.4167 -38.7619 7.16902 20.3013 -35.3645 8.19404 22.3213 -31.1604 8.24861 23.1185 -26.4523 6.89938 22.2626 -20.8933 4.52338 20.0295 -16.1158 1.77473 16.9849 -12.0378 -1.01399 12.918 -9.01494 -2.56586 9.92354 -7.9474 -3.88452 6.70851 -7.28434 -4.90743 3.40849 -6.52389 -5.58501 0.205912 -5.18274 -5.89406 -4.24556 -1.49247 -5.53974 -7.61611 3.20269 -4.89885 -10.1119 8.3883 -3.90673 -10.6128 14.0709 -2.68606 -8.34543 18.6745 -1.45877 -4.36681 21.9134 -0.361515 -0.29874 25.0873 0.535738 2.42148 29.5168 1.17848 3.09311 35.1839 1.57003 2.21905 40.8466 1.58517 0.282088 46.2532 0.761508 -3.2981 50.6675 -0.996805 -8.40149 52.9299 -3.18823 -13.8275 53.0442 -5.55461 -19.0819 52.0193 -8.12881 -23.9158 49.9541 -10.124 -26.8691 47.4767 -12.0631 -29.0048 44.2335 -13.8192 -30.1955 40.447 -15.311 -30.4654 36.3798 -16.6614 -29.7765 31.6083 -17.6189 -28.189 26.9576 -18.15 -25.6784 22.6587 -18.1278 -22.1045 19.1528 -17.4361 -17.4946 16.8688 -16.2029 -12.5537 15.8619 -14.6696 -7.61888 15.3687 -0.601989 -0.708204 -0.782055 -0.843689 -1.64726 -1.74013 -1.84747 -1.80196 -0.859288 -0.968733 -1.15839 -1.28774 -0.998996 -1.08256 -1.10266 -1.08816 -0.426883 -0.346719 -0.292733 -0.237491 0.696827 0.757412 0.81516 0.855352 1.32002 1.30403 1.29968 1.29136 1.40973 1.33054 1.25801 1.19415 1.18431 1.13741 1.10188 1.08496 1.10403 1.12598 1.14737 1.15882 0.806528 0.70526 0.649455 0.564507 0.292306 0.249179 0.193913 0.184185 -0.270244 -0.28491 -0.293254 -0.336208 -0.31326 -0.271756 -0.185748 -0.0846399 -0.0361379 0.0405413 0.114448 0.180912 0.124724 0.117541 0.100722 0.098006 -0.200926 -0.332238 -0.532049 -0.697112 -0.592782 -0.568468 -0.522643 -0.428163 -0.539258 -0.490106 -0.528609 -0.514045 -0.605655 -0.570485 -0.508379 -0.423579 -0.356693 -0.252186 -0.0388979 0.196129 0.864014 0.894045 0.967358 1.10539 0.721062 0.793327 0.901622 1.02266 0.224111 0.177175 0.104313 0.016118 -1.00553 -1.03733 -1.10984 -1.23236 -0.22614
-9.56731 -4.92455 15.1923 -8.14513 -0.362161 14.0869 -6.74541 4.15652 12.79 -5.09662 8.32089 10.7905 -2.97032 11.2919 7.51814 -0.12288 12.0782 2.55845 2.56691 10.439 -2.27939 4.70716 8.40101 -7.23848 5.20721 7.46867 -12.9134 3.94153 7.69668 -17.1205 1.76864 8.62237 -20.8322 -0.271018 10.292 -24.3546 -1.14248 12.7983 -27.8636 0.152463 16.9373 -31.8562 3.1728 21.1567 -34.6538 6.88312 25.2567 -36.6977 11.341 28.9642 -37.7632 14.7911 30.899 -37.5068 18.3524 32.2094 -36.3609 21.7408 32.8966 -34.4219 24.783 33.0882 -31.8877 28.2445 32.8016 -27.8818 31.117 32.1109 -23.4791 33.3532 31.0424 -18.792 34.5873 29.5419 -13.8589 34.4263 27.5223 -8.37206 33.0189 25.4056 -3.10438 31.1551 22.9923 1.88675 29.3085 19.5859 6.26795 27.8526 15.6963 9.06078 26.3843 11.3131 10.979 24.4544 6.97575 12.5639 21.6109 3.24763 14.3141 17.6489 0.432786 16.4086 13.1376 -1.35171 18.5234 8.3351 -2.54685 20.3986 3.26637 -3.30223 21.72 -0.164018 -3.57769 22.1118 -3.62062 -3.79695 22.0831 -7.03509 -4.18464 21.6495 -10.321 -4.9736 20.8896 -14.875 -7.14792 19.325 -18.7891 -10.2037 17.52 -22.217 -13.4444 15.1402 -25.0696 -16.1563 11.6155 -27.1425 -17.9785 6.56316 -28.2261 -18.8337 0.973935 -28.6754 -19.3757 -4.74006 -28.2955 -19.9762 -10.4532 -27.1316 -20.474 -14.8833 -25.2945 -20.7935 -19.0966 -23.0936 -20.5984 -23.1397 -20.8662 -19.5527 -27.035 -18.5913 -17.2605 -31.0913 -16.5352 -14.1167 -34.6651 -14.4084 -10.5601 -37.7813 -11.9563 -6.86264 -40.4648 -9.18479 -3.17229 -42.6616 -6.15628 0.597653 -44.3176 -2.96991 4.51188 -45.1251 0.232121 8.46797 -44.6535 3.02737 11.9261 -42.9119 5.42101 14.9102 -40.0533 7.14095 17.205 -36.2349 7.80165 18.507 -31.6881 6.9402 18.5286 -25.9686 4.79623 17.2934 -20.7404 2.12943 15.2081 -16.0506 -0.747705 11.8992 -12.2787 -2.45785 9.21929 -10.7269 -3.98387 6.23231 -9.60262 -5.21631 3.13277 -8.42425 -6.04944 0.146064 -6.72141 -6.3962 -3.90582 -2.59944 -5.82351 -6.85696 2.3496 -4.99971 -8.9262 7.69467 -4.25634 -9.01087 13.4364 -3.73687 -6.46701 18.0281 -3.39324 -2.32848 21.2809 -3.08248 1.88252 24.4428 -2.63036 4.86221 28.7721 -1.92299 6.02761 34.3508 -1.07853 5.78312 40.0261 -0.431891 4.45807 45.5767 -0.486392 1.29464 50.3696 -1.41471 -3.71305 53.2534 -2.84673 -9.32548 54.0944 -4.51327 -14.9287 53.8024 -6.45863 -20.2706 52.4104 -8.08078 -23.7257 50.344 -9.74161 -26.4508 47.4019 -11.298 -28.2883 43.7907 -12.6419 -29.2367 39.7739 -13.8666 -29.3409 34.9206 -14.7348 -28.5213 30.0584 -15.1877 -26.6963 25.4185 -15.0589 -23.6447 21.4517 -14.2118 -19.3602 18.6461 -12.8184 -14.586 17.1587 -11.1884 -9.74845 16.2165 -0.693688 -0.80507 -0.889375 -0.973696 -1.8101 -1.93067 -2.04309 -1.99304 -1.04743 -1.15199 -1.32376 -1.43056 -1.12188 -1.19649 -1.21272 -1.18605 -0.499386 -0.389713 -0.303664 -0.219711 0.741028 0.82356 0.90083 0.962331 1.44865 1.44815 1.45015 1.44027 1.55061 1.46219 1.38494 1.32328 1.31916 1.27582 1.23876 1.21651 1.22777 1.24077 1.25054 1.24914 0.881335 0.76442 0.693013 0.590467 0.302564 0.252575 0.201258 0.20023 -0.2497 -0.263333 -0.269353 -0.305431 -0.270823 -0.21604 -0.119058 -0.0110157 0.03962 0.114517 0.183082 0.239558 0.170006 0.148744 0.117547 0.101645 -0.203117 -0.323984 -0.503028 -0.646257 -0.528982 -0.50434 -0.466781 -0.381665 -0.494048 -0.434208 -0.469089 -0.463443 -0.571567 -0.550057 -0.489102 -0.399041 -0.329315 -0.22117 -0.00338332 0.22634 0.877323 0.888873 0.948773 1.0704 0.665361 0.719057 0.810371 0.916223 0.102801 0.0420087 -0.0428858 -0.14279 -1.17673 -1.21948 -1.30039 -1.43087 -0.340305
-6.51971 -7.45403 15.459 -5.27228 -2.98145 13.878 -4.19272 1.48659 12.1661 -2.99179 5.60151 9.78212 -1.41797 8.4752 6.1323 0.75272 9.04064 0.813269 2.83532 7.11456 -4.21456 4.44391 4.87788 -9.28761 4.58452 4.08007 -15.0032 3.25872 4.70866 -19.1506 1.18846 6.19546 -22.7364 -0.670025 8.4262 -26.0417 -1.36985 11.3381 -29.2644 0.0727907 15.6911 -32.9684 3.21014 19.8887 -35.6683 6.96802 23.9784 -37.6448 11.2525 27.9186 -38.5781 14.4596 30.2202 -38.2175 17.7463 32.0538 -36.9731 20.8938 33.3505 -34.942 23.7524 34.159 -32.3175 27.0484 34.6363 -28.1919 29.8186 34.6314 -23.6712 32.0167 34.1942 -18.8661 33.3106 33.2511 -13.8117 33.355 31.6887 -8.17548 32.2545 29.8527 -2.73229 30.731 27.6566 2.47022 29.2319 24.5098 7.16693 28.0618 20.8592 10.3845 26.8532 16.6655 12.8342 25.1649 12.4317 14.9015 22.5313 8.67777 16.9066 18.7009 5.64957 18.9478 14.2206 3.50244 20.7715 9.41603 1.87169 22.2765 4.36552 0.633642 23.2605 0.96474 0.0136891 23.4779 -2.4453 -0.57294 23.3219 -5.78217 -1.35133 22.8159 -8.93745 -2.55291 22.0433 -13.1549 -5.37662 20.5757 -16.598 -9.05392 18.9827 -19.6215 -12.8461 16.8869 -22.408 -15.9782 13.6713 -24.9321 -18.0288 8.92089 -26.8437 -18.9267 3.56518 -28.23 -19.5347 -1.98932 -28.7616 -20.4324 -7.65107 -28.2999 -21.3725 -12.1378 -27.1333 -22.2597 -16.5058 -25.5421 -22.6721 -20.81 -23.8163 -22.1952 -25.0553 -21.9371 -20.4428 -29.5586 -20.1185 -17.7511 -33.5996 -18.1246 -14.6263 -37.225 -15.7292 -11.3928 -40.4946 -12.9413 -8.19906 -43.3501 -9.81521 -4.93294 -45.7347 -6.41471 -1.46821 -47.3341 -2.83457 2.16222 -47.6924 0.46767 5.4682 -46.707 3.4791 8.47077 -44.5342 5.87598 11.0098 -41.2763 7.20814 12.8499 -37.0759 7.04783 13.8749 -31.3856 5.44537 13.8223 -25.8282 3.16827 12.9363 -20.5856 0.397838 10.7205 -16.0174 -1.44177 8.58316 -13.8815 -3.20263 6.0384 -12.1674 -4.69169 3.32391 -10.456 -5.71337 0.694206 -8.32184 -6.08454 -2.85745 -3.76378 -5.20987 -5.40971 1.35973 -4.10684 -7.12674 6.77863 -3.55246 -6.9571 12.5398 -3.7416 -4.37865 17.1376 -4.35101 -0.345327 20.4824 -4.90842 3.7671 23.7387 -4.94884 6.81419 28.0445 -4.18717 8.35221 33.5249 -2.87929 8.68421 39.1071 -1.63249 7.9705 44.6676 -1.07442 5.3132 49.7281 -1.46245 0.594348 53.1685 -2.46741 -4.95866 54.7214 -3.74849 -10.6512 55.1821 -5.32778 -16.2482 54.5207 -6.72003 -20.0427 52.9388 -8.19585 -23.2351 50.3951 -9.59917 -25.6502 47.0728 -10.8034 -27.264 43.2276 -11.8742 -28.2115 38.4296 -12.5969 -28.2683 33.4757 -12.8992 -27.288 28.5755 -12.5867 -24.9568 24.156 -11.512 -21.201 20.7377 -9.8999 -16.75 18.6079 -8.13068 -12.1248 17.051 -0.764408 -0.878199 -0.970552 -1.07612 -1.9451 -2.09398 -2.21127 -2.15644 -1.20904 -1.31148 -1.4721 -1.56595 -1.24686 -1.31881 -1.33514 -1.29892 -0.586726 -0.445664 -0.324329 -0.20773 0.783391 0.890256 0.987609 1.06925 1.57334 1.58238 1.58497 1.57004 1.67495 1.58485 1.51005 1.45275 1.45217 1.40912 1.36667 1.3309 1.3255 1.32436 1.32109 1.30885 0.92995 0.801832 0.717783 0.602554 0.307439 0.258964 0.214324 0.218957 -0.230187 -0.243554 -0.244331 -0.268693 -0.219142 -0.153196 -0.0536534 0.0499576 0.0929733 0.159537 0.218049 0.260475 0.174826 0.139429 0.0979461 0.0778045 -0.220346 -0.321209 -0.478026 -0.601564 -0.470164 -0.443744 -0.41449 -0.340073 -0.453655 -0.379806 -0.405093 -0.399307 -0.514026 -0.499143 -0.440651 -0.355217 -0.295213 -0.193972 0.0204012 0.240206 0.878455 0.883425 0.94134 1.0576 0.642339 0.684679 0.762948 0.854103 0.0235652 -0.0554471 -0.158897 -0.279955 -1.33761 -1.40088 -1.49381 -1.6309 -0.474153
-8.11326 -9.70919 15.8853 -6.76167 -5.39257 13.9882 -5.72837 -0.996723 12.073 -4.57217 3.0541 9.56063 -2.87551 5.78965 5.86012 -0.336438 6.05377 0.682625 2.17978 3.78278 -3.99039 4.26741 1.23538 -8.73153 4.98463 0.226864 -14.37 4.10449 0.817087 -18.6397 2.43515 2.3481 -22.4112 0.930251 4.63992 -25.8519 0.524241 7.58664 -29.0933 2.23132 11.9553 -32.664 5.52419 16.1638 -35.1535 9.32005 20.3199 -36.9061 13.3999 24.514 -37.6256 16.3168 27.1546 -37.1441 19.2586 29.454 -35.8129 22.0943 31.2866 -33.736 24.7356 32.6374 -31.1068 27.9165 33.794 -27.0255 30.731 34.4063 -22.5741 33.1124 34.4765 -17.8374 34.8003 33.7878 -12.8586 35.6304 32.0578 -7.33318 35.6108 29.651 -2.00223 35.0446 26.8953 3.1259 33.7767 23.7524 7.89316 31.9741 20.7089 11.4341 29.5734 17.4752 14.4058 26.6232 14.2609 16.8584 23.0526 11.2905 18.7233 18.6401 8.61421 19.8965 13.8467 6.42044 20.3661 8.91369 4.51958 20.6139 3.94287 2.7561 21.0501 0.697437 1.59897 21.4042 -2.52944 0.36523 21.6537 -5.64634 -1.1448 21.6924 -8.51282 -3.07071 21.4264 -12.1148 -6.80204 20.4176 -14.8079 -11.0799 18.8809 -17.2022 -15.2485 16.6888 -19.8035 -18.493 13.4299 -22.7546 -20.2066 8.79349 -25.4665 -20.3531 3.71738 -27.744 -20.1844 -1.56727 -29.1935 -20.6656 -7.11799 -29.4969 -21.613 -11.6166 -29.0705 -22.7421 -16.0631 -28.0533 -23.5321 -20.4868 -26.5562 -23.5028 -24.844 -24.4247 -22.3004 -29.4149 -21.9684 -20.1927 -33.4654 -19.263 -17.6783 -37.1043 -16.3179 -15.0582 -40.4726 -13.191 -12.442 -43.5555 -9.85064 -9.70773 -46.2926 -6.28008 -6.68871 -48.3572 -2.5469 -3.32401 -49.2887 0.884612 -0.0241583 -48.9133 4.04682 3.20809 -47.3776 6.70787 6.15396 -44.7232 8.53463 8.50829 -40.9917 9.32896 10.2087 -35.5206 8.91494 10.8282 -29.7847 7.73565 10.6859 -24.1239 5.52894 9.40392 -18.9336 3.65222 7.89478 -16.3423 1.62695 5.96168 -14.1799 -0.216893 3.78795 -12.0848 -1.5446 1.56819 -9.67159 -2.11141 -1.70026 -4.92574 -1.08918 -4.33874 0.12621 0.259346 -6.24948 5.42331 1.06346 -6.28433 11.1573 1.10782 -3.90549 15.8651 0.70011 -0.0480002 19.44 0.293507 3.86194 22.9576 0.349339 6.67278 27.4211 1.21336 7.98847 32.944 2.66696 8.11069 38.4987 3.79455 7.3366 44.0764 3.44597 5.03609 49.3269 1.29097 1.15614 53.1421 -1.8351 -3.34905 55.1885 -5.1955 -8.03361 56.1986 -8.54709 -12.8307 56.0878 -10.9202 -16.2588 54.8811 -13.0475 -19.3234 52.6626 -14.7943 -21.8615 49.6053 -16.0817 -23.8405 45.9631 -16.9845 -25.474 41.3174 -17.3247 -26.4202 36.4128 -17.0955 -26.4233 31.4116 -16.1646 -25.0426 26.6903 -14.4468 -22.1035 22.7715 -12.2674 -18.2525 20.0575 -10.0356 -14.071 17.9407 -0.815811 -0.934313 -1.02746 -1.13064 -1.99333 -2.13063 -2.23742 -2.18103 -1.244 -1.3606 -1.53558 -1.64027 -1.32744 -1.40218 -1.41955 -1.37475 -0.638837 -0.469102 -0.315948 -0.170102 0.847637 0.97423 1.08393 1.16924 1.66173 1.64611 1.62644 1.60803 1.74143 1.69739 1.66596 1.6381 1.65344 1.61475 1.56019 1.48578 1.43521 1.40406 1.37457 1.34223 0.943361 0.797589 0.700995 0.577953 0.283977 0.247811 0.21983 0.237628 -0.204844 -0.213836 -0.209856 -0.232354 -0.189624 -0.142538 -0.0700098 0.0053971 0.0252782 0.0735868 0.115194 0.143261 0.0505137 0.0156098 -0.0204154 -0.0336922 -0.329038 -0.436461 -0.609278 -0.75366 -0.631976 -0.613018 -0.59703 -0.538047 -0.658514 -0.575688 -0.591921 -0.57627 -0.677575 -0.650261 -0.582543 -0.490857 -0.428108 -0.328222 -0.108418 0.150438 0.877545 0.990102 1.13617 1.33265 0.979365 1.05231 1.13583 1.21008 0.343248 0.213256 0.0511594 -0.136417 -1.26412 -1.38477 -1.50983 -1.66151 -0.461101
-12.9407 -14.7724 18.75 -10.7607 -12.0702 15.2846 -8.55305 -9.32237 11.8729 -6.36918 -6.59304 8.43127 -4.24952 -3.9611 4.8755 -1.89677 -1.09934 0.447203 0.209682 1.34503 -4.34057 1.9522 3.18068 -9.52986 3.11666 4.33074 -15.0667 3.62664 5.32556 -19.3222 4.19589 6.71715 -23.4573 5.21501 8.52776 -27.3358 6.68596 10.7317 -30.8484 9.32319 14.226 -34.7971 12.6235 18.1965 -37.643 16.4209 22.4366 -39.1786 20.4945 26.6972 -39.2734 23.2568 29.4344 -38.5036 25.9451 31.9772 -37.0817 28.4792 34.2516 -35.0517 30.7855 36.1941 -32.4784 33.4098 38.1921 -28.3269 35.4058 39.4387 -23.5755 36.7061 39.908 -18.4567 37.2868 39.6172 -13.1943 37.1092 38.4764 -7.4601 36.132 36.5769 -2.01478 34.4392 34.0375 2.97525 32.1277 30.9816 7.3949 29.7354 28.0479 10.6696 27.0225 24.8905 13.4489 24.0449 21.5713 15.7227 20.8533 18.1449 17.4911 17.2954 14.4581 18.8188 13.596 10.755 19.6028 9.79645 7.07916 19.8592 5.93355 3.46989 19.6045 3.38745 1.16175 19.1695 0.840058 -1.09577 18.5264 -1.69286 -3.3015 17.6788 -4.19577 -5.45444 16.6302 -7.92393 -8.63315 14.6509 -11.4909 -11.6828 12.2225 -14.8523 -14.5838 9.35792 -17.9757 -17.2998 6.07332 -21.0669 -20.004 2.03824 -23.7831 -22.3882 -2.4437 -26.0683 -24.3935 -7.33312 -27.8619 -25.9567 -12.5762 -28.8976 -26.8422 -16.9778 -29.5434 -27.3676 -21.5097 -29.7682 -27.5007 -26.1101 -29.5442 -27.2131 -30.7034 -28.732 -26.3615 -35.7533 -27.3133 -24.9356 -40.5324 -25.298 -22.9425 -44.8743 -22.7257 -20.418 -48.6021 -19.7172 -17.4769 -51.5049 -16.3458 -14.187 -53.4893 -12.75 -10.68 -54.4377 -9.09338 -7.11176 -54.281 -5.7792 -3.87277 -53.1268 -2.70984 -0.865262 -51.0433 -0.0164288 1.78509 -48.123 2.19203 3.97372 -44.4981 4.10758 5.90063 -39.3916 5.12125 6.96758 -33.7975 5.21971 7.16222 -28.0172 4.44409 6.52486 -22.3206 3.63534 5.74634 -18.9654 2.8068 4.71328 -15.6846 2.16558 3.56692 -12.3994 1.80599 2.55332 -9.02884 1.66138 1.52399 -3.33178 1.92779 1.16876 2.44228 2.49539 1.30905 8.20381 3.25813 1.7637 13.9265 4.03565 2.29739 19.1173 4.81887 2.81339 24.3091 5.50956 3.20729 29.5246 6.00563 3.37354 34.7744 6.20367 3.17255 40.5109 5.90533 2.4341 46.1989 4.97733 1.03162 51.6907 3.31437 -1.12472 56.7476 0.818602 -4.11565 61.1162 -2.42701 -7.80987 64.2908 -6.22623 -11.9654 65.8898 -10.25 -16.21 65.6615 -13.131 -19.1477 64.2794 -15.7383 -21.7147 61.9442 -17.9278 -23.7701 58.8102 -19.5991 -25.2232 55.0771 -20.8202 -26.1061 50.3025 -21.2898 -26.1683 45.3182 -21.0696 -25.4944 40.362 -20.258 -24.2009 35.5938 -18.9106 -22.3376 30.9394 -17.1705 -20.0729 26.6043 -15.1484 -17.5197 22.5617 -1.62272 -1.72558 -1.79491 -1.86086 -2.6842 -2.80543 -2.94982 -2.96571 -2.0706 -2.22465 -2.45812 -2.62899 -2.36272 -2.43046 -2.40816 -2.31784 -1.53693 -1.32369 -1.12044 -0.920117 0.163584 0.36424 0.54937 0.716255 1.29553 1.35834 1.40377 1.44604 1.63184 1.62856 1.62865 1.62068 1.64128 1.59805 1.54513 1.48295 1.43911 1.40562 1.37871 1.35817 0.988902 0.888147 0.831423 0.738485 0.452435 0.391256 0.313775 0.272434 -0.209292 -0.230836 -0.219639 -0.225401 -0.172895 -0.138119 -0.0964982 -0.0559995 -0.0652202 -0.0392094 -0.0163784 -0.00790379 -0.123367 -0.184036 -0.250052 -0.299382 -0.640262 -0.794904 -1.00883 -1.19728 -1.11657 -1.13966 -1.17455 -1.16518 -1.35638 -1.36654 -1.43446 -1.44379 -1.55753 -1.54095 -1.50303 -1.44222 -1.38293 -1.26763 -1.02583 -0.719932 0.070312 0.236738 0.424551 0.671553 0.377557 0.50439 0.637861 0.755807 -0.0703166 -0.164385 -0.300567 -0.476565 -1.61035 -1.74934 -1.88691 -2.03261 -0.0098468
