# num_vectors 15
# vector_size 401
# Iterations: 516600, stepsize: 0.022223, max step size: 1.000000, spring constant: 0.000100, global NEB Hessian: false, global NEB Linesearch: true, climbing image: false
-34.1182 -1.44145 6.79415 -33.4032 2.48849 9.64155 -32.1556 6.34822 12.4001 -30.3969 10.1278 14.9856 -28.1518 13.8162 17.3135 -24.9282 18.0182 19.6126 -21.1399 22.0371 21.2957 -16.8778 25.8201 22.222 -12.2673 29.2952 22.2587 -8.62631 31.6795 21.6123 -4.97502 33.7836 20.3473 -1.424 35.5579 18.4494 1.90275 36.9533 15.9305 5.79084 38.1597 11.6662 8.74739 38.5738 6.58253 11.15 38.3715 1.2026 13.7049 37.3718 -4.01561 15.6491 36.005 -7.18844 17.6975 34.1162 -10.0082 19.7803 31.767 -12.4286 21.8338 29.0244 -14.4226 24.442 24.8558 -16.4061 26.7868 20.2608 -17.6316 28.7809 15.3752 -18.1493 30.3577 10.3142 -18.0309 31.5536 4.64045 -17.2606 32.1277 -1.02906 -15.9408 32.0376 -6.61139 -14.196 31.2477 -12.0348 -12.1522 29.9914 -16.4977 -10.266 28.1855 -20.7486 -8.3366 25.8224 -24.7371 -6.44963 22.9043 -28.4057 -4.69469 19.2355 -31.8643 -3.08493 15.0138 -34.8045 -1.84144 10.3223 -37.1326 -1.07774 5.28759 -38.7553 -0.899641 1.89166 -39.3913 -1.14945 -1.51569 -39.669 -1.70798 -4.86536 -39.5772 -2.58567 -8.08218 -39.1127 -3.7838 -12.5659 -37.7027 -6.19803 -16.3118 -35.4853 -9.19332 -19.1584 -32.5748 -12.5617 -21.0243 -29.1157 -16.0935 -21.9298 -24.8967 -19.9053 -21.7267 -20.3835 -23.4746 -20.5335 -15.7245 -26.6399 -18.499 -11.0323 -29.2844 -16.3771 -7.30514 -30.969 -13.9006 -3.6328 -32.2386 -11.1501 -0.0313307 -33.0729 -8.20407 3.49069 -33.457 -4.74702 7.35344 -33.3375 -1.24507 11.1099 -32.6225 2.19456 14.7592 -31.3042 5.46119 18.2968 -29.3804 8.39855 21.6641 -26.8982 10.9374 24.892 -23.8547 12.9556 27.9492 -20.2898 14.3298 30.792 -16.2701 14.9265 33.2048 -12.1922 14.7766 35.3283 -7.91718 13.822 37.1053 -3.58846 12.0385 38.4511 0.632301 9.08387 39.0758 5.56578 6.02663 38.3015 10.4148 3.62962 36.3377 15.2992 1.98071 33.3989 20.0007 1.32869 31.1923 22.6883 0.936376 28.7184 25.1869 0.78496 26.016 27.4654 0.852065 23.122 29.4996 1.37802 18.0578 32.2589 2.30345 12.7074 34.2723 3.50802 7.18159 35.5178 4.87105 1.57309 35.9909 6.14725 -3.54057 35.7549 7.36626 -8.60073 34.893 8.43896 -13.552 33.4205 9.27638 -18.3354 31.3585 9.82 -23.2748 28.4786 9.86958 -27.8387 24.9921 9.32202 -31.9127 20.9808 8.09004 -35.3682 16.5616 6.06923 -38.1121 11.8027 3.25677 -39.9312 7.0026 -0.305857 -40.7085 2.42403 -4.50474 -40.3744 -1.64015 -7.91991 -39.4041 -4.13733 -11.4813 -37.8533 -6.07452 -15.0722 -35.798 -7.38667 -18.5677 -33.317 -8.07006 -22.3409 -30.0262 -8.10748 -25.7105 -26.3889 -7.41255 -28.5825 -22.5105 -6.0796 -30.8964 -18.4806 -4.21582 -32.6711 -14.2191 -1.84091 -33.7966 -9.93253 0.86255 -34.2749 -5.66366 3.77773 85.8191 85.8047 85.8068 85.8056 85.0474 85.0058 84.9522 85.0241 85.9322 85.7813 85.5646 85.4034 85.6739 85.6058 85.5827 85.5017 85.9775 85.8641 85.6732 85.4359 86.0078 85.7102 85.5119 85.3964 85.7599 85.6585 85.5839 85.5381 85.6646 85.6223 85.597 85.5767 85.5994 85.571 85.548 85.5318 85.5393 85.5549 85.5845 85.629 85.3522 85.3836 85.4731 85.5361 85.4203 85.5324 85.6196 85.7273 85.3586 85.4242 85.5065 85.5562 85.6528 85.7167 85.7737 85.8195 85.8085 85.8315 85.8537 85.8682 85.7658 85.7326 85.7087 85.7204 85.4922 85.4849 85.3747 85.2318 85.3189 85.3044 85.2924 85.3426 85.2154 85.2893 85.3074 85.3734 85.3057 85.3329 85.3324 85.2872 85.1676 84.9826 84.8459 84.7613 85.2366 85.1656 85.2126 85.4029 85.122 85.3037 85.5365 85.8055 85.2074 85.4204 85.6414 85.8344 85.0402 85.1897 85.2754 85.2965 -0.00202598
-34.2431 -2.38911 8.29527 -33.4069 1.31951 11.3953 -31.9949 4.9461 14.3815 -30.0407 8.49902 17.1422 -27.5873 11.9856 19.5686 -24.1319 16.0031 21.8608 -20.1701 19.9154 23.3885 -15.8385 23.6807 24.016 -11.2988 27.2284 23.6429 -7.81388 29.7236 22.6484 -4.39591 31.9786 21.0384 -1.12521 33.9292 18.8345 1.92422 35.5037 16.0811 5.5538 36.9015 11.6507 8.64791 37.4512 6.66257 11.3501 37.2589 1.42634 14.005 36.2126 -3.73251 15.8334 34.8973 -6.99471 17.693 33.0822 -9.98831 19.5616 30.8123 -12.6474 21.411 28.1394 -14.9169 23.797 24.0327 -17.2739 25.9955 19.4567 -18.8038 27.9091 14.5608 -19.4979 29.4448 9.48685 -19.3961 30.6054 3.83145 -18.4559 31.1211 -1.75395 -16.797 30.9302 -7.1687 -14.5928 29.9934 -12.3406 -12.026 28.5818 -16.534 -9.6858 26.6046 -20.4816 -7.32776 24.0675 -24.1542 -5.06324 20.987 -27.5177 -3.00164 17.1725 -30.691 -1.15951 12.8435 -33.4092 0.213627 8.09007 -35.5985 1.0042 3.03975 -37.1781 1.11551 -0.34403 -37.8395 0.781186 -3.72569 -38.1831 0.113806 -7.04191 -38.1922 -0.887049 -10.2252 -37.8555 -2.21083 -14.6778 -36.6736 -4.79878 -18.4358 -34.7107 -7.95235 -21.307 -32.0426 -11.496 -23.161 -28.7897 -15.2245 -23.961 -24.7547 -19.2529 -23.5233 -20.409 -23.0042 -21.9663 -15.9403 -26.284 -19.4658 -11.4979 -28.9602 -16.9262 -8.02837 -30.6166 -14.0151 -4.66679 -31.8235 -10.8332 -1.4209 -32.5791 -7.47411 1.71793 -32.8888 -3.58787 5.14611 -32.7129 0.294009 8.50665 -31.9891 4.0535 11.8438 -30.7181 7.56576 15.1944 -28.8949 10.653 18.5275 -26.5523 13.2269 21.877 -23.6743 15.146 25.1922 -20.2898 16.2846 28.3835 -16.4627 16.5637 31.1469 -12.5778 16.0574 33.5909 -8.50628 14.7903 35.6162 -4.37113 12.8439 37.115 -0.275789 9.80857 37.9502 4.57685 6.49453 37.5009 9.29641 3.38204 35.8386 13.8799 0.827962 33.1991 18.3485 -0.381856 31.1374 20.9567 -1.29569 28.7744 23.4262 -1.903 26.1525 25.7228 -2.20641 23.3173 27.8173 -2.08011 18.3265 30.7519 -1.29559 13.0555 33.0185 -0.000102506 7.63214 34.5824 1.64162 2.14334 35.4278 3.29114 -2.86606 35.5647 4.95809 -7.84912 35.0911 6.51468 -12.7707 34.0007 7.8346 -17.5842 32.2913 8.86205 -22.6251 29.7376 9.31411 -27.347 26.4993 9.06094 -31.6067 22.6552 8.00631 -35.241 18.3347 6.05877 -38.1299 13.6313 3.24582 -40.0421 8.86789 -0.344176 -40.8689 4.31949 -4.55412 -40.5678 0.264219 -7.95169 -39.6316 -2.26975 -11.4762 -38.1269 -4.30804 -15.0233 -36.1113 -5.78992 -18.4904 -33.656 -6.67988 -22.2661 -30.3799 -6.95957 -25.678 -26.7492 -6.46578 -28.6202 -22.882 -5.25908 -31.0125 -18.883 -3.42831 -32.8546 -14.6884 -0.986457 -34.0124 -10.5144 1.8749 -34.4736 -6.40675 5.01568 61.2157 61.2121 61.2208 61.2223 60.4625 60.4125 60.3424 60.3898 61.2804 61.1195 60.8967 60.7319 60.997 60.9065 60.8664 60.8007 61.3291 61.2416 61.057 60.8008 61.3303 60.9884 60.7682 60.6482 61.0163 60.9238 60.8596 60.8248 60.9618 60.9291 60.9134 60.9022 60.9336 60.913 60.8961 60.8836 60.8919 60.9063 60.9328 60.972 60.6853 60.703 60.7821 60.8387 60.7213 60.8366 60.9298 61.0431 60.676 60.7386 60.8126 60.8481 60.924 60.9604 60.9866 61.001 60.9613 60.9616 60.9701 60.9824 60.89 60.8767 60.8801 60.9216 60.7058 60.6978 60.5965 60.4737 60.5827 60.5836 60.5832 60.6408 60.5236 60.6161 60.656 60.743 60.6915 60.7301 60.738 60.6984 60.5801 60.3861 60.225 60.1055 60.5493 60.4593 60.4993 60.6908 60.4151 60.6018 60.8375 61.1026 60.4925 60.6867 60.8912 61.08 60.298 60.4706 60.5818 60.6251 -0.0537636
-33.48 -2.46372 8.60915 -32.7424 0.929138 12.0744 -31.422 4.27688 15.4079 -29.5445 7.5992 18.4902 -27.1474 10.9098 21.2026 -23.7309 14.7906 23.772 -19.7853 18.635 25.5004 -15.4614 22.3874 26.2473 -10.9381 25.9604 25.9185 -7.48089 28.4908 24.9161 -4.1089 30.7878 23.269 -0.906512 32.7804 21.0032 2.04618 34.3881 18.1648 5.56479 35.8872 13.6782 8.64016 36.6063 8.70008 11.3778 36.4976 3.47983 13.9054 35.4874 -1.74966 15.5576 34.2458 -5.1325 17.196 32.5261 -8.30631 18.8242 30.339 -11.1839 20.4248 27.7372 -13.7106 22.4848 23.7034 -16.4671 24.3944 19.1684 -18.4423 26.0824 14.2768 -19.5982 27.4738 9.17176 -19.9399 28.5786 3.45058 -19.4279 29.1427 -2.21757 -18.098 29.088 -7.71589 -16.103 28.3492 -12.9605 -13.6204 27.1313 -17.2025 -11.2593 25.3489 -21.185 -8.80639 22.9883 -24.8783 -6.38976 20.0495 -28.2474 -4.13896 16.3368 -31.4082 -2.08025 12.0575 -34.0914 -0.498548 7.30936 -36.2194 0.471264 2.23665 -37.7094 0.718024 -1.16614 -38.2974 0.445481 -4.56305 -38.5573 -0.181065 -7.88489 -38.4744 -1.15964 -11.0594 -38.0399 -2.4761 -15.4632 -36.7042 -5.07265 -19.1244 -34.5915 -8.24325 -21.849 -31.7873 -11.7976 -23.5085 -28.4213 -15.5173 -24.0479 -24.2999 -19.5013 -23.3094 -19.9169 -23.161 -21.427 -15.469 -26.2951 -18.5965 -11.1093 -28.7711 -15.8043 -7.74766 -30.232 -12.6618 -4.52507 -31.2173 -9.27863 -1.43953 -31.732 -5.7557 1.52982 -31.7886 -1.73633 4.7722 -31.322 2.2183 7.96984 -30.311 5.98525 11.1812 -28.7673 9.43616 14.4521 -26.6988 12.3947 17.7553 -24.1565 14.7761 21.123 -21.1373 16.4485 24.5018 -17.6855 17.3012 27.8003 -13.875 17.2942 30.7025 -10.0824 16.4979 33.3227 -6.16992 14.9549 35.5466 -2.23548 12.796 37.1804 1.69852 9.59215 38.157 6.41451 6.10138 37.8618 11.0173 2.71856 36.2526 15.4248 -0.177654 33.4387 19.5664 -1.55874 31.2315 21.9617 -2.60299 28.7086 24.2116 -3.29837 25.9217 26.2771 -3.64822 22.927 28.1284 -3.51454 17.7128 30.6443 -2.64057 12.2944 32.4919 -1.19739 6.81035 33.6663 0.62955 1.33867 34.1759 2.46726 -3.60543 34.0643 4.33339 -8.49462 33.3955 6.09502 -13.3099 32.1531 7.62174 -18.0149 30.3185 8.87154 -22.9388 27.6388 9.53708 -27.5394 24.2656 9.48196 -31.6618 20.2668 8.60394 -35.1293 15.7732 6.81012 -37.8086 10.8882 4.12288 -39.4713 5.96134 0.63172 -40.0205 1.29554 -3.50342 -39.4367 -2.80561 -6.85946 -38.3064 -5.31564 -10.3528 -36.6346 -7.27592 -13.8782 -34.4917 -8.625 -17.3324 -31.9594 -9.32988 -21.1042 -28.6668 -9.33821 -24.5245 -25.1026 -8.52255 -27.489 -21.384 -6.95696 -29.9195 -17.6076 -4.74372 -31.8195 -13.7073 -1.89275 -33.0539 -9.87187 1.38075 -33.6076 -6.12392 4.9299 38.994 38.9971 39.0102 39.0148 38.2571 38.2078 38.1366 38.1807 39.0679 38.9059 38.6829 38.5187 38.7814 38.6875 38.6432 38.5939 39.1529 39.0858 38.8979 38.6193 39.1009 38.7055 38.4536 38.3207 38.6858 38.5947 38.533 38.5002 38.6383 38.6064 38.5915 38.5816 38.6152 38.5981 38.5859 38.5793 38.5932 38.6123 38.6436 38.6877 38.4071 38.4322 38.5187 38.5829 38.4736 38.5973 38.6981 38.817 38.4516 38.5126 38.5815 38.6086 38.6725 38.6938 38.7044 38.7044 38.6532 38.6458 38.6507 38.6634 38.5751 38.569 38.5845 38.6502 38.4522 38.455 38.3693 38.2664 38.3887 38.4003 38.4111 38.4801 38.378 38.4899 38.5482 38.6495 38.6063 38.6486 38.657 38.6157 38.4925 38.2856 38.0983 37.9431 38.3543 38.2427 38.2711 38.4565 38.1772 38.3611 38.5938 38.8556 38.2432 38.439 38.6536 38.8627 38.1081 38.3084 38.4418 38.501 0.0540608
-31.8095 -1.11081 7.59222 -31.2057 2.11894 11.2347 -30.0426 5.31416 14.7704 -28.34 8.49515 18.0939 -26.1252 11.6798 21.0966 -22.9129 15.4424 24.0728 -19.1303 19.2161 26.2604 -14.9022 22.9552 27.4758 -10.4002 26.5688 27.5641 -6.92148 29.1546 26.8078 -3.51479 31.5166 25.3332 -0.282574 33.5797 23.1755 2.68951 35.274 20.4086 6.16712 36.874 15.925 9.04426 37.6252 10.8344 11.3923 37.4817 5.42861 13.3696 36.4205 -0.0230801 14.6119 35.1784 -3.57679 15.8446 33.5047 -6.95231 17.0876 31.3809 -10.0602 18.3479 28.8182 -12.8096 20.0456 24.8287 -15.8617 21.727 20.3533 -18.1547 23.342 15.5363 -19.672 24.8256 10.502 -20.4259 26.2188 4.82098 -20.4147 27.2411 -0.879991 -19.5971 27.7701 -6.50343 -18.0766 27.6849 -11.9641 -15.9817 27.0355 -16.4469 -13.8519 25.7961 -20.6998 -11.5216 23.9248 -24.6677 -9.11194 21.4013 -28.2902 -6.75331 18.0327 -31.6704 -4.46413 13.9926 -34.5018 -2.54733 9.379 -36.6925 -1.15858 4.3437 -38.1536 -0.434573 0.919618 -38.6747 -0.377978 -2.52826 -38.8328 -0.671611 -5.92389 -38.6189 -1.32197 -9.18772 -38.0316 -2.32277 -13.743 -36.4404 -4.47639 -17.557 -34.0792 -7.26888 -20.4268 -31.0666 -10.5261 -22.2232 -27.555 -14.042 -22.9074 -23.3548 -17.9201 -22.313 -18.9646 -21.5974 -20.5707 -14.5543 -24.8629 -17.8655 -10.2459 -27.5589 -15.1538 -6.91712 -29.2315 -12.0697 -3.71245 -30.4356 -8.72249 -0.627805 -31.1513 -5.21725 2.35498 -31.3696 -1.2062 5.62217 -31.0188 2.73725 8.84444 -30.0429 6.47388 12.0701 -28.4559 9.86152 15.338 -26.2809 12.7169 18.6201 -23.5971 14.9523 21.953 -20.4314 16.44 25.2949 -16.8611 17.0797 28.57 -12.9892 16.862 31.4795 -9.20839 15.8586 34.1507 -5.37898 14.134 36.357 -1.51052 11.8262 37.895 2.37735 8.5417 38.6688 7.07543 5.11802 38.0977 11.7027 1.95692 36.1556 16.1405 -0.589673 32.964 20.2378 -1.72485 30.5042 22.5133 -2.50217 27.7372 24.5764 -2.91454 24.7373 26.4061 -2.97535 21.574 27.9894 -2.38212 16.187 30.0302 -1.10687 10.7068 31.4007 0.655681 5.23784 32.1221 2.71554 -0.173796 32.2119 4.69759 -5.04069 31.7442 6.65483 -9.83572 30.7388 8.46723 -14.5364 29.1727 10.0162 -19.0983 27.0225 11.2682 -23.8235 24.0071 11.9197 -28.1704 20.3101 11.8355 -31.9782 16.0112 10.9111 -35.0714 11.261 9.0492 -37.3173 6.18665 6.27341 -38.5141 1.17445 2.68104 -38.5954 -3.44593 -1.55296 -37.5794 -7.35753 -4.96966 -36.1769 -9.63788 -8.50577 -34.29 -11.304 -12.0523 -31.9996 -12.3126 -15.5062 -29.3927 -12.6524 -19.2565 -26.1018 -12.2374 -22.6446 -22.6209 -11.0243 -25.58 -19.047 -9.10651 -27.9976 -15.4538 -6.59427 -29.911 -11.7615 -3.48678 -31.1914 -8.13478 1.05117e-05 -31.8248 -4.58573 3.73541 20.9126 20.9177 20.933 20.9401 20.1856 20.1406 20.0746 20.1227 21.0093 20.8483 20.6274 20.4638 20.73 20.6445 20.6124 20.5774 21.1472 21.0861 20.8837 20.5464 20.9671 20.5478 20.3024 20.1808 20.5527 20.4621 20.396 20.3562 20.4871 20.4489 20.4288 20.4152 20.4469 20.4303 20.4214 20.4212 20.443 20.4703 20.5111 20.566 20.301 20.3468 20.4553 20.5407 20.4502 20.5876 20.6954 20.8158 20.4493 20.509 20.577 20.6041 20.6687 20.6909 20.7019 20.7016 20.6496 20.6409 20.6443 20.6557 20.5665 20.5606 20.5922 20.6738 20.489 20.4983 20.4121 20.3048 20.4222 20.4328 20.4476 20.525 20.4352 20.5577 20.6201 20.7193 20.6702 20.7048 20.7047 20.6531 20.514 20.2792 20.0512 19.8563 20.2454 20.1292 20.1614 20.3528 20.0786 20.2667 20.5039 20.7716 20.1681 20.3776 20.6099 20.8372 20.0973 20.3065 20.4445 20.5061 0.142653
-30.8158 0.353998 6.51829 -30.1478 3.75816 9.98656 -28.8834 7.00447 13.44 -27.0481 10.1206 16.7543 -24.6763 13.1499 19.7975 -21.2583 16.6636 22.8481 -17.2656 20.1871 25.079 -12.8589 23.7331 26.2373 -8.2729 27.2382 26.1065 -4.84779 29.7928 25.057 -1.63303 32.1505 23.1953 1.25286 34.2168 20.5951 3.73589 35.9091 17.3811 6.39988 37.4932 12.3661 8.43014 38.2314 6.88068 10.0625 38.1095 1.21699 11.6021 37.1393 -4.39061 12.7708 36.0191 -8.00919 14.1252 34.4692 -11.3972 15.6862 32.4454 -14.4274 17.41 30.0074 -17.035 19.8789 26.2113 -19.7933 22.3888 21.9349 -21.6713 24.7817 17.3072 -22.6574 26.9073 12.4514 -22.7842 28.7903 6.96715 -22.0146 30.056 1.47889 -20.4361 30.6108 -3.90566 -18.2194 30.3966 -9.10212 -15.5425 29.576 -13.3474 -13.021 28.1583 -17.3622 -10.3896 26.1423 -21.1024 -7.74374 23.5352 -24.5176 -5.17608 20.1558 -27.7119 -2.6484 16.1756 -30.403 -0.428009 11.6631 -32.511 1.36266 6.72423 -33.9593 2.59713 3.33375 -34.5157 3.03798 -0.120526 -34.7466 3.1553 -3.5753 -34.6453 2.92415 -6.96 -34.2122 2.32809 -11.8264 -32.935 0.713501 -16.0927 -30.9801 -1.715 -19.5182 -28.4549 -4.84698 -21.9189 -25.4946 -8.50677 -23.2489 -21.9421 -12.8381 -23.2262 -18.2133 -17.225 -21.9451 -14.4368 -21.3778 -19.582 -10.6888 -25.0545 -17.0676 -7.72308 -27.5271 -14.1261 -4.78545 -29.5143 -10.8826 -1.85764 -30.9768 -7.45776 1.08476 -31.8956 -3.5243 4.44188 -32.2748 0.345727 7.87955 -31.9723 4.01393 11.4153 -31.0086 7.35036 15.048 -29.4093 10.1923 18.6998 -27.2377 12.4716 22.3708 -24.5071 14.0706 25.9816 -21.2616 14.879 29.4253 -17.5717 14.8406 32.3804 -13.8203 13.9983 34.9781 -9.90249 12.3781 37.0615 -5.9224 10.1485 38.3723 -1.90767 6.97066 38.7632 2.90974 3.70482 37.8064 7.58712 0.758826 35.5682 12.0335 -1.52242 32.2151 16.1581 -2.46845 29.725 18.4865 -3.0344 26.9747 20.6389 -3.20944 24.033 22.5967 -3.00425 20.9637 24.3445 -1.91502 15.7965 26.7215 -0.0788964 10.595 28.4849 2.28766 5.43521 29.6308 4.96588 0.327606 30.1566 7.49417 -4.30232 30.0823 9.95108 -8.92894 29.4562 12.1821 -13.5543 28.2469 14.0317 -18.1474 26.4258 15.4366 -23.025 23.7383 16.027 -27.6248 20.3501 15.6604 -31.7446 16.3651 14.2614 -35.1599 11.9644 11.7881 -37.7008 7.30753 8.37297 -39.1341 2.77522 4.21782 -39.3904 -1.33922 -0.424093 -38.499 -4.79144 -4.02216 -37.1632 -6.81885 -7.64351 -35.3194 -8.34442 -11.1995 -33.0423 -9.3498 -14.6148 -30.4074 -9.8338 -18.298 -27.0169 -9.75837 -21.629 -23.3498 -9.03425 -24.5373 -19.4989 -7.70025 -26.9605 -15.5491 -5.80435 -28.9025 -11.4321 -3.30832 -30.2133 -7.36986 -0.353716 -30.857 -3.42619 2.96039 7.58357 7.60696 7.64036 7.66336 6.9223 6.88531 6.81867 6.85598 7.72904 7.55868 7.33075 7.16393 7.42909 7.3419 7.30171 7.24721 7.79419 7.70579 7.4822 7.19512 7.71272 7.3742 7.15532 7.03093 7.39196 7.29235 7.22283 7.18483 7.32077 7.28873 7.27524 7.26796 7.30535 7.29344 7.28822 7.29118 7.31571 7.34524 7.3886 7.44643 7.18505 7.23543 7.34698 7.43249 7.33695 7.4628 7.55298 7.65124 7.26256 7.30209 7.35106 7.36157 7.41319 7.4292 7.44297 7.45433 7.42107 7.43534 7.46277 7.4963 7.42449 7.43006 7.45886 7.54292 7.35626 7.35468 7.25473 7.13591 7.24738 7.25495 7.26759 7.34482 7.25768 7.38313 7.44555 7.54043 7.48201 7.50245 7.48246 7.40393 7.22898 6.95498 6.70598 6.52445 6.94916 6.87058 6.93584 7.15821 6.91257 7.12604 7.38855 7.6783 7.08883 7.29319 7.49389 7.67009 6.8775 7.0514 7.17742 7.24502 0.226019
-30.0684 0.985604 6.65313 -29.1554 4.72158 9.69807 -27.5266 8.09961 12.8602 -25.2147 11.1513 15.927 -22.2704 13.953 18.6736 -18.0995 17.0516 21.1908 -13.376 20.0796 22.5522 -8.45528 23.097 22.4298 -3.81832 26.0532 20.6713 -0.787199 28.1836 18.298 1.64762 30.1289 15.1922 3.44889 31.8351 11.5586 4.69238 33.2764 7.5918 5.74249 34.7874 1.99089 6.63064 35.8463 -3.74025 7.95765 36.4668 -9.45078 10.2712 36.5937 -14.8718 12.4179 36.1858 -18.1793 14.9782 35.2887 -21.0697 17.8386 33.8534 -23.4089 20.8413 31.8849 -25.0891 24.7853 28.5254 -26.2167 28.2912 24.549 -26.1143 31.1028 20.2026 -24.9668 33.1034 15.6904 -23.0301 34.3581 10.6852 -20.2754 34.6848 5.75167 -17.15 34.179 0.9446 -13.8559 32.9287 -3.70027 -10.5277 31.3194 -7.51862 -7.71992 29.2408 -11.1608 -4.98732 26.7096 -14.588 -2.36031 23.7367 -17.7536 0.128462 20.1254 -20.7608 2.56351 16.054 -23.3579 4.72974 11.5595 -25.4882 6.53921 6.70197 -27.1039 7.88372 3.36934 -27.8637 8.44543 -0.0453394 -28.3791 8.71654 -3.49854 -28.6461 8.65976 -6.93703 -28.6639 8.24071 -12.0169 -28.2179 6.85651 -16.657 -27.2302 4.52951 -20.5751 -25.7562 1.30527 -23.5102 -23.8773 -2.66652 -25.3855 -21.4912 -7.55929 -25.8314 -18.8858 -12.6742 -24.939 -16.1548 -17.6637 -22.9007 -13.3367 -22.252 -20.6122 -11.0056 -25.5017 -17.8691 -8.58783 -28.3054 -14.7952 -6.05387 -30.621 -11.507 -3.37485 -32.4214 -7.68256 -0.161237 -33.8117 -3.87041 3.28182 -34.5182 -0.208176 6.9525 -34.5381 3.17323 10.8273 -33.8763 6.10985 14.8012 -32.5675 8.53884 18.8573 -30.6242 10.3547 22.8962 -28.0711 11.4636 26.7849 -24.9445 11.7922 30.131 -21.5529 11.3955 33.0294 -17.7781 10.2634 35.2896 -13.7264 8.42795 36.7141 -9.55397 5.41644 37.0876 -4.62949 2.07101 36.0605 -0.0237967 -1.13653 33.837 4.24555 -3.82123 30.6449 8.25334 -5.04922 28.3237 10.6242 -5.89688 25.7843 12.9374 -6.31782 23.0874 15.1882 -6.28602 20.294 17.3593 -5.26043 15.6548 20.6701 -3.15081 11.1061 23.5676 -0.187557 6.7391 25.9518 3.34423 2.52327 27.7656 6.79963 -1.29924 28.898 10.2559 -5.2366 29.5183 13.4779 -9.41339 29.6034 16.2111 -13.9004 29.1235 18.3268 -19.1056 27.9335 19.2352 -24.4569 26.056 18.7284 -29.6088 23.5687 16.7793 -34.138 20.6234 13.4919 -37.7144 17.3582 9.23693 -39.98 14.0383 4.41764 -40.8559 10.8341 -0.602695 -40.4167 7.85704 -4.28899 -39.3423 5.83272 -7.8618 -37.707 3.98832 -11.2731 -35.5842 2.34596 -14.4938 -33.0387 0.935644 -17.9462 -29.6491 -0.352266 -21.0941 -25.8494 -1.20129 -23.9043 -21.7184 -1.52512 -26.3117 -17.3373 -1.24765 -28.2876 -12.6372 -0.270681 -29.6292 -7.91567 1.41968 -30.2436 -3.32759 3.7695 1.12624 1.17882 1.24304 1.29543 0.581801 0.564068 0.500659 0.525741 1.39284 1.21524 0.97713 0.80704 1.07343 0.983817 0.925774 0.836472 1.36257 1.29749 1.15691 0.970034 1.59732 1.35074 1.19258 1.11169 1.50874 1.44118 1.39866 1.38275 1.5349 1.51391 1.50792 1.50482 1.54323 1.52907 1.51831 1.51239 1.52696 1.54683 1.57899 1.62408 1.34438 1.36992 1.45364 1.50931 1.38026 1.46803 1.51828 1.57652 1.15357 1.16533 1.1906 1.1826 1.22084 1.23002 1.24359 1.26006 1.23585 1.262 1.30356 1.35306 1.29835 1.32178 1.36152 1.43538 1.23763 1.22656 1.1196 0.998726 1.11374 1.12408 1.13563 1.20741 1.11449 1.2405 1.30846 1.40913 1.35172 1.36583 1.33211 1.23363 1.03847 0.761714 0.546579 0.425458 0.909605 0.879998 0.990594 1.26225 1.06295 1.31257 1.60032 1.89583 1.28315 1.42619 1.53635 1.61537 0.740973 0.864072 0.973051 1.04928 0.510858
-28.4128 -0.468658 8.17258 -27.2299 3.47023 10.8463 -25.2038 7.00947 13.5723 -22.3973 10.174 16.0566 -18.9185 13.0327 18.003 -14.1888 16.1043 19.2391 -9.18376 18.969 18.9629 -4.46518 21.6573 17.0031 -0.602676 24.1382 13.5019 1.53026 25.8705 10.0656 2.93351 27.4568 6.20899 3.72601 28.9172 2.13493 4.12778 30.2901 -2.02594 4.49632 32.0613 -7.6369 5.42836 33.8306 -13.1828 7.55828 35.4861 -18.4248 11.0714 36.5526 -23.0373 14.1527 36.6807 -25.528 17.6427 36.2307 -27.3532 21.3132 35.1669 -28.4068 24.911 33.5214 -28.6569 29.232 30.5649 -27.8193 32.6639 26.9988 -25.9173 35.0662 23.0716 -23.2867 36.4629 18.9664 -20.2354 36.9627 14.3676 -16.6555 36.5455 9.77806 -13.0531 35.3632 5.25056 -9.54329 33.5269 0.83112 -6.17999 31.4915 -2.82396 -3.43211 29.0532 -6.32025 -0.808315 26.225 -9.61075 1.68729 23.0157 -12.6454 4.04204 19.2199 -15.5231 6.3495 15.0317 -18.0121 8.41781 10.4854 -20.0772 10.1729 5.63076 -21.6999 11.5194 2.31917 -22.5214 12.1174 -1.06999 -23.1537 12.4537 -4.50478 -23.6013 12.4886 -7.9447 -23.8694 12.1814 -13.0906 -23.9424 10.9833 -17.8916 -23.6272 8.79891 -22.0393 -22.9385 5.59847 -25.178 -21.8983 1.47698 -27.194 -20.4505 -3.7181 -27.7488 -18.7819 -9.20059 -26.984 -16.948 -14.6045 -25.117 -14.9516 -19.6718 -22.9956 -13.207 -23.3715 -20.4354 -11.3036 -26.6963 -17.5445 -9.20819 -29.609 -14.4218 -6.8909 -32.0809 -10.7411 -3.99279 -34.3035 -7.00425 -0.771063 -35.8981 -3.32985 2.76811 -36.8251 0.162916 6.5942 -37.0441 3.30826 10.5905 -36.53 6.03421 14.725 -35.2636 8.21217 18.8806 -33.235 9.71256 22.9053 -30.464 10.3933 26.3797 -27.259 10.2982 29.3965 -23.558 9.3871 31.7631 -19.5113 7.67719 33.2905 -15.322 4.67395 33.8054 -10.4053 1.02478 32.7946 -6.0325 -2.70109 30.5332 -2.22943 -6.05374 27.2947 1.19562 -7.73401 24.9464 3.24002 -9.04401 22.3816 5.29495 -9.90406 19.6676 7.39528 -10.2482 16.8837 9.55132 -9.62016 12.3886 13.1479 -7.55472 8.29923 16.69 -4.31279 4.82552 20.0004 -0.278832 1.92667 22.9769 3.75674 -0.459891 25.3959 7.88229 -2.9274 27.5695 11.8396 -5.82517 29.5126 15.311 -9.43206 31.1778 18.0939 -14.2698 32.5336 19.358 -19.8321 33.203 18.8285 -25.5479 33.0149 16.5876 -30.7233 31.9289 12.9489 -34.8828 30.0006 8.48527 -37.658 27.4251 3.68132 -39.0562 24.3876 -1.11839 -39.2249 21.0418 -4.54692 -38.6682 18.4387 -7.81108 -37.5911 15.7879 -10.8881 -36.0363 13.1506 -13.7715 -34.0296 10.6011 -16.8595 -31.1748 7.88415 -19.7047 -27.7646 5.5727 -22.3114 -23.8488 3.85832 -24.6695 -19.5288 2.94005 -26.7076 -14.7543 2.93476 -28.1192 -9.85088 3.89033 -28.7263 -5.02495 5.70451 -0.403251 -0.347236 -0.283019 -0.233688 -0.953646 -0.981913 -1.06032 -1.04983 -0.175689 -0.346558 -0.581971 -0.747614 -0.476578 -0.566313 -0.62856 -0.712932 -0.16867 -0.201523 -0.28459 -0.389664 0.34504 0.208043 0.129522 0.102168 0.536488 0.495023 0.46987 0.465278 0.624034 0.606703 0.602629 0.600071 0.63781 0.621606 0.607153 0.595456 0.603171 0.616129 0.639852 0.674879 0.380308 0.385338 0.44731 0.482575 0.328344 0.38301 0.397232 0.420244 -0.0310551 -0.0407168 -0.0323463 -0.0524795 -0.0222931 -0.0168099 -0.00337743 0.0151542 -0.00605971 0.0230327 0.06668 0.116641 0.0601789 0.0796161 0.113322 0.180175 -0.0244967 -0.0293641 -0.124052 -0.230039 -0.10098 -0.0784256 -0.0563514 0.0215212 -0.0654048 0.0733194 0.154568 0.264084 0.209392 0.222876 0.1914 0.106157 -0.0525364 -0.257986 -0.379311 -0.412813 0.137468 0.157028 0.30572 0.602351 0.407409 0.644316 0.903428 1.15677 0.488418 0.567098 0.614553 0.635633 -0.277149 -0.167835 -0.0567638 0.0274507 1.02544
-26.0275 -1.5018 10.0469 -24.6004 2.6338 12.2657 -22.2905 6.3785 14.4346 -19.1767 9.72951 16.2058 -15.4163 12.7057 17.2371 -10.5077 15.7432 17.1259 -5.66136 18.3023 15.3103 -1.53948 20.4038 11.8569 1.3701 22.1235 7.17613 2.69627 23.2855 3.14507 3.34959 24.4036 -1.05992 3.54107 25.5662 -5.29906 3.54215 26.8466 -9.50851 3.71422 28.8111 -15.0643 4.80078 31.0263 -20.4185 7.36801 33.2491 -25.2376 11.5878 35.0301 -28.9493 15.1739 35.6957 -30.502 19.0809 35.8024 -31.1636 23.0062 35.2988 -30.934 26.6754 34.2027 -29.9094 30.85 31.933 -27.5569 33.9852 28.958 -24.4855 36.0564 25.4917 -21.0491 37.156 21.708 -17.5011 37.3941 17.3195 -13.6411 36.7765 12.8313 -9.94113 35.4317 8.34327 -6.43914 33.4467 3.9428 -3.13596 31.281 0.312411 -0.455702 28.7056 -3.13899 2.09549 25.7359 -6.35959 4.51677 22.3887 -9.302 6.79529 18.4627 -12.0686 9.01943 14.1729 -14.4514 11.0028 9.56171 -16.4394 12.6758 4.68026 -18.0406 13.9492 1.3693 -18.8919 14.5079 -2.00879 -19.5954 14.8129 -5.42635 -20.1606 14.8249 -8.84755 -20.5968 14.5016 -13.9717 -21.0259 13.285 -18.7658 -21.1837 11.0687 -22.9135 -21.0661 7.79706 -26.0276 -20.6591 3.54773 -28.0439 -19.9292 -1.79561 -28.6393 -18.9417 -7.43654 -27.9581 -17.7072 -13.0188 -26.2131 -16.2062 -18.2963 -24.2117 -14.7813 -22.1945 -21.7862 -13.1332 -25.7486 -19.0392 -11.2373 -28.9253 -16.0625 -9.07437 -31.6989 -12.5373 -6.30921 -34.3091 -8.92883 -3.19084 -36.3441 -5.33404 0.266522 -37.762 -1.84871 4.03168 -38.5119 1.37917 7.99504 -38.5387 4.28505 12.1341 -37.7958 6.73006 16.34 -36.2273 8.55086 20.4561 -33.8044 9.53037 24.0307 -30.7928 9.68409 27.1246 -27.1581 8.93942 29.5063 -23.0863 7.31745 30.9707 -18.84 4.37488 31.3472 -13.8744 0.77309 30.1876 -9.49936 -2.9896 27.6677 -5.90067 -6.44333 24.0546 -2.98933 -8.20753 21.4329 -1.39839 -9.61472 18.5688 0.129322 -10.5783 15.5376 1.67865 -11.0182 12.4347 3.32022 -10.4881 7.4871 6.28249 -8.39835 3.24476 9.62461 -5.06424 0.147197 13.2056 -1.00558 -1.74801 16.8758 2.90114 -2.73453 20.2812 6.73963 -3.47154 23.8246 10.2893 -4.48416 27.5938 13.28 -6.26211 31.5596 15.4967 -9.42518 35.8101 16.2059 -13.8526 39.399 15.2379 -19.0336 41.6807 12.8101 -24.2033 42.2854 9.32578 -28.7815 41.2091 5.34386 -32.2951 38.7477 1.24528 -34.6603 35.3028 -2.75562 -35.9388 31.2262 -5.60423 -36.2423 27.9652 -8.33435 -36.0185 24.5981 -10.9436 -35.2716 21.2106 -13.4322 -33.9907 17.8928 -16.1478 -31.8303 14.2838 -18.6849 -28.9239 11.0927 -21.0128 -25.303 8.53585 -23.086 -21.0739 6.8378 -24.9108 -16.2577 6.18696 -26.1405 -11.2337 6.63031 -26.5587 -6.24581 8.00698 -0.963467 -0.924582 -0.875468 -0.837966 -1.56636 -1.59841 -1.67712 -1.66163 -0.768029 -0.925454 -1.15373 -1.31227 -1.03359 -1.11591 -1.16857 -1.23351 -0.651938 -0.634167 -0.646194 -0.666606 0.167105 0.123932 0.110381 0.122579 0.579303 0.548453 0.526926 0.522807 0.681081 0.663309 0.658993 0.656296 0.693701 0.676489 0.659826 0.644163 0.646831 0.654539 0.671774 0.699 0.392713 0.380751 0.422864 0.435965 0.252485 0.276723 0.262433 0.260253 -0.209942 -0.233175 -0.234963 -0.261828 -0.235401 -0.230647 -0.215829 -0.195162 -0.214798 -0.185599 -0.143629 -0.0967897 -0.156844 -0.14065 -0.10977 -0.0461871 -0.257316 -0.271843 -0.368051 -0.47057 -0.335557 -0.302127 -0.262516 -0.163695 -0.223853 -0.0529706 0.0499941 0.168533 0.117593 0.140363 0.135893 0.106981 0.0468153 -0.0138154 0.0270572 0.132876 0.773376 0.831389 0.9761 1.23582 0.988291 1.17221 1.37657 1.57839 0.862059 0.900631 0.919025 0.919551 -0.0199986 0.0680475 0.160965 0.227228 1.76738
-23.1908 -2.59759 11.711 -21.5155 1.7325 13.2941 -19.0023 5.70685 14.6908 -15.7438 9.27786 15.523 -11.9483 12.3844 15.4468 -7.24169 15.345 13.8929 -2.94987 17.4957 10.6856 0.312599 18.8931 6.13191 2.25507 19.7609 0.764742 2.92627 20.2957 -3.55059 3.07345 20.8794 -7.90907 2.9452 21.6549 -12.2382 2.82559 22.7333 -16.5022 3.14387 24.7508 -22.0324 4.66796 27.3899 -27.0789 7.80222 30.3329 -31.1126 12.4703 33.0054 -33.5253 16.1819 34.3055 -34.0229 20.0543 35.0396 -33.5983 23.8167 35.1357 -32.3535 27.2525 34.5946 -30.4517 31.0998 32.9719 -27.1839 33.9756 30.52 -23.4648 35.8867 27.4516 -19.5858 36.9141 23.955 -15.7346 37.1394 19.7819 -11.6419 36.5347 15.4383 -7.77116 35.1938 11.0561 -4.13615 33.1825 6.74837 -0.728333 30.9647 3.20097 2.01955 28.3131 -0.157699 4.61604 25.2517 -3.27481 7.05845 21.8085 -6.1069 9.33388 17.7891 -8.7582 11.5313 13.4249 -11.0403 13.4702 8.76479 -12.9574 15.0897 3.86134 -14.5324 16.3101 0.549343 -15.3991 16.8382 -2.82128 -16.1477 17.1172 -6.2248 -16.7921 17.1073 -9.62706 -17.3456 16.7643 -14.7146 -18.035 15.5144 -19.4564 -18.5655 13.2439 -23.5168 -18.9425 9.8837 -26.5041 -19.1508 5.53014 -28.4282 -19.1464 0.103598 -29.0149 -18.8577 -5.61675 -28.4124 -18.2394 -11.3093 -26.8165 -17.2448 -16.7511 -24.9683 -16.1429 -20.8256 -22.7147 -14.7491 -24.5953 -20.1487 -13.0487 -28.0241 -17.3541 -11.0341 -31.084 -14.0257 -8.39272 -34.0557 -10.5936 -5.36565 -36.4938 -7.14049 -1.97512 -38.3557 -3.74556 1.7456 -39.5874 -0.538571 5.69061 -40.1169 2.43183 9.84409 -39.8857 5.04078 14.1052 -38.8067 7.12945 18.32 -36.8066 8.44282 22.0163 -34.0827 8.98473 25.2342 -30.5958 8.64379 27.6988 -26.5196 7.40153 29.1563 -22.1448 4.85532 29.3622 -16.9552 1.58287 27.8688 -12.4254 -1.88985 24.9347 -8.84913 -5.08104 20.9306 -6.15797 -6.71186 18.1144 -4.77012 -8.02062 15.0948 -3.47167 -8.93558 11.9448 -2.14594 -9.38846 8.75433 -0.685676 -9.02026 3.72116 2.15443 -7.24405 -0.49656 5.70268 -4.34157 -3.36211 9.81346 -0.833836 -4.71804 14.2171 2.43959 -4.90111 18.3503 5.50364 -4.52924 22.6289 8.16301 -4.13717 27.1683 10.2273 -4.26689 32.0216 11.5389 -5.53089 37.4684 11.6146 -8.28312 42.5088 10.3817 -12.3729 46.3479 8.05275 -17.2207 48.3631 4.96808 -22.195 48.358 1.58715 -26.6066 46.5233 -1.80429 -30.1292 43.3063 -5.07248 -32.6435 39.1521 -7.40126 -33.8416 35.6906 -9.64853 -34.4612 32.029 -11.8202 -34.4853 28.2708 -13.9163 -33.8859 24.5173 -16.2239 -32.382 20.3364 -18.3768 -29.974 16.5109 -20.3113 -26.6785 13.2761 -21.9472 -22.5968 10.8823 -23.2417 -17.7567 9.52332 -24.0124 -12.6246 9.39315 -24.0418 -7.50301 10.2406 -1.26273 -1.25608 -1.23463 -1.21947 -1.96554 -2.00814 -2.08955 -2.06731 -1.154 -1.29956 -1.52481 -1.68246 -1.40306 -1.47827 -1.50745 -1.52374 -0.877932 -0.795803 -0.737014 -0.686728 0.220752 0.242481 0.272511 0.310584 0.781353 0.75653 0.736746 0.732889 0.891339 0.874076 0.870572 0.868759 0.906805 0.889564 0.871796 0.853627 0.852933 0.857121 0.870018 0.892024 0.577785 0.553718 0.580406 0.57293 0.361768 0.356573 0.314791 0.289024 -0.197881 -0.232232 -0.241485 -0.272465 -0.247397 -0.241451 -0.223785 -0.19955 -0.21569 -0.183633 -0.139793 -0.092345 -0.15324 -0.139587 -0.113409 -0.0572176 -0.280081 -0.31114 -0.426046 -0.547149 -0.424272 -0.39495 -0.355601 -0.256985 -0.323366 -0.169745 -0.0906564 0.00677505 -0.0520841 -0.0202429 0.00494672 0.0286663 0.0472571 0.0901632 0.24283 0.447161 1.15117 1.22581 1.3459 1.55582 1.25642 1.39615 1.55941 1.72455 0.974009 0.98181 0.974169 0.951801 -0.00976749 0.0425445 0.0976856 0.125306 1.92835
-19.5166 -3.57891 13.6735 -17.621 0.898889 14.3205 -15.0199 5.04631 14.6287 -11.8333 8.75268 14.2162 -8.32224 11.8701 12.7963 -4.27589 14.5961 9.70964 -0.949587 16.2411 5.28674 1.24469 16.9775 -0.00242334 2.27439 17.1912 -5.67929 2.4746 17.3201 -10.0727 2.37873 17.6181 -14.4614 2.2354 18.2533 -18.8128 2.31022 19.3494 -23.0733 3.15552 21.6256 -28.4454 5.33476 24.7175 -32.9671 8.99077 28.19 -36.0216 13.8176 31.3852 -37.1385 17.4011 33.0327 -36.7399 21.0029 34.1209 -35.4921 24.4247 34.5863 -33.5455 27.5197 34.4283 -31.0735 30.9924 33.3195 -27.2233 33.6274 31.3541 -23.063 35.4222 28.7209 -18.8252 36.4197 25.5976 -14.6582 36.6613 21.7671 -10.2441 36.0757 17.7079 -6.07338 34.7249 13.5706 -2.16533 32.6611 9.48584 1.47756 30.3654 6.12177 4.38728 27.6135 2.94291 7.10311 24.4412 0.000211202 9.61913 20.8888 -2.66968 11.9227 16.7681 -5.17445 14.1044 12.3267 -7.35114 15.9886 7.61886 -9.2201 17.5238 2.69856 -10.82 18.6397 -0.607472 -11.7498 19.0924 -3.95906 -12.6022 19.2918 -7.33011 -13.3938 19.1982 -10.6852 -14.1401 18.7671 -15.6674 -15.2129 17.3716 -20.2455 -16.232 14.9378 -24.0546 -17.1841 11.4016 -26.85 -17.9975 6.99197 -28.668 -18.6357 1.56635 -29.2559 -18.9323 -4.15347 -28.7434 -18.8199 -9.88711 -27.3026 -18.2453 -15.4318 -25.6107 -17.4226 -19.638 -23.5328 -16.2637 -23.5841 -21.1544 -14.7622 -27.2338 -18.552 -12.9185 -30.5594 -15.4362 -10.4436 -33.8841 -12.2016 -7.56109 -36.7327 -8.91724 -4.29362 -39.0615 -5.64682 -0.670055 -40.811 -2.50192 3.21277 -41.8887 0.485059 7.34741 -42.2217 3.20687 11.641 -41.6883 5.517 15.9395 -40.167 7.13619 19.7454 -37.7794 8.06565 23.0712 -34.4807 8.16707 25.5961 -30.4284 7.38896 27.0212 -25.9374 5.39574 27.0399 -20.5074 2.64038 25.2452 -15.7488 -0.371197 22.0006 -12.0257 -3.19244 17.7779 -9.25663 -4.66998 14.9017 -7.82094 -5.89993 11.8797 -6.45293 -6.82842 8.78306 -5.01567 -7.40236 5.69701 -3.38362 -7.47764 0.926231 -0.102084 -6.41599 -2.92735 4.08801 -4.39527 -5.3307 8.95368 -1.81558 -6.12149 14.0776 0.642198 -5.6927 18.726 2.94841 -4.60346 23.3442 4.9312 -3.36347 28.0732 6.44229 -2.49487 33.0526 7.36367 -2.53487 38.7215 7.33451 -4.07612 44.254 6.27904 -7.22682 48.9385 4.32782 -11.6355 52.0597 1.72214 -16.7442 53.2305 -1.16796 -21.7674 52.4098 -4.09367 -26.1894 49.9306 -6.92783 -29.7146 46.2157 -8.95119 -31.6551 42.9019 -10.9006 -32.9719 39.254 -12.7732 -33.6233 35.3927 -14.557 -33.5644 31.436 -16.4694 -32.5645 26.9182 -18.165 -30.5332 22.6679 -19.5616 -27.502 18.9358 -20.5753 -23.5966 15.9715 -21.157 -18.8638 13.9194 -21.2433 -13.7534 13.011 -20.7428 -8.58661 13.0666 -1.29499 -1.32812 -1.34154 -1.3567 -2.13032 -2.19542 -2.2915 -2.27316 -1.35028 -1.49195 -1.7198 -1.88178 -1.60676 -1.67887 -1.68931 -1.66716 -0.973528 -0.845288 -0.736996 -0.637451 0.322834 0.39363 0.459798 0.522409 1.00976 0.995797 0.983483 0.985748 1.14956 1.13722 1.13849 1.14104 1.1828 1.16812 1.15126 1.13201 1.12865 1.12956 1.13808 1.15456 0.83162 0.794125 0.804018 0.769811 0.533233 0.504867 0.443745 0.40292 -0.0935421 -0.133392 -0.145383 -0.176694 -0.149929 -0.140518 -0.11843 -0.0894065 -0.100821 -0.0643294 -0.0164699 0.0343007 -0.0246175 -0.0112675 0.0110739 0.0584834 -0.18074 -0.236768 -0.380865 -0.531087 -0.429012 -0.413199 -0.38807 -0.308432 -0.409256 -0.308495 -0.280877 -0.222237 -0.300832 -0.27185 -0.234753 -0.186349 -0.131712 -0.0442298 0.153784 0.396141 1.12216 1.19629 1.29438 1.46884 1.13485 1.24596 1.38318 1.52517 0.752351 0.73783 0.706722 0.656539 -0.340995 -0.336037 -0.335744 -0.359932 1.4294
-15.4324 -4.64884 15.7374 -13.2705 -0.296187 15.072 -10.7124 3.73443 13.9441 -7.90864 7.28282 12.0442 -5.11525 10.1599 9.21922 -2.23964 12.4973 4.79209 -0.189997 13.7105 -0.467115 0.914102 14.0782 -6.12205 1.24241 14.0605 -11.8862 1.21618 14.1264 -16.2854 1.1539 14.4638 -20.6719 1.27807 15.2384 -25.0013 1.80997 16.5588 -29.1645 3.44839 19.2109 -34.1682 6.38073 22.6532 -37.9505 10.4911 26.368 -39.9655 15.3442 29.7151 -39.9667 18.7347 31.4696 -38.8987 22.0396 32.7052 -37.0916 25.1276 33.378 -34.6987 27.9067 33.4906 -31.874 31.041 32.8233 -27.6497 33.4545 31.3514 -23.1639 35.1305 29.2238 -18.6056 36.0787 26.5887 -14.1032 36.3048 23.2567 -9.30099 35.705 19.6467 -4.73774 34.3168 15.9119 -0.455378 32.183 12.1894 3.52019 29.8043 9.1076 6.66622 26.9551 6.18623 9.56473 23.6805 3.47364 12.2052 20.03 1.00065 14.5742 15.8182 -1.34113 16.763 11.3051 -3.41294 18.5943 6.54977 -5.2474 20.0209 1.61139 -6.89527 20.9753 -1.686 -7.90739 21.2949 -5.00886 -8.8851 21.3403 -8.32587 -9.84726 21.0738 -11.595 -10.8107 20.4542 -16.3706 -12.3033 18.7553 -20.634 -13.8429 16.0399 -24.1322 -15.3642 12.3836 -26.7362 -16.7556 8.00135 -28.4932 -18.0062 2.66293 -29.1484 -18.8698 -2.9917 -28.7955 -19.2597 -8.72522 -27.5747 -19.1155 -14.3501 -26.0863 -18.5879 -18.6788 -24.2279 -17.6852 -22.7974 -22.0787 -16.4071 -26.6677 -19.7096 -14.7598 -30.2601 -16.8539 -12.4787 -33.9382 -13.8669 -9.76426 -37.1932 -10.8051 -6.63861 -39.9758 -7.71683 -3.12743 -42.2165 -4.69316 0.677693 -43.7997 -1.74736 4.77036 -44.6367 1.03801 9.05591 -44.5742 3.54025 13.3694 -43.4514 5.4705 17.1895 -41.333 6.83899 20.5017 -38.1767 7.49086 22.9573 -34.133 7.33903 24.2437 -29.5365 6.13492 24.0222 -23.8833 4.11135 21.9801 -18.864 1.69006 18.5641 -14.8733 -0.747206 14.3006 -11.817 -2.11557 11.4782 -10.1804 -3.3446 8.57002 -8.58391 -4.39252 5.64864 -6.88562 -5.21689 2.79877 -4.9581 -5.99153 -1.4695 -1.12191 -5.9356 -4.71816 3.67154 -5.07762 -6.48649 9.11864 -3.62944 -6.67033 14.7225 -2.05678 -5.72437 19.6686 -0.452812 -4.12949 24.4348 1.01849 -2.35016 29.1784 2.2149 -0.856587 34.0948 3.03632 -0.0837122 39.7263 3.16973 -0.714168 45.4334 2.4977 -3.00895 50.6552 1.04675 -6.82736 54.6926 -1.05415 -11.7617 57.0372 -3.5297 -17.0529 57.4023 -6.15212 -22.0742 55.9296 -8.76837 -26.374 52.9417 -10.6558 -28.9136 49.9704 -12.4674 -30.8015 46.507 -14.1766 -31.9641 42.6902 -15.747 -32.3386 38.6611 -17.3221 -31.7383 33.9467 -18.555 -30.0206 29.4083 -19.3518 -27.2586 25.3092 -19.6396 -23.6231 21.8789 -19.3683 -19.1953 19.1826 -18.541 -14.3964 17.384 -17.2318 -9.47802 16.3619 -1.13314 -1.20987 -1.26142 -1.3111 -2.11915 -2.21716 -2.33981 -2.33677 -1.41527 -1.56035 -1.79461 -1.96457 -1.6985 -1.77478 -1.77824 -1.73544 -1.01389 -0.857652 -0.718403 -0.586879 0.409746 0.517506 0.614654 0.702117 1.21005 1.21309 1.21479 1.22927 1.40338 1.39983 1.40914 1.41883 1.46678 1.45701 1.44334 1.42526 1.4211 1.42012 1.42554 1.43751 1.1067 1.05549 1.04372 0.986311 0.72886 0.682477 0.607193 0.556217 0.0541845 0.0119869 -2.67322e-05 -0.029381 0.00113791 0.0159023 0.0442379 0.0800252 0.0755581 0.118845 0.172803 0.227837 0.169557 0.178139 0.188468 0.215586 -0.0546614 -0.150943 -0.3358 -0.521436 -0.44237 -0.442742 -0.436515 -0.382285 -0.525752 -0.484997 -0.512631 -0.495744 -0.598501 -0.579308 -0.540916 -0.482836 -0.412625 -0.306351 -0.0904606 0.165667 0.89819 0.968614 1.05223 1.20439 0.848371 0.940955 1.06111 1.18754 0.39868 0.365749 0.311941 0.232029 -0.804482 -0.847471 -0.903941 -0.986489 0.58946
-12.0762 -6.51872 16.9894 -9.91079 -2.42679 15.3679 -7.52622 1.31938 13.2841 -5.10206 4.56889 10.5226 -2.86575 7.16735 7.01427 -0.763153 9.26576 2.06372 0.550806 10.3888 -3.44488 1.08101 10.8243 -9.17742 1.04063 11.0079 -14.9478 0.859012 11.298 -19.3344 0.729346 11.9124 -23.6892 0.846979 13.0101 -27.9483 1.39964 14.6895 -31.9773 3.04609 17.8494 -36.6741 5.87425 21.7902 -40.0246 9.72635 25.9761 -41.5721 14.2036 29.791 -41.1768 17.3234 31.886 -39.9149 20.3813 33.4953 -37.9723 23.2735 34.5792 -35.4873 25.9243 35.137 -32.593 29.004 35.1012 -28.277 31.4867 34.2734 -23.6656 33.3338 32.7714 -18.9279 34.5272 30.7165 -14.1879 35.0786 27.9467 -9.0655 34.8317 24.7978 -4.14228 33.8013 21.4103 0.51368 32.0141 17.9146 4.84966 29.914 14.9286 8.27413 27.3218 12.0123 11.4092 24.2788 9.21541 14.2325 20.833 6.57157 16.7206 16.8099 3.95968 18.958 12.4633 1.5324 20.755 7.86396 -0.734389 22.0669 3.08782 -2.88016 22.8401 -0.0905232 -4.24577 23.0203 -3.28045 -5.59263 22.9227 -6.45055 -6.93189 22.5277 -9.56504 -8.27104 21.8165 -14.1246 -10.3147 20.0976 -18.3069 -12.3465 17.5875 -21.9508 -14.3202 14.3093 -24.9124 -16.164 10.3407 -27.243 -17.9251 5.37924 -28.5836 -19.3169 -0.0443356 -28.9562 -20.2431 -5.71469 -28.4494 -20.6337 -11.4366 -27.5021 -20.5301 -15.9447 -26.1475 -20.0465 -20.3222 -24.4585 -19.1828 -24.5214 -22.5009 -17.9446 -28.5046 -20.0448 -16.1154 -32.6889 -17.3834 -13.8398 -36.5131 -14.5661 -11.1327 -39.9221 -11.6321 -8.0096 -42.8416 -8.66088 -4.54333 -45.1406 -5.65469 -0.727924 -46.7324 -2.67889 3.36556 -47.4507 0.161937 7.60128 -47.1099 2.55412 11.4809 -45.6841 4.52178 15.0024 -43.128 5.88265 17.8232 -39.5228 6.49221 19.6098 -35.1362 6.1687 20.1016 -29.382 4.85243 18.7814 -23.9064 2.88886 16.0171 -19.2201 0.650118 12.3279 -15.3684 -0.713549 9.84426 -13.2497 -2.02259 7.28078 -11.1925 -3.23507 4.72402 -9.06895 -4.31091 2.26655 -6.7624 -5.68674 -1.30762 -2.41879 -6.43046 -3.84218 2.73457 -6.46622 -4.95326 8.41773 -5.86588 -4.58364 14.1655 -4.93069 -3.22036 19.1754 -3.79442 -1.26416 23.9414 -2.60596 0.856122 28.6238 -1.49302 2.70565 33.4377 -0.508726 3.91194 38.966 0.0761257 3.75981 44.6775 0.125563 1.92775 50.1205 -0.416096 -1.55297 54.6567 -1.52522 -6.38617 57.7662 -3.06658 -11.8858 59.0457 -4.89238 -17.4201 58.5007 -6.88149 -22.4811 56.3351 -8.41225 -25.6951 53.8515 -9.9544 -28.3077 50.7472 -11.4725 -30.2015 47.1486 -12.9185 -31.2684 43.1975 -14.4142 -31.367 38.4205 -15.6106 -30.2038 33.7 -16.3881 -27.8499 29.3502 -16.6543 -24.5113 25.6288 -16.3436 -20.328 22.5706 -15.4425 -15.7582 20.2785 -13.9971 -11.0885 18.531 -1.12997 -1.22315 -1.28957 -1.35359 -2.17744 -2.2928 -2.43167 -2.44048 -1.52174 -1.66514 -1.89317 -2.05391 -1.77277 -1.82479 -1.79732 -1.71871 -0.965124 -0.782681 -0.617941 -0.462274 0.560279 0.693654 0.812102 0.916668 1.43855 1.45244 1.46195 1.48187 1.65936 1.65771 1.66788 1.67738 1.72396 1.71134 1.69301 1.66808 1.65618 1.6478 1.64461 1.64674 1.30214 1.23208 1.2033 1.13393 0.868481 0.817986 0.742186 0.693695 0.196054 0.158872 0.152545 0.129089 0.165595 0.185934 0.218639 0.257282 0.253896 0.296255 0.346934 0.395884 0.328588 0.325388 0.32121 0.332033 0.0437109 -0.0698595 -0.267438 -0.460969 -0.387962 -0.397776 -0.406647 -0.372997 -0.547629 -0.548321 -0.613337 -0.624973 -0.74508 -0.734414 -0.698505 -0.639579 -0.568347 -0.464366 -0.257078 -0.017609 0.689369 0.725851 0.769575 0.87936 0.487093 0.550674 0.644795 0.748848 -0.0595716 -0.10827 -0.173605 -0.262776 -1.30887 -1.3638 -1.43475 -1.53555 0.0186278
-9.25578 -9.35765 17.1288 -7.47275 -5.44687 14.7647 -5.54327 -1.87461 12.0119 -3.59207 1.17858 8.70542 -1.82673 3.58249 4.811 -0.216346 5.50367 -0.389785 0.741875 6.5577 -5.98474 1.07719 7.06384 -11.7262 0.962632 7.47651 -17.4838 0.774198 8.04216 -21.8431 0.683423 8.9926 -26.1381 0.871901 10.4629 -30.2807 1.4986 12.5264 -34.1158 3.18829 16.1765 -38.4258 5.91291 20.5426 -41.3014 9.48978 25.0989 -42.3976 13.5732 29.2889 -41.673 16.4118 31.6786 -40.2779 19.2116 33.6335 -38.2644 21.8929 35.1192 -35.7508 24.3948 36.1309 -32.847 27.3825 36.7653 -28.5129 29.8874 36.6452 -23.8412 31.8513 35.8506 -18.9805 33.2305 34.4673 -14.0512 34.0364 32.3618 -8.65382 34.0657 29.767 -3.41162 33.3101 26.8033 1.5744 31.7824 23.59 6.21722 29.8875 20.7303 9.86202 27.4853 17.8348 13.1634 24.6206 14.9573 16.0903 21.3466 12.1376 18.6169 17.5047 9.24632 20.829 13.3466 6.4573 22.5452 8.95016 3.76339 23.7402 4.3962 1.14449 24.3855 1.37391 -0.544748 24.4923 -1.65389 -2.2205 24.3389 -4.65996 -3.88859 23.9144 -7.61531 -5.55206 23.2087 -11.9614 -8.07585 21.5769 -16.0048 -10.5655 19.259 -19.6306 -12.978 16.2667 -22.7333 -15.2517 12.6439 -25.4215 -17.4863 8.06904 -27.323 -19.3711 2.97185 -28.4188 -20.8185 -2.49201 -28.7354 -21.7611 -8.16309 -28.4706 -22.1204 -12.7492 -27.7861 -22.1167 -17.3058 -26.7275 -21.7475 -21.7751 -25.3392 -21.0163 -26.1075 -23.4322 -19.7692 -30.7652 -21.2088 -18.0822 -35.1352 -18.7091 -15.9623 -39.1531 -15.9661 -13.4136 -42.7401 -13.0544 -10.4857 -45.7529 -9.97315 -7.15984 -48.1137 -6.77919 -3.47832 -49.6541 -3.56652 0.462691 -50.1785 -0.679995 4.21926 -49.576 1.92266 7.81374 -47.8118 4.03983 10.9455 -44.8937 5.48045 13.2962 -40.9943 6.15925 14.7617 -35.4401 5.70147 14.5945 -29.6764 4.35424 12.9981 -24.2824 2.47829 10.384 -19.4756 1.24348 8.49856 -16.7485 0.0159814 6.48921 -14.1079 -1.15419 4.45288 -11.462 -2.23458 2.49328 -8.72161 -3.73937 -0.323445 -3.89082 -4.79098 -2.2249 1.47697 -5.31295 -2.88912 7.20591 -5.33657 -2.24611 12.961 -5.03738 -0.712943 18 -4.50089 1.38105 22.8125 -3.81385 3.64853 27.5262 -3.06721 5.69337 32.3319 -2.29665 7.20928 37.8177 -1.7059 7.49482 43.5234 -1.42814 6.19948 49.1119 -1.55842 3.2543 54.0409 -2.13812 -1.17445 57.8236 -3.12503 -6.52656 59.9777 -4.4321 -12.2174 60.3848 -5.96131 -17.7252 59.1261 -7.18327 -21.4312 57.2252 -8.43624 -24.6479 54.5939 -9.67487 -27.2334 51.3348 -10.8442 -29.053 47.5715 -12.0231 -30.0563 42.8102 -12.9151 -29.7885 37.8909 -13.4232 -28.27 33.1473 -13.4854 -25.6642 28.8726 -13.0642 -22.1039 25.1182 -12.1791 -18.01 22.0513 -10.8874 -13.6836 19.4895 -1.14818 -1.25044 -1.32534 -1.39831 -2.23165 -2.35606 -2.50157 -2.51401 -1.59683 -1.73915 -1.96129 -2.11369 -1.81946 -1.85124 -1.7985 -1.69093 -0.911456 -0.707634 -0.521769 -0.345652 0.699505 0.856152 0.994848 1.11639 1.65262 1.67791 1.69552 1.72066 1.90072 1.89967 1.90882 1.91569 1.95787 1.93896 1.91261 1.8781 1.85723 1.84131 1.83028 1.82436 1.46955 1.38709 1.34649 1.26665 0.992454 0.936001 0.857938 0.810924 0.317482 0.285483 0.28502 0.267299 0.308896 0.332752 0.36641 0.403028 0.394415 0.428229 0.466879 0.500304 0.414901 0.392135 0.367694 0.359421 0.0539521 -0.0713375 -0.272447 -0.46283 -0.387407 -0.402208 -0.421555 -0.400251 -0.589203 -0.608674 -0.692316 -0.720655 -0.852843 -0.849448 -0.816553 -0.756818 -0.681808 -0.572247 -0.359781 -0.117473 0.58812 0.617035 0.645737 0.733116 0.316251 0.356007 0.424533 0.501695 -0.336673 -0.418 -0.515821 -0.63607 -1.71076 -1.79023 -1.88057 -1.99617 -0.434943
-11.703 -12.4325 17.8201 -9.33026 -9.258 14.9295 -6.89734 -6.28851 11.8756 -4.51291 -3.63546 8.50839 -2.30268 -1.40029 4.74256 -0.0952559 0.586655 -0.208492 1.49688 1.79494 -5.62501 2.36085 2.49189 -11.2908 2.73602 3.15034 -17.0144 2.95227 3.91156 -21.3426 3.27227 5.05898 -25.5781 3.84382 6.71165 -29.6156 4.78599 8.92531 -33.2995 6.73693 12.7152 -37.3721 9.50198 17.1786 -40.0532 12.9329 21.8633 -41.072 16.7715 26.2873 -40.4016 19.4391 28.9126 -39.0955 22.0878 31.166 -37.1925 24.6515 33.0028 -34.7908 27.0749 34.4039 -31.9838 30.0165 35.5934 -27.7358 32.5246 36.0332 -23.085 34.5129 35.7723 -18.1766 35.9047 34.8722 -13.1401 36.6738 33.2224 -7.5812 36.5816 30.9926 -2.17435 35.6083 28.3046 2.92878 33.78 25.2863 7.59375 31.5901 22.5364 11.1568 28.8896 19.7022 14.2758 25.7562 16.8367 16.9262 22.2723 13.9757 19.1011 18.2947 10.9766 20.8892 14.1015 8.00925 22.1643 9.77027 5.06743 22.9386 5.36999 2.13944 23.2181 2.4853 0.22364 23.1313 -0.384677 -1.69215 22.8276 -3.22307 -3.60682 22.3014 -6.01274 -5.51627 21.5458 -10.1367 -8.40231 19.9383 -14.0391 -11.2196 17.7577 -17.6464 -13.9153 14.9934 -20.8819 -16.4264 11.6547 -23.8967 -18.8748 7.40434 -26.294 -20.9409 2.59459 -28.007 -22.5541 -2.66022 -28.9964 -23.6644 -8.22241 -29.2605 -24.1718 -12.7945 -29.0636 -24.3362 -17.3951 -28.4257 -24.1618 -21.9552 -27.3741 -23.6574 -26.4129 -25.7343 -22.7073 -31.2393 -23.6568 -21.3634 -35.7962 -21.1861 -19.6316 -40.0131 -18.3637 -17.5121 -43.8115 -15.2771 -15.0407 -47.0509 -11.934 -12.1943 -49.6681 -8.39771 -8.99706 -51.512 -4.76506 -5.51405 -52.4066 -1.41471 -2.11567 -52.2249 1.72463 1.25047 -50.952 4.45351 4.35861 -48.5647 6.57278 6.95816 -45.1651 8.12132 9.12677 -40.0312 8.49562 10.0356 -34.331 7.84018 9.72776 -28.5922 6.44949 8.44366 -23.1263 5.40458 7.33812 -19.9321 4.29202 6.07068 -16.822 3.18961 4.722 -13.7425 2.176 3.37416 -10.6324 0.886403 1.35811 -5.35901 0.283191 0.039508 0.247518 0.325157 -0.342065 6.02579 0.888811 0.112675 11.7713 1.7028 1.08691 16.892 2.65022 2.40067 21.913 3.57271 3.82934 26.9071 4.31145 5.12591 31.9674 4.72829 6.08735 37.6144 4.55548 6.24223 43.3531 3.65827 5.31477 48.9497 1.99844 3.1741 54.0141 -0.391894 -0.181062 58.172 -3.29467 -4.44618 60.9364 -6.46742 -9.22623 62.0958 -9.67453 -14.0986 61.6122 -11.9526 -17.5287 60.239 -14.0615 -20.6377 58.0647 -15.9294 -23.281 55.1725 -17.4832 -25.3229 51.6716 -18.7953 -26.785 47.0664 -19.5076 -27.1816 42.1266 -19.573 -26.5011 37.1668 -19.003 -24.8501 32.4747 -17.8119 -22.3278 28.0965 -16.1207 -19.2518 24.2718 -14.0481 -15.8817 20.9108 -0.88042 -0.981622 -1.04965 -1.11249 -1.93424 -2.04728 -2.18262 -2.19164 -1.28127 -1.43168 -1.66066 -1.81936 -1.53057 -1.56426 -1.50758 -1.39029 -0.599215 -0.384528 -0.187199 0.000423677 1.05854 1.22872 1.37942 1.51149 2.0575 2.09198 2.1179 2.15033 2.33583 2.33822 2.34882 2.35483 2.39357 2.36846 2.33355 2.28864 2.25826 2.23453 2.21569 2.20208 1.83795 1.74511 1.69556 1.60883 1.33014 1.27227 1.19607 1.15368 0.665954 0.639273 0.643507 0.62902 0.671646 0.693243 0.720753 0.747112 0.724161 0.739641 0.755984 0.763537 0.650594 0.60047 0.550053 0.519618 0.196784 0.062716 -0.137069 -0.319287 -0.238546 -0.257315 -0.28636 -0.274729 -0.467622 -0.482394 -0.554828 -0.568123 -0.687673 -0.676419 -0.640354 -0.579508 -0.499568 -0.372206 -0.120616 0.187506 0.986527 1.12997 1.27931 1.47674 1.13726 1.22571 1.32605 1.41869 0.580001 0.481185 0.351712 0.190679 -0.928653 -1.04995 -1.17299 -1.30913 -0.0237027
-13.0093 -14.6942 18.764 -10.817 -12.0037 15.2972 -8.59606 -9.26831 11.8842 -6.39936 -6.55093 8.44123 -4.26879 -3.9296 4.88415 -1.90768 -1.0774 0.454134 0.199644 1.36221 -4.33568 1.93289 3.19958 -9.52747 3.07731 4.36031 -15.0662 3.57333 5.36816 -19.3204 4.13437 6.77145 -23.4526 5.15212 8.58688 -27.3292 6.62892 10.7883 -30.841 9.28544 14.2671 -34.7903 12.6179 18.2088 -37.639 16.4588 22.4077 -39.1792 20.5853 26.6171 -39.2804 23.3867 29.3156 -38.5156 26.1157 31.8178 -37.0991 28.6908 34.0507 -35.0748 31.0375 35.9522 -32.5073 33.7126 37.8979 -28.3634 35.7537 39.0974 -23.619 37.0916 39.5267 -18.5064 37.7014 39.2045 -13.2492 37.545 38.0396 -7.51912 36.5778 36.1276 -2.07641 34.8841 33.5868 2.91264 32.5618 30.54 7.33287 30.1531 27.6216 10.6092 27.4178 24.486 13.3912 24.4127 21.1941 15.6687 21.1892 17.8002 17.4416 17.5934 14.1524 18.7749 13.8524 10.4926 19.5654 10.0084 6.86384 19.829 6.09874 3.30473 19.5824 3.52105 1.03089 19.1529 0.941391 -1.19138 18.5156 -1.6244 -3.3611 17.674 -4.16077 -5.4775 16.6314 -7.94102 -8.59985 14.6612 -11.5613 -11.5931 12.2415 -14.9768 -14.4383 9.38503 -18.1546 -17.0997 6.10788 -21.3048 -19.7461 2.08011 -24.0787 -22.0753 -2.3954 -26.4194 -24.0292 -7.27938 -28.2651 -25.5456 -12.5181 -29.3393 -26.3977 -16.9171 -30.02 -26.8941 -21.4472 -30.2749 -27.0032 -26.0466 -30.076 -26.6973 -30.6399 -29.2845 -25.8329 -35.6909 -27.8777 -24.403 -40.4723 -25.8644 -22.4155 -44.8178 -23.2837 -19.9065 -48.5502 -20.2564 -16.9902 -51.4585 -16.8561 -13.734 -53.4492 -13.2223 -10.2683 -54.4042 -9.51998 -6.74713 -54.2544 -6.15805 -3.5555 -53.1064 -3.03805 -0.596509 -51.0287 -0.293267 2.00624 -48.1134 1.96516 4.1502 -44.4926 3.93663 6.02934 -39.3895 4.99847 7.05772 -33.7972 5.13534 7.22454 -28.0168 4.38719 6.57084 -22.3183 3.58956 5.78716 -18.9617 2.76846 4.74955 -15.6804 2.13327 3.59628 -12.3965 1.78189 2.57182 -9.02838 1.65973 1.51822 -3.33523 1.95755 1.13314 2.43538 2.56271 1.2398 8.19381 3.36672 1.6585 13.9135 4.18319 2.15849 19.1018 5.00515 2.64073 24.2908 5.7332 3.00192 29.5036 6.26398 3.13778 34.7509 6.49515 2.90796 40.4851 6.2229 2.1472 46.1715 5.31144 0.731307 51.6625 3.65288 -1.42713 56.72 1.14676 -4.40641 61.0907 -2.12543 -8.07399 64.2689 -5.96681 -12.1887 65.8728 -10.0452 -16.3811 65.6507 -12.9716 -19.2759 64.2735 -15.6256 -21.7991 61.9431 -17.8603 -23.8123 58.8136 -19.5731 -25.227 55.0846 -20.8349 -26.0725 50.3138 -21.3362 -26.1059 45.3324 -21.1384 -25.4121 40.3779 -20.3402 -24.1071 35.6106 -18.9983 -22.2395 30.9564 -17.2568 -19.9769 26.6207 -15.2278 -17.4309 22.577 1.56844 1.46509 1.39494 1.32829 0.49997 0.377631 0.233023 0.218825 1.12066 0.965541 0.731475 0.560214 0.825617 0.757366 0.778102 0.865798 1.64144 1.85151 2.0515 2.2486 3.32521 3.52374 3.70725 3.87309 4.45212 4.51508 4.56091 4.60365 4.79033 4.78751 4.78805 4.78049 4.80299 4.76018 4.7077 4.64627 4.6036 4.57126 4.54488 4.52475 4.15367 4.05392 3.99864 3.90733 3.6254 3.56616 3.49095 3.45214 2.97 2.95015 2.96292 2.95855 3.01336 3.04906 3.09118 3.13171 3.1212 3.14602 3.16723 3.1738 3.05346 2.99012 2.92147 2.8697 2.5229 2.3663 2.15115 1.9621 2.04066 2.0176 1.98289 1.99288 1.80407 1.79418 1.72654 1.71693 1.5998 1.61172 1.64509 1.69878 1.76678 1.87879 2.11647 2.41792 3.22334 3.39031 3.58011 3.83041 3.54151 3.67187 3.80917 3.93095 3.11264 3.02229 2.88901 2.71541 1.57892 1.4403 1.30336 1.15814 -0.0098468
