Optimization finished after 233700 iterations.
NEB Energy: 0.672632
Max NEB Force: 0.0999871
Optimization took: 1782308950009 ms
Energies: 
0.662476, 0.711798, 0.744788, 0.78334, 0.909827, 1.05349, 1.1876, 1.29158, 1.31493, 1.27502, 1.18916, 1.12145, 1.01208, 0.846206, 0.666515, 
NEB Forces: 
0, 0.0783972, 0.0999871, 0.0754472, 0.0346676, 0.0148125, 0.0101112, 0.00929381, 0.00863001, 0.00793933, 0.00760857, 0.00823296, 0.00857824, 0.00767645, 0, 
Gradients: 
2.07892e-05, 0.00320618, 0.00358152, 0.00548389, 0.00728876, 0.00827945, 0.0095017, 0.00929894, 0.00863076, 0.00800418, 0.00774663, 0.00819887, 0.00811726, 0.00771839, 0.000197175, 
Spring Forces: 
0, 0.0783317, 0.099923, 0.0752487, 0.0339417, 0.0124981, 0.00434541, 0.00132316, 0.000177931, 0.00101108, 0.0013204, 0.00205416, 0.0042817, 0.00433871, 0, 