# num_vectors 15
# vector_size 401
# Iterations: 459300, stepsize: 0.025030, max step size: 1.000000, spring constant: 0.001000, global NEB Hessian: false, global NEB Linesearch: true, climbing image: false
-34.1183 -1.44149 6.79417 -33.4032 2.48843 9.64159 -32.1556 6.34814 12.4001 -30.3969 10.1278 14.9856 -28.1518 13.8161 17.3136 -24.9281 18.0181 19.6126 -21.1399 22.0369 21.2958 -16.8777 25.8199 22.222 -12.2673 29.2951 22.2587 -8.62628 31.6794 21.6123 -4.97502 33.7836 20.3473 -1.42403 35.5579 18.4494 1.90271 36.9534 15.9305 5.79078 38.1598 11.6662 8.74733 38.5739 6.58251 11.1499 38.3716 1.20258 13.7049 37.3718 -4.01562 15.6491 36.005 -7.18844 17.6974 34.1162 -10.0082 19.7803 31.767 -12.4286 21.8338 29.0244 -14.4226 24.442 24.8558 -16.4061 26.7867 20.2608 -17.6316 28.7809 15.3752 -18.1493 30.3577 10.3142 -18.0308 31.5536 4.64046 -17.2606 32.1277 -1.02905 -15.9408 32.0376 -6.61138 -14.196 31.2477 -12.0348 -12.1521 29.9914 -16.4977 -10.2659 28.1856 -20.7486 -8.33657 25.8224 -24.7371 -6.4496 22.9043 -28.4057 -4.69468 19.2355 -31.8643 -3.08493 15.0139 -34.8046 -1.84145 10.3224 -37.1327 -1.07776 5.28761 -38.7553 -0.899663 1.89169 -39.3913 -1.14947 -1.51566 -39.6691 -1.708 -4.86534 -39.5772 -2.58568 -8.08215 -39.1127 -3.78381 -12.5659 -37.7027 -6.19804 -16.3117 -35.4852 -9.19332 -19.1584 -32.5748 -12.5617 -21.0242 -29.1156 -16.0935 -21.9298 -24.8967 -19.9053 -21.7267 -20.3835 -23.4746 -20.5335 -15.7244 -26.6399 -18.499 -11.0322 -29.2844 -16.3772 -7.30507 -30.969 -13.9006 -3.63273 -32.2387 -11.1502 -0.0312685 -33.073 -8.20411 3.49075 -33.457 -4.74704 7.35348 -33.3376 -1.24507 11.11 -32.6226 2.19457 14.7592 -31.3042 5.46123 18.2968 -29.3805 8.39859 21.6641 -26.8982 10.9375 24.8919 -23.8547 12.9556 27.9491 -20.2897 14.3298 30.7919 -16.27 14.9265 33.2048 -12.1922 14.7766 35.3283 -7.91718 13.8219 37.1053 -3.58847 12.0384 38.4512 0.632274 9.08381 39.0758 5.56575 6.02657 38.3016 10.4148 3.62959 36.3377 15.2992 1.98071 33.399 20.0007 1.32871 31.1924 22.6883 0.936427 28.7185 25.187 0.785039 26.016 27.4654 0.852171 23.1221 29.4996 1.37816 18.0579 32.2589 2.30362 12.7075 34.2723 3.50818 7.18165 35.5177 4.8712 1.57314 35.9908 6.14735 -3.54054 35.7548 7.36632 -8.60071 34.8929 8.43896 -13.552 33.4205 9.27633 -18.3354 31.3585 9.81989 -23.2749 28.4787 9.86944 -27.8388 24.9922 9.32185 -31.9129 20.9809 8.08988 -35.3683 16.5617 6.06908 -38.1122 11.8028 3.25665 -39.9313 7.00271 -0.305931 -40.7085 2.4241 -4.50477 -40.3744 -1.64012 -7.91991 -39.4041 -4.13733 -11.4812 -37.8533 -6.07454 -15.0722 -35.798 -7.3867 -18.5676 -33.3169 -8.0701 -22.3408 -30.0262 -8.10753 -25.7104 -26.3889 -7.4126 -28.5825 -22.5104 -6.07965 -30.8964 -18.4806 -4.21586 -32.6712 -14.2191 -1.84094 -33.7967 -9.93254 0.862532 -34.275 -5.66368 3.77773 85.8187 85.8043 85.8064 85.8052 85.047 85.0054 84.9518 85.0237 85.9318 85.7809 85.5642 85.403 85.6735 85.6054 85.5823 85.5013 85.9772 85.8638 85.6728 85.4356 86.0075 85.7099 85.5115 85.3961 85.7596 85.6582 85.5836 85.5378 85.6643 85.622 85.5968 85.5764 85.5991 85.5708 85.5478 85.5315 85.5391 85.5547 85.5843 85.6288 85.352 85.3835 85.473 85.5359 85.4202 85.5323 85.6195 85.7272 85.3585 85.4241 85.5065 85.5562 85.6528 85.7167 85.7737 85.8195 85.8085 85.8315 85.8537 85.8683 85.7659 85.7327 85.7089 85.7206 85.4924 85.4851 85.3749 85.232 85.3191 85.3047 85.2926 85.3428 85.2157 85.2896 85.3077 85.3737 85.306 85.3332 85.3327 85.2876 85.168 84.9829 84.8463 84.7618 85.2371 85.1661 85.2131 85.4034 85.1225 85.3042 85.537 85.806 85.2079 85.4209 85.6419 85.8349 85.0407 85.1901 85.2759 85.297 -0.00111721
-34.2307 -2.39215 8.32182 -33.3949 1.28919 11.4543 -31.9781 4.88754 14.4722 -30.0148 8.4123 17.2624 -27.5483 11.8716 19.7145 -24.0732 15.8584 22.0305 -20.088 19.7409 23.5729 -15.7321 23.4776 24.2034 -11.173 26.9992 23.8189 -7.68298 29.4795 22.8055 -4.27272 31.7276 21.1696 -1.02523 33.684 18.9368 1.98647 35.2833 16.1562 5.54984 36.7536 11.6956 8.614 37.3905 6.69932 11.3434 37.1932 1.4774 13.9495 36.073 -3.69083 15.7244 34.7427 -6.97639 17.5356 32.9356 -10.0044 19.3709 30.6861 -12.7037 21.206 28.0361 -15.0113 23.6002 23.9551 -17.4045 25.827 19.3972 -18.9471 27.7763 14.5144 -19.6347 29.3448 9.45086 -19.5159 30.5315 3.80473 -18.5529 31.0606 -1.77247 -16.8708 30.8717 -7.17779 -14.6434 29.9288 -12.3369 -12.0532 28.5087 -16.5161 -9.69291 26.5221 -20.4472 -7.31532 23.9762 -24.1025 -5.03252 20.8884 -27.4492 -2.95465 17.0682 -30.6074 -1.09821 12.7358 -33.3144 0.2857 7.98068 -35.4976 1.08315 2.93022 -37.0766 1.19723 -0.453038 -37.7405 0.862477 -3.83381 -38.0885 0.192929 -7.14885 -38.1039 -0.811746 -10.3307 -37.7747 -2.14086 -14.7806 -36.6059 -4.73939 -18.535 -34.6564 -7.90557 -21.4009 -32.0003 -11.4625 -23.2471 -28.7568 -15.203 -24.0347 -24.7291 -19.2411 -23.5797 -20.3881 -22.996 -22.0008 -15.9236 -26.2707 -19.4756 -11.4864 -28.9324 -16.9158 -8.02304 -30.5706 -13.9854 -4.66988 -31.7539 -10.786 -1.43492 -32.4821 -7.4115 1.69013 -32.7621 -3.5097 5.09868 -32.5527 0.387951 8.43417 -31.7985 4.16646 11.7405 -30.5034 7.70391 15.0564 -28.6656 10.8226 18.3576 -26.3197 13.4309 21.6875 -23.4498 15.378 25.0063 -20.085 16.5261 28.2298 -16.2878 16.7882 31.0432 -12.4378 16.2374 33.5394 -8.40392 14.9049 35.5957 -4.30479 12.901 37.0741 -0.229844 9.83573 37.8912 4.60703 6.48439 37.4935 9.3048 3.28619 35.8948 13.8518 0.650949 33.252 18.271 -0.591483 31.1754 20.8519 -1.52401 28.7942 23.2968 -2.13747 26.156 25.5729 -2.43719 23.3092 27.6522 -2.29011 18.3117 30.5745 -1.4769 13.0462 32.8437 -0.150296 7.6345 34.4217 1.5233 2.1586 35.2879 3.20219 -2.84041 35.4458 4.89826 -7.81556 34.993 6.4826 -12.7325 33.9218 7.8274 -17.5451 32.2295 8.87701 -22.5893 29.6914 9.34486 -27.3177 26.4649 9.10096 -31.5847 22.6281 8.05024 -35.2237 18.3106 6.10364 -38.1116 13.6063 3.29172 -40.0153 8.83886 -0.294299 -40.8267 4.28456 -4.49591 -40.506 0.222143 -7.88492 -39.5552 -2.31783 -11.4 -38.0375 -4.36277 -14.9385 -36.0119 -5.85176 -18.3993 -33.5505 -6.74885 -22.1729 -30.2725 -7.03572 -25.5891 -26.6452 -6.54622 -28.5416 -22.7862 -5.33895 -30.9488 -18.7993 -3.50114 -32.808 -14.6211 -1.04426 -33.9818 -10.4672 1.83973 -34.4549 -6.3831 5.00938 59.946 59.944 59.954 59.9566 59.198 59.1494 59.0805 59.1285 60.0183 59.8562 59.6317 59.4658 59.7304 59.6388 59.592 59.5278 60.0636 59.9803 59.7971 59.5389 60.0645 59.7201 59.4991 59.3786 59.7458 59.6525 59.5879 59.5532 59.6906 59.6584 59.6432 59.6324 59.6641 59.6438 59.6271 59.6147 59.6229 59.6372 59.6635 59.7025 59.4154 59.4325 59.5108 59.5667 59.4486 59.5634 59.6563 59.7695 59.4023 59.4646 59.5382 59.5732 59.6486 59.6847 59.7105 59.7241 59.683 59.6809 59.686 59.6949 59.6006 59.5882 59.5959 59.6455 59.4315 59.4196 59.3194 59.2028 59.315 59.3178 59.3191 59.378 59.2624 59.3558 59.3958 59.4824 59.4305 59.4688 59.4763 59.4361 59.3169 59.1217 58.959 58.8378 59.28 59.1889 59.2283 59.4197 59.144 59.3307 59.5661 59.8304 59.2189 59.411 59.6137 59.802 59.0213 59.1967 59.3111 59.3572 -0.0496692
-33.3496 -2.37255 8.54281 -32.6319 0.980514 12.0507 -31.3308 4.28829 15.4314 -29.4703 7.5711 18.5659 -27.0851 10.8436 21.3345 -23.6725 14.6827 23.9708 -19.7172 18.4905 25.7569 -15.373 22.2118 26.5409 -10.8287 25.7588 26.22 -7.36282 28.272 25.2049 -3.99185 30.5538 23.5346 -0.797088 32.533 21.2465 2.15621 34.1396 18.4081 5.6836 35.6667 13.9379 8.74835 36.4253 8.95906 11.438 36.3503 3.71337 13.8799 35.3643 -1.56128 15.4629 34.1388 -4.98287 17.0321 32.439 -8.20208 18.6032 30.2702 -11.1249 20.159 27.6856 -13.6967 22.1793 23.6727 -16.5126 24.0716 19.1554 -18.544 25.7633 14.2771 -19.7501 27.1761 9.18092 -20.1326 28.3204 3.46474 -19.6524 28.9347 -2.20206 -18.3391 28.935 -7.70124 -16.3457 28.2507 -12.9476 -13.8513 27.0751 -17.191 -11.4711 25.3292 -21.1739 -8.99292 22.9976 -24.8661 -6.54665 20.0803 -28.2325 -4.264 16.3823 -31.3883 -2.1714 12.1108 -34.0648 -0.557641 7.36504 -36.1848 0.440754 2.29102 -37.6661 0.711544 -1.11378 -38.2484 0.452024 -4.51311 -38.5026 -0.163657 -7.8374 -38.4142 -1.13338 -11.0141 -37.9744 -2.44272 -15.4204 -36.6312 -5.03116 -19.0829 -34.5116 -8.19571 -21.8077 -31.7013 -11.745 -23.4666 -28.3298 -15.4601 -24.0045 -24.2033 -19.439 -23.263 -19.8161 -23.0931 -21.375 -15.3657 -26.2203 -18.5352 -11.0065 -28.6864 -15.7323 -7.64879 -30.1358 -12.5764 -4.43451 -31.1053 -9.17793 -1.3624 -31.5992 -5.63895 1.58819 -31.6303 -1.60216 4.80383 -31.1302 2.36756 7.97113 -30.0834 6.1459 11.1523 -28.5054 9.60332 14.3979 -26.4082 12.5622 17.6862 -23.847 14.936 21.0531 -20.8209 16.59 24.4478 -17.3759 17.4106 27.7786 -13.5865 17.3579 30.7227 -9.82668 16.4992 33.3916 -5.96058 14.8875 35.6512 -2.07425 12.6689 37.3115 1.81515 9.41681 38.3132 6.4927 5.90836 38.0339 11.0831 2.53348 36.4202 15.495 -0.343188 33.5678 19.6238 -1.72154 31.3153 21.9782 -2.7633 28.7466 24.1768 -3.44995 25.9172 26.1868 -3.78219 22.8872 27.9829 -3.60173 17.6359 30.4176 -2.66921 12.2072 32.2053 -1.16713 6.73176 33.3455 0.711248 1.27648 33.8439 2.58608 -3.65374 33.7354 4.47935 -8.53374 33.0759 6.25863 -13.345 31.8431 7.79473 -18.0494 30.0148 9.04724 -22.9732 27.3362 9.71034 -27.5702 23.9576 9.6505 -31.6818 19.9478 8.76814 -35.1285 15.4391 6.97255 -37.7748 10.5368 4.28773 -39.3932 5.59388 0.803828 -39.8901 0.916798 -3.31971 -39.2516 -3.18787 -6.66541 -38.0836 -5.69442 -10.148 -36.3795 -7.64588 -13.6637 -34.212 -8.98115 -17.1105 -31.6647 -9.66791 -20.878 -28.3672 -9.65099 -24.2995 -24.8109 -8.80659 -27.2708 -21.1111 -7.20977 -29.7133 -17.362 -4.96349 -31.6295 -13.4961 -2.07675 -32.8827 -9.69886 1.23396 -33.4565 -5.99125 4.82209 36.9276 36.9322 36.9469 36.9533 36.1977 36.1508 36.0817 36.1268 37.0137 36.8511 36.6276 36.4622 36.7239 36.6315 36.5905 36.5455 37.1075 37.0417 36.8491 36.5641 37.0381 36.6372 36.3834 36.2501 36.6154 36.5244 36.4627 36.4298 36.5678 36.5359 36.521 36.5113 36.5452 36.5286 36.517 36.511 36.5254 36.545 36.5767 36.6212 36.341 36.3665 36.4533 36.5178 36.4087 36.5328 36.6341 36.7537 36.3892 36.451 36.5206 36.5479 36.6116 36.632 36.6409 36.6386 36.585 36.5752 36.5781 36.5895 36.5008 36.4958 36.5156 36.5861 36.3928 36.3993 36.3159 36.2143 36.3368 36.3491 36.3618 36.4333 36.3346 36.4498 36.5093 36.6096 36.5641 36.6036 36.6094 36.5659 36.4408 36.2322 36.0431 35.8856 36.2947 36.1818 36.2095 36.3947 36.1155 36.2992 36.5314 36.7925 36.179 36.3735 36.5875 36.7975 36.0454 36.2489 36.3854 36.447 0.0684231
-31.6304 -0.859762 7.42886 -31.0209 2.3708 11.0696 -29.843 5.55354 14.6117 -28.1195 8.70808 17.9496 -25.8811 11.8543 20.9752 -22.6413 15.5626 23.9897 -18.834 19.2823 26.2263 -14.5846 22.9789 27.4963 -10.0654 26.5693 27.6352 -6.57822 29.1517 26.907 -3.16992 31.5202 25.4465 0.0534841 33.5947 23.2866 3.00262 35.2998 20.5019 6.42239 36.9052 15.9759 9.20844 37.6469 10.8335 11.4352 37.4848 5.37712 13.2706 36.4118 -0.121651 14.4156 35.1765 -3.71025 15.5648 33.529 -7.12781 16.7517 31.4379 -10.2796 17.9951 28.8983 -13.058 19.7129 24.9328 -16.13 21.4456 20.4801 -18.4291 23.1324 15.6872 -19.9447 24.7001 10.6774 -20.6918 26.1916 5.02149 -20.6668 27.3072 -0.658737 -19.8271 27.9151 -6.26551 -18.2749 27.8882 -11.7113 -16.14 27.2715 -16.1806 -13.9725 26.0513 -20.4177 -11.6037 24.1905 -24.3675 -9.15619 21.6741 -27.9703 -6.76015 18.314 -31.3303 -4.42924 14.2854 -34.145 -2.46416 9.6847 -36.3247 -1.01648 4.65895 -37.7816 -0.221061 1.23623 -38.3033 -0.11179 -2.21581 -38.4643 -0.349683 -5.62209 -38.2554 -0.943528 -8.90338 -37.6751 -1.88982 -13.4976 -36.0983 -3.97 -17.3622 -33.7575 -6.70964 -20.2893 -30.7727 -9.94129 -22.1449 -27.297 -13.4622 -22.8907 -23.1444 -17.38 -22.3506 -18.8069 -21.1276 -20.652 -14.4496 -24.4858 -17.9775 -10.1891 -27.2866 -15.2806 -6.89204 -29.0438 -12.2032 -3.71197 -30.3277 -8.85619 -0.644383 -31.1144 -5.34673 2.32852 -31.3917 -1.32842 5.59187 -31.0919 2.62212 8.81579 -30.1507 6.36363 12.046 -28.5844 9.75324 15.3191 -26.4203 12.6085 18.6064 -23.7429 14.843 21.9473 -20.5848 16.3287 25.305 -17.0287 16.9597 28.6111 -13.1816 16.7134 31.5675 -9.43918 15.6437 34.292 -5.66564 13.8384 36.5277 -1.85129 11.4591 38.0634 1.99419 8.11302 38.8003 6.65461 4.66454 38.169 11.2555 1.52054 36.1578 15.6747 -0.96664 32.9018 19.7578 -2.04666 30.4105 22.0259 -2.75671 27.6205 24.0822 -3.09283 24.6076 25.9062 -3.07201 21.4418 27.4855 -2.34203 16.0714 29.5258 -0.939274 10.6252 30.9073 0.932952 5.19609 31.6531 3.08085 -0.180483 31.7791 5.12375 -5.02585 31.3514 7.12415 -9.81175 30.3883 8.96331 -14.5154 28.8626 10.524 -19.0897 26.7476 11.773 -23.8344 23.7618 12.407 -28.2007 20.0847 12.2929 -32.0213 15.7979 11.3291 -35.1154 11.056 9.42196 -37.347 5.99221 6.60156 -38.5147 0.998073 2.97173 -38.5563 -3.59346 -1.28716 -37.4974 -7.46646 -4.71265 -36.066 -9.71542 -8.24994 -34.1552 -11.3517 -11.7922 -31.8478 -12.3361 -15.2395 -29.2302 -12.6609 -18.9842 -25.9333 -12.2427 -22.3729 -22.4489 -11.0415 -25.3178 -18.87 -9.1476 -27.7528 -15.2674 -6.66592 -29.6891 -11.5598 -3.59102 -30.9915 -7.91407 -0.132323 -31.6406 -4.34672 3.58292 18.7002 18.7086 18.7268 18.7363 17.9838 17.94 17.8743 17.9216 18.8059 18.6435 18.422 18.2585 18.5252 18.4407 18.4099 18.377 18.9498 18.8916 18.6862 18.3367 18.7537 18.3384 18.0968 17.9766 18.3482 18.2565 18.1891 18.1485 18.2791 18.2412 18.2218 18.209 18.2416 18.2258 18.2176 18.2181 18.2406 18.2685 18.31 18.3658 18.1021 18.1498 18.2603 18.3474 18.258 18.3955 18.5023 18.621 18.2528 18.3109 18.3777 18.4036 18.4672 18.4887 18.4994 18.4991 18.4473 18.4388 18.4421 18.4527 18.3621 18.3564 18.3943 18.4842 18.3067 18.3207 18.2364 18.1295 18.2466 18.2571 18.2721 18.3504 18.2621 18.3849 18.4454 18.5407 18.4868 18.5168 18.5125 18.4575 18.3155 18.0785 17.8492 17.654 18.0439 17.9293 17.9635 18.1571 17.8851 18.075 18.3139 18.583 17.9802 18.1887 18.4181 18.6414 17.8984 18.1068 18.2465 18.3112 0.163676
-30.7257 0.715241 6.31435 -30.0101 4.15971 9.73295 -28.6752 7.40084 13.1646 -26.7517 10.4666 16.4759 -24.2795 13.4078 19.5257 -20.735 16.7866 22.5842 -16.6167 20.1682 24.8066 -12.1021 23.5902 25.9211 -7.4524 27.0055 25.6966 -4.03035 29.518 24.5407 -0.87661 31.8531 22.5507 1.88657 33.9125 19.8152 4.19352 35.6101 16.4752 6.57019 37.2189 11.3255 8.32023 38.0037 5.75074 9.74876 37.9503 0.0311814 11.217 37.0648 -5.60949 12.4296 36.0048 -9.23174 13.8969 34.5153 -12.5998 15.6211 32.5772 -15.5974 17.5354 30.2326 -18.1573 20.267 26.5436 -20.8113 23.007 22.3384 -22.5208 25.5647 17.7553 -23.2741 27.772 12.9366 -23.1244 29.6483 7.50378 -22.0389 30.8268 2.08451 -20.1795 31.2463 -3.21986 -17.75 30.8821 -8.33779 -14.9413 29.9428 -12.5262 -12.3667 28.4263 -16.4982 -9.72523 26.3371 -20.21 -7.0963 23.6831 -23.6088 -4.5552 20.28 -26.795 -2.04896 16.2976 -29.4829 0.171151 11.7967 -31.5904 1.9916 6.87454 -33.0409 3.28855 3.49268 -33.6019 3.78609 0.0418989 -33.8415 3.96991 -3.41734 -33.7549 3.81093 -6.81683 -33.3443 3.28751 -11.7286 -32.1195 1.7728 -16.0674 -30.2439 -0.588889 -19.5862 -27.8273 -3.70302 -22.0902 -25.0043 -7.4018 -23.5301 -21.6289 -11.8383 -23.6018 -18.0957 -16.3838 -22.3915 -14.5187 -20.73 -20.0729 -10.9574 -24.6147 -17.5764 -8.1207 -27.2513 -14.6396 -5.28786 -29.3918 -11.3921 -2.43713 -30.9913 -7.9597 0.45691 -32.0279 -4.02026 3.79252 -32.5185 -0.153075 7.24046 -32.3116 3.50053 10.8147 -31.4384 6.81247 14.5105 -29.9357 9.62788 18.2453 -27.8735 11.8901 22.016 -25.2673 13.4955 25.7373 -22.1524 14.3433 29.2915 -18.5779 14.3672 32.3303 -14.8939 13.5911 34.9605 -10.9841 12.0012 37.0385 -6.98895 9.77138 38.3172 -2.96407 6.55826 38.6439 1.83471 3.23524 37.6198 6.45725 0.224567 35.3334 10.8353 -2.11469 31.9617 14.9119 -3.08414 29.4753 17.2347 -3.65976 26.7396 19.4031 -3.8267 23.8232 21.399 -3.59303 20.7899 23.205 -2.41242 15.7052 25.7129 -0.43571 10.6131 27.6364 2.10776 5.5814 28.9591 4.98392 0.605597 29.6705 7.69739 -3.91784 29.7691 10.3323 -8.46615 29.317 12.7216 -13.0542 28.2803 14.6967 -17.6589 26.628 16.1867 -22.6049 24.1172 16.7966 -27.3211 20.8965 16.3807 -31.5847 17.0708 14.8731 -35.1454 12.824 12.252 -37.8122 8.32091 8.68516 -39.3346 3.93691 4.40693 -39.6425 -0.0457663 -0.309087 -38.7749 -3.40229 -3.92846 -37.4469 -5.39672 -7.54794 -35.6061 -6.93029 -11.0876 -33.3278 -7.98928 -14.4818 -30.6859 -8.57264 -18.146 -27.2751 -8.66278 -21.4717 -23.5685 -8.1451 -24.3912 -19.6541 -7.03985 -26.8384 -15.6162 -5.37432 -28.8098 -11.3874 -3.09816 -30.1428 -7.20457 -0.327277 -30.7899 -3.1492 2.84848 5.96402 5.99535 6.03657 6.06671 5.33219 5.29994 5.23473 5.26935 6.13744 5.96288 5.73183 5.56381 5.82924 5.74256 5.70011 5.63745 6.173 6.07832 5.87159 5.60985 6.14909 5.81789 5.59795 5.47207 5.83331 5.7355 5.66838 5.63269 5.7704 5.7395 5.72669 5.71971 5.75705 5.74484 5.73921 5.74182 5.76626 5.79587 5.83949 5.89773 5.63698 5.68819 5.80013 5.8851 5.78753 5.9096 5.99457 6.08664 5.69195 5.72611 5.76986 5.77552 5.82266 5.835 5.84658 5.8575 5.82568 5.84317 5.87541 5.91501 5.85011 5.86336 5.89464 5.97942 5.79347 5.79276 5.69396 5.57691 5.69063 5.70002 5.71406 5.7924 5.70721 5.83509 5.89893 5.99352 5.93287 5.94936 5.92392 5.83867 5.6563 5.3769 5.12853 4.95342 5.38594 5.3143 5.38636 5.61656 5.37885 5.59912 5.86738 6.16029 5.56951 5.76574 5.95228 6.11222 5.30617 5.47313 5.59909 5.67153 0.279349
-29.7865 1.17009 6.51163 -28.8229 4.93887 9.50004 -27.1236 8.31362 12.6283 -24.7242 11.3218 15.6708 -21.6792 14.0423 18.3891 -17.38 17.0067 20.8515 -12.5329 19.8779 22.1146 -7.52455 22.7365 21.8364 -2.88126 25.5494 19.8717 0.0749589 27.589 17.3302 2.36228 29.4631 14.0722 3.95963 31.1226 10.3234 4.97349 32.5479 6.28617 5.73358 34.099 0.649503 6.43431 35.2893 -5.08182 7.73082 36.1529 -10.7677 10.1157 36.5697 -16.143 12.3754 36.3336 -19.3914 15.0892 35.5732 -22.179 18.1171 34.2366 -24.3606 21.2699 32.3363 -25.8314 25.3477 29.0416 -26.6246 28.8929 25.1241 -26.1802 31.6628 20.8417 -24.7304 33.5708 16.397 -22.5583 34.6992 11.4609 -19.6298 34.9034 6.57987 -16.4129 34.2951 1.80149 -13.0946 32.9678 -2.84005 -9.79169 31.3117 -6.67264 -7.0309 29.2005 -10.3402 -4.35795 26.6467 -13.7977 -1.79319 23.6577 -16.9917 0.639496 20.0343 -20.02 3.02974 15.955 -22.6244 5.17229 11.4574 -24.7471 6.98312 6.60157 -26.3441 8.35573 3.27147 -27.0901 8.94984 -0.141315 -27.5939 9.26334 -3.59543 -27.8551 9.25676 -7.04012 -27.8763 8.8924 -12.1443 -27.4587 7.59129 -16.8288 -26.5337 5.32846 -20.8046 -25.1573 2.13183 -23.7932 -23.4063 -1.85852 -25.7065 -21.1895 -6.81576 -26.1731 -18.7779 -12.0231 -25.2925 -16.2508 -17.1209 -23.2639 -13.628 -21.8278 -20.9843 -11.4351 -25.1783 -18.2517 -9.13225 -28.0871 -15.1898 -6.68615 -30.5105 -11.9148 -4.06699 -32.4198 -8.10623 -0.889619 -33.9316 -4.30934 2.54399 -34.7563 -0.658571 6.22372 -34.8895 2.72029 10.1174 -34.3339 5.66916 14.1124 -33.1204 8.12971 18.1881 -31.2596 9.99683 22.245 -28.7729 11.1703 26.1532 -25.6945 11.5592 29.5228 -22.3326 11.21 32.4517 -18.5768 10.1036 34.7468 -14.5375 8.27441 36.1991 -10.372 5.25072 36.5642 -5.45432 1.8281 35.4859 -0.917562 -1.50843 33.2112 3.22406 -4.35667 29.9875 7.09121 -5.68908 27.6579 9.39664 -6.636 25.1182 11.6704 -7.14113 22.4295 13.9139 -7.16896 19.656 16.1103 -6.17359 15.0849 19.5235 -4.00299 10.6652 22.5716 -0.902293 6.49476 25.1268 2.81828 2.52868 27.1178 6.47055 -1.04956 28.4181 10.1337 -4.76073 29.2196 13.5578 -8.76396 29.5072 16.4688 -13.1568 29.2557 18.7213 -18.3606 28.343 19.6794 -23.7998 26.7671 19.1269 -29.0876 24.5944 17.0591 -33.7537 21.9604 13.6209 -37.4398 18.9854 9.23187 -39.7797 15.8998 4.32482 -40.7066 12.8467 -0.728094 -40.3105 9.91913 -4.40571 -39.2695 7.86189 -7.94667 -37.6696 5.92716 -11.3088 -35.5831 4.1429 -14.4694 -33.0718 2.54764 -17.8486 -29.7143 1.00636 -20.9309 -25.933 -0.119886 -23.6954 -21.8026 -0.723355 -26.082 -17.4013 -0.708509 -28.0521 -12.6551 0.0279486 -29.3908 -7.86711 1.522 -29.9928 -3.2055 3.72575 0.592269 0.649763 0.719825 0.778578 0.0718363 0.0603052 0.000356252 0.0254889 0.891586 0.712846 0.474037 0.304928 0.573694 0.486404 0.430679 0.348066 0.87602 0.811475 0.674051 0.495265 1.13681 0.907752 0.763456 0.692276 1.09607 1.03293 0.99272 0.977513 1.12928 1.10738 1.10022 1.09588 1.13309 1.11786 1.1062 1.09956 1.11361 1.13313 1.16495 1.20967 0.92944 0.954243 1.03703 1.09154 0.96017 1.04331 1.08715 1.13787 0.707768 0.713341 0.732974 0.720231 0.754692 0.761542 0.774435 0.79161 0.768918 0.796719 0.839362 0.888823 0.83286 0.854393 0.892536 0.966451 0.771502 0.76231 0.656687 0.538059 0.656201 0.669466 0.683462 0.756697 0.665653 0.795238 0.866888 0.969995 0.912651 0.924318 0.885822 0.780784 0.578807 0.299322 0.0898945 -0.0190682 0.478307 0.460593 0.582108 0.864216 0.6729 0.927204 1.2164 1.50934 0.889327 1.02018 1.1155 1.17997 0.294719 0.411437 0.518353 0.595905 0.59505
-28.1058 -0.359548 8.10311 -26.8846 3.58661 10.7487 -24.8136 7.11337 13.4571 -21.9513 10.2409 15.9245 -18.4051 13.0345 17.8436 -13.5896 15.9933 19.0222 -8.51087 18.7145 18.6552 -3.75631 21.2488 16.5804 0.0851352 23.5929 12.9637 2.16123 25.2508 9.45659 3.47743 26.7967 5.55321 4.16185 28.2543 1.45858 4.44492 29.6616 -2.70055 4.65412 31.5341 -8.28677 5.45297 33.4584 -13.8017 7.49073 35.287 -19.0228 10.9889 36.5277 -23.603 14.1044 36.7606 -26.0429 17.6485 36.3986 -27.7815 21.372 35.406 -28.7114 25.0033 33.8192 -28.8112 29.324 30.9314 -27.76 32.7124 27.4299 -25.6692 35.0512 23.5607 -22.8992 36.3875 19.4988 -19.764 36.8409 14.9223 -16.1495 36.4045 10.3245 -12.56 35.2276 5.7607 -9.0956 33.414 1.28389 -5.7965 31.404 -2.42942 -3.10859 28.9909 -5.98561 -0.542671 26.1827 -9.33064 1.90247 22.9852 -12.4076 4.21788 19.192 -15.3105 6.49804 14.9983 -17.8 8.55449 10.4418 -19.8398 10.3127 5.5761 -21.4147 11.6761 2.25821 -22.1968 12.2919 -1.1364 -22.7861 12.6506 -4.57614 -23.1908 12.7115 -8.02129 -23.4199 12.4327 -13.1776 -23.4485 11.2784 -17.9941 -23.1189 9.13057 -22.1612 -22.4551 5.95018 -25.3176 -21.4827 1.82562 -27.3415 -20.1497 -3.39706 -27.892 -18.6217 -8.92081 -27.1142 -16.9353 -14.3707 -25.2304 -15.076 -19.4838 -23.0968 -13.4239 -23.2188 -20.5282 -11.5931 -26.5776 -17.6348 -9.54895 -29.5241 -14.5171 -7.26236 -32.0306 -10.8514 -4.37777 -34.2952 -7.13745 -1.15326 -35.937 -3.48945 2.39874 -36.9177 -0.0200656 6.24224 -37.1955 3.11187 10.2562 -36.7401 5.83892 14.4057 -35.5264 8.03406 18.5708 -33.5362 9.56499 22.5958 -30.7823 10.2805 26.0582 -27.5718 10.2192 29.0478 -23.8482 9.33395 31.3707 -19.7706 7.63725 32.8402 -15.5553 4.63092 33.2748 -10.6327 0.959604 32.1922 -6.2958 -2.81723 29.8708 -2.58014 -6.25447 26.5816 0.710166 -8.00294 24.2022 2.65905 -9.39104 21.6028 4.61701 -10.3326 18.8491 6.6288 -10.7515 16.022 8.71423 -10.2065 11.4655 12.2464 -8.14266 7.37665 15.7901 -4.82761 4.01618 19.1446 -0.68052 1.35548 22.1873 3.46791 -0.734818 24.6881 7.7089 -2.87736 26.9809 11.7826 -5.47548 29.0994 15.3579 -8.8555 31.0033 18.2068 -13.5544 32.6738 19.4553 -19.0707 33.6723 18.8342 -24.7793 33.7812 16.4727 -29.9453 32.9314 12.7349 -34.0919 31.1726 8.22112 -36.8768 28.6968 3.41163 -38.3293 25.6937 -1.36557 -38.6 22.3225 -4.76815 -38.1422 19.6666 -8.00206 -37.1751 16.9375 -11.0458 -35.7318 14.2001 -13.8928 -33.829 11.5326 -16.9335 -31.0746 8.66303 -19.7244 -27.7349 6.18835 -22.2689 -23.8542 4.30889 -24.5579 -19.5331 3.23378 -26.5354 -14.7352 3.09408 -27.8956 -9.79814 3.94533 -28.4587 -4.93932 5.68433 -0.520424 -0.462748 -0.395149 -0.341103 -1.05522 -1.07744 -1.15134 -1.13848 -0.263529 -0.434375 -0.669177 -0.832631 -0.557264 -0.640587 -0.696789 -0.777442 -0.231327 -0.262416 -0.342134 -0.441565 0.301949 0.175852 0.106522 0.0856113 0.523762 0.483682 0.457968 0.451599 0.608175 0.588741 0.582716 0.578521 0.614997 0.59798 0.5832 0.571615 0.579684 0.593042 0.617207 0.652667 0.358534 0.3638 0.425435 0.459544 0.303044 0.353918 0.363226 0.380515 -0.076358 -0.0909854 -0.0872709 -0.111418 -0.0845064 -0.0811782 -0.0686399 -0.050025 -0.0705839 -0.0406817 0.00359617 0.0537379 -0.00319115 0.0150249 0.0466517 0.110629 -0.0977651 -0.106754 -0.203934 -0.310584 -0.180618 -0.156156 -0.131464 -0.0509695 -0.134244 0.0114054 0.100373 0.216139 0.164599 0.17828 0.14494 0.0570939 -0.102873 -0.30519 -0.417496 -0.437854 0.126386 0.158087 0.315263 0.615567 0.419599 0.653127 0.907389 1.15532 0.48129 0.554617 0.597473 0.614454 -0.304465 -0.200756 -0.0940407 -0.0123069 1.10257
-25.7716 -1.33652 9.9432 -24.3062 2.79579 12.143 -21.9647 6.52285 14.3084 -18.8181 9.8387 16.0878 -15.0171 12.7588 17.1306 -10.0502 15.7001 17.0215 -5.14881 18.1315 15.1785 -1.00347 20.0831 11.6657 1.87302 21.6492 6.91121 3.13238 22.707 2.83033 3.68875 23.7414 -1.40986 3.76362 24.8489 -5.6674 3.63991 26.1089 -9.88118 3.64986 28.1083 -15.4272 4.6073 30.4346 -20.7589 7.09989 32.8329 -25.5328 11.3006 34.8205 -29.1601 14.8932 35.6195 -30.6329 18.8099 35.8422 -31.2021 22.7395 35.4322 -30.8791 26.405 34.4068 -29.7715 30.5663 32.2001 -27.3369 33.6903 29.2602 -24.2206 35.7625 25.8077 -20.771 36.8796 22.0203 -17.2324 37.1553 17.6108 -13.3989 36.5887 13.0868 -9.73451 35.3014 8.55127 -6.27234 33.3732 4.09539 -3.01011 31.2501 0.41528 -0.363789 28.7086 -3.08389 2.15615 25.762 -6.34551 4.55057 22.4264 -9.31711 6.80822 18.5014 -12.0966 9.01803 14.2039 -14.47 10.9959 9.58001 -16.4254 12.6722 4.68447 -17.9732 13.9576 1.36479 -18.7814 14.5283 -2.02138 -19.4378 14.8484 -5.44644 -19.955 14.8775 -8.87486 -20.3453 14.5727 -14.0102 -20.7154 13.3843 -18.8161 -20.8386 11.1914 -22.9749 -20.7204 7.93401 -26.0978 -20.3519 3.68755 -28.1133 -19.7002 -1.6662 -28.6951 -18.8141 -7.32536 -27.99 -17.688 -12.9275 -26.2156 -16.2868 -18.2226 -24.1911 -14.9262 -22.1319 -21.7465 -13.3239 -25.6939 -18.9876 -11.453 -28.875 -16.0088 -9.29427 -31.6496 -12.4953 -6.51171 -34.2571 -8.91405 -3.35877 -36.2869 -5.35948 0.142248 -37.6991 -1.92154 3.9515 -38.4451 1.26145 7.951 -38.4716 4.13507 12.1132 -37.7321 6.57154 16.3258 -36.1685 8.41616 20.4317 -33.7464 9.44978 23.9827 -30.7249 9.68355 27.041 -27.0644 9.03258 29.3756 -22.9496 7.5011 30.7814 -18.6502 4.6429 31.0729 -13.6299 1.08268 29.8217 -9.24605 -2.68339 27.2188 -5.71054 -6.18328 23.5427 -2.93639 -7.99677 20.8904 -1.45529 -9.46862 17.9974 -0.0478961 -10.5088 14.933 1.38191 -11.03 11.7884 2.91709 -10.6197 6.75861 5.75733 -8.59349 2.45734 9.06303 -5.2625 -0.611984 12.6711 -1.18046 -2.35912 16.3885 2.74177 -3.12145 19.8334 6.58368 -3.58256 23.4195 10.1314 -4.30589 27.2565 13.1189 -5.82017 31.3326 15.324 -8.76301 35.7442 16.0052 -13.0559 39.4982 15.0018 -18.1725 41.9062 12.5534 -23.3232 42.586 9.07776 -27.9171 41.5493 5.12882 -31.4837 39.1111 1.07011 -33.9398 35.6827 -2.8997 -35.3391 31.6154 -5.73549 -35.7417 28.3539 -8.46133 -35.6173 24.9782 -11.072 -34.963 21.5727 -13.5632 -33.7616 18.2273 -16.2766 -31.6714 14.5754 -18.7979 -28.8099 11.3317 -21.0906 -25.2093 8.7152 -23.1073 -20.9792 6.95272 -24.8543 -16.1441 6.2324 -26.0066 -11.0967 6.61409 -26.3567 -6.08982 7.93989 -1.01867 -0.979922 -0.928986 -0.887954 -1.61118 -1.63688 -1.70969 -1.68969 -0.793011 -0.948495 -1.175 -1.33072 -1.04748 -1.12345 -1.16889 -1.22547 -0.635653 -0.610751 -0.615624 -0.629471 0.210377 0.171885 0.160659 0.173273 0.62892 0.595829 0.571414 0.564162 0.719581 0.69938 0.692934 0.688467 0.724459 0.706236 0.688999 0.673166 0.675949 0.683872 0.701385 0.728906 0.422928 0.411102 0.452818 0.464692 0.279208 0.300409 0.282164 0.275198 -0.199887 -0.227652 -0.233871 -0.264731 -0.241736 -0.239412 -0.225704 -0.20496 -0.22368 -0.193243 -0.150294 -0.10336 -0.164708 -0.151452 -0.125287 -0.0679541 -0.286961 -0.309873 -0.412786 -0.519643 -0.385958 -0.351677 -0.309958 -0.208799 -0.265986 -0.0895385 0.0192463 0.1426 0.0950483 0.120132 0.117682 0.0912263 0.0347403 -0.0205644 0.0265665 0.138437 0.783557 0.843678 0.987411 1.24341 0.991333 1.17127 1.37218 1.57147 0.853483 0.891299 0.909339 0.909129 -0.0322559 0.0511386 0.138887 0.200904 1.79403
-23.0535 -2.37154 11.6769 -21.3401 1.94655 13.252 -18.7888 5.89533 14.652 -15.4877 9.42383 15.4974 -11.6424 12.4689 15.4386 -6.87192 15.3332 13.8989 -2.52683 17.3671 10.6871 0.754656 18.6395 6.11056 2.66627 19.391 0.714858 3.2809 19.8543 -3.61714 3.34844 20.3872 -7.98408 3.12521 21.1368 -12.3139 2.90337 22.2175 -16.5732 3.08619 24.2846 -22.0913 4.49503 27.0228 -27.1184 7.54661 30.0954 -31.1187 12.1636 32.8978 -33.4819 15.8534 34.2713 -33.9429 19.7107 35.0626 -33.4852 23.4636 35.1999 -32.2159 26.8963 34.6871 -30.3007 30.7517 33.0868 -27.0314 33.6511 30.6458 -23.3234 35.5998 27.5802 -19.461 36.6753 24.079 -15.627 36.9599 19.8924 -11.5519 36.4153 15.5261 -7.69783 35.13 11.1126 -4.08062 33.1663 6.76685 -0.69337 30.9805 3.18433 2.03453 28.3517 -0.208567 4.60964 25.3034 -3.35499 7.03074 21.864 -6.20711 9.28672 17.8399 -8.86519 11.4673 13.4649 -11.1363 13.3949 8.79108 -13.0238 15.0095 3.87372 -14.5534 16.2317 0.553416 -15.3846 16.7648 -2.82479 -16.0951 17.0514 -6.23532 -16.7015 17.0513 -9.64428 -17.2195 16.7197 -14.7421 -17.8647 15.4883 -19.4941 -18.3713 13.2338 -23.563 -18.7502 9.88399 -26.5568 -18.9873 5.5364 -28.4807 -19.0383 0.110007 -29.056 -18.8197 -5.6146 -28.4315 -18.2742 -11.3122 -26.8066 -17.3437 -16.7568 -24.934 -16.2804 -20.8304 -22.6585 -14.9106 -24.5957 -20.0764 -13.2181 -28.0162 -17.2741 -11.1955 -31.0638 -13.9497 -8.52845 -34.0171 -10.5359 -5.46312 -36.4329 -7.11379 -2.02809 -38.2703 -3.75842 1.73633 -39.4774 -0.59217 5.71702 -39.9846 2.34427 9.89349 -39.7345 4.93554 14.1615 -38.64 7.03158 18.366 -36.626 8.37929 22.0384 -33.8867 8.98103 25.2208 -30.3771 8.71732 27.6404 -26.2683 7.55574 29.0441 -21.8539 5.09128 29.1748 -16.6226 1.86578 27.6025 -12.0858 -1.59918 24.5993 -8.5598 -4.81972 20.5466 -5.97856 -6.4864 17.7094 -4.67893 -7.84431 14.6714 -3.47737 -8.81978 11.5005 -2.24827 -9.33997 8.28211 -0.874231 -9.08034 3.18838 1.8682 -7.37895 -1.07859 5.39415 -4.50803 -3.92844 9.53785 -1.00952 -5.17368 13.9813 2.25344 -5.18519 18.1268 5.29951 -4.60209 22.3946 7.93999 -3.98748 26.9204 9.99229 -3.91051 31.7799 11.3017 -4.99799 37.2652 11.386 -7.64634 42.3607 10.1752 -11.7012 46.2437 7.88678 -16.5594 48.28 4.85996 -21.5691 48.2845 1.54017 -26.0326 46.4634 -1.80344 -29.6216 43.2698 -5.04795 -32.2123 39.1441 -7.37591 -33.4679 35.7024 -9.6345 -34.1407 32.0572 -11.8255 -34.2096 28.3108 -13.9435 -33.6438 24.5645 -16.2731 -32.1636 20.3872 -18.4368 -29.7653 16.5618 -20.3665 -26.47 13.3239 -21.981 -22.384 10.9228 -23.2391 -17.5381 9.55035 -23.9646 -12.4 9.39966 -23.9477 -7.27467 10.2246 -1.28635 -1.27887 -1.25526 -1.23682 -1.97842 -2.01568 -2.09216 -2.06623 -1.15046 -1.2942 -1.51741 -1.67204 -1.38802 -1.457 -1.47958 -1.48936 -0.838369 -0.752544 -0.690675 -0.638066 0.27106 0.293348 0.322791 0.359437 0.82811 0.800716 0.778221 0.771696 0.927832 0.908637 0.903444 0.900215 0.937107 0.919007 0.900699 0.882275 0.881535 0.885761 0.898725 0.920795 0.606572 0.58234 0.608487 0.599759 0.386904 0.379472 0.334881 0.305699 -0.184744 -0.222408 -0.234917 -0.268841 -0.246299 -0.242133 -0.225262 -0.200932 -0.216346 -0.183327 -0.138758 -0.0913379 -0.153463 -0.142476 -0.120534 -0.0699527 -0.299941 -0.338744 -0.460166 -0.585924 -0.465009 -0.435616 -0.395194 -0.295466 -0.360839 -0.205018 -0.123628 -0.0241626 -0.0812388 -0.0477726 -0.0208226 0.00494127 0.0259345 0.0713067 0.22571 0.430315 1.13272 1.20401 1.31971 1.52506 1.22216 1.35961 1.52146 1.68609 0.935853 0.944604 0.93798 0.916094 -0.0459546 0.0048008 0.0577304 0.0835669 1.90972
-19.5074 -3.31207 13.6732 -17.5734 1.14515 14.3478 -14.9204 5.25724 14.686 -11.6698 8.91086 14.3035 -8.08748 11.9576 12.9086 -3.96181 14.5814 9.83828 -0.582496 16.1137 5.41512 1.62058 16.7418 0.115653 2.61003 16.8661 -5.57102 2.75145 16.9471 -9.96785 2.57825 17.2176 -14.356 2.34561 17.8476 -18.7043 2.32605 18.9615 -22.9608 3.04826 21.2952 -28.3261 5.12316 24.4716 -32.8384 8.7028 28.0344 -35.8793 13.482 31.3048 -36.9833 17.048 32.9891 -36.5819 20.6434 34.1032 -35.3386 24.0695 34.5861 -33.4038 27.1792 34.4404 -30.9495 30.6863 33.3432 -27.1272 33.3686 31.3865 -22.9932 35.2184 28.7586 -18.7758 36.2732 25.6361 -14.6222 36.5753 21.7996 -10.2172 36.0436 17.7258 -6.05351 34.7377 13.5654 -2.15466 32.709 9.45091 1.47445 30.435 6.05868 4.36854 27.6971 2.85234 7.06607 24.5309 -0.113415 9.56273 20.9776 -2.79795 11.8476 16.8494 -5.30536 14.012 12.3961 -7.46913 15.8831 7.67453 -9.30962 17.4105 2.74066 -10.8682 18.5249 -0.573612 -11.7667 18.9806 -3.93298 -12.5864 19.186 -7.31162 -13.346 19.1015 -10.6745 -14.0633 18.6821 -15.67 -15.1016 17.308 -20.2632 -16.1038 14.8959 -24.0876 -17.0599 11.3773 -26.894 -17.8977 6.97927 -28.7151 -18.5806 1.56012 -29.2945 -18.9324 -4.15744 -28.7628 -18.8755 -9.89016 -27.2955 -18.3475 -15.4326 -25.5808 -17.5501 -19.6344 -23.4815 -16.4037 -23.5728 -21.0862 -14.9009 -27.2109 -18.4737 -13.0429 -30.5205 -15.3566 -10.5388 -33.822 -12.1319 -7.61779 -36.6426 -8.86745 -4.3081 -38.9395 -5.62387 -0.644424 -40.6551 -2.50763 3.2705 -41.6994 0.454247 7.42556 -42.0011 3.16093 11.7252 -41.4401 5.47207 16.0149 -39.8957 7.11058 19.8006 -37.4893 8.07693 23.0972 -34.1719 8.22742 25.5857 -30.0987 7.50041 26.9678 -25.5857 5.55651 26.9255 -20.138 2.8247 25.0641 -15.3914 -0.190007 21.757 -11.7263 -3.03661 17.4846 -9.06142 -4.53945 14.5833 -7.70471 -5.80188 11.5375 -6.42146 -6.76917 8.41535 -5.06756 -7.38602 5.29955 -3.50936 -7.53181 0.473824 -0.311616 -6.52294 -3.41699 3.85705 -4.52985 -5.80027 8.74392 -1.96293 -6.49606 13.888 0.483836 -5.92937 18.5274 2.77595 -4.67626 23.1109 4.74522 -3.26653 27.7979 6.24851 -2.23936 32.7494 7.17081 -2.13954 38.4173 7.15328 -3.59363 43.9735 6.12204 -6.71217 48.6848 4.21028 -11.1275 51.821 1.65844 -16.2621 52.9971 -1.17374 -21.3192 52.1828 -4.05023 -25.7811 49.7175 -6.85337 -29.3511 46.022 -8.86771 -31.3252 42.7225 -10.8193 -32.6729 39.0871 -12.7033 -33.3495 35.2357 -14.5046 -33.308 31.2867 -16.4407 -32.3174 26.777 -18.1591 -30.2852 22.5362 -19.5741 -27.2466 18.8171 -20.6003 -23.3316 15.8698 -21.1882 -18.5901 13.8396 -21.2744 -13.475 12.9583 -20.7605 -8.30983 13.0397 -1.31282 -1.34348 -1.35382 -1.3653 -2.13444 -2.19456 -2.28628 -2.26488 -1.3399 -1.47973 -1.70525 -1.86403 -1.58446 -1.6509 -1.65595 -1.62932 -0.932859 -0.803073 -0.693911 -0.594129 0.365733 0.435316 0.49976 0.560359 1.04546 1.02914 1.01455 1.01468 1.17668 1.16282 1.16278 1.16423 1.2051 1.18979 1.17257 1.15316 1.14977 1.15069 1.15922 1.17568 0.852658 0.814931 0.824363 0.78938 0.551636 0.521624 0.45835 0.414863 -0.0843553 -0.12675 -0.141189 -0.174649 -0.149653 -0.141408 -0.119757 -0.0905609 -0.10142 -0.0643008 -0.0160921 0.0343774 -0.0257646 -0.014655 0.00441363 0.0477536 -0.196372 -0.257491 -0.405782 -0.559035 -0.458209 -0.442126 -0.415953 -0.335333 -0.43557 -0.334135 -0.306152 -0.247339 -0.325668 -0.296201 -0.258235 -0.208582 -0.152447 -0.0636001 0.135011 0.376711 1.1006 1.17138 1.26559 1.43634 1.09967 1.20909 1.34525 1.48685 0.714285 0.700639 0.670758 0.621888 -0.374386 -0.368218 -0.366421 -0.389005 1.42015
-15.4574 -4.32054 15.7733 -13.262 0.0255313 15.1784 -10.6427 4.03258 14.1085 -7.75635 7.53533 12.248 -4.87323 10.3413 9.44169 -1.90817 12.5652 5.01511 0.187913 13.6486 -0.254128 1.28439 13.892 -5.91726 1.55505 13.7745 -11.6832 1.45926 13.789 -16.082 1.31166 14.0992 -20.4684 1.34172 14.8717 -24.7998 1.77813 16.2142 -28.967 3.29773 18.9264 -33.976 6.13434 22.4458 -37.7606 10.1784 26.2324 -39.7759 14.995 29.6318 -39.783 18.3769 31.4097 -38.7264 21.6854 32.6614 -36.9372 24.7888 33.346 -34.5676 27.5934 33.4685 -31.7686 30.775 32.8138 -27.5779 33.2452 31.3544 -23.1189 34.9812 29.2374 -18.5782 35.9873 26.6087 -14.0846 36.27 23.2766 -9.28547 35.7163 19.6572 -4.72384 34.3625 15.9039 -0.446581 32.2519 12.1559 3.51736 29.8846 9.04945 6.64774 27.0399 6.10395 9.52615 23.7636 3.37135 12.1438 20.1064 0.885971 14.4893 15.8837 -1.45753 16.6552 11.3581 -3.51761 18.4686 6.59013 -5.32734 19.8848 1.64016 -6.94015 20.839 -1.66448 -7.92626 21.1651 -4.99489 -8.87727 21.2222 -8.32047 -9.81396 20.9722 -11.5998 -10.7551 20.3728 -16.3952 -12.2233 18.7085 -20.681 -13.7541 16.0236 -24.1978 -15.284 12.3887 -26.8126 -16.6998 8.02081 -28.5699 -17.9901 2.69195 -29.2128 -18.8993 -2.95693 -28.8368 -19.3324 -8.68589 -27.5862 -19.2216 -14.3049 -26.0727 -18.7099 -18.6269 -24.191 -17.8121 -22.7359 -22.0227 -16.5278 -26.5935 -19.6404 -14.8647 -30.1699 -16.7781 -12.5568 -33.826 -13.7929 -9.81 -37.0555 -10.7401 -6.65068 -39.8097 -7.66555 -3.10867 -42.0206 -4.6571 0.720573 -43.5744 -1.72512 4.82872 -44.3836 1.05088 9.11991 -44.2968 3.5508 13.4295 -43.1541 5.48643 17.2388 -41.0211 6.86682 20.5347 -37.8529 7.53372 22.9689 -33.7988 7.39455 24.2276 -29.1942 6.19568 23.9623 -23.5418 4.16313 21.8665 -18.5483 1.72243 18.3943 -14.6184 -0.739067 14.0787 -11.6561 -2.12348 11.226 -10.0869 -3.36945 8.2873 -8.56102 -4.43519 5.3337 -6.93092 -5.27767 2.44954 -5.06316 -6.07945 -1.87394 -1.29499 -6.04027 -5.15402 3.47718 -5.18532 -6.90181 8.93138 -3.73231 -7.00493 14.5361 -2.15625 -5.94697 19.4584 -0.553399 -4.22165 24.1792 0.913174 -2.30766 28.8716 2.10386 -0.686069 33.7487 2.9203 0.205417 39.3634 3.05238 -0.342592 45.0789 2.38662 -2.59703 50.3192 0.954896 -6.40912 54.3693 -1.11021 -11.3567 56.7178 -3.53714 -16.6704 57.0842 -6.10685 -21.7204 55.6167 -8.67586 -26.0552 52.6386 -10.5363 -28.6236 49.675 -12.3297 -30.5403 46.2179 -14.0302 -31.7285 42.4052 -15.6015 -32.1224 38.3782 -17.1887 -31.5335 33.6664 -18.4437 -29.8139 29.1349 -19.2699 -27.0376 25.0513 -19.5908 -23.3788 21.6488 -19.3533 -18.9224 18.9968 -18.5541 -14.0962 17.2596 -17.2631 -9.1572 16.3168 -1.15912 -1.23291 -1.28125 -1.32729 -2.13092 -2.22394 -2.34219 -2.33603 -1.41221 -1.55523 -1.78697 -1.95359 -1.68297 -1.75381 -1.75241 -1.70592 -0.98241 -0.825361 -0.68594 -0.554781 0.440904 0.547124 0.642476 0.728065 1.23406 1.23518 1.23509 1.24793 1.42066 1.41596 1.42428 1.43314 1.48041 1.47013 1.45611 1.43782 1.43354 1.4325 1.43788 1.44983 1.11898 1.06776 1.05582 0.99792 0.739611 0.691914 0.614865 0.561717 0.0574941 0.0133439 -0.000468359 -0.0313205 -0.00195685 0.0121203 0.0402614 0.0762167 0.0720971 0.115706 0.169766 0.22451 0.165477 0.17288 0.181678 0.207075 -0.0650802 -0.163234 -0.349652 -0.536526 -0.457913 -0.457777 -0.450455 -0.395155 -0.537864 -0.49667 -0.524404 -0.507921 -0.611024 -0.591901 -0.553104 -0.494137 -0.42268 -0.31511 -0.0983703 0.157778 0.889254 0.957563 1.03829 1.18725 0.8285 0.919031 1.03754 1.16286 0.373488 0.340841 0.288147 0.210069 -0.82402 -0.864189 -0.917682 -0.997008 0.607923
-12.0176 -6.28598 16.9324 -9.82188 -2.16754 15.4227 -7.38193 1.59512 13.435 -4.88287 4.84395 10.7403 -2.56688 7.41533 7.26385 -0.390425 9.44091 2.3149 0.950802 10.4544 -3.20835 1.45325 10.7651 -8.9515 1.33708 10.8338 -14.7234 1.07506 11.0568 -19.1098 0.852886 11.628 -23.4667 0.873988 12.7093 -27.7316 1.33417 14.398 -31.7683 2.87367 17.601 -36.4721 5.62272 21.5973 -39.8228 9.42508 25.8289 -41.3689 13.8799 29.6709 -40.9817 16.9988 31.7763 -39.7351 20.0671 33.3932 -37.8152 22.9797 34.4852 -35.3579 25.6596 35.0535 -32.4925 28.7878 35.0364 -28.2114 31.3238 34.2306 -23.6252 33.2226 32.7502 -18.9012 34.4616 30.7125 -14.1655 35.053 27.9528 -9.0421 34.8352 24.8023 -4.1185 33.8243 21.4015 0.532078 32.0496 17.8831 4.85474 29.9561 14.8733 8.26234 27.3669 11.9331 11.3776 24.3236 9.11646 14.1809 20.8739 6.46154 16.6516 16.8427 3.85133 18.8764 12.4843 1.4419 20.6688 7.86988 -0.791222 21.9855 3.07566 -2.89095 22.773 -0.116072 -4.22298 22.9674 -3.32065 -5.53579 22.8872 -6.50648 -6.84293 22.5116 -9.63739 -8.15426 21.821 -14.2218 -10.1677 20.1328 -18.4248 -12.1888 17.6488 -22.0805 -14.1724 14.3897 -25.0409 -16.0441 10.4333 -27.3543 -17.8499 5.47987 -28.6637 -19.2921 0.0618719 -28.9978 -20.2655 -5.60297 -28.4523 -20.6929 -11.3187 -27.4783 -20.6078 -15.8215 -26.103 -20.132 -20.1934 -24.4001 -19.2654 -24.3863 -22.4354 -18.015 -28.3623 -19.9778 -16.1638 -32.5359 -17.3194 -13.8614 -36.3463 -14.507 -11.1271 -39.7374 -11.5772 -7.9801 -42.6356 -8.60794 -4.49668 -44.911 -5.60069 -0.672101 -46.4785 -2.62111 3.42251 -47.1744 0.225056 7.65312 -46.8152 2.62181 11.5253 -45.3769 4.5912 15.0396 -42.8123 5.94763 17.8545 -39.2009 6.54299 19.634 -34.8094 6.18689 20.1091 -29.0557 4.82473 18.7563 -23.5993 2.8125 15.9435 -18.9628 0.533891 12.1946 -15.193 -0.846641 9.66962 -13.1349 -2.1663 7.06101 -11.1423 -3.38318 4.4552 -9.08179 -4.45736 1.94576 -6.83112 -5.81726 -1.71221 -2.55275 -6.52922 -4.30363 2.57675 -6.52141 -5.41608 8.25974 -5.87636 -4.98364 13.9983 -4.91013 -3.52031 18.974 -3.75745 -1.44116 23.6837 -2.56733 0.810682 28.3038 -1.46471 2.78932 33.0684 -0.501873 4.11957 38.572 0.0545876 4.05762 44.288 0.0742129 2.27334 49.7471 -0.490102 -1.19472 54.2902 -1.60577 -6.03303 57.3893 -3.13211 -11.5414 58.6492 -4.92307 -17.0856 58.0886 -6.86415 -22.1637 55.9197 -8.35616 -25.3999 53.4414 -9.861 -28.0446 50.3459 -11.347 -29.9794 46.7558 -12.7696 -31.0923 42.8088 -14.2523 -31.242 38.0291 -15.4517 -30.1162 33.3004 -16.2461 -27.7766 28.9459 -16.5379 -24.4272 25.2362 -16.256 -20.2124 22.2187 -15.3789 -15.6015 20.0007 -13.9456 -10.8911 18.3555 -1.15732 -1.24845 -1.31286 -1.37465 -2.19569 -2.30766 -2.44332 -2.44957 -1.52838 -1.6696 -1.8952 -2.05282 -1.76754 -1.81493 -1.78368 -1.70264 -0.948111 -0.765553 -0.601165 -0.44619 0.575297 0.707293 0.824361 0.927631 1.44826 1.46091 1.46922 1.48793 1.66432 1.66173 1.67107 1.67994 1.72612 1.7134 1.69528 1.67082 1.65944 1.65152 1.64878 1.65133 1.30715 1.23736 1.20853 1.1387 0.872298 0.820278 0.742488 0.691718 0.191986 0.153117 0.145415 0.120986 0.15692 0.17712 0.210011 0.248973 0.245839 0.288222 0.338604 0.386941 0.318858 0.314909 0.310208 0.320906 0.0329556 -0.0797321 -0.276281 -0.468994 -0.395352 -0.404134 -0.411418 -0.375979 -0.548608 -0.547401 -0.611358 -0.62265 -0.742732 -0.731964 -0.695527 -0.635546 -0.562771 -0.456969 -0.247999 -0.00729692 0.700245 0.736525 0.779307 0.887465 0.493256 0.554842 0.646775 0.748644 -0.0618223 -0.11196 -0.177591 -0.26574 -1.30957 -1.3614 -1.42903 -1.52682 0.057181
-9.14953 -9.1428 17.1253 -7.30213 -5.193 14.8784 -5.28613 -1.59579 12.2218 -3.2471 1.46544 8.97634 -1.41599 3.85442 5.10318 0.215126 5.72414 -0.109864 1.11827 6.69659 -5.72868 1.34157 7.10243 -11.4835 1.11174 7.39762 -17.2449 0.857636 7.87096 -21.6118 0.706397 8.74983 -25.9203 0.835127 10.1806 -30.0791 1.4043 12.2367 -33.927 3.0259 15.9133 -38.2407 5.69908 20.3178 -41.106 9.24364 24.9019 -42.1912 13.3147 29.1046 -41.4706 16.1564 31.4994 -40.0907 18.9686 33.461 -38.1012 21.6709 34.9579 -35.617 24.201 35.9865 -32.7437 27.2339 36.6516 -28.4457 29.7872 36.5676 -23.7995 31.7969 35.8087 -18.9519 33.2157 34.4555 -14.0254 34.0555 32.3724 -8.62451 34.1084 29.7863 -3.3782 33.3679 26.818 1.60733 31.8489 23.5896 6.2425 29.9577 20.7122 9.8753 27.5562 17.7984 13.161 24.689 14.9057 16.0705 21.4093 12.0778 18.5804 17.5576 9.18822 20.7777 13.3862 6.413 22.4841 8.97377 3.74406 23.676 4.40171 1.158 24.3257 1.36692 -0.508234 24.4395 -1.67367 -2.16156 24.296 -4.69252 -3.80957 23.884 -7.66023 -5.45694 23.1926 -12.0234 -7.96631 21.5844 -16.0798 -10.4562 19.2895 -19.7123 -12.8835 16.3174 -22.8142 -15.1838 12.7107 -25.4931 -17.4554 8.14865 -27.3785 -19.3788 3.0599 -28.4551 -20.8595 -2.39888 -28.7528 -21.8248 -8.06714 -28.4754 -22.1927 -12.6518 -27.7812 -22.1886 -17.2069 -26.7155 -21.8109 -21.6738 -25.322 -21.0649 -26.002 -23.41 -19.7963 -30.6519 -21.1804 -18.0867 -35.0099 -18.6717 -15.947 -39.0117 -15.9159 -13.3844 -42.5789 -12.9879 -10.4506 -45.5703 -9.88817 -7.12722 -47.9101 -6.67562 -3.45458 -49.433 -3.44728 0.475108 -49.946 -0.551714 4.22405 -49.3395 2.05205 7.81819 -47.5762 4.16026 10.9582 -44.6604 5.58064 13.3212 -40.7611 6.22127 14.7938 -35.2042 5.71801 14.6061 -29.4449 4.32946 12.9533 -24.0785 2.42209 10.2554 -19.3308 1.16629 8.31617 -16.6513 -0.0925419 6.25945 -14.0625 -1.30216 4.18182 -11.4669 -2.41815 2.18104 -8.7709 -3.957 -0.70441 -3.99169 -4.9995 -2.66032 1.35827 -5.47117 -3.33971 7.08979 -5.41925 -2.65822 12.8402 -5.0632 -1.04031 17.849 -4.48508 1.16767 22.6054 -3.77112 3.56178 27.252 -3.00971 5.73273 31.9996 -2.2342 7.37013 37.4497 -1.64868 7.74289 43.151 -1.38525 6.49023 48.7498 -1.5355 3.55003 53.6812 -2.13483 -0.891229 57.4462 -3.13392 -6.25336 59.5695 -4.44231 -11.9456 59.9508 -5.96295 -17.4546 58.6865 -7.17468 -21.1698 56.7971 -8.41674 -24.4085 54.1877 -9.64631 -27.0305 50.9544 -10.8105 -28.8987 47.2134 -11.9895 -29.9638 42.4656 -12.887 -29.7475 37.5448 -13.4022 -28.2546 32.7938 -13.4684 -25.6419 28.5235 -13.0438 -22.0455 24.804 -12.1451 -17.8998 21.8116 -10.8264 -13.5187 19.3587 -1.16985 -1.27049 -1.34392 -1.41528 -2.24668 -2.36907 -2.51345 -2.52551 -1.60659 -1.7474 -1.9682 -2.1185 -1.82115 -1.84925 -1.79352 -1.68414 -0.904092 -0.700296 -0.514753 -0.339125 0.705399 0.861342 0.999421 1.12043 1.65614 1.68087 1.69785 1.72229 1.9017 1.9001 1.90881 1.91541 1.95753 1.93879 1.91283 1.87883 1.85844 1.8429 1.83221 1.82657 1.472 1.38964 1.34887 1.2686 0.993682 0.936229 0.857008 0.80882 0.314445 0.281818 0.280979 0.263146 0.304869 0.329031 0.36302 0.399828 0.391137 0.424551 0.462527 0.495176 0.409193 0.386314 0.36241 0.355371 0.0518643 -0.071076 -0.270318 -0.459885 -0.384556 -0.399248 -0.41796 -0.395764 -0.58362 -0.601345 -0.683381 -0.710587 -0.842109 -0.838306 -0.804845 -0.744241 -0.668102 -0.557378 -0.344034 -0.101247 0.604538 0.633684 0.662949 0.751144 0.334824 0.374598 0.44261 0.518821 -0.320753 -0.403105 -0.501223 -0.620807 -1.69391 -1.77116 -1.85915 -1.97264 -0.388005
-11.7301 -12.2272 17.931 -9.33396 -9.00069 15.1184 -6.87072 -6.02332 12.0968 -4.45808 -3.41633 8.71373 -2.23496 -1.2773 4.89997 -0.0458185 0.563813 -0.115134 1.48858 1.66379 -5.57123 2.30321 2.29413 -11.2521 2.66508 2.91248 -16.981 2.87828 3.65915 -21.3119 3.19369 4.80406 -25.5485 3.7556 6.46459 -29.584 4.68303 8.6948 -33.2617 6.60939 12.5163 -37.3164 9.34983 17.0127 -39.9673 12.7589 21.7211 -40.9494 16.5805 26.1551 -40.2485 19.2417 28.7823 -38.9331 21.8904 31.0372 -37.0318 24.4625 32.8781 -34.6423 26.9036 34.2881 -31.8552 29.8838 35.4972 -27.6397 32.4433 35.9622 -23.0195 34.4891 35.727 -18.1335 35.9369 34.8481 -13.109 36.757 33.2125 -7.55321 36.6979 30.9862 -2.14443 35.7373 28.2939 2.95881 33.9029 25.2683 7.61665 31.6965 22.514 11.1661 28.9731 19.6797 14.265 25.8145 16.8197 16.8912 22.3059 13.9698 19.0409 18.3053 10.9867 20.8046 14.094 8.03725 22.0612 9.74998 5.11169 22.8254 5.34209 2.19509 23.1041 2.45501 0.282703 23.0218 -0.415612 -1.63339 22.7262 -3.25322 -3.55224 22.2112 -6.04107 -5.46961 21.4691 -10.1612 -8.37403 19.8848 -14.0598 -11.2146 17.7278 -17.6647 -13.935 14.9847 -20.9 -16.4686 11.6629 -23.9178 -18.9354 7.42527 -26.321 -21.0107 2.62243 -28.0417 -22.623 -2.63013 -29.0389 -23.723 -8.19296 -29.3076 -24.2173 -12.7662 -29.1123 -24.3655 -17.3675 -28.4716 -24.1737 -21.9264 -27.4116 -23.6521 -26.3802 -25.7551 -22.6843 -31.1974 -23.6539 -21.326 -35.739 -21.1541 -19.5839 -39.9345 -18.3006 -17.4591 -43.7067 -15.1855 -14.9878 -46.9187 -11.8199 -12.1461 -49.5121 -8.26927 -8.95626 -51.3412 -4.63053 -5.47933 -52.2347 -1.2798 -2.08071 -52.0652 1.85751 1.29512 -50.8132 4.58323 4.42248 -48.4475 6.69695 7.04558 -45.0625 8.23232 9.23653 -39.9341 8.58638 10.1488 -34.2332 7.91035 9.82391 -28.4977 6.50755 8.5107 -23.0419 5.46106 7.38635 -19.8547 4.34994 6.10089 -16.7515 3.24837 4.73557 -13.6791 2.22926 3.37208 -10.5776 0.900343 1.32871 -5.32455 0.249108 -0.053384 0.261258 0.268833 -0.53602 6.03207 0.836987 -0.156861 11.7827 1.67557 0.805101 16.9017 2.661 2.16631 21.9026 3.62745 3.68937 26.8604 4.40822 5.1042 31.8825 4.85894 6.19081 37.5042 4.69729 6.4351 43.2401 3.78451 5.54354 48.8399 2.08986 3.39135 53.8879 -0.338981 0.00192708 57.9954 -3.26747 -4.29191 60.6873 -6.44713 -9.08314 61.7796 -9.64669 -13.9567 61.2597 -11.9158 -17.3929 59.8868 -14.0181 -20.521 57.7335 -15.8854 -23.2015 54.8755 -17.4471 -25.2983 51.4106 -18.7782 -26.8357 46.8356 -19.5154 -27.299 41.9052 -19.6038 -26.6526 36.9413 -19.0487 -24.9882 32.2521 -17.8632 -22.4038 27.9087 -16.1702 -19.2347 24.1618 -14.0902 -15.7636 20.9099 -0.874563 -0.975115 -1.04238 -1.10409 -1.92412 -2.03499 -2.16936 -2.17793 -1.26708 -1.41732 -1.6459 -1.80378 -1.51353 -1.54512 -1.48637 -1.36751 -0.575674 -0.360732 -0.163422 0.0239592 1.08156 1.25091 1.40058 1.53152 2.07638 2.10983 2.13503 2.16707 2.35247 2.35494 2.36572 2.37196 2.41092 2.38598 2.35114 2.30619 2.27567 2.25179 2.23272 2.21883 1.85429 1.76087 1.71072 1.62341 1.34421 1.28594 1.20953 1.16714 0.67958 0.653132 0.657624 0.643351 0.686078 0.707575 0.734739 0.76053 0.73687 0.751613 0.767315 0.774457 0.661453 0.611664 0.561977 0.532579 0.211016 0.0781363 -0.12097 -0.303093 -0.222521 -0.241328 -0.270256 -0.258468 -0.451659 -0.466119 -0.537406 -0.549947 -0.669236 -0.65795 -0.621729 -0.560305 -0.479224 -0.35027 -0.0971211 0.212121 1.01168 1.15525 1.30464 1.5022 1.16276 1.25096 1.35064 1.44223 0.602215 0.502237 0.372354 0.211898 -0.905962 -1.0253 -1.14646 -1.28116 -0.000685781
-13.0093 -14.6942 18.764 -10.817 -12.0037 15.2972 -8.59606 -9.26831 11.8842 -6.39936 -6.55093 8.44123 -4.26879 -3.9296 4.88415 -1.90768 -1.0774 0.454134 0.199644 1.36221 -4.33568 1.93289 3.19958 -9.52747 3.07731 4.36031 -15.0662 3.57333 5.36816 -19.3204 4.13437 6.77145 -23.4526 5.15212 8.58688 -27.3292 6.62892 10.7883 -30.841 9.28544 14.2671 -34.7903 12.6179 18.2088 -37.639 16.4588 22.4077 -39.1792 20.5853 26.6171 -39.2804 23.3867 29.3156 -38.5156 26.1157 31.8178 -37.0991 28.6908 34.0507 -35.0748 31.0375 35.9522 -32.5073 33.7126 37.8979 -28.3634 35.7537 39.0974 -23.619 37.0916 39.5267 -18.5064 37.7014 39.2045 -13.2492 37.545 38.0396 -7.51912 36.5778 36.1276 -2.07641 34.8841 33.5868 2.91264 32.5618 30.54 7.33287 30.1531 27.6216 10.6092 27.4178 24.486 13.3912 24.4127 21.1941 15.6687 21.1892 17.8002 17.4416 17.5934 14.1524 18.7749 13.8524 10.4926 19.5654 10.0084 6.86384 19.829 6.09874 3.30473 19.5824 3.52105 1.03089 19.1529 0.941391 -1.19138 18.5156 -1.6244 -3.3611 17.674 -4.16077 -5.4775 16.6314 -7.94102 -8.59985 14.6612 -11.5613 -11.5931 12.2415 -14.9768 -14.4383 9.38503 -18.1546 -17.0997 6.10788 -21.3048 -19.7461 2.08011 -24.0787 -22.0753 -2.3954 -26.4194 -24.0292 -7.27938 -28.2651 -25.5456 -12.5181 -29.3393 -26.3977 -16.9171 -30.02 -26.8941 -21.4472 -30.2749 -27.0032 -26.0466 -30.076 -26.6973 -30.6399 -29.2845 -25.8329 -35.6909 -27.8777 -24.403 -40.4723 -25.8644 -22.4155 -44.8178 -23.2837 -19.9065 -48.5502 -20.2564 -16.9902 -51.4585 -16.8561 -13.734 -53.4492 -13.2223 -10.2683 -54.4042 -9.51998 -6.74713 -54.2544 -6.15805 -3.5555 -53.1064 -3.03805 -0.596509 -51.0287 -0.293267 2.00624 -48.1134 1.96516 4.1502 -44.4926 3.93663 6.02934 -39.3895 4.99847 7.05772 -33.7972 5.13534 7.22454 -28.0168 4.38719 6.57084 -22.3183 3.58956 5.78716 -18.9617 2.76846 4.74955 -15.6804 2.13327 3.59628 -12.3965 1.78189 2.57182 -9.02838 1.65973 1.51822 -3.33523 1.95755 1.13314 2.43538 2.56271 1.2398 8.19381 3.36672 1.6585 13.9135 4.18319 2.15849 19.1018 5.00515 2.64073 24.2908 5.7332 3.00192 29.5036 6.26398 3.13778 34.7509 6.49515 2.90796 40.4851 6.2229 2.1472 46.1715 5.31144 0.731307 51.6625 3.65288 -1.42713 56.72 1.14676 -4.40641 61.0907 -2.12543 -8.07399 64.2689 -5.96681 -12.1887 65.8728 -10.0452 -16.3811 65.6507 -12.9716 -19.2759 64.2735 -15.6256 -21.7991 61.9431 -17.8603 -23.8123 58.8136 -19.5731 -25.227 55.0846 -20.8349 -26.0725 50.3138 -21.3362 -26.1059 45.3324 -21.1384 -25.4121 40.3779 -20.3402 -24.1071 35.6106 -18.9983 -22.2395 30.9564 -17.2568 -19.9769 26.6207 -15.2278 -17.4309 22.577 1.56844 1.46509 1.39494 1.32829 0.49997 0.377631 0.233023 0.218825 1.12066 0.965541 0.731475 0.560214 0.825617 0.757366 0.778102 0.865798 1.64144 1.85151 2.0515 2.2486 3.32521 3.52374 3.70725 3.87309 4.45212 4.51508 4.56091 4.60365 4.79033 4.78751 4.78805 4.78049 4.80299 4.76018 4.7077 4.64627 4.6036 4.57126 4.54488 4.52475 4.15367 4.05392 3.99864 3.90733 3.6254 3.56616 3.49095 3.45214 2.97 2.95015 2.96292 2.95855 3.01336 3.04906 3.09118 3.13171 3.1212 3.14602 3.16723 3.1738 3.05346 2.99012 2.92147 2.8697 2.5229 2.3663 2.15115 1.9621 2.04066 2.0176 1.98289 1.99288 1.80407 1.79418 1.72654 1.71693 1.5998 1.61172 1.64509 1.69878 1.76678 1.87879 2.11647 2.41792 3.22334 3.39031 3.58011 3.83041 3.54151 3.67187 3.80917 3.93095 3.11264 3.02229 2.88901 2.71541 1.57892 1.4403 1.30336 1.15814 -0.0098468
