Optimization finished after 800 iterations.
NEB Energy: 2.7185
Max NEB Force: 0.482887
Optimization took: 9539 ms
Energies: 
0.683759, 2.72034, 2.70677, 3.02793, 3.31996, 3.67592, 4.0383, 4.37452, 4.4083, 4.24053, 3.9376, 3.79522, 3.56161, 3.35043, 0.666515, 
NEB Forces: 
0, 0.38708, 0.384182, 0.40365, 0.426644, 0.451705, 0.473259, 0.482887, 0.481257, 0.474383, 0.457842, 0.448221, 0.433408, 0.420912, 0, 
Gradients: 
0.0669235, 0.39511, 0.392507, 0.411818, 0.434892, 0.459, 0.477317, 0.485493, 0.483265, 0.475743, 0.458678, 0.448876, 0.433931, 0.421876, 1.8265e-05, 
Spring Forces: 
0, 0.00369352, 9.25637e-07, 2.85438e-06, 3.18928e-06, 6.68316e-06, 1.16281e-06, 5.96225e-06, 1.37795e-06, 3.8209e-07, 6.19109e-07, 1.85361e-06, 9.54402e-06, 0.000375406, 0, 
Bend Energies: 
0.66231, 2.64696, 2.63779, 2.94923, 3.22633, 3.54723, 3.88844, 4.20617, 4.27405, 4.10892, 3.81593, 3.69578, 3.48238, 3.27155, 0.666508, 
Twist Energies: 
0.0214452, 0.058217, 0.0538668, 0.0640514, 0.0790512, 0.114361, 0.13571, 0.154238, 0.120134, 0.117408, 0.107285, 0.0851074, 0.0648951, 0.064682, 7.63574e-22, 
Stretch Energies: 
3.89695e-07, 0.0151648, 0.0151191, 0.0146419, 0.0145791, 0.0143279, 0.014151, 0.0141137, 0.01412, 0.0142032, 0.0143849, 0.0143283, 0.0143337, 0.0141925, 1.04689e-06, 
