# num_vectors 15
# vector_size 401
# Iterations: 14600, stepsize: 0.026328, max step size: 1.000000, spring constant: 0.000010, global NEB Hessian: false, global NEB Linesearch: true, climbing image: false
-34.0624 -1.40353 7.08706 -33.3215 2.53417 9.91709 -32.0484 6.40016 12.6551 -30.2648 10.184 15.2173 -27.9964 13.8745 17.519 -24.7486 18.0773 19.7823 -20.9427 22.0967 21.4237 -16.6714 25.8807 22.3028 -12.0612 29.3563 22.2889 -8.42634 31.7392 21.6036 -4.78611 33.8396 20.3011 -1.25078 35.6074 18.3683 2.05574 36.9942 15.8182 5.9097 38.1863 11.519 8.82353 38.5845 6.40946 11.1799 38.3659 1.00975 13.6891 37.3514 -4.22774 15.6049 35.9757 -7.41399 17.6279 34.079 -10.2468 19.689 31.723 -12.6791 21.7246 28.9748 -14.6836 24.315 24.8004 -16.6782 26.6481 20.2015 -17.9114 28.6358 15.3137 -18.4331 30.2109 10.2521 -18.315 31.4097 4.57956 -17.5405 31.9911 -1.08702 -16.2114 31.9121 -6.66487 -14.4518 31.1364 -12.0826 -12.3875 29.8936 -16.5399 -10.4793 28.1019 -20.7848 -8.52364 25.7527 -24.767 -6.60626 22.8477 -28.4294 -4.81697 19.191 -31.8819 -3.16705 14.9788 -34.817 -1.88022 10.293 -37.1411 -1.07103 5.25919 -38.7611 -0.846493 1.86096 -39.3959 -1.06607 -1.55117 -39.6729 -1.59505 -4.90813 -39.5808 -2.44441 -8.13475 -39.1169 -3.61608 -12.6381 -37.7097 -5.99517 -16.4084 -35.4979 -8.96381 -19.2826 -32.5951 -12.3154 -21.1768 -29.1446 -15.8406 -22.1122 -24.9354 -19.6559 -21.9367 -20.4315 -23.2383 -20.7681 -15.7808 -26.425 -18.7541 -11.0957 -29.0978 -16.6453 -7.3735 -30.8093 -14.178 -3.70544 -32.1092 -11.433 -0.107617 -32.9762 -8.48817 3.41155 -33.3948 -5.02773 7.27229 -33.3152 -1.51742 11.0284 -32.6401 1.93547 14.679 -31.3606 5.22031 18.2196 -29.4738 8.18053 21.5914 -27.0251 10.747 24.8254 -24.0114 12.7972 27.8901 -20.4713 14.2071 30.7418 -16.4703 14.8395 33.1641 -12.4034 14.7267 35.2979 -8.13242 13.8096 37.0862 -3.80024 12.063 38.444 0.432127 9.15107 39.0834 5.38903 6.13462 38.324 10.2659 3.77919 36.3749 15.1763 2.17002 33.4494 19.8998 1.5402 31.2502 22.5987 1.1681 28.7828 25.1069 1.03467 26.0862 27.3933 1.11738 23.1973 29.4341 1.66397 18.1396 32.2014 2.60366 12.7937 34.22 3.81625 7.27028 35.4686 5.18102 1.66235 35.9435 6.45296 -3.45244 35.7088 7.66195 -8.51534 34.8489 8.71867 -13.4711 33.38 9.53437 -18.2608 31.3239 10.0487 -23.209 28.4536 10.0645 -27.7829 24.9799 9.4803 -31.8673 20.9845 8.20985 -35.3331 16.5843 6.14874 -38.087 11.8485 3.29584 -39.9157 7.07603 -0.305622 -40.7021 2.5295 -4.53898 -40.3758 -1.49939 -7.97484 -39.4097 -3.96966 -11.5517 -37.8614 -5.8802 -15.1522 -35.8068 -7.16681 -18.6516 -33.3249 -7.82671 -22.4231 -30.032 -7.8404 -25.7851 -26.3914 -7.12589 -28.6443 -22.5088 -5.77783 -30.9411 -18.4739 -3.90385 -32.694 -14.206 -1.52414 -33.7947 -9.91193 1.17763 -34.2464 -5.63458 4.08461 41.0072 40.9915 40.9931 40.9916 40.2372 40.1951 40.1399 40.2078 41.107 40.9544 40.7351 40.5716 40.8405 40.7712 40.7485 40.6681 41.1453 41.0297 40.8339 40.5899 41.158 40.8545 40.654 40.5383 40.9017 40.8002 40.7251 40.6785 40.8038 40.7607 40.7348 40.7139 40.7349 40.7068 40.6845 40.6694 40.678 40.6948 40.7265 40.7738 40.5033 40.54 40.6346 40.7026 40.5894 40.7059 40.796 40.9051 40.5394 40.6046 40.6859 40.7337 40.8264 40.8867 40.9395 40.9806 40.9657 40.984 41.0014 41.0113 40.9073 40.8707 40.8438 40.8528 40.625 40.6151 40.5041 40.3615 40.4516 40.4385 40.4286 40.4811 40.3561 40.4359 40.4603 40.5333 40.4749 40.5119 40.5199 40.4847 40.3587 40.1803 40.0538 39.9819 40.4501 40.3842 40.4321 40.6198 40.3334 40.5109 40.7393 41.0043 40.399 40.6093 40.8278 41.017 40.2221 40.3665 40.4468 40.4637 -0.0256621
-32.5558 -1.44396 8.4076 -31.2794 1.41203 12.186 -29.2733 4.13716 15.7372 -26.6867 6.85204 18.8997 -23.703 9.69459 21.5603 -19.8884 13.2841 23.9888 -15.857 17.0453 25.7018 -11.5395 20.7248 26.7756 -6.82359 24.0331 27.16 -3.00376 26.1852 26.792 0.823405 28.013 25.6217 4.30052 29.5665 23.4187 6.94576 30.8748 20.1557 8.63965 32.2027 14.6676 8.61115 33.0357 8.83175 8.26576 33.3474 2.95504 8.98249 32.9518 -2.88288 10.3327 32.1551 -6.52358 12.2369 30.9192 -9.7731 14.4291 29.27 -12.6345 16.6666 27.2462 -15.2058 19.4897 24.0051 -18.3102 21.9894 20.1662 -20.9797 24.1475 15.7058 -22.8661 25.9038 10.7447 -23.5102 27.2391 5.13051 -22.5566 27.8957 -0.197154 -20.2334 27.9556 -5.20164 -17.206 27.4721 -10.0467 -13.9649 26.5671 -14.113 -11.1902 25.1014 -18.0494 -8.46827 22.9662 -21.7484 -5.85856 20.1259 -25.0953 -3.45356 16.4337 -28.1651 -1.22723 12.188 -30.7254 0.625455 7.52132 -32.7636 2.06803 2.51478 -34.2127 2.9889 -0.896806 -34.7753 3.19756 -4.34942 -35.0026 3.03427 -7.76416 -34.8899 2.46347 -11.0585 -34.457 1.4843 -15.6996 -33.2444 -0.731593 -19.6986 -31.434 -3.67277 -22.8107 -29.0106 -7.18872 -24.7265 -25.9819 -11.0715 -25.2362 -22.1846 -15.3692 -24.2493 -18.1948 -19.4011 -22.1469 -14.245 -23.0244 -19.2164 -10.4264 -26.1834 -16.347 -7.49464 -28.2816 -13.0464 -4.70672 -29.8829 -9.38259 -2.09655 -30.88 -5.47472 0.321123 -31.2175 -0.967806 2.85311 -30.8154 3.42648 5.33655 -29.629 7.43993 7.97716 -27.6787 10.7626 10.9196 -24.998 13.1355 14.1143 -21.7903 14.6447 17.5268 -18.297 15.5868 21.1394 -14.8059 16.2859 24.9765 -11.5023 16.7732 28.714 -8.56981 16.8077 32.4281 -5.56816 15.8407 35.7335 -2.26005 13.4695 37.9838 1.22082 9.0678 38.6185 4.91904 4.13108 37.2321 7.59541 -0.531536 34.6361 9.82645 -4.44184 31.2825 12.4571 -6.18448 28.9148 14.4251 -7.30357 26.3591 16.6006 -7.75181 23.6786 18.8656 -7.56938 20.9442 21.103 -6.14738 16.4865 24.515 -3.90052 12.0434 27.4723 -1.28429 7.41132 29.7601 1.39602 2.43377 31.0149 3.70206 -2.31112 31.0293 5.77922 -7.06183 30.0554 7.63734 -11.722 28.4236 9.34508 -16.3193 26.479 11.0476 -21.3072 24.1968 12.3873 -26.2699 21.6352 12.9051 -31.0533 18.4988 12.1064 -35.2622 14.6735 9.81869 -38.4681 10.3438 6.40634 -40.3074 5.95853 2.37457 -40.6256 1.72752 -1.81796 -39.1972 -2.09865 -4.78903 -37.0228 -4.39741 -7.57455 -34.1598 -6.09561 -10.3051 -30.9804 -7.22491 -13.1932 -27.8148 -7.91599 -16.8625 -24.4291 -8.28844 -20.8 -21.3389 -8.17451 -24.703 -18.3077 -7.37208 -28.1603 -15.109 -5.67473 -30.8667 -11.6069 -2.96204 -32.477 -8.07575 0.485561 -33.0122 -4.66386 4.36127 0.3583 0.397053 0.414961 0.392596 -0.41063 -0.508479 -0.591973 -0.508077 0.418233 0.276115 0.0544421 -0.106375 0.19073 0.174009 0.173875 0.0447244 0.478231 0.352936 0.205696 0.0512317 0.686351 0.311546 -0.0560011 -0.280582 0.0693669 0.0128804 -0.0060235 -0.00810305 0.146863 0.126379 0.123256 0.127752 0.176637 0.17527 0.175095 0.180453 0.210078 0.246073 0.297795 0.362266 0.105381 0.145934 0.245459 0.332241 0.253076 0.398613 0.48893 0.575463 0.188237 0.238382 0.305243 0.330433 0.378763 0.355926 0.286077 0.18121 0.03341 -0.0351079 -0.054683 -0.056183 -0.166556 -0.19963 -0.187106 -0.0845033 -0.190801 -0.0950374 -0.148854 -0.253075 -0.119358 -0.0982995 -0.0830449 -0.0138008 -0.117263 -0.0315527 -0.0338141 -0.00660034 -0.105037 -0.0945376 -0.0996242 -0.125625 -0.20524 -0.322656 -0.462115 -0.66363 -0.334025 -0.448977 -0.386141 -0.162089 -0.40077 -0.169733 0.0949748 0.333932 -0.386299 -0.357088 -0.279421 -0.0850454 -0.704893 -0.319624 -0.0466022 0.102199 0.351364
-30.6547 2.10305 5.13517 -29.4113 5.27121 8.66769 -27.4997 8.10112 12.1889 -25.036 10.756 15.4972 -22.1621 13.4322 18.4366 -18.4201 16.7544 21.3164 -14.3914 20.2339 23.5517 -10.0367 23.6784 25.1343 -5.28383 26.8603 25.9209 -1.45367 29.0186 25.748 2.35715 30.942 24.682 5.78889 32.6656 22.5351 8.38492 34.1958 19.3295 10.0747 35.8585 13.9321 10.1136 37.0065 8.14989 9.7603 37.547 2.29018 10.2442 37.2324 -3.57663 11.322 36.382 -7.29524 12.9167 35.0079 -10.6541 14.8192 33.159 -13.5996 16.8243 30.9084 -16.174 19.4542 27.3716 -19.1214 21.9028 23.3073 -21.4874 24.1437 18.7475 -23.0034 26.1185 13.8353 -23.2885 27.8474 8.39505 -22.0132 29.0053 3.24133 -19.5011 29.5917 -1.7571 -16.5205 29.5823 -6.88736 -13.7111 29.0144 -11.4189 -11.6631 27.8374 -15.951 -9.89475 25.974 -20.291 -8.23815 23.4121 -24.2442 -6.5467 20.0273 -27.8492 -4.65992 16.0885 -30.7922 -2.70097 11.7008 -33.0319 -0.766054 6.91183 -34.4652 0.973039 3.59187 -34.8795 1.87025 0.1854 -34.8461 2.49767 -3.2328 -34.3695 2.79362 -6.58319 -33.4927 2.72295 -11.4135 -31.5193 1.88988 -15.7315 -29.0088 0.165983 -19.2857 -26.1424 -2.4932 -21.7348 -23.107 -6.05804 -22.8702 -19.8629 -10.677 -22.5164 -16.8332 -15.5601 -21.0668 -13.9085 -20.3028 -18.8338 -10.8595 -24.6464 -16.5484 -8.23036 -27.6622 -13.8252 -5.44775 -30.1263 -10.6923 -2.58194 -31.9158 -7.23957 0.285264 -32.959 -3.15052 3.46208 -33.2279 0.897852 6.63342 -32.5661 4.59795 9.90085 -30.9795 7.61234 13.3052 -28.488 9.68336 16.7227 -25.3008 10.9111 20.1341 -21.698 11.6131 23.6132 -18.0198 12.1217 27.2922 -14.5081 12.4749 30.8995 -11.3987 12.4268 34.463 -8.22 11.4615 37.5044 -4.66722 9.22924 39.2786 -0.836823 5.24254 39.0589 3.34789 0.978767 36.7168 6.47687 -2.80863 33.257 9.14946 -5.66507 29.2778 12.2256 -6.69189 26.6996 14.42 -7.0698 24.0694 16.7556 -6.77911 21.4225 19.0849 -5.88192 18.7899 21.2714 -3.37719 14.5727 24.3497 -0.180661 10.3743 26.7353 3.22333 5.97881 28.3561 6.48528 1.23717 28.9974 9.11645 -3.31658 28.5822 11.3271 -7.93446 27.3093 13.1401 -12.536 25.473 14.632 -17.1458 23.3858 15.9189 -22.2098 21.0013 16.7054 -27.2584 18.3785 16.6427 -32.0365 15.1923 15.3872 -36.0553 11.2861 12.8568 -38.87 6.82156 9.36752 -40.2031 2.31531 5.25437 -40.0153 -1.84457 0.831961 -38.1947 -5.2187 -2.40736 -35.8597 -6.91984 -5.49191 -32.9618 -7.88288 -8.49515 -29.8525 -8.27329 -11.597 -26.8173 -8.34787 -15.4252 -23.5917 -8.2701 -19.4266 -20.5916 -8.03955 -23.3132 -17.4922 -7.4446 -26.6907 -14.0007 -6.23341 -29.2663 -9.96244 -4.23184 -30.7324 -5.75332 -1.57061 -31.1554 -1.66213 1.59664 0.29158 0.339941 0.371421 0.361083 -0.432039 -0.522205 -0.601833 -0.523169 0.383946 0.225469 -0.0089129 -0.181957 0.100051 0.0669136 0.0613846 -0.0599753 0.363447 0.200416 -0.0113787 -0.238539 0.337124 -0.0295039 -0.331046 -0.500648 -0.125438 -0.181832 -0.224398 -0.271954 -0.170186 -0.23922 -0.28478 -0.316749 -0.301198 -0.332958 -0.358447 -0.370885 -0.347369 -0.310005 -0.251351 -0.174911 -0.410697 -0.33599 -0.192631 -0.0610838 -0.114143 0.0206303 0.0678002 0.0957128 -0.342957 -0.325855 -0.272729 -0.239408 -0.160073 -0.127733 -0.123658 -0.141995 -0.200347 -0.185064 -0.131009 -0.0686638 -0.120669 -0.09401 -0.015895 0.152849 0.106084 0.239363 0.208826 0.134872 0.300094 0.34676 0.388466 0.487106 0.424314 0.550686 0.573023 0.603261 0.486442 0.462688 0.4111 0.332031 0.200558 0.0490769 -0.089228 -0.261818 0.0877632 -0.028615 0.0179572 0.211068 -0.0587955 0.156029 0.426174 0.687609 -0.00569509 0.0483989 0.143834 0.330189 -0.352093 -0.0652286 0.129922 0.241469 0.552275
-29.8068 2.76078 4.06751 -28.4678 6.01822 7.48184 -26.5615 8.82547 11.024 -24.098 11.4071 14.3898 -21.1316 14.0128 17.3004 -17.1454 17.2677 19.9174 -12.7941 20.6567 21.624 -8.11878 23.9315 22.4903 -3.11981 26.8197 22.4633 0.78927 28.6735 21.6628 4.54291 30.2673 20.0113 7.74681 31.7199 17.369 9.91583 33.1185 13.8059 10.7244 34.8509 8.22952 9.68512 36.2493 2.59775 8.46002 37.2227 -3.08595 9.02777 37.7825 -8.92681 10.6821 37.6123 -12.525 13.0458 36.8165 -15.606 15.7394 35.3543 -18.1199 18.4517 33.277 -20.1304 21.8006 29.6957 -22.1481 24.6697 25.4293 -23.4434 27.0478 20.7053 -23.8186 28.9218 15.8169 -22.9803 30.3347 10.6687 -20.5906 31.0559 5.97919 -17.1701 31.1834 1.39764 -13.5363 30.7759 -3.53857 -10.4251 29.9583 -8.07169 -8.46725 28.6198 -12.6827 -7.05371 26.6535 -17.1246 -5.84746 24.0128 -21.1648 -4.52286 20.5631 -24.802 -2.82515 16.5952 -27.692 -0.846285 12.2269 -29.8063 1.26549 7.50303 -31.0763 3.28659 4.24035 -31.3899 4.40699 0.890125 -31.2785 5.28006 -2.49016 -30.7642 5.83491 -5.84015 -29.9035 6.02382 -10.7745 -28.073 5.55379 -15.3438 -25.8641 4.08356 -19.2777 -23.4619 1.50015 -22.1736 -21.0395 -2.19647 -23.7822 -18.5838 -7.14924 -23.8284 -16.3989 -12.4759 -22.6959 -14.3328 -17.7292 -20.6995 -12.1339 -22.6616 -18.5478 -10.1432 -26.2167 -15.9215 -7.91127 -29.2748 -12.8734 -5.44581 -31.6957 -9.51913 -2.77753 -33.3869 -5.57212 0.434044 -34.3831 -1.68914 3.8699 -34.4369 1.8612 7.54533 -33.5585 4.80567 11.4191 -31.7671 6.94025 15.3063 -29.2253 8.35707 19.1443 -26.161 9.30845 22.9296 -22.8604 10.0684 26.7245 -19.5213 10.6744 30.2604 -16.369 10.9768 33.6171 -12.9854 10.5171 36.3868 -9.12231 8.79693 37.8784 -4.92456 5.10994 37.2498 -0.512199 1.02579 34.7438 2.72806 -2.74093 31.2827 5.42842 -5.78164 27.3443 8.37837 -7.03563 24.7926 10.484 -7.70711 22.1962 12.7915 -7.7322 19.6215 15.2178 -7.12516 17.137 17.6622 -4.96551 13.3743 21.498 -1.86761 9.86056 24.9026 1.77968 6.21998 27.5442 5.68706 2.16689 28.9002 9.14925 -1.80917 28.7123 12.2242 -5.8812 27.3726 14.775 -10.0873 25.4662 16.7652 -14.6003 23.5946 18.2317 -19.9031 21.9469 18.8307 -25.43 20.5047 18.3353 -30.8376 18.6349 16.5635 -35.5329 15.8421 13.5748 -38.9373 12.136 9.74653 -40.7031 8.07605 5.3412 -40.815 4.22413 0.634027 -39.1514 1.16954 -2.74429 -36.8392 -0.272366 -5.86356 -33.9185 -1.03263 -8.83399 -30.7767 -1.41289 -11.9086 -27.7374 -1.79708 -15.7414 -24.6013 -2.53059 -19.7552 -21.7698 -3.49806 -23.6538 -18.7283 -4.28141 -27.0037 -15.0096 -4.39748 -29.4023 -10.4879 -3.53329 -30.526 -5.75673 -1.71655 -30.572 -1.25536 0.868614 0.166379 0.209843 0.249082 0.252421 -0.525415 -0.602779 -0.675603 -0.594146 0.316961 0.152313 -0.0951682 -0.273855 0.0168015 0.0121037 0.024595 -0.120958 0.294475 0.148825 -0.0412052 -0.254586 0.331863 -0.00463924 -0.257023 -0.385186 0.0152282 -0.0253608 -0.0565905 -0.0995536 -0.00221287 -0.0805766 -0.135765 -0.175158 -0.165014 -0.200486 -0.227666 -0.239127 -0.212569 -0.172114 -0.11062 -0.0323903 -0.268011 -0.196158 -0.0603096 0.0563251 -0.0198629 0.0902435 0.119521 0.13553 -0.315269 -0.315048 -0.286564 -0.282427 -0.230538 -0.211859 -0.198974 -0.188221 -0.207938 -0.15699 -0.0754783 0.00909785 -0.0250182 0.00839778 0.0707984 0.198955 0.0991945 0.175325 0.112164 0.0236169 0.182562 0.228348 0.270846 0.368403 0.302639 0.431689 0.467733 0.52958 0.456133 0.457441 0.369271 0.190377 -0.0399323 -0.22589 -0.317182 -0.391544 0.042619 -0.0313737 0.0307032 0.227084 -0.0336282 0.207683 0.521344 0.816304 0.125283 0.150675 0.202966 0.342707 -0.38304 -0.131414 0.0322191 0.113778 0.529677
-28.5378 2.40259 4.35039 -27.4037 5.85565 7.64459 -25.7418 8.90018 11.1131 -23.4212 11.6973 14.4074 -20.3891 14.3959 17.1616 -16.0555 17.498 19.3818 -11.2081 20.4558 20.4243 -6.09387 23.1343 20.3752 -0.90298 25.382 19.2199 2.89831 26.7697 17.493 6.30399 27.9476 14.9688 8.9599 29.0784 11.6486 10.4928 30.3081 7.71226 10.5481 32.1243 2.10431 9.09411 33.9797 -3.29895 7.86867 35.8149 -8.76536 8.68938 37.5033 -14.3534 10.7079 37.9045 -17.741 13.5977 37.493 -20.4229 16.8648 36.2596 -22.2985 20.1006 34.3041 -23.4897 23.9885 30.7841 -24.2681 27.1699 26.5428 -24.3165 29.6142 21.9017 -23.5437 31.3147 17.2132 -21.7445 32.3106 12.3992 -18.5751 32.4829 8.07295 -14.6425 32.0461 3.78841 -10.6849 31.1634 -0.977692 -7.41132 30.0635 -5.45377 -5.46058 28.5509 -10.0463 -4.1677 26.4674 -14.4753 -3.12158 23.715 -18.4774 -1.91406 20.1404 -22.0059 -0.245796 16.0642 -24.6983 1.79091 11.6283 -26.5533 4.00298 6.88415 -27.5692 6.11789 3.62574 -27.7715 7.27566 0.280245 -27.6235 8.16131 -3.11155 -27.1725 8.70086 -6.50447 -26.4899 8.84563 -11.5812 -25.1498 8.25382 -16.371 -23.6443 6.60699 -20.5638 -22.0552 3.81153 -23.7023 -20.4131 -0.109261 -25.4805 -18.6288 -5.28636 -25.592 -16.9327 -10.7873 -24.4589 -15.2877 -16.1872 -22.4193 -13.5471 -21.2823 -20.2129 -11.9632 -25.0044 -17.5298 -10.1363 -28.2746 -14.4473 -8.01146 -30.9606 -11.1032 -5.56238 -32.9732 -7.22996 -2.424 -34.3994 -3.46456 1.096 -34.9625 -0.0149056 4.95752 -34.6899 2.93141 9.08337 -33.6025 5.22688 13.2783 -31.7965 6.93978 17.4572 -29.4026 8.22396 21.5339 -26.5991 9.24241 25.4771 -23.5101 9.96389 28.9893 -20.3554 10.2739 32.1821 -16.8175 9.82496 34.713 -12.7926 8.31124 36.0505 -8.46528 5.14659 35.4519 -3.66075 1.35162 33.0865 0.00817357 -2.42806 29.7682 2.86508 -5.74965 25.8707 5.55483 -7.31189 23.2565 7.3554 -8.39142 20.5323 9.33776 -8.89733 17.8048 11.5335 -8.80325 15.2089 13.9353 -7.46289 11.4974 18.1735 -5.01751 8.43311 22.4353 -1.60954 5.51963 26.1001 2.72448 2.34486 28.2608 7.04817 -0.676068 28.3547 11.1327 -3.71425 26.9706 14.6646 -7.13201 25.0537 17.4365 -11.3733 23.5849 19.2458 -16.8011 23.0875 19.6202 -22.5246 23.3799 18.6049 -28.1772 23.4032 16.3112 -33.3089 22.2251 12.965 -37.3362 19.6097 8.96693 -39.7937 16.1122 4.47151 -40.6193 12.4562 -0.359729 -39.6685 9.29217 -3.87952 -37.8287 7.54153 -7.15404 -35.2775 6.27378 -10.2103 -32.3839 5.21285 -13.2088 -29.4819 4.01891 -16.714 -26.3685 2.26261 -20.221 -23.4107 0.25837 -23.5593 -20.1301 -1.51839 -26.4136 -16.1378 -2.50749 -28.4185 -11.3529 -2.33129 -29.2871 -6.42121 -0.963303 -29.2316 -1.76963 1.3405 0.0719334 0.100383 0.151147 0.19019 -0.539795 -0.578157 -0.640156 -0.576354 0.313636 0.128731 -0.138195 -0.326825 -0.0387824 -0.0427139 -0.0273326 -0.135935 0.282779 0.122853 -0.0740261 -0.271322 0.363165 0.0980385 -0.0996657 -0.20478 0.19734 0.152877 0.122698 0.0853197 0.186124 0.10618 0.0459828 0.00113645 0.00725375 -0.0298764 -0.0559098 -0.0636986 -0.0335657 0.00835736 0.0685049 0.141453 -0.106707 -0.0575906 0.0489944 0.133917 0.0301051 0.121809 0.14417 0.160517 -0.291097 -0.297793 -0.284247 -0.300527 -0.269349 -0.262637 -0.246934 -0.221417 -0.223213 -0.159379 -0.0712709 0.01746 -0.0139096 0.0172082 0.0658287 0.162914 0.0147925 0.0283117 -0.0750809 -0.1819 -0.0301841 0.0151786 0.060208 0.156895 0.0827058 0.206092 0.253455 0.355116 0.346803 0.401628 0.28234 -0.0168472 -0.349818 -0.55629 -0.584418 -0.54043 0.00771514 -0.000316974 0.0902272 0.30268 0.0562107 0.309596 0.634897 0.944166 0.270662 0.303483 0.331873 0.40807 -0.393199 -0.199042 -0.0740901 -0.0273309 0.452515
-26.6345 1.86506 5.35605 -25.7274 5.71808 8.25322 -24.311 9.28326 11.3102 -22.0959 12.5407 14.2332 -18.9231 15.3818 16.667 -14.1441 18.0322 18.5295 -8.74443 19.9893 19.1178 -3.23718 21.525 18.3149 1.85207 22.8646 15.9407 5.04605 23.8145 13.0677 7.38842 24.7491 9.46248 8.7585 25.7873 5.41246 9.16344 27.07 1.22342 8.43097 29.2646 -4.1988 7.07271 31.9118 -9.28813 6.47566 34.7261 -14.4336 8.13327 37.0749 -19.5802 10.773 37.8389 -22.4368 14.2297 37.7121 -24.3727 17.9363 36.6979 -25.3452 21.4746 34.9247 -25.5688 25.5999 31.6288 -25.087 28.8985 27.6144 -24.0306 31.3452 23.2167 -22.3616 32.9094 18.7896 -19.8986 33.597 14.2578 -16.2652 33.3555 10.1683 -12.0904 32.4884 6.05395 -8.02449 31.2473 1.38437 -4.72821 29.944 -3.05714 -2.82429 28.3183 -7.63793 -1.63088 26.1679 -12.0614 -0.703513 23.3495 -16.0454 0.407599 19.6911 -19.5124 2.0222 15.532 -22.0876 4.04237 11.0305 -23.7965 6.23977 6.24329 -24.6946 8.31042 2.96602 -24.8763 9.41723 -0.397618 -24.7739 10.2382 -3.81452 -24.4497 10.7055 -7.24564 -23.9793 10.7756 -12.4094 -23.1107 10.0684 -17.3025 -22.1881 8.30016 -21.5931 -21.206 5.37684 -24.8197 -20.1168 1.33688 -26.7118 -18.8246 -3.94502 -26.9398 -17.492 -9.54152 -25.8776 -16.1434 -15.0372 -23.8359 -14.7209 -20.2292 -21.5849 -13.434 -24.0381 -18.845 -11.9177 -27.4182 -15.7264 -10.0622 -30.2577 -12.3943 -7.78637 -32.4822 -8.60535 -4.70326 -34.2211 -4.97827 -1.12439 -35.1811 -1.65595 2.85015 -35.4069 1.26079 7.11047 -34.9294 3.68037 11.468 -33.7958 5.65715 15.8472 -32.0515 7.27081 20.1233 -29.7625 8.60073 24.1902 -26.9663 9.55531 27.6854 -23.8551 10.0484 30.6948 -20.1799 9.78601 32.8998 -15.9521 8.54362 33.9423 -11.4605 5.81431 33.4537 -6.38419 2.26972 31.3909 -2.30521 -1.50821 28.2762 0.77435 -5.03872 24.3933 3.20658 -6.84328 21.6966 4.61646 -8.26949 18.8221 6.1063 -9.23594 15.8857 7.82667 -9.70539 13.0482 9.88681 -9.42831 8.97363 13.9922 -8.01533 5.78902 18.6176 -5.2736 3.14185 22.9773 -0.893451 0.778427 25.9369 4.03549 -0.976485 26.6105 8.99558 -2.51078 25.6764 13.6099 -4.6904 24.34 17.4388 -8.28701 23.8581 19.771 -13.429 24.9078 19.9015 -18.8153 26.8961 18.339 -24.0957 28.5268 15.5949 -29.1358 28.7542 12.0176 -33.5025 27.2078 7.96542 -36.6117 24.3495 3.49893 -38.2671 20.9485 -1.3218 -38.2991 17.6294 -4.91631 -37.2405 15.4389 -8.33615 -35.4263 13.476 -11.5078 -33.1556 11.5724 -14.4639 -30.7263 9.52321 -17.6647 -27.9307 6.87649 -20.6589 -25.0309 4.10315 -23.3657 -21.6159 1.63824 -25.5457 -17.4023 0.0388199 -26.9507 -12.4158 -0.288902 -27.4344 -7.34478 0.710277 -27.2405 -2.55421 2.70056 -0.0902882 -0.0901627 -0.030623 0.0562935 -0.600199 -0.571983 -0.610895 -0.574919 0.278649 0.0729952 -0.204032 -0.395545 -0.113336 -0.136269 -0.143576 -0.266581 0.175007 0.0433537 -0.117786 -0.268981 0.432175 0.244128 0.0978724 0.0108075 0.411088 0.360218 0.328683 0.29563 0.40102 0.322157 0.259888 0.212106 0.216347 0.179405 0.155826 0.151655 0.183217 0.22367 0.279022 0.344006 0.0829474 0.11538 0.204128 0.268901 0.14302 0.21867 0.236031 0.255134 -0.194391 -0.205033 -0.203268 -0.236793 -0.22317 -0.226188 -0.208216 -0.172676 -0.164915 -0.0978152 -0.0122414 0.0725726 0.0378983 0.062441 0.0930151 0.151269 -0.0697105 -0.113798 -0.245694 -0.367627 -0.22643 -0.185261 -0.142951 -0.0555786 -0.155108 -0.0598118 -0.0142706 0.119945 0.167354 0.271081 0.14363 -0.215498 -0.601492 -0.820989 -0.804465 -0.668985 -0.025915 0.0234078 0.13734 0.362754 0.120719 0.363385 0.664847 0.95566 0.281148 0.320927 0.341335 0.382722 -0.479867 -0.350278 -0.281206 -0.288066 0.305762
-24.7301 0.671706 6.96457 -23.7965 4.78712 9.46537 -22.3581 8.70527 12.0424 -20.0439 12.3111 14.4308 -16.6537 15.317 16.3101 -11.5529 17.7352 17.5209 -5.93224 19.0495 17.4068 -0.489682 19.817 15.6401 3.87416 20.5222 11.9266 5.85964 21.1363 8.04871 6.59969 21.851 3.77095 6.44981 22.7814 -0.526732 5.88369 24.0945 -4.68767 5.05821 26.6056 -9.9572 4.77801 29.84 -14.878 5.72873 33.3176 -19.5425 8.66006 36.2647 -23.7228 11.8217 37.3965 -25.8291 15.5795 37.5906 -27.0758 19.4534 36.8264 -27.4255 23.068 35.2452 -27.0398 27.1864 32.1773 -25.721 30.4089 28.4192 -23.8222 32.7253 24.3148 -21.3932 34.0903 20.1937 -18.3492 34.4761 15.9608 -14.3311 33.8817 12.0886 -9.98777 32.6714 8.11313 -5.87165 31.1658 3.51778 -2.58126 29.7338 -0.900309 -0.715646 28.0586 -5.4793 0.414454 25.8928 -9.90883 1.27433 23.0494 -13.887 2.34198 19.3408 -17.302 3.9527 15.1229 -19.7573 6.00021 10.5718 -21.2875 8.22676 5.75276 -21.9827 10.3016 2.46553 -22.0487 11.3917 -0.901756 -21.8637 12.1827 -4.3206 -21.5088 12.6119 -7.75699 -21.074 12.641 -12.9409 -20.3994 11.8721 -17.8667 -19.8319 10.046 -22.2002 -19.3268 7.0653 -25.4837 -18.7724 2.96279 -27.4553 -18.0483 -2.39784 -27.7713 -17.2246 -8.08734 -26.7854 -16.3454 -13.6913 -24.7915 -15.3901 -19.0074 -22.5585 -14.4747 -22.9325 -19.8296 -13.2982 -26.4539 -16.7335 -11.7063 -29.4723 -13.4562 -9.58283 -31.9179 -9.78417 -6.53743 -33.9495 -6.31933 -2.90382 -35.2447 -3.14922 1.153 -35.8599 -0.30061 5.48555 -35.8397 2.18362 9.90791 -35.2079 4.35179 14.3643 -33.9557 6.22858 18.7263 -32.0641 7.82272 22.8526 -29.5028 8.9862 26.3377 -26.4521 9.65834 29.2519 -22.7288 9.59149 31.2999 -18.4152 8.60721 32.1976 -13.8293 6.2526 31.6345 -8.57612 3.03439 29.5812 -4.23045 -0.556381 26.465 -0.935924 -4.05497 22.5277 1.45469 -5.91889 19.7688 2.65095 -7.47577 16.7983 3.7773 -8.66532 13.6975 4.99667 -9.46929 10.5754 6.45351 -9.96943 5.68043 9.50691 -9.45464 1.38621 13.3577 -7.43371 -2.00821 17.5915 -3.34299 -3.85869 21.2482 1.61626 -3.78917 23.0449 6.77698 -2.78233 23.4719 12.028 -2.48149 23.8777 16.6986 -4.30262 25.5194 19.2242 -8.46573 28.564 18.7046 -13.3152 31.5965 16.3955 -18.1406 33.6868 13.3198 -22.942 34.3735 9.85408 -27.5661 33.4432 6.15537 -31.4678 31.1292 2.12042 -34.2923 27.9669 -2.31157 -35.7595 24.4366 -5.73176 -35.8556 21.7658 -9.09165 -35.1562 19.1083 -12.2479 -33.8351 16.4376 -15.1327 -32.0969 13.6994 -18.1151 -29.7213 10.4547 -20.75 -26.8844 7.28046 -22.9931 -23.3461 4.53921 -24.6771 -18.9991 2.71364 -25.6395 -13.9288 2.1534 -25.8121 -8.796 2.91033 -25.429 -3.91487 4.63563 -0.442124 -0.4644 -0.41467 -0.320753 -0.954456 -0.897241 -0.919757 -0.886562 -0.0253276 -0.211637 -0.46545 -0.637226 -0.351734 -0.400509 -0.416675 -0.479739 0.0550762 0.000818384 -0.0999792 -0.208577 0.535578 0.400827 0.30494 0.251072 0.667576 0.624217 0.599608 0.575055 0.686659 0.609166 0.544132 0.491734 0.491296 0.450686 0.42537 0.42149 0.453476 0.492969 0.545024 0.603969 0.332025 0.347729 0.416347 0.457683 0.306173 0.358901 0.360876 0.370744 -0.0863068 -0.105985 -0.116091 -0.16191 -0.157028 -0.15966 -0.130786 -0.0781879 -0.0540609 0.024203 0.115934 0.204831 0.173438 0.198278 0.222168 0.264141 0.0162047 -0.0597738 -0.219106 -0.364878 -0.241812 -0.212172 -0.179613 -0.104927 -0.231055 -0.168668 -0.130468 0.0277696 0.103343 0.221043 0.101781 -0.232677 -0.619678 -0.865872 -0.845342 -0.666732 0.021347 0.0823635 0.175651 0.36698 0.0826003 0.273269 0.514503 0.758915 0.064215 0.103732 0.120082 0.137955 -0.765013 -0.677954 -0.643397 -0.680001 0.237802
-22.4391 -0.161572 8.773 -21.3744 4.27193 10.5821 -19.7892 8.58928 12.2878 -17.2843 12.5736 13.6706 -13.6579 15.7611 14.5363 -8.32234 17.9562 14.7465 -2.65106 18.6286 13.9003 2.55402 18.5995 11.403 6.03566 18.6058 6.79797 6.73316 18.8456 2.46074 5.91332 19.3287 -1.83475 4.38635 20.1699 -5.87433 2.97058 21.5572 -9.80223 2.09139 24.3835 -14.9005 2.7653 27.9568 -19.5406 4.97094 31.63 -23.59 8.80993 34.6851 -26.8585 12.2726 35.9515 -28.3143 16.1587 36.3751 -28.9718 20.0926 35.9185 -28.7982 23.7576 34.6911 -27.9181 27.9587 32.1325 -25.9388 31.2814 28.8953 -23.3711 33.6754 25.2828 -20.3164 35.0307 21.5829 -16.7688 35.2592 17.7 -12.4004 34.3815 14.0612 -7.90589 32.8492 10.2353 -3.75554 31.0781 5.72927 -0.473792 29.5069 1.35032 1.37188 27.764 -3.21005 2.47446 25.5582 -7.62434 3.31061 22.6621 -11.5649 4.37594 18.8766 -14.8814 6.01326 14.5801 -17.1647 8.09595 9.96462 -18.4758 10.3297 5.099 -18.962 12.3548 1.78989 -18.9398 13.3783 -1.59519 -18.7297 14.0823 -5.03059 -18.4353 14.4138 -8.4829 -18.1607 14.3448 -13.6835 -17.925 13.4404 -18.6021 -17.9825 11.5108 -22.9107 -18.1872 8.45918 -26.1778 -18.3012 4.30801 -28.1643 -18.1448 -1.09358 -28.5284 -17.7054 -6.82271 -27.6028 -17.108 -12.4739 -25.6616 -16.4213 -17.8506 -23.4647 -15.7318 -21.8417 -20.777 -14.7721 -25.4592 -17.7426 -13.3519 -28.6225 -14.5634 -11.3265 -31.2722 -11.0532 -8.30182 -33.5992 -7.78124 -4.63267 -35.2477 -4.77554 -0.533751 -36.2727 -1.99412 3.81926 -36.721 0.55921 8.24553 -36.5921 2.92295 12.7135 -35.8318 5.06942 17.107 -34.3426 6.93762 21.2633 -32.0268 8.31657 24.7341 -29.0505 9.16126 27.5626 -25.2964 9.25765 29.4661 -20.9177 8.46732 30.2187 -16.2685 6.39094 29.5495 -10.9114 3.43945 27.4537 -6.3998 0.0551886 24.2851 -2.94077 -3.29261 20.2439 -0.507877 -5.07689 17.3965 0.599287 -6.5571 14.3201 1.52755 -7.67412 11.0854 2.42518 -8.41807 7.77747 3.43543 -8.87548 2.40742 5.554 -8.4323 -2.54715 8.51885 -6.65391 -6.42265 12.4367 -3.08621 -7.90921 16.7484 1.01548 -6.51549 19.7584 4.95472 -3.54201 21.6211 8.87347 -0.794558 23.8399 12.5219 -0.109997 27.5878 14.6721 -2.54193 32.3251 14.4726 -6.96737 35.9802 12.8123 -12.0095 38.1726 10.4182 -17.1561 39.0491 7.50317 -22.2114 38.5947 4.20236 -26.7264 36.8686 0.548247 -30.4047 34.1524 -3.43344 -33.0019 30.7377 -6.51583 -34.0761 27.8766 -9.58017 -34.37 24.8165 -12.4886 -33.9221 21.6258 -15.1421 -32.8307 18.3687 -17.8349 -30.8741 14.6287 -20.1281 -28.165 11.0975 -21.9796 -24.6052 8.1031 -23.2694 -20.2198 6.06105 -23.8938 -15.131 5.24702 -23.8296 -9.9586 5.68351 -23.2792 -4.96611 6.99539 -0.45791 -0.513457 -0.502257 -0.446942 -1.11497 -1.08051 -1.11451 -1.0911 -0.226394 -0.399835 -0.639136 -0.804121 -0.534443 -0.627731 -0.679579 -0.736228 -0.160391 -0.167443 -0.218972 -0.282106 0.510439 0.423941 0.365671 0.334122 0.760863 0.722685 0.704672 0.68983 0.810181 0.737174 0.672638 0.618763 0.616747 0.575628 0.551778 0.550817 0.583553 0.620428 0.665589 0.713372 0.42296 0.412421 0.451401 0.460232 0.275162 0.299224 0.282502 0.281467 -0.18376 -0.212666 -0.234367 -0.291899 -0.295844 -0.300688 -0.267153 -0.206959 -0.177569 -0.0993538 -0.0121267 0.070951 0.0345632 0.054113 0.0696114 0.0986362 -0.166954 -0.260522 -0.431304 -0.583167 -0.461682 -0.42891 -0.386736 -0.296814 -0.402358 -0.320321 -0.269167 -0.111772 -0.0551308 0.0661286 0.0490682 -0.0877539 -0.278934 -0.406916 -0.354364 -0.193398 0.463129 0.500873 0.582909 0.763309 0.455356 0.61056 0.807441 1.01233 0.2914 0.317713 0.321043 0.314485 -0.624927 -0.577459 -0.576838 -0.642033 0.264139
-19.787 -1.03319 10.8294 -18.6742 3.59363 12.0194 -17.0793 8.14308 12.9252 -14.576 12.3457 13.2892 -10.9448 15.6265 12.9568 -5.67021 17.6236 11.7236 -0.293095 17.7568 9.62601 4.25713 16.973 6.1603 6.72904 16.2188 0.998092 6.60832 16.0677 -3.39714 5.11928 16.407 -7.52317 3.15915 17.3336 -11.3516 1.58959 18.9662 -15.1236 0.981068 22.1937 -20.019 2.29253 26.0335 -24.2956 5.17878 29.8199 -27.7724 9.48991 32.9521 -30.2939 13.0995 34.3261 -31.1865 17.0155 34.9352 -31.2719 20.9066 34.7515 -30.5372 24.5004 33.8787 -29.1101 28.6137 31.8955 -26.4156 31.8841 29.2984 -23.1487 34.2411 26.3164 -19.4521 35.5313 23.1594 -15.3924 35.6254 19.712 -10.6682 34.5586 16.3385 -6.01053 32.8244 12.6738 -1.79466 30.8814 8.28306 1.54564 29.2033 3.97615 3.46517 27.3827 -0.531791 4.65448 25.1064 -4.89326 5.57458 22.1278 -8.75077 6.7139 18.2432 -11.9192 8.41135 13.8532 -13.9936 10.5174 9.16134 -15.076 12.7141 4.23613 -15.382 14.6272 0.896113 -15.3128 15.5425 -2.51443 -15.1346 16.1211 -5.96837 -14.969 16.3242 -9.42699 -14.9295 16.1375 -14.5969 -15.2488 15.0939 -19.4222 -16.0334 13.0889 -23.6029 -17.0275 10.0144 -26.7623 -17.867 5.86319 -28.6991 -18.3172 0.46007 -29.0879 -18.2802 -5.28412 -28.2366 -17.965 -10.9696 -26.3942 -17.5295 -16.407 -24.29 -17.0419 -20.477 -21.7117 -16.2738 -24.2178 -18.8117 -15.0119 -27.5687 -15.798 -13.0941 -30.479 -12.5074 -10.1308 -33.1764 -9.45975 -6.48786 -35.2564 -6.62703 -2.41408 -36.7617 -3.91084 1.89446 -37.7337 -1.28608 6.26104 -38.1479 1.27761 10.6772 -37.9185 3.71338 15.051 -36.8867 5.90374 19.2186 -34.8963 7.56954 22.7015 -32.0855 8.66959 25.5174 -28.3886 8.99743 27.3845 -24.0054 8.42956 28.1063 -19.319 6.60788 27.4379 -13.8699 3.86782 25.36 -9.21876 0.63705 22.1679 -5.63679 -2.59464 18.044 -3.1857 -4.30993 15.1331 -2.13606 -5.71472 11.9933 -1.30861 -6.74381 8.69783 -0.535449 -7.38169 5.3319 0.347951 -7.62824 -0.116675 2.29409 -7.00912 -5.08315 5.20705 -5.34881 -8.80058 9.3249 -2.49456 -9.89032 14.2437 0.522022 -7.98127 18.1274 3.17739 -4.36715 20.9052 5.52374 -0.675001 23.8534 7.64617 1.47501 28.1777 9.14751 0.823522 33.6825 9.46167 -2.40274 38.4234 8.74537 -6.97196 41.8286 7.16514 -12.1294 43.8011 4.79796 -17.4683 44.1905 1.88965 -22.4094 43.0129 -1.35234 -26.6554 40.621 -4.82897 -30.0297 37.3368 -7.50016 -31.8144 34.4178 -10.1568 -32.8749 31.1531 -12.6814 -33.1586 27.6336 -14.9729 -32.6852 23.9777 -17.2581 -31.2564 19.7583 -19.138 -28.8897 15.7669 -20.5716 -25.5352 12.3378 -21.4673 -21.2651 9.88234 -21.7524 -16.2283 8.65833 -21.4431 -11.0465 8.69063 -20.7293 -5.98005 9.56854 -0.563164 -0.641309 -0.659203 -0.638809 -1.34486 -1.33787 -1.37262 -1.32432 -0.421209 -0.564179 -0.778223 -0.925885 -0.650859 -0.751382 -0.808419 -0.854379 -0.252427 -0.228166 -0.241688 -0.263425 0.577842 0.540844 0.521532 0.515188 0.954581 0.919845 0.901444 0.886146 1.00607 0.931169 0.862665 0.803624 0.796406 0.751241 0.725405 0.723239 0.752064 0.782022 0.815953 0.848794 0.53631 0.496558 0.503561 0.4776 0.256519 0.249536 0.212092 0.198534 -0.275348 -0.312132 -0.341602 -0.404945 -0.411181 -0.413731 -0.374866 -0.30956 -0.278713 -0.204337 -0.125446 -0.0528595 -0.0996655 -0.0903174 -0.0860404 -0.0694612 -0.348446 -0.452445 -0.627254 -0.778489 -0.65384 -0.614727 -0.56088 -0.454446 -0.535855 -0.432037 -0.385827 -0.266366 -0.260498 -0.161405 -0.109486 -0.102605 -0.133942 -0.130261 -0.0116719 0.157509 0.79904 0.824353 0.901317 1.07351 0.745954 0.873327 1.03562 1.20588 0.453503 0.453097 0.431067 0.395314 -0.577509 -0.562557 -0.588424 -0.674669 0.317223
-16.5678 -1.95765 12.7268 -15.3362 2.75586 13.2996 -13.7353 7.38917 13.4755 -11.3625 11.6426 12.8932 -8.00899 14.8767 11.359 -3.26585 16.6035 8.55712 1.31634 16.2382 5.06419 4.79324 14.8342 0.674425 6.17469 13.5062 -4.77133 5.52961 13.0854 -9.10294 3.85986 13.368 -13.1636 1.98561 14.4459 -16.9953 0.700642 16.3598 -20.7427 0.677038 19.9791 -25.396 2.61417 24.0736 -29.1692 6.02488 27.9966 -31.9499 10.6532 31.2369 -33.6333 14.3177 32.7209 -33.9216 18.1718 33.4982 -33.4164 21.923 33.5564 -32.136 25.3461 33.0019 -30.2153 29.2412 31.5466 -26.9255 32.3344 29.5559 -23.1068 34.5506 27.1953 -18.9081 35.7203 24.6019 -14.4339 35.6937 21.6439 -9.38798 34.514 18.6119 -4.52722 32.6682 15.1943 -0.154029 30.6066 11.0058 3.36985 28.8171 6.83876 5.48723 26.8775 2.4434 6.8906 24.4792 -1.80553 8.00657 21.3804 -5.51825 9.29637 17.3791 -8.48474 11.0851 12.8925 -10.3276 13.2029 8.12505 -11.2012 15.3286 3.13853 -11.3908 17.0921 -0.235 -11.3341 17.8758 -3.67118 -11.2541 18.3054 -7.13459 -11.2816 18.3532 -10.5732 -11.5301 18.0175 -15.6281 -12.4483 16.7832 -20.2297 -13.9501 14.6644 -24.1363 -15.6887 11.5606 -27.0706 -17.2137 7.43951 -28.9027 -18.2691 2.08439 -29.3367 -18.6758 -3.64224 -28.6211 -18.6936 -9.35505 -26.9494 -18.5358 -14.8622 -24.9939 -18.2476 -19.0244 -22.5799 -17.6588 -22.9047 -19.8677 -16.5538 -26.4619 -17.0668 -14.7699 -29.6562 -14.0314 -11.9337 -32.7589 -11.2198 -8.40307 -35.3114 -8.55853 -4.43889 -37.3334 -5.91055 -0.246819 -38.8502 -3.23342 4.00002 -39.8121 -0.502466 8.31027 -40.1145 2.19253 12.618 -39.5593 4.69847 16.7713 -37.9475 6.67658 20.2767 -35.3773 8.08164 23.1286 -31.8138 8.69337 25.0323 -27.477 8.37975 25.7912 -22.7726 6.81421 25.167 -17.2393 4.26534 23.1046 -12.474 1.16712 19.8623 -8.82075 -1.96734 15.6404 -6.41057 -3.63512 12.6809 -5.42225 -5.00329 9.51276 -4.64291 -6.00502 6.21385 -3.84893 -6.61432 2.88136 -2.82922 -6.79032 -2.36564 -0.385333 -6.13485 -6.83965 3.23237 -4.74321 -9.81883 7.99897 -2.70489 -10.2812 13.3992 -0.670586 -8.19316 17.7958 1.12405 -4.62516 21.2423 2.65264 -0.909619 24.6611 3.97445 1.69801 29.0523 5.00383 2.25426 34.6749 5.40613 0.480519 40.1225 5.06322 -2.98569 44.689 3.8807 -7.61879 47.8705 1.87942 -12.946 49.2395 -0.645844 -18.2014 48.7272 -3.44625 -22.957 46.7773 -6.42683 -26.9931 43.763 -8.70779 -29.3422 40.9135 -10.9654 -30.994 37.5945 -13.0902 -31.8517 33.908 -14.986 -31.8993 30.0036 -16.8191 -30.9862 25.4349 -18.2409 -29.0469 21.0436 -19.2008 -26.0393 17.1578 -19.6187 -22.0333 14.184 -19.4436 -17.1709 12.3746 -18.7471 -12.0584 11.8032 -17.73 -6.97519 12.0769 -0.709823 -0.803661 -0.846448 -0.860101 -1.60592 -1.63078 -1.67179 -1.59977 -0.656105 -0.770192 -0.962397 -1.09217 -0.80033 -0.884728 -0.924927 -0.946078 -0.311642 -0.253381 -0.227813 -0.209036 0.677136 0.683749 0.699898 0.720382 1.17799 1.15235 1.13616 1.12023 1.23934 1.16378 1.09406 1.03292 1.02329 0.976422 0.950075 0.946783 0.971094 0.994164 1.01828 1.03929 0.710312 0.648682 0.630199 0.575114 0.323796 0.291928 0.239725 0.219263 -0.257455 -0.294918 -0.322272 -0.379611 -0.375693 -0.365417 -0.314304 -0.239466 -0.203313 -0.128329 -0.0529955 0.0130824 -0.041751 -0.0413384 -0.047187 -0.0416648 -0.332676 -0.447217 -0.6293 -0.787115 -0.668316 -0.631788 -0.579006 -0.474016 -0.559478 -0.46948 -0.460761 -0.403218 -0.461893 -0.406857 -0.350161 -0.293006 -0.257939 -0.188284 -0.0164196 0.18932 0.852279 0.885843 0.960279 1.12068 0.77448 0.880133 1.01708 1.16122 0.382531 0.356498 0.308508 0.243217 -0.763324 -0.781344 -0.832372 -0.934774 0.190715
-13.2645 -2.69176 14.8401 -11.7437 1.95408 14.4341 -10.0048 6.45091 13.5307 -7.77458 10.4451 11.7607 -4.92173 13.3052 8.97854 -1.13214 14.5403 4.80207 2.32014 13.732 0.245914 4.64504 11.9974 -4.74567 5.10519 10.5026 -10.3029 4.1247 10.0833 -14.5713 2.45311 10.4838 -18.6213 0.835201 11.7876 -22.4993 -0.00765856 13.976 -26.2219 0.699471 17.8917 -30.5716 3.30717 22.1146 -33.7529 7.2025 26.0573 -35.7621 12.0464 29.3173 -36.5771 15.6794 30.8755 -36.2812 19.3891 31.8048 -35.2377 22.9345 32.1006 -33.4894 26.1408 31.8598 -31.1708 29.7774 30.9149 -27.4298 32.662 29.5031 -23.2109 34.7146 27.7489 -18.6478 35.7622 25.7392 -13.8544 35.6473 23.344 -8.51947 34.4136 20.7681 -3.41507 32.5148 17.7285 1.20744 30.3649 13.8667 5.0382 28.4579 9.9307 7.47174 26.3742 5.72405 9.20762 23.831 1.65238 10.6232 20.6076 -1.86467 12.1366 16.5023 -4.60446 14.0472 11.9283 -6.23381 16.1529 7.07114 -6.9599 18.1255 1.98992 -7.12767 19.5965 -1.43243 -7.15395 20.1303 -4.8917 -7.24308 20.2841 -8.33648 -7.52772 20.059 -11.7015 -8.11389 19.4838 -16.5275 -9.66742 17.9954 -20.793 -11.8715 15.7896 -24.3507 -14.3085 12.7362 -27.036 -16.4725 8.73311 -28.7902 -18.1079 3.499 -29.3329 -18.9627 -2.16869 -28.8311 -19.3273 -7.89265 -27.4036 -19.4467 -13.4691 -25.6455 -19.3426 -17.7269 -23.4351 -18.9154 -21.7471 -20.9419 -17.9661 -25.5039 -18.375 -16.3477 -28.9712 -15.6012 -13.7138 -32.4718 -13.0161 -10.3928 -35.5005 -10.5159 -6.63279 -38.0494 -7.94375 -2.63311 -40.1165 -5.2488 1.44117 -41.6216 -2.40736 5.60938 -42.4462 0.483021 9.82442 -42.364 3.25239 13.9436 -41.1433 5.51837 17.4614 -38.8417 7.23304 20.3491 -35.4465 8.15871 22.2937 -31.1842 8.14529 23.086 -26.4748 6.90709 22.4813 -20.8571 4.65305 20.4056 -15.9511 1.84215 17.1158 -12.1127 -1.01737 12.8418 -9.46423 -2.55724 9.88242 -8.28643 -3.85358 6.75177 -7.26896 -4.85907 3.54189 -6.17249 -5.55333 0.365324 -4.77827 -6.02546 -4.44851 -1.59421 -5.81998 -8.25098 2.76846 -5.07341 -10.4397 8.07742 -3.89013 -10.2901 13.7439 -2.63236 -7.99552 18.3245 -1.42637 -4.43886 22.0294 -0.340078 -0.72262 25.6128 0.614958 2.14835 29.9343 1.40061 3.48579 35.464 1.77367 2.81894 41.1562 1.57139 0.405057 46.3636 0.646402 -3.50874 50.4639 -1.00908 -8.56745 52.8985 -3.14772 -13.9898 53.4307 -5.55533 -19.2197 52.3764 -8.1401 -23.9018 49.9981 -10.1135 -26.7678 47.4034 -12.0418 -28.915 44.1612 -13.8145 -30.2092 40.4164 -15.342 -30.6211 36.3744 -16.7371 -30.0534 31.5997 -17.7011 -28.4222 26.9654 -18.1733 -25.7272 22.7726 -18.0838 -22.0459 19.3805 -17.3977 -17.4897 16.9891 -16.2367 -12.5985 15.6943 -14.8029 -7.64134 15.1293 -0.731086 -0.838571 -0.907996 -0.962413 -1.75919 -1.8312 -1.89796 -1.82805 -0.869662 -0.973537 -1.15843 -1.28206 -0.983129 -1.05838 -1.08682 -1.08813 -0.425594 -0.336685 -0.27554 -0.220386 0.704974 0.748888 0.796677 0.84439 1.32472 1.3148 1.30693 1.29528 1.41799 1.34671 1.28157 1.2243 1.21783 1.17442 1.1524 1.15216 1.17415 1.19133 1.2063 1.21621 0.872089 0.790894 0.750054 0.670032 0.393734 0.342302 0.279219 0.25427 -0.223082 -0.258118 -0.278793 -0.324931 -0.306252 -0.280693 -0.217354 -0.133977 -0.0924244 -0.0144359 0.0620388 0.127786 0.0714817 0.0695155 0.0604108 0.06211 -0.232843 -0.349931 -0.533103 -0.694144 -0.583606 -0.55705 -0.518928 -0.433436 -0.547557 -0.490826 -0.517149 -0.500621 -0.598346 -0.570098 -0.51856 -0.445787 -0.384939 -0.285576 -0.0828211 0.153048 0.840257 0.885038 0.954712 1.09756 0.728693 0.811805 0.925345 1.04715 0.246751 0.199119 0.12763 0.033721 -1.00695 -1.05943 -1.13706 -1.25518 -0.118848
-9.80312 -4.89423 15.2454 -8.42251 -0.255647 14.4462 -6.96663 4.24113 13.1345 -5.1611 8.21616 10.8986 -2.83691 10.9845 7.58304 0.272985 11.958 2.81762 3.05053 10.8032 -2.10996 4.75672 8.85658 -7.27031 4.72559 7.49554 -12.8806 3.51215 7.44489 -17.1092 1.74162 8.36571 -21.0301 0.129669 10.2105 -24.6846 -0.655828 12.8341 -28.128 0.132147 17.0704 -32.1512 2.78043 21.3942 -35.1587 6.6426 25.4136 -37.0779 11.335 28.9105 -37.7909 14.8094 30.7798 -37.4057 18.3531 32.1388 -36.2614 21.7613 32.9424 -34.4034 24.8744 33.2352 -31.9667 28.4461 32.9839 -28.0562 31.3047 32.2177 -23.6569 33.3547 31.0668 -18.9045 34.4198 29.6193 -13.9163 34.3484 27.7797 -8.36444 33.1974 25.6721 -3.031 31.4657 22.9996 1.87515 29.6244 19.3812 6.08551 28.1026 15.5371 8.90651 26.4734 11.3128 11.0399 24.3842 7.12135 12.8055 21.5407 3.39776 14.566 17.6971 0.371905 16.5861 13.2303 -1.58122 18.6461 8.3706 -2.6461 20.4515 3.24886 -3.16158 21.6813 -0.184724 -3.4282 22.0519 -3.63095 -3.77657 22.0614 -7.03111 -4.35122 21.7349 -10.3148 -5.26701 21.1212 -14.943 -7.39554 19.7187 -18.9648 -10.2142 17.7698 -22.3628 -13.2359 15.079 -25.1245 -15.8906 11.4398 -27.2993 -17.9074 6.50525 -28.5348 -19.0288 0.994978 -28.843 -19.6869 -4.71636 -28.2033 -20.2614 -10.4092 -27.0081 -20.6606 -14.8411 -25.2946 -20.8167 -19.1154 -23.2418 -20.4517 -23.2243 -21.0725 -19.3417 -27.1348 -18.7071 -17.1475 -31.1937 -16.4803 -14.1548 -34.795 -14.2547 -10.6783 -37.9329 -11.8376 -6.97188 -40.6357 -9.15616 -3.21493 -42.8318 -6.17604 0.628045 -44.4059 -2.98107 4.55617 -45.1055 0.26413 8.47935 -44.6533 3.111 11.9419 -43.0063 5.49 14.9405 -40.1507 7.08844 17.1996 -36.2587 7.67226 18.5193 -31.7064 6.96768 18.78 -25.9712 4.99977 17.6804 -20.6442 2.23213 15.3105 -16.1519 -0.794122 11.7664 -12.7258 -2.50042 9.14406 -11.074 -3.97884 6.28341 -9.60853 -5.14398 3.30159 -8.10267 -5.93862 0.335814 -6.34511 -6.40143 -4.12755 -2.6848 -6.03133 -7.52597 1.98932 -5.219 -9.26882 7.4515 -4.35661 -8.7064 13.1499 -3.76196 -6.13964 17.7202 -3.36942 -2.39975 21.4201 -3.00896 1.49358 24.9617 -2.49983 4.64066 29.165 -1.74835 6.46277 34.5593 -0.980704 6.40578 40.2507 -0.506553 4.56944 45.6718 -0.613196 1.05187 50.2106 -1.41357 -3.87328 53.2701 -2.76637 -9.43001 54.5158 -4.48668 -15.0146 54.1804 -6.48464 -20.2396 52.4578 -8.09625 -23.6215 50.2656 -9.73377 -26.365 47.3275 -11.2886 -28.3128 43.7738 -12.6631 -29.41 39.8054 -13.9413 -29.6395 34.9701 -14.8186 -28.7695 30.1183 -15.199 -26.7396 25.5575 -14.9883 -23.5683 21.6891 -14.1493 -19.3581 18.7705 -12.8451 -14.6635 16.9795 -11.3259 -9.80517 15.9611 -0.804135 -0.92207 -1.00808 -1.08639 -1.91312 -2.01242 -2.0921 -2.02403 -1.06147 -1.15708 -1.32562 -1.43289 -1.11951 -1.18404 -1.20331 -1.19032 -0.505964 -0.391576 -0.300347 -0.21521 0.740513 0.811482 0.882146 0.950995 1.45095 1.45635 1.4563 1.44422 1.56079 1.48237 1.41272 1.35555 1.35271 1.31338 1.29225 1.28731 1.30029 1.30807 1.31211 1.31022 0.950729 0.850629 0.791017 0.694347 0.406093 0.350419 0.290966 0.274231 -0.195276 -0.224649 -0.240099 -0.279663 -0.251397 -0.213667 -0.138902 -0.0480316 -0.00448841 0.070283 0.138811 0.192008 0.119649 0.100132 0.0742776 0.0636536 -0.235819 -0.345598 -0.512013 -0.653119 -0.531125 -0.503732 -0.469911 -0.38841 -0.499787 -0.434445 -0.459825 -0.450962 -0.55728 -0.533771 -0.482038 -0.406292 -0.342452 -0.240583 -0.0377075 0.191624 0.863869 0.888522 0.937109 1.05796 0.667611 0.731314 0.825751 0.929815 0.112316 0.0485536 -0.0376809 -0.145531 -1.19941 -1.26336 -1.35 -1.4757 -0.274513
-6.75073 -7.42887 15.5324 -5.51629 -2.84768 14.2875 -4.36743 1.60554 12.5817 -3.02573 5.52456 9.95482 -1.27433 8.1797 6.22103 1.13414 8.89569 1.02354 3.28646 7.4301 -4.12896 4.49434 5.32737 -9.36808 4.14006 4.16191 -15.0111 2.839 4.51446 -19.199 1.12179 5.95942 -22.9832 -0.33409 8.30889 -26.4062 -0.925939 11.3041 -29.574 0.0857598 15.77 -33.2869 2.85742 20.1268 -36.1312 6.71018 24.1934 -37.9682 11.2174 27.9425 -38.5882 14.4727 30.1557 -38.1206 17.7603 31.9936 -36.8848 20.924 33.3681 -34.9313 23.8374 34.2653 -32.3972 27.2269 34.7992 -28.3551 29.9858 34.744 -23.8276 32.0126 34.2188 -18.9564 33.1439 33.2988 -13.8587 33.2586 31.9024 -8.17989 32.3916 30.1015 -2.68285 31.005 27.6775 2.45657 29.5315 24.3311 7.02186 28.3071 20.7255 10.2701 26.9419 16.6876 12.8936 25.0871 12.589 15.0873 22.4473 8.83527 17.085 18.7552 5.61634 19.0892 14.3492 3.31745 20.9091 9.48933 1.80818 22.3633 4.3696 0.796791 23.2441 0.965482 0.185212 23.4332 -2.42207 -0.527365 23.3129 -5.72493 -1.49163 22.9141 -8.86012 -2.82417 22.2876 -13.149 -5.61958 20.9806 -16.7522 -9.07657 19.2534 -19.8307 -12.645 16.8647 -22.5717 -15.7021 13.5393 -25.1503 -17.948 8.90766 -27.1374 -19.1427 3.63793 -28.375 -19.9031 -1.93311 -28.6942 -20.7801 -7.61423 -28.2214 -21.5991 -12.1236 -27.1663 -22.2938 -16.5546 -25.6917 -22.5156 -20.9142 -24.0012 -21.9688 -25.1654 -22.0395 -20.3282 -29.6758 -20.077 -17.8095 -33.761 -17.9993 -14.7757 -37.4167 -15.6395 -11.5265 -40.6967 -12.9363 -8.24811 -43.5378 -9.84328 -4.88937 -45.8355 -6.4134 -1.40432 -47.3246 -2.7839 2.17553 -47.6964 0.560006 5.46633 -46.8048 3.54588 8.49568 -44.6338 5.81588 11.0383 -41.2889 7.07689 12.9095 -37.0801 7.11511 14.1397 -31.4283 5.72061 14.2045 -25.815 3.27646 13.0341 -20.7049 0.264469 10.5698 -16.4256 -1.56697 8.50255 -14.2146 -3.23083 6.11372 -12.2043 -4.58307 3.53126 -10.1997 -5.50551 0.907162 -8.01355 -5.96282 -3.08818 -3.84691 -5.36176 -6.07783 1.07585 -4.38996 -7.4804 6.60944 -3.7858 -6.70916 12.3166 -3.85914 -4.10591 16.9042 -4.33821 -0.424897 20.6527 -4.77089 3.42738 24.2309 -4.74487 6.66761 28.3939 -4.03417 8.82493 33.6687 -2.8795 9.30362 39.2743 -1.7901 8.06136 44.7748 -1.24007 5.04517 49.6312 -1.45508 0.438242 53.2351 -2.34317 -5.01667 55.1623 -3.68576 -10.6998 55.5605 -5.35441 -16.2192 54.5544 -6.74643 -19.9562 52.8406 -8.18911 -23.1713 50.3063 -9.577 -25.6957 47.0595 -10.8104 -27.4541 43.2876 -11.9473 -28.5184 38.5293 -12.684 -28.5147 33.5771 -12.9006 -27.3174 28.7206 -12.4905 -24.8637 24.3759 -11.4242 -21.2106 20.8452 -9.91767 -16.8777 18.4153 -8.27404 -12.2291 16.7916 -0.854736 -0.980119 -1.08071 -1.18277 -2.04091 -2.16918 -2.26115 -2.19361 -1.22906 -1.32047 -1.4787 -1.57677 -1.25653 -1.31663 -1.33049 -1.3042 -0.596649 -0.454628 -0.330616 -0.212442 0.777264 0.878631 0.973703 1.06271 1.57816 1.59194 1.59267 1.57661 1.68922 1.60965 1.54147 1.48681 1.48601 1.44616 1.41874 1.39989 1.39697 1.39179 1.3838 1.37105 0.998568 0.882706 0.807552 0.698963 0.405877 0.353631 0.302266 0.293773 -0.169293 -0.192744 -0.200162 -0.2291 -0.188434 -0.139859 -0.0598849 0.0295699 0.0665068 0.131225 0.186749 0.224086 0.134683 0.0995235 0.0620702 0.0468074 -0.248252 -0.343866 -0.491364 -0.61309 -0.480513 -0.454124 -0.42808 -0.354603 -0.466094 -0.390126 -0.408527 -0.399384 -0.506734 -0.483391 -0.432888 -0.361752 -0.304974 -0.209128 -0.0116577 0.209317 0.871382 0.888275 0.93163 1.04552 0.644829 0.696334 0.77619 0.864123 0.0281921 -0.0562825 -0.164725 -0.296149 -1.37354 -1.45736 -1.55738 -1.69085 -0.4448
-8.36029 -9.65528 15.9671 -7.04295 -5.19654 14.4035 -5.91466 -0.822482 12.4917 -4.579 3.01738 9.74747 -2.70196 5.53441 5.9793 0.0378217 5.95349 0.91526 2.6186 4.11379 -3.91002 4.33564 1.67359 -8.85224 4.56896 0.295836 -14.4535 3.70496 0.605771 -18.7562 2.37902 2.08331 -22.6824 1.26638 4.48382 -26.1975 0.968456 7.51237 -29.3749 2.27578 11.9916 -32.9777 5.20408 16.3716 -35.6224 9.0386 20.5529 -37.225 13.3121 24.595 -37.6174 16.2984 27.1341 -37.0264 19.2714 29.399 -35.7052 22.1348 31.2765 -33.7077 24.8132 32.7141 -31.1634 28.0341 33.9639 -27.1413 30.8076 34.5305 -22.658 33.0614 34.4395 -17.8595 34.6823 33.6677 -12.8705 35.6455 32.0518 -7.33205 35.7716 29.7649 -1.94988 35.1506 26.9558 3.14301 33.8159 23.718 7.82791 32.0661 20.6725 11.3938 29.7036 17.481 14.4408 26.6924 14.3082 16.8734 23.0603 11.3496 18.636 18.6751 8.62938 19.8113 13.9289 6.38582 20.4831 8.99763 4.52047 20.9457 4.00536 2.8206 21.3914 0.756297 1.64516 21.6361 -2.44865 0.33697 21.7575 -5.51968 -1.26474 21.7278 -8.3466 -3.25387 21.5058 -12.0018 -6.9863 20.7153 -14.8992 -11.1469 19.2284 -17.4463 -15.118 16.8495 -20.0497 -18.2254 13.461 -22.981 -20.086 8.86862 -25.6964 -20.5735 3.81549 -27.8744 -20.6144 -1.51367 -29.2266 -21.059 -7.0921 -29.5498 -21.8346 -11.6223 -29.1742 -22.7299 -16.1263 -28.1594 -23.3239 -20.5812 -26.6181 -23.2452 -24.9225 -24.4278 -22.1788 -29.4994 -21.9314 -20.2499 -33.6142 -19.2164 -17.8192 -37.3027 -16.2927 -15.1839 -40.6779 -13.1874 -12.4986 -43.7231 -9.83821 -9.67648 -46.3585 -6.24951 -6.6098 -48.319 -2.50737 -3.26191 -49.2754 0.946943 0.023962 -48.9985 4.11004 3.25525 -47.4625 6.70722 6.16748 -44.7095 8.5176 8.517 -40.9667 9.52093 10.407 -35.5928 9.25005 11.2007 -29.8697 7.7681 10.8658 -24.2886 5.24053 9.35226 -19.3109 3.4202 7.88234 -16.6573 1.59017 6.06272 -14.2373 -0.027134 3.97317 -11.8849 -1.22189 1.72077 -9.43234 -1.97128 -1.97667 -5.03925 -1.34309 -4.99548 -0.137815 -0.115251 -6.61116 5.28559 0.809591 -6.06754 10.9759 0.960631 -3.5885 15.6299 0.620001 0.0061356 19.4759 0.331415 3.67679 23.2539 0.564648 6.60341 27.6368 1.51736 8.41753 33.0019 2.77718 8.69929 38.5982 3.55688 7.51826 44.1643 3.11369 4.90855 49.2611 1.20194 1.07674 53.251 -1.7315 -3.3875 55.6435 -5.09612 -8.08943 56.5547 -8.50384 -12.8241 56.0753 -10.8858 -16.1955 54.7336 -13.0124 -19.2759 52.5361 -14.7735 -21.9165 49.5753 -16.1051 -24.0315 46.0265 -17.0815 -25.7625 41.4312 -17.4376 -26.6275 36.5127 -17.1112 -26.4103 31.5215 -16.0616 -24.9291 26.8557 -14.324 -22.1429 22.8351 -12.2307 -18.4513 19.8455 -10.1458 -14.218 17.6821 -0.902346 -1.03042 -1.13096 -1.23154 -2.08598 -2.20532 -2.284 -2.20969 -1.25606 -1.36393 -1.53773 -1.64691 -1.33349 -1.39541 -1.40579 -1.36646 -0.636182 -0.468366 -0.314852 -0.167617 0.851416 0.977153 1.08623 1.17647 1.67766 1.66559 1.64441 1.62699 1.76375 1.72282 1.69522 1.67121 1.68684 1.64613 1.59687 1.53702 1.49671 1.46786 1.4378 1.40504 1.00902 0.867749 0.773255 0.6547 0.36275 0.323446 0.291304 0.300467 -0.149365 -0.162681 -0.162595 -0.190092 -0.157064 -0.126268 -0.0705574 -0.00716165 0.00557561 0.0492056 0.0873705 0.112778 0.0183439 -0.0160719 -0.0496695 -0.0614137 -0.356988 -0.460538 -0.622573 -0.759081 -0.635514 -0.618564 -0.605863 -0.546112 -0.665429 -0.581582 -0.586876 -0.566333 -0.66395 -0.633623 -0.581483 -0.515918 -0.467481 -0.376252 -0.170494 0.0852009 0.819621 0.938553 1.08947 1.29969 0.96614 1.05405 1.14706 1.22637 0.36275 0.234711 0.0728495 -0.117719 -1.25406 -1.38734 -1.52069 -1.67257 -0.386605
-12.9407 -14.7724 18.75 -10.7607 -12.0702 15.2846 -8.55305 -9.32237 11.8729 -6.36918 -6.59304 8.43127 -4.24952 -3.9611 4.8755 -1.89677 -1.09934 0.447203 0.209682 1.34503 -4.34057 1.9522 3.18068 -9.52986 3.11666 4.33074 -15.0667 3.62664 5.32556 -19.3222 4.19589 6.71715 -23.4573 5.21501 8.52776 -27.3358 6.68596 10.7317 -30.8484 9.32319 14.226 -34.7971 12.6235 18.1965 -37.643 16.4209 22.4366 -39.1786 20.4945 26.6972 -39.2734 23.2568 29.4344 -38.5036 25.9451 31.9772 -37.0817 28.4792 34.2516 -35.0517 30.7855 36.1941 -32.4784 33.4098 38.1921 -28.3269 35.4058 39.4387 -23.5755 36.7061 39.908 -18.4567 37.2868 39.6172 -13.1943 37.1092 38.4764 -7.4601 36.132 36.5769 -2.01478 34.4392 34.0375 2.97525 32.1277 30.9816 7.3949 29.7354 28.0479 10.6696 27.0225 24.8905 13.4489 24.0449 21.5713 15.7227 20.8533 18.1449 17.4911 17.2954 14.4581 18.8188 13.596 10.755 19.6028 9.79645 7.07916 19.8592 5.93355 3.46989 19.6045 3.38745 1.16175 19.1695 0.840057 -1.09577 18.5264 -1.69286 -3.3015 17.6788 -4.19577 -5.45445 16.6302 -7.92393 -8.63315 14.6509 -11.4909 -11.6828 12.2225 -14.8523 -14.5838 9.35792 -17.9757 -17.2998 6.07332 -21.0669 -20.004 2.03824 -23.7831 -22.3882 -2.4437 -26.0683 -24.3935 -7.33312 -27.8619 -25.9567 -12.5762 -28.8976 -26.8422 -16.9778 -29.5434 -27.3676 -21.5097 -29.7682 -27.5007 -26.1101 -29.5442 -27.2131 -30.7034 -28.732 -26.3615 -35.7533 -27.3133 -24.9356 -40.5324 -25.298 -22.9425 -44.8743 -22.7257 -20.418 -48.6021 -19.7172 -17.4769 -51.5049 -16.3458 -14.187 -53.4893 -12.75 -10.68 -54.4377 -9.09338 -7.11176 -54.281 -5.7792 -3.87277 -53.1268 -2.70984 -0.865262 -51.0433 -0.0164288 1.78509 -48.123 2.19203 3.97372 -44.4981 4.10758 5.90063 -39.3916 5.12125 6.96758 -33.7975 5.21971 7.16222 -28.0172 4.44409 6.52486 -22.3206 3.63534 5.74634 -18.9654 2.8068 4.71328 -15.6846 2.16558 3.56692 -12.3994 1.80599 2.55332 -9.02884 1.66138 1.52399 -3.33178 1.92779 1.16876 2.44228 2.49539 1.30905 8.20381 3.25813 1.7637 13.9265 4.03565 2.29739 19.1173 4.81887 2.81339 24.3091 5.50956 3.20729 29.5246 6.00563 3.37354 34.7744 6.20367 3.17255 40.5109 5.90533 2.4341 46.1989 4.97733 1.03162 51.6907 3.31437 -1.12472 56.7476 0.818602 -4.11565 61.1162 -2.42701 -7.80987 64.2908 -6.22623 -11.9654 65.8898 -10.25 -16.21 65.6615 -13.131 -19.1477 64.2794 -15.7383 -21.7147 61.9442 -17.9278 -23.7701 58.8102 -19.5991 -25.2232 55.0771 -20.8202 -26.1061 50.3025 -21.2898 -26.1683 45.3182 -21.0696 -25.4944 40.362 -20.258 -24.2009 35.5938 -18.9106 -22.3376 30.9394 -17.1705 -20.0729 26.6043 -15.1484 -17.5197 22.5617 -1.62272 -1.72558 -1.79491 -1.86086 -2.6842 -2.80543 -2.94982 -2.96571 -2.0706 -2.22465 -2.45812 -2.62899 -2.36272 -2.43046 -2.40816 -2.31784 -1.53693 -1.32369 -1.12044 -0.920117 0.163584 0.36424 0.54937 0.716255 1.29553 1.35834 1.40377 1.44604 1.63184 1.62856 1.62865 1.62068 1.64128 1.59805 1.54513 1.48295 1.43911 1.40562 1.37871 1.35817 0.988902 0.888147 0.831423 0.738485 0.452435 0.391256 0.313775 0.272434 -0.209292 -0.230836 -0.219639 -0.225401 -0.172895 -0.138119 -0.0964982 -0.0559995 -0.0652202 -0.0392094 -0.0163784 -0.00790379 -0.123367 -0.184036 -0.250052 -0.299382 -0.640262 -0.794904 -1.00883 -1.19728 -1.11657 -1.13966 -1.17455 -1.16518 -1.35638 -1.36654 -1.43446 -1.44379 -1.55753 -1.54095 -1.50303 -1.44222 -1.38293 -1.26763 -1.02583 -0.719932 0.070312 0.236738 0.424551 0.671553 0.377557 0.50439 0.637861 0.755807 -0.0703166 -0.164385 -0.300567 -0.476565 -1.61035 -1.74934 -1.88691 -2.03261 -0.0098468
