Optimization finished after 182400 iterations.
NEB Energy: 0.814752
Max NEB Force: 0.00999947
Optimization took: 5648032 ms
Energies: 
0.662477, 0.816566, 0.829341, 0.902321, 0.989769, 1.10145, 1.23156, 1.33095, 1.34929, 1.30664, 1.21819, 1.1545, 1.06288, 1.01081, 0.666515, 
NEB Forces: 
0, 0.00665164, 0.00640434, 0.00763544, 0.00809355, 0.00865505, 0.00979325, 0.00999947, 0.00950675, 0.00916442, 0.00856695, 0.00871051, 0.00879834, 0.00758456, 0, 
Gradients: 
3.25897e-05, 0.00560065, 0.00659813, 0.00786099, 0.00840308, 0.00903198, 0.0101823, 0.0100855, 0.00951468, 0.00928525, 0.00877138, 0.00889752, 0.00908384, 0.00911127, 2.73051e-05, 
Spring Forces: 
0, 0.0036281, 6.03215e-06, 2.97635e-06, 4.6015e-06, 1.10677e-06, 5.32702e-06, 5.06581e-06, 3.72173e-06, 1.7517e-05, 6.54519e-07, 1.26084e-05, 4.43565e-05, 0.000376793, 0, 
Bend Energies: 
0.662472, 0.816503, 0.829077, 0.902188, 0.989745, 1.10129, 1.23067, 1.32929, 1.34752, 1.3054, 1.21771, 1.15432, 1.06267, 1.01064, 0.666508, 
Twist Energies: 
7.11359e-07, 6.02592e-05, 0.000258795, 0.000125259, 1.26579e-05, 0.000145741, 0.000861766, 0.00163025, 0.00174064, 0.00120459, 0.000451677, 0.000145622, 0.000174504, 0.000139213, 1.20808e-22, 
Stretch Energies: 
3.71749e-07, 3.0661e-06, 4.0022e-06, 6.87539e-06, 9.85089e-06, 1.469e-05, 2.48186e-05, 2.81706e-05, 2.731e-05, 2.80897e-05, 2.81597e-05, 2.93075e-05, 3.03606e-05, 3.02058e-05, 1.04689e-06, 
