# num_vectors 15
# vector_size 401
# Iterations: 233700, stepsize: 0.024993, max step size: 1.000000, spring constant: 0.001000, global NEB Hessian: false, global NEB Linesearch: true, climbing image: false
-34.1189 -1.44148 6.79409 -33.4038 2.48836 9.64162 -32.1561 6.34795 12.4003 -30.3971 10.1274 14.9859 -28.1518 13.8155 17.3139 -24.9279 18.0173 19.613 -21.1394 22.036 21.2961 -16.8773 25.819 22.2222 -12.2669 29.2943 22.2588 -8.62604 31.6788 21.6123 -4.97495 33.7832 20.3472 -1.42414 35.5578 18.4493 1.90247 36.9536 15.9304 5.79044 38.1602 11.6661 8.74701 38.5742 6.58237 11.1497 38.3717 1.20247 13.7046 37.3718 -4.01569 15.6488 36.0049 -7.18847 17.6971 34.1159 -10.0082 19.7799 31.7667 -12.4286 21.8335 29.0242 -14.4226 24.4418 24.8557 -16.4061 26.7867 20.2607 -17.6317 28.7809 15.3752 -18.1494 30.3579 10.3142 -18.0309 31.5539 4.6405 -17.2606 32.128 -1.02898 -15.9407 32.0378 -6.61128 -14.1958 31.2478 -12.0347 -12.1519 29.9914 -16.4975 -10.2657 28.1855 -20.7484 -8.33629 25.8224 -24.7369 -6.44937 22.9043 -28.4055 -4.69453 19.2355 -31.8642 -3.08487 15.0139 -34.8046 -1.84148 10.3224 -37.1328 -1.07786 5.28771 -38.7555 -0.899799 1.89179 -39.3915 -1.14961 -1.51556 -39.6692 -1.70813 -4.86524 -39.5773 -2.5858 -8.08205 -39.1127 -3.78391 -12.5657 -37.7026 -6.19813 -16.3115 -35.485 -9.19342 -19.1581 -32.5744 -12.5618 -21.0239 -29.1153 -16.0936 -21.9295 -24.8963 -19.9055 -21.7265 -20.3832 -23.4747 -20.5335 -15.7241 -26.6401 -18.4991 -11.0318 -29.2847 -16.3774 -7.30469 -30.9693 -13.9009 -3.63233 -32.239 -11.1505 -0.0308632 -33.0734 -8.20436 3.49113 -33.4574 -4.74722 7.35379 -33.338 -1.24514 11.1102 -32.6229 2.19461 14.7593 -31.3045 5.46136 18.2967 -29.3806 8.39879 21.6638 -26.8982 10.9377 24.8915 -23.8546 12.9558 27.9486 -20.2895 14.3299 30.7914 -16.2698 14.9265 33.2044 -12.1919 14.7765 35.328 -7.91704 13.8217 37.1053 -3.58845 12.0381 38.4514 0.632192 9.08341 39.0762 5.56562 6.02621 38.3019 10.4147 3.62935 36.3381 15.2991 1.98066 33.3994 20.0008 1.3288 31.1929 22.6885 0.936668 28.719 25.1871 0.785434 26.0166 27.4656 0.852713 23.1226 29.4998 1.37892 18.0583 32.2589 2.3045 12.7079 34.2721 3.50907 7.18201 35.5174 4.87198 1.57346 35.9903 6.14793 -3.54027 35.7542 7.36664 -8.60051 34.8925 8.43898 -13.5519 33.4202 9.27604 -18.3355 31.3584 9.81933 -23.2752 28.4789 9.86868 -27.8393 24.9927 9.321 -31.9136 20.9817 8.08904 -35.3691 16.5625 6.06836 -38.1131 11.8036 3.25614 -39.932 7.00331 -0.306196 -40.709 2.42447 -4.50478 -40.3747 -1.63998 -7.91977 -39.4042 -4.13733 -11.481 -37.8532 -6.07462 -15.0719 -35.7978 -7.38679 -18.5673 -33.3166 -8.07016 -22.3404 -30.0258 -8.10754 -25.7101 -26.3885 -7.41259 -28.5821 -22.5102 -6.07967 -30.8963 -18.4804 -4.21594 -32.6712 -14.219 -1.84108 -33.797 -9.93245 0.862359 -34.2755 -5.66362 3.77758 85.8173 85.8029 85.805 85.8039 85.0457 85.004 84.9504 85.0223 85.9304 85.7794 85.5627 85.4015 85.6719 85.6039 85.5807 85.4996 85.9755 85.8621 85.6711 85.4338 86.0057 85.7082 85.5098 85.3943 85.7578 85.6564 85.5817 85.5359 85.6624 85.6201 85.5948 85.5745 85.5972 85.5689 85.5458 85.5296 85.5371 85.5528 85.5824 85.6269 85.3501 85.3817 85.4712 85.5342 85.4185 85.5307 85.618 85.7257 85.3571 85.4228 85.5053 85.555 85.6518 85.7158 85.7729 85.8188 85.8079 85.831 85.8533 85.868 85.7657 85.7326 85.7089 85.7208 85.4928 85.4856 85.3756 85.2328 85.3201 85.3057 85.2938 85.3441 85.2171 85.2911 85.3093 85.3756 85.3079 85.3353 85.3349 85.2899 85.1705 84.9856 84.8492 84.7648 85.2402 85.1693 85.2164 85.4068 85.126 85.3078 85.5407 85.8097 85.2117 85.4247 85.6458 85.8387 85.0446 85.1941 85.2798 85.301 0.00429956
-34.2263 -2.43662 8.4334 -33.4053 1.07823 11.7553 -31.9657 4.50325 14.9585 -29.9496 7.85191 17.9225 -27.4102 11.1393 20.5318 -23.8372 14.9408 23.005 -19.7569 18.6727 24.666 -15.3236 22.3045 25.3664 -10.7197 25.7686 24.993 -7.22753 28.229 23.9391 -3.8549 30.4646 22.2109 -0.706088 32.3953 19.8197 2.10622 33.9233 16.8005 5.3346 35.2984 12.063 8.10244 35.9139 6.89409 10.6071 35.7587 1.55928 13.0443 34.7835 -3.71958 14.7366 33.6168 -7.10928 16.4977 32.0097 -10.2764 18.3311 29.9363 -13.1145 20.2087 27.4167 -15.5313 22.709 23.4665 -18.0331 25.0717 19.0043 -19.6517 27.1606 14.1857 -20.3809 28.8486 9.1607 -20.2626 30.1243 3.54291 -19.2489 30.69 -2.00022 -17.4689 30.4925 -7.34931 -15.1103 29.5135 -12.4241 -12.3713 28.0557 -16.513 -9.87932 26.0344 -20.3445 -7.37185 23.4617 -23.9001 -4.96516 20.3552 -27.1558 -2.77353 16.5221 -30.2344 -0.812938 12.1806 -32.8834 0.652411 7.41882 -35.0317 1.50308 2.36494 -36.598 1.63907 -1.01758 -37.2643 1.30188 -4.39438 -37.6225 0.617747 -7.70169 -37.6544 -0.41171 -10.8719 -37.3469 -1.77339 -15.297 -36.2182 -4.43132 -19.0192 -34.311 -7.66059 -21.8457 -31.6935 -11.2772 -23.6424 -28.4806 -15.068 -24.3595 -24.4768 -19.1428 -23.8101 -20.155 -22.9071 -22.1105 -15.7152 -26.1549 -19.4413 -11.3205 -28.7457 -16.756 -7.91078 -30.2929 -13.6985 -4.63158 -31.356 -10.3782 -1.4904 -31.939 -6.89603 1.52482 -32.057 -2.89481 4.79852 -31.658 1.07597 7.99967 -30.7245 4.90257 11.186 -29.2786 8.46823 14.4095 -27.3342 11.6031 17.6581 -24.9368 14.2239 20.9832 -22.0728 16.1846 24.3551 -18.7693 17.3446 27.7047 -15.0865 17.605 30.7229 -11.3947 17.0268 33.5263 -7.57201 15.6464 35.8791 -3.65213 13.5706 37.5707 0.302033 10.3654 38.5209 5.02247 6.79392 38.1322 9.5559 3.28832 36.4252 13.8285 0.261873 33.5663 17.8443 -1.17679 31.3784 20.2234 -2.25578 28.9171 22.5244 -2.97549 26.2216 24.7001 -3.34574 23.3355 26.7127 -3.24038 18.3074 29.5839 -2.38272 13.0494 31.8542 -0.93932 7.6791 33.4706 0.900822 2.26748 34.4005 2.75211 -2.66747 34.6303 4.62195 -7.58662 34.2571 6.36698 -12.4666 33.2697 7.84964 -17.268 31.6631 9.01738 -22.3318 29.2174 9.56823 -27.1084 26.076 9.37393 -31.4388 22.3081 8.34493 -35.1345 18.0338 6.4027 -38.0464 13.3425 3.59431 -39.9175 8.56007 0.0306154 -40.6334 3.97234 -4.11605 -40.1693 -0.132474 -7.44372 -39.102 -2.70703 -10.8875 -37.475 -4.78893 -14.3572 -35.3614 -6.31681 -17.7665 -32.843 -7.25244 -21.5179 -29.5432 -7.57716 -24.9625 -25.9403 -7.10714 -27.9929 -22.1456 -5.8888 -30.5151 -18.2548 -3.99996 -32.5113 -14.201 -1.44423 -33.8151 -10.1893 1.58175 -34.3901 -6.26081 4.92642 51.172 51.1813 51.1998 51.2086 50.4546 50.4082 50.3387 50.3832 51.2684 51.104 50.8793 50.7155 50.9788 50.883 50.8328 50.7741 51.3272 51.2645 51.0837 50.8133 51.3303 50.9779 50.7473 50.6172 50.9772 50.88 50.8148 50.7815 50.9211 50.8912 50.878 50.869 50.9022 50.8831 50.8672 50.8552 50.8634 50.8773 50.9028 50.9406 50.6513 50.6649 50.7392 50.791 50.6692 50.7816 50.8739 50.9876 50.6208 50.6825 50.7538 50.7843 50.8525 50.8786 50.8934 50.896 50.845 50.8346 50.8328 50.8356 50.7356 50.7186 50.7369 50.8042 50.6075 50.6107 50.5242 50.4198 50.5418 50.5527 50.5602 50.6234 50.5122 50.6117 50.6575 50.7477 50.6957 50.7307 50.7323 50.6847 50.5573 50.3546 50.1856 50.057 50.49 50.3896 50.4227 50.6115 50.3357 50.5222 50.7556 51.0143 50.392 50.5682 50.7562 50.939 50.1665 50.3608 50.4971 50.5629 -0.0547314
-32.5094 -1.57306 8.07978 -31.8088 1.65327 11.7079 -30.4917 4.82156 15.2137 -28.5964 7.94558 18.4866 -26.1726 11.0414 21.4198 -22.7208 14.6647 24.2994 -18.732 18.2785 26.3885 -14.3462 21.8608 27.5133 -9.74124 25.3435 27.5197 -6.22255 27.8556 26.7026 -2.80893 30.1675 25.1659 0.39931 32.2002 22.9445 3.3218 33.8783 20.1156 6.70692 35.471 15.5592 9.48745 36.2253 10.4157 11.7544 36.0957 4.975 13.6686 35.0637 -0.504764 14.8678 33.8512 -4.08341 16.0532 32.2159 -7.49448 17.2772 30.1511 -10.6494 18.5717 27.6666 -13.4541 20.3839 23.7891 -16.5837 22.2298 19.4051 -18.9262 24.0224 14.6456 -20.4253 25.6542 9.641 -21.0617 27.13 3.98736 -20.7922 28.1127 -1.65446 -19.6011 28.4686 -7.15442 -17.6419 28.0958 -12.4134 -15.1085 27.1425 -16.6696 -12.6529 25.5801 -20.6636 -10.0723 23.4003 -24.3655 -7.50364 20.6104 -27.7418 -5.08066 17.0247 -30.9099 -2.81811 12.8412 -33.6001 -1.00868 8.15273 -35.7314 0.211759 3.09797 -37.2142 0.72571 -0.316963 -37.7872 0.630751 -3.74331 -38.0218 0.178857 -7.1087 -37.9026 -0.632958 -10.3363 -37.4219 -1.79517 -14.8288 -36.0033 -4.18798 -18.574 -33.8095 -7.20143 -21.3705 -30.9459 -10.651 -23.0905 -27.5571 -14.3223 -23.6891 -23.4578 -18.3206 -23.0062 -19.1363 -22.0633 -21.1695 -14.7705 -25.3369 -18.3597 -10.4967 -27.9807 -15.5556 -7.20241 -29.5668 -12.3737 -4.04929 -30.646 -8.92783 -1.04176 -31.2045 -5.32845 1.83474 -31.2449 -1.2219 4.95138 -30.6891 2.8047 8.00586 -29.5303 6.61563 11.0714 -27.8082 10.0744 14.2168 -25.5655 12.9997 17.4431 -22.8896 15.301 20.8061 -19.8037 16.8361 24.2717 -16.3743 17.479 27.7552 -12.6892 17.1934 30.91 -9.11537 16.0418 33.8153 -5.50437 14.1298 36.2403 -1.86146 11.6119 37.9792 1.805 8.02699 38.9456 6.24045 4.26979 38.4929 10.6151 0.789071 36.6013 14.8299 -2.00902 33.4206 18.7686 -3.24437 30.9666 20.9977 -4.07557 28.2136 23.0585 -4.49589 25.2423 24.9325 -4.52343 22.1248 26.6051 -3.80447 16.8475 28.8789 -2.35665 11.4987 30.5613 -0.413778 6.15131 31.6417 1.80384 0.821953 32.1075 3.89262 -4.02099 31.9781 5.91403 -8.84644 31.2978 7.74855 -13.6309 30.0418 9.28518 -18.3255 28.1888 10.499 -23.2441 25.4831 11.1059 -27.8267 22.0744 10.9881 -31.8983 18.0253 10.0531 -35.2603 13.4635 8.21105 -37.7534 8.49856 5.48987 -39.1377 3.50472 1.98846 -39.3267 -1.18185 -2.12228 -38.3401 -5.23005 -5.43613 -36.9219 -7.64831 -8.87091 -34.9994 -9.47784 -12.3316 -32.6658 -10.6692 -15.7287 -30.0173 -11.2036 -19.4625 -26.687 -11.0154 -22.8912 -23.1782 -10.0156 -25.9169 -19.5857 -8.28175 -28.4552 -15.9784 -5.91283 -30.4971 -12.2714 -2.90635 -31.8772 -8.6272 0.523698 -32.5541 -5.06 4.23408 24.2398 24.2553 24.2786 24.2916 23.5413 23.4985 23.4321 23.4778 24.3595 24.1937 23.9693 23.8042 24.0697 23.9837 23.9506 23.9157 24.4896 24.4349 24.2408 23.9175 24.3549 23.9375 23.6827 23.5504 23.9146 23.8206 23.7555 23.7201 23.8569 23.8248 23.8104 23.8017 23.8368 23.8216 23.8118 23.8084 23.8258 23.8484 23.8838 23.9326 23.6589 23.6935 23.7899 23.8632 23.761 23.8883 23.9891 24.1064 23.7401 23.8013 23.8709 23.8983 23.9606 23.9768 23.9786 23.9671 23.9034 23.8839 23.8783 23.8835 23.7927 23.7943 23.839 23.9374 23.7749 23.8096 23.7449 23.6537 23.7809 23.7974 23.8162 23.896 23.8082 23.9289 23.9833 24.0695 24.0053 24.0255 24.0132 23.9544 23.8176 23.6022 23.4096 23.2471 23.6479 23.5268 23.5502 23.7353 23.4584 23.6444 23.878 24.138 23.5199 23.7061 23.9121 24.1205 23.3768 23.597 23.7523 23.831 0.154233
-31.0681 0.971804 6.24011 -30.2672 4.31907 9.73551 -28.804 7.46118 13.2067 -26.7458 10.4151 16.5386 -24.1667 13.2281 19.6207 -20.5579 16.4414 22.7807 -16.4404 19.6634 25.2302 -11.9488 22.9674 26.728 -7.27636 26.3463 27.0208 -3.76809 28.9006 26.295 -0.4614 31.3337 24.7122 2.50362 33.5262 22.312 5.02435 35.3614 19.2076 7.6357 37.1136 14.2209 9.47762 37.9561 8.68427 10.8014 37.8725 2.93991 11.9478 36.8906 -2.75911 12.8266 35.7378 -6.4488 13.8957 34.192 -9.93918 15.2165 32.2226 -13.116 16.7717 29.8501 -15.885 19.1079 26.1428 -18.8703 21.5658 21.9358 -20.9618 23.961 17.3496 -22.1213 26.116 12.5113 -22.3685 28.0377 7.02977 -21.6797 29.3352 1.53207 -20.1609 29.9163 -3.88112 -18.022 29.7316 -9.14121 -15.4701 28.9454 -13.4801 -13.1015 27.5719 -17.628 -10.6599 25.6077 -21.5357 -8.22572 23.0545 -25.1392 -5.87 19.7266 -28.5326 -3.54095 15.7851 -31.3924 -1.46751 11.2938 -33.6072 0.246193 6.36039 -35.0731 1.48147 2.96819 -35.583 1.96318 -0.488038 -35.7208 2.14926 -3.94097 -35.4828 2.00869 -7.31607 -34.8773 1.51761 -12.1459 -33.292 0.0754991 -16.3458 -31.0238 -2.19082 -19.6806 -28.2317 -5.1914 -21.9801 -25.091 -8.76474 -23.2065 -21.4608 -13.0621 -23.0996 -17.7685 -17.4785 -21.7499 -14.1061 -21.711 -19.3152 -10.5027 -25.4843 -16.727 -7.64614 -28.0087 -13.6938 -4.80115 -29.9929 -10.3477 -1.94907 -31.3715 -6.82466 0.926756 -32.1127 -2.80883 4.20601 -32.1886 1.09473 7.55113 -31.5115 4.74281 10.9789 -30.1593 8.01659 14.5007 -28.2189 10.776 18.0638 -25.8069 12.9729 21.6942 -22.9569 14.5 25.3371 -19.7126 15.2357 28.8983 -16.1203 15.092 32.029 -12.5168 14.0555 34.8263 -8.78749 12.1746 37.0408 -4.99739 9.64676 38.4388 -1.19446 6.08131 38.8651 3.34038 2.45222 37.8379 7.72599 -0.764449 35.4416 11.8937 -3.16743 31.8949 15.7803 -4.10159 29.2997 17.996 -4.59101 26.4701 20.0626 -4.63386 23.485 21.9611 -4.25519 20.4123 23.6737 -2.83102 15.3203 26.0359 -0.666696 10.253 27.8178 1.96954 5.23339 28.9971 4.83038 0.22944 29.5568 7.44241 -4.35413 29.5078 9.91199 -8.97701 28.9042 12.105 -13.6276 27.7222 13.8958 -18.2595 25.9412 15.251 -23.1827 23.3119 15.8402 -27.824 19.9803 15.5329 -31.972 16.0196 14.2392 -35.3812 11.5822 11.8908 -37.8458 6.82084 8.59376 -39.0996 2.14994 4.54698 -39.0716 -2.07882 0.0154953 -37.8361 -5.57152 -3.49684 -36.2552 -7.57285 -7.03514 -34.2089 -9.03364 -10.5244 -31.7965 -9.95385 -13.9068 -29.1054 -10.3522 -17.6136 -25.7434 -10.1969 -21.0451 -22.1804 -9.42408 -24.1248 -18.4723 -8.06992 -26.7641 -14.6657 -6.16967 -28.9332 -10.6666 -3.66907 -30.4206 -6.67813 -0.697513 -31.1453 -2.77449 2.64712 7.43484 7.47348 7.51742 7.54693 6.8095 6.77325 6.70532 6.73815 7.59867 7.41993 7.18979 7.02352 7.29174 7.21056 7.17813 7.13033 7.67508 7.58949 7.3663 7.06018 7.55741 7.1988 6.96627 6.83412 7.19098 7.08866 7.01629 6.9744 7.10565 7.06861 7.04982 7.0373 7.06965 7.05327 7.04473 7.04626 7.07178 7.1039 7.15178 7.21622 6.966 7.03352 7.16409 7.26733 7.1859 7.3201 7.41289 7.51013 7.11907 7.15611 7.2022 7.20913 7.25593 7.26569 7.27271 7.27755 7.23844 7.24753 7.27037 7.30049 7.22827 7.23907 7.28867 7.39464 7.23578 7.26628 7.19271 7.09293 7.21629 7.23247 7.25339 7.33884 7.26156 7.39147 7.44877 7.5308 7.45633 7.46148 7.42962 7.3462 7.17748 6.92359 6.69613 6.51711 6.92376 6.822 6.8704 7.08455 6.83698 7.04986 7.31021 7.59381 6.99202 7.1788 7.36416 7.53607 6.75483 6.95304 7.10785 7.20206 0.352733
-29.9861 2.17629 5.3339 -28.9833 5.84008 8.43775 -27.2648 9.09677 11.6787 -24.89 11.9664 14.8706 -21.9247 14.5236 17.8253 -17.7708 17.2709 20.7463 -13.0429 19.9285 22.7257 -7.9912 22.6397 23.406 -3.02563 25.4412 22.4962 0.355004 27.5814 20.6659 3.1391 29.628 17.9422 5.18515 31.4833 14.5173 6.48795 33.073 10.627 7.27891 34.7292 5.0246 7.57396 35.8645 -0.752943 8.1163 36.532 -6.58528 9.67656 36.7565 -12.266 11.412 36.4538 -15.8172 13.6468 35.6669 -18.9954 16.2709 34.3235 -21.6456 19.1206 32.4143 -23.6325 22.9658 29.0817 -25.123 26.4514 25.0905 -25.3047 29.2916 20.7112 -24.3727 31.362 16.1566 -22.6171 32.749 11.0799 -20.0642 33.2757 6.01884 -17.1792 33.0357 1.00134 -14.1823 32.0999 -3.94691 -11.2068 30.776 -8.08942 -8.72884 28.975 -12.0953 -6.32828 26.6906 -15.8944 -4.00418 23.9144 -19.4002 -1.75575 20.4448 -22.6827 0.524765 16.4477 -25.416 2.66148 11.9751 -27.5031 4.57293 7.11061 -28.8779 6.14122 3.76879 -29.3783 6.90338 0.346737 -29.5639 7.40755 -3.10964 -29.4462 7.60426 -6.54653 -29.0443 7.44513 -11.6146 -27.9369 6.4408 -16.2344 -26.3472 4.42828 -20.1257 -24.4138 1.42167 -23.0339 -22.2809 -2.4401 -24.8829 -19.872 -7.33166 -25.2881 -17.4645 -12.5459 -24.3276 -15.0688 -17.6925 -22.1873 -12.6219 -22.4445 -19.7943 -10.5459 -25.7904 -16.9356 -8.31098 -28.6301 -13.7512 -5.87125 -30.8969 -10.38 -3.20061 -32.5504 -6.52274 0.0820078 -33.6604 -2.76133 3.63528 -33.9952 0.768232 7.41349 -33.6035 3.9615 11.3603 -32.549 6.70215 15.3565 -30.9218 8.97187 19.3922 -28.7562 10.7 23.3881 -26.0778 11.8003 27.2359 -22.8977 12.1658 30.5579 -19.4863 11.7986 33.4378 -15.6944 10.6238 35.6497 -11.6282 8.62287 36.9405 -7.48851 5.2636 37.0024 -2.77992 1.56383 35.606 1.44162 -1.93175 33.0242 5.25936 -4.80126 29.5247 8.86197 -6.0767 27.0522 11.0477 -6.91446 24.3968 13.2303 -7.26434 21.6254 15.4015 -7.1017 18.8045 17.5307 -5.75268 14.2278 20.8124 -3.244 9.84721 23.6503 0.125258 5.70218 25.887 4.01274 1.70192 27.4433 7.71362 -1.96962 28.2537 11.3207 -5.81209 28.4949 14.59 -9.94101 28.1828 17.2732 -14.4032 27.3326 19.2508 -19.5773 25.8147 19.9805 -24.873 23.7147 19.2982 -29.9423 21.1025 17.1994 -34.3629 18.0959 13.7896 -37.7892 14.7955 9.44584 -39.8419 11.4522 4.58393 -40.4354 8.24769 -0.423479 -39.6729 5.31441 -4.07206 -38.3672 3.3589 -7.59671 -36.5319 1.61263 -10.9667 -34.2582 0.0912405 -14.1683 -31.6196 -1.18479 -17.6377 -28.1911 -2.31448 -20.8419 -24.4085 -3.01633 -23.7284 -20.3225 -3.21605 -26.2148 -15.9933 -2.83863 -28.2581 -11.3403 -1.77797 -29.6313 -6.65354 -0.0178366 -30.2277 -2.09484 2.39302 0.614385 0.673705 0.744624 0.80475 0.101734 0.0983284 0.0506233 0.0863561 0.944117 0.756897 0.515147 0.346026 0.620341 0.548237 0.509548 0.42944 0.951899 0.876508 0.715576 0.499031 1.08949 0.811837 0.637606 0.549751 0.942471 0.869188 0.817816 0.790094 0.929831 0.897426 0.881217 0.869925 0.902627 0.885954 0.876618 0.876868 0.900866 0.931231 0.976665 1.03771 0.781169 0.837534 0.951245 1.03149 0.919762 1.01688 1.06799 1.11987 0.68593 0.685227 0.696565 0.674733 0.700392 0.700743 0.71127 0.730196 0.712021 0.745063 0.791912 0.843644 0.788404 0.810591 0.851304 0.931594 0.747898 0.753641 0.661946 0.553994 0.679814 0.699759 0.721191 0.802831 0.723055 0.862054 0.937254 1.0379 0.972322 0.970736 0.913437 0.78497 0.557247 0.256666 0.0362841 -0.0782208 0.412318 0.385756 0.499501 0.777312 0.585429 0.841014 1.13247 1.42862 0.814126 0.955459 1.06787 1.15257 0.286769 0.420882 0.541122 0.627229 0.608596
-28.4955 1.70023 6.01072 -27.3695 5.59782 8.76817 -25.4653 9.00823 11.7356 -22.8127 11.9294 14.65 -19.4678 14.4224 17.2304 -14.7742 16.937 19.4623 -9.53804 19.196 20.3635 -4.24368 21.3571 19.5684 0.450017 23.4981 16.9764 3.21341 25.1215 13.9621 5.09327 26.7056 10.3131 6.1055 28.2301 6.31185 6.4295 29.6945 2.1755 6.24252 31.5917 -3.40315 6.19969 33.486 -8.98578 7.20313 35.3849 -14.476 9.70151 36.7787 -19.6307 12.2631 37.0889 -22.64 15.3936 36.7472 -25.0478 18.8527 35.7002 -26.6762 22.3485 33.9918 -27.4346 26.632 30.8823 -27.1266 30.0845 27.1603 -25.5968 32.5591 23.1124 -23.2293 34.0984 18.9129 -20.3819 34.8527 14.1997 -17.0008 34.7874 9.4362 -13.6067 34.0301 4.644 -10.3393 32.6548 -0.137037 -7.26274 31.0086 -4.16472 -4.78861 28.9276 -8.06849 -2.44689 26.4006 -11.768 -0.214956 23.4185 -15.1717 1.92401 19.7752 -18.3467 4.08258 15.6568 -20.9882 6.10113 11.1183 -23.026 7.90759 6.23658 -24.4307 9.39376 2.90005 -25.0146 10.1189 -0.514296 -25.3441 10.6015 -3.97177 -25.4381 10.7919 -7.43032 -25.3192 10.6388 -12.5933 -24.7755 9.65473 -17.3948 -23.8819 7.63791 -21.5285 -22.725 4.55661 -24.6622 -21.3846 0.518925 -26.6599 -19.805 -4.64475 -27.1465 -18.169 -10.1435 -26.2483 -16.4666 -15.5698 -24.1901 -14.6239 -20.6213 -21.8908 -12.9664 -24.2541 -19.1495 -11.0907 -27.4476 -16.0972 -8.94934 -30.1549 -12.857 -6.51256 -32.3445 -9.12336 -3.40984 -34.1665 -5.43661 0.0556998 -35.2997 -1.9159 3.83627 -35.7449 1.34139 7.8637 -35.5079 4.21488 11.9946 -34.6094 6.67927 16.1916 -33.0472 8.65348 20.3436 -30.813 10.04 24.3121 -27.905 10.7006 27.6966 -24.6011 10.6488 30.5879 -20.8005 9.80539 32.7809 -16.6428 8.14389 34.0661 -12.3539 5.13709 34.1796 -7.41375 1.48467 32.7795 -3.15242 -2.2562 30.2277 0.446708 -5.66449 26.8326 3.65859 -7.40598 24.4491 5.60885 -8.79421 21.8847 7.6122 -9.73582 19.1946 9.70833 -10.1442 16.4476 11.9002 -9.53811 12.0288 15.5937 -7.33599 8.01898 19.1443 -3.81304 4.6186 22.2365 0.582513 1.75699 24.6913 4.95905 -0.665751 26.3674 9.39108 -3.25974 27.5763 13.5739 -6.36965 28.3919 17.1414 -10.2287 28.8549 19.848 -15.2932 28.9576 20.8706 -20.9342 28.6115 20.0103 -26.5529 27.7893 17.4223 -31.5125 26.4892 13.4426 -35.4128 24.6978 8.6481 -37.9312 22.4775 3.52537 -39.0686 19.8845 -1.5622 -38.9502 16.9927 -5.16919 -38.1575 14.7119 -8.57354 -36.83 12.369 -11.7491 -35.0214 10.0268 -14.6889 -32.7717 7.76019 -17.79 -29.6674 5.34905 -20.5929 -26.0571 3.3054 -23.1006 -21.9955 1.79473 -25.3024 -17.5724 0.985353 -27.1318 -12.7141 0.977344 -28.3536 -7.74545 1.85459 -28.8386 -2.87217 3.57662 -0.463182 -0.39818 -0.313501 -0.233567 -0.912302 -0.892805 -0.928346 -0.889958 -0.0200703 -0.200531 -0.43989 -0.601664 -0.315033 -0.375402 -0.406259 -0.477118 0.0552147 -0.00550583 -0.13258 -0.289922 0.389467 0.211705 0.113851 0.0786075 0.50758 0.458199 0.420961 0.400818 0.543708 0.512007 0.495016 0.481796 0.511416 0.490241 0.474637 0.466147 0.480278 0.500793 0.53424 0.580979 0.303226 0.330197 0.412746 0.463691 0.322762 0.386693 0.404425 0.424621 -0.0348733 -0.055253 -0.0598184 -0.0933667 -0.0757342 -0.0794488 -0.0696994 -0.0493874 -0.0647646 -0.0280132 0.0228895 0.0778404 0.0230324 0.0408295 0.0701558 0.130798 -0.0814698 -0.0997703 -0.208817 -0.326416 -0.202384 -0.181174 -0.160071 -0.0836284 -0.170842 -0.0259933 0.0675825 0.190585 0.141121 0.144684 0.0817384 -0.0600298 -0.298974 -0.589259 -0.764651 -0.810417 -0.247216 -0.208172 -0.0399894 0.278063 0.105428 0.363756 0.644814 0.918808 0.269622 0.363825 0.420853 0.444961 -0.47293 -0.38032 -0.289009 -0.218993 0.835977
-26.8276 0.257942 7.61046 -25.5484 4.25679 10.1473 -23.4575 7.79521 12.825 -20.5613 10.8635 15.327 -16.9221 13.4902 17.3068 -11.9025 16.0746 18.5138 -6.56314 18.2188 18.0376 -1.61175 20.03 15.6848 2.23497 21.6347 11.6899 4.14991 22.8277 7.91254 5.17481 24.0588 3.81467 5.47667 25.391 -0.367749 5.32842 26.8726 -4.508 4.93377 29.1256 -9.94159 5.13844 31.6264 -15.2764 6.69044 34.1113 -20.3922 10.0248 36.0759 -24.8393 13.215 36.7687 -27.088 16.9117 36.8001 -28.5189 20.7816 36.1195 -29.0424 24.4925 34.7708 -28.6893 28.7831 32.1151 -27.0608 32.0357 28.7838 -24.5239 34.216 25.0357 -21.4724 35.4384 21.042 -18.2059 35.8575 16.4679 -14.5842 35.4895 11.787 -11.0958 34.4655 7.05291 -7.81626 32.8578 2.3274 -4.76672 31.0357 -1.64459 -2.32603 28.7966 -5.48071 -0.0186391 26.1264 -9.09802 2.18114 23.0158 -12.4042 4.28989 19.2551 -15.4614 6.41681 15.043 -17.9772 8.4025 10.44 -19.8961 10.1755 5.5238 -21.2096 11.6313 2.17879 -21.7629 12.3413 -1.23684 -22.0927 12.8145 -4.69318 -22.2255 13.0024 -8.15381 -22.1904 12.8539 -13.3384 -21.87 11.8854 -18.195 -21.3222 9.87697 -22.4115 -20.6248 6.76968 -25.6215 -19.8328 2.64796 -27.6656 -18.9073 -2.65432 -28.1818 -17.9255 -8.30404 -27.3201 -16.8299 -13.8903 -25.3205 -15.5163 -19.1273 -23.0881 -14.2175 -22.9432 -20.4302 -12.6408 -26.3609 -17.4738 -10.7408 -29.3411 -14.3355 -8.49181 -31.8559 -10.713 -5.54153 -34.1053 -7.11847 -2.17258 -35.7227 -3.65454 1.56189 -36.6928 -0.4026 5.5891 -36.9973 2.52839 9.75963 -36.6176 5.11863 14.028 -35.5225 7.28382 18.269 -33.6639 8.91168 22.32 -31.0055 9.82138 25.7456 -27.8047 10.0194 28.6146 -23.9921 9.41444 30.7108 -19.744 7.987 31.8537 -15.3324 5.28404 31.8443 -10.2185 1.84231 30.3859 -5.80426 -1.90927 27.7314 -2.29171 -5.55781 24.176 0.447928 -7.56023 21.6642 1.93057 -9.29622 18.939 3.37156 -10.6603 16.0424 4.87677 -11.5323 13.0389 6.5307 -11.6477 8.14745 9.62814 -9.88425 3.87902 13.1216 -6.46428 0.800568 16.6374 -1.98816 -0.997221 19.8416 2.50475 -1.92558 22.4463 7.10434 -2.76832 24.8889 11.5649 -4.17012 27.3324 15.5008 -6.66 29.8105 18.5457 -10.8225 32.3378 19.6508 -16.1209 34.259 18.6243 -21.6957 35.1826 15.8288 -26.7082 34.9657 11.8054 -30.7555 33.6655 7.19935 -33.6273 31.4753 2.4273 -35.4081 28.5916 -2.26113 -36.2105 25.1805 -5.59709 -36.2163 22.4034 -8.77243 -35.7235 19.4853 -11.7631 -34.7193 16.5039 -14.5506 -33.1829 13.5526 -17.4921 -30.7325 10.3261 -20.1212 -27.5588 7.48311 -22.4177 -23.7182 5.23737 -24.3654 -19.3356 3.79999 -25.9782 -14.4236 3.33044 -27.0102 -9.36693 3.89166 -27.3262 -4.40437 5.3825 -0.8122 -0.757638 -0.681041 -0.606601 -1.28918 -1.2723 -1.31067 -1.2718 -0.383262 -0.548732 -0.778049 -0.929165 -0.631267 -0.684122 -0.712538 -0.772826 -0.212355 -0.229987 -0.291708 -0.368941 0.401687 0.303607 0.255282 0.247714 0.692151 0.651308 0.618753 0.601222 0.745293 0.713852 0.696449 0.682291 0.710523 0.687494 0.669439 0.657485 0.667459 0.683572 0.711346 0.750948 0.462041 0.472327 0.53533 0.565084 0.39962 0.43541 0.424633 0.417617 -0.0640227 -0.101645 -0.120472 -0.165026 -0.15569 -0.164808 -0.158013 -0.13923 -0.15554 -0.119697 -0.0700341 -0.0170176 -0.0749653 -0.0625075 -0.0424706 0.00277389 -0.235697 -0.284579 -0.413432 -0.541548 -0.420091 -0.394113 -0.362793 -0.27526 -0.348653 -0.175667 -0.0513427 0.0969314 0.0648667 0.0821362 0.0384246 -0.0680054 -0.245066 -0.448757 -0.537933 -0.515414 0.0978547 0.170712 0.350969 0.652716 0.442685 0.658048 0.893064 1.12441 0.437601 0.503132 0.541272 0.552248 -0.38482 -0.306993 -0.228973 -0.172013 1.21984
-24.7433 -0.552008 9.21825 -23.2268 3.61746 11.3107 -20.8919 7.35018 13.4735 -17.7486 10.6099 15.3592 -13.8892 13.3777 16.5869 -8.73835 15.9824 16.7144 -3.56798 17.902 15.0072 0.792805 19.2194 11.4604 3.67631 20.1382 6.54373 4.75467 20.7783 2.32642 4.98293 21.5067 -2.00669 4.62702 22.4489 -6.2897 4.02173 23.6985 -10.4647 3.3849 25.9297 -15.8843 3.80198 28.7394 -21.0502 5.94148 31.7784 -25.6265 9.98478 34.4105 -29.0143 13.5461 35.5679 -30.3148 17.4587 36.0593 -30.7201 21.3897 35.8311 -30.2629 25.0564 34.9195 -29.0634 29.2269 32.7944 -26.5725 32.3875 29.8996 -23.4509 34.5352 26.4774 -20.0172 35.7665 22.7076 -16.4978 36.2054 18.29 -12.6889 35.8302 13.7085 -9.07165 34.7517 9.04955 -5.70329 33.0382 4.39909 -2.59651 31.0917 0.503653 -0.128609 28.7075 -3.23874 2.18729 25.8845 -6.74388 4.37785 22.6272 -9.92293 6.46038 18.7317 -12.8392 8.54221 14.4167 -15.2246 10.467 9.74691 -17.0457 12.167 4.79714 -18.3188 13.5428 1.44406 -18.889 14.1993 -1.97251 -19.2758 14.6196 -5.42589 -19.51 14.7561 -8.88234 -19.6235 14.5578 -14.0624 -19.6207 13.515 -18.915 -19.4937 11.4276 -23.1162 -19.2981 8.22894 -26.2759 -19.0504 4.00101 -28.2876 -18.7167 -1.38332 -28.8068 -18.2658 -7.09967 -27.9864 -17.6061 -12.7602 -26.0635 -16.6248 -18.0977 -23.9152 -15.5246 -22.0227 -21.3588 -14.0959 -25.5801 -18.5172 -12.3043 -28.7341 -15.501 -10.1345 -31.459 -12.0143 -7.24725 -33.9876 -8.54039 -3.92018 -35.9237 -5.16764 -0.208661 -37.2411 -1.96477 3.81456 -37.9057 0.969527 7.99992 -37.8758 3.62292 12.3007 -37.1072 5.9182 16.5886 -35.5343 7.74787 20.6958 -33.1031 8.91047 24.1759 -30.0462 9.41368 27.0918 -26.2978 9.14338 29.2122 -22.0273 8.0447 30.335 -17.5175 5.68102 30.212 -12.2396 2.47669 28.5254 -7.72896 -1.13003 25.5543 -4.31985 -4.69118 21.6499 -1.96775 -6.66179 18.9262 -0.865462 -8.38552 15.9919 0.10197 -9.76473 12.8819 1.07254 -10.6852 9.65071 2.18111 -10.9449 4.35606 4.51207 -9.35573 -0.227968 7.67348 -6.12869 -3.26669 11.3998 -1.96517 -4.45863 15.2441 2.03316 -4.32309 18.6831 5.91993 -3.68554 22.193 9.52676 -3.29782 26.0235 12.6043 -3.87486 30.2694 14.8767 -6.15399 35.0261 15.5208 -10.1548 39.0959 14.4172 -15.1849 41.6388 11.9222 -20.3138 42.3137 8.51048 -24.9539 41.2704 4.68997 -28.7095 38.9127 0.737322 -31.5324 35.6464 -3.21113 -33.4368 31.7679 -6.09526 -34.245 28.6262 -8.91398 -34.5075 25.3358 -11.6391 -34.1804 21.973 -14.2345 -33.2175 18.6297 -17.0112 -31.2794 14.9418 -19.4896 -28.4528 11.635 -21.6076 -24.8085 8.93309 -23.3236 -20.4982 7.0508 -24.6639 -15.5649 6.14719 -25.4326 -10.4335 6.31159 -25.4924 -5.35997 7.40943 -1.14056 -1.10683 -1.04902 -0.990414 -1.68571 -1.67585 -1.71499 -1.66932 -0.757999 -0.904557 -1.12155 -1.26238 -0.956111 -1.00305 -1.02043 -1.05066 -0.439796 -0.40006 -0.392872 -0.398108 0.447273 0.410682 0.398298 0.40757 0.857513 0.815907 0.780473 0.760172 0.902415 0.869862 0.851597 0.836482 0.86331 0.838087 0.816755 0.800016 0.80445 0.814961 0.835889 0.867284 0.566089 0.558671 0.601417 0.609238 0.416027 0.424605 0.389361 0.361459 -0.135182 -0.182991 -0.208816 -0.257407 -0.249768 -0.258611 -0.250464 -0.23006 -0.245008 -0.208414 -0.158989 -0.107775 -0.169653 -0.163682 -0.15306 -0.119878 -0.373706 -0.439626 -0.583711 -0.724039 -0.607942 -0.578728 -0.536509 -0.433722 -0.487986 -0.294029 -0.160623 -0.0127384 -0.0412913 -0.00496726 -0.00283281 -0.0288296 -0.0857037 -0.139847 -0.0893067 0.0284155 0.680501 0.744124 0.882764 1.12469 0.856857 1.02479 1.21788 1.41493 0.700365 0.745826 0.77061 0.770851 -0.180348 -0.122804 -0.0665628 -0.0325783 1.66522
-22.4189 -1.40988 11.1933 -20.6598 2.92046 12.6821 -18.0867 6.84902 14.0992 -14.7341 10.295 15.0729 -10.7595 13.1659 15.2225 -5.72314 15.6836 13.9464 -1.06586 17.2253 10.9026 2.41775 17.9252 6.35211 4.28965 18.1373 0.894708 4.69218 18.2893 -3.48402 4.41661 18.6339 -7.86168 3.76483 19.3352 -12.1561 3.07802 20.5077 -16.3409 2.65423 22.8914 -21.7162 3.56863 26.0841 -26.5871 6.29262 29.617 -30.4409 10.7407 32.7571 -32.7012 14.3821 34.2601 -33.1432 18.2304 35.1097 -32.715 22.0068 35.26 -31.5192 25.4932 34.7428 -29.7046 29.4634 33.1424 -26.5758 32.513 30.7312 -22.9702 34.6289 27.724 -19.1501 35.8719 24.2917 -15.3045 36.331 20.1631 -11.1864 35.9491 15.8016 -7.30739 34.8209 11.316 -3.72668 33.0136 6.81399 -0.458533 30.9588 3.04002 2.10833 28.4497 -0.577831 4.48927 25.4963 -3.95166 6.71383 22.1147 -6.99442 8.80186 18.1059 -9.76997 10.8609 13.7052 -12.0349 12.7362 8.98026 -13.7781 14.3642 4.00347 -15.0392 15.6507 0.645295 -15.6488 16.2425 -2.76869 -16.1174 16.5952 -6.2131 -16.4791 16.6627 -9.65466 -16.7677 16.3951 -14.8001 -17.1242 15.2472 -19.5959 -17.4626 13.0549 -23.704 -17.8221 9.75114 -26.7438 -18.1883 5.44459 -28.6895 -18.5102 0.0353486 -29.2255 -18.6329 -5.69591 -28.4923 -18.431 -11.403 -26.7062 -17.7885 -16.8388 -24.6914 -16.8872 -20.8835 -22.2838 -15.6076 -24.598 -19.6005 -13.9313 -27.9479 -16.7448 -11.8569 -30.9098 -13.4295 -9.06418 -33.7552 -10.1006 -5.82411 -36.0589 -6.82993 -2.19038 -37.7866 -3.67171 1.77111 -38.8905 -0.715388 5.92052 -39.3039 2.03032 10.2189 -38.9673 4.4879 14.5438 -37.7911 6.54431 18.728 -35.6955 7.96672 22.3078 -32.8726 8.76063 25.3322 -29.263 8.79182 27.5406 -25.0288 7.98438 28.6952 -20.4658 5.94056 28.498 -15.0582 3.02275 26.6053 -10.4363 -0.306358 23.3409 -7.01301 -3.57662 19.1301 -4.76976 -5.36643 16.2429 -3.78094 -6.91789 13.1742 -2.94836 -8.15178 9.96497 -2.11467 -8.97844 6.67194 -1.12006 -9.25002 1.3484 1.14275 -7.93805 -3.17564 4.51103 -5.2259 -6.03012 8.75713 -1.74765 -6.83862 13.3158 1.4971 -6.12106 17.4132 4.49307 -4.64189 21.496 7.0897 -3.11023 25.8254 9.14283 -2.23271 30.6053 10.5025 -2.73027 36.1631 10.6678 -5.15049 41.3688 9.58048 -9.23979 45.2522 7.48893 -14.2273 47.185 4.72297 -19.3851 47.1062 1.65138 -24.0386 45.3258 -1.53752 -27.9011 42.2972 -4.76474 -30.8401 38.3975 -7.16612 -32.3632 35.118 -9.555 -33.2761 31.6108 -11.9063 -33.5251 27.9706 -14.1815 -33.0577 24.3038 -16.6458 -31.5867 20.2012 -18.8533 -29.1144 16.4487 -20.7161 -25.7132 13.2818 -22.1624 -21.5398 10.9243 -23.1765 -16.6445 9.52519 -23.6467 -11.4817 9.25346 -23.4298 -6.33597 9.90446 -1.32728 -1.31985 -1.28736 -1.25213 -1.96887 -1.9749 -2.02146 -1.9727 -1.04338 -1.177 -1.38776 -1.52488 -1.21645 -1.25795 -1.25811 -1.25237 -0.593765 -0.505857 -0.445256 -0.396598 0.505852 0.519714 0.541431 0.571279 1.03311 0.997749 0.965669 0.947762 1.09213 1.0616 1.04531 1.03193 1.06006 1.03538 1.01342 0.994394 0.995189 1.00152 1.01696 1.04148 0.729674 0.706394 0.730247 0.715008 0.493888 0.475801 0.417832 0.372226 -0.135337 -0.189008 -0.217126 -0.264989 -0.254243 -0.258304 -0.2451 -0.220295 -0.232064 -0.193701 -0.143883 -0.0935489 -0.157387 -0.154311 -0.147614 -0.119512 -0.380583 -0.456293 -0.612022 -0.765252 -0.658863 -0.633795 -0.592986 -0.491997 -0.556221 -0.391169 -0.297494 -0.185799 -0.232132 -0.1903 -0.156867 -0.126081 -0.101273 -0.0545035 0.0966914 0.292393 0.981122 1.03637 1.13568 1.32547 1.01122 1.14229 1.3021 1.46957 0.727087 0.746919 0.749874 0.731474 -0.236262 -0.200909 -0.168844 -0.161225 1.69633
-19.3154 -2.28042 13.4088 -17.3128 2.14319 14.1044 -14.5704 6.18749 14.5349 -11.1732 9.71926 14.317 -7.36345 12.5694 13.1237 -2.89469 14.846 10.2637 0.792984 15.9142 5.95192 3.12485 16.0265 0.671592 3.98671 15.6911 -5.02728 3.86925 15.5283 -9.42253 3.32961 15.6782 -13.7866 2.66581 16.3232 -18.088 2.19666 17.5803 -22.2783 2.35853 20.2585 -27.5276 4.00213 23.8341 -31.9172 7.31695 27.7131 -34.8702 11.9875 31.1354 -35.9786 15.5525 32.8383 -35.6537 19.1978 33.9286 -34.5415 22.7172 34.3757 -32.7727 25.9547 34.207 -30.4913 29.669 33.1205 -26.8668 32.5692 31.2281 -22.8516 34.6198 28.7028 -18.6645 35.8418 25.6932 -14.4737 36.2869 21.9559 -9.996 35.8684 17.9166 -5.78603 34.6663 13.7018 -1.91234 32.7478 9.43904 1.60372 30.5749 5.85817 4.3441 27.9356 2.43004 6.86118 24.8508 -0.755292 9.18301 21.3472 -3.6151 11.3278 17.23 -6.21577 13.401 12.7486 -8.34594 15.2432 7.97251 -10.0198 16.7927 2.97176 -11.302 17.9598 -0.387786 -11.9857 18.4551 -3.79164 -12.58 18.6999 -7.21276 -13.1212 18.6517 -10.6153 -13.6432 18.2652 -15.6656 -14.4541 16.9394 -20.3129 -15.3468 14.5885 -24.2095 -16.325 11.1563 -27.0981 -17.3098 6.84279 -28.9737 -18.2581 1.48254 -29.5289 -18.9214 -4.20968 -28.8843 -19.1574 -9.92619 -27.2412 -18.8532 -15.4359 -25.3741 -18.1642 -19.5918 -23.1391 -17.0581 -23.4664 -20.6464 -15.5303 -27.0279 -17.9885 -13.5909 -30.2536 -14.8878 -10.9431 -33.4569 -11.7441 -7.84476 -36.178 -8.60876 -4.34672 -38.3734 -5.51931 -0.505819 -39.9825 -2.55439 3.55243 -40.9142 0.281285 7.8015 -41.0947 2.90962 12.1312 -40.4066 5.21 16.3789 -38.7353 6.91233 20.0624 -36.2172 8.01608 23.2081 -32.7977 8.36362 25.5161 -28.6313 7.85966 26.7056 -24.0338 6.15712 26.4309 -18.5126 3.56844 24.3482 -13.7778 0.576285 20.8491 -10.2761 -2.35278 16.4327 -7.95807 -3.94909 13.4605 -6.89275 -5.33512 10.3466 -5.94431 -6.45332 7.14297 -4.94271 -7.24116 3.9181 -3.71951 -7.67678 -1.14705 -0.946667 -6.88775 -5.24589 3.06712 -5.0026 -7.59883 8.01113 -2.48029 -7.91375 13.2143 -0.081523 -6.75843 17.7687 2.14055 -4.80527 22.1368 4.04368 -2.68505 26.577 5.51494 -1.02107 31.3623 6.45306 -0.410769 36.9955 6.501 -1.61807 42.6103 5.58826 -4.72056 47.3565 3.85628 -9.23169 50.4606 1.5337 -14.4827 51.5969 -1.0732 -19.6646 50.8147 -3.78355 -24.2924 48.4701 -6.51097 -28.0834 44.9417 -8.52801 -30.2384 41.7592 -10.5248 -31.7571 38.2169 -12.4835 -32.5673 34.429 -14.3735 -32.5993 30.5217 -16.4085 -31.6081 26.0559 -18.2012 -29.4994 21.8837 -19.6526 -26.35 18.2724 -20.6757 -22.3384 15.457 -21.2257 -17.5426 13.5472 -21.2437 -12.4171 12.7235 -20.6452 -7.26095 12.7963 -1.34558 -1.37077 -1.37048 -1.36653 -2.11458 -2.14864 -2.21507 -2.17402 -1.23583 -1.36434 -1.5756 -1.71578 -1.41197 -1.45301 -1.43969 -1.40378 -0.706381 -0.580073 -0.477439 -0.386185 0.562845 0.620758 0.675759 0.72923 1.20831 1.18571 1.16349 1.15411 1.30581 1.28174 1.27155 1.26379 1.29698 1.27644 1.25712 1.23858 1.23755 1.2408 1.25155 1.26969 0.947549 0.908369 0.913247 0.872097 0.627163 0.588046 0.513081 0.454961 -0.0594643 -0.115723 -0.143115 -0.187437 -0.170813 -0.167434 -0.146838 -0.115673 -0.122727 -0.0814214 -0.0302223 0.0203102 -0.044097 -0.0421428 -0.0373108 -0.0123259 -0.279098 -0.364177 -0.53238 -0.699974 -0.605453 -0.589208 -0.559242 -0.47435 -0.571115 -0.46493 -0.433667 -0.372744 -0.448924 -0.416864 -0.375341 -0.321383 -0.261026 -0.169958 0.0265017 0.26057 0.972137 1.02859 1.10924 1.26822 0.922893 1.02662 1.15938 1.3005 0.53085 0.523438 0.501026 0.458346 -0.534908 -0.529467 -0.531079 -0.557157 1.28527
-15.487 -3.04252 15.8016 -13.2346 1.29453 15.379 -10.46 5.23837 14.4791 -7.31687 8.59894 12.7794 -4.10295 11.162 10.1031 -0.741474 12.9638 5.76884 1.62469 13.5194 0.531995 2.76421 13.2192 -5.11988 2.82657 12.6495 -10.8648 2.42841 12.4396 -15.2416 1.88653 12.6541 -19.6026 1.47209 13.4666 -23.9069 1.46067 14.9702 -28.0418 2.44587 18.0227 -32.9882 4.89558 21.889 -36.7037 8.7274 25.9054 -38.689 13.4939 29.3738 -38.7618 16.9181 31.1338 -37.8174 20.322 32.3441 -36.1855 23.5628 32.9918 -33.9963 26.5343 33.1021 -31.3747 29.9624 32.4846 -27.3771 32.6715 31.1208 -23.028 34.6116 29.1361 -18.5102 35.773 26.6443 -13.9763 36.1726 23.4294 -9.10603 35.6988 19.8543 -4.50074 34.4134 16.0509 -0.246685 32.3783 12.1582 3.61593 30.0831 8.86999 6.6115 27.3088 5.71614 9.33359 24.0866 2.78514 11.7994 20.4544 0.151554 14.0186 16.2209 -2.25616 16.0908 11.651 -4.26256 17.8527 6.81777 -5.90378 19.2526 1.79405 -7.2624 20.217 -1.55893 -8.06138 20.5612 -4.93686 -8.8241 20.6457 -8.30932 -9.58622 20.4335 -11.6363 -10.3794 19.8843 -16.5105 -11.6918 18.3223 -20.8943 -13.1684 15.7685 -24.5235 -14.7539 12.2705 -27.2262 -16.3275 8.01142 -29.0062 -17.8666 2.75669 -29.5707 -19.0441 -2.85083 -29.0287 -19.708 -8.54426 -27.5679 -19.7518 -14.1133 -25.8928 -19.2968 -18.3816 -23.8797 -18.3965 -22.4274 -21.6256 -17.0576 -26.2166 -19.209 -15.2986 -29.7233 -16.366 -12.8495 -33.3018 -13.4469 -9.94568 -36.4535 -10.4871 -6.63186 -39.1265 -7.51104 -2.95396 -41.2484 -4.58638 0.977603 -42.7036 -1.71143 5.14592 -43.4021 1.04193 9.44761 -43.1959 3.55538 13.7157 -41.9335 5.53299 17.4441 -39.6985 6.97574 20.6303 -36.4469 7.71136 22.9409 -32.3327 7.62755 24.074 -27.6943 6.45125 23.6589 -22.0462 4.37752 21.4113 -17.1364 1.84701 17.7858 -13.4068 -0.721573 13.3205 -10.7758 -2.16949 10.3717 -9.46248 -3.47549 7.32759 -8.21967 -4.59782 4.2516 -6.87971 -5.49293 1.22428 -5.2826 -6.36518 -3.35997 -1.8536 -6.35756 -6.82759 2.78421 -5.48989 -8.53726 8.24843 -4.01212 -8.31694 13.8432 -2.43776 -6.78068 18.6384 -0.86801 -4.49608 23.1271 0.550054 -2.01478 27.5616 1.69823 0.126942 32.2443 2.48938 1.46509 37.7732 2.62426 1.17811 43.5078 1.99793 -0.999679 48.7851 0.654726 -4.84606 52.8332 -1.27027 -9.86044 55.159 -3.5309 -15.246 55.5395 -5.94217 -20.3952 54.1498 -8.38421 -24.8803 51.2898 -10.1741 -27.5894 48.409 -11.9155 -29.6554 45.012 -13.5799 -30.9779 41.2276 -15.1292 -31.4648 37.2023 -16.7084 -30.908 32.4839 -17.9788 -29.1334 27.978 -18.8503 -26.2367 23.9884 -19.2514 -22.4326 20.7582 -19.1298 -17.8387 18.3436 -18.4579 -12.9096 16.8597 -17.2642 -7.90771 16.149 -1.23462 -1.29824 -1.33436 -1.36562 -2.15028 -2.22016 -2.31582 -2.29188 -1.35489 -1.48603 -1.7029 -1.85083 -1.55659 -1.60315 -1.58482 -1.53099 -0.808477 -0.656263 -0.524318 -0.402106 0.582905 0.678235 0.765262 0.845021 1.3465 1.34302 1.33706 1.34212 1.50612 1.49264 1.4923 1.49348 1.5347 1.52072 1.50565 1.48838 1.48568 1.48589 1.49214 1.50437 1.17294 1.11956 1.10418 1.04225 0.77843 0.722673 0.634661 0.567993 0.050482 -0.00495955 -0.0284561 -0.0665836 -0.041964 -0.0296633 -0.00067016 0.0377947 0.036723 0.0828026 0.137744 0.190905 0.127489 0.128043 0.128056 0.143884 -0.138167 -0.244725 -0.436442 -0.62601 -0.547284 -0.543941 -0.53081 -0.469201 -0.60581 -0.559671 -0.585786 -0.569792 -0.673565 -0.654138 -0.613219 -0.550448 -0.474357 -0.362957 -0.145201 0.108209 0.833507 0.893709 0.966012 1.10654 0.740103 0.823912 0.936123 1.05641 0.263949 0.231274 0.181881 0.109671 -0.916926 -0.94889 -0.993795 -1.06432 0.625204
-11.7745 -5.35049 16.4406 -9.6001 -1.07897 15.3975 -7.05054 2.80894 13.8337 -4.30263 6.10345 11.4553 -1.64984 8.5767 8.15274 0.906163 10.2551 3.25566 2.45606 10.7197 -2.28635 2.91705 10.4156 -8.0333 2.51385 9.95728 -13.7744 1.90487 9.91556 -18.1317 1.2619 10.3685 -22.4606 0.833565 11.4796 -26.6963 0.863573 13.3179 -30.6936 1.92203 16.8186 -35.3173 4.35557 21.0734 -38.5928 8.02368 25.4228 -40.1367 12.5102 29.2383 -39.8753 15.7256 31.2847 -38.7856 18.939 32.8396 -37.0618 22.0289 33.8912 -34.812 24.8995 34.4562 -32.1371 28.2748 34.5007 -28.0482 31.0118 33.8221 -23.558 33.0436 32.5079 -18.8401 34.3462 30.6406 -14.0515 34.9482 28.0319 -8.85086 34.7184 24.9524 -3.8831 33.7123 21.5183 0.74395 31.982 17.8604 4.96774 29.957 14.665 8.24526 27.4499 11.5066 11.2104 24.4795 8.47907 13.8682 21.0727 5.66546 16.22 17.0413 2.98837 18.3636 12.6358 0.645745 20.129 7.93704 -1.38489 21.475 3.03273 -3.17534 22.3442 -0.240493 -4.27601 22.6157 -3.53266 -5.35334 22.6273 -6.81017 -6.44029 22.3523 -10.0334 -7.5644 21.7639 -14.7489 -9.38202 20.2211 -19.0457 -11.3417 17.8508 -22.7296 -13.3958 14.6682 -25.6361 -15.4423 10.7586 -27.8015 -17.5075 5.83977 -28.9013 -19.2218 0.454522 -29.0087 -20.4296 -5.17391 -28.2628 -21.0191 -10.8524 -27.1698 -20.9992 -15.3286 -25.7213 -20.5297 -19.6775 -23.9922 -19.6161 -23.8497 -22.0432 -18.2757 -27.8039 -19.6411 -16.288 -31.9471 -17.0589 -13.8333 -35.7144 -14.322 -10.952 -39.0452 -11.4476 -7.68239 -41.8618 -8.49945 -4.11681 -44.0352 -5.47465 -0.258482 -45.4816 -2.4427 3.8181 -46.0444 0.47756 7.98436 -45.5522 2.94448 11.7687 -44.003 4.964 15.1883 -41.3508 6.32838 17.9213 -37.6799 6.87064 19.6416 -33.2581 6.35891 20.0655 -27.5121 4.76185 18.6484 -22.1364 2.4925 15.7271 -17.6896 0.00327155 11.8118 -14.2352 -1.45936 9.14989 -12.4209 -2.81963 6.37551 -10.6977 -4.03453 3.57309 -8.91247 -5.06609 0.839252 -6.91782 -6.2765 -3.2133 -2.9623 -6.77008 -6.10921 2.02807 -6.5244 -7.28096 7.69377 -5.69102 -6.60355 13.3842 -4.64339 -4.71466 18.1973 -3.50269 -2.10972 22.6409 -2.39353 0.695304 26.9692 -1.4048 3.20016 31.5058 -0.568622 5.00658 36.8932 -0.116146 5.24979 42.6135 -0.161942 3.58177 48.109 -0.742219 0.1021 52.6412 -1.82221 -4.78633 55.6736 -3.27437 -10.3302 56.8636 -4.97331 -15.9009 56.2799 -6.81805 -21.029 54.1446 -8.23513 -24.3336 51.7131 -9.65945 -27.0777 48.6665 -11.0563 -29.1388 45.111 -12.3817 -30.3932 41.1726 -13.7499 -30.702 36.3664 -14.8497 -29.6979 31.5864 -15.5811 -27.414 27.1915 -15.8647 -24.0426 23.501 -15.6407 -19.7353 20.6121 -14.8794 -14.9876 18.6554 -13.5881 -10.1202 17.3944 -1.2593 -1.3405 -1.39488 -1.44541 -2.25182 -2.3448 -2.46055 -2.44971 -1.51405 -1.64234 -1.85238 -1.99116 -1.68337 -1.70977 -1.6668 -1.5846 -0.836186 -0.661935 -0.507612 -0.363145 0.647162 0.769285 0.880337 0.980858 1.50039 1.51157 1.51612 1.52808 1.69595 1.6845 1.68521 1.68677 1.72772 1.71253 1.69484 1.67313 1.66505 1.65998 1.65996 1.66481 1.32264 1.25352 1.22299 1.14884 0.875029 0.81238 0.721812 0.657467 0.146201 0.0987312 0.084676 0.0564626 0.0910874 0.112453 0.148149 0.190379 0.189746 0.232831 0.281426 0.325299 0.25082 0.239853 0.228809 0.235393 -0.053255 -0.161831 -0.350615 -0.53445 -0.453528 -0.45504 -0.452699 -0.406121 -0.564802 -0.549622 -0.604995 -0.612206 -0.730317 -0.717444 -0.677175 -0.611498 -0.531799 -0.419284 -0.205761 0.0363709 0.742364 0.775499 0.815193 0.920545 0.523116 0.580619 0.667008 0.762123 -0.0562251 -0.114257 -0.185729 -0.276233 -1.31796 -1.36315 -1.42092 -1.50752 0.189267
-8.4951 -8.26344 16.9101 -6.50121 -4.11624 15.2109 -4.26214 -0.352875 13.0007 -1.97588 2.80477 10.0235 0.0790151 5.13989 6.23062 1.85724 6.68893 0.960894 2.71416 7.10948 -4.73303 2.69254 6.87935 -10.5018 2.05559 6.62052 -16.2342 1.41966 6.81218 -20.5836 0.857371 7.56037 -24.8827 0.583851 9.00806 -29.0286 0.79628 11.1908 -32.8429 2.05249 15.1054 -37.0681 4.51359 19.6836 -39.8499 7.99953 24.3109 -40.9413 12.1516 28.4566 -40.3676 15.1106 30.8002 -39.1566 18.0792 32.7259 -37.3695 20.9602 34.2193 -35.0925 23.6722 35.2844 -32.4045 26.9256 36.0594 -28.2901 29.6411 36.1365 -23.7366 31.7408 35.5613 -18.9019 33.1851 34.382 -13.9384 34.0082 32.4447 -8.48088 34.0422 29.9249 -3.20224 33.3178 26.9275 1.76824 31.8649 23.5783 6.33843 30.061 20.544 9.88694 27.7549 17.451 13.0758 24.9659 14.3922 15.8897 21.7256 11.4487 18.3166 17.8619 8.52587 20.4479 13.6253 5.82801 22.1171 9.10661 3.34137 23.3053 4.40346 1.01163 23.9881 1.27768 -0.473157 24.1434 -1.85444 -1.95008 24.0556 -4.96159 -3.4419 23.7103 -8.01032 -4.9659 23.0924 -12.4745 -7.3665 21.5995 -16.5894 -9.85372 19.4082 -20.2254 -12.3734 16.5184 -23.2721 -14.8333 12.9706 -25.8338 -17.3138 8.45015 -27.5667 -19.4365 3.38652 -28.4865 -21.0706 -2.05714 -28.6516 -22.1208 -7.71571 -28.2997 -22.5014 -12.2942 -27.5635 -22.4626 -16.8426 -26.4868 -22.0093 -21.2998 -25.1065 -21.1568 -25.6125 -23.2255 -19.7462 -30.2341 -21.0264 -17.8902 -34.5475 -18.5301 -15.6189 -38.484 -15.755 -12.9572 -41.9625 -12.7703 -9.97098 -44.8439 -9.57881 -6.64713 -47.0562 -6.25128 -3.02375 -48.4443 -2.90527 0.821213 -48.8294 0.0784656 4.48246 -48.1227 2.72502 8.00748 -46.2852 4.80711 11.1187 -43.3201 6.1146 13.4969 -39.3907 6.49828 15.0172 -33.823 5.63854 14.8413 -28.1057 3.86638 13.1052 -22.8804 1.6325 10.2064 -18.401 0.233176 8.08704 -15.9379 -1.12041 5.81127 -13.5915 -2.37678 3.48215 -11.2434 -3.49624 1.20837 -8.77495 -4.95991 -2.12824 -4.27392 -5.85315 -4.4176 0.969643 -6.12392 -5.1829 6.7033 -5.85002 -4.30036 12.42 -5.30287 -2.31326 17.2763 -4.60457 0.373091 21.7627 -3.82908 3.28014 26.0964 -3.04275 5.94705 30.5799 -2.25797 8.04518 35.8684 -1.66478 8.72462 41.5404 -1.38912 7.58969 47.1637 -1.5215 4.62013 52.078 -2.09738 0.0942003 55.7444 -3.07105 -5.32648 57.7262 -4.35737 -11.0304 57.992 -5.86208 -16.5342 56.6871 -7.06363 -20.2659 54.8237 -8.29479 -23.5587 52.2776 -9.5101 -26.2834 49.1249 -10.655 -28.3006 45.456 -11.8053 -29.5705 40.7516 -12.666 -29.5396 35.8196 -13.1341 -28.1505 31.0324 -13.1408 -25.5227 26.7709 -12.6444 -21.7959 23.1914 -11.6701 -17.4522 20.5207 -10.2723 -12.8545 18.557 -1.2614 -1.35596 -1.42482 -1.49121 -2.31593 -2.42876 -2.56166 -2.56167 -1.62913 -1.75771 -1.96446 -2.0982 -1.78182 -1.79358 -1.73063 -1.62351 -0.851017 -0.655509 -0.478976 -0.311958 0.724238 0.873842 1.00911 1.12987 1.66626 1.69057 1.70442 1.72273 1.89456 1.88547 1.88743 1.88898 1.92827 1.9092 1.88507 1.8543 1.83685 1.82353 1.81471 1.81041 1.45663 1.37366 1.33048 1.24605 0.96515 0.900124 0.812777 0.756926 0.256908 0.220842 0.218328 0.2006 0.24409 0.271379 0.308839 0.348411 0.340793 0.372963 0.407262 0.43439 0.342598 0.315382 0.290162 0.28614 -0.00866866 -0.117081 -0.299817 -0.474702 -0.389961 -0.396996 -0.406665 -0.374796 -0.551412 -0.558377 -0.633605 -0.656902 -0.785767 -0.77881 -0.741503 -0.676068 -0.594745 -0.479959 -0.265135 -0.0237782 0.678478 0.704234 0.732879 0.82389 0.411248 0.453234 0.521454 0.595564 -0.248205 -0.335618 -0.437345 -0.557435 -1.62719 -1.69766 -1.77717 -1.8824 -0.199282
-11.4464 -11.3826 17.8819 -9.09443 -7.73835 15.5907 -6.63024 -4.39103 12.9859 -4.17169 -1.55239 9.83011 -1.89744 0.583563 6.04503 0.294997 2.0733 0.916112 1.77586 2.59412 -4.63978 2.55265 2.56103 -10.3606 2.80102 2.54475 -16.1287 2.87472 2.90848 -20.5129 3.02359 3.79858 -24.8191 3.41442 5.34998 -28.9178 4.18481 7.60011 -32.6194 5.93623 11.5713 -36.609 8.54565 16.2253 -39.1162 11.8695 21.0191 -39.9687 15.6651 25.471 -39.24 18.35 28.1013 -37.9804 21.0595 30.3715 -36.186 23.7268 32.2515 -33.9353 26.2912 33.7276 -31.2971 29.466 35.0618 -27.2654 32.2308 35.673 -22.7826 34.4724 35.5789 -17.9784 36.0917 34.8126 -12.988 37.0631 33.2502 -7.43554 37.1104 31.0371 -2.02127 36.2078 28.3069 3.07245 34.3809 25.2153 7.68961 32.1405 22.4062 11.1742 29.3497 19.539 14.1816 26.0982 16.6832 16.6966 22.4822 13.881 18.7279 18.3658 10.9906 20.3755 14.0498 8.15889 21.5444 9.62247 5.34923 22.2645 5.16004 2.51759 22.5511 2.25536 0.630877 22.502 -0.618604 -1.28765 22.2595 -3.44618 -3.23825 21.8131 -6.21261 -5.21462 21.1498 -10.2838 -8.25176 19.6933 -14.1266 -11.2501 17.6527 -17.6811 -14.1224 15.0001 -20.8812 -16.7735 11.7365 -23.8852 -19.3068 7.52846 -26.3036 -21.3772 2.73108 -28.0659 -22.9237 -2.52742 -29.123 -23.921 -8.09859 -29.4424 -24.3258 -12.6774 -29.2913 -24.39 -17.2822 -28.6783 -24.1272 -21.8414 -27.6207 -23.5503 -26.2889 -25.9298 -22.5384 -31.0851 -23.7524 -21.1515 -35.5819 -21.1395 -19.3932 -39.7011 -18.1474 -17.2636 -43.3614 -14.8872 -14.7999 -46.4322 -11.3873 -11.9794 -48.866 -7.73149 -8.82282 -50.539 -4.03038 -5.38198 -51.3073 -0.664151 -2.00273 -51.0707 2.4521 1.38839 -49.8074 5.12901 4.58106 -47.4734 7.17186 7.31431 -44.1324 8.58954 9.64903 -39.0337 8.78395 10.6142 -33.3339 7.92034 10.1674 -27.6319 6.34448 8.54341 -22.3086 5.22135 7.15918 -19.2526 4.06239 5.57912 -16.3069 2.94271 3.90364 -13.399 1.93132 2.23249 -10.4493 0.634478 -0.269223 -5.39017 -0.0707033 -2.01167 0.087148 -0.107445 -2.64325 5.84336 0.473036 -2.0716 11.5767 1.38745 -0.679488 16.5824 2.49094 1.24375 21.3695 3.59954 3.34593 26.0795 4.53212 5.26614 30.904 5.1389 6.74429 36.4206 5.09722 7.17194 42.1479 4.25014 6.27545 47.7572 2.56594 4.01355 52.7605 0.101061 0.511835 56.7507 -2.90021 -3.82214 59.2939 -6.17944 -8.57238 60.2641 -9.48882 -13.3657 59.6878 -11.829 -16.7573 58.3235 -13.9834 -19.8817 56.217 -15.8752 -22.62 53.4307 -17.4304 -24.844 50.0431 -18.7187 -26.6015 45.5355 -19.3849 -27.3138 40.6248 -19.3881 -26.8685 35.638 -18.75 -25.2823 30.9324 -17.5024 -22.6079 26.6616 -15.7922 -19.1864 23.152 -13.7451 -15.3485 20.3185 -0.839602 -0.937754 -1.00372 -1.06398 -1.88092 -1.98568 -2.11164 -2.10832 -1.18904 -1.33599 -1.56206 -1.71434 -1.41485 -1.43546 -1.36869 -1.24668 -0.455857 -0.243494 -0.0497275 0.133677 1.1866 1.35091 1.49598 1.62262 2.16301 2.19168 2.21206 2.23964 2.42164 2.42185 2.4313 2.43702 2.47597 2.45114 2.41607 2.37014 2.33808 2.31247 2.29124 2.27479 1.90655 1.80829 1.75331 1.66166 1.37888 1.31825 1.24111 1.19956 0.713852 0.689468 0.695993 0.68329 0.726787 0.747833 0.773206 0.796043 0.768633 0.779297 0.79112 0.795274 0.680993 0.632183 0.58612 0.562963 0.250404 0.127762 -0.0634347 -0.241947 -0.16082 -0.177547 -0.201685 -0.183513 -0.369828 -0.380063 -0.450447 -0.464518 -0.58547 -0.574717 -0.537087 -0.472611 -0.387883 -0.25627 -0.00283859 0.304496 1.10164 1.24486 1.3979 1.60275 1.27043 1.36307 1.46405 1.55311 0.706538 0.597194 0.458362 0.291908 -0.827713 -0.944583 -1.06058 -1.18961 0.0601861
-13.0093 -14.6942 18.764 -10.817 -12.0037 15.2972 -8.59606 -9.26831 11.8842 -6.39936 -6.55093 8.44123 -4.26879 -3.9296 4.88415 -1.90768 -1.0774 0.454134 0.199644 1.36221 -4.33568 1.93289 3.19958 -9.52747 3.07731 4.36031 -15.0662 3.57333 5.36816 -19.3204 4.13437 6.77145 -23.4526 5.15212 8.58688 -27.3292 6.62892 10.7883 -30.841 9.28544 14.2671 -34.7903 12.6179 18.2088 -37.639 16.4588 22.4077 -39.1792 20.5853 26.6171 -39.2804 23.3867 29.3156 -38.5156 26.1157 31.8178 -37.0991 28.6908 34.0507 -35.0748 31.0375 35.9522 -32.5073 33.7126 37.8979 -28.3634 35.7537 39.0974 -23.619 37.0916 39.5267 -18.5064 37.7014 39.2045 -13.2492 37.545 38.0396 -7.51912 36.5778 36.1276 -2.07641 34.8841 33.5868 2.91264 32.5618 30.54 7.33287 30.1531 27.6216 10.6092 27.4178 24.486 13.3912 24.4127 21.1941 15.6687 21.1892 17.8002 17.4416 17.5934 14.1524 18.7749 13.8524 10.4926 19.5654 10.0084 6.86384 19.829 6.09874 3.30473 19.5824 3.52105 1.03089 19.1529 0.941391 -1.19138 18.5156 -1.6244 -3.3611 17.674 -4.16077 -5.4775 16.6314 -7.94102 -8.59985 14.6612 -11.5613 -11.5931 12.2415 -14.9768 -14.4383 9.38503 -18.1546 -17.0997 6.10788 -21.3048 -19.7461 2.08011 -24.0787 -22.0753 -2.3954 -26.4194 -24.0292 -7.27938 -28.2651 -25.5456 -12.5181 -29.3393 -26.3977 -16.9171 -30.02 -26.8941 -21.4472 -30.2749 -27.0032 -26.0466 -30.076 -26.6973 -30.6399 -29.2845 -25.8329 -35.6909 -27.8777 -24.403 -40.4723 -25.8644 -22.4155 -44.8178 -23.2837 -19.9065 -48.5502 -20.2564 -16.9902 -51.4585 -16.8561 -13.734 -53.4492 -13.2223 -10.2683 -54.4042 -9.51998 -6.74713 -54.2544 -6.15805 -3.5555 -53.1064 -3.03805 -0.596509 -51.0287 -0.293267 2.00624 -48.1134 1.96516 4.1502 -44.4926 3.93663 6.02934 -39.3895 4.99847 7.05772 -33.7972 5.13534 7.22454 -28.0168 4.38719 6.57084 -22.3183 3.58956 5.78716 -18.9617 2.76846 4.74955 -15.6804 2.13327 3.59628 -12.3965 1.78189 2.57182 -9.02838 1.65973 1.51822 -3.33523 1.95755 1.13314 2.43538 2.56271 1.2398 8.19381 3.36672 1.6585 13.9135 4.18319 2.15849 19.1018 5.00515 2.64073 24.2908 5.7332 3.00192 29.5036 6.26398 3.13778 34.7509 6.49515 2.90796 40.4851 6.2229 2.1472 46.1715 5.31144 0.731307 51.6625 3.65288 -1.42713 56.72 1.14676 -4.40641 61.0907 -2.12543 -8.07399 64.2689 -5.96681 -12.1887 65.8728 -10.0452 -16.3811 65.6507 -12.9716 -19.2759 64.2735 -15.6256 -21.7991 61.9431 -17.8603 -23.8123 58.8136 -19.5731 -25.227 55.0846 -20.8349 -26.0725 50.3138 -21.3362 -26.1059 45.3324 -21.1384 -25.4121 40.3779 -20.3402 -24.1071 35.6106 -18.9983 -22.2395 30.9564 -17.2568 -19.9769 26.6207 -15.2278 -17.4309 22.577 1.56844 1.46509 1.39494 1.32829 0.49997 0.377631 0.233023 0.218825 1.12066 0.965541 0.731475 0.560214 0.825617 0.757366 0.778102 0.865798 1.64144 1.85151 2.0515 2.2486 3.32521 3.52374 3.70725 3.87309 4.45212 4.51508 4.56091 4.60365 4.79033 4.78751 4.78805 4.78049 4.80299 4.76018 4.7077 4.64627 4.6036 4.57126 4.54488 4.52475 4.15367 4.05392 3.99864 3.90733 3.6254 3.56616 3.49095 3.45214 2.97 2.95015 2.96292 2.95855 3.01336 3.04906 3.09118 3.13171 3.1212 3.14602 3.16723 3.1738 3.05346 2.99012 2.92147 2.8697 2.5229 2.3663 2.15115 1.9621 2.04066 2.0176 1.98289 1.99288 1.80407 1.79418 1.72654 1.71693 1.5998 1.61172 1.64509 1.69878 1.76678 1.87879 2.11647 2.41792 3.22334 3.39031 3.58011 3.83041 3.54151 3.67187 3.80917 3.93095 3.11264 3.02229 2.88901 2.71541 1.57892 1.4403 1.30336 1.15814 -0.0098468
