Optimization finished after 516600 iterations.
NEB Energy: 0.677627
Max NEB Force: 0.00737237
Optimization took: 1782319229585 ms
Energies: 
0.662476, 0.678864, 0.704989, 0.724858, 0.750483, 0.85444, 0.994884, 1.1232, 1.17878, 1.15447, 1.07178, 0.993696, 0.889372, 0.76074, 0.666515, 
NEB Forces: 
0, 0.00333955, 0.00487399, 0.00544019, 0.00527697, 0.00609898, 0.00679966, 0.00737237, 0.00707306, 0.0068269, 0.00670778, 0.0067634, 0.00614052, 0.00380784, 0, 
Gradients: 
6.68828e-06, 0.00224458, 0.00268082, 0.00311427, 0.0036049, 0.00573901, 0.00690245, 0.00750774, 0.00707069, 0.00692521, 0.0069775, 0.00702852, 0.00673874, 0.00446499, 7.96061e-05, 
Spring Forces: 
0, 0.00247484, 0.00407136, 0.00446217, 0.00387156, 0.00256168, 0.00151224, 0.000804839, 0.000325631, 3.29276e-05, 7.48962e-05, 9.13833e-05, 0.000127447, 0.000115439, 0, 