Optimization finished after 34700 iterations.
NEB Energy: 0.622034
Max NEB Force: 0.499647
Optimization took: 1782301935580 ms
Energies: 
0.662489, 0.87171, 0.917707, 1.07731, 1.17296, 1.28809, 1.43407, 1.55306, 1.56165, 1.4889, 1.37865, 1.3329, 1.25706, 1.13201, 0.666515, 
NEB Forces: 
0, 0.499647, 0.123669, 0.0230861, 0.0224042, 0.0229465, 0.0221017, 0.0226348, 0.0216331, 0.0192586, 0.0179815, 0.019638, 0.0217977, 0.0351767, 0, 
Gradients: 
0.000302436, 0.0171692, 0.0179892, 0.0217007, 0.0224986, 0.0231546, 0.0223581, 0.0226754, 0.0216509, 0.0193658, 0.018099, 0.0196906, 0.0216335, 0.0235036, 0.00223981, 
Spring Forces: 
0, 0.499352, 0.122357, 0.00836875, 0.000641367, 0.000191937, 0.000103266, 4.07814e-05, 0.000147653, 0.000425737, 1.90688e-05, 5.13478e-05, 0.00400948, 0.0267839, 0, 