Optimization finished after 200 iterations.
NEB Energy: 3.96576
Max NEB Force: 0.919146
Optimization took: 2250 ms
Energies: 
0.785901, 3.96761, 3.94758, 4.40878, 4.81419, 5.35156, 5.92072, 6.43457, 6.47698, 6.20932, 5.7397, 5.52736, 5.18599, 4.87829, 0.666515, 
NEB Forces: 
0, 0.723552, 0.728801, 0.759407, 0.775028, 0.806023, 0.85593, 0.91874, 0.919146, 0.895222, 0.859386, 0.845664, 0.822624, 0.804302, 0, 
Gradients: 
0.315905, 0.720617, 0.724999, 0.758122, 0.777381, 0.812035, 0.863854, 0.925181, 0.923716, 0.898311, 0.861248, 0.846585, 0.822616, 0.804617, 3.03169e-07, 
Spring Forces: 
0, 0.00369536, 9.99036e-07, 2.83719e-06, 3.45505e-06, 6.83482e-06, 1.493e-06, 6.45143e-06, 1.51896e-06, 1.97378e-07, 5.60463e-07, 1.9644e-06, 9.35202e-06, 0.000376614, 0, 
Bend Energies: 
0.661447, 3.68267, 3.69492, 4.14125, 4.51973, 4.97777, 5.46133, 5.94149, 6.07355, 5.80889, 5.35448, 5.17062, 4.84828, 4.52727, 0.666508, 
Twist Energies: 
0.12445, 0.247269, 0.214788, 0.229136, 0.255665, 0.334439, 0.419761, 0.453383, 0.362902, 0.359936, 0.34534, 0.317052, 0.298494, 0.312733, 1.12165e-21, 
Stretch Energies: 
4.18459e-07, 0.0376738, 0.0378779, 0.0383957, 0.0387897, 0.0393487, 0.0396223, 0.0396941, 0.0405262, 0.0404903, 0.0398805, 0.0396843, 0.0392095, 0.0382874, 1.04689e-06, 
