# num_vectors 15
# vector_size 401
# Iterations: 34700, stepsize: 0.025003, max step size: 1.000000, spring constant: 0.001000, global NEB Hessian: false, global NEB Linesearch: true, climbing image: false
-34.1209 -1.44005 6.79258 -33.4059 2.48999 9.63987 -32.1579 6.34924 12.3989 -30.3982 10.1278 14.9853 -28.1521 13.8147 17.3145 -24.9272 18.0151 19.6148 -21.1383 22.0331 21.2984 -16.8765 25.8166 22.224 -12.267 29.2932 22.2593 -8.62699 31.6787 21.6118 -4.97655 33.7838 20.3461 -1.42597 35.5587 18.448 1.90088 36.9543 15.9294 5.78976 38.1604 11.6657 8.74672 38.5736 6.58219 11.1494 38.3701 1.20236 13.7041 37.3699 -4.01588 15.648 36.0031 -7.1889 17.6962 34.1145 -10.009 19.7791 31.7657 -12.4296 21.8331 29.0235 -14.4238 24.4422 24.8555 -16.4072 26.7879 20.2609 -17.6324 28.7827 15.3755 -18.1496 30.3597 10.3146 -18.0308 31.5554 4.64084 -17.2603 32.129 -1.02871 -15.9404 32.0382 -6.61103 -14.1956 31.2477 -12.0344 -12.1517 29.9911 -16.4972 -10.2655 28.1852 -20.7479 -8.33605 25.822 -24.7364 -6.44899 22.9041 -28.4051 -4.69402 19.2355 -31.864 -3.08434 15.0141 -34.8046 -1.84108 10.3227 -37.1332 -1.07774 5.28803 -38.7561 -0.90003 1.89211 -39.392 -1.15003 -1.51523 -39.6696 -1.70868 -4.8649 -39.5773 -2.58638 -8.08167 -39.1124 -3.78443 -12.5653 -37.7017 -6.19843 -16.3112 -35.4841 -9.19358 -19.158 -32.5739 -12.5621 -21.024 -29.1151 -16.0941 -21.9297 -24.8964 -19.9062 -21.7267 -20.3833 -23.4755 -20.5336 -15.724 -26.6406 -18.4992 -11.0315 -29.2847 -16.3776 -7.30412 -30.969 -13.9013 -3.63161 -32.2385 -11.1509 -0.030085 -33.0729 -8.20483 3.49188 -33.4572 -4.74759 7.35448 -33.3383 -1.24536 11.1108 -32.6237 2.19456 14.7599 -31.3056 5.46145 18.2973 -29.382 8.39894 21.6644 -26.8996 10.9378 24.8919 -23.8557 12.9558 27.9486 -20.2903 14.3297 30.7908 -16.27 14.9261 33.2032 -12.1918 14.7759 35.3264 -7.91673 13.8211 37.1037 -3.58814 12.0375 38.4501 0.632402 9.08273 39.0753 5.56571 6.02536 38.3016 10.4147 3.6291 36.3385 15.2998 1.98121 33.4002 20.002 1.32963 31.1938 22.6898 0.937595 28.7199 25.1885 0.786295 26.0175 27.4669 0.853397 23.1234 29.501 1.37933 18.059 32.2599 2.30485 12.7083 34.2727 3.50969 7.18242 35.5174 4.87304 1.57394 35.9898 6.14928 -3.5397 35.7534 7.36795 -8.59993 34.8915 8.43983 -13.5515 33.4194 9.2761 -18.3354 31.3582 9.81841 -23.2757 28.4795 9.86704 -27.8404 24.994 9.31917 -31.915 20.9834 8.0876 -35.3707 16.5643 6.06766 -38.1144 11.8049 3.25618 -39.933 7.00403 -0.305658 -40.7096 2.42473 -4.50398 -40.3748 -1.63996 -7.91885 -39.404 -4.13738 -11.48 -37.8529 -6.0747 -15.0706 -35.7971 -7.38684 -18.5658 -33.3156 -8.07011 -22.3388 -30.0246 -8.10729 -25.7085 -26.3874 -7.41208 -28.5809 -22.5094 -6.0789 -30.8956 -18.48 -4.21509 -32.6713 -14.2187 -1.84047 -33.7978 -9.932 0.862359 -34.277 -5.66271 3.77677 85.8319 85.8173 85.8192 85.8176 85.0588 85.0162 84.9616 85.0322 85.9394 85.7876 85.5701 85.4079 85.6773 85.6079 85.5835 85.5012 85.976 85.8618 85.67 85.432 86.0029 85.7044 85.505 85.3885 85.751 85.6488 85.5733 85.5268 85.6527 85.6099 85.5843 85.5636 85.5861 85.5575 85.5344 85.518 85.5256 85.5412 85.5709 85.6155 85.3388 85.3705 85.4602 85.5234 85.4078 85.5202 85.6075 85.7153 85.3467 85.4124 85.4949 85.5446 85.6413 85.7051 85.7621 85.8079 85.7969 85.82 85.8423 85.857 85.7549 85.722 85.6985 85.7108 85.4834 85.4771 85.368 85.2263 85.3145 85.301 85.2899 85.3412 85.2155 85.2913 85.3114 85.3794 85.3135 85.3423 85.3433 85.2996 85.1815 84.9981 84.863 84.7797 85.2559 85.1855 85.2331 85.4237 85.143 85.3248 85.5576 85.8264 85.2282 85.4408 85.6615 85.8541 85.0596 85.2087 85.2942 85.3152 0.00384557
-33.4572 -2.16553 8.73784 -32.2583 0.89318 12.3806 -30.3908 3.91857 15.7602 -27.998 6.96718 18.7674 -25.2021 10.0703 21.3397 -21.5061 13.7754 23.7779 -17.4348 17.4536 25.5749 -13.0029 20.9829 26.6868 -8.25005 24.2499 26.9516 -4.52207 26.516 26.3807 -0.883234 28.5586 24.9861 2.40496 30.3459 22.6728 5.06348 31.8285 19.496 7.38299 33.249 14.2658 8.54099 33.9779 8.53148 9.29808 33.995 2.68503 10.4701 33.2384 -3.04281 11.7527 32.2563 -6.66282 13.4302 30.8929 -9.98557 15.404 29.1539 -12.951 17.5339 27.0411 -15.5422 20.4069 23.6323 -18.4124 23.0498 19.5656 -20.5549 25.2817 14.9333 -21.8484 26.9982 9.92689 -22.1676 28.2426 4.26979 -21.3539 28.814 -1.23804 -19.4695 28.7393 -6.447 -16.8096 28.0199 -11.3485 -13.6995 26.8564 -15.3328 -10.9023 25.1428 -19.1256 -8.12174 22.8395 -22.6929 -5.47179 19.9335 -25.9714 -3.05113 16.2325 -29.0425 -0.841049 11.957 -31.6279 0.905232 7.21475 -33.6631 2.08098 2.14454 -35.0976 2.57963 -1.26724 -35.6894 2.48602 -4.68868 -35.9935 2.03822 -8.05584 -35.9991 1.22496 -11.2993 -35.6956 0.0471976 -15.8523 -34.6238 -2.41072 -19.6931 -32.8023 -5.54945 -22.5846 -30.2647 -9.17156 -24.3552 -27.1137 -13.0259 -24.9342 -23.1794 -17.1895 -24.1764 -18.9739 -21.0482 -22.2536 -14.7277 -24.4278 -19.3658 -10.6111 -27.232 -16.4878 -7.4854 -29.0148 -13.1979 -4.54567 -30.3435 -9.59144 -1.79874 -31.1676 -5.78127 0.778617 -31.4335 -1.41348 3.54101 -31.0128 2.82487 6.27263 -29.8045 6.7135 9.09034 -27.849 10.0731 12.0806 -25.2689 12.7797 15.2381 -22.2972 14.895 18.608 -19.0883 16.4728 22.1684 -15.7776 17.5208 25.8676 -12.4093 17.9178 29.3546 -9.17061 17.5521 32.7049 -5.78711 16.1986 35.6346 -2.26712 13.7721 37.7685 1.24907 9.6767 38.8528 5.18717 5.04765 38.1438 8.58218 0.656623 35.8842 11.5939 -2.92375 32.4762 14.5979 -4.52437 30.0224 16.5811 -5.61347 27.3883 18.6769 -6.17485 24.6504 20.8461 -6.23295 21.8593 23.0193 -5.37007 17.2356 26.3976 -3.66367 12.4871 29.2393 -1.46739 7.53391 31.2833 0.917281 2.36637 32.3535 3.06554 -2.45139 32.4376 5.09473 -7.2713 31.742 6.9624 -12.0213 30.4067 8.6318 -16.6787 28.5752 10.1311 -21.6492 26.119 11.1041 -26.5 23.2018 11.2893 -31.1161 19.7895 10.4454 -35.2339 15.8756 8.41945 -38.5161 11.4732 5.33317 -40.4514 6.89197 1.51024 -40.7682 2.47119 -2.64992 -39.477 -1.43834 -5.77061 -37.6621 -3.84827 -8.86273 -35.304 -5.7767 -11.9398 -32.5954 -7.20367 -15.0402 -29.7 -8.12266 -18.6671 -26.2734 -8.53659 -22.3012 -22.8441 -8.22139 -25.7969 -19.4299 -7.13048 -28.9298 -16.0128 -5.2397 -31.5223 -12.4616 -2.47974 -33.2031 -8.93625 0.940161 -33.8435 -5.49344 4.77238 18.685 18.6976 18.7004 18.6854 17.9069 17.8482 17.7906 17.8709 18.7811 18.6271 18.4069 18.2489 18.5353 18.4848 18.4664 18.3836 18.8793 18.7864 18.6329 18.4392 19.0227 18.6464 18.3315 18.1402 18.4857 18.4086 18.3738 18.3667 18.5233 18.5048 18.5017 18.5034 18.5489 18.5437 18.5425 18.5457 18.5669 18.5913 18.6272 18.6751 18.398 18.4256 18.5128 18.5765 18.4651 18.5836 18.6753 18.783 18.4096 18.4655 18.5297 18.5475 18.5892 18.5668 18.5156 18.4486 18.3417 18.2974 18.2795 18.2726 18.1632 18.1401 18.1542 18.2379 18.0924 18.173 18.1486 18.0763 18.2112 18.2308 18.2445 18.3103 18.1996 18.2831 18.2939 18.3392 18.2482 18.258 18.2503 18.2082 18.0979 17.9156 17.7539 17.6056 17.9979 17.8561 17.8662 18.0612 17.8145 18.0317 18.2848 18.5367 17.87 17.9663 18.076 18.2334 17.5245 17.852 18.1203 18.2724 0.177835
-31.1335 1.4446 5.84796 -29.88 4.63207 9.35962 -27.9755 7.59583 12.7731 -25.5707 10.4266 15.9773 -22.7804 13.2132 18.8949 -19.0958 16.4982 21.8895 -15.0255 19.7889 24.3262 -10.5765 23.0309 26.0668 -5.79091 26.1635 26.8537 -2.04403 28.4509 26.5579 1.58038 30.6165 25.3198 4.7935 32.6063 23.0671 7.30931 34.3376 19.8998 9.36197 36.107 14.6643 10.2006 37.1382 8.92069 10.5383 37.3608 3.03918 11.129 36.6894 -2.788 11.9488 35.6992 -6.5379 13.149 34.2838 -10.0409 14.6802 32.467 -13.214 16.4433 30.2736 -16.006 18.9879 26.787 -19.0853 21.523 22.7061 -21.3287 23.8742 18.1288 -22.607 25.9096 13.2375 -22.8195 27.6761 7.7457 -21.8532 28.8683 2.36503 -19.8934 29.4433 -2.86664 -17.3412 29.3477 -8.02534 -14.5857 28.6704 -12.4192 -12.2861 27.3942 -16.7496 -10.1247 25.4883 -20.9131 -8.10337 22.9517 -24.775 -6.17876 19.6165 -28.38 -4.20552 15.6726 -31.3496 -2.29756 11.203 -33.5653 -0.529203 6.31241 -34.936 0.959372 2.95003 -35.3439 1.68532 -0.481561 -35.3557 2.15751 -3.92066 -34.9758 2.32237 -7.2959 -34.2205 2.13232 -12.15 -32.4097 1.0939 -16.381 -29.9555 -0.904956 -19.7121 -27.0612 -3.81128 -21.9385 -23.9434 -7.45028 -23.0122 -20.5008 -11.9385 -22.7462 -17.1289 -16.5978 -21.3185 -13.8291 -21.0948 -18.9269 -10.5319 -25.1639 -16.4356 -7.84313 -27.9558 -13.5079 -5.10283 -30.2252 -10.224 -2.32193 -31.8727 -6.6896 0.481751 -32.8097 -2.58725 3.65041 -32.9354 1.39767 6.84559 -32.043 4.99676 10.0862 -30.1909 7.99841 13.3902 -27.5528 10.2905 16.7314 -24.4368 11.9681 20.1894 -21.067 13.1329 23.7921 -17.6331 13.8272 27.5208 -14.2064 13.9585 31.0187 -10.9577 13.3859 34.3246 -7.5592 11.8792 37.0846 -3.96513 9.37094 38.8487 -0.304256 5.34826 39.1981 3.83732 1.06481 37.5815 7.37227 -2.698 34.4495 10.4528 -5.4065 30.3509 13.5061 -6.36583 27.6024 15.5167 -6.74063 24.7862 17.6251 -6.52963 21.9807 19.7701 -5.77997 19.226 21.8597 -3.58382 14.8456 24.9459 -0.642931 10.4519 27.3086 2.59059 5.8714 28.7573 5.74389 1.03647 29.2219 8.33356 -3.54344 28.8331 10.5709 -8.20471 27.784 12.4506 -12.8792 26.2191 13.9834 -17.5301 24.2561 15.2219 -22.535 21.7254 15.8818 -27.4062 18.7549 15.7578 -31.9686 15.2683 14.6406 -35.9069 11.2399 12.3696 -38.838 6.71103 9.04842 -40.2439 2.10108 4.98987 -39.9089 -2.10302 0.603615 -37.9729 -5.46032 -2.67494 -35.7775 -7.26907 -5.91559 -33.1647 -8.49881 -9.13101 -30.3391 -9.21861 -12.3554 -27.4483 -9.51408 -16.1012 -24.1278 -9.41085 -19.8249 -20.8246 -8.8719 -23.391 -17.4575 -7.86535 -26.5876 -13.9301 -6.31421 -29.2377 -10.074 -4.06551 -30.9473 -6.10851 -1.18421 -31.5716 -2.21465 2.19181 1.7362 1.76699 1.78515 1.78094 1.00964 0.955026 0.898446 0.970816 1.85824 1.68597 1.45264 1.28383 1.55993 1.50125 1.48142 1.40255 1.88912 1.76683 1.5613 1.30525 1.83182 1.44021 1.15109 0.989349 1.34974 1.26826 1.21188 1.17024 1.28853 1.23444 1.19917 1.17334 1.19503 1.16949 1.15331 1.15013 1.17575 1.21091 1.26485 1.33844 1.10363 1.19525 1.35229 1.47867 1.41078 1.54208 1.61574 1.68573 1.27347 1.30071 1.34829 1.36505 1.42326 1.43561 1.43038 1.41356 1.3561 1.35863 1.38445 1.41916 1.35037 1.37045 1.43393 1.57036 1.476 1.59053 1.58098 1.52211 1.67629 1.71631 1.75522 1.85159 1.78276 1.90115 1.92569 1.96255 1.84373 1.8142 1.76295 1.68258 1.54731 1.36109 1.2119 1.07565 1.46753 1.31835 1.32326 1.51818 1.27655 1.5027 1.77015 2.0404 1.39485 1.51231 1.63525 1.78762 1.04748 1.33028 1.56957 1.71916 0.58798
-30.2093 2.78356 4.31762 -28.7396 6.0561 7.66319 -26.7017 8.9746 11.0384 -24.1927 11.7043 14.2503 -21.2629 14.3782 17.1363 -17.3209 17.5233 19.9474 -12.8987 20.6308 21.9776 -8.07499 23.5976 23.1015 -2.99927 26.3488 23.1373 0.835485 28.3103 22.2397 4.37519 30.171 20.4048 7.25929 31.9296 17.5858 9.13467 33.527 13.9405 9.86682 35.2563 8.35242 9.20636 36.4272 2.6125 8.48587 37.1151 -3.19801 9.20627 37.4633 -9.03865 10.7267 37.2664 -12.6942 12.888 36.5391 -15.9366 15.4324 35.1969 -18.664 18.1097 33.2396 -20.8353 21.5794 29.7693 -22.8432 24.6447 25.5536 -23.8144 27.1638 20.8891 -23.7161 29.0888 16.0837 -22.5693 30.5291 10.9012 -20.2712 31.3057 5.93168 -17.2856 31.4668 1.03531 -14.0898 31.0111 -3.97776 -11.1107 30.0924 -8.39535 -8.94427 28.6453 -12.8382 -7.15009 26.6315 -17.1521 -5.60487 24.0292 -21.1607 -4.11783 20.6515 -24.8713 -2.43383 16.6952 -27.8484 -0.563761 12.2627 -29.9544 1.41878 7.46752 -31.1263 3.32814 4.18703 -31.3923 4.40823 0.836026 -31.2768 5.27789 -2.54561 -30.8069 5.86328 -5.91069 -30.0182 6.09371 -10.8836 -28.2901 5.64229 -15.4299 -26.1082 4.06402 -19.2449 -23.6864 1.32536 -22.04 -21.2367 -2.43034 -23.7216 -18.7163 -7.32615 -23.976 -16.4066 -12.594 -22.9631 -14.2211 -17.8234 -20.8974 -11.9891 -22.7122 -18.6227 -10.0415 -26.2141 -15.8865 -7.88852 -29.2323 -12.7828 -5.49542 -31.6554 -9.4271 -2.85113 -33.3811 -5.52877 0.414093 -34.3945 -1.74353 3.95773 -34.3775 1.68129 7.71877 -33.3721 4.56264 11.6132 -31.5235 6.81187 15.5054 -29.0904 8.5355 19.4027 -26.2675 9.85228 23.2823 -23.2108 10.8415 27.1105 -19.9712 11.4249 30.5593 -16.7195 11.4926 33.7174 -13.1377 10.7319 36.2639 -9.16992 8.84391 37.6981 -5.02449 5.16731 37.3626 -0.571513 1.09204 35.2321 2.93745 -2.63522 31.9114 5.85982 -5.55522 27.8656 8.78637 -6.75614 25.2167 10.8009 -7.43024 22.5366 13.0099 -7.53305 19.9079 15.3755 -7.06344 17.3851 17.8111 -5.15864 13.532 21.6919 -2.15229 9.84253 24.9911 1.57657 6.07244 27.3187 5.59936 2.0558 28.4227 9.14529 -1.84991 28.3557 12.3171 -5.97029 27.4642 14.9653 -10.3128 26.0632 17.0081 -14.8994 24.4435 18.4608 -20.1441 22.608 18.9975 -25.5194 20.6572 18.4904 -30.7617 18.3664 16.8293 -35.4513 15.4968 13.9334 -39.0857 11.9384 10.0035 -40.9924 8.04245 5.44346 -40.8902 4.37456 0.738818 -38.9793 1.46376 -2.65357 -36.7599 -0.0873185 -5.93372 -34.1375 -1.18457 -9.15738 -31.3416 -1.97925 -12.3923 -28.5209 -2.62712 -16.1678 -25.3051 -3.31282 -19.9294 -22.0602 -3.93539 -23.5219 -18.5967 -4.34144 -26.7001 -14.7289 -4.26891 -29.2298 -10.2783 -3.40837 -30.6847 -5.634 -1.60217 -30.9686 -1.18674 1.06048 0.132055 0.160386 0.179936 0.182508 -0.575745 -0.612367 -0.653299 -0.57162 0.318327 0.136813 -0.109917 -0.282778 0.00348058 -0.0299799 -0.0408748 -0.15265 0.313545 0.201072 0.0206521 -0.208109 0.347189 -0.00136386 -0.239992 -0.357348 0.0355481 -0.0261229 -0.0749011 -0.119325 -0.010504 -0.0764684 -0.123637 -0.159731 -0.146596 -0.178933 -0.199528 -0.203713 -0.175603 -0.136701 -0.0779301 0.000921043 -0.228025 -0.132379 0.0223569 0.138981 0.0539093 0.162823 0.211672 0.254456 -0.185552 -0.185494 -0.166345 -0.17604 -0.138334 -0.132163 -0.12355 -0.108336 -0.123648 -0.0776039 -0.0116661 0.0571044 0.0115804 0.0389843 0.0898394 0.197165 0.0682571 0.131629 0.081168 0.00184882 0.151611 0.191017 0.227851 0.318979 0.244943 0.372304 0.422094 0.494167 0.401869 0.369592 0.272375 0.111201 -0.105247 -0.324308 -0.436461 -0.492808 -0.0246621 -0.124489 -0.0895789 0.131124 -0.0820514 0.174069 0.471469 0.761334 0.116795 0.212683 0.295999 0.397293 -0.398433 -0.163407 0.0459931 0.181297 0.648127
-29.0181 2.50064 4.5102 -27.7336 5.94397 7.75922 -25.8609 9.03162 11.0791 -23.4089 11.8949 14.2179 -20.3744 14.6174 16.946 -16.1059 17.6506 19.3776 -11.2355 20.4317 20.7482 -6.01048 22.8814 20.9248 -0.758306 24.998 19.7988 2.96861 26.4612 17.9747 6.16256 27.8568 15.2897 8.49868 29.2361 11.8259 9.73844 30.6052 7.83269 9.72331 32.367 2.20692 8.66473 34.0438 -3.34482 7.97071 35.7079 -8.95761 9.1168 37.2729 -14.5245 11.057 37.6806 -17.9571 13.7478 37.3366 -20.8474 16.8557 36.1775 -23.018 20.0374 34.2745 -24.4212 23.9834 30.8123 -25.1665 27.2639 26.6622 -24.8093 29.7566 22.1715 -23.4928 31.4579 17.6327 -21.3439 32.4887 12.7907 -18.2284 32.7677 8.13463 -14.699 32.4214 3.47252 -11.1835 31.5162 -1.39803 -8.07356 30.295 -5.748 -5.91973 28.6265 -10.1493 -4.21759 26.4512 -14.4256 -2.79148 23.7146 -18.3778 -1.39743 20.2032 -21.9773 0.25355 16.1305 -24.7685 2.1601 11.6249 -26.6331 4.21803 6.80954 -27.5794 6.2004 3.53276 -27.7593 7.30908 0.184397 -27.6327 8.18736 -3.21011 -27.2453 8.75845 -6.61557 -26.6412 8.95035 -11.7175 -25.3843 8.39308 -16.4668 -23.8529 6.65585 -20.5242 -22.1747 3.71625 -23.5499 -20.4659 -0.264324 -25.4144 -18.6671 -5.40598 -25.751 -16.9625 -10.895 -24.7303 -15.294 -16.3102 -22.6067 -13.535 -21.3645 -20.2823 -11.9467 -25.0122 -17.5132 -10.1231 -28.2119 -14.4067 -8.00286 -30.8736 -11.0834 -5.54713 -32.9123 -7.25594 -2.37257 -34.3817 -3.5487 1.20966 -34.9384 -0.16132 5.12163 -34.6095 2.76695 9.25181 -33.4901 5.15485 13.4226 -31.7491 7.07455 17.5977 -29.5104 8.58412 21.7048 -26.8681 9.71031 25.6711 -23.8467 10.3616 29.148 -20.6381 10.4806 32.2347 -16.9959 9.84283 34.6463 -12.9235 8.23072 35.9778 -8.62992 4.99034 35.6208 -3.85177 1.19822 33.4986 -0.0340186 -2.48147 30.1915 2.96298 -5.62898 26.1654 5.67268 -7.13247 23.5219 7.48067 -8.23742 20.8313 9.49472 -8.87444 18.1817 11.751 -8.99017 15.6512 14.2207 -7.99912 11.8899 18.5109 -5.55637 8.5585 22.5691 -1.83577 5.47341 25.7587 2.75154 2.42788 27.5519 7.15111 -0.468266 27.8482 11.3055 -3.64409 27.1501 14.9013 -7.3227 25.9797 17.6943 -11.6543 24.8537 19.5607 -17.021 24.0167 20.0277 -22.7232 23.5142 19.0857 -28.3547 22.8937 16.8348 -33.4824 21.6188 13.389 -37.6376 19.3564 9.09125 -40.1559 16.283 4.33679 -40.7434 12.9203 -0.481239 -39.5267 9.82769 -3.93678 -37.7588 7.88496 -7.24904 -35.4992 6.2226 -10.4381 -32.9612 4.72967 -13.5385 -30.2884 3.28599 -17.0205 -27.1068 1.60675 -20.3643 -23.7593 -0.0301599 -23.4683 -20.0817 -1.41121 -26.1555 -15.9345 -2.21532 -28.2555 -11.1884 -2.1033 -29.4437 -6.29335 -0.848328 -29.665 -1.64674 1.45573 -0.0477512 -0.0178518 0.0177015 0.047363 -0.676313 -0.67997 -0.703147 -0.62141 0.266715 0.0778989 -0.178898 -0.354501 -0.0640396 -0.0866763 -0.0804534 -0.161591 0.31493 0.193017 0.000100369 -0.223459 0.375323 0.107377 -0.0653428 -0.148475 0.257407 0.199753 0.153578 0.112011 0.222407 0.155651 0.105665 0.0657468 0.0751159 0.0399914 0.0181189 0.0136282 0.0407421 0.0770311 0.130445 0.200331 -0.0455653 0.0217024 0.14261 0.225201 0.109106 0.192979 0.223337 0.25127 -0.202047 -0.215599 -0.21218 -0.238263 -0.215257 -0.217093 -0.206497 -0.181263 -0.183703 -0.126358 -0.0515632 0.0250853 -0.0130673 0.0190852 0.0671659 0.157887 -0.00391361 0.0211653 -0.0584008 -0.157551 -0.0199428 0.0134185 0.0445093 0.126031 0.0372981 0.165563 0.239917 0.355425 0.306327 0.290484 0.159178 -0.0804782 -0.374005 -0.619267 -0.694637 -0.669556 -0.104044 -0.11822 -0.0232151 0.232849 0.034061 0.295101 0.594098 0.884488 0.238242 0.324416 0.383 0.439922 -0.417423 -0.248149 -0.0917811 0.00979535 0.642087
-27.1926 2.05502 5.32518 -26.0993 5.86182 8.21926 -24.3869 9.32257 11.2448 -21.9576 12.4489 14.1408 -18.7552 15.2045 16.6336 -14.0809 17.8945 18.6946 -8.74271 19.9639 19.4389 -3.24118 21.5096 18.6163 1.8248 22.7524 16.1417 4.97741 23.6915 13.2198 7.23936 24.7343 9.59299 8.46279 25.963 5.54933 8.69456 27.4124 1.40163 7.87137 29.683 -3.97618 6.79958 32.2751 -9.16146 6.71038 34.9644 -14.4068 8.63402 37.1367 -19.5384 11.1962 37.8178 -22.4853 14.4921 37.6628 -24.6822 18.0936 36.6488 -25.9916 21.6134 34.8847 -26.4534 25.7748 31.6368 -25.9569 29.0751 27.7482 -24.5076 31.4578 23.5505 -22.3132 32.959 19.3042 -19.5152 33.6918 14.7435 -15.9268 33.6208 10.2965 -12.1277 32.913 5.76789 -8.49391 31.6846 0.971945 -5.3789 30.2498 -3.34159 -3.28432 28.4313 -7.7183 -1.67501 26.1518 -11.9721 -0.347754 23.3287 -15.8915 0.963996 19.7267 -19.4272 2.55668 15.5687 -22.1153 4.42682 11 -23.86 6.45033 6.14899 -24.7243 8.38262 2.85718 -24.9062 9.44553 -0.506969 -24.8405 10.2683 -3.92381 -24.5817 10.7754 -7.36176 -24.1758 10.8963 -12.5359 -23.3438 10.2215 -17.3804 -22.3433 8.36416 -21.5487 -21.2399 5.31007 -24.6919 -20.0848 1.22282 -26.6755 -18.8128 -4.03039 -27.0986 -17.5427 -9.6301 -26.1167 -16.2428 -15.1524 -23.9885 -14.8217 -20.3099 -21.6452 -13.4929 -24.0481 -18.8598 -11.9112 -27.3603 -15.7551 -9.9967 -30.1759 -12.4627 -7.69168 -32.4293 -8.70463 -4.60825 -34.2335 -5.08315 -1.03642 -35.2398 -1.75707 2.93454 -35.4733 1.18044 7.18095 -34.9989 3.67473 11.5089 -33.9147 5.79475 15.8611 -32.2741 7.56669 20.1288 -30.089 8.96826 24.1905 -27.3201 9.84514 27.6494 -24.1463 10.1424 30.5836 -20.3901 9.67218 32.7335 -16.1519 8.3161 33.8353 -11.7074 5.57915 33.5637 -6.61898 2.07906 31.6405 -2.43473 -1.59767 28.4595 0.699015 -4.97983 24.4594 3.15224 -6.75693 21.7833 4.63456 -8.25558 19.0126 6.24507 -9.41619 16.2282 8.09356 -10.1667 13.5138 10.2349 -10.3264 9.40676 14.3142 -8.82133 5.91703 18.6834 -5.51738 3.15234 22.553 -0.755747 1.06258 25.101 4.19394 -0.526309 25.9993 9.1665 -2.28395 25.8739 13.7799 -4.80045 25.4099 17.574 -8.46358 25.2814 20.1024 -13.5836 25.8951 20.5649 -19.1921 27.0418 19.1423 -24.6694 28.0219 16.2966 -29.6568 28.1375 12.4151 -33.8826 26.982 7.94948 -36.8429 24.6256 3.19956 -38.2579 21.5119 -1.59961 -38.1072 18.1647 -5.07524 -37.143 15.75 -8.41648 -35.6167 13.4376 -11.5928 -33.6904 11.1923 -14.5887 -31.4774 8.96336 -17.8012 -28.6158 6.40259 -20.7171 -25.3605 3.95975 -23.2679 -21.5904 1.87479 -25.3428 -17.2544 0.47503 -26.8594 -12.3068 0.0626759 -27.6521 -7.23631 0.84417 -27.7418 -2.38743 2.69605 -0.300879 -0.275638 -0.218561 -0.148136 -0.818693 -0.77248 -0.770881 -0.695052 0.185401 -0.00776551 -0.26586 -0.435359 -0.135766 -0.15946 -0.168516 -0.261313 0.222343 0.119259 -0.0361194 -0.203784 0.471148 0.281709 0.161635 0.104735 0.519908 0.463577 0.417514 0.377108 0.488654 0.421528 0.369313 0.325874 0.331372 0.292874 0.268383 0.261049 0.284068 0.315136 0.361032 0.420886 0.158992 0.202678 0.297249 0.353457 0.21258 0.275848 0.291263 0.308132 -0.154542 -0.177909 -0.186277 -0.224935 -0.213439 -0.222226 -0.212189 -0.18299 -0.180314 -0.119115 -0.0420278 0.0360305 -0.00193927 0.0266408 0.0623047 0.125103 -0.0910501 -0.114589 -0.221842 -0.335935 -0.209372 -0.182696 -0.158353 -0.088223 -0.197351 -0.0772768 0.0135883 0.166339 0.159601 0.171141 0.0368929 -0.233532 -0.563227 -0.824474 -0.877885 -0.790676 -0.139417 -0.0735974 0.0720877 0.344637 0.135549 0.375387 0.648614 0.916893 0.255622 0.332573 0.37879 0.40888 -0.49647 -0.393323 -0.306798 -0.26313 0.589783
-25.3121 0.851764 6.83765 -24.1957 4.92178 9.33792 -22.4357 8.67249 11.9642 -19.8801 12.0334 14.4614 -16.4587 14.878 16.5263 -11.471 17.4097 17.9567 -5.93793 19.0496 17.7873 -0.640853 20.0035 15.6986 3.55019 20.6405 11.7792 5.58368 21.1917 7.91672 6.53016 21.9453 3.68655 6.56116 23.0047 -0.583687 6.00502 24.4303 -4.70881 4.95904 26.9419 -9.93881 4.54987 30.0508 -14.9311 5.66898 33.3774 -19.6677 8.83421 36.17 -23.7831 12.0249 37.2454 -25.8751 15.747 37.4556 -27.2225 19.6109 36.7583 -27.768 23.2715 35.2511 -27.5622 27.4684 32.2702 -26.292 30.6699 28.6249 -24.1529 32.8576 24.691 -21.3507 34.1049 20.7293 -18.0549 34.525 16.4658 -14.0724 34.1368 12.2463 -10.0402 33.1358 7.85475 -6.30843 31.6713 3.12262 -3.1979 30.1 -1.16913 -1.15727 28.2031 -5.53834 0.380354 25.881 -9.78826 1.64451 23.0209 -13.6929 2.9195 19.3656 -17.1757 4.50713 15.1438 -19.7493 6.39533 10.5215 -21.3225 8.43789 5.64125 -21.9972 10.3718 2.34154 -22.077 11.4227 -1.02579 -21.9433 12.2239 -4.44529 -21.6647 12.7016 -7.88867 -21.2977 12.7874 -13.0807 -20.6485 12.0517 -17.9569 -19.9773 10.1302 -22.1718 -19.3216 7.01193 -25.3756 -18.6852 2.85856 -27.4342 -18.0012 -2.47461 -27.9291 -17.2971 -8.16744 -27.0049 -16.5201 -13.7969 -24.919 -15.5712 -19.0788 -22.605 -14.5747 -22.9367 -19.8528 -13.2714 -26.3947 -16.7947 -11.5666 -29.3902 -13.5707 -9.39448 -31.8639 -9.91846 -6.37536 -33.969 -6.41881 -2.80253 -35.3377 -3.19681 1.20666 -35.9942 -0.305182 5.51068 -35.988 2.22743 9.90806 -35.374 4.47047 14.3385 -34.1626 6.43015 18.6825 -32.3138 8.05568 22.7967 -29.7528 9.15568 26.2587 -26.6526 9.68739 29.1351 -22.8777 9.47625 31.1751 -18.5649 8.41516 32.152 -14.0123 6.0591 31.7657 -8.74382 2.88656 29.7849 -4.33146 -0.594405 26.565 -1.01879 -3.94327 22.5034 1.37839 -5.79311 19.7543 2.61835 -7.4505 16.8631 3.80621 -8.87699 13.8789 5.06181 -10.0143 10.8504 6.49408 -11.0359 5.94214 9.39234 -10.4262 1.51839 13.0791 -7.71743 -1.69152 17.0654 -3.18397 -3.09213 20.3847 1.7261 -3.01631 22.3124 6.84255 -2.52631 23.501 11.9616 -2.76625 24.7534 16.4758 -4.67571 26.7042 19.406 -8.73896 29.5123 19.5492 -13.8345 32.1578 17.4801 -18.9175 33.8513 14.1925 -23.6072 34.2811 10.2907 -27.8805 33.4013 6.14518 -31.4618 31.3401 1.83309 -34.0738 28.3664 -2.6009 -35.4793 24.8134 -5.89807 -35.6959 21.9987 -9.12357 -35.2475 19.1288 -12.2059 -34.2112 16.2537 -15.0868 -32.6546 13.4044 -18.1014 -30.2479 10.2128 -20.726 -27.1616 7.27097 -22.8906 -23.3675 4.82442 -24.5195 -18.9321 3.16894 -25.5891 -13.8919 2.53514 -26.0401 -8.74735 3.0636 -25.9349 -3.7876 4.59307 -0.661131 -0.647168 -0.588387 -0.506409 -1.15845 -1.09358 -1.08446 -1.01248 -0.11702 -0.288466 -0.525564 -0.67702 -0.369373 -0.404121 -0.417818 -0.473128 0.0830863 0.0541801 -0.0275443 -0.133922 0.593561 0.446082 0.358209 0.32545 0.757594 0.712433 0.67421 0.640173 0.75628 0.691484 0.639689 0.595451 0.599992 0.561396 0.538223 0.533202 0.557635 0.588592 0.632577 0.688333 0.418118 0.447147 0.523018 0.558074 0.394477 0.435476 0.431341 0.431255 -0.0455797 -0.0815539 -0.102417 -0.15218 -0.148906 -0.160583 -0.148047 -0.113643 -0.106377 -0.0432515 0.0328233 0.107382 0.0633925 0.082173 0.101945 0.141352 -0.108341 -0.17271 -0.318061 -0.463826 -0.359096 -0.345365 -0.329711 -0.26726 -0.389245 -0.269873 -0.159897 0.0244172 0.0529066 0.0977271 -6.65328e-05 -0.226989 -0.523598 -0.775397 -0.817954 -0.6951 0.00356246 0.098124 0.235834 0.466412 0.201459 0.387167 0.607891 0.833268 0.14119 0.199717 0.232584 0.243557 -0.693297 -0.633428 -0.593577 -0.590268 0.597
-23.0574 0.0081849 8.51341 -21.8273 4.3971 10.3265 -19.9097 8.51273 12.1831 -17.133 12.1863 13.8734 -13.4554 15.1762 15.1373 -8.22286 17.5601 15.6574 -2.66953 18.7059 14.5714 2.21836 18.9407 11.508 5.38303 18.8349 6.68053 6.2745 18.9391 2.37335 5.9819 19.4045 -1.99192 4.94427 20.3483 -6.16214 3.68698 21.8269 -10.1107 2.42551 24.6376 -15.137 2.59324 28.1439 -19.8732 4.72556 31.7511 -24.02 8.79408 34.6687 -27.1327 12.3416 35.8508 -28.4487 16.2378 36.2555 -29.057 20.1805 35.8559 -28.9593 23.9029 34.7191 -28.2071 28.2087 32.2716 -26.3145 31.5222 29.1349 -23.6136 33.7687 25.6584 -20.2999 34.9847 22.0926 -16.569 35.2607 18.181 -12.2288 34.6428 14.2102 -7.9786 33.3772 9.96958 -4.1538 31.6723 5.31771 -1.04466 29.949 1.06514 0.95481 27.9523 -3.27591 2.44492 25.561 -7.49609 3.67934 22.6337 -11.3511 4.95312 18.8941 -14.7323 6.56378 14.5851 -17.1388 8.47488 9.89464 -18.5048 10.511 4.97263 -18.9969 12.3935 1.65434 -19.0131 13.3872 -1.72932 -18.8796 14.1165 -5.16477 -18.6793 14.5118 -8.62273 -18.4762 14.5101 -13.8293 -18.2376 13.6413 -18.7038 -18.1301 11.605 -22.9061 -18.1165 8.4018 -26.0999 -18.1139 4.19239 -28.1633 -18.0309 -1.18198 -28.6809 -17.7972 -6.9114 -27.7922 -17.373 -12.5841 -25.7529 -16.6963 -17.9257 -23.4885 -15.8807 -21.8549 -20.8022 -14.7288 -25.4169 -17.8316 -13.1415 -28.5613 -14.7187 -11.0486 -31.2372 -11.2141 -8.07561 -33.6383 -7.86449 -4.51858 -35.3742 -4.75938 -0.510795 -36.4614 -1.91437 3.79886 -36.9294 0.66361 8.21053 -36.7905 3.04253 12.6677 -36.0143 5.20739 17.0472 -34.5105 7.07383 21.1888 -32.1672 8.40196 24.644 -29.1497 9.14974 27.4623 -25.3677 9.14619 29.3957 -21.001 8.29819 30.2476 -16.3791 6.2123 29.7358 -11.0084 3.29693 27.6765 -6.45662 0.0237269 24.3862 -3.00432 -3.16635 20.2106 -0.586361 -4.92768 17.3532 0.531532 -6.49625 14.3226 1.46555 -7.83639 11.1627 2.32327 -8.90274 7.91259 3.22708 -9.88535 2.51938 5.0933 -9.39856 -2.48496 7.96614 -6.98654 -6.03569 11.8528 -2.97857 -7.0294 15.9123 1.13367 -5.77344 18.9688 5.13052 -3.47115 21.5292 9.00321 -1.41732 24.4644 12.4928 -0.911979 28.3883 14.8838 -2.9936 33.177 15.1081 -7.26558 37.0089 13.5339 -12.3871 39.0771 10.935 -17.488 39.5393 7.75438 -22.3388 38.756 4.24032 -26.6629 36.9632 0.450064 -30.2369 34.2947 -3.5482 -32.808 30.8796 -6.56347 -33.9456 27.9718 -9.53566 -34.3868 24.8393 -12.3837 -34.1296 21.5738 -15.036 -33.1821 18.271 -17.7747 -31.2348 14.5596 -20.092 -28.3681 11.1715 -21.9118 -24.6284 8.38409 -23.179 -20.1782 6.47193 -23.9033 -15.1141 5.58854 -24.0864 -9.93017 5.79437 -23.8021 -4.8594 6.86966 -0.844769 -0.852249 -0.810728 -0.743019 -1.40542 -1.34259 -1.32855 -1.25015 -0.334232 -0.482681 -0.698245 -0.833156 -0.522419 -0.577024 -0.612991 -0.666452 -0.0778033 -0.0623968 -0.0895242 -0.139942 0.644102 0.539813 0.475764 0.453926 0.889996 0.845467 0.807417 0.774178 0.89105 0.825846 0.772093 0.724822 0.726266 0.685616 0.661885 0.656592 0.678744 0.705343 0.741967 0.787231 0.499943 0.503718 0.551244 0.556964 0.363895 0.377721 0.35164 0.334981 -0.153204 -0.197701 -0.225857 -0.281043 -0.280357 -0.290454 -0.272966 -0.232615 -0.220845 -0.15585 -0.0803604 -0.00818169 -0.0560751 -0.043283 -0.0328113 -0.00656846 -0.27424 -0.359037 -0.521287 -0.677927 -0.577452 -0.562843 -0.539809 -0.464058 -0.56718 -0.425489 -0.303919 -0.124486 -0.0998041 -0.0266945 -0.0348828 -0.113241 -0.237685 -0.349622 -0.324097 -0.194567 0.47854 0.538513 0.643191 0.84081 0.543174 0.697109 0.88478 1.0799 0.362181 0.401484 0.419197 0.412725 -0.548783 -0.521667 -0.518489 -0.550044 0.793143
-20.499 -0.893695 10.561 -19.2433 3.69343 11.7627 -17.2841 8.06074 12.8353 -14.4157 11.9752 13.5501 -10.6238 15.0845 13.6727 -5.37714 17.3122 12.7549 -0.167111 17.933 10.3462 3.92656 17.3984 6.3105 6.01021 16.5282 0.997139 6.1062 16.2192 -3.39065 5.18634 16.4837 -7.68501 3.7617 17.4407 -11.7363 2.38219 19.1043 -15.5687 1.36669 22.313 -20.4089 2.12057 26.1822 -24.7924 4.91367 29.9884 -28.323 9.44592 32.9943 -30.5986 13.1334 34.272 -31.2942 17.0549 34.8519 -31.2832 20.9559 34.7263 -30.5902 24.6143 33.9525 -29.2742 28.8439 32.0824 -26.6806 32.0999 29.5581 -23.3431 34.2903 26.6672 -19.4754 35.4307 23.6121 -15.2946 35.5878 20.1391 -10.5907 34.8162 16.4647 -6.1055 33.3818 12.4041 -2.14731 31.5219 7.86046 1.03215 29.6911 3.67486 3.07687 27.6065 -0.606121 4.61951 25.132 -4.75781 5.92047 22.1123 -8.51579 7.266 18.2646 -11.7436 8.93561 13.8541 -13.9476 10.8596 9.0865 -15.1043 12.8455 4.11179 -15.4502 14.6188 0.767035 -15.4449 15.5195 -2.63885 -15.3658 16.1459 -6.09014 -15.3072 16.4354 -9.55237 -15.3374 16.3315 -14.732 -15.6197 15.3259 -19.5337 -16.1784 13.1927 -23.635 -16.8907 9.93818 -26.7327 -17.582 5.71373 -28.7302 -18.1378 0.342546 -29.2389 -18.3869 -5.38703 -28.3971 -18.3077 -11.0821 -26.4521 -17.8824 -16.4845 -24.2935 -17.2301 -20.5027 -21.7385 -16.2176 -24.2011 -18.9231 -14.7478 -27.5394 -15.9844 -12.75 -30.4726 -12.6847 -9.86003 -33.2378 -9.52259 -6.37034 -35.4079 -6.55277 -2.42339 -36.9851 -3.75806 1.82972 -37.9786 -1.12712 6.19532 -38.363 1.4077 10.6249 -38.0774 3.81488 15.0009 -36.989 5.98014 19.1586 -34.9512 7.60663 22.6329 -32.1068 8.64543 25.4597 -28.4005 8.91029 27.386 -24.0387 8.30153 28.2225 -19.3765 6.45915 27.6928 -13.9191 3.72869 25.6139 -9.26288 0.586705 22.2828 -5.72878 -2.4912 18.0291 -3.30159 -4.16529 15.1022 -2.23012 -5.61842 11.9897 -1.38292 -6.80756 8.74042 -0.644795 -7.69179 5.4018 0.122448 -8.35902 -0.105797 1.78267 -7.73658 -5.11326 4.62373 -5.62002 -8.49115 8.82397 -2.41697 -9.12916 13.6057 0.656435 -7.39186 17.5256 3.40768 -4.41436 20.9015 5.83122 -1.35463 24.4506 7.92494 0.634299 28.8654 9.47253 0.452039 34.393 9.83656 -2.39186 39.3693 9.00608 -6.97911 42.7238 7.26706 -12.2245 44.2884 4.83623 -17.549 44.326 1.91646 -22.4653 43.0751 -1.36217 -26.7031 40.7188 -4.85977 -30.033 37.4115 -7.49602 -31.8008 34.4507 -10.0896 -32.906 31.1503 -12.5686 -33.3022 27.6093 -14.8649 -32.946 23.9431 -17.2038 -31.5514 19.7417 -19.1227 -29.0699 15.8395 -20.5434 -25.5606 12.5634 -21.4284 -21.2278 10.2162 -21.8105 -16.2118 8.9343 -21.7419 -11.0239 8.75949 -21.3085 -5.89317 9.42089 -0.970927 -0.999895 -0.980515 -0.937099 -1.62631 -1.58488 -1.57615 -1.48598 -0.542595 -0.668355 -0.865664 -0.987342 -0.670882 -0.727303 -0.762256 -0.802556 -0.18884 -0.143345 -0.132224 -0.138646 0.698467 0.646762 0.62124 0.623662 1.0737 1.03588 1.00042 0.968035 1.08489 1.01875 0.962974 0.912873 0.911342 0.868325 0.842869 0.834725 0.851088 0.869932 0.895568 0.926842 0.618594 0.593326 0.609403 0.582855 0.357118 0.340426 0.289589 0.254768 -0.244534 -0.295817 -0.32807 -0.384516 -0.381924 -0.386749 -0.362312 -0.315505 -0.2996 -0.233492 -0.159649 -0.0912418 -0.144383 -0.138 -0.13519 -0.117438 -0.394272 -0.486921 -0.65303 -0.808561 -0.702891 -0.681022 -0.646239 -0.554776 -0.638471 -0.494584 -0.403092 -0.273858 -0.291469 -0.224606 -0.181999 -0.160232 -0.157374 -0.142381 -0.0282921 0.132663 0.794509 0.829144 0.911124 1.0883 0.769372 0.900325 1.06153 1.22916 0.483473 0.496201 0.489787 0.459665 -0.526693 -0.525586 -0.548299 -0.604819 0.841493
-17.3085 -1.85653 12.6098 -15.9671 2.82482 13.1999 -13.9976 7.3089 13.4758 -11.1899 11.3167 13.1351 -7.56848 14.4072 11.9541 -2.78396 16.3623 9.38169 1.562 16.4467 5.58215 4.49819 15.2734 0.751711 5.49592 13.8599 -4.75624 5.0465 13.2949 -9.09632 3.88507 13.476 -13.3361 2.49819 14.5248 -17.3778 1.38943 16.4142 -21.1934 1.00325 20.0065 -25.8517 2.46829 24.1791 -29.7501 5.82044 28.1551 -32.5267 10.6277 31.2754 -33.9085 14.3377 32.6696 -33.9892 18.1813 33.4294 -33.3866 21.9425 33.5607 -32.1412 25.4351 33.1184 -30.319 29.4488 31.7802 -27.1233 32.5238 29.8403 -23.264 34.5722 27.5323 -18.9523 35.5993 25.0103 -14.4029 35.6482 22.0263 -9.37225 34.7702 18.7214 -4.62668 33.2242 14.927 -0.452312 31.2476 10.5792 2.92442 29.3125 6.52996 5.14057 27.1169 2.37393 6.86067 24.5225 -1.64444 8.3349 21.3776 -5.24095 9.82711 17.4056 -8.26041 11.5927 12.895 -10.2412 13.5272 8.05502 -11.2134 15.4354 3.02476 -11.4769 17.0599 -0.350557 -11.5034 17.8378 -3.7794 -11.535 18.3283 -7.23741 -11.6726 18.4761 -10.6788 -11.9833 18.2328 -15.7547 -12.8364 17.0385 -20.3664 -14.0776 14.7778 -24.2346 -15.5057 11.4737 -27.1237 -16.8722 7.2659 -28.9866 -18.0575 1.94865 -29.4837 -18.799 -3.73924 -28.7369 -19.086 -9.4409 -26.9602 -18.9339 -14.9154 -24.9707 -18.4591 -19.0442 -22.6077 -17.6012 -22.9058 -20.0023 -16.2718 -26.4661 -17.2841 -14.4052 -29.6845 -14.2281 -11.6557 -32.8447 -11.2776 -8.30209 -35.478 -8.45668 -4.48724 -37.5697 -5.72284 -0.358419 -39.1077 -3.05153 3.90019 -40.0331 -0.374838 8.24879 -40.2636 2.26586 12.58 -39.6347 4.73577 16.7337 -37.9692 6.68551 20.2373 -35.375 8.05737 23.1143 -31.8187 8.63857 25.0978 -27.5136 8.30536 25.9819 -22.8324 6.71743 25.4755 -17.2934 4.14863 23.3669 -12.5592 1.10216 19.9664 -9.00765 -1.89805 15.6359 -6.61927 -3.50973 12.6701 -5.55942 -4.88091 9.52781 -4.68597 -5.96411 6.2643 -3.85345 -6.72275 2.94305 -2.89923 -7.18808 -2.4006 -0.71665 -6.57576 -6.9424 2.82321 -4.9367 -9.62343 7.68717 -2.67902 -9.69114 13.0192 -0.585025 -7.72848 17.4457 1.27663 -4.67685 21.3256 2.88462 -1.45966 25.1851 4.24545 1.04436 29.6247 5.29519 2.01616 35.1868 5.63632 0.604616 40.7434 5.1319 -2.90036 45.2651 3.83508 -7.68966 48.1577 1.85057 -13.0703 49.3279 -0.633711 -18.3491 48.8557 -3.45523 -23.1144 46.9607 -6.45822 -27.0781 43.8735 -8.71065 -29.3669 40.953 -10.9151 -31.0177 37.598 -13.0053 -31.96 33.9123 -14.9124 -32.1239 30.0166 -16.7951 -31.2692 25.4568 -18.2407 -29.2437 21.1123 -19.1732 -26.0965 17.3319 -19.5742 -22.0259 14.4447 -19.4924 -17.1751 12.5975 -19.033 -12.0545 11.8779 -18.3058 -6.91628 12.015 -1.03219 -1.0859 -1.09577 -1.08664 -1.81602 -1.81354 -1.82841 -1.73934 -0.776495 -0.887712 -1.07576 -1.19179 -0.871331 -0.919366 -0.937331 -0.950324 -0.304876 -0.227539 -0.179388 -0.144986 0.741012 0.739957 0.755297 0.787842 1.25987 1.23725 1.2118 1.18646 1.30849 1.24642 1.19403 1.14677 1.14793 1.10774 1.08473 1.07677 1.08943 1.10234 1.11932 1.13952 0.814589 0.765671 0.755393 0.701164 0.447228 0.404621 0.333743 0.285754 -0.219612 -0.272487 -0.302978 -0.35465 -0.344457 -0.339708 -0.306043 -0.252069 -0.232141 -0.165346 -0.0938143 -0.0301898 -0.0898157 -0.0909144 -0.0961955 -0.0864133 -0.37103 -0.470089 -0.640153 -0.796738 -0.688544 -0.662696 -0.623138 -0.52832 -0.614785 -0.502493 -0.468653 -0.404199 -0.473874 -0.434741 -0.388129 -0.333499 -0.279285 -0.204208 -0.0339717 0.167938 0.849444 0.885063 0.956102 1.11456 0.773815 0.882765 1.01996 1.16269 0.389978 0.373583 0.337167 0.276198 -0.74105 -0.768534 -0.81594 -0.894799 0.590028
-13.9025 -2.60838 14.8715 -12.3026 2.01422 14.5055 -10.24 6.38257 13.654 -7.5844 10.164 12.008 -4.42694 12.8978 9.4355 -0.584255 14.3222 5.36912 2.54772 13.9018 0.537463 4.29011 12.3848 -4.75346 4.41656 10.8331 -10.3129 3.63662 10.2891 -14.6086 2.44056 10.59 -18.832 1.27986 11.8442 -22.8863 0.605674 13.9865 -26.6697 1.00057 17.8878 -31.0718 3.22004 22.2252 -34.3907 7.07505 26.2326 -36.3488 12.0455 29.3658 -36.8318 15.6956 30.8294 -36.3331 19.3849 31.7361 -35.2011 22.9406 32.1 -33.4866 26.2146 31.9697 -31.2554 29.9618 31.1441 -27.5962 32.8261 29.7794 -23.3481 34.7231 28.0621 -18.7042 35.6468 26.1057 -13.8635 35.6167 23.6813 -8.54042 34.6718 20.85 -3.51008 33.0502 17.4456 0.961327 30.9756 13.4181 4.66105 28.9346 9.60132 7.17478 26.6156 5.65423 9.19827 23.889 1.84146 10.9533 20.6165 -1.53753 12.6636 16.527 -4.32038 14.5458 11.9186 -6.09539 16.4496 6.99061 -6.94593 18.1824 1.87636 -7.22074 19.5168 -1.54132 -7.34667 20.0665 -4.99003 -7.55657 20.3133 -8.43006 -7.95147 20.2196 -11.8026 -8.59176 19.7566 -16.6674 -10.0575 18.3057 -20.9746 -11.9792 15.9236 -24.5267 -14.091 12.6308 -27.1762 -16.0937 8.52123 -28.9271 -17.8771 3.33449 -29.4721 -19.0954 -2.2662 -28.8933 -19.7418 -7.95797 -27.3552 -19.8577 -13.505 -25.5828 -19.558 -17.7477 -23.451 -18.8595 -21.7725 -21.0856 -17.6899 -25.5498 -18.6082 -15.993 -29.0446 -15.8078 -13.4487 -32.5901 -13.073 -10.3094 -35.6807 -10.4053 -6.70557 -38.285 -7.746 -2.77139 -40.3674 -5.06222 1.32384 -41.8353 -2.28509 5.54883 -42.587 0.54067 9.80539 -42.43 3.26953 13.9364 -41.1589 5.51093 17.4589 -38.8405 7.20102 20.3769 -35.4589 8.10558 22.4016 -31.2294 8.08446 23.3066 -26.5404 6.84698 22.7837 -20.9143 4.59757 20.6216 -16.0437 1.83729 17.1635 -12.318 -0.923816 12.8116 -9.69207 -2.42498 9.86785 -8.42812 -3.72186 6.77871 -7.29135 -4.77571 3.60873 -6.12626 -5.56107 0.437212 -4.76929 -6.22551 -4.49649 -1.81098 -6.08999 -8.38095 2.48159 -5.23076 -10.3098 7.87363 -3.90884 -9.82 13.4902 -2.59226 -7.61894 18.1003 -1.33785 -4.47801 22.1491 -0.195223 -1.15577 26.0848 0.803775 1.64298 30.4438 1.61008 3.31616 35.8784 1.92271 2.94309 41.601 1.59044 0.478765 46.778 0.58989 -3.59553 50.7004 -1.0344 -8.70708 53.0441 -3.13558 -14.1361 53.653 -5.56611 -19.3595 52.6193 -8.17511 -23.9603 50.1124 -10.1314 -26.7576 47.4311 -12.0294 -28.8973 44.1661 -13.7945 -30.2774 40.4485 -15.3496 -30.817 36.4321 -16.7861 -30.3305 31.6607 -17.7437 -28.6397 27.0465 -18.1598 -25.8234 22.9281 -18.0373 -22.0785 19.6073 -17.4266 -17.5243 17.1918 -16.4678 -12.6184 15.7911 -15.2857 -7.6041 15.1522 -0.978206 -1.05947 -1.10446 -1.13779 -1.91719 -1.9656 -2.01921 -1.9491 -0.984082 -1.0934 -1.2822 -1.4013 -1.08438 -1.12991 -1.13616 -1.1274 -0.455244 -0.350379 -0.270091 -0.200528 0.727292 0.770023 0.822199 0.884089 1.38 1.37624 1.36504 1.35107 1.48236 1.42844 1.38391 1.34413 1.35268 1.31985 1.3032 1.29832 1.30886 1.31691 1.32633 1.3367 0.997048 0.927463 0.894579 0.817287 0.540807 0.478676 0.394094 0.339015 -0.166939 -0.21632 -0.239832 -0.281827 -0.259792 -0.24253 -0.198083 -0.136017 -0.11087 -0.0413161 0.0310299 0.0939095 0.032311 0.028336 0.0194193 0.0249813 -0.264817 -0.370067 -0.547171 -0.711315 -0.609444 -0.58977 -0.559859 -0.479909 -0.593647 -0.528703 -0.546327 -0.527569 -0.629798 -0.60814 -0.563621 -0.497429 -0.421388 -0.317107 -0.114419 0.119032 0.82516 0.872236 0.938927 1.07953 0.716099 0.80361 0.919378 1.04133 0.246446 0.204979 0.14055 0.0485881 -1.00138 -1.06008 -1.13435 -1.23656 0.170669
-10.4524 -4.82072 15.371 -8.99714 -0.193746 14.6394 -7.19765 4.18337 13.3494 -4.91892 7.9334 11.1573 -2.24489 10.5404 7.97709 0.91609 11.6879 3.28437 3.32372 10.9842 -1.91552 4.41819 9.35248 -7.34419 4.05483 7.95942 -12.9351 3.03041 7.72446 -17.2074 1.70869 8.44996 -21.3407 0.531817 10.1585 -25.2206 -0.0832603 12.6978 -28.7606 0.426903 16.9611 -32.8002 2.69081 21.4908 -35.8187 6.472 25.6532 -37.5885 11.274 29.052 -37.9687 14.7856 30.8051 -37.4125 18.3385 32.0926 -36.2151 21.775 32.9115 -34.4167 24.9562 33.2832 -32.0808 28.6239 33.156 -28.2539 31.4504 32.4716 -23.8204 33.3378 31.3882 -18.9854 34.2732 30.0081 -13.9522 34.29 28.147 -8.40699 33.4577 25.7935 -3.11722 32.0494 22.7595 1.68113 30.3071 18.9682 5.78029 28.6345 15.2363 8.666 26.7315 11.2688 11.0513 24.4225 7.3383 13.1181 21.5127 3.75525 15.0536 17.6907 0.685419 17.0485 13.2085 -1.41393 18.923 8.29868 -2.59971 20.5039 3.1619 -3.22491 21.6149 -0.257335 -3.60464 22.0187 -3.68396 -4.09613 22.1416 -7.06996 -4.80499 21.9654 -10.3549 -5.78946 21.4768 -15.0379 -7.81984 20.1107 -19.1714 -10.3077 17.9559 -22.6568 -12.9438 14.9855 -25.4307 -15.4038 11.2208 -27.5699 -17.6093 6.35173 -28.7256 -19.2079 0.942712 -28.8863 -20.2571 -4.71611 -28.1141 -20.8533 -10.3904 -26.9206 -21.0055 -14.8382 -25.3166 -20.8014 -19.1529 -23.421 -20.1341 -23.2993 -21.3565 -18.909 -27.2322 -18.9567 -16.8284 -31.3307 -16.5547 -14.0777 -35.0118 -14.1396 -10.8099 -38.2328 -11.6281 -7.18798 -40.9641 -8.95883 -3.39549 -43.1135 -6.04117 0.533363 -44.5897 -2.90519 4.52559 -45.186 0.30137 8.47184 -44.6639 3.11679 11.95 -42.9959 5.45895 14.9982 -40.1623 7.02892 17.3604 -36.3203 7.61158 18.8087 -31.8071 6.92587 19.1511 -26.0738 4.95753 17.939 -20.7716 2.20759 15.3593 -16.3852 -0.731572 11.7096 -12.9941 -2.3703 9.09684 -11.2607 -3.79389 6.27454 -9.67171 -4.93854 3.32741 -8.08398 -5.76663 0.360293 -6.34414 -6.41121 -4.2268 -2.86889 -6.26393 -7.69379 1.76702 -5.56555 -9.17434 7.32156 -4.66793 -8.28843 12.9733 -3.92466 -5.80324 17.5671 -3.31341 -2.42661 21.5741 -2.76147 1.13534 25.4264 -2.17578 4.23958 29.6517 -1.48652 6.37359 34.939 -0.877431 6.57168 40.6464 -0.56634 4.66203 46.054 -0.734163 0.977234 50.4562 -1.4745 -3.99223 53.4588 -2.75959 -9.54466 54.7924 -4.48796 -15.1274 54.4675 -6.52135 -20.287 52.5957 -8.13108 -23.6074 50.31 -9.74966 -26.3466 47.3574 -11.2978 -28.3852 43.8519 -12.6898 -29.6199 39.9304 -13.9892 -29.9433 35.1062 -14.8373 -29.0178 30.2594 -15.1442 -26.862 25.7511 -14.8958 -23.626 21.9389 -14.1415 -19.4235 18.9862 -13.0552 -14.7144 17.0906 -11.8045 -9.7896 16.0273 -1.03372 -1.12912 -1.19234 -1.24778 -2.0534 -2.12792 -2.19999 -2.1388 -1.17175 -1.27404 -1.45047 -1.55774 -1.22932 -1.2628 -1.25555 -1.22925 -0.537752 -0.413162 -0.309784 -0.214898 0.743003 0.817443 0.896816 0.981312 1.49655 1.50797 1.506 1.49501 1.62458 1.56728 1.52004 1.47981 1.49037 1.46074 1.44568 1.43784 1.44091 1.44057 1.43979 1.43881 1.08414 0.996358 0.946598 0.855312 0.568759 0.502224 0.419512 0.371339 -0.125706 -0.166642 -0.181818 -0.215654 -0.184881 -0.158283 -0.105207 -0.0368364 -0.00954459 0.0567624 0.120005 0.168427 0.0892478 0.0673117 0.0422882 0.0363006 -0.258426 -0.358763 -0.521673 -0.666212 -0.549899 -0.525952 -0.49669 -0.418675 -0.532056 -0.469854 -0.495644 -0.486841 -0.595134 -0.573845 -0.525243 -0.453188 -0.371743 -0.264591 -0.0639696 0.160617 0.850217 0.87413 0.913708 1.02571 0.637183 0.703484 0.798499 0.900144 0.0839773 0.0207148 -0.0639851 -0.173823 -1.23872 -1.30896 -1.39219 -1.50322 -0.0515744
-7.36489 -7.38427 15.7671 -6.06016 -2.79636 14.6224 -4.56544 1.54827 12.9046 -2.73397 5.23034 10.2309 -0.614404 7.68697 6.55234 1.83385 8.55554 1.39665 3.57945 7.59436 -4.02177 4.16284 5.89005 -9.50681 3.48329 4.70794 -15.1167 2.3606 4.82012 -19.3693 1.06758 5.99018 -23.4086 0.0270917 8.14034 -27.1034 -0.392079 11.0317 -30.3932 0.373703 15.5711 -34.0758 2.7613 20.2167 -36.8094 6.48612 24.4986 -38.4052 11.0811 28.1811 -38.6897 14.3988 30.2624 -38.0771 17.7378 31.9859 -36.8142 20.9606 33.3252 -34.9343 23.9466 34.2671 -32.5029 27.4065 34.9212 -28.5388 30.1088 34.9684 -23.9772 31.9676 34.5194 -19.0318 32.9724 33.6578 -13.8975 33.1724 32.2448 -8.22506 32.6184 30.252 -2.75376 31.5564 27.539 2.31828 30.1886 24.0462 6.80628 28.8228 20.5313 10.0975 27.1939 16.7179 12.9004 25.1203 12.8559 15.3165 22.4056 9.23634 17.4567 18.737 5.99427 19.4671 14.3428 3.58292 21.1666 9.46848 1.9706 22.4521 4.35942 0.835419 23.2399 0.985202 0.0851381 23.4638 -2.36261 -0.803901 23.4512 -5.62717 -1.93373 23.1972 -8.7463 -3.35403 22.695 -13.1116 -6.04975 21.4316 -16.9321 -9.14713 19.5006 -20.2318 -12.2904 16.8264 -23.0539 -15.1285 13.3768 -25.564 -17.6028 8.82431 -27.3902 -19.3837 3.66274 -28.4238 -20.6358 -1.86107 -28.6013 -21.5529 -7.54228 -28.142 -22.0769 -12.097 -27.2069 -22.3362 -16.6013 -25.8902 -22.1893 -21.0144 -24.3019 -21.499 -25.2843 -22.3116 -19.995 -29.8298 -20.1943 -17.7731 -34.009 -17.952 -14.9957 -37.7699 -15.511 -11.8481 -41.0895 -12.8114 -8.523 -43.8794 -9.75528 -5.05675 -46.0642 -6.35721 -1.4917 -47.4321 -2.75036 2.11853 -47.7224 0.56689 5.43096 -46.8113 3.51961 8.51915 -44.678 5.77337 11.1751 -41.4111 7.05561 13.1859 -37.2737 7.13365 14.5193 -31.6458 5.71036 14.4978 -26.0394 3.21135 13.1232 -21.0072 0.252822 10.5357 -16.7634 -1.47418 8.46209 -14.4756 -3.00546 6.09345 -12.3399 -4.24021 3.52672 -10.2413 -5.11521 0.887968 -8.05325 -5.73467 -3.22999 -4.02927 -5.53745 -6.27875 0.890018 -4.94218 -7.44479 6.53081 -4.42406 -6.38532 12.2002 -4.24846 -3.83499 16.8149 -4.30464 -0.427202 20.8418 -4.37433 3.19127 24.6802 -4.22303 6.43789 28.8357 -3.67224 8.88135 34.004 -2.81858 9.55495 39.6434 -1.9721 8.19936 45.1598 -1.48017 5.00694 49.9087 -1.57554 0.364427 53.472 -2.3264 -5.0791 55.4877 -3.64088 -10.7689 55.8845 -5.35307 -16.2419 54.7121 -6.76334 -19.9257 52.9005 -8.20704 -23.1365 50.3614 -9.59884 -25.7484 47.1862 -10.848 -27.6459 43.4876 -11.991 -28.817 38.756 -12.6773 -28.778 33.7967 -12.8034 -27.4744 28.9645 -12.3505 -24.9742 24.6506 -11.3724 -21.3447 21.0703 -10.0874 -16.9985 18.539 -8.71404 -12.2658 16.9069 -1.0664 -1.17518 -1.25693 -1.33565 -2.16874 -2.26911 -2.35697 -2.30187 -1.33433 -1.43324 -1.60223 -1.7034 -1.37007 -1.39789 -1.3814 -1.33882 -0.626322 -0.479282 -0.349339 -0.225447 0.766479 0.875912 0.983483 1.08863 1.6181 1.63747 1.63816 1.62677 1.75521 1.69741 1.65062 1.61151 1.62289 1.592 1.57134 1.5524 1.54264 1.53109 1.51875 1.50614 1.13697 1.03245 0.968218 0.86676 0.57578 0.511716 0.437352 0.401174 -0.08346 -0.113214 -0.117449 -0.141038 -0.100714 -0.066296 -0.00880644 0.0594951 0.0815779 0.137562 0.185865 0.21602 0.118081 0.079554 0.0419998 0.0294606 -0.264369 -0.354515 -0.500158 -0.624741 -0.496448 -0.47214 -0.44876 -0.377532 -0.493774 -0.432132 -0.460485 -0.455896 -0.566193 -0.543801 -0.493175 -0.420531 -0.340427 -0.236101 -0.040241 0.176693 0.856016 0.868907 0.898164 0.99966 0.600026 0.654342 0.734773 0.81917 -0.018332 -0.107021 -0.218587 -0.354638 -1.44305 -1.53179 -1.62789 -1.74846 -0.274229
-9.52261 -10.2195 16.4699 -8.06963 -5.82013 14.8589 -6.51425 -1.62701 12.8442 -4.61337 1.92145 10.0416 -2.32646 4.25266 6.38171 0.485034 4.96306 1.38976 2.73858 3.82927 -3.80307 3.93543 1.97857 -9.13901 3.94992 0.726306 -14.7747 3.38326 0.848023 -19.136 2.64054 2.06223 -23.299 2.11679 4.25611 -27.0766 2.15044 7.1663 -30.3762 3.36847 11.6956 -33.9478 5.96748 16.3555 -36.4547 9.63712 20.7778 -37.771 13.937 24.8109 -37.7857 16.9558 27.2644 -37.0228 19.9521 29.4635 -35.6442 22.8316 31.3578 -33.686 25.5211 32.8953 -31.2127 28.7299 34.3291 -27.2427 31.4249 35.011 -22.7277 33.5573 34.9495 -17.8736 35.095 34.1893 -12.8565 36.0737 32.6173 -7.30805 36.2794 30.3762 -1.90906 35.6919 27.575 3.19212 34.281 24.333 7.8518 32.3886 21.32 11.3722 29.8559 18.2084 14.3647 26.71 15.141 16.7621 23.0297 12.2618 18.5558 18.6885 9.53409 19.8696 14.0413 7.15392 20.7358 9.23021 5.02492 21.3129 4.37525 2.95209 21.6935 1.23362 1.49912 21.8259 -1.84457 -0.0893057 21.834 -4.79249 -1.90353 21.7047 -7.55006 -3.97758 21.4007 -11.3155 -7.57269 20.4978 -14.5972 -11.3735 18.8539 -17.5642 -14.9397 16.3245 -20.3665 -17.8478 12.9174 -23.2498 -19.9962 8.42095 -25.8285 -21.1891 3.41342 -27.9045 -21.8413 -1.91691 -29.2582 -22.3669 -7.4882 -29.6829 -22.8145 -12.0543 -29.4711 -23.216 -16.6395 -28.6349 -23.4004 -21.1669 -27.2438 -23.1814 -25.5541 -25.1472 -22.3122 -30.216 -22.6564 -20.7734 -34.4954 -19.8976 -18.6846 -38.357 -16.9255 -16.203 -41.8058 -13.7839 -13.4843 -44.7835 -10.4124 -10.5373 -47.2483 -6.8175 -7.36116 -49.0136 -3.07768 -3.97317 -49.8276 0.386644 -0.701625 -49.5085 3.59794 2.50968 -48.0315 6.30569 5.45146 -45.42 8.28221 7.91377 -41.8372 9.47464 10.0143 -36.5814 9.25335 10.967 -30.8804 7.75486 10.6926 -25.3004 5.3837 9.22642 -20.2323 3.79093 7.7993 -17.414 2.24564 6.02054 -14.775 0.893143 3.96204 -12.2354 -0.147933 1.73119 -9.69467 -1.02658 -1.95499 -5.31599 -0.907007 -4.83519 -0.293789 -0.172644 -6.02217 5.32613 0.622044 -5.06412 10.9814 1.07861 -2.63411 15.6415 1.3134 0.578894 19.8191 1.59102 3.81482 23.9764 2.10921 6.48307 28.4978 2.91275 8.25258 33.9022 3.64242 8.49935 39.5935 3.81859 7.17167 45.1784 3.0364 4.46882 50.1853 1.11272 0.678442 54.209 -1.76539 -3.71777 56.7875 -5.21054 -8.34658 57.7695 -8.7949 -12.9342 57.1648 -11.309 -16.1763 55.7474 -13.5648 -19.1753 53.5661 -15.461 -21.8259 50.6993 -16.9167 -24.0148 47.2452 -17.9669 -25.8177 42.6941 -18.2783 -26.6804 37.7722 -17.8337 -26.4635 32.7901 -16.7048 -25.1022 28.1063 -15.007 -22.5395 23.9232 -13.0719 -19.0053 20.6502 -11.1929 -14.7954 18.264 -0.942977 -1.05248 -1.1314 -1.20501 -2.03 -2.11822 -2.19338 -2.13372 -1.18091 -1.30061 -1.49031 -1.60837 -1.28745 -1.31862 -1.29453 -1.23223 -0.49281 -0.317651 -0.155725 0.00119138 1.02867 1.16872 1.29198 1.39709 1.9135 1.91434 1.90357 1.89703 2.04632 2.01769 2.0019 1.98753 2.01146 1.97583 1.93288 1.88035 1.84279 1.81223 1.78157 1.75128 1.36047 1.23176 1.14856 1.03666 0.745393 0.691713 0.635387 0.620517 0.154856 0.139261 0.144484 0.123166 0.156553 0.173973 0.207576 0.248764 0.24397 0.275894 0.30464 0.32072 0.213967 0.169804 0.127234 0.108416 -0.194946 -0.297986 -0.457342 -0.594429 -0.477639 -0.467685 -0.462967 -0.410539 -0.543693 -0.488037 -0.513338 -0.503844 -0.610242 -0.586822 -0.54085 -0.477248 -0.404685 -0.298185 -0.0813226 0.183911 0.944403 1.06781 1.22137 1.44038 1.12292 1.22503 1.33028 1.41758 0.562214 0.436047 0.274662 0.0836266 -1.05868 -1.19331 -1.32207 -1.46144 -0.117934
-13.0093 -14.6942 18.764 -10.817 -12.0037 15.2972 -8.59606 -9.26831 11.8842 -6.39936 -6.55093 8.44123 -4.26879 -3.9296 4.88415 -1.90768 -1.0774 0.454134 0.199644 1.36221 -4.33568 1.93289 3.19958 -9.52747 3.07731 4.36031 -15.0662 3.57333 5.36816 -19.3204 4.13437 6.77145 -23.4526 5.15212 8.58688 -27.3292 6.62892 10.7883 -30.841 9.28544 14.2671 -34.7903 12.6179 18.2088 -37.639 16.4588 22.4077 -39.1792 20.5853 26.6171 -39.2804 23.3867 29.3156 -38.5156 26.1157 31.8178 -37.0991 28.6908 34.0507 -35.0748 31.0375 35.9522 -32.5073 33.7126 37.8979 -28.3634 35.7537 39.0974 -23.619 37.0916 39.5267 -18.5064 37.7014 39.2045 -13.2492 37.545 38.0396 -7.51912 36.5778 36.1276 -2.07641 34.8841 33.5868 2.91264 32.5618 30.54 7.33287 30.1531 27.6216 10.6092 27.4178 24.486 13.3912 24.4127 21.1941 15.6687 21.1892 17.8002 17.4416 17.5934 14.1524 18.7749 13.8524 10.4926 19.5654 10.0084 6.86384 19.829 6.09874 3.30473 19.5824 3.52104 1.03089 19.1529 0.941394 -1.19137 18.5156 -1.6244 -3.3611 17.674 -4.16077 -5.4775 16.6314 -7.94102 -8.59985 14.6612 -11.5613 -11.5931 12.2415 -14.9768 -14.4383 9.38503 -18.1546 -17.0997 6.10788 -21.3048 -19.7461 2.08011 -24.0787 -22.0753 -2.3954 -26.4194 -24.0292 -7.27938 -28.2651 -25.5456 -12.5181 -29.3393 -26.3977 -16.9171 -30.02 -26.8941 -21.4472 -30.2749 -27.0032 -26.0466 -30.076 -26.6973 -30.6399 -29.2845 -25.8329 -35.6909 -27.8777 -24.403 -40.4723 -25.8644 -22.4155 -44.8178 -23.2837 -19.9065 -48.5502 -20.2564 -16.9902 -51.4585 -16.8561 -13.734 -53.4492 -13.2223 -10.2683 -54.4042 -9.51998 -6.74713 -54.2544 -6.15805 -3.5555 -53.1064 -3.03805 -0.596509 -51.0287 -0.293267 2.00624 -48.1134 1.96516 4.1502 -44.4926 3.93663 6.02934 -39.3895 4.99847 7.05772 -33.7972 5.13534 7.22454 -28.0168 4.38719 6.57084 -22.3183 3.58956 5.78716 -18.9617 2.76846 4.74955 -15.6804 2.13327 3.59628 -12.3965 1.78189 2.57182 -9.02838 1.65973 1.51822 -3.33523 1.95755 1.13314 2.43538 2.56271 1.2398 8.19381 3.36672 1.6585 13.9135 4.18319 2.15849 19.1018 5.00515 2.64073 24.2908 5.7332 3.00192 29.5036 6.26398 3.13778 34.7509 6.49515 2.90796 40.4851 6.2229 2.1472 46.1715 5.31144 0.731307 51.6625 3.65288 -1.42713 56.72 1.14676 -4.40641 61.0907 -2.12543 -8.07399 64.2689 -5.96681 -12.1887 65.8728 -10.0452 -16.3811 65.6507 -12.9716 -19.2759 64.2735 -15.6256 -21.7991 61.9431 -17.8603 -23.8123 58.8136 -19.5731 -25.227 55.0846 -20.8349 -26.0725 50.3138 -21.3362 -26.1059 45.3324 -21.1384 -25.4121 40.3779 -20.3402 -24.1071 35.6106 -18.9983 -22.2395 30.9564 -17.2568 -19.9769 26.6207 -15.2278 -17.4309 22.577 1.56844 1.46509 1.39494 1.32829 0.49997 0.377631 0.233023 0.218825 1.12066 0.965541 0.731475 0.560214 0.825617 0.757366 0.778102 0.865798 1.64144 1.85151 2.0515 2.2486 3.32521 3.52374 3.70725 3.87309 4.45212 4.51508 4.56091 4.60365 4.79033 4.78751 4.78805 4.78049 4.80299 4.76018 4.7077 4.64627 4.6036 4.57126 4.54488 4.52475 4.15367 4.05392 3.99864 3.90733 3.6254 3.56616 3.49095 3.45214 2.97 2.95015 2.96292 2.95855 3.01336 3.04906 3.09118 3.13171 3.1212 3.14602 3.16723 3.1738 3.05346 2.99012 2.92147 2.8697 2.5229 2.3663 2.15115 1.9621 2.04066 2.0176 1.98289 1.99288 1.80407 1.79418 1.72654 1.71693 1.5998 1.61172 1.64509 1.69878 1.76678 1.87879 2.11647 2.41792 3.22334 3.39031 3.58011 3.83041 3.54151 3.67187 3.80917 3.93095 3.11264 3.02229 2.88901 2.71541 1.57892 1.4403 1.30336 1.15814 -0.0098468
