Optimization finished after 14600 iterations.
NEB Energy: 1.05704
Max NEB Force: 0.0496574
Optimization took: 179419 ms
Energies: 
0.662639, 1.05888, 1.06175, 1.22895, 1.33836, 1.46196, 1.59993, 1.73381, 1.7275, 1.61783, 1.48661, 1.45553, 1.40001, 1.35448, 0.666515, 
NEB Forces: 
0, 0.0391317, 0.0395911, 0.0422903, 0.0444747, 0.0454888, 0.0460237, 0.0496574, 0.0485864, 0.0439916, 0.0401864, 0.0411409, 0.0422653, 0.0430839, 0, 
Gradients: 
0.00197854, 0.0392226, 0.039914, 0.0425852, 0.0446754, 0.0457107, 0.0462675, 0.0497072, 0.0486202, 0.0440706, 0.0402418, 0.0411482, 0.0423055, 0.0435814, 0.00138959, 
Spring Forces: 
0, 0.00368378, 7.01315e-07, 3.61137e-06, 7.85475e-07, 4.31204e-06, 2.16012e-07, 2.14422e-06, 6.35724e-07, 2.8064e-06, 5.24039e-07, 3.19686e-06, 1.42959e-05, 0.000372712, 0, 
Bend Energies: 
0.662471, 1.0546, 1.05803, 1.22469, 1.33331, 1.45426, 1.5887, 1.71578, 1.71068, 1.60529, 1.47633, 1.44548, 1.38952, 1.34504, 0.666508, 
Twist Energies: 
0.000163695, 0.00419606, 0.00362568, 0.00414113, 0.00489758, 0.0075692, 0.0111129, 0.0178879, 0.0166833, 0.0124265, 0.01017, 0.00991186, 0.0103242, 0.00924658, 1.66033e-21, 
Stretch Energies: 
3.68825e-07, 8.82175e-05, 9.01301e-05, 0.000112764, 0.000150844, 0.000139949, 0.000121563, 0.000136633, 0.000133148, 0.000116911, 0.000110075, 0.000133592, 0.00016983, 0.000201245, 1.05048e-06, 
