# num_vectors 13
# vector_size 101
-31.6755 -1.72756 7.83406 -22.3605 8.50405 21.7469 -6.89884 25.6218 22.8818 10.073 29.369 20.1086 5.13456 31.2883 -2.8714 17.5982 25.846 -11.0259 25.2176 11.6914 -24.862 26.3574 -8.47523 -13.0527 21.095 -25.1175 -3.24448 2.60934 -34.1165 1.80684 -11.2174 -33.298 2.18026 -26.0596 -26.6695 -11.3295 -18.2619 -10.1552 -25.361 -5.18791 1.5654 -30.9649 12.2303 10.8132 -24.5401 10.8411 23.536 -8.59438 15.6209 38.9898 1.56789 -3.63817 28.4516 8.87767 -7.10135 21.0828 20.4534 2.03262 3.27578 32.119 7.79276 -15.5887 24.6154 12.1546 -35.196 13.4648 -4.26445 -40.3328 -2.4169 -10.0187 -24.015 -3.86175 -28.3931 -16.4692 -6.41847 0 0 0 0 0 0 0 0 0 0 0 0 0 0 0 0 0 0 0 0 0 0 0 0 0 0
-28.8124 3.51348 2.82426 -20.5854 13.0604 17.9165 -4.39357 29.3816 21.005 12.5318 33.0807 17.6989 6.52757 37.0178 -4.82945 18.4917 32.0662 -14.0319 26.2918 15.5227 -25.6222 30.2559 -2.13868 -9.69651 25.7995 -24.177 -8.47415 8.20573 -35.6585 -0.641226 -4.84321 -31.368 5.90408 -24.4251 -20.3609 -1.58232 -18.1856 -12.7066 -24.234 -8.3714 0.964669 -34.155 8.09335 14.0378 -30.3713 6.48889 25.1943 -13.1466 9.55915 41.0713 -2.68993 -5.92483 25.5116 7.25573 -5.96069 18.5635 20.0255 7.95007 2.28098 29.8364 15.6759 -15.4779 20.3021 15.5546 -37.1069 11.5643 -0.182485 -38.9466 -6.20933 -8.24141 -22.9347 -1.66714 -26.7632 -16.2179 -6.52566 0 0 0 0 0 0 0 0 0 0 0 0 0 0 0 0 0 0 0 0 0 0 0 0 0 0
-26.4694 2.77494 4.27453 -18.7291 13.4576 16.4181 -2.71942 26.9936 17.2328 10.3207 30.4381 12.7008 6.26987 36.0727 -8.9334 20.1873 32.1857 -16.2516 27.6789 16.4727 -23.6218 30.0791 0.166043 -7.76482 24.8864 -21.6964 -6.04893 7.61601 -32.3847 1.74891 -5.62325 -27.856 7.35702 -24.5767 -20.203 0.3333 -19.9549 -13.0358 -22.7041 -8.95659 -1.77456 -34.0434 5.90399 12.0747 -31.2803 6.11681 23.7622 -17.2996 9.56676 38.919 -5.23009 -5.25344 24.4473 6.20548 -6.03449 15.5726 16.4279 6.49016 0.572182 27.7418 13.6864 -13.0473 21.0633 13.9454 -32.3606 16.5158 -1.04454 -37.2423 1.08685 -9.286 -24.2047 2.99928 -25.8826 -16.9004 -4.00528 0 0 0 0 0 0 0 0 0 0 0 0 0 0 0 0 0 0 0 0 0 0 0 0 0 0
-24.1263 2.03641 5.7248 -16.8728 13.8548 14.9196 -1.04527 24.6057 13.4606 8.10969 27.7954 7.7028 6.01217 35.1277 -13.0373 21.8829 32.3052 -18.4713 29.066 17.4227 -21.6215 29.9023 2.47077 -5.83314 23.9733 -19.2157 -3.62372 7.02629 -29.111 4.13904 -6.40329 -24.3439 8.80997 -24.7282 -20.0452 2.24892 -21.7242 -13.3649 -21.1742 -9.54177 -4.51379 -33.9318 3.71462 10.1115 -32.1893 5.74473 22.3301 -21.4527 9.57437 36.7667 -7.77026 -4.58205 23.383 5.15523 -6.1083 12.5818 12.8303 5.03026 -1.13662 25.6472 11.697 -10.6167 21.8244 12.3363 -27.6143 21.4672 -1.90659 -35.538 8.38302 -10.3306 -25.4748 7.6657 -25.0019 -17.583 -1.48491 0 0 0 0 0 0 0 0 0 0 0 0 0 0 0 0 0 0 0 0 0 0 0 0 0 0
-21.7833 1.29787 7.17506 -15.0165 14.2519 13.4212 0.628874 22.2177 9.68842 5.89864 25.1528 2.70474 5.75447 34.1826 -17.1413 23.5786 32.4247 -20.691 30.4531 18.3727 -19.6211 29.7255 4.77549 -3.90145 23.0602 -16.7351 -1.1985 6.43657 -25.8372 6.52918 -7.18333 -20.8319 10.2629 -24.8798 -19.8873 4.16454 -23.4935 -13.6941 -19.6444 -10.127 -7.25302 -33.8202 1.52526 8.14836 -33.0983 5.37265 20.898 -25.6057 9.58199 34.6144 -10.3104 -3.91066 22.3187 4.10498 -6.1821 9.59092 9.23266 3.57035 -2.84541 23.5526 9.70754 -8.18617 22.5856 10.7271 -22.8679 26.4187 -2.76864 -33.8337 15.6792 -11.3752 -26.7448 12.3321 -24.1213 -18.2655 1.03547 0 0 0 0 0 0 0 0 0 0 0 0 0 0 0 0 0 0 0 0 0 0 0 0 0 0
-19.4402 0.559333 8.62533 -13.1602 14.6491 11.9228 2.30302 19.8298 5.91622 3.68759 22.5102 -2.29331 5.49676 33.2375 -21.2452 25.2742 32.5442 -22.9107 31.8402 19.3228 -17.6208 29.5487 7.08021 -1.96977 22.1471 -14.2544 1.22672 5.84685 -22.5635 8.91931 -7.96337 -17.3198 11.7159 -25.0313 -19.7294 6.08016 -25.2628 -14.0232 -18.1145 -10.7121 -9.99225 -33.7086 -0.664107 6.18521 -34.0072 5.00057 19.4659 -29.7588 9.5896 32.4621 -12.8506 -3.23927 21.2543 3.05473 -6.2559 6.60006 5.63505 2.11044 -4.55421 21.458 7.71808 -5.75559 23.3467 9.11792 -18.1216 31.3701 -3.63069 -32.1294 22.9754 -12.4198 -28.0148 16.9985 -23.2407 -18.948 3.55584 0 0 0 0 0 0 0 0 0 0 0 0 0 0 0 0 0 0 0 0 0 0 0 0 0 0
-17.0972 -0.179204 10.0756 -11.3039 15.0463 10.4243 3.97717 17.4418 2.14403 1.47653 19.8675 -7.29136 5.23906 32.2925 -25.3492 26.9698 32.6637 -25.1303 33.2273 20.2728 -15.6204 29.3719 9.38493 -0.0380846 21.234 -11.7738 3.65194 5.25713 -19.2897 11.3094 -8.74341 -13.8078 13.1688 -25.1829 -19.5715 7.99578 -27.0321 -14.3524 -16.5846 -11.2973 -12.7315 -33.5969 -2.85347 4.22207 -34.9162 4.62849 18.0338 -33.9118 9.59721 30.3098 -15.3907 -2.56788 20.19 2.00447 -6.32971 3.6092 2.03743 0.650533 -6.26301 19.3633 5.72863 -3.32502 24.1079 7.50874 -13.3753 36.3216 -4.49274 -30.4251 30.2716 -13.4644 -29.2849 21.665 -22.36 -19.6305 6.07622 0 0 0 0 0 0 0 0 0 0 0 0 0 0 0 0 0 0 0 0 0 0 0 0 0 0
-14.7541 -0.917741 11.5259 -9.44762 15.4435 8.92589 5.65132 15.0539 -1.62816 -0.734519 17.2249 -12.2894 4.98136 31.3474 -29.4531 28.6654 32.7832 -27.35 34.6144 21.2228 -13.6201 29.195 11.6897 1.8936 20.3209 -9.29317 6.07715 4.66741 -16.016 13.6996 -9.52346 -10.2958 14.6217 -25.3344 -19.4137 9.9114 -28.8015 -14.6815 -15.0547 -11.8825 -15.4707 -33.4853 -5.04283 2.25892 -35.8252 4.25641 16.6017 -38.0649 9.60482 28.1575 -17.9309 -1.8965 19.1257 0.954223 -6.40351 0.618343 -1.56018 -0.809374 -7.97181 17.2687 3.73918 -0.894439 24.869 5.89957 -8.629 41.273 -5.35479 -28.7208 37.5677 -14.5089 -30.5549 26.3314 -21.4794 -20.3131 8.59659 0 0 0 0 0 0 0 0 0 0 0 0 0 0 0 0 0 0 0 0 0 0 0 0 0 0
-12.4111 -1.65628 12.9761 -7.59132 15.8407 7.42746 7.32547 12.6659 -5.40036 -2.94557 14.5823 -17.2875 4.72366 30.4024 -33.5571 30.361 32.9027 -29.5697 36.0015 22.1728 -11.6197 29.0182 13.9944 3.82529 19.4078 -6.81253 8.50237 4.07769 -12.7422 16.0897 -10.3035 -6.78374 16.0747 -25.486 -19.2558 11.827 -30.5708 -15.0107 -13.5248 -12.4677 -18.2099 -33.3737 -7.2322 0.295775 -36.7342 3.88433 15.1696 -42.2179 9.61244 26.0052 -20.4711 -1.22511 18.0614 -0.0960287 -6.47732 -2.37252 -5.15779 -2.26928 -9.6806 15.1741 1.74972 1.53614 25.6302 4.2904 -3.88268 46.2245 -6.21684 -27.0165 44.8639 -15.5535 -31.8249 30.9978 -20.5988 -20.9956 11.117 0 0 0 0 0 0 0 0 0 0 0 0 0 0 0 0 0 0 0 0 0 0 0 0 0 0
-9.83054 -2.46967 14.5734 -5.54688 16.2781 5.77715 9.1693 10.0359 -9.55489 -5.38073 11.6718 -22.7921 4.43984 29.3615 -38.077 32.2285 33.0343 -32.0144 37.5292 23.2191 -9.41661 28.8235 16.5327 5.95276 18.4021 -4.08046 11.1734 3.4282 -9.13665 18.7221 -11.1626 -2.91573 17.6749 -25.6529 -19.0819 13.9368 -32.5194 -15.3732 -11.8399 -13.1122 -21.2268 -33.2508 -9.64347 -1.86635 -37.7353 3.47454 13.5924 -46.7919 9.62082 23.6347 -23.2687 -0.485668 16.8892 -1.25273 -6.5586 -5.66652 -9.12005 -3.87716 -11.5626 12.8672 -0.441376 4.21307 26.4685 2.51813 1.34471 51.6778 -7.16626 -25.1395 52.8996 -16.704 -33.2237 36.1372 -19.6289 -21.7473 13.8928 0 0 0 0 0 0 0 0 0 0 0 0 0 0 0 0 0 0 0 0 0 0 0 0 0 0
-7.04048 -4.43738 14.474 -4.08749 13.9144 4.79947 8.39547 7.01149 -11.5614 -5.60612 11.4544 -23.6025 5.56398 27.1796 -39.5012 29.996 35.5137 -32.2375 36.0261 26.788 -9.49168 27.8432 20.9227 6.37547 19.1973 0.528139 13.4545 4.5264 -5.53475 20.5922 -10.1984 -0.863486 18.5853 -22.8414 -18.1861 15.3816 -32.1985 -15.1974 -9.20346 -16.3169 -23.733 -31.2105 -12.6502 -5.30794 -37.5829 -0.254859 8.28788 -48.8778 9.02343 18.7099 -27.6163 0.683856 16.0605 -5.34781 -7.93723 -5.16145 -9.54503 -3.38536 -9.14187 12.0627 -3.60942 5.01953 26.0823 1.02392 4.96924 50.5157 -5.53624 -21.2463 54.4231 -13.9837 -31.5621 39.0999 -16.7234 -23.2589 16.1475 0 0 0 0 0 0 0 0 0 0 0 0 0 0 0 0 0 0 0 0 0 0 0 0 0 0
-4.25042 -6.40509 14.3746 -2.62809 11.5507 3.82179 7.62163 3.98708 -13.568 -5.83151 11.237 -24.4129 6.68813 24.9977 -40.9255 27.7635 37.9931 -32.4606 34.523 30.3569 -9.56675 26.8628 25.3127 6.79818 19.9926 5.13674 15.7356 5.62461 -1.93284 22.4624 -9.23411 1.18876 19.4957 -20.0298 -17.2903 16.8265 -31.8776 -15.0215 -6.56702 -19.5217 -26.2393 -29.1702 -15.6569 -8.74953 -37.4304 -3.98426 2.98335 -50.9638 8.42604 13.7851 -31.964 1.85338 15.2318 -9.44289 -9.31587 -4.65637 -9.97002 -2.89355 -6.72113 11.2581 -6.77746 5.826 25.6961 -0.470298 8.59377 49.3535 -3.90621 -17.353 55.9467 -11.2634 -29.9005 42.0626 -13.8178 -24.7706 18.4022 0 0 0 0 0 0 0 0 0 0 0 0 0 0 0 0 0 0 0 0 0 0 0 0 0 0
-5.68405 -9.47943 14.831 -3.91408 7.37966 3.21027 7.37469 -0.891726 -12.5156 -3.90381 7.31425 -24.6055 11.3937 19.4681 -39.8069 26.9723 37.01 -30.6395 35.3688 32.1085 -7.9978 32.3734 23.6551 6.64102 19.4927 9.82981 18.2466 4.81692 2.00881 18.6024 -7.6298 -0.48772 20.7964 -15.6369 -19.222 15.1341 -30.3344 -14.8547 -5.2909 -25.2375 -27.3904 -28.8778 -16.1503 -13.6224 -37.2215 -3.99666 -5.40331 -51.6176 8.20056 8.84721 -37.3017 10.1728 11.0416 -14.7305 -6.12858 -1.65968 -10.0701 2.3243 -4.6547 9.60948 -1.47644 5.37107 25.0469 5.60345 5.95309 47.851 -8.01549 -10.8761 57.2549 -17.2067 -24.4859 45.8679 -16.5146 -25.681 22.0398 0 0 0 0 0 0 0 0 0 0 0 0 0 0 0 0 0 0 0 0 0 0 0 0 0 0
