Optimization finished after 459300 iterations.
NEB Energy: 0.668019
Max NEB Force: 0.0499976
Optimization took: 1782317118904 ms
Energies: 
0.662476, 0.682777, 0.710475, 0.732101, 0.766272, 0.890029, 1.03006, 1.15503, 1.20322, 1.17671, 1.09407, 1.01673, 0.909946, 0.769862, 0.666515, 
NEB Forces: 
0, 0.0296623, 0.0474239, 0.0499976, 0.0408382, 0.0254325, 0.015328, 0.0100978, 0.00757758, 0.00689411, 0.00683678, 0.00699352, 0.00665221, 0.00449347, 0, 
Gradients: 
7.90378e-06, 0.00294582, 0.00294008, 0.00311431, 0.0042405, 0.0063103, 0.00723105, 0.00771294, 0.00721666, 0.00699486, 0.00702658, 0.00715791, 0.00706141, 0.00500259, 0.000116223, 
Spring Forces: 
0, 0.0295158, 0.0473328, 0.0499007, 0.040621, 0.0246985, 0.0136603, 0.00670993, 0.00231858, 0.00019284, 0.00106867, 0.00119536, 0.00173166, 0.00149839, 0, 