Optimization finished after 304100 iterations.
NEB Energy: 0.637986
Max NEB Force: 0.0227776
Optimization took: 15887111 ms
Energies: 
0.587157, 0.637882, 0.674315, 0.693639, 0.704414, 0.688146, 0.658868, 0.634893, 0.649779, 0.667392, 0.667793, 0.680562, 0.684808, 0.697265, 0.705936, 0.739446, 0.75194, 0.804489, 0.832204, 0.835142, 0.762771, 0.601207, 0.587035, 
NEB Forces: 
0, 0.00149966, 0.00213255, 0.00235934, 0.00253447, 0.00198666, 0.00121967, 0.0010908, 0.00119682, 0.00162368, 0.00163019, 0.00187034, 0.00193312, 0.00219053, 0.00230589, 0.00277022, 0.00274565, 0.00301441, 0.00349592, 0.00352547, 0.00784706, 0.0227776, 0, 
Gradients: 
0.000222706, 0.00166986, 0.00216029, 0.00235923, 0.00252943, 0.00204765, 0.00136829, 0.00112236, 0.00140639, 0.00168403, 0.00165532, 0.00197275, 0.00196477, 0.00222859, 0.00238839, 0.00283465, 0.00281223, 0.00307731, 0.00349479, 0.00343322, 0.00386404, 0.00215326, 1.15954e-12, 
