Optimization finished after 5000 iterations.
NEB Energy: 0.760374
Max NEB Force: 0.377879
Optimization took: 222314 ms
Energies: 
0.594646, 0.758711, 0.823805, 0.86243, 0.888284, 0.869215, 0.845536, 0.832457, 0.842179, 0.86084, 0.863927, 0.881369, 0.889207, 0.895751, 0.893833, 0.928145, 0.940889, 1.00484, 1.03973, 1.25522, 1.2919, 0.757711, 0.587035, 
NEB Forces: 
0, 0.0852384, 0.0835368, 0.0851998, 0.0863634, 0.0914124, 0.101564, 0.0977333, 0.104411, 0.090453, 0.0884896, 0.0876981, 0.0887629, 0.0862657, 0.0836942, 0.0827681, 0.08294, 0.0850241, 0.0848296, 0.103114, 0.103814, 0.377879, 0, 
Gradients: 
0.0223237, 0.0852523, 0.0835353, 0.0851868, 0.0863454, 0.091404, 0.101564, 0.0977305, 0.10441, 0.0904538, 0.0884908, 0.087702, 0.0887636, 0.0862637, 0.0836952, 0.0827631, 0.0829303, 0.0850001, 0.0848048, 0.103112, 0.103323, 0.0700915, 1.17307e-12, 
