# num_vectors 9
# vector_size 101
-32.56 -1.49344 8.62919 -25.5504 10.4121 22.5627 -7.8171 24.0295 28.3469 4.70789 32.6458 19.4782 12.2024 35.0812 -2.74901 17.8288 28.2899 -15.9276 26.3511 10.2202 -23.0476 28.5187 -11.5335 -14.7096 20.4053 -25.9947 -3.4888 2.68062 -35.1014 3.66121 -11.0391 -35.513 1.76778 -24.9909 -26.4342 -11.2574 -19.9132 -10.623 -27.2144 -5.7603 0.321052 -31.6446 10.6722 12.0199 -26.8174 18.3576 26.7714 -14.9267 12.2347 37.3876 -0.272781 -3.83899 32.8878 15.7513 -7.24429 21.9867 24.1093 0.695737 1.52318 31.5124 10.5101 -17.0031 29.1026 12.1555 -35.1787 15.1476 -1.41765 -39.0464 -3.53397 -15.2629 -30.6967 -9.86322 -28.2459 -16.0843 -5.50304 0.184063 0.210437 0.130124 0.0188054 0.00801064 -0.063204 -0.0219198 -0.043929 0.022365 -0.0161152 -0.0430927 -0.0314415 -0.0530368 -0.0451289 0.0597351 0.0369505 -0.0589546 -0.112611 0.0727191 0.0354481 0.0225365 -0.113272 -0.0550186 -0.0351148 -0.108355 0.0351277
-30.3162 1.77745 6.69466 -23.0684 15.1008 19.1435 -4.70761 27.9544 24.7132 6.295 36.5086 13.9648 8.52752 38.5353 -9.42424 17.8064 33.0423 -21.0508 30.6584 16.1846 -21.7406 32.6856 -4.32656 -10.6668 24.8644 -20.9698 -2.74912 8.0926 -32.1015 3.80903 -5.70542 -32.5978 4.97303 -22.7862 -23.2298 -3.22545 -22.3337 -10.6441 -22.5075 -10.4036 -0.699539 -32.4313 4.43655 13.7905 -32.4979 11.7533 29.8993 -22.249 8.46722 38.9213 -5.73406 -3.83972 29.691 11.5501 -5.10968 18.5592 20.1965 5.70098 0.22084 29.3309 18.162 -16.7457 27.8443 18.3318 -35.8711 15.1169 1.07673 -39.6386 -0.253796 -13.42 -31.3486 -5.00691 -26.2307 -16.0735 -3.09689 -0.098408 -0.0734275 -0.173288 -0.329787 -0.303716 -0.212359 0.0573272 0.0383651 0.0188366 0.0343248 0.116339 0.131011 0.0237701 0.0821673 0.349977 0.349067 -0.0772438 -0.0804617 0.0313939 -0.0952861 -0.0853118 -0.0475355 0.173864 0.191871 -0.0214895 0.295493
-30.4153 1.74191 5.29053 -22.2392 15.1446 17.0604 -1.6908 25.5143 18.9518 7.71307 32.2558 5.68996 8.96273 36.6365 -17.4485 20.516 32.5227 -27.5005 34.2595 16.7906 -23.8332 33.7406 -1.96168 -9.84979 24.4297 -15.9632 1.01891 7.6031 -24.7239 10.4177 -6.16064 -25.9924 11.3863 -23.625 -21.9408 0.191847 -23.7654 -14.4336 -21.5804 -12.8773 -5.25153 -33.2785 1.56064 9.38562 -36.0169 10.6995 25.8965 -28.1465 9.04453 36.1635 -12.122 -5.07356 28.9655 4.73823 -7.42242 18.9708 14.4786 4.39633 3.68147 27.2515 18.8726 -11.5305 29.344 17.5286 -33.7395 23.622 -1.16349 -40.6098 11.3096 -14.687 -33.2968 3.24096 -26.2918 -17.5707 -1.13096 -0.335213 -0.27021 -0.350894 -0.490194 -0.335188 -0.101514 0.285543 0.329771 0.421841 0.454171 0.378561 0.0839071 -0.0947497 -0.0455257 0.263091 0.250588 -0.121629 -0.177364 -0.161601 -0.375129 -0.239091 0.117993 0.269969 0.337873 -0.0950072 0.381429
-28.2803 -0.526203 7.4965 -19.1527 13.4348 17.8304 1.06184 23.2474 12.5 5.23257 28.4127 -3.79986 9.97905 36.8369 -25.3087 24.6946 34.2497 -30.6192 36.829 19.8077 -20.9226 33.5771 1.9842 -6.11698 23.3939 -11.7473 4.30493 6.26986 -20.3214 13.3313 -7.434 -22.1899 14.1688 -25.1144 -20.4956 2.71164 -25.3298 -15.9351 -19.8619 -14.7931 -8.04085 -32.7603 -0.673578 6.29067 -37.8051 9.16771 23.1103 -31.6147 8.32501 33.5099 -15.6124 -7.17548 26.3356 -0.00305897 -11.9241 15.3193 7.50523 -1.27732 0.280069 21.542 16.7319 -5.66618 30.7964 17.1132 -28.3563 34.3708 -0.861604 -38.343 23.1741 -13.4277 -34.4856 11.8302 -24.2972 -20.3404 2.72726 -0.504374 -0.47534 -0.643893 -0.772671 -0.311029 0.214303 0.659331 0.705999 0.778882 0.786855 0.636027 0.168678 -0.0852061 -0.0729332 0.252984 0.192396 -0.236684 -0.271758 -0.227894 -0.667836 -0.333969 0.171793 0.151959 0.244677 -0.360299 0.203476
-26.5465 -1.63493 9.77046 -16.0589 13.562 16.4088 2.67168 19.6277 4.33857 3.54278 21.871 -13.0961 12.197 34.0818 -31.3201 28.0333 34.5636 -30.6719 38.5024 22.3518 -16.8474 34.2729 4.45021 -2.38674 22.809 -9.0952 6.88517 5.05718 -17.3506 14.9444 -8.47772 -20.0186 16.2407 -26.7076 -20.8037 5.5733 -26.5842 -17.2818 -17.1864 -16.6583 -10.3761 -31.0969 -2.64834 2.54909 -39.2741 8.65409 19.3561 -36.4727 8.99168 30.6753 -21.0881 -5.05339 24.0752 -3.92573 -9.42106 12.3114 2.61772 1.0611 -3.48284 15.9303 14.4717 -4.44488 32.1957 10.8803 -22.5327 45.8959 -5.6382 -35.4931 35.5346 -15.3331 -34.2762 21.1818 -22.5641 -21.8565 7.23322 -1.02723 -1.05304 -1.22817 -1.284 -0.423996 0.435331 0.919956 0.943694 0.969115 0.951161 0.725483 0.120782 -0.171165 -0.214117 0.162783 0.0744266 -0.42161 -0.4711 -0.380219 -0.735898 0.0815639 0.842835 0.580933 0.708526 -0.106049 0.834059
-20.9582 -1.55509 12.4816 -9.33198 14.1348 14.3928 3.9871 18.4523 -3.97227 1.68496 20.5923 -21.2893 14.4105 32.758 -36.9789 29.649 32.9947 -32.6 37.4936 22.1457 -16.1496 31.507 7.02073 0.668914 19.2916 -4.38232 11.6973 0.904755 -10.8156 19.99 -12.7433 -13.2067 20.063 -28.6124 -16.0474 6.39397 -26.5775 -16.695 -16.5377 -16.8263 -11.3094 -31.2218 -4.02698 1.77488 -40.9781 6.8131 18.9835 -38.8741 7.52163 28.5254 -22.3403 -5.69511 17.3698 -6.97026 -9.49574 4.5467 -2.34397 -0.486222 -8.69821 14.3877 8.76355 -1.30893 31.8569 4.58862 -12.7683 51.3252 -7.81853 -31.1961 43.9318 -15.3043 -33.7025 28.4672 -20.5053 -22.3126 12.8368 -1.17494 -1.264 -1.50518 -1.54259 -0.551279 0.493499 1.01249 1.09813 1.19385 1.17742 0.885982 0.112428 -0.195885 -0.199736 0.243152 0.136267 -0.566687 -0.508836 -0.42489 -0.940168 0.308079 1.10976 0.636302 0.760598 -0.293771 0.669175
-15.3944 -6.216 15.2242 -6.44022 10.8377 11.4842 0.653377 15.6672 -9.95594 -0.773131 19.7578 -27.0144 13.2302 34.5447 -38.9041 27.2934 37.2443 -32.0933 35.6339 28.7181 -14.5551 31.6831 13.5763 2.8397 20.2942 1.23644 13.7432 2.04958 -6.70367 20.9762 -11.157 -10.8906 20.7556 -26.8198 -17.8033 8.36087 -27.6105 -21.1248 -14.4153 -19.7249 -16.2996 -30.3603 -8.33712 -3.94017 -42.5163 3.20594 12.8054 -44.6174 8.1132 24.3144 -30.1821 -1.51102 15.6028 -11.029 -6.93391 3.94917 -5.10744 -6.85083 -6.87193 15.3728 -1.25838 2.44441 33.4632 0.289281 -7.34148 54.1902 -5.91283 -29.7124 51.148 -11.9741 -36.0425 36.1594 -16.6645 -26.5673 19.1505 -1.08759 -1.36452 -1.69666 -1.78936 -0.497479 0.686643 1.31798 1.42826 1.51482 1.4734 1.09929 0.2574 -0.0291538 -0.00408524 0.544745 0.434889 -0.327669 -0.341247 -0.363879 -1.01281 -0.167491 0.66027 0.0680672 0.202244 -1.00606 -0.180996
-12.3163 -5.56144 16.6794 -2.1061 7.88353 6.68057 2.44663 5.17495 -15.7975 1.28825 9.85395 -32.7245 13.2156 28.2144 -41.4852 25.2854 34.721 -33.5206 34.5627 31.6117 -14.7028 32.6916 18.8725 4.83352 22.555 5.67024 15.9607 4.80241 -3.51855 22.9344 -8.34695 -7.8869 22.9784 -24.9009 -14.9369 11.8876 -28.7599 -19.4391 -10.3666 -23.2774 -17.3791 -27.8425 -12.336 -8.60196 -43.1216 0.771808 6.25927 -48.1611 7.64722 19.0822 -35.7829 -1.15857 14.9616 -14.7867 -5.78216 4.88936 -5.98604 -2.51025 -4.68089 14.8528 3.14563 5.25071 32.5928 2.18572 0.0737454 54.9546 -7.11016 -21.2653 57.4864 -14.1817 -29.9777 44.2367 -17.1997 -23.741 25.4464 -1.72282 -1.92773 -2.06757 -2.22147 -0.638489 0.626861 1.52754 1.65954 1.71622 1.65659 1.28503 0.455818 0.0913249 0.00188727 0.566348 0.420733 -0.294306 -0.42738 -0.520854 -1.13356 -0.101008 1.01369 0.531799 0.536798 -1.035 0.254077
-10.6313 -10.8682 17.4394 -1.34873 1.93268 5.82136 2.6751 1.87427 -16.9195 3.07223 7.93458 -33.4384 15.1659 26.9246 -40.4557 26.1891 34.854 -32.2663 35.7466 34.5719 -13.3343 34.3528 24.252 7.61821 22.6456 12.9341 19.2675 4.70601 2.54691 23.5684 -6.9135 -4.89793 22.3234 -21.6972 -16.7112 12.9091 -29.413 -23.3766 -7.74153 -26.9994 -22.8572 -26.0066 -17.3973 -16.6349 -43.3064 -3.52512 -4.5842 -52.2736 7.90716 8.53106 -44.3859 5.86815 9.75736 -21.3706 0.403727 3.11923 -10.1296 -0.440394 -3.00172 12.1951 3.55 6.71451 30.4983 1.92122 4.65954 53.3217 -9.36187 -14.4754 60.7196 -16.66 -26.2048 50.2019 -17.5515 -25.7164 30.2008 -1.66637 -1.84797 -2.05682 -2.27751 -0.645394 0.613231 1.71163 1.92872 1.99237 1.87749 1.40228 0.584133 0.201856 0.0361441 0.636693 0.446093 -0.391183 -0.601354 -0.778938 -1.35969 -0.428084 0.999432 0.640162 0.483981 -1.5009 -0.255588
