# num_vectors 16
# vector_size 101
17.5982 25.846 -11.0259 5.13456 31.2883 -2.8714 10.073 29.369 20.1086 -6.89884 25.6218 22.8818 -22.3605 8.50405 21.7469 -31.6755 -1.72756 7.83406 -28.3931 -16.4692 -6.41847 -10.0187 -24.015 -3.86175 -4.26445 -40.3328 -2.4169 12.1546 -35.196 13.4648 7.79276 -15.5887 24.6154 2.03262 3.27578 32.119 -7.10135 21.0828 20.4534 -3.63817 28.4516 8.87767 15.6209 38.9898 1.56789 10.8411 23.536 -8.59438 12.2303 10.8132 -24.5401 -5.18791 1.5654 -30.9649 -18.2619 -10.1552 -25.361 -26.0596 -26.6695 -11.3295 -11.2174 -33.298 2.18026 2.60934 -34.1165 1.80684 21.095 -25.1175 -3.24448 26.3574 -8.47523 -13.0527 25.2176 11.6914 -24.862 0 0 0 0 0 0 0 0 0 0 0 0 0 0 0 0 0 0 0 0 0 0 0 0 0 0
18.7572 26.5997 -11.8957 6.32642 31.5677 -3.3743 10.8872 27.2196 19.484 -6.41852 24.6201 21.7646 -22.396 7.81642 22.9183 -32.7824 -3.30567 10.3778 -30.3102 -18.0943 -4.01285 -11.1424 -24.4257 -3.57384 -4.12421 -40.3705 -2.95035 11.5592 -34.847 13.5668 4.99486 -16.6426 26.3227 3.88043 4.33076 32.0906 -7.46967 20.7805 20.0883 -3.74423 29.7955 9.63906 16.0002 40.4457 3.76949 11.6791 25.3741 -7.18973 15.7068 11.7711 -22.2033 -0.761902 2.66397 -31.4049 -14.2193 -9.81476 -28.2812 -24.7345 -24.812 -13.9744 -10.046 -35.9165 -2.49194 3.83339 -35.9238 -2.69507 22.2454 -22.547 -0.216733 27.6453 -7.73929 -13.064 26.705 12.1929 -25.2929 0 0 0 0 0 0 0 0 0 0 0 0 0 0 0 0 0 0 0 0 0 0 0 0 0 0
19.306 24.9592 -10.9851 6.43356 27.5225 -1.70605 12.1116 21.6609 20.6414 -5.1465 19.4341 23.7081 -22.0985 3.28473 20.8947 -29.9026 -7.33989 5.77414 -23.8119 -16.9034 -13.3644 -4.20501 -21.8353 -11.9122 3.96196 -37.3185 -12.4152 17.3458 -32.5885 6.55083 6.88192 -17.8422 22.2352 -0.434892 2.21334 30.1421 -15.4203 16.8102 19.0382 -11.6966 32.3236 14.1947 9.17294 43.0658 12.2768 10.2372 24.296 4.28016 17.4838 11.4994 -10.6005 2.96647 3.41524 -24.307 -17.916 -1.13768 -21.509 -27.5566 -22.1335 -12.8476 -12.3583 -33.2869 -2.06457 1.48765 -34.9918 -4.49528 21.9272 -23.7767 -5.41218 26.6447 -9.54089 -19.2055 28.4742 13.4085 -26.7297 0 0 0 0 0 0 0 0 0 0 0 0 0 0 0 0 0 0 0 0 0 0 0 0 0 0
11.7379 26.6449 -5.44725 -0.327705 26.547 5.68613 8.73924 18.6828 26.6473 -7.88295 14.0144 31.5198 -23.2329 -3.83357 28.8028 -31.5771 -13.5792 13.3434 -26.6366 -20.1118 -7.67579 -6.26281 -22.8627 -9.17159 3.70382 -37.3044 -12.5158 18.7979 -33.245 5.41065 8.4467 -21.64 24.1236 -0.329576 -3.41333 35.3189 -18.4025 10.7172 27.7689 -17.1244 27.2598 24.3417 2.22421 40.7396 21.2072 4.58271 23.0583 10.8278 11.5789 12.92 -6.46076 -3.61383 4.73842 -19.3944 -23.6132 -2.65935 -14.6347 -29.691 -25.8539 -7.3374 -11.8573 -36.4768 0.279844 1.90145 -36.2263 -4.01906 20.8835 -22.4456 -6.04413 22.2338 -5.986 -18.694 20.4023 18.0871 -23.6809 0 0 0 0 0 0 0 0 0 0 0 0 0 0 0 0 0 0 0 0 0 0 0 0 0 0
5.11398 13.3012 -7.90428 5.63515 7.13266 9.90512 -5.6836 9.83663 24.2126 -20.1533 -4.13623 24.9464 -24.2453 -10.7662 9.32289 -10.4962 -15.5905 -5.74008 -9.6177 -4.30041 -20.9137 4.96795 -11.0229 -36.732 21.175 -21.7835 -18.792 17.8141 -11.1403 -3.25063 0.281616 -14.9855 8.24946 -16.574 -16.5346 6.62524 -32.5503 5.12393 -0.694181 -36.6566 12.5773 20.1682 -20.4878 1.72616 32.4263 -8.48594 18.8103 36.3123 8.46115 13.622 30.1768 10.8015 -1.70788 20.1195 -4.0439 -11.3465 6.49705 -21.6504 -1.75509 2.07344 -29.3911 -1.4349 -17.3026 -16.2608 -8.23437 -35.3782 -1.7043 -23.0385 -25.5113 15.2739 -13.022 -27.7627 17.1947 5.29735 -22.0633 0.000393545 -0.000291636 0.000797068 -0.000617681 -8.27398e-05 0.000366618 -0.0012036 0.000674683 0.000112858 0.000135904 -0.000119116 -0.000640081 0.000985329 -0.000152522 3.11441e-05 -0.000597444 0.00216157 -0.00129072 -0.00221589 0.00134758 0.000510262 0.00109775 0.00166967 -0.00127548 -0.00179708 0.000481121
7.86969 15.9533 -6.02377 11.5006 8.14807 10.3125 2.23243 7.66929 25.7521 -10.1845 -7.94455 26.0742 -15.6025 -13.2616 10.4637 -3.85866 -14.4187 -6.26115 -6.31664 -1.74174 -19.4852 6.33551 -4.54041 -37.2938 25.6655 -14.6338 -23.1439 23.4257 -6.45391 -6.26035 8.45146 -13.8354 6.21779 -7.93067 -17.4967 6.23221 -26.7311 2.04672 3.85206 -28.6146 6.46546 25.5263 -10.0991 -3.11342 34.1654 0.235366 14.6777 39.0119 16.3515 12.6566 30.54 18.8636 -0.789311 18.4271 3.63095 -10.7233 5.48723 -15.057 -3.40092 4.41415 -25.2711 -2.09174 -13.4776 -14.3327 -4.92524 -33.3272 2.71288 -18.2999 -27.3789 17.7717 -6.00762 -29.9866 18.4629 11.3894 -22.1353 0.000393545 -0.000291636 0.000797068 -0.000617681 -8.27398e-05 0.000366618 -0.0012036 0.000674683 0.000112858 0.000135904 -0.000119116 -0.000640081 0.000985329 -0.000152522 3.11441e-05 -0.000597444 0.00216157 -0.00129072 -0.00221589 0.00134758 0.000510262 0.00109775 0.00166967 -0.00127548 -0.00179708 0.000481121
12.5221 17.4649 -5.88695 13.5449 6.80826 8.52612 3.58712 5.62584 23.4499 -6.10657 -11.5072 24.2403 -14.6294 -16.2975 10.3536 -6.49007 -19.3685 -7.67274 -9.55266 -6.84782 -20.9047 4.12917 -8.00584 -38.0004 23.7025 -14.8938 -22.7176 21.2223 -4.1593 -7.69983 8.85165 -10.6217 7.31842 -7.04762 -13.21 10.5589 -24.8103 7.26737 10.2198 -29.2636 7.54984 31.4091 -12.2858 -4.46838 39.6593 0.749705 11.3634 43.3794 14.3343 8.63828 32.0431 14.7204 -5.80324 21.178 2.99127 -12.0571 4.41396 -15.2939 -4.48517 1.47684 -24.6903 -5.28802 -16.7435 -14.2111 -2.62995 -36.0872 4.75144 -13.3469 -32.1242 17.3953 1.14701 -33.9973 22.351 13.6324 -22.6151 0.000393545 -0.000291636 0.000797068 -0.000617681 -8.27398e-05 0.000366618 -0.0012036 0.000674683 0.000112858 0.000135904 -0.000119116 -0.000640081 0.000985329 -0.000152522 3.11441e-05 -0.000597444 0.00216157 -0.00129072 -0.00221589 0.00134758 0.000510262 0.00109775 0.00166967 -0.00127548 -0.00179708 0.000481121
15.5452 12.1208 -5.83628 17.4594 0.348781 7.461 8.0941 -2.54563 22.4245 -3.85076 -17.6781 20.9384 -11.5837 -19.953 6.24649 -3.30359 -17.4614 -10.9036 -10.1442 -6.16667 -23.1565 1.80741 -2.88765 -40.6035 22.6268 -4.9745 -26.4453 18.5223 0.918318 -10.0907 9.25231 -10.836 2.2068 -4.83249 -14.9766 8.49113 -21.0125 3.64787 16.0769 -29.1482 -3.73092 31.7465 -15.0187 -10.8823 45.4667 -5.8776 7.04046 48.5844 9.42362 6.08524 40.1682 12.1262 -4.52393 26.7413 6.41803 -3.77907 8.38862 -10.4418 5.34065 3.44546 -21.8566 1.10694 -12.4048 -15.7217 3.72762 -33.0446 -0.520329 -10.7048 -33.7975 14.6794 0.26577 -35.5595 22.8957 9.11456 -23.7219 0.000393545 -0.000291636 0.000797068 -0.000617681 -8.27398e-05 0.000366618 -0.0012036 0.000674683 0.000112858 0.000135904 -0.000119116 -0.000640081 0.000985329 -0.000152522 3.11441e-05 -0.000597444 0.00216157 -0.00129072 -0.00221589 0.00134758 0.000510262 0.00109775 0.00166967 -0.00127548 -0.00179708 0.000481121
21.9461 11.7561 -5.6681 20.2016 1.39629 8.22295 7.40289 -1.71581 19.0745 -1.32616 -18.4606 17.0565 -9.3064 -21.4292 2.64439 -2.56586 -17.1765 -14.6725 -8.83256 -3.66155 -24.1341 1.24641 0.822429 -42.3217 23.1265 -3.56379 -31.1414 20.9471 -0.120847 -14.0478 9.48614 -10.7835 -2.966 -4.99816 -12.6632 3.06352 -16.0189 5.36736 15.9092 -26.6108 -2.83081 29.0968 -15.8551 -8.99129 45.4149 -4.94315 7.88825 47.8198 10.3477 4.68815 40.3431 12.5484 -3.64944 25.5603 7.74042 0.608229 7.80624 -10.0409 6.94801 2.62407 -20.6065 0.431747 -12.8448 -15.621 3.65198 -33.667 0.294556 -9.8202 -35.3521 14.9228 1.68807 -34.5159 19.8239 11.7532 -22.3491 0.000393545 -0.000291636 0.000797068 -0.000617681 -8.27398e-05 0.000366618 -0.0012036 0.000674683 0.000112858 0.000135904 -0.000119116 -0.000640081 0.000985329 -0.000152522 3.11441e-05 -0.000597444 0.00216157 -0.00129072 -0.00221589 0.00134758 0.000510262 0.00109775 0.00166967 -0.00127548 -0.00179708 0.000481121
22.4623 11.5176 -6.46726 20.2636 4.29732 8.83948 6.91685 0.825873 18.8344 -0.944155 -16.2906 16.6092 -11.1188 -18.7744 3.85304 -6.53511 -18.0633 -14.1528 -7.23093 -4.81337 -24.3397 3.04757 -5.41339 -42.2424 24.6958 -3.93781 -31.3967 22.2598 -1.97527 -14.1708 10.0019 -12.8922 -4.36882 -3.74079 -14.1353 3.12608 -13.4871 4.90419 15.4195 -26.2612 -1.85334 27.0471 -18.3983 -9.17699 44.1949 -8.1045 7.25299 49.2954 7.33443 5.74308 41.7834 10.802 -3.39821 27.8427 4.27716 -3.22352 10.7005 -14.1532 1.27407 6.36645 -23.5839 -0.823158 -10.3006 -16.9019 6.55257 -28.8607 -4.36513 -7.94197 -35.0183 11.9605 -0.312518 -33.166 17.9373 10.5558 -22.4083 0.000393545 -0.000291636 0.000797068 -0.000617681 -8.27398e-05 0.000366618 -0.0012036 0.000674683 0.000112858 0.000135904 -0.000119116 -0.000640081 0.000985329 -0.000152522 3.11441e-05 -0.000597444 0.00216157 -0.00129072 -0.00221589 0.00134758 0.000510262 0.00109775 0.00166967 -0.00127548 -0.00179708 0.000481121
22.3708 11.407 -6.47518 20.1599 4.35904 8.73058 6.95078 0.646585 18.7059 -0.889957 -16.0867 16.5788 -11.0026 -18.7524 3.63332 -6.60211 -18.1405 -13.8228 -7.21575 -4.74765 -24.424 2.98318 -5.41545 -42.2333 24.7174 -3.91605 -31.2063 22.1983 -2.07059 -14.2688 10.2521 -12.799 -4.52756 -3.81519 -14.3272 3.10166 -13.7619 4.98081 15.7001 -26.1296 -1.70413 26.7623 -18.3222 -9.19122 44.3239 -7.9381 7.19814 49.1917 7.1733 5.68836 41.7627 10.6755 -3.3237 27.6866 4.88832 -3.34877 11.0965 -14.7804 1.37122 6.03282 -23.4703 -0.797158 -10.0911 -16.7967 6.43479 -28.9137 -4.19465 -7.6959 -34.9367 11.7079 -0.400019 -33.1574 17.9762 10.5286 -22.2303 0.000119945 -0.0010391 0.00246812 -0.00146888 3.60121e-05 0.000102032 -0.000793611 0.000583905 -3.58035e-06 0.000134409 7.07561e-05 -0.000912318 0.000101467 0.000721759 5.66018e-06 -0.000237341 0.00134539 -0.0010699 -0.000716858 0.000472527 0.000169293 0.000439311 0.00113404 -0.000740059 -0.000922991 0.000241564
22.9173 11.8748 -8.82644 19.7047 9.67624 6.85403 5.8936 8.34332 16.284 -4.55945 -6.41773 13.5067 -15.6109 -6.06699 1.51456 -14.0896 -8.97067 -15.6011 -10.7644 0.736576 -28.0273 3.2868 5.39628 -36.3498 20.6236 -3.98971 -32.9496 24.9451 -4.17679 -18.0173 16.6297 -8.32317 -4.13527 4.01565 -7.22221 5.15553 -10.6501 -5.24768 13.6221 -20.9939 -5.6093 26.4891 -15.9073 -15.4927 43.4711 -7.71511 -0.115876 52.1859 6.0967 3.26697 44.5732 12.007 -3.79094 30.5284 6.88172 -5.48742 13.9048 -4.29778 4.39242 4.27815 -16.2509 5.57608 -8.47666 -18.0852 2.96058 -24.7589 -7.50204 -1.90025 -36.4592 9.05814 0.775795 -34.0648 17.7245 10.756 -24.2962 0.000119945 -0.0010391 0.00246812 -0.00146888 3.60121e-05 0.000102032 -0.000793611 0.000583905 -3.58035e-06 0.000134409 7.07561e-05 -0.000912318 0.000101467 0.000721759 5.66018e-06 -0.000237341 0.00134539 -0.0010699 -0.000716858 0.000472527 0.000169293 0.000439311 0.00113404 -0.000740059 -0.000922991 0.000241564
20.3323 11.408 -10.9654 17.8772 9.27355 4.84134 4.57762 7.33268 14.8341 -4.50759 -8.34277 13.2975 -15.1089 -10.0269 1.19424 -15.5116 -7.81663 -15.184 -8.83146 -1.54976 -27.5413 3.10732 7.259 -34.1495 21.7216 1.97952 -31.561 26.3863 1.10682 -16.7774 18.2775 -0.1803 -2.51977 5.65556 -0.709227 6.66634 -8.33483 0.0300529 16.2177 -17.8274 1.32687 29.5302 -17.3748 -11.1527 44.4861 -6.47804 -1.00434 55.3685 7.61466 0.562907 47.905 12.1221 -4.15107 32.7164 7.48474 -1.10942 16.8589 -1.76233 0.48382 4.68078 -14.7993 -0.146133 -6.73636 -17.8957 -4.21565 -22.391 -8.41378 -7.33507 -35.3191 6.23366 -0.611657 -35.6179 14.5327 9.94481 -26.1706 0.000119945 -0.0010391 0.00246812 -0.00146888 3.60121e-05 0.000102032 -0.000793611 0.000583905 -3.58035e-06 0.000134409 7.07561e-05 -0.000912318 0.000101467 0.000721759 5.66018e-06 -0.000237341 0.00134539 -0.0010699 -0.000716858 0.000472527 0.000169293 0.000439311 0.00113404 -0.000740059 -0.000922991 0.000241564
20.4023 12.1225 -9.24213 15.5895 9.98712 5.81069 4.81416 2.80665 14.6202 -8.59385 -5.76473 11.9753 -16.1913 -11.3906 -0.181063 -17.816 -9.63284 -16.4863 -11.5506 -5.13964 -29.6467 0.521019 1.84221 -37.6485 15.0189 7.04692 -33.7491 20.4378 6.33785 -19.2391 13.3356 3.62785 -4.7541 2.40938 -0.54297 4.78201 -9.94533 -3.811 15.0276 -18.6524 -4.71674 28.6945 -17.7639 -5.40103 44.1477 -4.87118 -4.45644 53.134 8.61624 0.119893 46.5179 12.2969 0.754061 31.3522 6.12294 2.41266 15.9622 -2.71874 0.746728 3.9375 -12.091 -2.79871 -9.29418 -15.4222 -2.49843 -24.8139 -6.2025 -1.22773 -37.4927 8.82599 3.97108 -36.1515 17.7903 9.4815 -24.7829 0.000119945 -0.0010391 0.00246812 -0.00146888 3.60121e-05 0.000102032 -0.000793611 0.000583905 -3.58035e-06 0.000134409 7.07561e-05 -0.000912318 0.000101467 0.000721759 5.66018e-06 -0.000237341 0.00134539 -0.0010699 -0.000716858 0.000472527 0.000169293 0.000439311 0.00113404 -0.000740059 -0.000922991 0.000241564
20.2584 11.7075 -8.91425 15.2046 9.85467 6.09232 4.12691 3.06985 14.8257 -8.82825 -6.14426 12.2019 -17.0991 -10.9609 0.184655 -18.1292 -10.2216 -16.2039 -12.1054 -5.38526 -29.3488 -0.181287 1.80585 -37.3822 14.374 6.94034 -33.6086 19.7644 6.58894 -19.0794 13.0325 2.82552 -4.69677 2.14837 -0.738493 5.10673 -10.1197 -3.33562 15.6192 -18.3565 -5.29391 29.4174 -17.2311 -5.58292 44.8607 -4.44658 -3.23869 53.6306 9.17922 -0.0202958 46.6581 12.3658 1.48489 31.4751 6.19674 1.28009 16.1079 -3.03588 0.269361 4.33353 -12.3815 -2.02112 -9.13014 -15.2292 -3.55853 -24.5559 -6.12501 -1.83442 -37.256 8.83778 3.53964 -35.8846 17.7795 8.96654 -24.4586 0.000119945 -0.0010391 0.00246812 -0.00146888 3.60121e-05 0.000102032 -0.000793611 0.000583905 -3.58035e-06 0.000134409 7.07561e-05 -0.000912318 0.000101467 0.000721759 5.66018e-06 -0.000237341 0.00134539 -0.0010699 -0.000716858 0.000472527 0.000169293 0.000439311 0.00113404 -0.000740059 -0.000922991 0.000241564
20.1219 11.6272 -8.88622 15.1173 9.7776 5.95082 3.98739 2.95297 14.6175 -8.58698 -5.96251 12.1477 -17.0436 -10.8956 -0.101795 -18.0923 -10.2308 -15.8221 -11.8774 -5.2508 -29.4829 -0.0316002 1.80007 -37.1237 14.0891 6.7972 -33.4342 19.5354 6.52377 -19.0802 13.2684 2.93275 -5.0715 1.81335 -0.822128 5.40092 -10.0932 -3.33523 15.7577 -18.1434 -5.25044 29.2852 -16.9809 -5.53058 44.8407 -4.44012 -3.22327 53.3124 8.95596 -0.0616666 46.5673 12.1767 1.45777 31.3476 6.4112 1.2926 16.5588 -3.32374 0.20839 3.92711 -12.2245 -1.99945 -9.13715 -14.9301 -3.48093 -24.5721 -5.96995 -1.73855 -36.8884 8.51538 3.4423 -35.8231 17.7453 8.96647 -24.2955 0 0 0 0 0 0 0 0 0 0 0 0 0 0 0 0 0 0 0 0 0 0 0 0 0 0
