# num_vectors 18
# vector_size 401
15.9628 -22.359 6.67315 18.4723 -21.6683 3.64372 20.6616 -20.6725 0.455078 22.4535 -19.4066 -2.87672 23.7728 -17.9093 -6.33095 24.5401 -16.2329 -9.85909 24.6851 -14.4344 -13.4075 24.1492 -12.5934 -16.882 22.8954 -10.7914 -20.188 20.9271 -9.13319 -23.1906 18.2818 -7.71764 -25.7668 15.0606 -6.6506 -27.7793 11.4045 -6.0191 -29.1204 7.49565 -5.89007 -29.7159 3.56091 -6.28083 -29.5907 -0.23237 -7.13003 -28.7824 -3.73121 -8.34394 -27.3513 -6.84965 -9.82672 -25.3696 -9.52409 -11.4759 -22.9246 -11.7382 -13.2019 -20.0914 -13.4918 -14.9174 -16.9464 -14.808 -16.548 -13.5482 -15.7174 -18.0236 -9.95162 -16.2588 -19.2805 -6.20042 -16.4735 -20.2579 -2.3348 -16.4045 -20.8963 1.6038 -16.0961 -21.1382 5.5751 -15.5948 -20.9274 9.52256 -14.9486 -20.2119 13.3889 -14.2121 -18.9511 17.0863 -13.4412 -17.1152 20.5269 -12.7001 -14.7035 23.5914 -12.0554 -11.7437 26.1566 -11.5747 -8.29081 28.0983 -11.329 -4.48628 29.2769 -11.3777 -0.509553 29.6253 -11.5827 3.47063 29.3918 -11.6272 7.40284 28.8509 -11.1715 11.2223 27.871 -10.2868 14.6777 26.1638 -9.38842 17.6375 23.7004 -8.87008 20.086 20.6239 -8.73537 21.9607 17.1316 -8.92393 23.2296 13.3671 -9.36261 23.8898 9.46986 -9.97451 23.9696 5.53067 -10.6795 23.5102 1.63323 -11.4018 22.5598 -2.17739 -12.0657 21.1701 -5.86167 -12.599 19.3906 -9.39886 -12.9299 17.2713 -12.7696 -12.9872 14.8636 -15.9557 -12.7009 12.2211 -18.9369 -12.0038 9.41066 -21.6804 -10.8341 6.50509 -24.1504 -9.14675 3.60545 -26.2909 -6.91226 0.819696 -28.0467 -4.14662 -1.708 -29.3473 -0.894106 -3.83648 -30.1346 2.72547 -5.40524 -30.3585 6.56142 -6.28235 -29.9998 10.3995 -6.36415 -29.0802 14.0289 -5.6488 -27.7019 17.2711 -4.2075 -25.9435 19.9685 -2.16089 -23.89 22.0338 0.358331 -21.6178 23.4158 3.19822 -19.2095 24.1153 6.22794 -16.7225 24.1589 9.31701 -14.2107 23.5963 12.3656 -11.7015 22.4891 15.2817 -9.21631 20.9021 17.9968 -6.75768 18.9034 20.4494 -4.32348 16.5583 22.5894 -1.90238 13.9318 24.3714 0.519812 11.0901 25.7522 2.95771 8.09904 26.6914 5.4269 5.03483 27.1479 7.93469 1.97447 27.0848 10.4875 -0.984523 26.4702 13.0738 -3.74479 25.2815 15.6796 -6.18768 23.5149 18.2672 -8.19216 21.1885 20.7881 -9.63765 18.3416 23.1846 -10.4065 15.0899 25.3695 -10.7674 11.6196 27.3062 -11.1301 7.98228 28.9069 -11.6088 4.14877 29.8052 -11.894 0.192746 29.788 -11.6479 -3.68938 29.0771 -10.7022 -7.38121 28.022 -9.14756 -10.7893 26.7097 -7.09199 -13.8173 25.1733 -4.63528 -16.4228 23.4337 -1.88712 -18.5727 21.5164 1.06291 -20.2659 19.4316 4.12201 -21.507 17.1915 7.21471 -22.3144 14.7964 10.2646 -22.7089 12.2478 13.2036 -22.7151 9.54099 -12.9175 -12.9046 -12.8911 -12.8807 -12.8717 -12.8672 -12.8641 -12.8675 -12.8696 -12.8799 -12.885 -12.8983 -12.9055 -12.9153 -12.9239 -12.9338 -12.9478 -12.9589 -12.974 -12.9842 -12.9968 -13.0044 -13.0133 -13.0168 -13.0203 -13.0175 -13.0123 -12.9996 -12.9793 -12.9523 -12.9109 -12.8671 -12.8107 -12.763 -12.7283 -12.7218 -12.7316 -12.7451 -12.7741 -12.7951 -12.8522 -12.8979 -12.9586 -12.9972 -13.0282 -13.0444 -13.0502 -13.0517 -13.046 -13.0408 -13.0326 -13.0264 -13.0201 -13.0161 -13.0125 -13.0112 -13.0078 -13.0068 -12.999 -12.9938 -12.9782 -12.9657 -12.9478 -12.9345 -12.9269 -12.9226 -12.9267 -12.9296 -12.9389 -12.9449 -12.9547 -12.9603 -12.968 -12.9709 -12.9744 -12.9724 -12.9688 -12.9595 -12.9446 -12.9256 -12.8954 -12.8674 -12.8319 -12.8104 -12.8007 -12.8027 -12.8072 -12.8111 -12.8434 -12.8778 -12.9478 -13.0037 -13.0676 -13.1079 -13.1386 -13.1533 -13.1567 -13.1545 -13.1444 -13.1336 0.0837128
14.4856 -21.8795 5.99598 17.1306 -21.1738 3.10283 19.5502 -20.2534 0.0976382 21.5159 -18.9819 -3.11612 23.1491 -17.5474 -6.41604 24.089 -15.8614 -9.88616 24.591 -14.0896 -13.3706 24.1624 -12.2402 -16.8515 23.2286 -10.4182 -20.2139 21.254 -8.78953 -23.228 18.803 -7.33157 -25.9421 15.5055 -6.3798 -27.8718 11.9019 -5.73452 -29.329 7.98842 -5.79128 -29.7405 4.0567 -6.21382 -29.6447 0.388813 -7.24842 -28.6334 -3.07188 -8.53966 -27.1838 -5.9716 -10.1627 -25.0421 -8.55887 -11.9028 -22.5744 -10.5274 -13.7061 -19.6417 -12.1719 -15.5019 -16.4895 -13.2723 -17.1494 -13.0404 -14.0866 -18.6877 -9.45165 -14.4813 -19.9058 -5.67689 -14.646 -20.9272 -1.82161 -14.5272 -21.4688 2.12667 -14.2398 -21.7315 6.09797 -13.8104 -21.3581 10.0323 -13.2791 -20.6295 13.9095 -12.7584 -19.1444 17.5262 -12.2134 -17.2545 20.9621 -11.8309 -14.6158 23.8095 -11.5162 -11.5914 26.3056 -11.4173 -8.0556 28.0149 -11.4839 -4.27241 29.1872 -11.6981 -0.312936 29.5697 -12.0223 3.64897 29.5427 -11.9389 7.582 29.0583 -11.5035 11.4357 28.265 -10.4563 14.8228 26.5352 -9.39937 17.8612 24.2732 -8.58942 20.1358 21.171 -8.04943 22.0065 17.7762 -7.98974 23.1051 13.9828 -8.10606 23.7753 10.0961 -8.61059 23.7642 6.14688 -9.18063 23.3736 2.22709 -9.91062 22.4041 -1.57711 -10.5996 21.1255 -5.2924 -11.2264 19.3758 -8.82589 -11.7108 17.3871 -12.2423 -11.9186 15.0255 -15.4472 -11.8846 12.4988 -18.508 -11.3605 9.71597 -21.3032 -10.5038 6.86624 -23.906 -8.96695 3.95092 -26.1214 -7.0451 1.11575 -28.0662 -4.36456 -1.46523 -29.4264 -1.3414 -3.76527 -30.4256 2.25902 -5.37716 -30.6396 6.01171 -6.50232 -30.4438 9.82431 -6.57186 -29.4332 13.49 -6.08044 -28.0999 16.6364 -4.57995 -26.2361 19.3994 -2.6535 -24.1646 21.3115 -0.0659567 -21.8511 22.7428 2.74725 -19.4418 23.2741 5.8207 -16.9818 23.3439 8.93592 -14.5043 22.6374 12.0002 -12.0638 21.5475 14.9712 -9.64004 19.8594 17.6849 -7.25591 17.8816 20.2137 -4.88897 15.4818 22.3435 -2.5155 12.884 24.2213 -0.141254 10.0359 25.5803 2.30108 7.0826 26.6286 4.76543 4.07302 27.0376 7.34191 1.06616 27.081 9.9501 -1.74369 26.377 12.6566 -4.41369 25.2689 15.3768 -6.57448 23.3854 18.0813 -8.42676 21.108 20.7388 -9.62004 18.2327 23.2049 -10.3372 15.0725 25.5221 -10.7154 11.6265 27.4971 -11.0947 8.06293 29.2355 -11.623 4.22882 30.0978 -12.0152 0.308503 30.3159 -11.932 -3.54151 29.4773 -11.3567 -7.25761 28.3966 -10.0312 -10.5419 26.7351 -8.35332 -13.5586 24.9159 -6.03944 -16.0246 22.8861 -3.52045 -18.17 20.7312 -0.615368 -19.7557 18.5195 2.36646 -21.0234 16.1985 5.48323 -21.7576 13.8141 8.56987 -22.2012 11.3216 11.591 -22.1678 8.71548 -9.09009 -9.08104 -9.07154 -9.0642 -9.05787 -9.05471 -9.05253 -9.0549 -9.05638 -9.06365 -9.06723 -9.07656 -9.08169 -9.08855 -9.09464 -9.10156 -9.11144 -9.11924 -9.12984 -9.13701 -9.14593 -9.15126 -9.15749 -9.15995 -9.16244 -9.1605 -9.1568 -9.1479 -9.13361 -9.1146 -9.08544 -9.05461 -9.01492 -8.98139 -8.95699 -8.95239 -8.9593 -8.96881 -8.9892 -9.004 -9.04413 -9.0763 -9.11902 -9.14617 -9.16802 -9.17941 -9.18351 -9.18455 -9.18055 -9.17686 -9.17108 -9.16673 -9.1623 -9.15949 -9.15697 -9.15603 -9.15368 -9.15297 -9.14745 -9.1438 -9.13285 -9.12401 -9.11146 -9.10205 -9.09672 -9.09368 -9.09655 -9.09862 -9.10515 -9.10938 -9.11627 -9.12025 -9.12562 -9.12765 -9.13011 -9.12871 -9.12622 -9.11965 -9.10914 -9.09582 -9.07459 -9.05488 -9.02985 -9.01476 -9.00794 -9.00931 -9.0125 -9.01526 -9.03798 -9.06216 -9.11142 -9.15075 -9.19572 -9.22411 -9.24572 -9.25606 -9.25844 -9.25688 -9.24975 -9.2422 0.0589091
13.0085 -21.4 5.31881 15.7888 -20.6793 2.56194 18.4387 -19.8344 -0.259801 20.5783 -18.5571 -3.35552 22.5254 -17.1856 -6.50112 23.6379 -15.49 -9.91324 24.497 -13.7448 -13.3336 24.1757 -11.887 -16.8211 23.5618 -10.0451 -20.2399 21.581 -8.44587 -23.2655 19.3242 -6.94551 -26.1175 15.9504 -6.109 -27.9643 12.3993 -5.44994 -29.5376 8.48119 -5.6925 -29.765 4.5525 -6.14682 -29.6987 1.01 -7.36681 -28.4843 -2.41255 -8.73539 -27.0162 -5.09354 -10.4986 -24.7146 -7.59365 -12.3297 -22.2242 -9.31658 -14.2102 -19.1919 -10.8519 -16.0864 -16.0327 -11.7367 -17.7507 -12.5326 -12.4559 -19.3518 -8.95168 -12.7038 -20.5311 -5.15336 -12.8186 -21.5965 -1.30843 -12.6498 -22.0414 2.64954 -12.3836 -22.3247 6.62084 -12.0261 -21.7887 10.542 -11.6096 -21.0472 14.4301 -11.3046 -19.3376 17.9661 -10.9857 -17.3938 21.3974 -10.9617 -14.528 24.0277 -10.977 -11.439 26.4546 -11.26 -7.8204 27.9315 -11.6388 -4.05854 29.0975 -12.0185 -0.11632 29.5141 -12.4619 3.82731 29.6936 -12.2506 7.76116 29.2657 -11.8355 11.6491 28.659 -10.6257 14.968 26.9066 -9.41031 18.085 24.846 -8.30875 20.1855 21.718 -7.36348 22.0523 18.4207 -7.05555 22.9806 14.5985 -6.84952 23.6609 10.7223 -7.24667 23.5587 6.76309 -7.68175 23.2369 2.82094 -8.41948 22.2484 -0.976832 -9.13342 21.0809 -4.72313 -9.85377 19.3611 -8.25292 -10.4916 17.5028 -11.7149 -10.85 15.1874 -14.9387 -11.0684 12.7764 -18.0791 -10.7172 10.0213 -20.9261 -10.1734 7.22739 -23.6617 -8.78715 4.29639 -25.952 -7.17793 1.4118 -28.0857 -4.58249 -1.22246 -29.5056 -1.78869 -3.69407 -30.7165 1.79258 -5.34907 -30.9208 5.46199 -6.72229 -30.8878 9.2491 -6.77957 -29.7862 12.9511 -6.51209 -28.4979 16.0017 -4.95241 -26.5287 18.8303 -3.14612 -24.4393 20.5892 -0.490245 -22.0844 22.0697 2.29627 -19.6741 22.4329 5.41346 -17.2411 22.5289 8.55483 -14.798 21.6784 11.6348 -12.426 20.606 14.6607 -10.0638 18.8168 17.3729 -7.75414 16.8597 19.978 -5.45446 14.4053 22.0976 -3.12861 11.8362 24.0712 -0.802319 8.98161 25.4085 1.64444 6.06615 26.5658 4.10395 3.11122 26.9273 6.74913 0.157848 27.0771 9.41267 -2.50285 26.2837 12.2394 -5.08259 25.2563 15.074 -6.96128 23.2559 17.8953 -8.66137 21.0275 20.6894 -9.60244 18.1238 23.2252 -10.2678 15.0552 25.6748 -10.6633 11.6334 27.6879 -11.0594 8.14358 29.5641 -11.6373 4.30888 30.3904 -12.1364 0.42426 30.8438 -12.2162 -3.39364 29.8776 -12.0111 -7.13401 28.7711 -10.9149 -10.2944 26.7605 -9.61465 -13.3 24.6586 -7.44359 -15.6264 22.3385 -5.15379 -17.7672 19.9459 -2.29365 -19.2456 17.6074 0.61092 -20.5397 15.2056 3.75176 -21.2007 12.8318 6.87514 -21.6935 10.3955 9.97845 -21.6205 7.88998 -5.2627 -5.25746 -5.25196 -5.24771 -5.24405 -5.24221 -5.24095 -5.24232 -5.24318 -5.24739 -5.24947 -5.25487 -5.25783 -5.26181 -5.26533 -5.26934 -5.27506 -5.27957 -5.28571 -5.28986 -5.29503 -5.29811 -5.30172 -5.30314 -5.30458 -5.30346 -5.30132 -5.29617 -5.28789 -5.27689 -5.26 -5.24216 -5.21918 -5.19977 -5.18564 -5.18298 -5.18698 -5.19248 -5.20429 -5.21286 -5.23609 -5.25472 -5.27945 -5.29516 -5.30782 -5.31441 -5.31679 -5.31739 -5.31507 -5.31294 -5.30959 -5.30707 -5.30451 -5.30288 -5.30142 -5.30087 -5.29951 -5.29911 -5.29591 -5.2938 -5.28745 -5.28234 -5.27507 -5.26962 -5.26654 -5.26478 -5.26644 -5.26764 -5.27142 -5.27387 -5.27786 -5.28016 -5.28327 -5.28444 -5.28587 -5.28506 -5.28362 -5.27982 -5.27373 -5.26602 -5.25372 -5.24231 -5.22782 -5.21908 -5.21514 -5.21593 -5.21778 -5.21938 -5.23253 -5.24653 -5.27505 -5.29782 -5.32385 -5.34029 -5.3528 -5.35879 -5.36016 -5.35926 -5.35514 -5.35076 0.0341054
10.9774 -20.7406 4.38769 13.9439 -19.9994 1.8182 16.9105 -19.2582 -0.751284 19.2891 -17.9731 -3.6847 21.6677 -16.688 -6.61812 23.0177 -14.9793 -9.95046 24.3677 -13.2706 -13.2828 24.1938 -11.4013 -16.7792 24.02 -9.532 -20.2755 22.0305 -7.97334 -23.3171 20.0409 -6.41467 -26.3586 16.5621 -5.73665 -28.0915 13.0833 -5.05863 -29.8245 9.15876 -5.55666 -29.7987 5.23422 -6.05469 -29.7729 1.86413 -7.5296 -28.2794 -1.50596 -9.00451 -26.7858 -3.88621 -10.9606 -24.2642 -6.26647 -12.9167 -21.7426 -7.65167 -14.9034 -18.5736 -9.03687 -16.8902 -15.4045 -9.62519 -18.5776 -11.8344 -10.2135 -20.2649 -8.26422 -10.2597 -21.3909 -4.43351 -10.3058 -22.5168 -0.602794 -10.0685 -22.8286 3.3685 -9.83119 -23.1405 7.33979 -9.57259 -22.3809 11.2429 -9.31399 -21.6214 15.146 -9.30572 -19.6033 18.5709 -9.29746 -17.5853 21.9958 -9.76648 -14.4074 24.3276 -10.2355 -11.2295 26.6595 -11.0436 -7.49699 27.8168 -11.8518 -3.76447 28.9741 -12.4591 0.15403 29.4376 -13.0663 4.07253 29.9011 -12.6791 8.00752 29.551 -12.292 11.9425 29.2008 -10.8587 15.1676 27.4172 -9.42537 18.3926 25.6336 -7.92283 20.2539 22.4703 -6.4203 22.1152 19.3069 -5.77103 22.8094 15.4451 -5.12176 23.5036 11.5833 -5.37127 23.2763 7.61039 -5.62078 23.049 3.63749 -6.36913 22.0343 -0.15144 -7.11748 21.0196 -3.94037 -7.96642 19.3408 -7.46509 -8.81536 17.662 -10.9898 -9.38069 15.4101 -14.2396 -9.94602 13.1582 -17.4893 -9.83264 10.4411 -20.4075 -9.71927 7.72397 -23.3257 -8.53993 4.77142 -25.7191 -7.36058 1.81887 -28.1124 -4.88215 -0.888645 -29.6144 -2.40372 -3.59616 -31.1165 1.15121 -5.31046 -31.3073 4.70613 -7.02475 -31.4982 8.45817 -7.06517 -30.2717 12.2102 -7.1056 -29.0451 15.129 -5.46453 -26.931 18.0478 -3.82347 -24.817 19.596 -1.07364 -22.4053 21.1443 1.67618 -19.9936 21.2763 4.85351 -17.5977 21.4083 8.03083 -15.2017 20.3599 11.1323 -12.9241 19.3114 14.2338 -10.6464 17.3831 16.9439 -8.4392 15.4547 19.654 -6.23201 12.9251 21.7594 -3.97165 10.3955 23.8648 -1.71129 7.53201 25.1722 0.741565 4.66853 26.4795 3.19442 1.78872 26.7757 5.93406 -1.09109 27.0719 8.6737 -3.54671 26.1554 11.6657 -6.00234 25.2389 14.6577 -7.49315 23.0778 17.6396 -8.98395 20.9168 20.6216 -9.57822 17.974 23.2531 -10.1725 15.0313 25.8847 -10.5916 11.6429 27.9504 -11.0108 8.25448 30.016 -11.6569 4.41895 30.7928 -12.303 0.583427 31.5696 -12.607 -3.19032 30.4278 -12.911 -6.96406 29.2861 -12.13 -9.95418 26.7954 -11.349 -12.9443 24.3047 -9.37432 -15.0789 21.5855 -7.39964 -17.2135 18.8662 -4.6013 -18.544 16.3532 -1.80297 -19.8746 13.8402 1.37095 -20.435 11.4811 4.54488 -20.9954 9.1221 7.76114 -20.868 6.75489 0 0 0 0 0 0 0 0 0 0 0 0 0 0 0 0 0 0 0 0 0 0 0 0 0 0 0 0 0 0 0 0 0 0 0 0 0 0 0 0 0 0 0 0 0 0 0 0 0 0 0 0 0 0 0 0 0 0 0 0 0 0 0 0 0 0 0 0 0 0 0 0 0 0 0 0 0 0 0 0 0 0 0 0 0 0 0 0 0 0 0 0 0 0 0 0 0 0 0 0 0
13.2992 -20.1317 1.45691 15.9599 -18.879 -1.31819 18.6205 -17.6263 -4.09329 20.6093 -15.8503 -7.12776 22.5982 -14.0744 -10.1622 23.4824 -11.9331 -13.4614 24.3666 -9.79171 -16.7606 23.6969 -7.61541 -20.0682 23.0273 -5.43912 -23.3757 20.6127 -3.78325 -26.0894 18.1981 -2.12738 -28.8031 14.4965 -1.61067 -30.152 10.7949 -1.09397 -31.5009 6.91879 -1.95701 -31.1585 3.04265 -2.82005 -30.816 -0.0531498 -4.74436 -29.1474 -3.14895 -6.66867 -27.4787 -5.11547 -9.0777 -24.9179 -7.08199 -11.4867 -22.3571 -7.99079 -13.8943 -19.2437 -8.8996 -16.3018 -16.1302 -9.00213 -18.3734 -12.6616 -9.10465 -20.445 -9.19302 -8.69281 -21.9292 -5.46208 -8.28096 -23.4134 -1.73113 -7.64789 -24.0702 2.18941 -7.01482 -24.7271 6.10996 -6.46576 -24.3043 10.0594 -5.9167 -23.8815 14.0088 -5.77844 -22.1791 17.6194 -5.64018 -20.4768 21.23 -6.18738 -17.5577 23.8988 -6.73458 -14.6386 26.5676 -7.78068 -11.0877 28.1445 -8.82678 -7.53678 29.7213 -9.75326 -3.71722 30.603 -10.6797 0.102347 31.4847 -10.6885 4.10545 31.4623 -10.6973 8.10855 31.44 -9.72683 11.6309 29.822 -8.75631 15.1531 28.2039 -7.71805 17.4456 25.0737 -6.6798 19.738 21.9435 -6.4515 20.849 18.0859 -6.2232 21.9601 14.2282 -6.8188 22.0768 10.2574 -7.4144 22.1935 6.28651 -8.41909 21.4598 2.47297 -9.42377 20.726 -1.34056 -10.4433 19.2945 -4.94194 -11.4628 17.8629 -8.54333 -12.1203 15.8591 -11.9489 -12.7779 13.8552 -15.3545 -12.6831 11.4182 -18.5343 -12.5882 8.9812 -21.714 -11.3572 6.35876 -24.4891 -10.1262 3.73633 -27.2643 -7.53642 1.3966 -29.2455 -4.9466 -0.943117 -31.2267 -1.25091 -2.3113 -31.9044 2.44479 -3.67949 -32.5822 6.31388 -3.48656 -31.7061 10.183 -3.29363 -30.8299 13.1455 -1.57821 -28.8339 16.108 0.137217 -26.838 17.625 2.80726 -24.3152 19.142 5.47729 -21.7925 19.2018 8.44544 -19.1151 19.2616 11.4136 -16.4378 18.137 14.2077 -13.7767 17.0125 17.0019 -11.1156 15.0377 19.3299 -8.47982 13.0628 21.6579 -5.84404 10.5476 23.3207 -3.15541 8.03229 24.9835 -0.466783 5.27464 25.7996 2.37146 2.51699 26.6157 5.2097 -0.13705 26.3927 8.2428 -2.79109 26.1696 11.2759 -4.88557 24.7498 14.4101 -6.98005 23.3299 17.5443 -7.99564 20.7556 20.4644 -9.01123 18.1813 23.3844 -9.09044 14.9404 25.799 -9.16966 11.6996 28.2135 -9.08486 8.08161 30.0048 -9.00006 4.4636 31.796 -9.21998 0.49661 32.2782 -9.4399 -3.47038 32.7603 -9.5007 -7.16672 31.2979 -9.56151 -10.8631 29.8355 -8.73436 -13.5509 26.9964 -7.90721 -16.2387 24.1572 -5.98655 -17.9396 21.0583 -4.06589 -19.6405 17.9593 -1.37682 -20.4802 15.0648 1.31226 -21.32 12.1703 4.31999 -21.3692 9.46623 7.32772 -21.4184 6.76214 10.3135 -20.775 4.10952 0 0 0 0 0 0 0 0 0 0 0 0 0 0 0 0 0 0 0 0 0 0 0 0 0 0 0 0 0 0 0 0 0 0 0 0 0 0 0 0 0 0 0 0 0 0 0 0 0 0 0 0 0 0 0 0 0 0 0 0 0 0 0 0 0 0 0 0 0 0 0 0 0 0 0 0 0 0 0 0 0 0 0 0 0 0 0 0 0 0 0 0 0 0 0 0 0 0 0 0 0
17.5149 -19.0262 -3.86436 19.6201 -16.8447 -7.01278 21.7253 -14.6632 -10.1612 23.0065 -11.9961 -13.3791 24.2876 -9.329 -16.5971 24.3261 -6.40212 -19.8361 24.3645 -3.47525 -23.0751 22.7947 -0.74156 -26.0399 21.2249 1.99213 -29.0047 18.0385 3.82449 -31.1231 14.8521 5.65685 -33.2416 10.7461 5.88067 -33.8931 6.64006 6.10448 -34.5446 2.8518 4.5787 -33.6273 -0.93647 3.05293 -32.71 -3.53426 0.312665 -30.7234 -6.13206 -2.4276 -28.7368 -7.34737 -5.659 -26.1048 -8.56269 -8.8904 -23.4729 -8.60652 -12.062 -20.4603 -8.65036 -15.2336 -17.4478 -7.87087 -18.0028 -14.1636 -7.09137 -20.7721 -10.8794 -5.84797 -22.9066 -7.3296 -4.60456 -25.0412 -3.77981 -3.25292 -26.3246 0.048605 -1.90128 -27.6079 3.87702 -0.824843 -27.7965 7.91046 0.251595 -27.985 11.9439 0.625877 -26.8559 15.8917 1.00016 -25.7267 19.8395 0.311025 -23.2775 23.1202 -0.37811 -20.8283 26.4008 -1.85625 -17.6071 28.7394 -3.33439 -14.386 31.078 -4.84048 -10.7461 32.7189 -6.34657 -7.10613 34.3599 -7.07428 -2.97935 34.9327 -7.802 1.14743 35.5056 -7.67176 5.20943 34.1882 -7.54153 9.27143 32.8708 -7.34624 12.3467 29.8008 -7.15095 15.4219 26.7307 -7.68699 17.2897 22.8806 -8.22303 19.1575 19.0305 -9.44702 19.8988 15.0633 -10.671 20.6402 11.0962 -12.1411 20.4166 7.238 -13.6112 20.193 3.3798 -14.9404 19.2103 -0.360795 -16.2696 18.2277 -4.10139 -17.0945 16.6742 -7.78995 -17.9195 15.1207 -11.4785 -17.8584 13.1923 -15.1331 -17.7973 11.2639 -18.7877 -16.4725 9.24083 -22.2561 -15.1477 7.21776 -25.7244 -12.3556 5.54582 -28.5756 -9.56358 3.87389 -31.4268 -5.61231 3.13411 -32.9886 -1.66103 2.39434 -34.5503 2.42061 3.01096 -34.3105 6.50226 3.62758 -34.0706 9.54413 5.47802 -32.2889 12.586 7.32845 -30.5073 14.0463 9.85363 -27.7829 15.5066 12.3788 -25.0586 15.4353 14.9672 -21.8704 15.364 17.5555 -18.6822 14.1012 19.7916 -15.3249 12.8384 22.0278 -11.9675 10.7792 23.662 -8.55356 8.72007 25.2962 -5.13963 6.23079 26.1554 -1.67341 3.74151 27.0146 1.79281 1.17602 26.9388 5.33078 -1.38947 26.863 8.86876 -3.63358 25.6972 12.4347 -5.87769 24.5314 16.0006 -7.31645 22.1976 19.393 -8.75522 19.8638 22.7855 -8.90799 16.5391 25.5931 -9.06077 13.2145 28.4007 -8.20481 9.43247 30.4213 -7.34884 5.65044 32.4418 -6.34904 1.61556 33.7349 -5.34924 -2.41931 35.028 -4.79537 -6.625 34.975 -4.24149 -10.8307 34.9221 -3.86075 -14.3865 32.8776 -3.48001 -17.9423 30.8331 -2.56907 -20.0812 27.3613 -1.65812 -22.2202 23.8895 0.164455 -23.1336 20.1012 1.98703 -24.047 16.3128 4.47773 -23.9957 12.7256 6.96843 -23.9444 9.13842 9.67441 -23.0654 5.80784 12.3804 -22.1863 2.47726 14.9476 -20.6062 -0.69355 0 0 0 0 0 0 0 0 0 0 0 0 0 0 0 0 0 0 0 0 0 0 0 0 0 0 0 0 0 0 0 0 0 0 0 0 0 0 0 0 0 0 0 0 0 0 0 0 0 0 0 0 0 0 0 0 0 0 0 0 0 0 0 0 0 0 0 0 0 0 0 0 0 0 0 0 0 0 0 0 0 0 0 0 0 0 0 0 0 0 0 0 0 0 0 0 0 0 0 0 0
18.8733 -17.3162 -7.02142 20.5298 -14.6924 -10.1634 22.1863 -12.0686 -13.3055 22.972 -9.02273 -16.4067 23.7577 -5.97687 -19.508 23.2771 -2.77408 -22.5038 22.7965 0.428713 -25.4996 20.747 3.27983 -28.1021 18.6974 6.13096 -30.7047 15.1784 7.87342 -32.4006 11.6594 9.61589 -34.0965 7.47973 9.54888 -34.3835 3.30002 9.48187 -34.6705 -0.282576 7.55995 -33.5628 -3.86517 5.63802 -32.455 -6.06503 2.51182 -30.4804 -8.26489 -0.614376 -28.5058 -8.9866 -4.16966 -26.0436 -9.70832 -7.72494 -23.5813 -9.23153 -11.1538 -20.8321 -8.75474 -14.5827 -18.0829 -7.46563 -17.5629 -15.0974 -6.17652 -20.543 -12.112 -4.45458 -22.8717 -8.84654 -2.73263 -25.2004 -5.58112 -0.950657 -26.6923 -1.97453 0.831317 -28.1841 1.63206 2.26319 -28.6216 5.55901 3.69506 -29.0591 9.48596 4.30664 -28.2308 13.4973 4.91821 -27.4025 17.5086 4.29907 -25.2875 21.0535 3.67993 -23.1725 24.5984 2.12749 -20.2726 27.3326 0.575042 -17.3728 30.0668 -1.09933 -13.9978 32.141 -2.7737 -10.6228 34.2151 -3.80061 -6.6055 35.1967 -4.82751 -2.58821 36.1782 -5.15015 1.59566 35.1918 -5.47278 5.77953 34.2054 -5.79483 9.12965 31.3778 -6.11689 12.4798 28.5502 -7.13429 14.6266 24.9024 -8.1517 16.7734 21.2547 -9.77206 17.7457 17.453 -11.3924 18.718 13.6513 -13.1685 18.6954 9.89806 -14.9446 18.6728 6.14479 -16.506 17.8932 2.43337 -18.0674 17.1135 -1.27806 -19.0721 15.8011 -5.02795 -20.0767 14.4887 -8.77785 -20.161 12.8731 -12.5999 -20.2452 11.2575 -16.422 -19.0421 9.63795 -20.1722 -17.8389 8.0184 -23.9224 -15.1462 6.82154 -27.1494 -12.4534 5.62469 -30.3764 -8.5713 5.34903 -32.3331 -4.68922 5.07337 -34.2897 -0.639286 6.01342 -34.3416 3.41064 6.95347 -34.3934 6.44671 8.91 -32.7121 9.48278 10.8665 -31.0307 10.9598 13.2853 -28.2167 12.4369 15.704 -25.4027 12.4161 18.018 -21.9907 12.3953 20.3319 -18.5786 11.2269 22.1791 -14.9266 10.0585 24.0263 -11.2747 8.14918 25.1998 -7.54987 6.23984 26.3732 -3.825 3.97003 26.731 -0.0768859 1.70022 27.0889 3.67123 -0.561039 26.4993 7.4188 -2.8223 25.9097 11.1664 -4.66807 24.2547 14.8231 -6.51384 22.5998 18.4798 -7.47054 19.8593 21.7969 -8.42724 17.1188 25.114 -8.06376 13.5449 27.6545 -7.70029 9.971 30.1951 -6.35583 6.09094 31.8252 -5.01137 2.21088 33.4553 -3.56303 -1.84868 34.3246 -2.11469 -5.90825 35.1938 -1.21121 -10.0629 34.7402 -0.307733 -14.2175 34.2865 0.200236 -17.5691 31.9107 0.708205 -20.9207 29.5348 1.50694 -22.6907 25.8062 2.30567 -24.4607 22.0776 3.88622 -24.9017 18.059 5.46676 -25.3428 14.0403 7.65116 -24.7798 10.2477 9.83555 -24.2169 6.45517 12.1872 -22.8296 2.97079 14.5387 -21.4424 -0.513595 16.706 -19.3793 -3.76751 0 0 0 0 0 0 0 0 0 0 0 0 0 0 0 0 0 0 0 0 0 0 0 0 0 0 0 0 0 0 0 0 0 0 0 0 0 0 0 0 0 0 0 0 0 0 0 0 0 0 0 0 0 0 0 0 0 0 0 0 0 0 0 0 0 0 0 0 0 0 0 0 0 0 0 0 0 0 0 0 0 0 0 0 0 0 0 0 0 0 0 0 0 0 0 0 0 0 0 0 0
23.5767 -13.0581 -12.3628 22.7923 -10.5083 -16.6103 22.008 -7.95851 -20.8578 21.4782 -4.2595 -23.7703 20.9484 -0.560493 -26.6828 19.6958 3.85048 -28.1666 18.4431 8.26145 -29.6504 15.5716 11.1886 -31.9569 12.7 14.1158 -34.2633 8.5756 15.7029 -35.2173 4.45121 17.29 -36.1714 0.119315 16.7516 -35.5824 -4.21258 16.2131 -34.9935 -7.19394 13.2797 -33.2944 -10.1753 10.3462 -31.5953 -10.9829 5.72885 -30.864 -11.7906 1.1115 -30.1327 -12.7064 -1.97114 -26.3387 -13.6222 -5.05377 -22.5446 -12.8898 -8.34474 -18.8208 -12.1575 -11.6357 -15.0969 -8.97081 -15.0184 -13.4705 -5.78412 -18.4011 -11.8441 -1.44968 -19.9858 -10.052 2.88476 -21.5705 -8.26 5.19674 -24.2519 -5.16281 7.50873 -26.9333 -2.06562 10.1747 -27.9644 1.32222 12.8407 -28.9956 4.71007 13.5565 -29.2603 9.06278 14.2723 -29.525 13.4155 13.1472 -28.0699 17.4185 12.0221 -26.6149 21.4216 10.6319 -23.6161 24.5125 9.24164 -20.6172 27.6034 6.57392 -18.3383 30.5344 3.90619 -16.0595 33.4655 1.34735 -12.4644 35.0117 -1.2115 -8.86925 36.558 0.053725 -3.67772 36.0084 1.31895 1.5138 35.4587 -0.68041 5.02336 32.916 -2.67977 8.53292 30.3734 -5.90047 10.7365 27.4744 -9.12117 12.9401 24.5753 -11.1745 14.0154 20.7115 -13.2279 15.0908 16.8478 -16.147 15.3313 13.6839 -19.0661 15.5718 10.52 -21.8959 14.5864 7.40369 -24.7258 13.601 4.28738 -26.2572 14.7858 0.168595 -27.7886 15.9705 -3.95019 -26.4559 15.8134 -8.52684 -25.1232 15.6563 -13.1035 -23.1461 12.157 -16.1516 -21.1691 8.65763 -19.1997 -19.0307 7.99777 -23.6567 -16.8922 7.33792 -28.1137 -13.9354 10.2428 -31.0997 -10.9786 13.1476 -34.0857 -6.81865 14.3707 -34.7914 -2.6587 15.5938 -35.4971 0.578155 17.4195 -33.9654 3.81501 19.2451 -32.4336 5.8172 20.0898 -28.5267 7.81939 20.9344 -24.6197 7.6811 23.2576 -21.0406 7.5428 25.5809 -17.4615 5.23639 26.8674 -13.4826 2.92999 28.154 -9.50362 2.39836 27.6744 -4.85901 1.86673 27.1948 -0.214404 -0.7531 27.2409 3.97581 -3.37293 27.287 8.16603 -3.88395 27.0362 13.1173 -4.39496 26.7855 18.0685 -7.48613 23.8139 21.3712 -10.5773 20.8424 24.6738 -10.4187 16.2103 26.5397 -10.2602 11.5781 28.4057 -7.88724 7.97587 30.5626 -5.51428 4.37365 32.7196 -3.01162 0.360835 33.3132 -0.50896 -3.65198 33.9067 2.9324 -7.00794 33.8105 6.37376 -10.3639 33.7142 7.64801 -14.9739 34.4133 8.92226 -19.5839 35.1124 9.62578 -22.9151 31.5412 10.3293 -26.2462 27.9699 9.8515 -27.0817 23.5076 9.37371 -27.9172 19.0452 10.6367 -26.2228 14.6445 11.8997 -24.5283 10.2438 15.2435 -23.8184 6.6277 18.5874 -23.1084 3.0116 19.816 -22.3152 -1.91897 21.0446 -21.5221 -6.84954 22.3106 -17.2901 -9.60617 0 0 0 0 0 0 0 0 0 0 0 0 0 0 0 0 0 0 0 0 0 0 0 0 0 0 0 0 0 0 0 0 0 0 0 0 0 0 0 0 0 0 0 0 0 0 0 0 0 0 0 0 0 0 0 0 0 0 0 0 0 0 0 0 0 0 0 0 0 0 0 0 0 0 0 0 0 0 0 0 0 0 0 0 0 0 0 0 0 0 0 0 0 0 0 0 0 0 0 0 0
21.2981 -11.8854 -14.7114 20.7453 -9.28349 -18.9416 20.1924 -6.68155 -23.1717 19.1679 -3.43612 -26.12 18.1434 -0.190688 -29.0683 16.2862 3.35033 -30.6312 14.429 6.89135 -32.1942 11.5074 10.0946 -33.9964 8.58582 13.2978 -35.7985 4.51012 14.847 -36.015 0.434412 16.3961 -36.2316 -3.5499 15.3374 -35.1293 -7.53421 14.2787 -34.0271 -9.65599 11.1748 -32.1986 -11.7778 8.07097 -30.37 -11.8307 4.39273 -28.9865 -11.8836 0.714486 -27.603 -11.825 -2.01513 -24.2405 -11.7664 -4.74474 -20.878 -10.5692 -8.35311 -18.1903 -9.372 -11.9615 -15.5027 -6.2388 -15.0111 -13.5956 -3.1056 -18.0607 -11.6884 0.310048 -19.83 -9.37599 3.72569 -21.5993 -7.06358 5.42858 -23.6154 -3.71784 7.13146 -25.6314 -0.372096 8.82842 -26.3324 3.11967 10.5254 -27.0334 6.61144 10.9249 -27.0593 10.9162 11.3243 -27.0852 15.221 10.1419 -25.3345 19.0656 8.95949 -23.5839 22.9101 8.01064 -20.7879 26.0905 7.06178 -17.992 29.2708 5.61383 -15.9157 32.131 4.16588 -13.8395 34.9912 2.56889 -10.1101 36.1462 0.971906 -6.38062 37.3012 2.86523 -2.16221 36.3517 4.75855 2.05619 35.4022 3.315 5.60369 32.6471 1.87145 9.1512 29.892 -0.572561 10.8571 26.6731 -3.01657 12.5629 23.4543 -4.94391 13.217 19.6184 -6.87125 13.8711 15.7824 -9.32376 13.4102 12.6014 -11.7763 12.9493 9.42037 -14.6192 12.1395 6.22381 -17.4621 11.3297 3.02724 -19.517 12.0911 -0.421944 -21.572 12.8525 -3.87113 -20.9377 11.7448 -7.95869 -20.3034 10.6372 -12.0462 -19.0909 7.64019 -15.4841 -17.8784 4.64317 -18.922 -16.703 4.21836 -23.3582 -15.5276 3.79356 -27.7944 -13.6804 6.60257 -30.8466 -11.8332 9.41159 -33.8989 -8.88647 11.333 -34.382 -5.93971 13.2544 -34.8651 -2.87671 15.641 -33.2066 0.1863 18.0277 -31.548 1.64782 19.0899 -27.5275 3.10935 20.1521 -23.507 3.42699 22.4763 -20.0313 3.74463 24.8005 -16.5556 1.77299 26.1744 -12.577 -0.198653 27.5484 -8.59831 -0.432986 27.4763 -4.04801 -0.667318 27.4043 0.502291 -2.72334 27.3931 4.80707 -4.77935 27.3819 9.11184 -4.61435 27.3504 13.9402 -4.44935 27.3189 18.7686 -6.75421 24.398 22.2674 -9.05906 21.4772 25.7662 -8.25953 17.0855 27.4104 -7.46001 12.6939 29.0546 -5.39048 8.93124 31.1589 -3.32095 5.1686 33.2631 -1.21621 0.996571 33.7909 0.88854 -3.17546 34.3187 3.69053 -6.75086 33.8287 6.49253 -10.3263 33.3388 7.05171 -14.6798 33.4173 7.6109 -19.0334 33.4959 7.73052 -21.9122 29.7838 7.85014 -24.791 26.0717 7.45434 -25.4515 21.5851 7.05854 -26.1121 17.0984 8.60409 -24.0816 12.8976 10.1496 -22.0512 8.69679 13.2022 -21.4279 4.92063 16.2547 -20.8046 1.14447 17.2794 -20.1956 -3.71652 18.3041 -19.5865 -8.57751 19.8011 -15.736 -11.6445 0 0 0 0 0 0 0 0 0 0 0 0 0 0 0 0 0 0 0 0 0 0 0 0 0 0 0 0 0 0 0 0 0 0 0 0 0 0 0 0 0 0 0 0 0 0 0 0 0 0 0 0 0 0 0 0 0 0 0 0 0 0 0 0 0 0 0 0 0 0 0 0 0 0 0 0 0 0 0 0 0 0 0 0 0 0 0 0 0 0 0 0 0 0 0 0 0 0 0 0 0
19.0196 -10.7127 -17.06 18.6982 -8.05867 -21.2728 18.3768 -5.40459 -25.4856 16.8576 -2.61274 -28.4697 15.3383 0.179118 -31.4537 12.8766 2.85018 -33.0959 10.4148 5.52125 -34.738 7.44324 9.00057 -36.0359 4.47164 12.4799 -37.3337 0.444626 13.991 -36.8127 -3.58239 15.5021 -36.2917 -7.21912 13.9232 -34.6762 -10.8558 12.3442 -33.0608 -12.118 9.06999 -31.1027 -13.3802 5.79574 -29.1447 -12.6785 3.05661 -27.109 -11.9767 0.317471 -25.0733 -10.9436 -2.05912 -22.1423 -9.91055 -4.43572 -19.2114 -8.24852 -8.36149 -17.5599 -6.5865 -12.2873 -15.9085 -3.50679 -15.0037 -13.7206 -0.427075 -17.7202 -11.5327 2.06978 -19.6742 -8.69994 4.56663 -21.6281 -5.86716 5.66041 -22.9788 -2.27287 6.7542 -24.3295 1.32143 7.48212 -24.7004 4.91712 8.21005 -25.0712 8.51282 8.29323 -24.8583 12.7697 8.3764 -24.6454 17.0266 7.13664 -22.5991 20.7126 5.89689 -20.5529 24.3987 5.3894 -17.9598 27.6684 4.88191 -15.3668 30.9382 4.65374 -13.4931 33.7275 4.42557 -11.6195 36.5169 3.79044 -7.75574 37.2806 3.15531 -3.89199 38.0443 5.67673 -0.646704 36.695 8.19815 2.59858 35.3457 7.31041 6.18403 32.3781 6.42267 9.76948 29.4105 4.75535 10.9776 25.8719 3.08802 12.1857 22.3333 1.28671 12.4185 18.5252 -0.514591 12.6513 14.717 -2.50052 11.489 11.5189 -4.48645 10.3268 8.32074 -7.34247 9.69258 5.04392 -10.1985 9.05838 1.76711 -12.7769 9.39642 -1.01248 -15.3553 9.73445 -3.79208 -15.4195 7.67629 -7.39053 -15.4836 5.61813 -10.989 -15.0357 3.12342 -14.8167 -14.5877 0.62871 -18.6444 -14.3753 0.438954 -23.0598 -14.163 0.249199 -27.4751 -13.4254 2.96239 -30.5936 -12.6878 5.67557 -33.712 -10.9543 8.2953 -33.9726 -9.22073 10.915 -34.2332 -6.33157 13.8626 -32.4478 -3.44241 16.8102 -30.6623 -2.52155 18.09 -26.5283 -1.60069 19.3699 -22.3942 -0.827117 21.695 -19.022 -0.0535426 24.0201 -15.6497 -1.69042 25.4814 -11.6714 -3.3273 26.9427 -7.69301 -3.26433 27.2783 -3.23701 -3.20137 27.6138 1.21899 -4.69357 27.5453 5.63832 -6.18578 27.4768 10.0577 -5.34476 27.6645 14.7632 -4.50374 27.8522 19.4687 -6.02228 24.9821 23.1637 -7.54082 22.112 26.8586 -6.10032 17.9608 28.2811 -4.65981 13.8097 29.7036 -2.89372 9.88661 31.7551 -1.12762 5.96355 33.8066 0.57921 1.63231 34.2687 2.28604 -2.69893 34.7307 4.44867 -6.49379 33.847 6.6113 -10.2886 32.9633 6.45542 -14.3857 32.4214 6.29953 -18.4828 31.8795 5.83526 -20.9093 28.0265 5.37098 -23.3358 24.1736 5.05717 -23.8214 19.6626 4.74336 -24.3069 15.1516 6.57148 -21.9405 11.1507 8.39959 -19.5741 7.14978 11.1608 -19.0375 3.21356 13.922 -18.5009 -0.722653 14.7428 -18.0759 -5.51407 15.5636 -17.6509 -10.3055 17.2916 -14.1818 -13.6827 0 0 0 0 0 0 0 0 0 0 0 0 0 0 0 0 0 0 0 0 0 0 0 0 0 0 0 0 0 0 0 0 0 0 0 0 0 0 0 0 0 0 0 0 0 0 0 0 0 0 0 0 0 0 0 0 0 0 0 0 0 0 0 0 0 0 0 0 0 0 0 0 0 0 0 0 0 0 0 0 0 0 0 0 0 0 0 0 0 0 0 0 0 0 0 0 0 0 0 0 0
16.741 -9.54006 -19.4086 16.6511 -6.83385 -23.6041 16.5613 -4.12764 -27.7995 14.5473 -1.78936 -30.8193 12.5333 0.548923 -33.8392 9.46699 2.35003 -35.5605 6.40071 4.15114 -37.2818 3.37908 7.90654 -38.0754 0.357459 11.6619 -38.8689 -3.62086 13.1351 -37.6104 -7.59918 14.6082 -36.3519 -10.8883 12.509 -34.2231 -14.1775 10.4098 -32.0944 -14.5801 6.96516 -30.0069 -14.9827 3.52052 -27.9194 -13.5262 1.72049 -25.2314 -12.0697 -0.0795434 -22.5435 -10.0622 -2.10312 -20.0442 -8.05472 -4.12669 -17.5448 -5.92786 -8.36986 -16.9295 -3.801 -12.613 -16.3143 -0.774774 -14.9964 -13.8457 2.25145 -17.3798 -11.377 3.8295 -19.5183 -8.02388 5.40756 -21.6569 -4.67074 5.89224 -22.3423 -0.827895 6.37693 -23.0277 3.01495 6.13583 -23.0684 6.71457 5.89473 -23.1091 10.4142 5.66159 -22.6573 14.6231 5.42845 -22.2056 18.8321 4.13137 -19.8637 22.3596 2.83428 -17.5219 25.8872 2.76817 -15.1317 29.2464 2.70205 -12.7416 32.6056 3.69365 -11.0705 35.3241 4.68526 -9.39949 38.0426 5.01199 -5.40143 38.415 5.33872 -1.40336 38.7875 8.48823 0.868806 37.0384 11.6377 3.14097 35.2892 11.3058 6.76436 32.1091 10.9739 10.3878 28.9291 10.0833 11.0982 25.0707 9.19262 11.8086 21.2123 7.51734 11.6201 17.432 5.84206 11.4316 13.6516 4.32272 9.5679 10.4364 2.80337 7.70425 7.2211 -0.0657229 7.24566 3.86404 -2.93482 6.78707 0.506974 -6.03674 6.70175 -1.60302 -9.13866 6.61642 -3.71302 -9.90127 3.60773 -6.82237 -10.6639 0.599043 -9.93171 -10.9805 -1.39335 -14.1492 -11.297 -3.38575 -18.3667 -12.0477 -3.34046 -22.7613 -12.7984 -3.29516 -27.1558 -13.1704 -0.6778 -30.3405 -13.5425 1.93956 -33.5252 -13.0221 5.2576 -33.5632 -12.5017 8.57564 -33.6012 -9.78643 12.0842 -31.689 -7.07112 15.5928 -29.7767 -6.69093 17.0902 -25.5291 -6.31073 18.5876 -21.2815 -5.08122 20.9137 -18.0127 -3.85171 23.2398 -14.7438 -5.15383 24.7884 -10.7658 -6.45594 26.3371 -6.7877 -6.09568 27.0802 -2.42601 -5.73542 27.8233 1.93568 -6.66381 27.6975 6.46958 -7.5922 27.5717 11.0035 -6.07516 27.9786 15.5862 -4.55813 28.3856 20.1688 -5.29036 25.5662 24.0599 -6.02259 22.7468 27.951 -3.9411 18.8361 29.1517 -1.85962 14.9255 30.3525 -0.396954 10.842 32.3513 1.06571 6.75849 34.3502 2.37462 2.26804 34.7464 3.68354 -2.22241 35.1427 5.2068 -6.23671 33.8653 6.73007 -10.251 32.5879 5.85912 -14.0917 31.4254 4.98817 -17.9323 30.263 3.94 -19.9064 26.2692 2.89183 -21.8806 22.2754 2.66001 -22.1912 17.7401 2.42819 -22.5018 13.2048 4.53886 -19.7994 9.4038 6.64953 -17.097 5.60277 9.11944 -16.6471 1.5065 11.5893 -16.1971 -2.58978 12.2062 -15.9562 -7.31162 12.8231 -15.7153 -12.0335 14.7821 -12.6277 -15.721 0 0 0 0 0 0 0 0 0 0 0 0 0 0 0 0 0 0 0 0 0 0 0 0 0 0 0 0 0 0 0 0 0 0 0 0 0 0 0 0 0 0 0 0 0 0 0 0 0 0 0 0 0 0 0 0 0 0 0 0 0 0 0 0 0 0 0 0 0 0 0 0 0 0 0 0 0 0 0 0 0 0 0 0 0 0 0 0 0 0 0 0 0 0 0 0 0 0 0 0 0
12.1935 -7.19966 -24.0959 12.5656 -4.38939 -28.2567 12.9378 -1.57912 -32.4175 9.93642 -0.146075 -35.5087 6.93503 1.28697 -38.6 2.66223 1.35185 -40.4793 -1.61058 1.41673 -42.3587 -4.73205 5.72311 -42.1457 -7.85351 10.0295 -41.9328 -11.7347 11.4268 -39.2023 -15.6158 12.8241 -36.4719 -18.2112 9.68661 -33.3188 -20.8067 6.54911 -30.1658 -19.4938 2.76439 -27.8199 -18.1809 -1.02032 -25.4739 -15.2182 -0.946107 -21.4843 -12.2554 -0.871894 -17.4948 -8.30316 -2.19092 -15.8567 -4.35091 -3.50995 -14.2186 -1.29634 -8.38658 -15.6714 1.75823 -13.2632 -17.1242 4.6777 -14.9817 -14.0953 7.59717 -16.7003 -11.0663 7.34152 -19.2073 -6.67463 7.08587 -21.7144 -2.28296 6.35493 -21.0719 2.05594 5.62399 -20.4294 6.39484 3.44893 -19.8112 10.3019 1.27387 -19.193 14.2089 0.40944 -18.2647 18.3222 -0.45499 -17.3363 22.4355 -1.86648 -14.4045 25.6468 -3.27798 -11.4727 28.858 -2.46322 -9.48747 32.3957 -1.64846 -7.50224 35.9333 1.77754 -6.23555 38.5104 5.20354 -4.96887 41.0875 7.44992 -0.702745 40.6791 9.6963 3.56338 40.2707 14.0994 3.89342 37.7236 18.5024 4.22346 35.1765 19.2797 7.92258 31.5724 20.0571 11.6217 27.9682 20.7165 11.3388 23.4717 21.376 11.0558 18.9751 19.9522 10.0265 15.2502 18.5285 8.99721 11.5253 17.9404 5.73376 8.2759 17.3522 2.47031 5.02649 14.457 2.36219 1.50926 11.5618 2.25406 -2.00797 7.41507 1.32381 -2.7816 3.26835 0.393552 -3.55524 1.11183 -4.51218 -5.68845 -1.04469 -9.41791 -7.82166 -2.88713 -10.4078 -12.8171 -4.72957 -11.3977 -17.8126 -7.40223 -10.8833 -22.1656 -10.0749 -10.3689 -26.5186 -12.6615 -7.94279 -29.8354 -15.2481 -5.51667 -33.1523 -17.149 -0.80496 -32.7462 -19.0499 3.90675 -32.34 -16.6816 8.53487 -30.1746 -14.3132 13.163 -28.0092 -15.0121 15.0947 -23.535 -15.7109 17.0264 -19.0607 -13.5715 19.3544 -15.9983 -11.432 21.6823 -12.9359 -12.066 23.4053 -8.95841 -12.7 25.1284 -4.98092 -11.7464 26.6849 -0.80744 -10.7928 28.2414 3.36604 -10.596 28.0012 8.12857 -10.3991 27.7611 12.8911 -7.53289 28.6056 17.2286 -4.66668 29.45 21.5661 -3.8296 26.7319 25.8486 -2.99253 24.0137 30.1312 0.3682 20.583 30.8894 3.72893 17.1523 31.6476 4.58601 12.7487 33.5412 5.4431 8.34503 35.4349 5.95786 3.53682 35.6999 6.47263 -1.27138 35.9649 6.71987 -5.72364 33.9017 6.9671 -10.1759 31.8386 4.66905 -13.5048 29.4378 2.37099 -16.8336 27.0369 0.15749 -17.9049 22.762 -2.05601 -18.9763 18.4871 -2.12419 -18.9378 13.9033 -2.19237 -18.8992 9.31949 0.482225 -15.5263 5.91739 3.15682 -12.1533 2.51529 5.04533 -11.8763 -1.90043 6.93384 -11.5993 -6.31614 7.14379 -11.7258 -10.8991 7.35374 -11.8523 -15.4821 9.77362 -9.52598 -19.789 0 0 0 0 0 0 0 0 0 0 0 0 0 0 0 0 0 0 0 0 0 0 0 0 0 0 0 0 0 0 0 0 0 0 0 0 0 0 0 0 0 0 0 0 0 0 0 0 0 0 0 0 0 0 0 0 0 0 0 0 0 0 0 0 0 0 0 0 0 0 0 0 0 0 0 0 0 0 0 0 0 0 0 0 0 0 0 0 0 0 0 0 0 0 0 0 0 0 0 0 0
10.2449 -5.02305 -27.5458 10.0602 -2.00631 -31.2451 9.8755 1.01043 -34.9443 6.78772 2.26298 -37.9987 3.69994 3.51554 -41.0531 -0.618415 3.69293 -42.7607 -4.93677 3.87033 -44.4682 -8.13974 7.57128 -43.5952 -11.3427 11.2722 -42.7223 -14.917 11.926 -39.8449 -18.4913 12.5797 -36.9676 -20.3722 10.0431 -33.481 -22.2532 7.50644 -29.9945 -21.0554 3.79577 -27.5092 -19.8575 0.0850952 -25.0239 -16.6701 0.0368129 -21.2879 -13.4827 -0.0114695 -17.5519 -9.71951 -1.63825 -15.9234 -5.95636 -3.26502 -14.2949 -2.67707 -7.08423 -14.7499 0.602224 -10.9034 -15.2049 3.5039 -12.9339 -12.5508 6.40557 -14.9644 -9.89672 6.98726 -17.1283 -5.84056 7.56894 -19.2923 -1.78439 7.25248 -18.9553 2.50062 6.93602 -18.6182 6.78562 5.24096 -18.1282 10.7994 3.54589 -17.6381 14.8131 2.69068 -16.8171 18.9447 1.83547 -15.9961 23.0762 0.792787 -13.2175 26.435 -0.249896 -10.4389 29.7938 0.893952 -8.60308 33.2307 2.0378 -6.76723 36.6675 5.59635 -5.86743 39.0448 9.15491 -4.96763 41.4221 11.7082 -1.07563 40.7676 14.2615 2.81636 40.1132 18.4881 2.60338 37.5414 22.7146 2.39039 34.9696 23.4295 5.52019 31.0789 24.1443 8.64999 27.1882 24.4553 7.92365 22.8845 24.7663 7.19731 18.5808 23.1181 6.19532 14.9838 21.4698 5.19332 11.3868 20.3843 2.01585 8.42521 19.2988 -1.16162 5.46365 16.3446 -1.09453 2.02043 13.3904 -1.02744 -1.42279 9.22785 -1.90613 -2.15815 5.06531 -2.78483 -2.89352 2.69265 -6.41159 -5.40686 0.31999 -10.0384 -7.9202 -2.10665 -10.4896 -11.9405 -4.53329 -10.9408 -15.9609 -7.42454 -9.90506 -19.4739 -10.3158 -8.8693 -22.987 -12.7912 -6.07622 -25.6821 -15.2666 -3.28313 -28.3773 -17.7195 0.782258 -27.9322 -20.1724 4.84765 -27.4871 -18.7147 9.53096 -25.8571 -17.257 14.2143 -24.2271 -18.4621 16.1664 -20.0526 -19.6672 18.1185 -15.8782 -17.9985 20.4072 -12.6742 -16.3298 22.6958 -9.47027 -16.5787 24.0745 -5.46625 -16.8276 25.4531 -1.46222 -15.5734 26.5129 2.59854 -14.3191 27.5727 6.6593 -13.7098 26.8231 11.0551 -13.1006 26.0734 15.4508 -9.9007 26.3784 19.2032 -6.70082 26.6834 22.9557 -5.73853 23.6053 26.723 -4.77625 20.5273 30.4904 -1.21347 17.3751 31.0663 2.3493 14.2229 31.6423 3.54019 9.95013 32.8778 4.73108 5.67732 34.1134 5.59866 1.24189 33.7574 6.46625 -3.19354 33.4014 7.14694 -6.94477 30.9639 7.82763 -10.696 28.5264 5.92995 -13.6114 25.7271 4.03226 -16.5268 22.9279 2.67221 -17.3423 18.6549 1.31216 -18.1578 14.3819 1.44604 -17.7125 9.93242 1.57991 -17.2671 5.48289 3.21901 -14.4284 1.86579 4.85811 -11.5896 -1.7513 6.24056 -10.831 -6.04118 7.62302 -10.0725 -10.331 7.62313 -9.94239 -14.8636 7.62325 -9.81224 -19.3962 8.93405 -7.41764 -23.471 0 0 0 0 0 0 0 0 0 0 0 0 0 0 0 0 0 0 0 0 0 0 0 0 0 0 0 0 0 0 0 0 0 0 0 0 0 0 0 0 0 0 0 0 0 0 0 0 0 0 0 0 0 0 0 0 0 0 0 0 0 0 0 0 0 0 0 0 0 0 0 0 0 0 0 0 0 0 0 0 0 0 0 0 0 0 0 0 0 0 0 0 0 0 0 0 0 0 0 0 0
7.35509 -1.62026 -33.5088 5.81519 0.415535 -37.0191 4.2753 2.45133 -40.5295 1.5083 4.5411 -43.0955 -1.25869 6.63086 -45.6615 -5.09087 8.38223 -46.5703 -8.92306 10.1336 -47.479 -12.9837 10.9996 -46.2107 -17.0444 11.8657 -44.9423 -20.0093 11.4748 -41.7573 -22.9741 11.0838 -38.5723 -23.85 9.56854 -34.5843 -24.7259 8.05327 -30.5963 -23.4584 5.93959 -27.0371 -22.191 3.82592 -23.4778 -19.3991 1.62563 -21.0085 -16.6073 -0.574666 -18.5392 -13.0382 -2.62348 -17.1169 -9.46914 -4.67229 -15.6947 -5.85481 -6.72907 -14.3813 -2.24049 -8.78585 -13.068 0.80347 -10.8275 -10.7845 3.84743 -12.8692 -8.50108 5.81027 -14.1444 -4.97274 7.77312 -15.4197 -1.4444 8.25855 -15.3513 2.73229 8.74399 -15.2828 6.90898 8.07086 -14.5558 11.0656 7.39774 -13.8289 15.2223 6.50738 -12.9364 19.319 5.61702 -12.0438 23.4157 5.67575 -10.8218 27.3982 5.73448 -9.59984 31.3806 7.35809 -7.97494 34.6642 8.9817 -6.35005 37.9478 12.1219 -4.5356 39.5863 15.2621 -2.72115 41.2248 19.0868 -1.21249 40.4793 22.9114 0.296177 39.7338 26.0558 1.00258 36.7926 29.2002 1.70899 33.8513 30.6596 1.48027 29.7967 32.1191 1.25155 25.7421 31.7542 0.330474 21.7114 31.3893 -0.590601 17.6808 29.6229 -1.84811 14.2677 27.8566 -3.10562 10.8547 25.1992 -4.41427 8.13295 22.5418 -5.72293 5.4112 19.3773 -6.89063 3.18059 16.2127 -8.05833 0.949978 12.7966 -8.93937 -1.08638 9.38053 -9.82041 -3.12273 5.91287 -10.2508 -5.27451 2.44522 -10.6811 -7.42629 -0.886695 -10.196 -9.88249 -4.21861 -9.71095 -12.3387 -7.19395 -7.79735 -14.7843 -10.1693 -5.88376 -17.2298 -12.8405 -2.72852 -18.7183 -15.5117 0.426719 -20.2068 -17.8402 4.1328 -20.026 -20.1686 7.83889 -19.8452 -21.8265 11.3877 -18.0923 -23.4844 14.9365 -16.3395 -24.2997 17.8306 -13.4194 -25.115 20.7248 -10.4992 -25.0816 22.696 -6.86614 -25.0482 24.6672 -3.23309 -24.2507 25.6161 0.708105 -23.4531 26.5649 4.6493 -22.0118 26.4881 8.56625 -20.5705 26.4112 12.4832 -18.6161 25.3522 16.0983 -16.6618 24.2932 19.7133 -14.3336 22.3229 22.7736 -12.0054 20.3527 25.8339 -9.46454 17.5774 28.0872 -6.92369 14.8021 30.3404 -4.37533 11.3955 31.529 -1.82698 7.98886 32.7177 0.45994 4.24072 32.6073 2.74686 0.492589 32.4968 4.44151 -3.14729 30.9554 6.13617 -6.78717 29.4141 6.9 -9.71709 26.5405 7.66383 -12.647 23.6669 7.52539 -14.2448 19.8618 7.38695 -15.8427 16.0566 7.05585 -15.8129 11.8385 6.72476 -15.7831 7.62049 6.73307 -14.7058 3.41006 6.74138 -13.6285 -0.800377 7.09843 -12.381 -4.98163 7.45548 -11.1334 -9.16289 7.85076 -9.76107 -13.3105 8.24605 -8.38873 -17.4582 8.34544 -6.81804 -21.5487 8.44484 -5.24736 -25.6392 7.89996 -3.43381 -29.574 0 0 0 0 0 0 0 0 0 0 0 0 0 0 0 0 0 0 0 0 0 0 0 0 0 0 0 0 0 0 0 0 0 0 0 0 0 0 0 0 0 0 0 0 0 0 0 0 0 0 0 0 0 0 0 0 0 0 0 0 0 0 0 0 0 0 0 0 0 0 0 0 0 0 0 0 0 0 0 0 0 0 0 0 0 0 0 0 0 0 0 0 0 0 0 0 0 0 0 0 0
3.60768 1.21104 -32.5927 1.64934 3.20129 -35.6391 -0.308991 5.19153 -38.6854 -3.34298 7.04878 -40.7519 -6.37697 8.90602 -42.8184 -10.2341 10.2304 -43.2751 -14.0913 11.5547 -43.7319 -17.8861 11.881 -42.1896 -21.6809 12.2072 -40.6473 -24.1543 11.3346 -37.4721 -26.6277 10.4619 -34.2969 -26.9562 8.68725 -30.5968 -27.2848 6.91255 -26.8967 -25.5768 4.81652 -23.7956 -23.8688 2.7205 -20.6946 -20.8147 0.766091 -18.7334 -17.7605 -1.18832 -16.7723 -14.0831 -2.85463 -15.8409 -10.4057 -4.52094 -14.9095 -6.69596 -6.18366 -14.0856 -2.98626 -7.84637 -13.2617 0.279673 -9.61195 -11.4763 3.54561 -11.3775 -9.69094 5.86446 -12.5985 -6.57284 8.18331 -13.8195 -3.45474 9.08006 -13.9511 0.510607 9.97681 -14.0826 4.47596 9.72648 -13.7057 8.55987 9.47616 -13.3288 12.6438 9.00236 -12.813 16.7007 8.52857 -12.2972 20.7576 8.92923 -11.3608 24.6836 9.32989 -10.4244 28.6097 11.1273 -8.898 31.818 12.9247 -7.37162 35.0264 15.9862 -5.40789 36.5942 19.0478 -3.44416 38.1621 22.5312 -1.55924 37.3817 26.0145 0.325669 36.6012 28.6662 1.50375 33.681 31.3178 2.68183 30.7608 32.2999 2.85683 26.7799 33.282 3.03183 22.799 32.5662 2.35343 18.8766 31.8503 1.67503 14.9542 29.8813 0.492075 11.6692 27.9123 -0.690884 8.38424 25.1682 -2.05699 5.80667 22.424 -3.42309 3.22909 19.2389 -4.73688 1.16519 16.0537 -6.05067 -0.898707 12.6318 -7.12869 -2.73223 9.20984 -8.2067 -4.56576 5.69986 -8.85306 -6.45921 2.18988 -9.49941 -8.35266 -1.27671 -9.23964 -10.4489 -4.74329 -8.97988 -12.5451 -7.95311 -7.31977 -14.5027 -11.1629 -5.65966 -16.4603 -14.0558 -2.83921 -17.3923 -16.9487 -0.0187665 -18.3243 -19.3723 3.26439 -17.6255 -21.7959 6.54755 -16.9266 -23.4054 9.65758 -14.7834 -25.0149 12.7676 -12.6402 -25.6589 15.2717 -9.5012 -26.303 17.7758 -6.36223 -26.0075 19.4455 -2.68972 -25.7121 21.1152 0.982792 -24.5943 21.8707 4.79703 -23.4765 22.6262 8.61128 -21.6858 22.4715 12.2568 -19.8952 22.3168 15.9023 -17.5882 21.2962 19.1263 -15.2812 20.2756 22.3504 -12.6214 18.4571 24.9272 -9.96158 16.6387 27.5041 -7.13554 14.1219 29.2136 -4.30951 11.6051 30.9232 -1.55038 8.54966 31.5499 1.20876 5.49417 32.1766 3.60254 2.16235 31.543 5.99633 -1.16947 30.9094 7.66845 -4.37512 28.9563 9.34057 -7.58077 27.0033 9.94252 -10.1272 23.908 10.5445 -12.6736 20.8128 10.1086 -13.9877 17.0214 9.67268 -15.3018 13.2299 8.91309 -15.0578 9.22622 8.1535 -14.8139 5.22251 7.65657 -13.5349 1.31566 7.15965 -12.256 -2.59119 6.98858 -10.7797 -6.47305 6.81751 -9.30342 -10.3549 6.67906 -7.70603 -14.1939 6.5406 -6.10864 -18.0329 6.11393 -4.35628 -21.779 5.68725 -2.60392 -25.525 4.64746 -0.696442 -29.0589 0 0 0 0 0 0 0 0 0 0 0 0 0 0 0 0 0 0 0 0 0 0 0 0 0 0 0 0 0 0 0 0 0 0 0 0 0 0 0 0 0 0 0 0 0 0 0 0 0 0 0 0 0 0 0 0 0 0 0 0 0 0 0 0 0 0 0 0 0 0 0 0 0 0 0 0 0 0 0 0 0 0 0 0 0 0 0 0 0 0 0 0 0 0 0 0 0 0 0 0 0
-2.93011 6.15057 -30.9945 -5.61846 8.06135 -33.2313 -8.30681 9.97213 -35.4682 -11.8066 11.4237 -36.6632 -15.3064 12.8753 -37.8582 -19.2071 13.4547 -37.5264 -23.1079 14.0341 -37.1946 -26.4388 13.4185 -35.1745 -29.7697 12.8029 -33.1543 -31.3857 11.09 -29.9961 -33.0017 9.37706 -26.8379 -32.3755 7.14975 -23.6401 -31.7492 4.92243 -20.4422 -29.2726 2.8572 -18.1406 -26.796 0.791963 -15.8389 -23.2842 -0.733469 -14.7644 -19.7724 -2.2589 -13.6898 -15.906 -3.2579 -13.6148 -12.0395 -4.25689 -13.5397 -8.16343 -5.23212 -13.5696 -4.28735 -6.20735 -13.5996 -0.63415 -7.49124 -12.6832 3.01905 -8.77513 -11.7668 5.95899 -9.90151 -9.36441 8.89893 -11.0279 -6.96202 10.5133 -11.5084 -3.36537 12.1276 -11.9888 0.231273 12.6149 -12.2226 4.18826 13.1022 -12.4564 8.14525 13.3552 -12.5979 12.1327 13.6081 -12.7394 16.1202 14.6053 -12.3011 19.9479 15.6025 -11.8629 23.7755 17.7031 -10.5084 26.8526 19.8037 -9.15386 29.9296 22.728 -6.9297 31.3742 25.6523 -4.70553 32.8189 28.5403 -2.1642 31.9774 31.4283 0.377122 31.136 33.2203 2.3781 28.2526 35.0122 4.37907 25.3692 35.1615 5.2584 21.5168 35.3108 6.13773 17.6643 33.9827 5.88271 13.9307 32.6546 5.62769 10.1972 30.3321 4.57479 7.13572 28.0095 3.5219 4.07424 25.114 2.05558 1.7482 22.2186 0.589251 -0.577845 18.9975 -0.979415 -2.3509 15.7763 -2.54808 -4.12395 12.3442 -3.96974 -5.60361 8.91206 -5.39141 -7.08328 5.32824 -6.41461 -8.52604 1.74441 -7.43782 -9.96881 -1.95713 -7.57113 -11.437 -5.65866 -7.70444 -12.9052 -9.27753 -6.48657 -14.0114 -12.8964 -5.2687 -15.1177 -16.1761 -3.03233 -15.0789 -19.4558 -0.795967 -15.0401 -22.0453 1.74935 -13.4375 -24.6348 4.29467 -11.8348 -26.1598 6.63919 -9.01054 -27.6849 8.98371 -6.18628 -28.0302 10.8073 -2.66555 -28.3756 12.6309 0.855185 -27.6229 13.7746 4.59653 -26.8703 14.9183 8.33788 -25.1938 15.3365 11.9306 -23.5172 15.7548 15.5234 -21.1171 15.4642 18.6954 -18.717 15.1737 21.8673 -15.7948 14.2201 24.4092 -12.8726 13.2664 26.951 -9.63424 11.7128 28.6844 -6.39589 10.1592 30.4179 -3.07233 8.09345 31.1789 0.251227 6.0277 31.9399 3.37809 3.58481 31.5863 6.50495 1.14191 31.2327 9.08517 -1.46361 29.6864 11.6654 -4.06913 28.14 13.2982 -6.51722 25.4687 14.931 -8.9653 22.7973 15.2506 -10.8426 19.3154 15.5701 -12.72 15.8335 14.6152 -13.539 12.066 13.6604 -14.3581 8.29847 12.1532 -13.7405 4.66871 10.6461 -13.123 1.03896 9.26774 -11.4922 -2.33826 7.88937 -9.86146 -5.71548 6.79694 -7.98613 -9.07499 5.7045 -6.1108 -12.4345 4.63488 -4.12078 -15.7349 3.56526 -2.13076 -19.0354 2.22079 -0.061455 -22.1806 0.876322 2.00785 -25.3259 -1.02689 4.07921 -28.1602 0 0 0 0 0 0 0 0 0 0 0 0 0 0 0 0 0 0 0 0 0 0 0 0 0 0 0 0 0 0 0 0 0 0 0 0 0 0 0 0 0 0 0 0 0 0 0 0 0 0 0 0 0 0 0 0 0 0 0 0 0 0 0 0 0 0 0 0 0 0 0 0 0 0 0 0 0 0 0 0 0 0 0 0 0 0 0 0 0 0 0 0 0 0 0 0 0 0 0 0 0
-2.55063 4.77957 -33.1105 -5.19373 6.14002 -35.6813 -8.04803 7.48397 -38.0377 -11.5274 8.55486 -39.5575 -15.1623 9.58019 -40.7214 -19.0875 10.0798 -40.6559 -22.9891 10.4993 -40.1286 -26.4323 10.1929 -38.2434 -29.5922 9.78883 -35.9364 -31.4423 8.71104 -32.7009 -32.8198 7.55442 -29.2603 -32.5107 6.06821 -25.7366 -31.726 4.54815 -22.2758 -29.542 3.10201 -19.4513 -27.0195 1.6639 -16.8619 -23.6897 0.532201 -15.1871 -20.1835 -0.56965 -13.7866 -16.3728 -1.36023 -13.172 -12.4987 -2.11789 -12.7871 -8.59023 -2.85399 -12.6338 -4.69444 -3.6777 -12.4787 -0.966682 -4.75747 -11.6033 2.64214 -5.83698 -10.3666 5.67608 -6.7808 -7.98698 8.44071 -7.64404 -5.30099 10.1759 -8.06064 -1.74616 11.5656 -8.39457 1.95626 12.1231 -8.64187 5.8981 12.6492 -8.98096 9.83638 13.216 -9.28415 13.7529 14.0113 -9.57518 17.6004 15.4553 -9.53903 21.2429 17.1685 -9.47363 24.7033 19.7361 -8.88346 27.5118 22.5302 -8.24158 29.9722 25.913 -7.07775 31.1402 29.337 -5.84667 31.8223 32.6367 -4.38139 30.7948 35.7014 -2.85692 29.3016 37.8239 -1.57395 26.3487 39.5073 -0.2633 23.1312 39.8464 0.463049 19.2621 39.7201 1.18156 15.3849 38.3917 1.27922 11.6598 36.7124 1.348 8.0995 34.227 0.962181 5.09525 31.5351 0.54392 2.30712 28.3909 -0.122911 0.115238 25.1473 -0.815269 -1.88909 21.6661 -1.58216 -3.44183 18.1456 -2.36386 -4.86773 14.4914 -3.07682 -6.04497 10.8253 -3.79316 -7.16303 7.07689 -4.29612 -8.2357 3.33 -4.7909 -9.31639 -0.466921 -4.79606 -10.4503 -4.24687 -4.76906 -11.6565 -7.95425 -3.9276 -12.7271 -11.6584 -2.92035 -13.7051 -15.1859 -1.25685 -13.8231 -18.6988 0.431361 -13.5868 -21.7673 2.28693 -12.1807 -24.7012 4.12898 -10.4585 -26.8914 5.83633 -7.80454 -28.8562 7.49939 -4.91122 -29.9427 8.83123 -1.45287 -30.751 10.0968 2.14653 -30.6884 10.9295 5.95648 -30.3314 11.6837 9.8045 -29.1945 11.9728 13.5655 -27.7778 12.1803 17.2681 -25.7139 11.9319 20.6476 -23.4081 11.606 23.8849 -20.6098 10.8558 26.6106 -17.6257 10.0384 29.1256 -14.3229 8.8435 30.9734 -10.9053 7.59709 32.559 -7.37028 6.03825 33.3484 -3.80425 4.44869 33.8441 -0.360876 2.64184 33.4495 3.01996 0.829668 32.7551 5.9979 -1.05924 31.1381 8.81568 -2.92459 29.2464 10.9296 -4.66998 26.5032 12.7894 -6.36126 23.5455 13.6605 -7.68178 19.9914 14.2087 -8.92136 16.3254 13.7402 -9.50859 12.4711 12.928 -9.99668 8.63614 11.6116 -9.55348 4.9311 10.243 -8.92726 1.2637 9.0113 -7.69919 -2.286 7.85593 -6.4874 -5.85895 6.89396 -5.15228 -9.43908 5.94176 -3.81806 -13.0214 4.97712 -2.42136 -16.571 3.95494 -1.02193 -20.1063 2.69516 0.423743 -23.5349 1.31031 1.87341 -26.9188 -0.527718 3.32691 -30.068 -0.24133 -0.198928 -0.172164 -0.138549 -0.132646 -0.1232 -0.16312 -0.189212 -0.296253 -0.346373 -0.513738 -0.551916 -0.728165 -0.736827 -0.868464 -0.835213 -0.880271 -0.831685 -0.800571 -0.755022 -0.689695 -0.649702 -0.56717 -0.537373 -0.485327 -0.470656 -0.463732 -0.456209 -0.448174 -0.427384 -0.367083 -0.313852 -0.168702 -0.0695494 0.164373 0.278945 0.514785 0.608433 0.768854 0.822703 0.880118 0.872652 0.85534 0.810434 0.759278 0.708131 0.651343 0.607268 0.559899 0.526684 0.498872 0.476215 0.480643 0.468467 0.533988 0.535731 0.726178 0.823375 -0.427877 0.0783559 0.548565 0.564756 0.700212 0.718317 0.797373 0.809056 0.854906 0.854387 0.87182 0.854965 0.839423 0.800582 0.736711 0.668226 0.526379 0.425546 0.178662 0.0724282 -0.229453 -0.288928 -0.542086 -0.546102 -0.723871 -0.694789 -0.863732 -0.902875 -1.0974 -1.07579 -1.07742 -1.00376 -0.888179 -0.829705 -0.73733 -0.696834 -0.647168 -0.609934 -0.573721 -0.534592 -0.502025 -0.459857 -0.0523135
-2.12334 3.23583 -35.493 -4.71549 3.97661 -38.4399 -7.75665 4.68231 -40.931 -11.213 5.32453 -42.8166 -15.0001 5.8699 -43.9455 -18.9528 6.2797 -44.1797 -22.8554 6.51907 -43.4323 -26.425 6.56088 -41.6989 -29.3923 6.395 -39.069 -31.5059 6.03236 -35.7465 -32.6149 5.50214 -31.9879 -32.663 4.8504 -28.0972 -31.7 4.12671 -24.3404 -29.8453 3.37766 -20.9273 -27.2711 2.64571 -18.0138 -24.1464 1.95734 -15.6631 -20.6465 1.33244 -13.8957 -16.8984 0.77653 -12.6735 -13.0157 0.29062 -11.9396 -9.0708 -0.17622 -11.58 -5.15282 -0.829335 -11.2167 -1.34111 -1.67926 -10.3874 2.21774 -2.52863 -8.78988 5.35752 -3.26689 -6.43599 7.92475 -3.83382 -3.43067 9.79597 -4.17853 0.0770621 10.9327 -4.34749 3.89858 11.5694 -4.60998 7.82338 12.1391 -5.06762 11.7406 13.0593 -5.55288 15.5773 14.4653 -6.01227 19.2671 16.4123 -6.42889 22.7011 18.9318 -6.78332 25.7479 22.0254 -7.0538 28.2541 25.6001 -7.21436 30.0202 29.4993 -7.24445 30.8766 33.486 -7.13159 30.7002 37.2492 -6.87794 29.4632 40.5129 -6.49845 27.236 43.0076 -6.02394 24.2049 44.5688 -5.49059 20.6113 45.1216 -4.9365 16.7234 44.6851 -4.39906 12.8183 43.3561 -3.90428 9.10271 41.2814 -3.47092 5.7375 38.6127 -3.10561 2.7977 35.5049 -2.80927 0.31734 32.0805 -2.57588 -1.72347 28.445 -2.39675 -3.36554 24.6711 -2.26085 -4.67022 20.8135 -2.15643 -5.70522 16.9091 -2.0714 -6.54194 12.9796 -1.99353 -7.25283 9.04586 -1.9107 -7.90877 5.11536 -1.81048 -8.58176 1.21104 -1.67134 -9.33926 -2.6572 -1.46383 -10.2506 -6.46425 -1.0462 -11.2809 -10.2645 -0.276107 -12.1145 -14.0709 0.742346 -12.4092 -17.8465 1.81333 -11.9504 -21.4542 2.89224 -10.7657 -24.7759 3.94241 -8.90885 -27.7151 4.93232 -6.44658 -30.1752 5.82805 -3.4755 -32.0962 6.60618 -0.0874085 -33.4257 7.24348 3.60057 -34.1401 7.72588 7.48778 -34.2286 8.04155 11.4559 -33.6994 8.18528 15.4063 -32.5752 8.15536 19.2327 -30.8898 7.95441 22.8457 -28.6902 7.58869 26.1568 -26.0314 7.06763 29.0893 -22.9776 6.40372 31.5742 -19.6022 5.61267 33.5507 -15.9828 4.71216 34.9699 -12.2098 3.72411 35.7912 -8.37071 2.67072 35.9882 -4.57094 1.58007 35.5474 -0.90413 0.478085 34.4692 2.52165 -0.603922 32.7728 5.6069 -1.63585 30.4922 8.26253 -2.59001 27.6681 10.3779 -3.42913 24.388 11.8702 -4.12265 20.7527 12.6758 -4.64411 16.8793 12.7549 -4.97031 12.9272 12.1034 -5.08573 9.01636 11.0018 -4.83886 5.22655 9.78918 -4.20286 1.51676 8.72255 -3.42824 -2.22716 7.81828 -2.68822 -6.02049 7.0032 -1.96138 -9.84905 6.20892 -1.23645 -13.6823 5.36249 -0.507824 -17.5124 4.39373 0.226602 -21.3122 3.2293 0.970075 -25.0598 1.79897 1.72203 -28.7125 0.0343514 2.47982 -32.2162 -0.513067 -0.422921 -0.36602 -0.294556 -0.282004 -0.261924 -0.346793 -0.402264 -0.629832 -0.736388 -1.09221 -1.17337 -1.54808 -1.56649 -1.84635 -1.77566 -1.87145 -1.76816 -1.70201 -1.60517 -1.46629 -1.38126 -1.2058 -1.14245 -1.0318 -1.00061 -0.985892 -0.969899 -0.952815 -0.908617 -0.780416 -0.667248 -0.35866 -0.147862 0.349457 0.593037 1.09443 1.29353 1.63458 1.74906 1.87113 1.85526 1.81845 1.72298 1.61422 1.50548 1.38475 1.29105 1.19034 1.11973 1.0606 1.01243 1.02185 0.99596 1.13526 1.13896 1.54385 1.75049 -0.909665 0.166584 1.16625 1.20067 1.48865 1.52714 1.69521 1.72005 1.81753 1.81642 1.85349 1.81765 1.78461 1.70203 1.56624 1.42065 1.11908 0.904709 0.379834 0.153982 -0.487817 -0.614259 -1.15247 -1.16101 -1.53895 -1.47712 -1.83629 -1.91951 -2.33307 -2.28713 -2.29059 -2.134 -1.88826 -1.76395 -1.56756 -1.48147 -1.37588 -1.29672 -1.21973 -1.13654 -1.0673 -0.977654 -0.111218
