Optimization finished after 4300 iterations.
NEB Energy: 0.904334
Max NEB Force: 0.0993918
Optimization took: 200864 ms
Energies: 
0.90136, 0.90441, 0.917938, 0.975017, 1.04002, 1.01906, 1.42715, 1.40071, 1.47132, 1.50952, 1.61757, 1.63183, 1.4681, 1.38633, 1.19522, 1.21395, 1.25361, 1.10742, 1.00699, 0.983488, 
NEB Forces: 
0, 0.012572, 0.0245178, 0.036626, 0.0560664, 0.0541539, 0.0993918, 0.0927197, 0.0962077, 0.0889648, 0.0878827, 0.0850363, 0.061964, 0.0628212, 0.0566257, 0.0563647, 0.0607808, 0.0437524, 0.039712, 0, 
Gradients: 
0.000109309, 0.0125208, 0.0247943, 0.0366477, 0.0507995, 0.0270631, 0.0978912, 0.0916624, 0.0964367, 0.088872, 0.0881162, 0.085212, 0.0620302, 0.0629124, 0.0566238, 0.0563628, 0.0608032, 0.0438637, 0.0392258, 3.41792e-12, 
Spring Forces: 
0, 0.000150703, 7.47817e-07, 0.000149685, 0.000150655, 0.0003123, 0.00035067, 0.000399064, 0.000466194, 9.83184e-05, 2.92209e-06, 0.000371313, 0.000451588, 0.000372501, 0.000313946, 0.000327954, 0.000294276, 4.97071e-05, 0.00619574, 0, 
Bend Energies: 
0.901343, 0.901312, 0.914924, 0.971084, 1.02116, 1.00899, 0.963274, 0.967849, 1.06238, 1.15986, 1.36311, 1.45213, 1.35079, 1.26326, 1.04002, 1.06211, 1.09604, 1.05502, 0.983165, 0.983473, 
Twist Energies: 
1.91689e-07, 0.00308165, 0.00300135, 0.00389716, 0.0188421, 0.0100568, 0.463853, 0.432824, 0.408831, 0.349485, 0.254164, 0.179414, 0.117198, 0.122979, 0.155174, 0.151831, 0.157556, 0.0523709, 0.0238083, 1.77904e-25, 
Stretch Energies: 
1.25755e-06, 1.27724e-06, 1.06275e-05, 3.5634e-05, 1.69565e-05, 1.39249e-05, 1.73441e-05, 2.70866e-05, 8.00689e-05, 0.000150926, 0.000271584, 0.000275068, 9.82962e-05, 7.84672e-05, 1.68525e-05, 1.21613e-05, 1.72494e-05, 2.68296e-05, 2.91734e-06, 2.86426e-06, 
