Optimization finished after 7700 iterations.
NEB Energy: 0.902225
Max NEB Force: 0.0499902
Optimization took: 243854 ms
Energies: 
0.90136, 0.9023, 0.90862, 0.953138, 1.01508, 1.00522, 1.29367, 1.28476, 1.3453, 1.39522, 1.49516, 1.51345, 1.40039, 1.31892, 1.14126, 1.1596, 1.19057, 1.07834, 0.990017, 0.983488, 
NEB Forces: 
0, 0.00556888, 0.0139723, 0.0215147, 0.0196853, 0.0378821, 0.0478319, 0.0442369, 0.0454771, 0.0454363, 0.0499632, 0.0499902, 0.0385586, 0.0379047, 0.0334383, 0.0337402, 0.0358602, 0.0238919, 0.0158147, 0, 
Gradients: 
3.881e-05, 0.00553577, 0.0141063, 0.0216566, 0.0195314, 0.0186663, 0.0476607, 0.0441151, 0.0457032, 0.0453874, 0.0500768, 0.0501055, 0.0386428, 0.0380296, 0.0334393, 0.0337394, 0.0358834, 0.0240209, 0.0145513, 1.40324e-12, 
Spring Forces: 
0, 0.000150573, 6.53259e-07, 0.000149401, 0.00015029, 0.000312451, 0.000350045, 0.00039787, 0.00046581, 9.85459e-05, 2.71354e-06, 0.000370648, 0.00045159, 0.000372489, 0.000313419, 0.00032703, 0.000294371, 5.04801e-05, 0.00619386, 0, 
Bend Energies: 
0.901343, 0.901335, 0.907633, 0.951895, 1.01212, 1.00111, 0.962618, 0.965607, 1.03336, 1.12502, 1.29687, 1.3739, 1.31815, 1.23425, 1.03771, 1.05947, 1.09128, 1.04716, 0.983393, 0.983473, 
Twist Energies: 
6.94367e-08, 0.000949109, 0.000977825, 0.00122746, 0.00294229, 0.00410783, 0.331028, 0.319133, 0.311886, 0.270111, 0.198157, 0.139439, 0.082188, 0.0846236, 0.103531, 0.100114, 0.0992783, 0.0311578, 0.00660835, 2.56255e-25, 
Stretch Energies: 
1.25763e-06, 1.27258e-06, 6.66748e-06, 1.47523e-05, 1.31675e-05, 1.11216e-05, 1.5019e-05, 1.92744e-05, 3.89128e-05, 7.52483e-05, 0.000122484, 0.000108023, 4.59769e-05, 3.62904e-05, 1.04712e-05, 1.13942e-05, 1.48409e-05, 2.07233e-05, 2.88301e-06, 2.86426e-06, 
