Optimization finished after 120100 iterations.
NEB Energy: 0.901292
Max NEB Force: 0.00999838
Optimization took: 6563216 ms
Energies: 
0.90136, 0.901365, 0.86149, 0.920695, 0.952918, 0.949425, 1.01819, 1.01972, 1.03844, 1.07397, 1.14675, 1.19206, 1.20363, 1.14267, 1.02903, 1.03398, 1.04315, 1.00806, 0.983498, 0.983488, 
NEB Forces: 
0, 0.000160217, 0.00365604, 0.00261165, 0.00399601, 0.00924445, 0.00875327, 0.00880762, 0.00964614, 0.00992912, 0.0099386, 0.00999838, 0.00817123, 0.00723891, 0.00315004, 0.00349887, 0.0049117, 0.00272577, 0.00612392, 0, 
Gradients: 
2.27585e-07, 6.7126e-05, 0.00370811, 0.00263929, 0.00403635, 0.00386805, 0.00874322, 0.00878215, 0.00966299, 0.0100727, 0.0100362, 0.0100242, 0.00822505, 0.00748783, 0.00316649, 0.0034858, 0.00492259, 0.00284571, 0.000119901, 3.11417e-05, 
Spring Forces: 
0, 0.0001448, 1.36681e-07, 0.000139365, 0.000142333, 0.00031023, 0.000332762, 0.000373569, 0.000449664, 9.63823e-05, 1.0439e-06, 0.000349125, 0.000446364, 0.000375006, 0.000297721, 0.00030444, 0.000289753, 6.545e-05, 0.00612275, 0, 
Bend Energies: 
0.901343, 0.901343, 0.861483, 0.920681, 0.95288, 0.949375, 0.944247, 0.945124, 0.956012, 1.00475, 1.09955, 1.16502, 1.1973, 1.13791, 1.02701, 1.03177, 1.04054, 1.0073, 0.983477, 0.983473, 
Twist Energies: 
4.41377e-11, 4.96244e-06, 6.04715e-06, 6.46437e-06, 3.32681e-05, 4.57675e-05, 0.0739379, 0.0745876, 0.0824111, 0.0691978, 0.0471834, 0.0270271, 0.00631183, 0.00475328, 0.00201552, 0.00220098, 0.00260477, 0.000750899, 4.79191e-06, 2.09643e-22, 
Stretch Energies: 
1.25766e-06, 1.25728e-06, 1.18769e-06, 2.09394e-06, 2.70621e-06, 2.72441e-06, 3.43194e-06, 3.69145e-06, 5.26425e-06, 1.00224e-05, 1.33793e-05, 1.51667e-05, 1.45582e-05, 1.13854e-05, 4.4028e-06, 4.52033e-06, 5.29963e-06, 3.94494e-06, 2.91332e-06, 2.86427e-06, 
