# num_vectors 20
# vector_size 401
# Iterations: 4300, stepsize: 0.023199, max step size: 1.000000, spring constant: 0.000010, global NEB Hessian: false, global NEB Linesearch: true, climbing image: false
15.9824 -22.3455 6.67177 18.494 -21.6496 3.64528 20.6852 -20.6488 0.459504 22.4789 -19.3783 -2.86962 23.7998 -17.8768 -6.32144 24.5685 -16.1969 -9.8476 24.7148 -14.3956 -13.3945 24.1801 -12.5525 -16.8682 22.9274 -10.7495 -20.174 20.9601 -9.09133 -23.1772 18.3156 -7.67696 -25.7549 15.0952 -6.61216 -27.7698 11.4397 -5.98391 -29.1139 7.53128 -5.85898 -29.7131 3.5969 -6.25442 -29.592 -0.196153 -7.10865 -28.788 -3.69496 -8.32771 -27.3612 -6.81359 -9.81559 -25.3837 -9.48849 -11.4697 -22.9425 -11.7034 -13.2004 -20.1127 -13.458 -14.9202 -16.9707 -14.7756 -16.555 -13.575 -15.6868 -18.0343 -9.98038 -16.2304 -19.2947 -6.23063 -16.4477 -20.2752 -2.36593 -16.3818 -20.9165 1.57227 -16.0769 -21.161 5.5437 -15.5796 -20.9526 9.49182 -14.9381 -20.2393 13.3594 -14.2066 -18.9804 17.0584 -13.4411 -17.1462 20.5011 -12.7059 -14.7359 23.5681 -12.0671 -11.7773 26.1362 -11.5922 -8.32531 28.0809 -11.3521 -4.52141 29.2626 -11.4058 -0.545009 29.6139 -11.6152 3.43513 29.3831 -11.6637 7.36772 28.8452 -11.2115 11.1884 27.8686 -10.3292 14.6461 26.1648 -9.43186 17.6088 23.7046 -8.9134 20.0602 20.6305 -8.77748 21.9377 17.1397 -8.96387 23.2091 13.376 -9.39953 23.8717 9.47878 -10.0077 23.9538 5.53905 -10.7084 23.4966 1.64057 -11.4259 22.5482 -2.17149 -12.0846 21.1605 -5.85749 -12.6124 19.383 -9.39653 -12.9376 17.2659 -12.7692 -12.9891 14.8605 -15.9572 -12.6967 12.2205 -18.9401 -11.9937 9.41294 -21.685 -10.8182 6.51058 -24.1561 -9.12541 3.61447 -26.2971 -6.886 0.832623 -28.0528 -4.11615 -1.69091 -29.3524 -0.860406 -3.81496 -30.1383 2.76121 -5.37928 -30.3599 6.59781 -6.25213 -29.9982 10.4351 -6.33016 -29.075 14.0622 -5.61164 -27.6925 17.301 -4.16794 -25.9299 19.9941 -2.1198 -23.8723 22.0542 0.40008 -21.5962 23.4306 3.23974 -19.1844 24.1242 6.26842 -16.6945 24.1618 9.35565 -14.1803 23.5933 12.4017 -11.6694 22.4803 15.3147 -9.18308 20.8878 18.0261 -6.72392 18.8838 20.4745 -4.28979 16.5339 22.61 -1.86936 13.903 24.3872 0.551639 11.0573 25.7628 2.98782 8.06271 26.6967 5.45482 4.99553 27.1478 7.95998 1.93278 27.0791 10.5098 -1.02802 26.4592 13.0928 -3.78942 25.2653 15.695 -6.23271 23.4939 18.2789 -8.23694 21.1633 20.7962 -9.68141 18.3129 23.1891 -10.4486 15.0587 25.3708 -10.8074 11.5865 27.3045 -11.1674 7.94753 28.9022 -11.6425 4.11281 29.7971 -11.9231 0.15652 29.7767 -11.6717 -3.72475 29.0631 -10.7208 -7.41468 28.0061 -9.1609 -10.82 26.6927 -7.10031 -13.8444 25.1561 -4.63889 -16.4458 23.4169 -1.88635 -18.591 21.5007 1.06764 -20.2793 19.4174 4.13037 -21.5152 17.1794 7.22635 -22.3172 14.7867 10.2791 -22.7062 12.2406 13.2208 -22.7069 9.53669 -18.4534 -18.4535 -18.4535 -18.4536 -18.4536 -18.4536 -18.4537 -18.4537 -18.4538 -18.4539 -18.4539 -18.4539 -18.4539 -18.4536 -18.4533 -18.453 -18.4527 -18.4524 -18.4522 -18.4519 -18.4516 -18.4514 -18.4512 -18.4511 -18.451 -18.451 -18.4512 -18.4514 -18.4516 -18.4518 -18.4521 -18.4525 -18.453 -18.4534 -18.4537 -18.4537 -18.4537 -18.4537 -18.4538 -18.454 -18.4541 -18.4542 -18.4542 -18.4541 -18.454 -18.4538 -18.4536 -18.4535 -18.4533 -18.4531 -18.453 -18.4528 -18.4525 -18.4522 -18.4518 -18.4513 -18.4504 -18.4486 -18.442 -18.4624 -18.4547 -18.4531 -18.4524 -18.452 -18.4519 -18.4519 -18.452 -18.4521 -18.4522 -18.4523 -18.4524 -18.4526 -18.4527 -18.4529 -18.4531 -18.4533 -18.4535 -18.4536 -18.4532 -18.4525 -18.4517 -18.4513 -18.4511 -18.451 -18.451 -18.4511 -18.4513 -18.4516 -18.4517 -18.4516 -18.4516 -18.4518 -18.452 -18.4522 -18.4523 -18.4525 -18.4526 -18.4528 -18.4529 -18.453 0.0839842
15.9631 -22.3585 6.67337 18.4724 -21.668 3.64365 20.6615 -20.6725 0.454757 22.4533 -19.4069 -2.87722 23.7727 -17.9099 -6.33154 24.54 -16.2336 -9.85977 24.6851 -14.4353 -13.4083 24.1492 -12.5943 -16.8828 22.8954 -10.7923 -20.1888 20.9271 -9.13406 -23.1913 18.2818 -7.71836 -25.7674 15.0607 -6.65098 -27.7799 11.4047 -6.0191 -29.1207 7.4958 -5.89011 -29.7159 3.56109 -6.28082 -29.5905 -0.232195 -7.12995 -28.7822 -3.73107 -8.34376 -27.3511 -6.84955 -9.82641 -25.3694 -9.52403 -11.4755 -22.9243 -11.7382 -13.2013 -20.0911 -13.4919 -14.9167 -16.9461 -14.8081 -16.5474 -13.5479 -15.7178 -18.023 -9.95135 -16.2594 -19.2799 -6.20017 -16.4744 -20.2574 -2.33456 -16.4058 -20.8959 1.60405 -16.0978 -21.1379 5.5754 -15.597 -20.9273 9.52294 -14.9512 -20.212 13.3894 -14.2147 -18.9515 17.0869 -13.4434 -17.1159 20.5276 -12.7012 -14.7044 23.592 -12.055 -11.7446 26.1568 -11.5729 -8.29152 28.0977 -11.3269 -4.48677 29.2755 -11.3758 -0.510037 29.6237 -11.5815 3.47017 29.3909 -11.6269 7.4025 28.8507 -11.1709 11.2219 27.8707 -10.2862 14.6765 26.1621 -9.3887 17.6365 23.6986 -8.87102 20.0865 20.6232 -8.73696 21.9626 17.1317 -8.9262 23.2319 13.3673 -9.36525 23.8918 9.47009 -9.97709 23.971 5.53086 -10.6817 23.511 1.6334 -11.4034 22.5601 -2.17723 -12.0668 21.1701 -5.86152 -12.5997 19.3904 -9.39869 -12.9303 17.2711 -12.7695 -12.9874 14.8634 -15.9556 -12.701 12.2209 -18.9368 -12.0039 9.41047 -21.6804 -10.8341 6.50485 -24.1503 -9.14679 3.60506 -26.2906 -6.91234 0.81915 -28.0462 -4.14669 -1.70869 -29.3465 -0.894164 -3.8371 -30.1338 2.72547 -5.40561 -30.358 6.56151 -6.2824 -29.9998 10.3996 -6.36414 -29.0804 14.0291 -5.64852 -27.7025 17.2713 -4.20697 -25.9445 19.9687 -2.16023 -23.8911 22.034 0.358978 -21.6189 23.4159 3.19874 -19.2104 24.1153 6.22828 -16.7232 24.1589 9.31713 -14.2111 23.5963 12.3656 -11.7017 22.4891 15.2815 -9.21631 20.9023 17.9966 -6.75752 18.9036 20.4491 -4.32318 16.5587 22.5893 -1.90199 13.9323 24.3714 0.520312 11.0908 25.7523 2.95832 8.09985 26.6917 5.42763 5.03574 27.1485 7.93551 1.9754 27.0856 10.4884 -0.983783 26.4713 13.0745 -3.74444 25.2827 15.68 -6.18781 23.5158 18.2669 -8.19262 21.1889 20.787 -9.63788 18.3413 23.1829 -10.4064 15.0895 25.3676 -10.767 11.6195 27.3051 -11.1296 7.98259 28.9068 -11.6082 4.14897 29.8044 -11.8923 0.192919 29.786 -11.6456 -3.6892 29.0755 -10.7012 -7.38173 28.0217 -9.14728 -10.7907 26.7108 -7.09143 -13.819 25.1755 -4.63409 -16.4243 23.4365 -1.88547 -18.5737 21.5192 1.06466 -20.2664 19.4341 4.12365 -21.507 17.1935 7.21611 -22.314 14.7979 10.2656 -22.7082 12.2488 13.2043 -22.7144 9.54158 -12.9242 -12.92 -12.914 -12.9074 -12.901 -12.8958 -12.8923 -12.8909 -12.8918 -12.8947 -12.8997 -12.9063 -12.9139 -12.9224 -12.9313 -12.9405 -12.9495 -12.9584 -12.9666 -12.9738 -12.9794 -12.9833 -12.985 -12.9841 -12.9801 -12.9728 -12.962 -12.948 -12.931 -12.9119 -12.8917 -12.8717 -12.8533 -12.8377 -12.8262 -12.82 -12.8203 -12.8269 -12.8394 -12.8565 -12.8773 -12.9002 -12.9235 -12.9459 -12.9663 -12.9837 -12.9978 -13.0084 -13.0156 -13.0197 -13.0213 -13.0207 -13.0185 -13.015 -13.0104 -13.0048 -12.998 -12.9895 -12.9758 -12.9993 -12.9785 -12.9689 -12.9616 -12.9557 -12.9512 -12.9481 -12.9465 -12.9461 -12.9467 -12.948 -12.9494 -12.9505 -12.9509 -12.95 -12.9477 -12.9436 -12.9377 -12.9298 -12.9196 -12.9075 -12.8946 -12.8831 -12.8744 -12.8692 -12.8682 -12.8718 -12.8807 -12.8956 -12.9144 -12.9364 -12.9617 -12.988 -13.0133 -13.0362 -13.0555 -13.0705 -13.0811 -13.0875 -13.0904 -13.0906 -0.0810721
14.515 -21.9213 6.02052 17.2035 -21.254 3.14324 19.6075 -20.2828 0.10525 21.6426 -19.0377 -3.09204 23.2231 -17.5531 -6.44049 24.2547 -15.8787 -9.9015 24.6511 -14.0711 -13.426 24.335 -12.2128 -16.9182 23.2537 -10.3915 -20.2741 21.3984 -8.7213 -23.3412 18.8043 -7.3134 -25.9731 15.5859 -6.28624 -28.0105 11.9128 -5.73197 -29.3391 7.99675 -5.70439 -29.899 4.07747 -6.20154 -29.6935 0.337229 -7.16876 -28.778 -3.06767 -8.50905 -27.2373 -6.05694 -10.1168 -25.1566 -8.57708 -11.8799 -22.6286 -10.6226 -13.7029 -19.7301 -12.205 -15.4961 -16.5381 -13.3586 -17.1851 -13.1094 -14.1244 -18.7002 -9.49589 -14.5499 -19.9792 -5.73722 -14.684 -20.9615 -1.86924 -14.5763 -21.5871 2.07052 -14.2766 -21.7975 6.04426 -13.8364 -21.5395 9.99616 -13.3079 -20.7662 13.8692 -12.749 -19.4275 17.5703 -12.2208 -17.4572 20.9821 -11.7906 -14.8303 23.9266 -11.5174 -11.6289 26.2572 -11.4392 -8.01619 27.9499 -11.5593 -4.18665 29.065 -11.8085 -0.248429 29.6698 -12.0109 3.73722 29.7761 -11.9273 7.68381 29.3597 -11.3963 11.4873 28.3564 -10.4632 14.9476 26.6856 -9.36936 17.9096 24.3056 -8.44085 20.2959 21.2773 -7.96041 22.1044 17.7807 -7.87268 23.2952 13.9872 -8.09814 23.882 10.0602 -8.5613 23.9123 6.10014 -9.18801 23.4389 2.19106 -9.90169 22.5103 -1.62653 -10.6198 21.171 -5.31925 -11.2615 19.4601 -8.87225 -11.7469 17.4175 -12.2715 -11.9969 15.0842 -15.5033 -11.9319 12.5036 -18.551 -11.4729 9.73248 -21.3832 -10.5447 6.83526 -23.9632 -9.08719 3.90733 -26.2302 -7.05622 1.05538 -28.1216 -4.45317 -1.57154 -29.5544 -1.31333 -3.82067 -30.4552 2.24383 -5.51385 -30.7581 6.05515 -6.50598 -30.4396 9.89142 -6.69657 -29.5288 13.5202 -6.06767 -28.1076 16.7466 -4.67628 -26.2814 19.4095 -2.64508 -24.1685 21.4238 -0.116593 -21.8611 22.7433 2.74733 -19.4462 23.3736 5.80852 -16.9794 23.3473 8.93186 -14.5101 22.7191 12.0157 -12.0602 21.555 14.9676 -9.64426 19.9228 17.7201 -7.25786 17.8919 20.2125 -4.89159 15.5285 22.3955 -2.52726 12.8977 24.2234 -0.144258 10.0659 25.6518 2.27772 7.10011 26.6372 4.75935 4.07919 27.1328 7.31186 1.08525 27.0946 9.94274 -1.77858 26.4871 12.6357 -4.41076 25.2907 15.3674 -6.6902 23.5113 18.0918 -8.49103 21.18 20.7576 -9.69068 18.3448 23.2993 -10.3943 15.1698 25.615 -10.8594 11.7496 27.6175 -11.2895 8.1015 29.1763 -11.721 4.27689 30.1342 -12.0123 0.329975 30.395 -11.9365 -3.59536 29.9239 -11.325 -7.32668 28.7666 -10.1236 -10.7061 27.0668 -8.37345 -13.6455 25.054 -6.14366 -16.1546 22.9135 -3.53826 -18.2324 20.7352 -0.663322 -19.876 18.5105 2.3698 -21.0807 16.216 5.47678 -21.8638 13.8313 8.58115 -22.2488 11.3479 11.6169 -22.2605 8.75004 -9.07803 -9.07964 -9.08119 -9.08341 -9.08657 -9.09026 -9.09329 -9.09425 -9.09158 -9.08426 -9.07301 -9.06219 -9.05994 -9.074 -9.08639 -9.09597 -9.10523 -9.11445 -9.12302 -9.13047 -9.13365 -9.13383 -9.13326 -9.13137 -9.12738 -9.1207 -9.11076 -9.09764 -9.0833 -9.07016 -9.0643 -9.06959 -9.07497 -9.05602 -9.00505 -8.99234 -9.03758 -9.06826 -9.06902 -9.06331 -9.05665 -9.06891 -9.08127 -9.09372 -9.10666 -9.11965 -9.13184 -9.14243 -9.15093 -9.15714 -9.161 -9.16239 -9.16106 -9.15659 -9.1482 -9.1346 -9.1126 -9.07865 -9.02657 -9.38949 -9.18132 -9.14431 -9.12122 -9.10574 -9.09728 -9.09381 -9.09341 -9.0947 -9.09679 -9.09893 -9.10048 -9.10092 -9.09976 -9.09682 -9.0922 -9.08661 -9.08173 -9.08168 -9.09149 -9.10889 -9.12456 -9.13778 -9.14939 -9.09422 -9.02859 -9.03458 -9.0858 -9.08072 -9.06673 -9.0726 -9.09701 -9.11932 -9.13817 -9.15597 -9.17288 -9.1874 -9.19829 -9.20551 -9.21008 -9.21318 -0.0540078
13.0463 -21.4426 5.33416 15.9006 -20.801 2.61516 18.5053 -19.8596 -0.262519 20.7714 -18.6437 -3.31219 22.6051 -17.1826 -6.5397 23.8988 -15.522 -9.91831 24.5501 -13.7166 -13.4058 24.4613 -11.85 -16.9067 23.561 -10.0154 -20.3086 21.8257 -8.33712 -23.4408 19.2886 -6.93892 -26.1327 16.0776 -5.95019 -28.2004 12.3892 -5.46758 -29.5144 8.46549 -5.54139 -30.0136 4.5697 -6.15989 -29.7129 0.895452 -7.25793 -28.6847 -2.40073 -8.72803 -27.0302 -5.24516 -10.4566 -24.8458 -7.59577 -12.3245 -22.2313 -9.45944 -14.2327 -19.2659 -10.8608 -16.0894 -16.0258 -11.845 -17.8199 -12.5652 -12.4633 -19.3549 -8.93192 -12.7708 -20.6327 -5.16139 -12.8232 -21.5936 -1.28607 -12.6767 -22.1759 2.65906 -12.3912 -22.3106 6.6371 -12.0309 -21.9235 10.5865 -11.6517 -20.963 14.4351 -11.2871 -19.436 18.0871 -10.9533 -17.376 21.4704 -10.7044 -14.7864 24.4683 -10.6598 -11.6442 26.893 -10.9263 -8.02504 28.5522 -11.4569 -4.16952 29.4332 -12.0354 -0.234124 29.7722 -12.3906 3.74218 29.7846 -12.3121 7.69805 29.4676 -11.7202 11.5354 28.6435 -10.6979 15.0439 27.1333 -9.46342 18.0414 24.8693 -8.28929 20.4141 21.9165 -7.40604 22.1258 18.4499 -6.92695 23.2137 14.6547 -6.8603 23.7314 10.7122 -7.14323 23.7365 6.73509 -7.68261 23.2761 2.81146 -8.38107 22.3899 -1.01897 -9.14405 21.1148 -4.72541 -9.88395 19.4839 -8.29687 -10.5149 17.5298 -11.7241 -10.9506 15.2846 -14.9984 -11.103 12.7821 -18.1074 -10.8826 10.0683 -21.0225 -10.2021 7.19782 -23.7075 -8.98572 4.25871 -26.0988 -7.17353 1.35471 -28.1283 -4.75108 -1.36273 -29.702 -1.74339 -3.73392 -30.7315 1.73379 -5.56732 -31.1313 5.50965 -6.69981 -30.8626 9.33779 -7.01154 -29.9511 12.9653 -6.47163 -28.4906 16.1816 -5.13319 -26.6079 18.8176 -3.12205 -24.4426 20.7872 -0.588537 -22.1025 22.0481 2.29641 -19.6814 22.6121 5.3869 -17.2351 22.5181 8.5427 -14.8091 21.8265 11.66 -12.4194 20.6077 14.6462 -10.0736 18.9322 17.4346 -7.76007 16.8711 19.9658 -5.4622 14.4908 22.1908 -3.15483 11.8566 24.0637 -0.810875 9.03537 25.5387 1.59546 6.09514 26.57 4.08873 3.11711 27.108 6.68263 0.188987 27.1013 9.38671 -2.57299 26.5006 12.1853 -5.04543 25.273 15.0491 -7.0949 23.4324 17.9118 -8.63394 21.0525 20.6959 -9.66871 18.2432 23.3367 -10.3114 15.1361 25.7596 -10.7573 11.7957 27.8964 -11.1855 8.22084 29.6167 -11.6769 4.43158 30.6798 -12.1876 0.501311 30.8271 -12.5291 -3.34225 29.9639 -12.413 -6.93881 28.3249 -11.5705 -10.2619 26.325 -9.94556 -13.2502 24.2799 -7.71721 -15.8153 22.2054 -5.1331 -17.8874 19.9968 -2.33092 -19.4737 17.6416 0.63648 -20.6178 15.2331 3.73377 -21.3666 12.8251 6.88772 -21.7435 10.4038 10.0176 -21.7634 7.92037 -5.23531 -5.24239 -5.25112 -5.26211 -5.27492 -5.28782 -5.29761 -5.30062 -5.29336 -5.27456 -5.24753 -5.22204 -5.21138 -5.2244 -5.24007 -5.25354 -5.26541 -5.27561 -5.28429 -5.29147 -5.29175 -5.28805 -5.28516 -5.28213 -5.27776 -5.27141 -5.26171 -5.24893 -5.23881 -5.23077 -5.22376 -5.22394 -5.24686 -5.29015 -5.29271 -5.25832 -5.25487 -5.26857 -5.2719 -5.26474 -5.2464 -5.23759 -5.23614 -5.23989 -5.2474 -5.25725 -5.26797 -5.27838 -5.28771 -5.29531 -5.30055 -5.30269 -5.30081 -5.29383 -5.28034 -5.25815 -5.22158 -5.16491 -5.08881 -5.87958 -5.39049 -5.31127 -5.27243 -5.25003 -5.23946 -5.23688 -5.2389 -5.24301 -5.24754 -5.25138 -5.25372 -5.25399 -5.25171 -5.24681 -5.2399 -5.23311 -5.23072 -5.23946 -5.26639 -5.31177 -5.36261 -5.39904 -5.39565 -5.31968 -5.24883 -5.25326 -5.28776 -5.25453 -5.20964 -5.18121 -5.19176 -5.23064 -5.2678 -5.29033 -5.30354 -5.31349 -5.32141 -5.32781 -5.33357 -5.33936 -0.0267915
10.9701 -20.704 4.3679 14.0273 -20.1081 1.86773 16.8825 -19.2219 -0.780751 19.4437 -18.0643 -3.61175 21.6111 -16.6574 -6.65098 23.2638 -15.0389 -9.8907 24.2788 -13.2575 -13.3029 24.5291 -11.3949 -16.7981 23.9115 -9.54922 -20.2565 22.3733 -7.85861 -23.4837 19.9385 -6.46722 -26.2718 16.7513 -5.52386 -28.3968 13.0493 -5.13409 -29.7033 9.12165 -5.34298 -30.1276 5.26661 -6.12321 -29.7034 1.69291 -7.39328 -28.5292 -1.44522 -9.03111 -26.7311 -4.08587 -10.9133 -24.4215 -6.20424 -12.9137 -21.7083 -7.82429 -14.9302 -18.6723 -8.98695 -16.8702 -15.3869 -9.75088 -18.6602 -11.901 -10.1786 -20.2321 -8.25601 -10.3353 -21.5237 -4.48088 -10.2856 -22.4729 -0.60262 -10.0938 -23.0164 3.34611 -9.82429 -23.0903 7.32688 -9.54383 -22.6287 11.2748 -9.32283 -21.5661 15.1088 -9.23601 -19.8554 18.696 -9.3506 -17.4913 21.8897 -9.70657 -14.5561 24.538 -10.2961 -11.1986 26.5715 -11.0587 -7.56437 28.0323 -11.8714 -3.78538 29.0234 -12.5665 0.0949518 29.6538 -12.9472 4.0581 29.9474 -12.8368 8.02384 29.8183 -12.1485 11.8685 29.1116 -10.9427 15.3566 27.6919 -9.42025 18.2856 25.5153 -7.8602 20.5386 22.6487 -6.53638 22.1048 19.2542 -5.62733 23.0599 15.5022 -5.20518 23.4873 11.5709 -5.24073 23.4546 7.58397 -5.64568 23.0056 3.64289 -6.31001 22.1714 -0.205266 -7.12367 20.9804 -3.92888 -7.98605 19.4579 -7.52065 -8.80113 17.6277 -10.9774 -9.47404 15.5118 -14.2972 -9.90844 13.1319 -17.4753 -10.004 10.5207 -20.4892 -9.65743 7.71684 -23.3051 -8.76971 4.79124 -25.8526 -7.26353 1.83696 -28.0525 -5.11478 -0.995096 -29.8108 -2.33166 -3.5378 -31.0427 1.0029 -5.57592 -31.6246 4.71805 -6.90941 -31.4478 8.52435 -7.39018 -30.5186 12.1378 -6.9796 -28.9831 15.3417 -5.7272 -27.0217 17.9551 -3.75464 -24.7946 19.8751 -1.21844 -22.4163 21.0571 1.69487 -19.9894 21.5261 4.82472 -17.5732 21.3355 8.02244 -15.2086 20.5545 11.1814 -12.9026 19.2594 14.2092 -10.653 17.5239 17.0409 -8.43837 15.4208 19.6185 -6.23188 13.0174 21.8939 -3.99881 10.379 23.8201 -1.70325 7.57349 25.3485 0.688001 4.67142 26.4289 3.20515 1.7597 27.0038 5.86557 -1.06256 27.012 8.67998 -3.66172 26.3962 11.6273 -5.89945 25.1293 14.662 -7.65383 23.2519 17.692 -8.89032 20.8709 20.6221 -9.68763 18.1059 23.3891 -10.2062 15.0669 25.9255 -10.638 11.788 28.1584 -11.1281 8.25699 29.9514 -11.7135 4.50401 31.0931 -12.3126 0.594454 31.3878 -12.7426 -3.2806 30.7287 -12.7989 -6.9189 29.181 -12.32 -10.1708 26.9563 -11.2324 -12.9583 24.3486 -9.54319 -15.2968 21.6049 -7.33159 -17.2079 18.9019 -4.70242 -18.7181 16.3092 -1.77763 -19.8375 13.8376 1.33922 -20.5794 11.4527 4.55336 -20.9582 9.11208 7.78787 -20.9934 6.76662 0.0546572 0.0406125 0.0225419 -0.000254382 -0.026801 -0.0536026 -0.0743717 -0.0814415 -0.0678661 -0.0318752 0.0185541 0.0647688 0.0860983 0.0731754 0.0522555 0.0335013 0.0187365 0.00819992 0.00052666 -0.00533238 -0.00151592 0.00725022 0.0128627 0.0164939 0.0202389 0.0253784 0.0334686 0.0441935 0.0502278 0.0491645 0.0365901 0.00811946 -0.0327612 -0.0642082 -0.050194 -0.0327165 -0.0574246 -0.079516 -0.0716269 -0.0430545 0.00028209 0.0323551 0.0518646 0.060233 0.0596484 0.0521528 0.0390563 0.0206922 -0.0032685 -0.0331056 -0.0682464 -0.106385 -0.142295 -0.166681 -0.165993 -0.126186 -0.0357502 0.104694 0.250587 -1.08913 -0.0316894 0.169041 0.25913 0.287617 0.273386 0.234556 0.186379 0.140072 0.102077 0.0745658 0.0571483 0.0485397 0.04744 0.0524407 0.0615055 0.0706035 0.0724097 0.0548041 0.00322596 -0.0832475 -0.175966 -0.235571 -0.228619 -0.126056 -0.0179092 0.00698107 -0.0191829 0.00982317 0.0520135 0.0847037 0.0935907 0.0862835 0.0741425 0.0609154 0.0482552 0.0366235 0.0258566 0.0157921 0.0061417 -0.00381279 0.0138565
13.1808 -19.945 1.43392 15.8936 -18.8617 -1.28999 18.3712 -17.499 -4.11072 20.5235 -15.8805 -7.05387 22.2543 -14.034 -10.1375 23.4502 -12.0066 -13.3479 23.9977 -9.8576 -16.6538 23.7842 -7.68411 -19.9672 22.7213 -5.60118 -23.1735 20.7776 -3.76834 -26.0893 18.0005 -2.34951 -28.5207 14.5643 -1.50635 -30.2659 10.7337 -1.34137 -31.1952 6.81518 -1.8787 -31.273 3.10623 -3.05537 -30.5594 -0.201229 -4.7553 -29.1687 -2.98145 -6.82707 -27.2344 -5.20119 -9.13191 -24.8657 -6.86293 -11.5351 -22.1613 -8.00988 -13.934 -19.1884 -8.69786 -16.2372 -16.0054 -8.99435 -18.3755 -12.647 -8.96857 -20.2852 -9.14106 -8.69035 -21.9095 -5.50391 -8.22905 -23.1909 -1.75031 -7.65486 -24.0695 2.09976 -7.03968 -24.4825 6.02094 -6.46199 -24.3616 9.96169 -6.00615 -23.6378 13.8535 -5.76271 -22.2598 17.5742 -5.80944 -20.219 20.9852 -6.18703 -17.5903 23.9354 -6.87591 -14.5112 26.3437 -7.79815 -11.1173 28.2289 -8.81448 -7.53285 29.658 -9.75434 -3.79781 30.7086 -10.4318 0.0785638 31.3814 -10.6837 4.03521 31.5751 -10.4325 7.97145 31.1302 -9.72595 11.6656 29.9096 -8.73861 14.9098 27.876 -7.71561 17.5599 25.1087 -6.8982 19.5624 21.7846 -6.44643 20.9555 18.0871 -6.42322 21.7948 14.1998 -6.80171 22.138 10.2455 -7.49841 22.0279 6.32117 -8.4094 21.5013 2.46911 -9.4278 20.5931 -1.28375 -10.455 19.3364 -4.93451 -11.3963 17.7631 -8.48436 -12.1579 15.9041 -11.9362 -12.6446 13.7902 -15.2899 -12.7577 11.4625 -18.5272 -12.3985 8.96955 -21.6204 -11.4761 6.38981 -24.5067 -9.91707 3.81645 -27.1112 -7.6935 1.38528 -29.319 -4.81711 -0.756898 -31.012 -1.38908 -2.42279 -32.0538 2.41842 -3.43661 -32.3487 6.33011 -3.66293 -31.8692 10.0469 -3.06282 -30.6822 13.3145 -1.68848 -28.9174 15.9343 0.328933 -26.7384 17.8116 2.82707 -24.287 18.9179 5.62055 -21.6895 19.2913 8.55399 -19.0232 18.9995 11.4871 -16.3464 18.1261 14.3223 -13.6808 16.7592 16.9776 -11.0376 14.981 19.3965 -8.40665 12.8709 21.5284 -5.77267 10.5016 23.3308 -3.11214 7.94383 24.7617 -0.400735 5.27058 25.7772 2.3827 2.55758 26.3315 5.25631 -0.103375 26.3735 8.22347 -2.60903 25.8516 11.2789 -4.82876 24.7277 14.3823 -6.63795 22.9983 17.4738 -7.94089 20.7241 20.4595 -8.72709 18.0138 23.256 -9.08257 14.9718 25.8166 -9.16182 11.6913 28.0904 -9.14257 8.19843 30.0199 -9.16434 4.48749 31.4868 -9.28207 0.607408 32.3005 -9.4459 -3.35532 32.2768 -9.51482 -7.18983 31.3138 -9.31109 -10.6831 29.4723 -8.67952 -13.6852 26.954 -7.53662 -16.1296 24.0433 -5.87246 -18.0488 20.9779 -3.74959 -19.4885 17.9331 -1.25957 -20.4968 14.9838 1.48544 -21.1026 12.1528 4.38742 -21.3297 9.41788 7.35444 -21.1986 6.74724 10.31 -20.7304 4.09957 0.065324 0.0438913 0.016861 -0.0157297 -0.0518604 -0.0868904 -0.113625 -0.123852 -0.110121 -0.0697138 -0.00957916 0.0508545 0.0868857 0.0841626 0.0673174 0.0486844 0.0331621 0.0228003 0.0147198 0.0019899 0.000129224 0.00670776 0.00958011 0.00943411 0.00853338 0.00760445 0.0090935 0.0176028 0.0290066 0.0384831 0.0430214 0.0398361 0.0302314 0.0258779 0.0464746 0.0426262 -0.0182761 -0.072659 -0.0857296 -0.0689484 -0.0323697 -0.00429348 0.0136382 0.0232141 0.0267476 0.0261332 0.0226786 0.0171773 0.0100433 0.00148329 -0.00849274 -0.0200884 -0.0336689 -0.0496181 -0.0676724 -0.0854228 -0.103686 -0.163187 -0.517968 0.328183 0.19921 0.109145 0.0702345 0.0502164 0.0370616 0.026807 0.0188022 0.0136164 0.011917 0.014361 0.021712 0.0349241 0.0548732 0.0814909 0.112487 0.140997 0.152795 0.12548 0.0411506 -0.0842955 -0.199884 -0.262673 -0.251075 -0.15117 -0.0623246 -0.0654709 -0.106471 -0.0720805 -0.0173053 0.0308587 0.060273 0.0704572 0.0702837 0.0652258 0.0580147 0.0497308 0.0404878 0.0301693 0.0184778 0.00474446 0.00639005
16.5414 -17.904 -3.71256 18.3904 -16.109 -6.76407 19.9889 -14.081 -9.81119 21.2643 -11.8472 -12.8605 22.1394 -9.43701 -15.9167 22.5245 -6.90135 -18.9613 22.321 -4.30258 -21.97 21.4251 -1.74888 -24.8726 19.7521 0.631628 -27.5714 17.2939 2.67171 -29.9028 14.1251 4.21059 -31.6998 10.4313 5.05247 -32.8007 6.49793 4.96809 -33.0946 2.77248 3.75745 -32.5418 -0.395047 1.73288 -31.3094 -2.94943 -0.76121 -29.5719 -4.90051 -3.49949 -27.4602 -6.27419 -6.36432 -25.0608 -7.10044 -9.25687 -22.4528 -7.44224 -12.1036 -19.6801 -7.37493 -14.833 -16.7722 -6.97308 -17.3933 -13.7353 -6.30493 -19.7364 -10.5724 -5.4345 -21.819 -7.27853 -4.42623 -23.5948 -3.84712 -3.34967 -25.0098 -0.274492 -2.28244 -26.0019 3.44055 -1.31749 -26.4972 7.27482 -0.555079 -26.4226 11.1852 -0.0930428 -25.7245 15.0713 0.00426516 -24.391 18.8148 -0.281234 -22.4659 22.2743 -0.924171 -20.0301 25.3418 -1.8793 -17.1701 27.9555 -3.06257 -14.0047 30.0776 -4.30681 -10.6113 31.7729 -5.40394 -6.9869 33.0369 -6.27024 -3.16883 33.6908 -6.86584 0.754691 33.6115 -7.17866 4.59544 32.7246 -7.26169 8.16673 31.0294 -7.26624 11.3114 28.613 -7.43921 13.9493 25.6568 -8.02709 16.1055 22.3672 -8.89507 17.7271 18.8411 -9.9289 18.8176 15.1479 -11.0675 19.4046 11.3721 -12.2823 19.5327 7.57037 -13.5238 19.2466 3.78588 -14.7163 18.5888 0.0298091 -15.7675 17.6018 -3.69622 -16.5841 16.3304 -7.39326 -17.0752 14.8231 -11.0592 -17.1517 13.1377 -14.6737 -16.7302 11.3374 -18.2082 -15.7417 9.50486 -21.5996 -14.1385 7.73015 -24.7802 -11.9167 6.12867 -27.6487 -9.0963 4.80907 -30.105 -5.75669 3.87419 -31.9985 -2.01504 3.39456 -33.1743 1.91761 3.4689 -33.5087 5.7444 4.27621 -32.9724 9.04419 6.00718 -31.6324 11.5467 8.27678 -29.5665 13.2084 10.7579 -26.9478 14.0631 13.2568 -23.9813 14.1833 15.6753 -20.8205 13.6706 17.9292 -17.5785 12.6462 19.9598 -14.3021 11.2278 21.7173 -11.0149 9.51142 23.1703 -7.71665 7.57948 24.2907 -4.40783 5.50401 25.0533 -1.0833 3.35508 25.4299 2.26064 1.2057 25.389 5.62284 -0.868418 24.8976 8.99666 -2.78643 23.931 12.3544 -4.48176 22.4835 15.6586 -5.89995 20.5791 18.85 -6.99603 18.2468 21.8802 -7.69163 15.5176 24.6825 -7.87197 12.4203 27.1644 -7.58038 9.03673 29.2632 -7.02875 5.46661 30.963 -6.36827 1.73999 32.2283 -5.67315 -2.11777 32.9761 -4.97157 -6.02 33.09 -4.25487 -9.86785 32.4476 -3.49925 -13.4428 30.9357 -2.5915 -16.5167 28.6197 -1.41854 -18.9615 25.7211 0.0356771 -20.7411 22.4849 1.73889 -21.8976 19.0772 3.64443 -22.499 15.6336 5.71213 -22.6235 12.224 7.88849 -22.3362 8.8926 10.1202 -21.6875 5.64417 12.3456 -20.715 2.47311 14.506 -19.4463 -0.639502 0.0806524 0.0592916 0.0307476 -0.00549436 -0.0482431 -0.0928107 -0.130216 -0.151681 -0.15528 -0.14349 -0.10654 -0.0197593 0.116938 0.155446 0.122506 0.0749918 0.0420775 0.0284113 0.0235436 0.0104144 0.00995773 0.0200442 0.0226875 0.0183732 0.00988465 -0.00244216 -0.0134395 -0.0101451 0.00788499 0.0314535 0.0598616 0.0942442 0.135935 0.185119 0.240776 0.218491 0.0701371 -0.0696572 -0.127796 -0.120726 -0.0799808 -0.0530208 -0.0484308 -0.0397914 -0.0289897 -0.0185144 -0.00790213 0.00508648 0.0233464 0.0508106 0.0928606 0.156525 0.250369 0.384115 0.56736 0.80924 1.09813 1.34086 1.16215 1.49273 -1.49079 -1.65165 -1.31398 -1.02283 -0.774166 -0.562515 -0.390675 -0.258905 -0.160973 -0.0866372 -0.025692 0.0301026 0.0862699 0.144684 0.201906 0.245909 0.252807 0.192184 0.0561427 -0.107375 -0.225285 -0.270471 -0.242355 -0.129715 -0.0525098 -0.102637 -0.200181 -0.195512 -0.141978 -0.0829916 -0.0247283 0.0192839 0.0472107 0.0626643 0.0688866 0.0689645 0.0649969 0.0580972 0.0486795 0.0366412 0.0245743
17.6368 -16.2734 -6.49305 19.0662 -14.1161 -9.53544 20.2327 -11.7496 -12.5341 21.0673 -9.20538 -15.4914 21.4966 -6.51787 -18.4082 21.4374 -3.74504 -21.264 20.7968 -0.957694 -24.0331 19.4836 1.72387 -26.6473 17.4304 4.16082 -29.0127 14.6569 6.18165 -30.9784 11.2612 7.62936 -32.397 7.44562 8.30734 -33.1365 3.51487 7.97014 -33.1241 -0.041281 6.4074 -32.3745 -2.89871 4.00466 -31.0657 -5.06771 1.15947 -29.3439 -6.60427 -1.88713 -27.3137 -7.55042 -5.02118 -25.0479 -7.94294 -8.14985 -22.6172 -7.84879 -11.2069 -20.0569 -7.34939 -14.1268 -17.3859 -6.52313 -16.8647 -14.6001 -5.44125 -19.3782 -11.6928 -4.16944 -21.6303 -8.65057 -2.77382 -23.5807 -5.45795 -1.32651 -25.1816 -2.10125 0.0914096 -26.3772 1.43214 1.38084 -27.0997 5.13259 2.43429 -27.2821 8.97117 3.14488 -26.8718 12.8608 3.44241 -25.8484 16.6904 3.30503 -24.2346 20.3143 2.7543 -22.0903 23.6089 1.82506 -19.5004 26.4989 0.565499 -16.6045 28.9382 -0.822795 -13.4686 30.9817 -2.10123 -10.0684 32.6373 -3.20717 -6.40177 33.6807 -4.11148 -2.54716 33.9619 -4.79275 1.30662 33.3963 -5.28677 4.96699 31.9848 -5.73252 8.26251 29.8242 -6.37157 11.0919 27.1198 -7.42234 13.4533 24.0972 -8.7249 15.2877 20.8178 -10.1494 16.5944 17.3306 -11.629 17.3967 13.7161 -13.1404 17.7387 10.0358 -14.641 17.6665 6.33604 -16.0613 17.2276 2.6276 -17.3136 16.4703 -1.09007 -18.308 15.4464 -4.82023 -18.9577 14.2109 -8.56238 -19.1778 12.8269 -12.297 -18.8898 11.3615 -15.9958 -18.0293 9.89818 -19.5951 -16.5522 8.52672 -23.0263 -14.4531 7.3548 -26.1807 -11.7492 6.47394 -28.9451 -8.51469 5.95009 -31.1533 -4.85848 5.81796 -32.6458 -0.979022 6.16655 -33.2873 2.82038 7.20016 -33.0044 6.06618 9.12147 -31.7986 8.51007 11.4739 -29.7553 10.1459 13.9033 -27.0725 11.0201 16.2307 -23.9751 11.1968 18.3866 -20.6322 10.7673 20.3138 -17.1745 9.8518 21.9719 -13.6645 8.57118 23.3249 -10.1381 7.02474 24.3504 -6.60357 5.29659 25.0278 -3.06932 3.45989 25.3377 0.46227 1.58574 25.2582 3.98691 -0.252186 24.7641 7.49462 -1.97858 23.8301 10.9693 -3.51664 22.4421 14.3745 -4.80716 20.6056 17.6684 -5.80756 18.3567 20.7932 -6.48302 15.731 23.704 -6.76311 12.7637 26.3312 -6.53677 9.4875 28.5676 -5.83225 5.9823 30.3441 -4.87729 2.34378 31.6816 -3.83236 -1.40404 32.5689 -2.77882 -5.23508 32.9407 -1.75835 -9.06025 32.6966 -0.782337 -12.7768 31.7131 0.136872 -16.1502 29.8657 1.10937 -18.9419 27.2394 2.28388 -21.025 24.0714 3.64962 -22.4017 20.608 5.18244 -23.1439 17.0093 6.85332 -23.3283 13.4003 8.6378 -23.0309 9.84442 10.4949 -22.3197 6.38568 12.3791 -21.2499 3.0302 14.2347 -19.8655 -0.22458 16.0065 -18.1979 -3.39403 0.0837277 0.0581159 0.0250801 -0.0151586 -0.0605885 -0.105883 -0.142168 -0.162136 -0.16632 -0.158469 -0.125977 -0.0360979 0.11914 0.172245 0.141199 0.0896559 0.0526209 0.0365513 0.0297486 0.0124167 0.0101053 0.0216323 0.0250004 0.02001 0.0095777 -0.00680096 -0.0244572 -0.0260739 -0.00758564 0.0196783 0.0554004 0.102173 0.165473 0.253129 0.342751 0.334687 0.150151 -0.045683 -0.14119 -0.148967 -0.111963 -0.086247 -0.0807984 -0.0681994 -0.0518843 -0.0361439 -0.0212154 -0.00492778 0.0153767 0.0430503 0.0826581 0.140237 0.223237 0.34027 0.50007 0.711954 0.963705 1.1539 0.911006 1.44832 -0.942713 -1.43159 -1.21127 -0.982722 -0.771468 -0.579641 -0.415263 -0.28326 -0.180787 -0.0995638 -0.0303794 0.0344849 0.100124 0.167774 0.232855 0.281603 0.288306 0.221729 0.0750205 -0.100729 -0.227496 -0.274057 -0.247233 -0.142308 -0.0773366 -0.1406 -0.247351 -0.245255 -0.18643 -0.116011 -0.0457772 0.0123946 0.0509816 0.0728377 0.0819445 0.0826527 0.0779683 0.0694152 0.05757 0.0424731 0.0238839
19.8 -12.1465 -12.0957 19.8932 -9.6107 -15.1803 19.698 -6.90579 -18.1128 19.1921 -4.0701 -20.873 18.348 -1.14313 -23.4491 17.1306 1.81304 -25.8214 15.4868 4.72843 -27.9771 13.3727 7.49684 -29.879 10.7615 10.0251 -31.4728 7.68001 12.2084 -32.6473 4.15447 13.8952 -33.2515 0.295252 14.7053 -33.1237 -3.49325 14.0424 -32.2449 -6.35962 11.6143 -31.0043 -8.16479 8.35572 -29.6718 -9.29291 4.88491 -28.1076 -9.9434 1.45842 -26.2098 -10.1118 -1.85574 -24.0098 -9.74819 -5.02922 -21.6331 -8.85246 -8.05357 -19.1917 -7.4792 -10.9043 -16.7631 -5.70899 -13.5684 -14.3738 -3.63665 -16.0368 -12.0174 -1.35864 -18.3103 -9.65369 1.02838 -20.3885 -7.21896 3.42542 -22.2603 -4.63523 5.72885 -23.8962 -1.81685 7.81581 -25.2338 1.30295 9.55841 -26.1831 4.75835 10.8328 -26.624 8.49781 11.5633 -26.4338 12.4006 11.7178 -25.5297 16.2625 11.2925 -23.9442 19.8763 10.2842 -21.8581 23.125 8.71991 -19.5736 25.9984 6.87529 -17.1273 28.5577 5.08648 -14.3057 30.743 3.44904 -11.0231 32.259 1.96362 -7.40909 32.9566 0.578808 -3.70786 32.8194 -0.818123 -0.120458 31.9173 -2.3789 3.17864 30.3657 -4.2489 6.03075 28.3417 -6.37749 8.39072 25.9509 -8.64695 10.2647 23.2762 -10.9888 11.6984 20.3852 -13.3531 12.743 17.3494 -15.6981 13.4658 14.1991 -17.9519 13.9346 10.9362 -20.0171 14.208 7.52703 -21.7655 14.3168 3.93626 -23.054 14.2564 0.156434 -23.7574 13.9973 -3.76658 -23.8103 13.5203 -7.72645 -23.2337 12.8568 -11.6173 -22.116 12.1163 -15.3642 -20.5571 11.4648 -18.9672 -18.6365 11.0703 -22.4148 -16.362 11.0017 -25.6631 -13.6788 11.1907 -28.5575 -10.4891 11.544 -30.8627 -6.84186 12.1915 -32.2271 -3.14723 13.581 -32.2713 -0.255106 15.9558 -30.9763 1.73252 18.4752 -28.6558 3.0519 20.6664 -25.617 3.81228 22.4059 -22.1282 4.02079 23.7462 -18.3845 3.71934 24.7574 -14.5451 3.02591 25.4859 -10.6855 2.07815 25.942 -6.83829 0.981095 26.1184 -3.00399 -0.194315 25.9973 0.809198 -1.39799 25.5523 4.59009 -2.58215 24.7457 8.31692 -3.68866 23.5314 11.9538 -4.64282 21.8643 15.452 -5.35245 19.7249 18.7394 -5.72924 17.1329 21.7439 -5.71434 14.1674 24.395 -5.29489 10.9259 26.6622 -4.48418 7.51403 28.5296 -3.2873 4.01569 29.984 -1.68859 0.49883 30.9913 0.125722 -3.00831 31.5814 2.0048 -6.52474 31.7527 3.84614 -10.0527 31.4553 5.56329 -13.5256 30.6047 7.11058 -16.8365 29.0629 8.44495 -19.6912 26.6738 9.69155 -21.7424 23.5311 11.0026 -22.8394 19.9487 12.3087 -23.1894 16.2167 13.5896 -22.9945 12.452 14.8276 -22.3743 8.71902 16.0057 -21.3884 5.03691 17.0923 -20.0775 1.42873 18.0533 -18.4724 -2.10046 18.849 -16.6012 -5.53848 19.4425 -14.4852 -8.87562 0.0767876 0.0585092 0.0353489 0.0069949 -0.0262827 -0.0622571 -0.0978747 -0.136184 -0.187338 -0.244086 -0.246313 -0.108147 0.170465 0.277906 0.219079 0.108184 0.0203924 -0.0233456 -0.0373329 -0.0463042 -0.026811 0.0143894 0.0420582 0.0513378 0.0437783 0.0161242 -0.0256497 -0.0447714 -0.0252627 0.0108753 0.0587203 0.122834 0.224938 0.403381 0.589298 0.568912 0.263873 -0.0387865 -0.18375 -0.217088 -0.198545 -0.179967 -0.150472 -0.115092 -0.0837368 -0.0606073 -0.0457801 -0.0376712 -0.0331557 -0.0261102 -0.00657037 0.0380791 0.118626 0.237267 0.383999 0.550028 0.72708 0.852509 0.647183 1.65958 -0.00730458 -1.1448 -1.07333 -0.926792 -0.776573 -0.617405 -0.460254 -0.321251 -0.20717 -0.114391 -0.0352718 0.0375227 0.109619 0.183983 0.258447 0.32083 0.344102 0.291327 0.147154 -0.0422507 -0.193387 -0.260968 -0.252365 -0.167946 -0.127627 -0.212125 -0.328368 -0.325776 -0.26436 -0.193654 -0.111741 -0.0282495 0.0334076 0.0724737 0.0921639 0.0981018 0.0952598 0.087067 0.0757688 0.0628995 0.0564921
17.9066 -11.7768 -13.4325 18.0824 -9.40424 -16.6409 17.9378 -6.84408 -19.7034 17.4451 -4.12887 -22.5845 16.579 -1.29447 -25.2551 15.3151 1.60043 -27.6779 13.6139 4.48823 -29.8262 11.4355 7.25698 -31.6534 8.7378 9.7803 -33.1044 5.53323 11.8807 -34.084 1.87556 13.3313 -34.4794 -2.03309 13.7731 -34.1755 -5.71913 12.8133 -33.148 -8.41857 10.3735 -31.5956 -9.97429 7.20721 -29.8052 -10.7141 3.84632 -27.8249 -10.8964 0.533058 -25.6447 -10.6096 -2.66982 -23.2972 -9.86333 -5.74007 -20.8749 -8.66834 -8.6775 -18.4558 -7.06739 -11.4612 -16.0899 -5.12986 -14.0723 -13.7732 -2.9523 -16.4908 -11.4605 -0.643819 -18.7076 -9.0728 1.68201 -20.7133 -6.52105 3.91325 -22.4854 -3.7272 5.94324 -23.9813 -0.63444 7.65979 -25.1357 2.77113 8.96152 -25.8741 6.46394 9.7762 -26.1004 10.348 10.0966 -25.6793 14.2876 9.94965 -24.47 18.0652 9.34376 -22.5018 21.4581 8.2447 -20.1138 24.4599 6.66637 -17.9039 27.3833 5.32645 -15.7408 30.4591 4.22868 -13.0381 33.1841 3.39957 -9.60995 35.0043 2.8772 -5.72643 35.6355 2.56109 -1.81764 35.1296 2.17871 1.84904 33.7002 1.43965 5.10511 31.5604 0.210247 7.80384 28.9275 -1.45639 9.88601 25.9775 -3.40882 11.3643 22.8441 -5.52871 12.3082 19.6019 -7.74948 12.799 16.3272 -10.051 12.9406 13.0672 -12.3989 12.8581 9.8384 -14.7175 12.6755 6.59002 -16.8605 12.461 3.22506 -18.6204 12.1752 -0.348582 -19.782 11.6789 -4.13734 -20.2183 10.8303 -8.01018 -19.9762 9.6123 -11.8006 -19.2471 8.19864 -15.4483 -18.2311 6.90849 -19.073 -17.0215 6.13451 -22.7698 -15.5311 6.18022 -26.4446 -13.5373 7.10618 -29.7277 -10.8591 8.72209 -32.1415 -7.67514 10.7743 -33.2516 -4.55545 13.1661 -32.8918 -2.03606 15.7245 -31.2222 -0.194499 18.0305 -28.5817 1.03621 19.9637 -25.3378 1.70682 21.5816 -21.773 1.86403 22.9705 -18.0447 1.59244 24.1495 -14.2513 1.01307 25.0985 -10.421 0.243265 25.7851 -6.56844 -0.631037 26.1879 -2.69426 -1.55111 26.2872 1.18899 -2.47556 26.0544 5.06618 -3.36574 25.4422 8.90994 -4.1739 24.3894 12.6735 -4.83633 22.8371 16.2898 -5.27279 20.7611 19.6642 -5.40311 18.1876 22.7052 -5.16899 15.2088 25.3311 -4.55393 11.9385 27.5105 -3.58914 8.49504 29.2417 -2.34055 4.95602 30.5467 -0.886699 1.34747 31.4433 0.676934 -2.29466 31.9234 2.26876 -5.95389 31.9744 3.82026 -9.60853 31.5707 5.2547 -13.1872 30.638 6.49578 -16.5711 28.9816 7.41243 -19.38 26.3532 8.24136 -21.1148 22.8973 9.18862 -21.8762 19.1184 10.2254 -22.0303 15.2897 11.3352 -21.7746 11.4745 12.4903 -21.176 7.71137 13.6582 -20.2603 4.00787 14.7909 -19.0571 0.376286 15.8366 -17.5918 -3.18953 16.7388 -15.8833 -6.68559 17.4449 -13.9416 -10.1058 0.0799021 0.064084 0.0424252 0.0139848 -0.0219166 -0.0641409 -0.108544 -0.150278 -0.185042 -0.199672 -0.158095 -0.0247661 0.16717 0.219167 0.158001 0.0642581 -0.00732875 -0.0395172 -0.0439879 -0.0440996 -0.0182047 0.0255693 0.0516123 0.0568225 0.0445652 0.0137093 -0.0279094 -0.0494569 -0.0417159 -0.0253882 -0.0117052 0.000615848 0.0629764 0.300025 0.579523 0.598367 0.293507 -0.00650597 -0.127701 -0.153938 -0.148441 -0.138865 -0.117658 -0.0873197 -0.0565247 -0.0312392 -0.014208 -0.00760719 -0.012057 -0.0215084 -0.0192436 0.0196211 0.116182 0.268791 0.442139 0.595115 0.717104 0.754855 0.393737 1.19228 -0.0638442 -0.787575 -0.915173 -0.856522 -0.722429 -0.562971 -0.411066 -0.282958 -0.179782 -0.0952582 -0.0224579 0.0443202 0.109765 0.176944 0.244561 0.301466 0.321316 0.267304 0.123084 -0.0674803 -0.221395 -0.287398 -0.261214 -0.160621 -0.114395 -0.202336 -0.324483 -0.324636 -0.258764 -0.199043 -0.108935 -0.0182722 0.0459705 0.0836384 0.100741 0.104856 0.10149 0.0939473 0.084271 0.0738109 0.0672266
15.6503 -10.7535 -15.5015 15.824 -8.5906 -18.8549 15.6219 -6.238 -22.0763 14.9983 -3.72269 -25.1094 13.9249 -1.07598 -27.8947 12.3993 1.65278 -30.3593 10.4301 4.41384 -32.4441 8.03278 7.11857 -34.0832 5.18498 9.63884 -35.2179 1.86957 11.7244 -35.7636 -1.86824 13.0083 -35.6296 -5.71667 13.0708 -34.7643 -9.09695 11.724 -33.2405 -11.4275 9.21907 -31.255 -12.4836 6.12931 -29.0218 -12.4634 2.94342 -26.6528 -11.7282 -0.108716 -24.2224 -10.5702 -3.05406 -21.8071 -9.13321 -5.97447 -19.5145 -7.43971 -8.89823 -17.3953 -5.48738 -11.7502 -15.4046 -3.31066 -14.4306 -13.4009 -1.01744 -16.8646 -11.2203 1.23498 -19.0246 -8.72957 3.28345 -20.8967 -5.85873 5.0058 -22.4502 -2.61174 6.34527 -23.6478 0.951147 7.29096 -24.4628 4.73496 7.8568 -24.8573 8.65919 8.06447 -24.6914 12.6252 7.93793 -23.7218 16.4777 7.48121 -21.8658 19.9561 6.66842 -19.5017 23.0388 5.48349 -17.3982 26.2154 4.72108 -15.7835 29.7835 4.26533 -13.9112 33.2794 3.98142 -11.112 36.1108 4.04809 -7.45253 37.6457 4.66794 -3.53281 37.7066 5.6631 0.119503 36.5645 6.50242 3.42097 34.5572 6.6573 6.37697 31.9182 5.95759 8.81993 28.8738 4.62075 10.5971 25.577 2.96766 11.665 22.1214 1.18038 12.0725 18.5809 -0.705333 11.9208 15.0714 -2.74622 11.3846 11.6816 -5.00395 10.7095 8.45824 -7.47596 10.1269 5.37449 -10.0221 9.70373 2.32521 -12.3675 9.24913 -0.874889 -14.1649 8.43026 -4.34586 -15.1533 7.0654 -7.96082 -15.3829 5.28701 -11.5236 -15.1701 3.4341 -15.0387 -14.834 1.88682 -18.6894 -14.5183 1.04668 -22.5524 -14.1404 1.28652 -26.4928 -13.4356 2.84367 -30.0549 -12.1253 5.59476 -32.5698 -10.1994 8.92443 -33.4557 -7.98016 12.0938 -32.6732 -5.86935 14.7548 -30.6375 -4.15181 16.9499 -27.8246 -2.94318 18.8509 -24.5535 -2.24568 20.5596 -21.0365 -1.98008 22.1107 -17.379 -2.04302 23.4806 -13.641 -2.33349 24.6318 -9.83343 -2.7627 25.5255 -5.97036 -3.25749 26.1376 -2.05676 -3.75967 26.4462 1.89146 -4.22562 26.4184 5.85675 -4.61933 25.9971 9.80758 -4.90367 25.1055 13.687 -5.0341 23.6701 17.4084 -4.95983 21.6611 20.8502 -4.6361 19.1144 23.8992 -4.0418 16.1375 26.4698 -3.18652 12.8528 28.544 -2.11325 9.37535 30.1382 -0.885962 5.77406 31.2833 0.423324 2.06966 31.9923 1.72714 -1.69558 32.245 2.95394 -5.48634 32.0175 4.05061 -9.25252 31.2826 4.96356 -12.8873 29.9826 5.6337 -16.2286 27.9525 5.96345 -18.8352 24.9967 6.36794 -20.2085 21.3102 7.06148 -20.6331 17.4249 7.95364 -20.5325 13.5581 8.97894 -20.1112 9.73384 10.0891 -19.4307 5.97113 11.2434 -18.509 2.26477 12.3875 -17.3669 -1.38293 13.4634 -16.0181 -4.98556 14.4076 -14.4685 -8.54395 15.1576 -12.7143 -12.0549 0.075002 0.0666687 0.0535574 0.034473 0.00714169 -0.0314661 -0.0824237 -0.138636 -0.178037 -0.168767 -0.0902423 0.038082 0.145307 0.157572 0.0914915 0.00217809 -0.0574176 -0.0638453 -0.0357126 -0.0162054 0.010566 0.0458051 0.0601413 0.054172 0.0334976 2.22204e-05 -0.0367696 -0.0576573 -0.0639241 -0.0786752 -0.112667 -0.121505 0.0340058 0.304166 0.520501 0.470271 0.159492 -0.0470466 -0.0698794 -0.051393 -0.0526303 -0.0696398 -0.0688744 -0.0483382 -0.019893 0.00898475 0.0314749 0.0370682 0.020258 -0.00740679 -0.0171795 0.021631 0.11805 0.245187 0.35596 0.436791 0.518266 0.545655 0.176913 1.03406 0.0899113 -0.490113 -0.730836 -0.726534 -0.612522 -0.471874 -0.341808 -0.233075 -0.144066 -0.0691676 -0.00317884 0.0579133 0.117376 0.177307 0.236063 0.282755 0.291958 0.228554 0.0782545 -0.113609 -0.263614 -0.320756 -0.281427 -0.165098 -0.104224 -0.183507 -0.305935 -0.312948 -0.247717 -0.191869 -0.100561 -0.0106735 0.0524656 0.0887418 0.104592 0.108044 0.104971 0.0989848 0.0923766 0.0866598 0.0914786
13.3963 -9.56298 -17.4822 13.56 -7.60955 -20.9622 13.2881 -5.48007 -24.3304 12.5056 -3.20112 -27.5099 11.173 -0.80197 -30.4052 9.30976 1.68041 -32.8978 6.97563 4.21925 -34.8861 4.2512 6.74877 -36.2746 1.16392 9.13651 -36.9931 -2.27678 11.086 -36.9771 -6.00336 12.1534 -36.196 -9.64726 11.8848 -34.7086 -12.5756 10.1873 -32.6826 -14.2301 7.49982 -30.2976 -14.4543 4.54108 -27.6816 -13.5033 1.81279 -24.9588 -11.8125 -0.639319 -22.3339 -9.75174 -3.12453 -20.0047 -7.56812 -5.86258 -18.1118 -5.36115 -8.80912 -16.5778 -3.12499 -11.7623 -15.0996 -0.864026 -14.5332 -13.3258 1.30245 -16.9918 -11.0457 3.19182 -19.0752 -8.21182 4.64594 -20.743 -4.88834 5.5867 -21.9677 -1.20908 6.03687 -22.7707 2.67347 6.10872 -23.1827 6.63582 5.96144 -23.1069 10.6167 5.71756 -22.2912 14.4992 5.37067 -20.6291 18.093 4.78103 -18.4835 21.3795 3.82387 -16.5833 24.7299 3.04813 -15.1737 28.3811 2.83933 -13.7156 32.0893 3.23635 -11.6492 35.4814 4.08071 -8.66389 37.9932 5.30477 -5.04398 39.0658 6.92009 -1.44693 38.6135 8.72198 1.69022 37.0179 10.2567 4.47488 34.6676 11.0458 7.05458 31.7609 10.9184 9.24566 28.458 10.0899 10.7643 24.8773 8.87952 11.4547 21.1527 7.47678 11.3526 17.4222 5.93181 10.6342 13.8177 4.18412 9.57872 10.3863 2.1214 8.51169 7.13834 -0.314834 7.66035 4.08887 -3.01449 6.98282 1.22318 -5.70781 6.15466 -1.6067 -8.02366 4.83683 -4.58138 -9.64723 3.00922 -7.73283 -10.5798 0.978236 -11.0365 -11.1071 -0.865954 -14.523 -11.5406 -2.22009 -18.2395 -12.0386 -2.82624 -22.127 -12.579 -2.39332 -26.0319 -12.9593 -0.611602 -29.5378 -12.8734 2.51522 -31.9513 -12.1401 6.33008 -32.6508 -10.8965 9.94574 -31.6697 -9.46433 12.9561 -29.5325 -8.13962 15.4293 -26.7379 -7.08938 17.5627 -23.5566 -6.36795 19.4645 -20.1452 -5.94203 21.1796 -16.5772 -5.74754 22.7012 -12.9028 -5.71426 24.0084 -9.13495 -5.77514 25.0697 -5.29099 -5.86656 25.8587 -1.37886 -5.93099 26.3464 2.58268 -5.92024 26.4931 6.57262 -5.79579 26.2374 10.5551 -5.52721 25.4996 14.4678 -5.09079 24.2028 18.2166 -4.47333 22.313 21.6712 -3.67541 19.861 24.7106 -2.71889 16.9485 27.2455 -1.63914 13.6918 29.2581 -0.487374 10.2007 30.765 0.678424 6.54401 31.7926 1.79476 2.75038 32.3412 2.77672 -1.11934 32.3713 3.54153 -4.99973 31.839 4.02429 -8.79879 30.7166 4.21308 -12.3666 28.9936 4.19358 -15.5267 26.5962 4.15134 -17.8994 23.4328 4.4068 -19.0467 19.6569 5.00135 -19.254 15.7377 5.80676 -18.9466 11.8629 6.76096 -18.3647 8.04143 7.82125 -17.5968 4.28123 8.94528 -16.6626 0.568813 10.0757 -15.5711 -3.09851 11.153 -14.3232 -6.73683 12.1121 -12.9139 -10.3491 12.8854 -11.3306 -13.9354 0.0585496 0.0585454 0.0558837 0.0495618 0.0357477 0.00759609 -0.0401027 -0.0999657 -0.14279 -0.129771 -0.0435962 0.0835823 0.167094 0.13518 0.0295107 -0.0711851 -0.108775 -0.0739238 -0.0110697 0.0147166 0.0277561 0.045043 0.044353 0.0292153 0.00535099 -0.0250988 -0.0533945 -0.0746032 -0.106544 -0.158782 -0.190882 -0.109883 0.0478104 0.197563 0.320936 0.2995 0.116487 -0.00920789 -0.00604262 0.0234878 0.0222554 -0.00507559 -0.016271 -0.00263959 0.0259954 0.058636 0.0809387 0.0788301 0.0535453 0.0265739 0.0251094 0.0610975 0.119743 0.169321 0.19485 0.226619 0.306424 0.359899 0.0330442 0.971696 0.175133 -0.288617 -0.514326 -0.547126 -0.479828 -0.379673 -0.279401 -0.190432 -0.113905 -0.0468261 0.0142965 0.072233 0.128812 0.184248 0.234919 0.268809 0.261563 0.182009 0.0210398 -0.172793 -0.316215 -0.360396 -0.303956 -0.167771 -0.0855448 -0.145835 -0.260824 -0.281195 -0.243241 -0.192918 -0.100669 -0.0116947 0.0512276 0.0881047 0.104494 0.10818 0.105553 0.100924 0.0971226 0.0960736 0.124292
8.42641 -6.80792 -21.4648 8.5208 -5.28562 -25.1562 8.08441 -3.64356 -28.7709 6.9745 -1.91231 -32.1893 5.11837 -0.118985 -35.2312 2.57381 1.72746 -37.673 -0.497331 3.64367 -39.3292 -3.87893 5.58513 -40.0668 -7.41507 7.36896 -39.8174 -10.9518 8.60728 -38.5536 -14.216 8.83826 -36.3338 -16.6794 7.82681 -33.4233 -17.8547 5.84086 -30.2238 -17.6008 3.48021 -27.0597 -16.134 1.27359 -24.1223 -13.8135 -0.615398 -21.5129 -10.9824 -2.33786 -19.3266 -7.8964 -4.1661 -17.5994 -4.78754 -6.26506 -16.266 -1.82392 -8.65404 -15.0759 0.862596 -11.2308 -13.6443 3.12537 -13.8066 -11.5993 4.76416 -16.1123 -8.78232 5.63198 -17.9056 -5.32216 5.74161 -19.0724 -1.50531 5.2592 -19.5882 2.42199 4.42054 -19.3992 6.31856 3.45124 -18.4619 10.0679 2.4663 -16.9667 13.6274 1.41005 -15.4358 17.1403 0.195316 -14.4514 20.7949 -0.814011 -13.4488 24.5005 -1.27213 -12.0239 28.1766 -0.922789 -10.1263 31.6693 0.336126 -7.92114 34.7474 2.44755 -5.53406 37.1516 5.2072 -3.03315 38.5892 8.27491 -0.529564 38.866 11.3264 1.85886 38.0063 14.0926 4.02754 36.195 16.4239 5.93595 33.634 18.2203 7.52071 30.4734 19.41 8.64567 26.8612 19.9772 9.16175 22.9589 19.9513 8.99228 18.9857 19.3912 8.19997 15.1184 18.351 6.95695 11.4755 16.8615 5.45515 8.08856 14.9582 3.84524 4.96905 12.706 2.20242 2.10707 10.2104 0.540943 -0.533773 7.59498 -1.15067 -3.03367 4.97018 -2.86546 -5.50793 2.41751 -4.54348 -8.07292 -0.0311961 -6.07484 -10.8243 -2.37598 -7.30559 -13.7948 -4.65811 -8.06676 -16.9647 -6.91724 -8.16331 -20.2229 -9.18291 -7.37656 -23.3814 -11.3806 -5.51894 -26.0889 -13.3166 -2.591 -27.9026 -14.7249 1.05463 -28.4568 -15.4677 4.86147 -27.7228 -15.6217 8.41 -25.9722 -15.3836 11.5361 -23.5531 -14.9369 14.2704 -20.7072 -14.3975 16.6669 -17.5862 -13.8163 18.7788 -14.2611 -13.2094 20.6263 -10.7866 -12.5704 22.221 -7.18726 -11.8829 23.5556 -3.49235 -11.1205 24.6149 0.280187 -10.2531 25.3702 4.10287 -9.25016 25.7819 7.94548 -8.08724 25.7979 11.765 -6.75394 25.3572 15.5004 -5.25978 24.3986 19.0745 -3.64404 22.8786 22.386 -1.96993 20.7845 25.3354 -0.326469 18.1535 27.8252 1.19648 15.0512 29.7946 2.50824 11.5749 31.2017 3.53314 7.82505 32.0222 4.21128 3.89615 32.2267 4.49685 -0.0600675 31.7732 4.38696 -3.88334 30.6351 3.92806 -7.41165 28.8281 3.22106 -10.4974 26.4383 2.40333 -13.0752 23.5366 1.6723 -15.019 20.1713 1.2804 -16.0745 16.3804 1.42055 -16.0033 12.4141 1.90939 -15.3685 8.52622 2.61273 -14.534 4.69716 3.4562 -13.6418 0.909601 4.39435 -12.7049 -2.85342 5.37529 -11.7073 -6.58988 6.34134 -10.6331 -10.3139 7.22567 -9.47007 -14.0314 7.9528 -8.20046 -17.7496 0.00139291 0.0192438 0.0392075 0.060629 0.0773396 0.0790321 0.0596015 0.0290751 0.0153777 0.0414463 0.0985402 0.144466 0.130583 0.0444637 -0.0584624 -0.130944 -0.149524 -0.115932 -0.0593357 -0.0209949 0.0154033 0.0369576 0.0217856 -0.0067771 -0.0357185 -0.0651866 -0.0901202 -0.117712 -0.137771 -0.100864 -0.110291 -0.161721 -0.205804 -0.183277 -0.0693566 0.0480343 0.0884617 0.0933161 0.0985537 0.100626 0.102371 0.0946156 0.0928671 0.104274 0.123579 0.139192 0.142175 0.131161 0.110618 0.0859697 0.060203 0.0335197 0.00549315 -0.0213872 -0.0367806 -0.0197536 0.0575215 0.124625 -0.147085 0.929856 0.348188 0.057077 -0.129749 -0.222835 -0.244638 -0.223389 -0.180611 -0.128625 -0.0734616 -0.0174218 0.0389097 0.0953392 0.15072 0.201321 0.238872 0.24808 0.205947 0.0893516 -0.0981982 -0.297285 -0.421 -0.425024 -0.31832 -0.136229 -0.0282166 -0.0930333 -0.238482 -0.292654 -0.254403 -0.171307 -0.0848224 -0.00287476 0.056691 0.0917999 0.106073 0.107242 0.103034 0.0992719 0.099932 0.10795 0.208266
7.89008 -5.02516 -24.7172 7.58419 -3.33084 -28.3211 6.73339 -1.56076 -31.799 5.21247 0.21981 -35.0287 2.97833 1.97079 -37.8317 0.117834 3.70448 -39.99 -3.19338 5.47305 -41.3146 -6.72724 7.2453 -41.66 -10.3016 8.81818 -40.954 -13.7155 9.79209 -39.2119 -16.6703 9.75566 -36.5843 -18.7141 8.57612 -33.4229 -19.5114 6.5644 -30.1245 -19.0169 4.26252 -26.9455 -17.4427 2.11929 -24.0167 -15.0981 0.26925 -21.4009 -12.2827 -1.41554 -19.1655 -9.21862 -3.17183 -17.3281 -6.10397 -5.14991 -15.8331 -3.0815 -7.37474 -14.4834 -0.266376 -9.76271 -12.9734 2.22327 -12.166 -10.9827 4.21689 -14.3773 -8.32317 5.55194 -16.1878 -5.02443 6.17348 -17.4545 -1.28929 6.17749 -18.0997 2.64852 5.75471 -18.0534 6.6161 5.09081 -17.2998 10.4719 4.27559 -16.0504 14.1665 3.29007 -14.7995 17.8086 2.21703 -13.9185 21.5333 1.36427 -12.8922 25.2716 1.06787 -11.4313 28.9502 1.60892 -9.59962 32.4536 3.10458 -7.60457 35.5689 5.48109 -5.52005 38.0068 8.50165 -3.32908 39.4255 11.7928 -1.11687 39.5973 15.0122 0.960309 38.5602 17.8847 2.78432 36.5456 20.2468 4.35542 33.7912 21.9721 5.65934 30.4669 22.9794 6.56637 26.7398 23.2829 6.89306 22.7879 22.9682 6.53315 18.8399 22.1449 5.55348 15.0637 20.8886 4.16376 11.5441 19.21 2.60575 8.27301 17.1006 1.07122 5.24958 14.5922 -0.359403 2.48865 11.7911 -1.71811 -0.0152999 8.8492 -3.09202 -2.34092 5.91142 -4.52851 -4.63384 3.07999 -5.96601 -7.04779 0.381763 -7.24252 -9.69368 -2.20351 -8.14106 -12.5824 -4.7326 -8.46057 -15.6381 -7.23716 -8.0424 -18.6846 -9.72356 -6.77711 -21.5033 -12.1094 -4.62547 -23.8031 -14.2486 -1.65659 -25.2933 -15.9493 1.87696 -25.7445 -17.091 5.60225 -25.1107 -17.6895 9.18275 -23.5289 -17.8629 12.4049 -21.2336 -17.7534 15.2202 -18.4341 -17.4657 17.6412 -15.2987 -17.0553 19.7156 -11.9249 -16.5448 21.4701 -8.38727 -15.9342 22.9208 -4.72268 -15.2112 24.0623 -0.970323 -14.3521 24.8825 2.84083 -13.3302 25.3604 6.67006 -12.1201 25.4682 10.4733 -10.7063 25.1675 14.1952 -9.09043 24.4107 17.7647 -7.29481 23.1495 21.098 -5.37064 21.3565 24.0929 -3.38861 19.0375 26.6582 -1.44062 16.2467 28.7172 0.387592 13.0563 30.2343 2.01155 9.55787 31.1874 3.3608 5.83904 31.5553 4.37494 1.98636 31.2975 4.99374 -1.84804 30.3736 5.19269 -5.50458 28.7878 4.99972 -8.83868 26.6034 4.51494 -11.7182 23.9189 3.90173 -14.0236 20.7499 3.38186 -15.4836 17.1118 3.20254 -15.7723 13.1718 3.33554 -15.3578 9.22635 3.69588 -14.6273 5.34134 4.21979 -13.7515 1.49288 4.85334 -12.7798 -2.3159 5.54649 -11.7209 -6.09954 6.24453 -10.5829 -9.85929 6.8937 -9.3615 -13.6065 7.435 -8.04141 -17.3372 7.79851 -6.59983 -21.046 -0.0106799 0.00458563 0.025619 0.0526344 0.0780678 0.08918 0.0787777 0.0571309 0.0498668 0.0741349 0.118546 0.146228 0.118014 0.0258359 -0.0783289 -0.152354 -0.175473 -0.148962 -0.0982385 -0.0577731 -0.00984259 0.0296165 0.0299661 0.00858933 -0.0199059 -0.0507967 -0.0767274 -0.101705 -0.119983 -0.109839 -0.140887 -0.20397 -0.245816 -0.209231 -0.0788322 0.0493057 0.0952573 0.106736 0.121733 0.13206 0.1362 0.125871 0.120444 0.129473 0.147349 0.160053 0.15621 0.13463 0.102973 0.0704235 0.0414592 0.0145146 -0.014562 -0.0463224 -0.0704435 -0.0628669 0.00817654 0.072384 -0.194928 0.902711 0.359951 0.106561 -0.0634313 -0.162476 -0.200868 -0.195978 -0.165286 -0.121106 -0.0702647 -0.0155772 0.042007 0.101818 0.162113 0.218594 0.262557 0.278271 0.241963 0.129147 -0.0583492 -0.262213 -0.39529 -0.411853 -0.319473 -0.152517 -0.0584143 -0.132273 -0.280514 -0.33616 -0.303578 -0.223707 -0.100914 -0.000142847 0.0644366 0.0985833 0.111055 0.111131 0.105919 0.100317 0.0978822 0.101793 0.210164
5.92883 -1.90767 -31.351 4.77693 -0.118263 -34.7309 3.18092 1.75305 -37.8779 1.07529 3.67161 -40.6708 -1.58274 5.57928 -42.9533 -4.76826 7.37524 -44.5261 -8.37244 8.92892 -45.1913 -12.1497 10.0799 -44.7964 -15.7763 10.6896 -43.3052 -18.8707 10.6698 -40.8429 -21.1287 10.018 -37.6626 -22.354 8.81472 -34.1109 -22.5101 7.19405 -30.5174 -21.6885 5.30664 -27.1392 -20.0767 3.29776 -24.1364 -17.8831 1.25876 -21.5299 -15.2979 -0.75024 -19.284 -12.4361 -2.71158 -17.3311 -9.37941 -4.61016 -15.6275 -6.23334 -6.46548 -14.0249 -3.18622 -8.32543 -12.2461 -0.3471 -10.1374 -10.1026 2.21009 -11.7698 -7.50744 4.37568 -13.1073 -4.43093 6.03102 -14.0417 -0.919521 7.09584 -14.4812 2.90103 7.55915 -14.3961 6.86357 7.48933 -13.8841 10.8145 7.04065 -13.1818 14.7111 6.52833 -12.4851 18.591 6.20408 -11.7735 22.4885 6.17014 -10.8795 26.3558 6.57704 -9.70129 30.1244 7.63727 -8.21879 33.6742 9.52824 -6.49327 36.7352 12.2712 -4.63822 38.9649 15.6577 -2.82254 40.0477 19.2908 -1.23591 39.8507 22.7983 -0.00134128 38.4618 25.8663 0.815419 36.1045 28.3123 1.20909 33.0227 30.0197 1.19598 29.4432 30.9141 0.808537 25.5989 30.9831 0.0963179 21.6867 30.2692 -0.869536 17.8954 28.8632 -2.01062 14.3431 26.89 -3.24286 11.1048 24.4729 -4.49619 8.18373 21.7282 -5.71029 5.5496 18.7469 -6.83891 3.14098 15.603 -7.83987 0.887718 12.3538 -8.66869 -1.28198 9.04246 -9.27284 -3.43206 5.71046 -9.59024 -5.60203 2.38853 -9.55564 -7.81007 -0.874218 -9.09982 -10.0425 -4.027 -8.14091 -12.2734 -6.9762 -6.59059 -14.4248 -9.74314 -4.46888 -16.3147 -12.4002 -1.88621 -17.6868 -14.9218 1.0584 -18.4505 -17.2368 4.25329 -18.5799 -19.2919 7.58224 -18.0522 -21.0449 10.923 -16.8491 -22.4451 14.1269 -14.9901 -23.4582 17.0762 -12.5305 -24.0569 19.6589 -9.57303 -24.2362 21.8053 -6.22424 -24.0061 23.46 -2.61006 -23.3908 24.5996 1.16212 -22.4252 25.2156 4.98233 -21.148 25.3182 8.763 -19.6016 24.9272 12.4224 -17.8273 24.0692 15.8947 -15.8656 22.7739 19.122 -13.7569 21.0735 22.0524 -11.5385 18.9994 24.6413 -9.25155 16.5877 26.8415 -6.93273 13.8716 28.6115 -4.62885 10.8965 29.9013 -2.3827 7.70284 30.6616 -0.253499 4.35283 30.8304 1.69442 0.9245 30.3431 3.39792 -2.48123 29.1444 4.79105 -5.70033 27.2378 5.85081 -8.58196 24.6888 6.58293 -10.9914 21.5931 6.99478 -12.7779 18.0758 7.10037 -13.8009 14.2451 7.07819 -14.099 10.3019 7.08185 -13.8789 6.35356 7.13383 -13.3421 2.42108 7.22432 -12.5927 -1.47584 7.33593 -11.6702 -5.34723 7.44792 -10.6008 -9.18069 7.53274 -9.40425 -12.9857 7.55225 -8.10056 -16.7563 7.45943 -6.6976 -20.4949 7.19985 -5.19895 -24.1882 6.71223 -3.60247 -27.8184 -0.0150963 -0.00355398 0.00638936 0.0167984 0.0303601 0.0502894 0.0791674 0.116311 0.155599 0.184683 0.187726 0.151739 0.0742264 -0.0322282 -0.124429 -0.18282 -0.20378 -0.19188 -0.166223 -0.14152 -0.0861896 -0.0195452 0.0155859 0.0244123 0.0169932 -0.00282796 -0.0299149 -0.0601987 -0.101928 -0.14874 -0.198131 -0.243913 -0.269062 -0.243515 -0.138805 -0.021182 0.0384498 0.0743166 0.115282 0.157694 0.202658 0.230877 0.245319 0.248017 0.239219 0.218936 0.18822 0.149149 0.104142 0.0552927 0.00421695 -0.0473648 -0.0963375 -0.1369 -0.157745 -0.13986 -0.0580486 0.00707401 -0.265764 0.847175 0.355178 0.167448 0.0482086 -0.0333961 -0.0854766 -0.111523 -0.11496 -0.0990933 -0.0667949 -0.0202604 0.0385393 0.107268 0.182137 0.256269 0.317761 0.347554 0.319513 0.208888 0.019369 -0.188277 -0.326196 -0.351385 -0.276949 -0.14116 -0.0878549 -0.20229 -0.383118 -0.461699 -0.427762 -0.302781 -0.140583 -0.0202156 0.0535422 0.0928359 0.108293 0.109557 0.104285 0.0983805 0.0963589 0.101573 0.215222
3.12912 0.91818 -31.6613 1.50603 2.81474 -34.7791 -0.586682 4.72511 -37.5939 -3.18797 6.59177 -39.9737 -6.29891 8.33435 -41.7624 -9.83993 9.83927 -42.7836 -13.652 10.9812 -42.8851 -17.4604 11.6323 -41.9793 -20.9478 11.7042 -40.087 -23.7699 11.1698 -37.3687 -25.6718 10.0747 -34.0792 -26.5028 8.53219 -30.5445 -26.2521 6.68682 -27.0666 -25.0123 4.68542 -23.8875 -22.956 2.6645 -21.1787 -20.2774 0.70864 -18.9963 -17.1843 -1.13193 -17.3207 -13.8369 -2.86636 -16.0412 -10.373 -4.5289 -14.9984 -6.88144 -6.17281 -13.9913 -3.44981 -7.82546 -12.8077 -0.167088 -9.46843 -11.2384 2.84111 -11.0139 -9.11684 5.41997 -12.3242 -6.36444 7.41363 -13.2636 -3.03489 8.72957 -13.7679 0.698409 9.39044 -13.8765 4.63227 9.52571 -13.6957 8.61052 9.33021 -13.3315 12.5737 9.02398 -12.8416 16.5067 8.82923 -12.2203 20.4282 8.96202 -11.419 24.3136 9.61746 -10.3709 28.0856 10.9555 -9.01584 31.5923 13.0449 -7.3512 34.5565 15.8327 -5.43865 36.6795 19.1195 -3.41479 37.6985 22.5737 -1.47108 37.4818 25.8704 0.229074 36.0689 28.6988 1.54874 33.6409 30.8561 2.4183 30.4432 32.219 2.8125 26.7398 32.7356 2.74495 22.8082 32.4305 2.26488 18.8721 31.3838 1.44788 15.1232 29.7063 0.378521 11.6678 27.5262 -0.853965 8.56519 24.9564 -2.17346 5.80817 22.0983 -3.51244 3.36188 19.0273 -4.81768 1.16464 15.8035 -6.04239 -0.85294 12.4729 -7.14098 -2.76389 9.06869 -8.05975 -4.63988 5.62418 -8.72462 -6.53845 2.16409 -9.04073 -8.49782 -1.26817 -8.89883 -10.5068 -4.63777 -8.2014 -12.5056 -7.88979 -6.89682 -14.3635 -10.9997 -4.99088 -15.9206 -13.9291 -2.56751 -16.9966 -16.6581 0.253777 -17.4489 -19.1363 3.31512 -17.1853 -21.3019 6.46036 -16.1847 -23.0932 9.55461 -14.4824 -24.4496 12.4659 -12.166 -25.342 15.1038 -9.33411 -25.7567 17.3841 -6.10879 -25.7027 19.258 -2.59606 -25.2023 20.6861 1.0868 -24.2873 21.6538 4.84615 -22.9982 22.1563 8.58668 -21.3764 22.201 12.234 -19.4664 21.8015 15.7165 -17.3117 20.976 18.9748 -14.9558 19.7458 21.9543 -12.4435 18.1353 24.6039 -9.81845 16.1699 26.878 -7.13038 13.8815 28.7285 -4.42557 11.3019 30.1128 -1.76318 8.47786 30.9839 0.802308 5.45456 31.3003 3.19835 2.29784 31.0206 5.34596 -0.918024 30.1091 7.15923 -4.10646 28.5334 8.53259 -7.11607 26.2986 9.39953 -9.77701 23.4541 9.75695 -11.9146 20.1036 9.68207 -13.3861 16.4211 9.31287 -14.1553 12.5477 8.80222 -14.2663 8.62806 8.27303 -13.8341 4.73317 7.80021 -12.9937 0.882957 7.41552 -11.8759 -2.90614 7.11095 -10.5756 -6.65669 6.85533 -9.15927 -10.3687 6.59997 -7.6567 -14.0556 6.28742 -6.08296 -17.7083 5.85347 -4.43757 -21.3219 5.23047 -2.72079 -24.874 4.34679 -0.932869 -28.3363 -0.0353362 -0.0295087 -0.0243491 -0.0159141 0.000103057 0.0274527 0.0676738 0.117801 0.169137 0.207254 0.21508 0.179448 0.0989808 -0.0116102 -0.107441 -0.169298 -0.19561 -0.192464 -0.175325 -0.155861 -0.098808 -0.0235357 0.0185009 0.0321161 0.0282916 0.00825644 -0.0244136 -0.0612183 -0.103813 -0.149169 -0.193668 -0.229504 -0.240609 -0.200113 -0.0849385 0.0329131 0.0805928 0.0962114 0.115391 0.139825 0.172581 0.193898 0.205513 0.208551 0.202736 0.187542 0.163206 0.130811 0.0918924 0.0480047 0.000544471 -0.0490066 -0.098128 -0.141679 -0.168022 -0.156437 -0.077194 -0.00684606 -0.26978 0.847208 0.354301 0.166956 0.0523044 -0.0220292 -0.067118 -0.0882344 -0.0891371 -0.0727726 -0.0414729 0.00310049 0.0594535 0.125626 0.198076 0.270041 0.329597 0.35754 0.327475 0.214272 0.0210654 -0.192216 -0.338644 -0.374969 -0.311031 -0.179444 -0.121557 -0.227479 -0.402728 -0.477875 -0.432734 -0.296979 -0.131398 -0.0108211 0.063731 0.103554 0.118497 0.118043 0.109931 0.100186 0.0934826 0.093495 0.22231
-2.94476 6.11199 -30.9269 -5.41549 8.0895 -33.3635 -8.31408 9.92816 -35.4055 -11.6299 11.5414 -36.9276 -15.3038 12.8289 -37.7988 -19.1919 13.6772 -37.8939 -23.0863 13.9856 -37.129 -26.6911 13.6835 -35.4973 -29.7037 12.7578 -33.0858 -31.8306 11.273 -30.1007 -32.8869 9.35514 -26.8078 -32.8054 7.18398 -23.5148 -31.6487 4.93955 -20.4836 -29.5626 2.77854 -17.9092 -26.7515 0.829595 -15.9219 -23.4159 -0.8394 -14.5615 -19.7653 -2.20326 -13.8027 -15.9511 -3.31154 -13.5319 -12.0869 -4.26907 -13.5633 -8.21399 -5.21761 -13.6561 -4.3692 -6.27272 -13.5443 -0.605388 -7.47322 -12.9695 2.9647 -8.75005 -11.7195 6.17651 -9.9552 -9.67628 8.83856 -10.9347 -6.86614 10.8086 -11.6155 -3.46336 12.075 -12.042 0.29669 12.7635 -12.3227 4.21131 13.0939 -12.5425 8.17614 13.3201 -12.7024 12.1417 13.6918 -12.7221 16.0994 14.4202 -12.4773 19.9937 15.6512 -11.8484 23.7146 17.4588 -10.7462 27.0969 19.8154 -9.1455 29.8911 22.6143 -7.08403 31.8543 25.663 -4.67421 32.7684 28.683 -2.1121 32.5016 31.4019 0.392013 31.055 33.5465 2.60435 28.5766 34.9399 4.35235 25.315 35.498 5.52839 21.5689 35.2294 6.09562 17.6529 34.217 6.08939 13.8069 32.5844 5.5875 10.2153 30.456 4.6868 6.96621 27.9534 3.49029 4.10205 25.1674 2.08996 1.60748 22.1727 0.570528 -0.553438 19.0182 -0.997459 -2.43837 15.74 -2.55188 -4.11171 12.363 -4.03659 -5.64246 8.90022 -5.3923 -7.09973 5.36182 -6.53811 -8.54128 1.74502 -7.36512 -10.0062 -1.93052 -7.73586 -11.4859 -5.63851 -7.52285 -12.9146 -9.30694 -6.65672 -14.1481 -12.878 -5.15801 -15.0022 -16.2674 -3.14666 -15.283 -19.4063 -0.786082 -14.8507 -22.1934 1.7392 -13.6518 -24.5308 4.27245 -11.7276 -26.3432 6.70102 -9.17848 -27.5773 8.93059 -6.14744 -28.2224 10.9037 -2.76142 -28.288 12.5675 0.844444 -27.803 13.8944 4.56702 -26.8081 14.8634 8.2986 -25.348 15.4695 11.9602 -23.4745 15.7129 15.4725 -21.2361 15.6007 18.7759 -18.6851 15.1429 21.8121 -15.8716 14.3523 24.5323 -12.8466 13.2435 26.8905 -9.66437 11.8337 28.8427 -6.3791 10.1415 30.3491 -3.05519 8.19236 31.3685 0.245059 6.0133 31.8651 3.44186 3.64706 31.8052 6.46103 1.13816 31.1632 9.20947 -1.44993 29.9255 11.5912 -4.04938 28.0938 13.5048 -6.5905 25.6817 14.8264 -8.96319 22.7557 15.4696 -11.0467 19.4137 15.4123 -12.7004 15.7826 14.7302 -13.7757 12.0263 13.5806 -14.1786 8.25181 12.1705 -13.8853 4.56918 10.6872 -12.9721 1.01916 9.26121 -11.5847 -2.41523 7.96401 -9.90013 -5.76696 6.79603 -8.0538 -9.09516 5.71994 -6.13245 -12.4119 4.66538 -4.16192 -15.7166 3.55589 -2.15102 -18.9787 2.31197 -0.100361 -22.1726 0.860413 1.9765 -25.26 -0.870234 4.05863 -28.1984 -0.0701013 -0.0746508 -0.0781963 -0.0742749 -0.0565503 -0.020351 0.0354287 0.106161 0.180479 0.240462 0.265268 0.23882 0.158898 0.0415924 -0.0656714 -0.141464 -0.182823 -0.194558 -0.190808 -0.180574 -0.121232 -0.0329611 0.0222066 0.0452266 0.0445537 0.0180628 -0.0298546 -0.0778566 -0.116884 -0.149458 -0.175077 -0.187192 -0.171287 -0.104495 0.0283708 0.146211 0.17214 0.149583 0.125485 0.111877 0.116949 0.12157 0.12585 0.128944 0.128844 0.123354 0.110876 0.090589 0.0623185 0.0263582 -0.0165908 -0.065219 -0.116849 -0.165984 -0.200101 -0.197141 -0.122025 -0.0458317 -0.298378 0.829692 0.349667 0.176577 0.0761059 0.0140452 -0.0220281 -0.0377921 -0.0366117 -0.0206603 0.00857179 0.0501747 0.103246 0.166217 0.235738 0.305045 0.362045 0.38722 0.353741 0.235954 0.0363955 -0.185656 -0.343922 -0.395532 -0.349764 -0.236604 -0.192455 -0.302462 -0.470835 -0.532028 -0.464955 -0.304328 -0.121259 0.00794148 0.0870274 0.127724 0.140513 0.135566 0.121035 0.103197 0.0870369 0.0768608 0.230777
-2.47656 4.88453 -33.4405 -5.06354 6.29495 -36.1368 -8.09736 7.60404 -38.3805 -11.5406 8.75123 -40.0365 -15.3073 9.67033 -40.975 -19.238 10.2905 -41.0834 -23.1306 10.5512 -40.2921 -26.7167 10.4083 -38.5988 -29.7288 9.84732 -36.0767 -31.8947 8.89704 -32.9074 -33.0261 7.62614 -29.3378 -33.0342 6.14706 -25.6804 -31.9606 4.58375 -22.221 -29.9427 3.05134 -19.1831 -27.1841 1.64739 -16.7196 -23.8818 0.426976 -14.8842 -20.2362 -0.582483 -13.6789 -16.3957 -1.40763 -13.0312 -12.4872 -2.12679 -12.7951 -8.56796 -2.86363 -12.7316 -4.67918 -3.72669 -12.5307 -0.875516 -4.74492 -11.8727 2.71745 -5.83334 -10.5147 5.92194 -6.83638 -8.35424 8.54477 -7.61478 -5.44609 10.4472 -8.12695 -1.97599 11.6305 -8.45002 1.82121 12.2646 -8.71598 5.74603 12.6392 -9.01569 9.70166 13.064 -9.34368 13.6404 13.7969 -9.61957 17.5377 15.0122 -9.73919 21.3145 16.8118 -9.61524 24.8503 19.2488 -9.18241 27.9803 22.284 -8.40425 30.451 25.7874 -7.28307 32.0023 29.5026 -5.87985 32.41 33.0607 -4.32531 31.586 36.1343 -2.76522 29.6177 38.4553 -1.34813 26.7469 39.9027 -0.170314 23.2608 40.449 0.713799 19.4335 40.129 1.27996 15.5212 39.0183 1.53361 11.7109 37.2208 1.49627 8.16344 34.8478 1.20364 4.97267 32.0253 0.701713 2.20145 28.8629 0.0404477 -0.14541 25.4626 -0.727084 -2.09326 21.8984 -1.55082 -3.69975 18.2274 -2.38438 -5.03804 14.4887 -3.18813 -6.19046 10.707 -3.9266 -7.24183 6.90514 -4.55621 -8.27143 3.0935 -5.01433 -9.35423 -0.700271 -5.20306 -10.5408 -4.46213 -4.99682 -11.8219 -8.16257 -4.28915 -13.0608 -11.8139 -3.06534 -14.0084 -15.3976 -1.44259 -14.3769 -18.8673 0.403955 -13.9736 -22.0993 2.31351 -12.753 -24.9614 4.18965 -10.7852 -27.3497 5.97566 -8.18018 -29.1817 7.6092 -5.07271 -30.4219 9.04213 -1.58227 -31.0546 10.2309 2.15416 -31.0921 11.1558 6.0267 -30.5602 11.8046 9.91893 -29.4944 12.177 13.7441 -27.9387 12.2765 17.415 -25.9372 12.1111 20.8649 -23.5393 11.6906 24.0285 -20.7941 11.0264 26.8505 -17.7539 10.1309 29.2787 -14.4757 9.01819 31.2637 -11.0183 7.70279 32.761 -7.45331 6.20424 33.7263 -3.85178 4.54325 34.122 -0.305745 2.75298 33.9154 3.09758 0.869105 33.0845 6.25064 -1.05641 31.6235 9.04687 -2.96664 29.5458 11.3818 -4.80469 26.88 13.1277 -6.49334 23.7117 14.1858 -7.96289 20.1558 14.4974 -9.135 16.3543 14.0876 -9.90546 12.4853 13.0936 -10.1768 8.65521 11.754 -9.89301 4.94567 10.3237 -9.10254 1.34485 8.991 -7.94995 -2.21166 7.84285 -6.62004 -5.77075 6.85708 -5.23693 -9.37144 5.95943 -3.84895 -12.9933 5.05362 -2.44527 -16.6161 4.05205 -1.01401 -20.2028 2.87221 0.448525 -23.7273 1.43823 1.93142 -27.1474 -0.323647 3.41848 -30.4107 -0.347043 -0.324732 -0.303425 -0.279867 -0.251792 -0.218926 -0.183932 -0.153346 -0.137487 -0.149875 -0.204372 -0.309183 -0.459945 -0.635915 -0.787074 -0.89079 -0.944178 -0.95356 -0.935318 -0.899987 -0.808148 -0.682282 -0.586887 -0.5229 -0.484171 -0.474506 -0.489272 -0.505074 -0.507939 -0.495858 -0.46434 -0.402961 -0.294715 -0.116517 0.144433 0.401876 0.569407 0.678411 0.764408 0.831638 0.88586 0.909852 0.908957 0.88915 0.855278 0.811004 0.759131 0.701776 0.640509 0.576413 0.510382 0.443499 0.377885 0.317881 0.274208 0.266986 0.330946 0.398522 0.148028 1.29574 0.85147 0.725882 0.677528 0.665899 0.674388 0.694362 0.719951 0.746906 0.772236 0.794078 0.811036 0.821453 0.822349 0.807829 0.767281 0.683235 0.531473 0.289285 -0.0376093 -0.386794 -0.669112 -0.839155 -0.904427 -0.892677 -0.93665 -1.11647 -1.33124 -1.41375 -1.34587 -1.16949 -0.962485 -0.803545 -0.690423 -0.612506 -0.56037 -0.525119 -0.499966 -0.479857 -0.460861 -0.439611 0.0179127
-2.12347 3.23248 -35.4939 -4.71594 3.9698 -38.4414 -7.75747 4.67184 -40.9331 -11.2141 5.3108 -42.8192 -15.0014 5.85408 -43.9485 -18.9541 6.26393 -44.1829 -22.8565 6.50628 -43.4352 -26.4257 6.55426 -41.7012 -29.3924 6.39686 -39.0701 -31.5054 6.04313 -35.7461 -32.6137 5.51992 -31.9864 -32.6617 4.87139 -28.0952 -31.6996 4.14645 -24.3384 -29.8466 3.39255 -20.9255 -27.2737 2.65478 -18.0124 -24.1485 1.96341 -15.6633 -20.6465 1.34058 -13.8993 -16.8968 0.788029 -12.6805 -13.0152 0.295558 -11.9452 -9.0721 -0.183095 -11.5819 -5.1553 -0.840636 -11.2135 -1.34311 -1.68629 -10.3822 2.2182 -2.52919 -8.78654 5.3605 -3.26423 -6.43497 7.92862 -3.831 -3.43036 9.79857 -4.17624 0.0780279 10.9333 -4.34575 3.90013 11.5691 -4.60904 7.82503 12.1387 -5.0668 11.7422 13.0587 -5.55221 15.579 14.465 -6.0111 19.2688 16.4125 -6.4278 22.7025 18.9324 -6.78288 25.7489 22.0262 -7.05388 28.2546 25.6011 -7.21448 30.0204 29.5003 -7.24467 30.8765 33.4871 -7.13298 30.6997 37.2503 -6.88185 29.4621 40.5139 -6.50523 27.2344 43.0085 -6.03231 24.2029 44.5695 -5.49836 20.6094 45.1221 -4.94168 16.7218 44.6854 -4.40078 12.8173 43.3561 -3.90287 9.10221 41.2811 -3.46742 5.73746 38.6122 -3.10124 2.79796 35.5043 -2.80502 0.31774 32.0798 -2.5724 -1.72306 28.4442 -2.39438 -3.36521 24.6703 -2.25965 -4.66999 20.8127 -2.15624 -5.70515 16.9083 -2.0717 -6.54218 12.9789 -1.99337 -7.2535 9.04507 -1.90935 -7.90911 5.11418 -1.8091 -8.57985 1.20905 -1.6741 -9.33407 -2.65952 -1.47364 -10.2454 -6.4653 -1.05727 -11.281 -10.2627 -0.278627 -12.1195 -14.0662 0.750514 -12.4132 -17.8382 1.83237 -11.9505 -21.4461 2.90914 -10.7642 -24.7715 3.94755 -8.90752 -27.7145 4.92651 -6.44552 -30.1765 5.81721 -3.47458 -32.0981 6.5947 -0.0866875 -33.4279 7.23273 3.60108 -34.1424 7.71588 7.4882 -34.2311 8.0322 11.4563 -33.702 8.17663 15.4067 -32.5778 8.14759 19.233 -30.8922 7.94774 22.8461 -28.6923 7.58361 26.1572 -26.033 7.06484 29.0897 -22.9784 6.40408 31.5744 -19.602 5.61674 33.5507 -15.9815 4.7197 34.9695 -12.2079 3.73374 35.7906 -8.36889 2.68015 35.9877 -4.56978 1.58698 35.5471 -0.903977 0.481239 34.4693 2.5208 -0.604165 32.7731 5.60552 -1.63799 30.4926 8.26107 -2.5923 27.6686 10.3768 -3.4306 24.3885 11.8695 -4.12311 20.753 12.6753 -4.64371 16.8796 12.7542 -4.96942 12.9274 12.103 -5.08493 9.01663 11.0023 -4.8373 5.22664 9.79045 -4.20118 1.51663 8.72307 -3.42644 -2.22702 7.81843 -2.68665 -6.02035 7.00323 -1.95999 -9.84892 6.20896 -1.2353 -13.6823 5.36262 -0.506744 -17.5123 4.39391 0.227785 -21.3122 3.22951 0.971244 -25.0599 1.79919 1.72268 -28.7126 0.0344616 2.47906 -32.2167 -0.64668 -0.592935 -0.543439 -0.498666 -0.460686 -0.43354 -0.423332 -0.438229 -0.487442 -0.580138 -0.722983 -0.915508 -1.1455 -1.38646 -1.5855 -1.71945 -1.78629 -1.79419 -1.76128 -1.69794 -1.56942 -1.40044 -1.25796 -1.14754 -1.06494 -1.01316 -0.98957 -0.969051 -0.929349 -0.865932 -0.771087 -0.630312 -0.422976 -0.123653 0.279727 0.695267 1.02422 1.28248 1.49207 1.6495 1.75945 1.80763 1.80463 1.76265 1.69298 1.60533 1.50776 1.4064 1.30553 1.20759 1.11367 1.0242 0.940297 0.865281 0.808869 0.789337 0.841456 0.904487 0.665058 1.84399 1.44462 1.3708 1.37678 1.41835 1.47487 1.53373 1.58573 1.62418 1.64442 1.64349 1.61942 1.5704 1.49383 1.38478 1.23426 1.0271 0.741982 0.359479 -0.111131 -0.603884 -1.02621 -1.32938 -1.51813 -1.61731 -1.75675 -2.01383 -2.28351 -2.39318 -2.32674 -2.13551 -1.90365 -1.71281 -1.56173 -1.44068 -1.34241 -1.26012 -1.18863 -1.1241 -1.06367 -1.00506 -0.215992
-2.13827 3.24092 -35.4917 -4.73217 3.97949 -38.4376 -7.7749 4.6824 -40.9275 -11.2326 5.32125 -42.8119 -15.0206 5.86273 -43.9394 -18.9738 6.26827 -44.1723 -22.8765 6.50324 -43.4235 -26.4456 6.54079 -41.6891 -29.4118 6.37112 -39.0582 -31.524 6.00548 -35.735 -32.6312 5.47327 -31.9762 -32.6772 4.82067 -28.0857 -31.7122 4.09726 -24.3294 -29.8556 3.34952 -20.917 -27.2798 2.61977 -18.0045 -24.1535 1.93431 -15.655 -20.6524 1.31286 -13.8888 -16.9034 0.760775 -12.668 -13.0198 0.27894 -11.9354 -9.0744 -0.183671 -11.5771 -5.15557 -0.832596 -11.2152 -1.34268 -1.67854 -10.3874 2.21768 -2.52438 -8.79113 5.35903 -3.25972 -6.43839 7.92784 -3.82447 -3.43399 9.80057 -4.16788 0.0730918 10.9387 -4.3364 3.89423 11.5769 -4.59902 7.81879 12.1484 -5.05685 11.7357 13.0704 -5.54191 15.5721 14.4781 -6.00054 19.2613 16.4267 -6.41575 22.6946 18.9475 -6.76807 25.7405 22.0421 -7.03569 28.2456 25.6176 -7.19273 30.0105 29.5171 -7.21875 30.8656 33.5037 -7.1015 30.688 37.2662 -6.84349 29.4498 40.5287 -6.45999 27.2217 43.022 -5.98213 24.1898 44.5814 -5.44635 20.5959 45.1323 -4.89085 16.7079 44.694 -4.35307 12.8032 43.3633 -3.85897 9.08804 41.2871 -3.42716 5.7236 38.617 -3.06415 2.78471 35.5082 -2.77068 0.305388 32.0829 -2.54058 -1.73429 28.4465 -2.36507 -3.37518 24.6721 -2.23301 -4.67862 20.814 -2.13257 -5.71237 16.9092 -2.05162 -6.54782 12.9794 -1.97788 -7.25745 9.04533 -1.89919 -7.91211 5.11451 -1.80311 -8.58381 1.20977 -1.66806 -9.34004 -2.65895 -1.46458 -10.25 -6.4668 -1.05088 -11.2791 -10.2681 -0.284748 -12.1113 -14.0756 0.729613 -12.4045 -17.8522 1.79638 -11.9443 -21.4607 2.87109 -10.7582 -24.7829 3.91727 -8.90016 -27.7224 4.90344 -6.4368 -30.1825 5.79587 -3.46478 -32.1033 6.57121 -0.0759406 -33.4324 7.2063 3.61258 -34.1461 7.68712 7.50014 -34.2337 8.00188 11.4683 -33.7034 8.14536 15.4186 -32.578 8.11588 19.2446 -30.8912 7.91601 22.8571 -28.6901 7.55201 26.1675 -26.0298 7.03323 29.0991 -22.9745 6.37213 31.5828 -19.5977 5.58435 33.5581 -15.9768 4.68748 34.976 -12.2024 3.70336 35.7959 -8.36212 2.65412 35.9915 -4.56128 1.56769 35.5491 -0.893605 0.469918 34.4696 2.53276 -0.60799 32.7719 5.61844 -1.63609 30.4901 8.27417 -2.58675 27.665 10.3894 -3.4229 24.384 11.8813 -4.11405 20.748 12.6863 -4.63382 16.8743 12.7644 -4.95911 12.9221 12.1119 -5.07442 9.01151 11.0088 -4.82798 5.22213 9.79428 -4.19254 1.51286 8.72561 -3.4183 -2.23052 7.8193 -2.67847 -6.02344 7.0022 -1.95172 -9.8516 6.20589 -1.22685 -13.6845 5.35745 -0.49835 -17.5141 4.38666 0.235819 -21.3135 3.22021 0.97881 -25.0606 1.78791 1.72996 -28.7127 0.0213216 2.48657 -32.2157 65.5161 65.5891 65.671 65.7613 65.8571 65.9524 66.038 66.1013 66.1282 66.1043 66.0181 65.8668 65.6607 65.426 65.2171 65.0598 64.9591 64.9105 64.8992 64.9184 65.0046 65.1343 65.2418 65.3218 65.3781 65.4071 65.4107 65.4132 65.4362 65.484 65.5639 65.6905 65.8847 66.1724 66.5664 66.9756 67.3022 67.563 67.7807 67.9521 68.0816 68.1539 68.178 68.1642 68.1217 68.0583 67.9809 67.8949 67.8051 67.7156 67.63 67.5519 67.4855 67.4362 67.4142 67.4357 67.5313 67.6341 67.4242 68.6162 68.2093 68.1071 68.0669 68.0507 68.045 68.0442 68.0453 68.0459 68.044 68.037 68.0217 67.9936 67.9464 67.8708 67.7533 67.5746 67.31 66.9379 66.4667 65.963 65.5212 65.1924 64.9746 64.8454 64.677 64.3934 64.1006 63.9714 64.0218 64.1998 64.4204 64.6013 64.743 64.8549 64.944 65.0173 65.0806 65.1389 65.1961 65.2559 -0.111217
