Optimization finished after 2900 iterations.
NEB Energy: 0.907293
Max NEB Force: 0.436795
Optimization took: 186076 ms
Energies: 
0.90136, 0.907368, 0.928846, 1.00221, 1.25134, 1.03145, 1.62062, 1.56757, 1.65373, 1.66066, 1.75571, 1.76718, 1.53381, 1.45522, 1.24986, 1.26718, 1.31476, 1.14643, 1.04699, 0.983488, 
NEB Forces: 
0, 0.0209134, 0.0426132, 0.0713875, 0.436795, 0.330007, 0.18573, 0.168389, 0.174503, 0.152221, 0.140659, 0.14348, 0.0987331, 0.0995799, 0.0869228, 0.0849753, 0.0907003, 0.0822486, 0.0884516, 0, 
Gradients: 
0.000281605, 0.0206719, 0.0432322, 0.0697668, 0.319328, 0.046722, 0.175809, 0.161454, 0.172359, 0.152567, 0.141134, 0.14475, 0.0986709, 0.0996365, 0.0868795, 0.0849708, 0.0907203, 0.0823581, 0.0882344, 2.16108e-12, 
Spring Forces: 
0, 0.000150746, 8.36997e-07, 0.000149846, 0.000150814, 0.000312089, 0.000350937, 0.000399679, 0.000466288, 9.80677e-05, 3.09868e-06, 0.000371622, 0.000451519, 0.000372561, 0.00031415, 0.000328331, 0.000294194, 4.9352e-05, 0.00619642, 0, 
Bend Energies: 
0.901343, 0.901278, 0.922969, 0.994105, 1.02176, 1.01265, 0.963315, 0.970313, 1.095, 1.19252, 1.4208, 1.53636, 1.38297, 1.29485, 1.04254, 1.0629, 1.09816, 1.06053, 0.982732, 0.983473, 
Twist Energies: 
5.58979e-07, 0.00607326, 0.00585089, 0.00796802, 0.229555, 0.0187891, 0.657264, 0.597188, 0.558465, 0.467755, 0.334311, 0.230065, 0.15057, 0.160134, 0.207281, 0.204269, 0.216581, 0.0858544, 0.0642446, 1.43736e-25, 
Stretch Energies: 
1.25735e-06, 1.28107e-06, 2.46748e-05, 0.000134556, 2.15036e-05, 1.56548e-05, 3.12716e-05, 5.4436e-05, 0.000203423, 0.000342196, 0.000553602, 0.000726793, 0.00024385, 0.000215871, 2.90878e-05, 1.24628e-05, 1.91508e-05, 4.63026e-05, 3.06608e-06, 2.86426e-06, 
