# num_vectors 20
# vector_size 401
# Iterations: 7700, stepsize: 0.027839, max step size: 1.000000, spring constant: 0.000010, global NEB Hessian: false, global NEB Linesearch: true, climbing image: false
15.9824 -22.3455 6.67177 18.494 -21.6496 3.64528 20.6852 -20.6488 0.459507 22.4789 -19.3783 -2.86962 23.7998 -17.8768 -6.32144 24.5685 -16.1968 -9.8476 24.7148 -14.3956 -13.3945 24.1801 -12.5525 -16.8681 22.9274 -10.7495 -20.174 20.9601 -9.09132 -23.1772 18.3156 -7.67695 -25.7549 15.0952 -6.61215 -27.7698 11.4397 -5.98391 -29.1139 7.53128 -5.859 -29.7131 3.5969 -6.25443 -29.592 -0.196154 -7.10866 -28.788 -3.69496 -8.32771 -27.3612 -6.81359 -9.8156 -25.3837 -9.48849 -11.4697 -22.9425 -11.7034 -13.2004 -20.1127 -13.458 -14.9202 -16.9707 -14.7756 -16.555 -13.575 -15.6868 -18.0343 -9.98038 -16.2304 -19.2947 -6.23063 -16.4477 -20.2752 -2.36593 -16.3818 -20.9165 1.57227 -16.0769 -21.161 5.54371 -15.5796 -20.9526 9.49182 -14.9381 -20.2393 13.3594 -14.2066 -18.9804 17.0584 -13.4411 -17.1462 20.5011 -12.7059 -14.7359 23.5681 -12.0671 -11.7773 26.1362 -11.5922 -8.3253 28.0809 -11.3521 -4.5214 29.2626 -11.4057 -0.545008 29.6139 -11.6152 3.43514 29.3831 -11.6637 7.36772 28.8452 -11.2115 11.1884 27.8686 -10.3292 14.6461 26.1648 -9.43186 17.6088 23.7046 -8.9134 20.0602 20.6305 -8.77748 21.9377 17.1397 -8.96387 23.2091 13.376 -9.39953 23.8717 9.47878 -10.0077 23.9538 5.53905 -10.7084 23.4966 1.64057 -11.4259 22.5482 -2.17149 -12.0846 21.1605 -5.85749 -12.6124 19.383 -9.39653 -12.9376 17.2659 -12.7692 -12.9891 14.8605 -15.9572 -12.6968 12.2205 -18.9401 -11.9938 9.41293 -21.685 -10.8182 6.51056 -24.156 -9.12542 3.61444 -26.297 -6.886 0.832613 -28.0528 -4.11614 -1.6909 -29.3525 -0.860402 -3.81495 -30.1383 2.7612 -5.37928 -30.3599 6.5978 -6.25215 -29.9982 10.435 -6.33017 -29.075 14.0622 -5.61164 -27.6925 17.301 -4.16793 -25.93 19.9941 -2.11978 -23.8723 22.0542 0.40009 -21.5962 23.4306 3.23974 -19.1844 24.1242 6.26842 -16.6945 24.1618 9.35565 -14.1803 23.5933 12.4017 -11.6694 22.4803 15.3147 -9.18308 20.8878 18.0261 -6.72393 18.8838 20.4745 -4.28979 16.5339 22.6101 -1.86936 13.903 24.3872 0.551632 11.0573 25.7628 2.98781 8.0627 26.6967 5.45481 4.99552 27.1478 7.95997 1.93277 27.0791 10.5098 -1.02802 26.4592 13.0928 -3.78942 25.2653 15.695 -6.23272 23.4939 18.2789 -8.23695 21.1633 20.7962 -9.68141 18.3129 23.1891 -10.4486 15.0587 25.3708 -10.8074 11.5865 27.3046 -11.1674 7.94753 28.9022 -11.6425 4.11281 29.7971 -11.9231 0.156521 29.7767 -11.6717 -3.72475 29.0631 -10.7208 -7.41468 28.0061 -9.1609 -10.82 26.6927 -7.10031 -13.8444 25.1561 -4.63889 -16.4458 23.4169 -1.88635 -18.591 21.5007 1.06764 -20.2793 19.4174 4.13037 -21.5152 17.1794 7.22635 -22.3172 14.7867 10.2791 -22.7062 12.2406 13.2208 -22.7069 9.53669 -18.4533 -18.4534 -18.4534 -18.4534 -18.4534 -18.4534 -18.4534 -18.4535 -18.4536 -18.4538 -18.4539 -18.454 -18.454 -18.4538 -18.4536 -18.4533 -18.4529 -18.4527 -18.4524 -18.4521 -18.4518 -18.4515 -18.4512 -18.451 -18.451 -18.451 -18.4511 -18.4513 -18.4515 -18.4518 -18.4521 -18.4525 -18.453 -18.4534 -18.4537 -18.4538 -18.4538 -18.4538 -18.4539 -18.454 -18.4542 -18.4543 -18.4542 -18.4542 -18.454 -18.4538 -18.4536 -18.4534 -18.4532 -18.4529 -18.4527 -18.4524 -18.4521 -18.4518 -18.4514 -18.4509 -18.4501 -18.4484 -18.4419 -18.4626 -18.4549 -18.4534 -18.4527 -18.4523 -18.4522 -18.4521 -18.452 -18.4521 -18.4522 -18.4523 -18.4524 -18.4526 -18.4528 -18.453 -18.4533 -18.4536 -18.4539 -18.4539 -18.4534 -18.4527 -18.4519 -18.4514 -18.4511 -18.4509 -18.4509 -18.4509 -18.4511 -18.4514 -18.4515 -18.4514 -18.4515 -18.4517 -18.4519 -18.4521 -18.4523 -18.4525 -18.4526 -18.4527 -18.4529 -18.453 0.0839607
15.9636 -22.3581 6.67379 18.4727 -21.6677 3.64392 20.6617 -20.6722 0.454951 22.4534 -19.4067 -2.87711 23.7727 -17.9098 -6.33155 24.5399 -16.2338 -9.85991 24.6849 -14.4357 -13.4085 24.1491 -12.5949 -16.8832 22.8953 -10.7931 -20.1892 20.9271 -9.13486 -23.1919 18.2819 -7.71901 -25.7679 15.0609 -6.65136 -27.7803 11.4048 -6.01923 -29.121 7.49587 -5.89016 -29.716 3.56116 -6.28078 -29.5903 -0.232113 -7.12977 -28.7818 -3.73101 -8.34342 -27.3507 -6.84954 -9.82594 -25.3689 -9.52409 -11.4749 -22.9239 -11.7383 -13.2007 -20.0907 -13.4921 -14.9161 -16.9457 -14.8085 -16.5467 -13.5475 -15.7183 -18.0223 -9.95104 -16.2602 -19.2793 -6.19992 -16.4754 -20.2569 -2.33435 -16.407 -20.8956 1.60424 -16.0992 -21.1377 5.57559 -15.5984 -20.9273 9.52315 -14.9525 -20.2122 13.3896 -14.2156 -18.9519 17.0871 -13.4436 -17.1163 20.5277 -12.7009 -14.7048 23.5919 -12.0544 -11.7449 26.1566 -11.5722 -8.29183 28.0974 -11.326 -4.48711 29.2752 -11.3748 -0.510349 29.6232 -11.5806 3.46983 29.3898 -11.6262 7.40214 28.8496 -11.171 11.2217 27.8698 -10.2866 14.6767 26.1618 -9.38893 17.6366 23.6983 -8.8714 20.0864 20.6227 -8.73758 21.9626 17.1312 -8.92703 23.2325 13.3671 -9.36632 23.8929 9.46997 -9.97838 23.9721 5.53078 -10.6831 23.5119 1.63337 -11.4048 22.5606 -2.17719 -12.068 21.1704 -5.8614 -12.6007 19.3904 -9.39849 -12.931 17.2709 -12.7692 -12.988 14.8631 -15.9552 -12.7014 12.2205 -18.9364 -12.0042 9.40999 -21.6798 -10.8343 6.50432 -24.1496 -9.14691 3.60454 -26.2899 -6.91239 0.818727 -28.0456 -4.14666 -1.70894 -29.346 -0.894072 -3.83717 -30.1336 2.72559 -5.40561 -30.3579 6.56162 -6.28244 -29.9998 10.3998 -6.36425 -29.0806 14.0293 -5.6485 -27.7029 17.2715 -4.20675 -25.945 19.9688 -2.1599 -23.8917 22.034 0.359333 -21.6194 23.4159 3.19905 -19.2109 24.1154 6.22852 -16.7235 24.159 9.31728 -14.2113 23.5964 12.3656 -11.7018 22.4892 15.2815 -9.21632 20.9024 17.9965 -6.75743 18.9039 20.4491 -4.32301 16.559 22.5892 -1.90176 13.9328 24.3714 0.520596 11.0913 25.7525 2.95863 8.10039 26.692 5.42793 5.03623 27.1489 7.93572 1.97572 27.0862 10.4884 -0.983735 26.4718 13.0742 -3.74465 25.283 15.6793 -6.1881 23.5159 18.266 -8.19284 21.1889 20.7862 -9.63807 18.3416 23.1823 -10.4066 15.0898 25.3672 -10.767 11.6196 27.3042 -11.1291 7.98241 28.9054 -11.607 4.14877 29.8033 -11.8912 0.19272 29.7857 -11.6447 -3.68944 29.0752 -10.7001 -7.38197 28.0217 -9.14634 -10.7912 26.7112 -7.09079 -13.8199 25.1763 -4.63354 -16.4255 23.4375 -1.88474 -18.5748 21.5204 1.0656 -20.2671 19.4353 4.12467 -21.5074 17.1946 7.21706 -22.3141 14.7989 10.2665 -22.7081 12.2496 13.2049 -22.7141 9.54218 -12.9052 -12.9058 -12.9061 -12.906 -12.9058 -12.9058 -12.9063 -12.9074 -12.9094 -12.9123 -12.9161 -12.9206 -12.9255 -12.9309 -12.9361 -12.9412 -12.9458 -12.95 -12.9533 -12.9556 -12.9566 -12.9563 -12.9547 -12.9517 -12.9472 -12.9413 -12.9343 -12.9264 -12.9178 -12.909 -12.9004 -12.8924 -12.8855 -12.8799 -12.876 -12.874 -12.8747 -12.8781 -12.8839 -12.8917 -12.9012 -12.9121 -12.9236 -12.9354 -12.947 -12.9579 -12.968 -12.9768 -12.9843 -12.9901 -12.9944 -12.9971 -12.9982 -12.998 -12.9965 -12.9938 -12.99 -12.9844 -12.9738 -12.9998 -12.9818 -12.9748 -12.9697 -12.9653 -12.9616 -12.9582 -12.9553 -12.9526 -12.9502 -12.9478 -12.9455 -12.9431 -12.9404 -12.9376 -12.9346 -12.9316 -12.9284 -12.925 -12.9208 -12.916 -12.9115 -12.9088 -12.9081 -12.9092 -12.9124 -12.9176 -12.9247 -12.9343 -12.945 -12.9567 -12.97 -12.9841 -12.9981 -13.0114 -13.0237 -13.0346 -13.0439 -13.0513 -13.0568 -13.0601 -0.0725428
14.5207 -21.924 6.02038 17.2083 -21.2553 3.14259 19.6119 -20.2834 0.104419 21.6468 -19.0382 -3.09291 23.2274 -17.5538 -6.4414 24.2597 -15.8797 -9.90241 24.6576 -14.0724 -13.4269 24.3429 -12.2136 -16.9189 23.2613 -10.391 -20.274 21.4027 -8.72048 -23.339 18.8041 -7.31564 -25.968 15.583 -6.29524 -28.0047 11.9105 -5.74813 -29.3377 7.99558 -5.72347 -29.9059 4.07554 -6.21741 -29.7072 0.33325 -7.17754 -28.7925 -3.07263 -8.51077 -27.2479 -6.0611 -10.1142 -25.1626 -8.57995 -11.876 -22.6325 -10.6249 -13.6998 -19.7341 -12.2076 -15.4945 -16.543 -13.3617 -17.185 -13.1153 -14.128 -18.7013 -9.50236 -14.5538 -19.9806 -5.74382 -14.6881 -20.9633 -1.87593 -14.5804 -21.5931 2.06318 -14.2808 -21.8162 6.03624 -13.8402 -21.5759 9.98923 -13.3106 -20.8069 13.863 -12.7507 -19.4423 17.5544 -12.2248 -17.4315 20.943 -11.8054 -14.7906 23.8765 -11.556 -11.6118 26.2405 -11.511 -8.02751 27.9938 -11.6516 -4.20951 29.1456 -11.8844 -0.269804 29.7474 -12.0367 3.71867 29.8301 -11.8721 7.66035 29.3916 -11.2797 11.4484 28.3646 -10.3742 14.8993 26.6593 -9.35105 17.8714 24.2604 -8.47242 20.286 21.2396 -7.97463 22.1182 17.7577 -7.86408 23.3242 13.9696 -8.08624 23.9141 10.043 -8.55787 23.939 6.08384 -9.19141 23.4569 2.17692 -9.90645 22.5203 -1.63845 -10.6237 21.1755 -5.32937 -11.2652 19.4617 -8.88102 -11.7514 17.4177 -12.2793 -12.002 15.0834 -15.5104 -11.9371 12.5019 -18.5573 -11.4783 9.73004 -21.3888 -10.5508 6.83224 -23.9683 -9.09436 3.90374 -26.2353 -7.0634 1.05139 -28.1262 -4.45794 -1.57448 -29.5564 -1.31387 -3.8193 -30.4533 2.2469 -5.50525 -30.7542 6.06018 -6.49098 -30.4393 9.89839 -6.68003 -29.5364 13.5302 -6.05461 -28.1213 16.7588 -4.66853 -26.295 19.4208 -2.64159 -24.1768 21.4316 -0.115526 -21.8638 22.7472 2.74737 -19.4456 23.3751 5.80838 -16.9778 23.3478 8.93193 -14.5088 22.7194 12.016 -12.0593 21.5552 14.9681 -9.64363 19.9229 17.7207 -7.25736 17.892 20.2133 -4.89133 15.5287 22.3967 -2.52741 12.898 24.2253 -0.144718 10.0666 25.6539 2.27754 7.10103 26.638 4.76 4.07965 27.1308 7.3125 1.08374 27.0896 9.94109 -1.78179 26.4804 12.6318 -4.40885 25.2857 15.3692 -6.67141 23.5152 18.1134 -8.45919 21.2046 20.806 -9.6994 18.3999 23.3619 -10.4755 15.2355 25.6691 -10.9811 11.8062 27.6459 -11.3671 8.144 29.1833 -11.7196 4.30668 30.1226 -11.964 0.354852 30.3563 -11.8641 -3.56861 29.8739 -11.2578 -7.30815 28.7404 -10.0743 -10.7198 27.0932 -8.33781 -13.6939 25.12 -6.11997 -16.2096 22.9746 -3.52895 -18.2675 20.7606 -0.665421 -19.889 18.5053 2.36501 -21.0843 16.2022 5.47608 -21.8675 13.8229 8.5852 -22.2538 11.3456 11.6229 -22.2648 8.75005 -9.06294 -9.06916 -9.07646 -9.08473 -9.0935 -9.10183 -9.10817 -9.11068 -9.10715 -9.09644 -9.08025 -9.06476 -9.05955 -9.07243 -9.08392 -9.09112 -9.09623 -9.10068 -9.10501 -9.10906 -9.10938 -9.10708 -9.10453 -9.10137 -9.09708 -9.09172 -9.08523 -9.07751 -9.07081 -9.06745 -9.06994 -9.07849 -9.08749 -9.08308 -9.05025 -9.04228 -9.07935 -9.10471 -9.10802 -9.09753 -9.08013 -9.07851 -9.07932 -9.0812 -9.08522 -9.09186 -9.10039 -9.10966 -9.11867 -9.12669 -9.13321 -9.1378 -9.14001 -9.13934 -9.13491 -9.12529 -9.10742 -9.07884 -9.03711 -9.37779 -9.1864 -9.15535 -9.13433 -9.11782 -9.10634 -9.0989 -9.09412 -9.09083 -9.08835 -9.08626 -9.08434 -9.08243 -9.0804 -9.07826 -9.07609 -9.07445 -9.07497 -9.08174 -9.10052 -9.13288 -9.16922 -9.19332 -9.18763 -9.11259 -9.04962 -9.08251 -9.14266 -9.12263 -9.09239 -9.07677 -9.08473 -9.09926 -9.11371 -9.1267 -9.13829 -9.14901 -9.15915 -9.16844 -9.17645 -9.18302 -0.0417271
13.0535 -21.446 5.32509 15.9108 -20.8037 2.6093 18.5174 -19.8615 -0.266437 20.7833 -18.6446 -3.31591 22.616 -17.183 -6.54373 23.9095 -15.5222 -9.92242 24.5613 -13.7167 -13.4098 24.4727 -11.8493 -16.9103 23.5703 -10.0134 -20.3108 21.8298 -8.3349 -23.4401 19.2871 -6.93962 -26.1281 16.0735 -5.95708 -28.195 12.3861 -5.48102 -29.5142 8.46375 -5.55789 -30.0231 4.56704 -6.17428 -29.7302 0.890792 -7.26647 -28.7029 -2.40601 -8.73001 -27.0438 -5.24934 -10.4539 -24.8543 -7.59869 -12.32 -22.2373 -9.46212 -14.2286 -19.272 -10.864 -16.0867 -16.033 -11.8487 -17.8196 -12.5737 -12.4664 -19.3587 -8.94199 -12.7727 -20.6418 -5.17315 -12.8257 -21.6049 -1.29837 -12.6847 -22.1805 2.64797 -12.4076 -22.3032 6.62702 -12.0469 -21.9196 10.5768 -11.6463 -20.995 14.432 -11.2511 -19.5106 18.0984 -10.9194 -17.444 21.4779 -10.732 -14.7933 24.4265 -10.7682 -11.6084 26.7952 -11.0565 -8.00632 28.4878 -11.5248 -4.17653 29.5059 -12.0056 -0.240295 29.9669 -12.2859 3.74203 29.9836 -12.1835 7.68895 29.5744 -11.6204 11.5075 28.6489 -10.6626 15.0118 27.0872 -9.49541 18.0338 24.8201 -8.36004 20.4456 21.8838 -7.47752 22.1853 18.431 -6.97465 23.2785 14.6404 -6.88032 23.7833 10.6967 -7.14454 23.7693 6.71834 -7.67667 23.2931 2.7956 -8.37585 22.3974 -1.03252 -9.14289 21.1182 -4.73672 -9.88675 19.4857 -8.30664 -10.5201 17.5306 -11.7329 -10.9566 15.2843 -15.0062 -11.1092 12.7803 -18.1142 -10.8889 10.0654 -21.0283 -10.2091 7.19461 -23.713 -8.99375 4.25576 -26.1052 -7.18198 1.35184 -28.1352 -4.75765 -1.36549 -29.7062 -1.74594 -3.73426 -30.7295 1.73497 -5.56163 -31.1245 5.51298 -6.68761 -30.8586 9.34374 -6.99714 -29.9574 12.9757 -6.46011 -28.5069 16.1957 -5.12675 -26.6269 18.8317 -3.12036 -24.4573 20.7981 -0.590495 -22.1105 22.0555 2.29201 -19.6846 22.6177 5.3814 -17.2365 22.5238 8.53733 -14.8107 21.8333 11.6555 -12.4218 20.6159 14.643 -10.0769 18.9416 17.4328 -7.76422 16.8814 19.9655 -5.46721 14.5019 22.1928 -3.16112 11.8683 24.0694 -0.819415 9.04699 25.5498 1.58338 6.10546 26.5876 4.07247 3.12545 27.1292 6.66337 0.197692 27.1182 9.36786 -2.55622 26.5042 12.1716 -5.00991 25.2621 15.0453 -7.03747 23.421 17.9232 -8.57148 21.0652 20.7306 -9.6363 18.2975 23.4033 -10.3397 15.2252 25.8535 -10.8521 11.8889 27.9818 -11.3291 8.286 29.6295 -11.8337 4.46879 30.5809 -12.2982 0.531112 30.6776 -12.5305 -3.34023 29.9067 -12.3008 -7.00254 28.4334 -11.4327 -10.3633 26.5085 -9.88607 -13.3317 24.3755 -7.74845 -15.8595 22.1641 -5.18584 -17.9136 19.9139 -2.34458 -19.504 17.6088 0.661378 -20.6526 15.2506 3.76486 -21.394 12.8482 6.90612 -21.7583 10.4084 10.026 -21.7697 7.9123 -5.2253 -5.23693 -5.25106 -5.26745 -5.28504 -5.30159 -5.31345 -5.31642 -5.30653 -5.2827 -5.2493 -5.21762 -5.20237 -5.21317 -5.22815 -5.24055 -5.25006 -5.25736 -5.2636 -5.26905 -5.26777 -5.26224 -5.25762 -5.25378 -5.24975 -5.24453 -5.23725 -5.22933 -5.22504 -5.22353 -5.22592 -5.23721 -5.26356 -5.29789 -5.30268 -5.29553 -5.31219 -5.32356 -5.31534 -5.29662 -5.26655 -5.24488 -5.23027 -5.22206 -5.22017 -5.22388 -5.23156 -5.24137 -5.25176 -5.26158 -5.26991 -5.27587 -5.27858 -5.27702 -5.26959 -5.25342 -5.22226 -5.17106 -5.10243 -5.87865 -5.40521 -5.33081 -5.29209 -5.26574 -5.24845 -5.23788 -5.23186 -5.22855 -5.22677 -5.22576 -5.2251 -5.2245 -5.22384 -5.22338 -5.22383 -5.22656 -5.23389 -5.25136 -5.28934 -5.35285 -5.42386 -5.47062 -5.46172 -5.36797 -5.27737 -5.27151 -5.3075 -5.27587 -5.22374 -5.18379 -5.17865 -5.19796 -5.22307 -5.24465 -5.26072 -5.27315 -5.2838 -5.29346 -5.30255 -5.31151 -0.0116763
10.9801 -20.7082 4.36283 14.0378 -20.1113 1.86362 16.8929 -19.2239 -0.784628 19.4538 -18.0653 -3.61551 21.6213 -16.658 -6.65446 23.2748 -15.0394 -9.89369 24.2911 -13.2576 -13.3053 24.541 -11.3938 -16.7999 23.9194 -9.54656 -20.2568 22.3741 -7.85579 -23.4804 19.9327 -6.46728 -26.2642 16.7437 -5.5293 -28.3889 13.0436 -5.14486 -29.7026 9.11752 -5.35652 -30.1391 5.26128 -6.13584 -29.7241 1.68579 -7.40169 -28.5508 -1.45222 -9.03367 -26.7472 -4.091 -10.9108 -24.4313 -6.20759 -12.9088 -21.715 -7.827 -14.9256 -18.6788 -8.98989 -16.8674 -15.3946 -9.75419 -18.6596 -11.9099 -10.182 -20.2336 -8.26584 -10.3383 -21.5281 -4.49168 -10.2873 -22.4825 -0.614715 -10.0929 -23.034 3.33279 -9.82044 -23.1152 7.31322 -9.53943 -22.6531 11.261 -9.3241 -21.5766 15.0915 -9.25109 -19.8441 18.6686 -9.3851 -17.4661 21.8511 -9.75962 -14.537 24.5037 -10.359 -11.2011 26.5697 -11.1153 -7.58821 28.0856 -11.9005 -3.81755 29.1293 -12.5502 0.0668645 29.7826 -12.8825 4.03572 30.0577 -12.7422 7.99862 29.8794 -12.0579 11.8338 29.1188 -10.8899 15.3206 27.6649 -9.42104 18.2706 25.4798 -7.90641 20.5628 22.6199 -6.60359 22.1643 19.2338 -5.68918 23.1322 15.4863 -5.24493 23.5479 11.5562 -5.25565 23.4919 7.56941 -5.64394 23.0223 3.62903 -6.3029 22.1767 -0.217572 -7.11916 20.9823 -3.9395 -7.98693 19.4597 -7.52998 -8.8069 17.63 -10.9858 -9.48309 15.514 -14.3049 -9.91835 13.1325 -17.4816 -10.0116 10.5171 -20.492 -9.66246 7.70783 -23.3022 -8.77912 4.77969 -25.8482 -7.28426 1.8271 -28.0581 -5.1385 -1.001 -29.8264 -2.34224 -3.53605 -31.0443 1.00406 -5.56319 -31.5965 4.72122 -6.89093 -31.4186 8.53591 -7.37401 -30.5257 12.1633 -6.96582 -29.0226 15.3686 -5.71329 -27.0636 17.9708 -3.74315 -24.8212 19.8813 -1.21333 -22.4287 21.0618 1.69376 -19.9935 21.5321 4.82033 -17.5734 21.342 8.01731 -15.2077 20.561 11.1768 -12.9025 19.2665 14.2058 -10.6542 17.5321 17.039 -8.44056 15.4302 19.6184 -6.23504 13.0276 21.8964 -4.00367 10.3894 23.8269 -1.71157 7.58274 25.3616 0.674394 4.67845 26.4472 3.18673 1.76621 27.0201 5.84699 -1.04919 27.0149 8.66827 -3.63058 26.3794 11.627 -5.84609 25.1022 14.6736 -7.59062 23.2372 17.717 -8.8446 20.8885 20.6658 -9.68719 18.1583 23.4538 -10.2629 15.1373 25.9995 -10.7409 11.8535 28.2157 -11.2469 8.30305 29.9654 -11.8115 4.53164 31.0557 -12.3632 0.612811 31.3184 -12.7407 -3.26884 30.6658 -12.7588 -6.92433 29.1581 -12.2639 -10.2063 26.9817 -11.1786 -13.0223 24.4037 -9.50195 -15.3711 21.6611 -7.30568 -17.2715 18.9382 -4.68924 -18.7603 16.3202 -1.77184 -19.8599 13.8311 1.34304 -20.5899 11.44 4.55881 -20.9642 9.10085 7.79597 -20.9982 6.75904 0.0555892 0.0373132 0.0143299 -0.0133508 -0.0440572 -0.0736568 -0.0951745 -0.100235 -0.0816844 -0.0384756 0.0202406 0.0747361 0.102905 0.0936999 0.0733716 0.0540788 0.0392791 0.02913 0.0214626 0.014903 0.0177787 0.0260328 0.031769 0.035871 0.0398316 0.0443212 0.0506812 0.0584962 0.059979 0.0531157 0.034903 0.00210079 -0.0427364 -0.080745 -0.0766543 -0.0681591 -0.0964317 -0.116592 -0.103909 -0.0699131 -0.0209072 0.0177277 0.0446449 0.0598155 0.0636575 0.0576693 0.0444103 0.0267609 0.00734968 -0.0114913 -0.027506 -0.0382923 -0.0412922 -0.034087 -0.0140982 0.0224212 0.0842466 0.176126 0.269328 -1.15418 -0.172789 -0.0147634 0.062913 0.112893 0.143931 0.160335 0.165828 0.163678 0.156526 0.14655 0.135462 0.124539 0.114608 0.105787 0.0975097 0.0880835 0.072876 0.0390901 -0.0332143 -0.144864 -0.256779 -0.321155 -0.304193 -0.182862 -0.0582542 -0.02713 -0.0505993 -0.0110195 0.0495606 0.101748 0.125961 0.128099 0.120182 0.107524 0.0934898 0.0796172 0.0659872 0.0523659 0.0387 0.0249223 0.0387655
13.1901 -19.9473 1.42875 15.9034 -18.8634 -1.29433 18.381 -17.5 -4.11474 20.5334 -15.8811 -7.05766 22.2648 -14.0346 -10.141 23.4623 -12.0075 -13.3509 24.0117 -9.85842 -16.6564 23.798 -7.68398 -19.9692 22.7307 -5.60026 -23.1735 20.7794 -3.76884 -26.0851 17.9959 -2.35464 -28.512 14.5582 -1.51735 -30.257 10.7293 -1.35606 -31.1937 6.81097 -1.89309 -31.2836 3.09922 -3.06618 -30.5787 -0.21122 -4.76083 -29.1887 -2.99179 -6.82714 -27.249 -5.20956 -9.12774 -24.8743 -6.86907 -11.529 -22.1669 -8.01482 -13.9282 -19.1937 -8.70252 -16.2331 -16.012 -8.999 -18.3736 -12.655 -8.97297 -20.2857 -9.15028 -8.69386 -21.9132 -5.51464 -8.23065 -23.1997 -1.76303 -7.6536 -24.0851 2.08507 -7.03614 -24.503 6.00537 -6.46011 -24.3793 9.94627 -6.01347 -23.6416 13.8365 -5.78696 -22.2447 17.5513 -5.85319 -20.1941 20.9561 -6.24467 -17.5744 23.9124 -6.93525 -14.5185 26.3496 -7.8434 -11.1469 28.2813 -8.82928 -7.57135 29.7533 -9.72676 -3.83052 30.8203 -10.362 0.0565159 31.4725 -10.5894 4.01669 31.6188 -10.3449 7.94748 31.1245 -9.67597 11.6394 29.8762 -8.74096 14.8985 27.8418 -7.76261 17.5796 25.0882 -6.96674 19.6117 21.7768 -6.51137 21.0165 18.0842 -6.46821 21.8474 14.1952 -6.8232 22.1717 10.2371 -7.50291 22.0439 6.31035 -8.40674 21.5067 2.45807 -9.42549 20.5945 -1.29374 -10.4561 19.3371 -4.94331 -11.4004 17.7638 -8.49234 -12.1635 15.9044 -11.9437 -12.65 13.7901 -15.2972 -12.762 11.4627 -18.5347 -12.4024 8.97064 -21.6285 -11.4825 6.39134 -24.5161 -9.92808 3.816 -27.1213 -7.70574 1.38149 -29.3267 -4.8241 -0.759935 -31.0117 -1.38968 -2.41832 -32.0444 2.42003 -3.4241 -32.3384 6.33306 -3.64816 -31.8688 10.0539 -3.04965 -30.6937 13.325 -1.67727 -28.9339 15.9449 0.337209 -26.7524 17.8209 2.83052 -24.295 18.9264 5.6191 -21.6919 19.2997 8.5497 -19.0225 19.0081 11.4824 -16.3452 18.135 14.3187 -13.6808 16.7684 16.9757 -11.0391 14.9906 19.3963 -8.40927 12.881 21.53 -5.77644 10.5119 23.3353 -3.11765 7.95366 24.7707 -0.409133 5.27876 25.7918 2.37068 2.56384 26.3495 5.24181 -0.0959922 26.388 8.21003 -2.59285 25.8535 11.2705 -4.79506 24.7141 14.3807 -6.58553 22.9783 17.4796 -7.88262 20.7152 20.4762 -8.68638 18.0293 23.2913 -9.08204 15.0119 25.875 -9.21174 11.743 28.1631 -9.23574 8.24495 30.0832 -9.27734 4.51958 31.5126 -9.38289 0.628832 32.2755 -9.5066 -3.33498 32.2152 -9.52362 -7.17001 31.2519 -9.27559 -10.6778 29.4436 -8.6196 -13.7101 26.9681 -7.47356 -16.1846 24.0842 -5.8211 -18.1168 21.0206 -3.7157 -19.5489 17.9601 -1.24133 -20.5381 14.9912 1.49393 -21.1251 12.1469 4.39239 -21.34 9.40721 7.36004 -21.2035 6.73754 10.3176 -20.7334 4.09251 0.0593566 0.0322415 -0.00203726 -0.0423098 -0.0853933 -0.125519 -0.154332 -0.16259 -0.142612 -0.092696 -0.0213835 0.0506046 0.097331 0.102918 0.0914181 0.0760658 0.0627248 0.0535056 0.0452169 0.0309955 0.0270314 0.0317554 0.0335323 0.0331346 0.0326276 0.0325092 0.0352052 0.0451333 0.0574005 0.0670197 0.0714943 0.0683544 0.0577701 0.0486638 0.0593967 0.0439035 -0.025582 -0.0846259 -0.100319 -0.0853295 -0.0493387 -0.0197406 0.00182729 0.0158002 0.0226036 0.0227999 0.0173146 0.00720418 -0.00665666 -0.0236094 -0.0431195 -0.0646302 -0.0874086 -0.110401 -0.131636 -0.147239 -0.158011 -0.207123 -0.553621 0.397458 0.206476 0.125634 0.0962403 0.084109 0.0772008 0.0719618 0.0680766 0.0663939 0.0678836 0.0733387 0.0832132 0.0976519 0.116385 0.138211 0.160302 0.1763 0.17277 0.126292 0.0167591 -0.137701 -0.278537 -0.356425 -0.348013 -0.241852 -0.143846 -0.141627 -0.179456 -0.135746 -0.0628381 0.00741985 0.0577147 0.0847487 0.0967172 0.099728 0.0976457 0.0923844 0.0842886 0.0732645 0.0593263 0.0424981 0.0469631
16.5355 -17.9006 -3.70689 18.385 -16.1058 -6.75824 19.9857 -14.0785 -9.80466 21.2647 -11.8456 -12.8531 22.1428 -9.43768 -15.9101 22.5256 -6.9069 -18.9591 22.3119 -4.31545 -21.9734 21.4057 -1.76522 -24.8758 19.7342 0.626902 -27.5652 17.2879 2.6939 -29.8853 14.124 4.2485 -31.6772 10.4245 5.06663 -32.777 6.49238 4.94626 -33.0731 2.75323 3.76932 -32.5406 -0.441951 1.78198 -31.3192 -2.99496 -0.711793 -29.5794 -4.91516 -3.47104 -27.4668 -6.26133 -6.35249 -25.0718 -7.08234 -9.24933 -22.4669 -7.43377 -12.0939 -19.6932 -7.37656 -14.8212 -16.7831 -6.97909 -17.3821 -13.7462 -6.31075 -19.7282 -10.5857 -5.43835 -21.8152 -7.29509 -4.4284 -23.5955 -3.86653 -3.35274 -25.0134 -0.294761 -2.29154 -26.0047 3.4222 -1.33796 -26.4957 7.25985 -0.587433 -26.4169 11.1724 -0.130055 -25.7194 15.0591 -0.0270632 -24.3916 18.8045 -0.301356 -22.4721 22.2681 -0.932988 -20.0372 25.3386 -1.8745 -17.1731 27.9527 -3.05038 -14.0027 30.0715 -4.28936 -10.5979 31.7476 -5.38306 -6.97491 33.0185 -6.24142 -3.15762 33.6872 -6.81515 0.769168 33.6089 -7.10532 4.60838 32.7077 -7.19578 8.17396 31.001 -7.24437 11.3201 28.587 -7.45457 13.9658 25.6402 -8.01686 16.1229 22.3467 -8.86028 17.7456 18.8151 -9.90459 18.838 15.1255 -11.0729 19.4245 11.3587 -12.3064 19.5475 7.56284 -13.5464 19.2528 3.77849 -14.7277 18.586 0.0205162 -15.7697 17.5911 -3.70601 -16.5816 16.3128 -7.40168 -17.0691 14.7982 -11.0651 -17.14 13.1052 -14.6762 -16.7126 11.2998 -18.2073 -15.7222 9.46809 -21.5986 -14.1229 7.69947 -24.7845 -11.9046 6.09852 -27.6561 -9.08172 4.75777 -30.0979 -5.73613 3.78178 -31.9599 -1.99049 3.28051 -33.1136 1.94059 3.39542 -33.4547 5.75459 4.27321 -32.9385 9.0618 5.99653 -31.6069 11.5838 8.25998 -29.5581 13.2414 10.7655 -26.9601 14.0722 13.2894 -24.008 14.1771 15.7111 -20.8492 13.6667 17.9524 -17.598 12.6509 19.9683 -14.3099 11.2368 21.7167 -11.016 9.51945 23.1664 -7.71684 7.58516 24.2867 -4.40935 5.5093 25.0489 -1.085 3.3636 25.4219 2.26143 1.22071 25.3732 5.62765 -0.847959 24.8738 9.00364 -2.76919 23.907 12.3594 -4.47921 22.4699 15.6607 -5.91196 20.5795 18.8539 -7.00501 18.2551 21.8912 -7.68445 15.5287 24.7001 -7.87582 12.4369 27.188 -7.62555 9.05417 29.2934 -7.10217 5.47859 30.9907 -6.44476 1.74812 32.2462 -5.7408 -2.10931 32.9874 -5.02907 -6.0097 33.1011 -4.2979 -9.85429 32.4556 -3.52226 -13.4181 30.9276 -2.59424 -16.487 28.6129 -1.40081 -18.9373 25.7274 0.0583651 -20.7289 22.5 1.76034 -21.8986 19.0962 3.66344 -22.5078 15.6527 5.72716 -22.6333 12.2407 7.89737 -22.3428 8.9056 10.1225 -21.6896 5.6535 12.3429 -20.7137 2.48004 14.5008 -19.4432 -0.633578 0.0738795 0.0462957 0.0085522 -0.038046 -0.0900643 -0.141588 -0.185213 -0.214114 -0.221439 -0.198133 -0.133144 -0.0237575 0.108431 0.160036 0.14967 0.117741 0.0894162 0.0741722 0.0664802 0.0509434 0.0482516 0.0563548 0.057797 0.0536362 0.0471072 0.038885 0.0343384 0.0459682 0.0732458 0.106206 0.143027 0.183033 0.22572 0.271891 0.31478 0.289937 0.128983 -0.0290032 -0.104585 -0.114551 -0.0874468 -0.0643588 -0.0516815 -0.0309772 -0.00140328 0.0370647 0.0852648 0.144989 0.218347 0.307551 0.414697 0.541695 0.689884 0.859937 1.05196 1.26863 1.49883 1.65629 1.37102 1.52203 -1.58096 -1.88061 -1.70664 -1.49997 -1.28777 -1.07801 -0.877148 -0.690273 -0.520009 -0.366061 -0.226564 -0.0993464 0.0169179 0.121496 0.209355 0.267457 0.272394 0.197244 0.0387628 -0.152566 -0.299771 -0.366207 -0.351191 -0.252658 -0.187915 -0.241661 -0.3328 -0.31659 -0.248465 -0.168241 -0.0866371 -0.0177277 0.032739 0.0677624 0.0905139 0.103897 0.109813 0.109366 0.103157 0.091443 0.0840524
17.6325 -16.2658 -6.49259 19.0609 -14.108 -9.53505 20.2285 -11.7413 -12.5331 21.0658 -9.19736 -15.4898 21.4963 -6.5117 -18.4081 21.4313 -3.74442 -21.2691 20.7769 -0.966129 -24.0441 19.4519 1.71127 -26.6565 17.4026 4.1637 -29.0092 14.6437 6.21934 -30.9593 11.2528 7.68677 -32.3687 7.43161 8.33469 -33.1059 3.50499 7.95287 -33.0982 -0.0712401 6.42874 -32.365 -2.96586 4.06886 -31.0601 -5.13287 1.22372 -29.3359 -6.62925 -1.84698 -27.3121 -7.53889 -5.00064 -25.0586 -7.92248 -8.13563 -22.6347 -7.83833 -11.1917 -20.073 -7.35028 -14.1104 -17.3985 -6.52875 -16.8492 -14.6123 -5.44608 -19.366 -11.7082 -4.17124 -21.6225 -8.67053 -2.7729 -23.5774 -5.48187 -1.32581 -25.1816 -2.12665 0.0861264 -26.3787 1.40863 1.36387 -27.1017 5.11302 2.40614 -27.2856 8.95458 3.11581 -26.8772 12.8445 3.42595 -25.8536 16.6731 3.30595 -24.2373 20.2965 2.7658 -22.0931 23.5929 1.83957 -19.5075 26.4877 0.586434 -16.6085 28.9267 -0.796188 -13.4583 30.9519 -2.07648 -10.0582 32.6065 -3.17831 -6.39449 33.6643 -4.05914 -2.53504 33.9534 -4.71386 1.32196 33.3784 -5.21592 4.97732 31.9568 -5.71127 8.26955 29.802 -6.38938 11.1012 27.1095 -7.41161 13.4626 24.0771 -8.6871 15.2997 20.7886 -10.1236 16.6099 17.3076 -11.6374 17.4125 13.7074 -13.1712 17.7496 10.036 -14.6713 17.6693 6.3361 -16.0794 17.222 2.62398 -17.3207 16.458 -1.09597 -18.3089 15.4281 -4.82614 -18.954 14.1864 -8.56699 -19.1684 12.7963 -12.2997 -18.8752 11.329 -15.9973 -18.0132 9.87193 -19.5988 -16.5385 8.51159 -23.0355 -14.4403 7.33845 -26.19 -11.7312 6.42374 -28.9382 -8.48814 5.84308 -31.1195 -4.82632 5.68679 -32.5956 -0.952473 6.08972 -33.239 2.82458 7.20406 -32.9639 6.08259 9.10934 -31.7656 8.55341 11.4508 -29.7423 10.1805 13.9088 -27.0804 11.0184 16.2678 -23.9969 11.1714 18.4307 -20.6573 10.745 20.3453 -17.1923 9.84327 21.987 -13.6711 8.5713 23.3288 -10.1372 7.02588 24.349 -6.60077 5.2961 25.0245 -3.06697 3.45992 25.3323 0.465064 1.59075 25.2469 3.9922 -0.238451 24.7428 7.50301 -1.9576 23.7994 10.9787 -3.49846 22.411 14.3825 -4.80449 20.5861 17.6766 -5.81998 18.3519 20.8072 -6.49086 15.7334 23.7255 -6.75116 12.7665 26.355 -6.53224 9.49189 28.5944 -5.87014 5.98264 30.3792 -4.94431 2.33624 31.7156 -3.90103 -1.41373 32.5956 -2.8367 -5.24209 32.964 -1.80664 -9.06455 32.7181 -0.819349 -12.7751 31.7235 0.118937 -16.132 29.8558 1.11347 -18.9165 27.23 2.30047 -21.0105 24.0739 3.67262 -22.4006 20.6185 5.20936 -23.1484 17.0227 6.88134 -23.3321 13.4141 8.66262 -23.0329 9.85682 10.5127 -22.3202 6.39467 12.3888 -21.2484 3.03529 14.2376 -19.8614 -0.22224 16.0048 -18.1915 -3.39302 0.0705482 0.0383018 -0.00463396 -0.0559947 -0.111287 -0.163935 -0.206937 -0.235022 -0.243048 -0.222066 -0.15802 -0.0422668 0.107783 0.175095 0.170799 0.138192 0.106736 0.0885555 0.0780206 0.0574201 0.0520417 0.0607637 0.0622355 0.0570558 0.0488427 0.0376024 0.0283682 0.0382361 0.0702845 0.111943 0.161666 0.220902 0.29243 0.378116 0.454138 0.439498 0.240952 0.0231818 -0.0979064 -0.133202 -0.119491 -0.104696 -0.0964987 -0.077139 -0.0468753 -0.00701393 0.042172 0.101689 0.173028 0.257812 0.357598 0.473844 0.607557 0.759298 0.92967 1.1234 1.32998 1.45308 1.11893 1.49636 -1.01257 -1.618 -1.55718 -1.41026 -1.23599 -1.05062 -0.864229 -0.684375 -0.515588 -0.358939 -0.213542 -0.0780626 0.0478873 0.162305 0.258367 0.32076 0.323888 0.239886 0.0669757 -0.140456 -0.300897 -0.375185 -0.367932 -0.282603 -0.234938 -0.305078 -0.406676 -0.393228 -0.319087 -0.225009 -0.12608 -0.0402207 0.0243962 0.0703759 0.100692 0.118543 0.126399 0.125957 0.118279 0.10395 0.0964497
19.7784 -12.1253 -12.0908 19.8733 -9.58767 -15.1738 19.6817 -6.88095 -18.1047 19.1768 -4.04518 -20.865 18.3254 -1.12446 -23.4456 17.0921 1.81612 -25.8289 15.4391 4.71602 -27.9983 13.3453 7.49656 -29.9048 10.7825 10.0854 -31.4796 7.73578 12.341 -32.6065 4.19707 14.0191 -33.1547 0.31519 14.7086 -33.0117 -3.47349 13.9743 -32.1929 -6.45689 11.683 -30.9685 -8.38452 8.52658 -29.5641 -9.49065 5.06449 -27.9656 -10.0208 1.59105 -26.1166 -10.0843 -1.78018 -23.9995 -9.68319 -4.99139 -21.6803 -8.79897 -8.03141 -19.2543 -7.45035 -10.886 -16.8167 -5.69935 -13.5514 -14.4147 -3.63859 -16.0225 -12.051 -1.36744 -18.3007 -9.68533 1.01427 -20.3854 -7.251 3.40416 -22.2658 -4.66691 5.69671 -23.9124 -1.84601 7.77363 -25.2597 1.27637 9.51936 -26.2072 4.73066 10.8185 -26.6239 8.46438 11.5831 -26.3936 12.3585 11.754 -25.4686 16.2147 11.3187 -23.9126 19.8403 10.3017 -21.8777 23.1186 8.76842 -19.5776 25.9964 6.95074 -17.0597 28.505 5.16359 -14.2122 30.6578 3.51373 -10.952 32.2084 2.00321 -7.35939 32.961 0.596007 -3.66573 32.8498 -0.821877 -0.0877613 31.9429 -2.39575 3.19813 30.3765 -4.25201 6.04745 28.336 -6.36395 8.41191 25.9349 -8.63667 10.2862 23.2632 -10.999 11.7147 20.3863 -13.3831 12.7557 17.3647 -15.735 13.4816 14.2204 -17.9811 13.9573 10.9532 -20.027 14.2315 7.53241 -21.7487 14.3248 3.92834 -23.0104 14.2305 0.140135 -23.6966 13.9329 -3.78319 -23.7508 13.4393 -7.74103 -23.1968 12.805 -11.64 -22.1184 12.1344 -15.4115 -20.6023 11.5436 -19.0432 -18.7024 11.121 -22.4989 -16.399 10.8995 -25.7199 -13.6442 10.8952 -28.5526 -10.3954 11.1881 -30.7825 -6.76087 11.9848 -32.101 -3.13713 13.5486 -32.1802 -0.186152 15.883 -30.9461 1.87641 18.3665 -28.6527 3.14946 20.5939 -25.6206 3.79522 22.3989 -22.142 3.93646 23.7845 -18.4117 3.64878 24.8053 -14.5738 3.00377 25.5195 -10.7032 2.09008 25.9572 -6.84568 1.00012 26.1229 -3.00891 -0.183753 25.9989 0.801532 -1.39742 25.5522 4.579 -2.58477 24.7389 8.30333 -3.68414 23.5112 11.9379 -4.62202 21.8286 15.4329 -5.31457 19.6799 18.7179 -5.68593 17.0905 21.7253 -5.68166 14.1355 24.3882 -5.27775 10.9037 26.6719 -4.47387 7.49716 28.5519 -3.27916 3.99994 30.0106 -1.69946 0.474676 31.0184 0.0934341 -3.04339 31.6087 1.95575 -6.56832 31.7873 3.78379 -10.1045 31.5067 5.49875 -13.5798 30.6617 7.0532 -16.8696 29.0826 8.40445 -19.6734 26.6433 9.69056 -21.7063 23.5047 11.019 -22.8494 19.9433 12.3312 -23.234 16.2169 13.6105 -23.0332 12.4521 14.8421 -22.3867 8.72152 16.0116 -21.38 5.04236 17.0896 -20.0612 1.43456 18.043 -18.4549 -2.09606 18.8327 -16.5831 -5.53506 19.4222 -14.4656 -8.87187 0.070313 0.0466443 0.0143507 -0.0246645 -0.0678159 -0.113611 -0.164034 -0.222676 -0.283004 -0.315491 -0.272149 -0.117346 0.126185 0.24617 0.23361 0.159408 0.0822077 0.0311617 0.00598437 -0.0106302 0.00535321 0.0457499 0.0750273 0.0886418 0.088538 0.0719447 0.045892 0.0476731 0.0918176 0.153955 0.228617 0.319917 0.440028 0.603991 0.75568 0.730951 0.424995 0.0782023 -0.122275 -0.202844 -0.219355 -0.22279 -0.208335 -0.179318 -0.142818 -0.103139 -0.0618251 -0.0181293 0.0307977 0.0902679 0.1675 0.26941 0.398444 0.549296 0.71165 0.886309 1.07221 1.19289 0.927048 1.74464 -0.0898267 -1.19117 -1.32024 -1.27021 -1.1597 -1.01434 -0.848641 -0.675844 -0.506283 -0.345158 -0.193689 -0.0512048 0.0828148 0.207064 0.315773 0.394029 0.41383 0.340779 0.165144 -0.0620157 -0.254409 -0.362735 -0.388405 -0.333982 -0.316601 -0.412991 -0.532148 -0.526532 -0.454414 -0.358108 -0.238587 -0.121805 -0.0278723 0.0437161 0.0944578 0.127327 0.145632 0.152505 0.150611 0.142004 0.14159
17.8704 -11.7676 -13.4097 18.0488 -9.39494 -16.6178 17.9101 -6.83442 -19.6801 17.4253 -4.11856 -22.5619 16.5657 -1.28523 -25.2356 15.304 1.6048 -27.6653 13.605 4.48717 -29.8224 11.4406 7.26224 -31.6565 8.77039 9.81323 -33.1098 5.58291 11.9406 -34.0867 1.91263 13.3609 -34.4738 -2.00537 13.7026 -34.1627 -5.67945 12.6871 -33.1463 -8.47119 10.3549 -31.592 -10.149 7.28179 -29.7504 -10.9087 3.94406 -27.7389 -11.0173 0.609888 -25.5859 -10.6428 -2.62587 -23.2967 -9.84563 -5.72001 -20.9215 -8.63757 -8.66683 -18.5204 -7.04422 -11.4503 -16.1492 -5.12231 -14.0594 -13.8172 -2.96157 -16.4792 -11.4902 -0.665677 -18.7007 -9.0948 1.65475 -20.7125 -6.54286 3.88475 -22.4943 -3.7542 5.91163 -24.0124 -0.670197 7.62648 -25.2034 2.72363 8.94567 -25.966 6.40533 9.80609 -26.1511 10.2818 10.1704 -25.609 14.2027 10.0163 -24.2909 17.9435 9.34831 -22.3466 21.3388 8.19083 -20.0961 24.4238 6.6421 -17.9348 27.3991 5.30598 -15.679 30.4094 4.23264 -12.9106 33.0777 3.45776 -9.49559 34.9463 2.9481 -5.63055 35.6914 2.5672 -1.71883 35.2575 2.09709 1.93801 33.829 1.32958 5.16492 31.6552 0.150488 7.84355 28.979 -1.44067 9.92312 25.9857 -3.35242 11.3979 22.8257 -5.48263 12.3289 19.5865 -7.74359 12.8116 16.3381 -10.0849 12.9682 13.1071 -12.4502 12.9223 9.89024 -14.7534 12.7684 6.62939 -16.8513 12.536 3.23723 -18.5554 12.1721 -0.356399 -19.6821 11.5709 -4.14057 -20.1341 10.6543 -7.99616 -19.9641 9.45059 -11.7952 -19.3351 8.12648 -15.4948 -18.3956 6.94315 -19.1762 -17.1786 6.20568 -22.8781 -15.5688 6.16388 -26.5023 -13.4093 6.93893 -29.7191 -10.6526 8.48839 -32.0878 -7.52805 10.6331 -33.1919 -4.50049 13.144 -32.857 -1.99003 15.726 -31.2104 -0.146075 18.0581 -28.5947 1.05022 20.0361 -25.365 1.67564 21.6776 -21.8027 1.82036 23.0495 -18.0676 1.57099 24.1905 -14.261 1.01994 25.1089 -10.4192 0.263466 25.7852 -6.56214 -0.613475 26.1928 -2.68907 -1.54345 26.2993 1.19162 -2.47726 26.0658 5.06652 -3.37178 25.4418 8.90736 -4.17664 24.3695 12.6661 -4.82724 22.798 16.2762 -5.24568 20.7112 19.6463 -5.35769 18.1386 22.6886 -5.11172 15.168 25.3226 -4.49507 11.9049 27.5122 -3.53837 8.46124 29.2475 -2.30361 4.91532 30.5467 -0.864595 1.29911 31.4361 0.685968 -2.34722 31.9258 2.26443 -6.01149 32.0107 3.79772 -9.67702 31.6385 5.21254 -13.2599 30.6926 6.45363 -16.6171 28.9832 7.42822 -19.3948 26.3426 8.28373 -21.189 22.924 9.23506 -21.9971 19.156 10.2578 -22.1257 15.3227 11.3502 -21.8072 11.5072 12.4915 -21.1624 7.7477 13.6488 -20.2343 4.04401 14.7721 -19.0381 0.407336 15.8097 -17.5807 -3.16402 16.706 -15.875 -6.66282 17.409 -13.9328 -10.0833 0.0783975 0.0574928 0.0269893 -0.0122612 -0.0588365 -0.110695 -0.164982 -0.216348 -0.251457 -0.245825 -0.172493 -0.0293673 0.134764 0.192826 0.161501 0.093256 0.0311432 -0.00375495 -0.0151131 -0.0209219 0.00203943 0.0447736 0.0712395 0.0784726 0.0699244 0.0442969 0.0105467 0.0021891 0.0280953 0.0642556 0.102842 0.153415 0.256725 0.481447 0.711382 0.72626 0.456804 0.139415 -0.0474805 -0.125763 -0.144827 -0.147192 -0.135355 -0.109901 -0.0752068 -0.0366633 0.00158469 0.0373738 0.0719035 0.112183 0.171483 0.265454 0.402861 0.574021 0.748324 0.89926 1.01861 1.03103 0.591206 1.24169 -0.110312 -0.890037 -1.141 -1.15635 -1.06342 -0.920766 -0.759992 -0.59832 -0.443465 -0.297275 -0.159554 -0.0299962 0.0911477 0.202432 0.298798 0.366579 0.378967 0.301769 0.124035 -0.104469 -0.296647 -0.399422 -0.407909 -0.337662 -0.312085 -0.407064 -0.527165 -0.523702 -0.447664 -0.351591 -0.229602 -0.107505 -0.00882622 0.0649831 0.115722 0.147656 0.165348 0.172652 0.172368 0.166319 0.160953
15.6157 -10.7553 -15.4673 15.7868 -8.59547 -18.8228 15.583 -6.24602 -22.0464 14.9637 -3.7311 -25.0807 13.9068 -1.0786 -27.8668 12.4133 1.66512 -30.3344 10.4853 4.44893 -32.4273 8.12045 7.17316 -34.0812 5.2781 9.68967 -35.2376 1.9401 11.7317 -35.8097 -1.82268 12.9426 -35.6982 -5.67215 12.9535 -34.8352 -9.04492 11.6283 -33.2761 -11.4028 9.20751 -31.2197 -12.5315 6.19395 -28.9188 -12.5912 3.01828 -26.5367 -11.8926 -0.0870714 -24.1635 -10.7062 -3.09369 -21.8391 -9.19779 -6.02846 -19.6115 -7.43514 -8.91502 -17.4976 -5.45235 -11.718 -15.4677 -3.29051 -14.3773 -13.4201 -1.03529 -16.8258 -11.216 1.18779 -19.0143 -8.72371 3.23466 -20.9111 -5.86792 4.9802 -22.4977 -2.6493 6.35192 -23.7558 0.880419 7.32919 -24.6282 4.64344 7.92534 -24.9844 8.56694 8.14898 -24.6331 12.52 7.99755 -23.4553 16.3134 7.47495 -21.5815 19.7731 6.60927 -19.4121 22.9822 5.46735 -17.4951 26.2901 4.60741 -15.8187 29.8075 4.06582 -13.7943 33.2051 3.91439 -10.9592 36.0112 4.2195 -7.36078 37.658 4.91007 -3.45816 37.8724 5.73179 0.256883 36.7962 6.34802 3.59147 34.7627 6.45482 6.49415 32.0627 5.89794 8.87169 28.9378 4.72903 10.6195 25.5623 3.14027 11.6721 22.0718 1.31427 12.0655 18.5494 -0.655676 11.9276 15.0858 -2.78464 11.4588 11.7403 -5.10455 10.8746 8.54328 -7.57871 10.3226 5.45541 -10.0546 9.80721 2.36259 -12.2891 9.17835 -0.887134 -14.01 8.228 -4.36354 -15.0296 6.85279 -7.96607 -15.381 5.14324 -11.5527 -15.2942 3.3552 -15.1066 -15.0267 1.82963 -18.7722 -14.6984 0.983963 -22.6329 -14.223 1.22766 -26.5626 -13.3744 2.7974 -30.0877 -11.9667 5.54376 -32.5546 -10.0542 8.88226 -33.4366 -7.9266 12.1226 -32.691 -5.91227 14.8781 -30.6835 -4.24591 17.1196 -27.8763 -3.03196 19.0056 -24.5985 -2.29671 20.6672 -21.0667 -1.9941 22.1673 -17.3908 -2.03631 23.4985 -13.6385 -2.31943 24.6307 -9.82473 -2.74735 25.5247 -5.96161 -3.2434 26.1481 -2.04996 -3.74899 26.4664 1.89705 -4.21971 26.4362 5.86173 -4.61686 25.9967 9.81022 -4.89968 25.0768 13.6831 -5.02171 23.6155 17.3946 -4.93401 21.5945 20.829 -4.59687 19.052 23.8801 -3.99439 16.0874 26.4629 -3.13913 12.8115 28.551 -2.07457 9.33318 30.1487 -0.862634 5.72306 31.282 0.429339 2.00944 31.9739 1.71893 -1.7606 32.2264 2.93317 -5.5569 32.0277 4.01038 -9.33527 31.3282 4.90055 -12.9755 30.0281 5.58731 -16.2913 27.9624 6.05464 -18.8811 25.0107 6.49349 -20.3344 21.3591 7.13862 -20.7961 17.4698 7.97944 -20.6537 13.5929 8.98007 -20.1589 9.77109 10.0829 -19.4283 6.01573 11.2324 -18.4937 2.31122 12.3695 -17.3582 -1.3406 13.4384 -16.0166 -4.94789 14.3778 -14.469 -8.50836 15.1252 -12.7148 -12.0198 0.0869279 0.0749759 0.0545659 0.0253342 -0.0139975 -0.0645988 -0.12362 -0.178918 -0.207265 -0.183556 -0.0981699 0.0230719 0.117222 0.128712 0.0796836 0.0129685 -0.0340771 -0.043933 -0.0273039 -0.0136487 0.0149597 0.0518624 0.0653245 0.0580975 0.0367654 0.00227599 -0.0339313 -0.0487212 -0.0462837 -0.0477303 -0.049466 -0.00931128 0.16049 0.397112 0.585534 0.565952 0.327216 0.105267 0.00738884 -0.0213507 -0.02741 -0.0374544 -0.0375488 -0.0201188 0.0108173 0.0469655 0.0797843 0.102453 0.11494 0.128293 0.16183 0.233557 0.347851 0.486684 0.614693 0.709622 0.778769 0.756861 0.307936 1.07199 0.0564601 -0.574474 -0.8808 -0.944614 -0.877275 -0.753952 -0.61475 -0.476549 -0.344383 -0.218752 -0.0997008 0.012214 0.116015 0.209811 0.288314 0.337977 0.332986 0.241339 0.0547264 -0.175425 -0.361833 -0.452254 -0.443399 -0.353513 -0.309695 -0.391617 -0.506837 -0.507661 -0.436895 -0.340385 -0.21316 -0.0902231 0.00844226 0.0817412 0.131865 0.16369 0.182361 0.192129 0.195977 0.195752 0.189313
13.3756 -9.56889 -17.4512 13.5277 -7.62291 -20.9359 13.2422 -5.50213 -24.3084 12.4562 -3.22556 -27.4887 11.1438 -0.812078 -30.3813 9.32822 1.70772 -32.8716 7.05347 4.29745 -34.8631 4.36792 6.85992 -36.2669 1.27172 9.22447 -37.0228 -2.21891 11.0825 -37.07 -5.98859 12.039 -36.3545 -9.633 11.7404 -34.8739 -12.5459 10.1468 -32.7437 -14.2133 7.62638 -30.1911 -14.4934 4.75655 -27.4828 -13.6211 1.94589 -24.8179 -11.9843 -0.695631 -22.3469 -9.92186 -3.30045 -20.1535 -7.67648 -6.00189 -18.28 -5.37888 -8.82804 -16.6548 -3.08679 -11.6867 -15.0793 -0.830481 -14.443 -13.2767 1.30391 -16.9492 -11.0181 3.16925 -19.0895 -8.21054 4.6172 -20.8079 -4.91004 5.57436 -22.1012 -1.25844 6.07196 -22.9662 2.60512 6.21205 -23.3309 6.57043 6.10591 -23.0518 10.5437 5.82043 -22.0243 14.3729 5.36141 -20.3459 17.9468 4.69726 -18.3807 21.3308 3.81136 -16.6681 24.8001 3.12419 -15.2617 28.4705 2.83509 -13.7078 32.1343 3.10541 -11.5291 35.4683 4.01058 -8.53296 37.9461 5.44679 -5.00918 39.0749 7.15874 -1.44238 38.757 8.81904 1.81402 37.2487 10.1343 4.69772 34.8846 10.861 7.21774 31.9099 10.8683 9.27753 28.521 10.2061 10.7135 24.872 9.0639 11.3904 21.1233 7.63667 11.321 17.4011 6.01917 10.68 13.8137 4.17112 9.7379 10.4018 2.01646 8.7528 7.18754 -0.442778 7.85761 4.16899 -3.07128 6.99856 1.28559 -5.63443 5.97603 -1.60133 -7.85434 4.5999 -4.62267 -9.5069 2.85532 -7.80618 -10.5651 0.922676 -11.1311 -11.2062 -0.9101 -14.6046 -11.6833 -2.33425 -18.2896 -12.1624 -2.99513 -22.1706 -12.6364 -2.51607 -26.0788 -12.9168 -0.631292 -29.5399 -12.7532 2.54028 -31.8903 -12.029 6.3543 -32.604 -10.8692 10.0165 -31.6955 -9.53012 13.0987 -29.6008 -8.25458 15.5938 -26.8028 -7.19552 17.6935 -23.602 -6.43184 19.5452 -20.1723 -5.96553 21.2196 -16.59 -5.74904 22.7156 -12.9064 -5.70783 24.0112 -9.13457 -5.76548 25.0732 -5.29074 -5.85406 25.8708 -1.3803 -5.91649 26.3667 2.58025 -5.90551 26.5119 6.57023 -5.78181 26.2403 10.5517 -5.51301 25.4762 14.4593 -5.07429 24.1545 18.1991 -4.45318 22.2534 21.6469 -3.65204 19.8067 24.6897 -2.69394 16.9083 27.2399 -1.61448 13.6631 29.2712 -0.46554 10.1747 30.7864 0.691619 6.5124 31.8035 1.78738 2.70952 32.3287 2.73258 -1.16938 32.3447 3.45153 -5.06063 31.8285 3.90496 -8.87374 30.7423 4.11498 -12.4473 29.0339 4.17432 -15.5859 26.6093 4.2119 -17.9355 23.4288 4.44988 -19.1469 19.6719 5.01172 -19.4006 15.7508 5.80756 -19.079 11.8752 6.76548 -18.4426 8.06344 7.82613 -17.6244 4.31405 8.94355 -16.6665 0.605744 10.066 -15.5716 -3.06296 11.1389 -14.3257 -6.70319 12.0973 -12.9167 -10.3157 12.8698 -11.3333 -13.9021 0.0795864 0.0790848 0.0726942 0.0590441 0.0345251 -0.0049607 -0.0578744 -0.109792 -0.133836 -0.105951 -0.0244506 0.0756274 0.130635 0.0982072 0.0179114 -0.0578275 -0.0918975 -0.0746014 -0.0302611 -0.00410369 0.0189703 0.0381401 0.0308079 0.00787886 -0.0221792 -0.0582661 -0.0900275 -0.110702 -0.13542 -0.164869 -0.165768 -0.0736624 0.0753586 0.229999 0.351598 0.348906 0.222783 0.112969 0.0754287 0.072314 0.0752482 0.0649851 0.0605641 0.0741866 0.103177 0.136269 0.160575 0.168667 0.164847 0.163784 0.181569 0.225632 0.289228 0.354646 0.407172 0.453034 0.513395 0.517127 0.126728 1.00755 0.171176 -0.32972 -0.607859 -0.69538 -0.664895 -0.577746 -0.470091 -0.358298 -0.248289 -0.141814 -0.0399147 0.0561106 0.144445 0.221987 0.282102 0.310608 0.283013 0.171092 -0.0287159 -0.26198 -0.441232 -0.515517 -0.482796 -0.363343 -0.289724 -0.351118 -0.463407 -0.477291 -0.419415 -0.328626 -0.202843 -0.0819427 0.0150223 0.0873873 0.137593 0.170487 0.19117 0.204061 0.212511 0.218793 0.228481
8.43561 -6.82252 -21.4275 8.50643 -5.31769 -25.1266 8.03712 -3.69709 -28.7468 6.91043 -1.96992 -32.1618 5.07944 -0.137974 -35.1959 2.60033 1.79106 -37.6412 -0.403419 3.78952 -39.3236 -3.76788 5.74293 -40.1067 -7.35329 7.43195 -39.905 -10.9517 8.51574 -38.674 -14.2257 8.65727 -36.4608 -16.6654 7.71673 -33.5068 -17.8429 5.90598 -30.2057 -17.6247 3.67624 -26.9454 -16.195 1.46103 -23.9961 -13.89 -0.552234 -21.4671 -11.057 -2.40949 -19.3964 -7.96302 -4.29459 -17.7463 -4.83584 -6.36211 -16.4063 -1.84953 -8.68119 -15.1371 0.845416 -11.1969 -13.6152 3.10142 -13.7504 -11.535 4.73702 -16.096 -8.74915 5.62513 -17.972 -5.33826 5.77843 -19.18 -1.5357 5.34858 -19.6162 2.4074 4.54733 -19.2731 6.30142 3.56065 -18.2699 10.0292 2.48601 -16.8728 13.6027 1.3439 -15.4673 17.1413 0.170268 -14.3827 20.7811 -0.776998 -13.3005 24.4807 -1.21225 -11.9413 28.1845 -0.875173 -10.1596 31.7389 0.370325 -7.98865 34.8467 2.47308 -5.55299 37.2095 5.21618 -3.00006 38.5861 8.2673 -0.47512 38.8529 11.3172 1.92908 38.0324 14.0893 4.11897 36.2558 16.4187 6.02731 33.6931 18.2089 7.56811 30.5073 19.4014 8.62426 26.8753 19.9832 9.09412 22.9693 19.97 8.93256 18.9956 19.4047 8.19094 15.119 18.3394 7.0032 11.4649 16.821 5.52873 8.07882 14.905 3.90767 4.97285 12.6646 2.22617 2.12403 10.1985 0.52128 -0.516843 7.61574 -1.19737 -3.03223 5.01482 -2.91505 -5.52964 2.47307 -4.58098 -8.11333 0.0249693 -6.10479 -10.8694 -2.32533 -7.34667 -13.8309 -4.61388 -8.1275 -16.9914 -6.88137 -8.22555 -20.2438 -9.15873 -7.40624 -23.3856 -11.3585 -5.49888 -26.0565 -13.288 -2.54514 -27.8351 -14.7063 1.09603 -28.3935 -15.4877 4.90293 -27.7011 -15.6855 8.46863 -25.9902 -15.4666 11.6073 -23.5856 -15.0091 14.3351 -20.7352 -14.4439 16.713 -17.6045 -13.8386 18.807 -14.2724 -13.2169 20.6432 -10.7946 -12.5707 22.2333 -7.19446 -11.879 23.5672 -3.50012 -11.1123 24.6279 0.271169 -10.2398 25.3846 4.09241 -9.23148 25.7955 7.93369 -8.06405 25.8063 11.7518 -6.72867 25.3556 15.4853 -5.23623 24.3849 19.0568 -3.62641 22.8555 22.3668 -1.96115 20.7585 25.3192 -0.327163 18.131 27.8189 1.18713 15.0341 29.8034 2.49031 11.5597 31.223 3.50455 7.80684 32.0428 4.16895 3.87467 32.2278 4.43952 -0.0792733 31.7464 4.31627 -3.89899 30.598 3.84926 -7.43795 28.8142 3.14881 -10.5521 26.4597 2.36797 -13.1486 23.5647 1.70262 -15.0754 20.1762 1.35105 -16.134 16.3823 1.4504 -16.1536 12.4143 1.90354 -15.5594 8.5159 2.60135 -14.6842 4.69505 3.45373 -13.7188 0.927648 4.39775 -12.7286 -2.82012 5.3792 -11.7118 -6.55115 6.34672 -10.6371 -10.2745 7.23657 -9.47603 -13.9912 7.96829 -8.20794 -17.709 0.0273738 0.0535942 0.0802983 0.104381 0.120041 0.121882 0.110688 0.097482 0.0991163 0.123273 0.156929 0.169032 0.129223 0.0332387 -0.0707834 -0.146262 -0.17475 -0.155796 -0.111973 -0.0774278 -0.0378376 -0.0143002 -0.035388 -0.0796285 -0.127311 -0.167609 -0.193311 -0.216134 -0.238272 -0.22802 -0.234209 -0.255708 -0.270171 -0.234699 -0.112875 0.0243653 0.0956931 0.13009 0.157831 0.179489 0.201733 0.212759 0.22311 0.238585 0.25677 0.269885 0.270666 0.256846 0.23139 0.199495 0.16557 0.132217 0.101379 0.076648 0.0669449 0.0889974 0.167783 0.231833 -0.0480794 1.01761 0.423614 0.115746 -0.095895 -0.218125 -0.264629 -0.257803 -0.21836 -0.160339 -0.0921479 -0.0188466 0.0556912 0.127695 0.192648 0.244146 0.272243 0.26116 0.188812 0.0345316 -0.194259 -0.433366 -0.591293 -0.620739 -0.530617 -0.358222 -0.253523 -0.31315 -0.444628 -0.479645 -0.41896 -0.303789 -0.175977 -0.0599704 0.0324721 0.101864 0.150575 0.183325 0.205554 0.222606 0.239124 0.258779 0.340588
7.90431 -5.03034 -24.6834 7.57116 -3.36661 -28.2991 6.68842 -1.63246 -31.7871 5.1583 0.140146 -35.0168 2.95676 1.94208 -37.8133 0.159129 3.77602 -39.9712 -3.09868 5.63022 -41.3111 -6.63157 7.39794 -41.6882 -10.261 8.85767 -41.0213 -13.7312 9.68054 -39.3127 -16.6944 9.57725 -36.6963 -18.7189 8.47857 -33.4936 -19.5112 6.62656 -30.1017 -19.0347 4.43703 -26.8416 -17.4853 2.28464 -23.9063 -15.1551 0.326287 -21.3572 -12.3417 -1.47769 -19.2141 -9.27299 -3.28924 -17.4389 -6.14564 -5.24702 -15.9435 -3.10453 -7.41283 -14.5406 -0.279113 -9.74604 -12.9654 2.2035 -12.1281 -10.9406 4.18575 -14.3647 -8.29363 5.53081 -16.2284 -5.02869 6.19454 -17.5139 -1.30718 6.25335 -18.0881 2.64123 5.85986 -17.9266 6.60889 5.17026 -17.144 10.4545 4.2866 -15.9925 14.1653 3.25538 -14.8186 17.8205 2.19085 -13.8237 21.5189 1.37936 -12.7477 25.2525 1.11478 -11.3952 28.9748 1.65471 -9.69289 32.5431 3.1297 -7.70079 35.6702 5.48545 -5.5236 38.0466 8.49242 -3.2718 39.3974 11.7868 -1.06432 39.5702 15.0236 1.01322 38.5894 17.8996 2.87765 36.6173 20.2392 4.47725 33.8599 21.9426 5.74065 30.5087 22.9584 6.55442 26.7625 23.2979 6.80719 22.8081 23.018 6.44735 18.8573 22.1998 5.53481 15.0632 20.911 4.2306 11.5226 19.1823 2.72631 8.25245 17.04 1.18437 5.25602 14.5384 -0.311565 2.52355 11.7792 -1.75651 0.0212845 8.88939 -3.18837 -2.33453 5.9871 -4.62745 -4.6707 3.16175 -6.02424 -7.11555 0.446212 -7.25432 -9.76579 -2.16463 -8.13379 -12.6374 -4.71685 -8.46607 -15.6724 -7.23809 -8.06767 -18.7078 -9.73117 -6.80104 -21.52 -12.1096 -4.62556 -23.8051 -14.2335 -1.63488 -25.2735 -15.9308 1.90178 -25.7129 -17.0941 5.6216 -25.0863 -17.727 9.20331 -23.5207 -17.923 12.4336 -21.2385 -17.8128 15.2557 -18.446 -17.5081 17.677 -15.3124 -17.0782 19.7453 -11.9373 -16.5537 21.4904 -8.39711 -15.9346 22.9329 -4.7307 -15.2052 24.0708 -0.97848 -14.3399 24.8928 2.83087 -13.312 25.375 6.65793 -12.0969 25.4847 10.4596 -10.68 25.179 14.1798 -9.06344 24.4102 17.7465 -7.2702 23.1353 21.0758 -5.35171 21.3341 24.0695 -3.37744 19.0161 26.6416 -1.43679 16.232 28.7164 0.38598 13.0465 30.2503 2.00458 9.54674 31.2074 3.34346 5.82258 31.5585 4.33786 1.96671 31.2735 4.93026 -1.86952 30.3402 5.10752 -5.53822 28.7802 4.9112 -8.89704 26.6344 4.44781 -11.7855 23.9559 3.87463 -14.0573 20.7555 3.39357 -15.4922 17.1021 3.22017 -15.8757 13.1701 3.34367 -15.5219 9.21859 3.69775 -14.7667 5.33786 4.2195 -13.8272 1.50427 4.85113 -12.8086 -2.29245 5.54261 -11.7341 -6.07189 6.2427 -10.595 -9.83087 6.89984 -9.36988 -13.5754 7.45227 -8.04064 -17.3011 7.82183 -6.59405 -21.0074 0.0119549 0.0376345 0.0672032 0.098137 0.123834 0.137163 0.137008 0.132391 0.137445 0.157154 0.178238 0.173294 0.117488 0.0097881 -0.102329 -0.184489 -0.219713 -0.207422 -0.167898 -0.130714 -0.0801232 -0.0386222 -0.0416704 -0.0729372 -0.113416 -0.151939 -0.180836 -0.207387 -0.234064 -0.244351 -0.269417 -0.301845 -0.315279 -0.267971 -0.129261 0.0244282 0.11 0.157195 0.196375 0.226639 0.253274 0.264678 0.272834 0.284615 0.297361 0.302089 0.290748 0.261992 0.221281 0.176357 0.132808 0.0925594 0.0555534 0.0234618 0.00536016 0.0213082 0.0991713 0.166398 -0.1031 0.987574 0.435114 0.169334 -0.0173431 -0.136612 -0.194179 -0.202267 -0.175608 -0.126452 -0.0633604 0.0081093 0.0837144 0.159313 0.229845 0.288183 0.323517 0.319038 0.251388 0.0984255 -0.133758 -0.381653 -0.553648 -0.60181 -0.534003 -0.385006 -0.300467 -0.373419 -0.511471 -0.550313 -0.492276 -0.374901 -0.216696 -0.0797511 0.0240653 0.0984861 0.148715 0.181535 0.203331 0.21944 0.234168 0.251263 0.346086
5.93698 -1.9131 -31.344 4.78812 -0.123921 -34.7251 3.19428 1.74722 -37.8733 1.08928 3.66635 -40.6662 -1.5693 5.57532 -42.947 -4.75518 7.37284 -44.5173 -8.3587 8.92826 -45.1819 -12.1356 10.0817 -44.7909 -15.7645 10.6942 -43.3064 -18.8633 10.6756 -40.8496 -21.1233 10.0213 -37.6713 -22.3466 8.81322 -34.1205 -22.5034 7.18951 -30.5285 -21.694 5.30281 -27.1469 -20.1032 3.29582 -24.1316 -17.9239 1.25793 -21.5123 -15.3343 -0.7481 -19.2688 -12.4554 -2.702 -17.3337 -9.38907 -4.59232 -15.6382 -6.24427 -6.44152 -14.0261 -3.19097 -8.2911 -12.247 -0.348192 -10.1051 -10.1101 2.20453 -11.7492 -7.51787 4.36184 -13.0873 -4.4358 6.01161 -13.9953 -0.914834 7.07442 -14.3988 2.91028 7.53925 -14.3147 6.87271 7.46247 -13.861 10.8307 7.01528 -13.2096 14.7363 6.50986 -12.5094 18.6166 6.1613 -11.7626 22.5054 6.11415 -10.8606 26.3707 6.54347 -9.70875 30.145 7.64641 -8.25383 33.6932 9.56746 -6.53153 36.7372 12.3127 -4.65852 38.9491 15.6859 -2.81854 40.0323 19.3108 -1.21106 39.853 22.8204 0.0364978 38.4812 25.8906 0.855664 36.1276 28.3293 1.24221 33.0391 30.021 1.21762 29.4522 30.8994 0.820505 25.6052 30.9592 0.103535 21.6938 30.2446 -0.86282 17.9027 28.8435 -2.0029 14.3481 26.8769 -3.23518 11.1058 24.4658 -4.49083 8.18079 21.7261 -5.70914 5.54334 18.7495 -6.84197 3.13092 15.6099 -7.84476 0.87255 12.3636 -8.67243 -1.30195 9.053 -9.27554 -3.4534 5.72027 -9.59646 -5.62172 2.39896 -9.56945 -7.83079 -0.859754 -9.11786 -10.07 -4.00817 -8.15392 -12.3048 -6.96074 -6.59467 -14.4451 -9.74118 -4.4723 -16.3143 -12.3983 -1.88968 -17.6862 -14.9144 1.05693 -18.4605 -17.2286 4.25232 -18.5907 -19.287 7.57761 -18.053 -21.0428 10.9134 -16.8402 -22.4434 14.1162 -14.9796 -23.4558 17.069 -12.5238 -24.0537 19.6564 -9.5704 -24.2325 21.8056 -6.22341 -24.0021 23.4611 -2.60957 -23.3866 24.6005 1.16261 -22.4208 25.2167 4.98274 -21.1432 25.3197 8.76325 -19.5963 24.929 12.4225 -17.8215 24.0711 15.8945 -15.8596 22.7756 19.1216 -13.7509 21.0751 22.052 -11.5328 19.0016 24.6416 -9.24611 16.5916 26.8439 -6.92779 13.8774 28.6174 -4.62567 10.902 29.9095 -2.38456 7.70385 30.6659 -0.265026 4.34712 30.8219 1.67121 0.914314 30.3199 3.36827 -2.49354 29.1181 4.76549 -5.71778 27.2232 5.83514 -8.60568 24.6855 6.57544 -11.0098 21.5878 6.99879 -12.7809 18.0641 7.12842 -13.8129 14.2365 7.09855 -14.1481 10.2965 7.09322 -13.9545 6.34677 7.14309 -13.4039 2.41623 7.23159 -12.6229 -1.47447 7.34298 -11.6779 -5.34044 7.45545 -10.603 -9.17228 7.53958 -9.40967 -12.9783 7.55736 -8.10905 -16.7499 7.46314 -6.70615 -20.4885 7.20358 -5.20597 -24.1811 6.71758 -3.60827 -27.811 -0.00950675 0.0128496 0.0354112 0.0594289 0.0865082 0.118489 0.156313 0.197676 0.235247 0.256107 0.244395 0.187605 0.0845753 -0.049385 -0.167676 -0.248354 -0.287226 -0.288987 -0.27137 -0.248384 -0.190507 -0.120783 -0.0841235 -0.0752551 -0.0838671 -0.107442 -0.142187 -0.183124 -0.235754 -0.289223 -0.338592 -0.376571 -0.386681 -0.338912 -0.204333 -0.050064 0.050142 0.127567 0.208896 0.288333 0.364644 0.416302 0.444987 0.452489 0.439549 0.407086 0.357391 0.294117 0.221698 0.144667 0.0674282 -0.00558597 -0.0692339 -0.116841 -0.137268 -0.112424 -0.0186567 0.0616246 -0.195818 0.927546 0.439158 0.249417 0.124027 0.0334122 -0.0284071 -0.0618597 -0.067587 -0.0474381 -0.00439995 0.0578218 0.134627 0.220293 0.307349 0.385512 0.440279 0.451242 0.392437 0.240912 0.00364659 -0.254584 -0.44255 -0.515189 -0.48375 -0.382911 -0.352876 -0.478572 -0.660039 -0.727445 -0.668887 -0.511787 -0.311644 -0.147355 -0.0268354 0.058543 0.116733 0.155825 0.182711 0.203038 0.221297 0.240897 0.357428
3.13291 0.922362 -31.6685 1.50979 2.81854 -34.7865 -0.58383 4.72856 -37.6009 -3.18664 6.59526 -39.9789 -6.29902 8.33829 -41.7647 -9.84066 9.84393 -42.7827 -13.6525 10.987 -42.8825 -17.4608 11.6396 -41.9776 -20.9499 11.7137 -40.0885 -23.7763 11.1812 -37.3743 -25.6839 10.0872 -34.0878 -26.5199 8.54449 -30.5543 -26.2711 6.69788 -27.077 -25.0296 4.69495 -23.8994 -22.9702 2.6726 -21.194 -20.2902 0.714292 -19.0156 -17.1992 -1.13197 -17.3423 -13.8573 -2.87674 -16.0626 -10.4002 -4.55207 -15.0179 -6.91368 -6.20489 -14.0078 -3.48269 -7.85437 -12.8178 -0.195905 -9.47764 -11.2366 2.81712 -10.992 -9.09959 5.39706 -12.2762 -6.33588 7.38895 -13.2134 -3.00464 8.70523 -13.7457 0.724662 9.37101 -13.8986 4.65623 9.5144 -13.7556 8.63573 9.32847 -13.4081 12.6009 9.03189 -12.9142 16.5341 8.84523 -12.2779 20.4536 8.98304 -11.4603 24.3355 9.64074 -10.3982 28.1031 10.98 -9.03154 31.6048 13.0701 -7.35706 34.563 15.8564 -5.43665 36.6809 19.1394 -3.40622 37.6993 22.59 -1.45581 37.487 25.8854 0.250874 36.0789 28.7126 1.57418 33.6515 30.8657 2.44271 30.4506 32.2215 2.83248 26.7441 32.7314 2.76018 22.8118 32.4234 2.2772 18.8762 31.378 1.45931 15.1272 29.7042 0.389909 11.67 27.528 -0.842954 8.56477 24.9614 -2.1641 5.80562 22.1058 -3.50688 3.35843 19.0377 -4.81877 1.16099 15.8181 -6.05233 -0.857774 12.4928 -7.159 -2.77315 9.09421 -8.08023 -4.65824 5.65534 -8.73807 -6.56943 2.20033 -9.03834 -8.54022 -1.22906 -8.87836 -10.5527 -4.60149 -8.16987 -12.5429 -7.86529 -6.8672 -14.3813 -10.9946 -4.97454 -15.9155 -13.9439 -2.56774 -16.9742 -16.6852 0.242589 -17.4206 -19.165 3.30308 -17.1621 -21.325 6.45532 -16.1714 -23.109 9.55819 -14.4773 -24.4601 12.4745 -12.1641 -25.3493 15.113 -9.3317 -25.7622 17.3912 -6.10466 -25.7068 19.2627 -2.59068 -25.2051 20.6893 1.09259 -24.2891 21.6565 4.85183 -22.999 22.1589 8.59201 -21.376 22.2037 12.2388 -19.465 21.8044 15.7208 -17.3094 20.9791 18.9785 -14.9529 19.7491 21.9577 -12.4406 18.1389 24.6074 -9.81567 16.1739 26.882 -7.12755 13.8864 28.7335 -4.42203 11.3085 30.1197 -1.75843 8.48665 30.9941 0.807196 5.46401 31.3158 3.19928 2.30378 31.042 5.33595 -0.920384 30.1341 7.13169 -4.11764 28.5561 8.4877 -7.12869 26.3127 9.34835 -9.77923 23.4566 9.71778 -11.8996 20.0964 9.6698 -13.3586 16.4086 9.33036 -14.1292 12.5327 8.84016 -14.2551 8.61092 8.31748 -13.8434 4.71293 7.84004 -13.0194 0.859737 7.44544 -11.9085 -2.93037 7.13048 -10.6056 -6.67918 6.86655 -9.18106 -10.3875 6.60572 -7.66886 -14.0701 6.29039 -6.08714 -17.7191 5.85564 -4.43656 -21.3302 5.23297 -2.71721 -24.8811 4.35 -0.928574 -28.3432 -0.0554215 -0.037797 -0.0181123 0.00678321 0.0400032 0.0837273 0.137641 0.196897 0.251186 0.285056 0.281216 0.227196 0.12311 -0.0141306 -0.13704 -0.223736 -0.270407 -0.281853 -0.273472 -0.257801 -0.200301 -0.121271 -0.07438 -0.0576645 -0.06236 -0.0875214 -0.127679 -0.172222 -0.221353 -0.270211 -0.313045 -0.34068 -0.336432 -0.273345 -0.128988 0.0229925 0.107083 0.158773 0.211673 0.26583 0.322859 0.361621 0.38299 0.387887 0.376376 0.348643 0.305979 0.250894 0.186746 0.117171 0.0457828 -0.0237331 -0.0867918 -0.136661 -0.161078 -0.140076 -0.0459213 0.0423555 -0.202687 0.928773 0.444192 0.258198 0.13928 0.0577463 0.0055014 -0.0200784 -0.0207657 0.00152534 0.0442976 0.104456 0.177938 0.259441 0.341789 0.414875 0.46426 0.469504 0.404492 0.245869 -0.000144617 -0.269601 -0.471165 -0.557539 -0.535892 -0.437476 -0.402836 -0.520883 -0.695557 -0.756812 -0.685698 -0.514312 -0.306132 -0.138774 -0.0160621 0.0705525 0.128629 0.16611 0.189928 0.205935 0.219006 0.233128 0.390678
-2.93953 6.11308 -30.9365 -5.41044 8.08973 -33.3736 -8.30925 9.92791 -35.4156 -11.625 11.5415 -36.9375 -15.2986 12.8304 -37.8078 -19.1864 13.6809 -37.9017 -23.0803 13.9918 -37.1356 -26.685 13.6921 -35.5033 -29.6991 12.7689 -33.0926 -31.8306 11.2866 -30.1096 -32.8961 9.37096 -26.8183 -32.8266 7.2006 -23.5246 -31.679 4.95529 -20.4905 -29.5934 2.79391 -17.916 -26.7744 0.848154 -15.9368 -23.4303 -0.815921 -14.5911 -19.7784 -2.18239 -13.8435 -15.9699 -3.30997 -13.5715 -12.114 -4.30058 -13.5901 -8.24801 -5.27825 -13.6672 -4.40446 -6.33663 -13.5438 -0.632217 -7.50584 -12.9598 2.95161 -8.73091 -11.6973 6.17003 -9.89529 -9.64091 8.82697 -10.8754 -6.82613 10.7897 -11.604 -3.42906 12.0574 -12.0978 0.32234 12.7582 -12.4253 4.23115 13.1088 -12.6496 8.19401 13.3556 -12.7801 12.1594 13.7388 -12.7613 16.116 14.4634 -12.4902 20.0093 15.6796 -11.8515 23.7334 17.4725 -10.7481 27.1233 19.8217 -9.14604 29.9229 22.6189 -7.0807 31.8843 25.6664 -4.66637 32.7908 28.6827 -2.10074 32.5163 31.3968 0.405889 31.0652 33.538 2.61985 28.5852 34.9303 4.36842 25.3235 35.4891 5.54394 21.5773 35.2226 6.10989 17.661 34.2127 6.10198 13.8143 32.5828 5.59821 10.2218 30.4568 4.69567 6.97165 27.9558 3.4977 4.1067 25.1706 2.09623 1.61182 22.1769 0.574806 -0.549011 19.0251 -0.998369 -2.43426 15.7527 -2.56261 -4.10985 12.3838 -4.05916 -5.64674 8.92838 -5.42101 -7.11574 5.39426 -6.55862 -8.57419 1.77901 -7.36137 -10.0564 -1.89614 -7.7024 -11.5441 -5.60665 -7.4725 -12.9636 -9.28563 -6.61441 -14.1711 -12.8759 -5.14361 -14.9928 -16.2846 -3.16202 -15.2499 -19.4336 -0.815911 -14.8125 -22.22 1.7157 -13.6253 -24.5511 4.26776 -11.7183 -26.3568 6.71376 -9.18115 -27.5859 8.95117 -6.15387 -28.2276 10.9237 -2.76684 -28.2906 12.5839 0.840723 -27.8036 13.9082 4.56398 -26.8072 14.8763 8.29538 -25.346 15.4826 11.9565 -23.4717 15.7266 15.4684 -21.2328 15.6149 18.7714 -18.6815 15.1576 21.8074 -15.8678 14.3674 24.5276 -12.8431 13.2588 26.8863 -9.66167 11.8487 28.8396 -6.37756 10.1557 30.3475 -3.05485 8.20557 31.3689 0.244833 6.02617 31.8678 3.44233 3.66079 31.8109 6.46305 1.15267 31.1731 9.2115 -1.43834 29.9415 11.5876 -4.04852 28.1178 13.487 -6.60813 25.7141 14.7889 -8.99871 22.7938 15.4168 -11.0859 19.4512 15.3597 -12.7205 15.8114 14.697 -13.7609 12.0419 13.5788 -14.1345 8.25489 12.199 -13.8389 4.56094 10.7343 -12.9539 0.99607 9.31178 -11.6068 -2.45579 8.006 -9.94955 -5.8178 6.82299 -8.10505 -9.14172 5.73167 -6.16633 -12.4434 4.66698 -4.17499 -15.7323 3.55436 -2.15095 -18.9853 2.31213 -0.0959835 -22.177 0.863416 1.98043 -25.2661 -0.865466 4.06096 -28.2067 -0.137429 -0.128728 -0.114841 -0.0899643 -0.0489363 0.0112233 0.0894631 0.178749 0.265378 0.329618 0.349802 0.310246 0.210089 0.0673817 -0.0680984 -0.172016 -0.238226 -0.269052 -0.277745 -0.27396 -0.215504 -0.123267 -0.0624323 -0.035676 -0.0364706 -0.0660756 -0.117166 -0.166825 -0.205724 -0.234846 -0.251627 -0.248945 -0.21307 -0.122414 0.0369748 0.18264 0.235724 0.237574 0.233592 0.234972 0.249648 0.258474 0.261714 0.258769 0.247937 0.227428 0.196248 0.154498 0.103318 0.0446342 -0.0190371 -0.0845227 -0.147222 -0.199827 -0.228737 -0.212354 -0.117554 -0.0175234 -0.244833 0.906118 0.443225 0.280132 0.183636 0.122194 0.0862502 0.0724097 0.0788688 0.104245 0.146853 0.204432 0.273623 0.349623 0.425539 0.491332 0.532456 0.528218 0.452163 0.280546 0.0191518 -0.268557 -0.491652 -0.602609 -0.6069 -0.531779 -0.512316 -0.633408 -0.79918 -0.843956 -0.747031 -0.545455 -0.313835 -0.131931 0.000649579 0.0922646 0.150777 0.184895 0.20227 0.209442 0.212125 0.215491 0.445606
-2.48057 4.88871 -33.45 -5.06997 6.29923 -36.144 -8.10493 7.60842 -38.386 -11.548 8.75645 -40.0418 -15.3139 9.67753 -40.9817 -19.2441 10.3004 -41.092 -23.1367 10.5638 -40.3019 -26.7226 10.4224 -38.6079 -29.7334 9.86177 -36.0841 -31.8981 8.91137 -32.914 -33.0324 7.64069 -29.3452 -33.0503 6.16191 -25.6878 -31.9913 4.59831 -22.2241 -29.984 3.06615 -19.1789 -27.2243 1.66602 -16.7144 -23.9114 0.452717 -14.8937 -20.2564 -0.555663 -13.716 -16.4163 -1.39918 -13.0905 -12.5153 -2.15703 -12.8509 -8.60381 -2.93116 -12.7574 -4.71802 -3.79917 -12.5224 -0.906974 -4.77899 -11.8489 2.70383 -5.80784 -10.4918 5.92034 -6.76925 -8.33018 8.53387 -7.55354 -5.41522 10.4191 -8.11979 -1.94414 11.6069 -8.51225 1.84516 12.2736 -8.81826 5.76166 12.6851 -9.1091 9.7143 13.1233 -9.398 13.6547 13.8403 -9.63864 17.5572 15.0272 -9.74485 21.3435 16.807 -9.62295 24.8894 19.2416 -9.19276 28.0216 22.2849 -8.4106 30.4811 25.7943 -7.28155 32.013 29.5085 -5.87174 32.4061 33.0646 -4.31313 31.5806 36.1414 -2.74952 29.6201 38.4692 -1.32862 26.7568 39.9206 -0.148162 23.2732 40.4645 0.735962 19.4456 40.1377 1.29973 15.5335 39.0202 1.54993 11.7249 37.2191 1.50924 8.17934 34.8461 1.21391 4.98882 32.0258 0.71021 2.21567 28.8662 0.0483467 -0.13467 25.4679 -0.719057 -2.08631 21.9054 -1.5441 -3.69578 18.2363 -2.38408 -5.03542 14.5009 -3.20131 -6.18899 10.7246 -3.95673 -7.24772 6.93095 -4.59621 -8.30138 3.13016 -5.04245 -9.4265 -0.653674 -5.19282 -10.6498 -4.41523 -4.94438 -11.9244 -8.13406 -4.23046 -13.1032 -11.8178 -3.04809 -13.9754 -15.4282 -1.47748 -14.3063 -18.9082 0.352951 -13.9181 -22.1386 2.28847 -12.7345 -24.994 4.19943 -10.7908 -27.3743 6.00118 -8.1891 -29.1987 7.63166 -5.07557 -30.4332 9.05667 -1.57987 -31.062 10.2413 2.15856 -31.0963 11.1659 6.03121 -30.5616 11.8156 9.92288 -29.4932 12.1888 13.7472 -27.9353 12.2888 17.4172 -25.932 12.1238 20.8661 -23.5329 11.7038 24.0289 -20.787 11.0402 26.8503 -17.7465 10.1451 29.2784 -14.4687 9.03222 31.2639 -11.0122 7.71587 32.7623 -7.44833 6.21567 33.7293 -3.84785 4.5529 34.1271 -0.302176 2.7616 33.9231 3.10212 0.878 33.0955 6.25757 -1.04723 31.6393 9.05599 -2.96153 29.5683 11.3882 -4.81382 26.9099 13.12 -6.52657 23.7468 14.1516 -8.01528 20.1911 14.4388 -9.17834 16.3848 14.0323 -9.90603 12.5072 13.0809 -10.1301 8.66328 11.8025 -9.83738 4.93282 10.4148 -9.08838 1.30654 9.08361 -7.99419 -2.26898 7.90418 -6.69341 -5.82864 6.87958 -5.29605 -9.41298 5.95646 -3.87358 -13.015 5.04349 -2.4439 -16.6259 4.04566 -1.00414 -20.2102 2.87091 0.456802 -23.7371 1.43863 1.93676 -27.1592 -0.32481 3.42265 -30.4222 -0.448846 -0.416817 -0.380705 -0.337261 -0.284763 -0.224114 -0.159834 -0.100882 -0.0603285 -0.054324 -0.0987067 -0.202593 -0.361358 -0.553028 -0.725643 -0.854055 -0.932496 -0.964626 -0.965164 -0.943984 -0.860862 -0.737965 -0.642406 -0.578559 -0.541868 -0.535064 -0.551325 -0.567087 -0.569068 -0.554769 -0.518656 -0.450253 -0.332971 -0.144046 0.129115 0.399823 0.580752 0.702248 0.799248 0.875994 0.938417 0.969125 0.972952 0.955223 0.920154 0.870911 0.810094 0.740103 0.663456 0.582911 0.501523 0.422704 0.350817 0.292237 0.259119 0.271307 0.360934 0.457301 0.234239 1.40161 0.964111 0.832451 0.769055 0.737887 0.725999 0.727947 0.740796 0.762446 0.790683 0.822913 0.855724 0.884544 0.903 0.901785 0.8673 0.779955 0.614576 0.348811 -0.0100025 -0.39684 -0.719307 -0.928441 -1.02835 -1.04378 -1.10577 -1.29464 -1.51069 -1.5871 -1.50504 -1.30732 -1.07412 -0.886422 -0.744044 -0.638897 -0.563501 -0.509719 -0.470607 -0.440365 -0.414014 -0.387066 0.177234
-2.12385 3.22748 -35.4952 -4.71654 3.96249 -38.443 -7.75822 4.66271 -40.935 -11.2149 5.30085 -42.8213 -15.0022 5.8446 -43.9506 -18.9547 6.25628 -44.1848 -22.8568 6.5016 -43.4367 -26.4256 6.55312 -41.702 -29.3918 6.39923 -39.0703 -31.5046 6.0484 -35.7458 -32.613 5.52716 -31.9858 -32.6614 4.8796 -28.0944 -31.6995 4.15504 -24.3376 -29.8459 3.40169 -20.9248 -27.2719 2.66488 -18.0124 -24.1463 1.97329 -15.6639 -20.6455 1.3465 -13.8989 -16.8974 0.78716 -12.6783 -13.0159 0.293228 -11.9436 -9.07232 -0.182477 -11.5817 -5.15535 -0.840001 -11.215 -1.34379 -1.68795 -10.3831 2.2165 -2.53171 -8.78565 5.35869 -3.2648 -6.43332 7.92782 -3.829 -3.42909 9.79886 -4.17293 0.0788432 10.9338 -4.34236 3.90089 11.5693 -4.60635 7.8258 12.1386 -5.065 11.7429 13.0587 -5.55121 15.5796 14.4652 -6.01079 19.2692 16.4129 -6.4276 22.7028 18.933 -6.78257 25.749 22.027 -7.054 28.2544 25.6021 -7.21592 30.0198 29.5014 -7.24788 30.8755 33.4882 -7.13748 30.6985 37.2514 -6.88657 29.4608 40.5149 -6.50932 27.2332 43.0096 -6.03558 24.2019 44.5706 -5.50102 20.6085 45.1232 -4.94387 16.721 44.6864 -4.40239 12.8165 43.357 -3.90369 9.10155 41.282 -3.4674 5.73697 38.6129 -3.10055 2.79764 35.5049 -2.80399 0.317573 32.0804 -2.57134 -1.7231 28.4447 -2.39342 -3.36522 24.6709 -2.25862 -4.67012 20.8133 -2.15465 -5.70545 16.9089 -2.06911 -6.54225 12.9793 -1.99021 -7.25248 9.04527 -1.90728 -7.90675 5.11436 -1.81 -8.57776 1.20961 -1.67656 -9.33425 -2.65861 -1.47397 -10.2466 -6.46474 -1.05631 -11.2804 -10.2629 -0.280143 -12.1174 -14.0669 0.746855 -12.4127 -17.8399 1.82603 -11.9519 -21.4463 2.907 -10.7651 -24.769 3.952 -8.90722 -27.7112 4.93277 -6.44493 -30.1747 5.81993 -3.47414 -32.0983 6.59265 -0.0862752 -33.4292 7.22782 3.60155 -34.1442 7.71007 7.4887 -34.2331 8.0264 11.4568 -33.7041 8.17109 15.4072 -32.5799 8.14251 19.2336 -30.8944 7.94351 22.8467 -28.6942 7.58058 26.1577 -26.0345 7.0632 29.0902 -22.9796 6.40368 31.5748 -19.603 5.6172 33.551 -15.9825 4.72058 34.9699 -12.2087 3.73485 35.7909 -8.36962 2.68168 35.988 -4.57032 1.58924 35.5472 -0.904324 0.48424 34.4693 2.52055 -0.600878 32.7731 5.60522 -1.63513 30.4928 8.26056 -2.59036 27.6689 10.3761 -3.42944 24.3888 11.8686 -4.12217 20.7534 12.6745 -4.6425 16.8799 12.7538 -4.96767 12.9277 12.1032 -5.08229 9.01681 11.0027 -4.83417 5.22678 9.79065 -4.19772 1.51688 8.72312 -3.42333 -2.2268 7.81846 -2.68482 -6.02037 7.00329 -1.95916 -9.84915 6.20903 -1.23446 -13.6825 5.36268 -0.505921 -17.5126 4.39398 0.22825 -21.3125 3.22956 0.971037 -25.0603 1.79916 1.72143 -28.7132 0.0342877 2.47622 -32.2175 -0.771979 -0.712297 -0.650871 -0.587419 -0.523785 -0.464599 -0.417544 -0.393266 -0.404119 -0.46263 -0.578511 -0.753591 -0.976835 -1.2217 -1.43404 -1.58839 -1.68 -1.71434 -1.70704 -1.66627 -1.55612 -1.40076 -1.26697 -1.16091 -1.07942 -1.02667 -1.00109 -0.978444 -0.937188 -0.873328 -0.779455 -0.641132 -0.437554 -0.142886 0.255541 0.666547 0.99221 1.24928 1.46048 1.62275 1.74071 1.79939 1.80826 1.77795 1.71805 1.63671 1.54079 1.43605 1.32731 1.2187 1.114 1.017 0.932237 0.865622 0.82782 0.835836 0.920752 1.01634 0.802971 1.99584 1.59451 1.50219 1.47586 1.4762 1.48846 1.50578 1.52395 1.53973 1.55017 1.55232 1.54279 1.51731 1.47009 1.39263 1.27237 1.09095 0.824581 0.452438 -0.0164268 -0.515125 -0.949279 -1.26785 -1.47328 -1.58836 -1.74138 -2.00882 -2.28534 -2.39858 -2.33304 -2.14088 -1.90722 -1.71468 -1.56282 -1.44253 -1.34687 -1.26895 -1.20307 -1.14442 -1.08891 -1.03293 -0.117685
-2.13827 3.24092 -35.4917 -4.73217 3.97949 -38.4376 -7.7749 4.6824 -40.9275 -11.2326 5.32125 -42.8119 -15.0206 5.86273 -43.9394 -18.9738 6.26827 -44.1723 -22.8765 6.50324 -43.4235 -26.4456 6.54079 -41.6891 -29.4118 6.37112 -39.0582 -31.524 6.00548 -35.735 -32.6312 5.47327 -31.9762 -32.6772 4.82067 -28.0857 -31.7122 4.09726 -24.3294 -29.8556 3.34952 -20.917 -27.2798 2.61977 -18.0045 -24.1535 1.93431 -15.655 -20.6524 1.31286 -13.8888 -16.9034 0.760775 -12.668 -13.0198 0.27894 -11.9354 -9.0744 -0.183671 -11.5771 -5.15557 -0.832596 -11.2152 -1.34268 -1.67854 -10.3874 2.21768 -2.52438 -8.79113 5.35903 -3.25972 -6.43839 7.92784 -3.82447 -3.43399 9.80057 -4.16788 0.0730918 10.9387 -4.3364 3.89423 11.5769 -4.59902 7.81879 12.1484 -5.05685 11.7357 13.0704 -5.54191 15.5721 14.4781 -6.00054 19.2613 16.4267 -6.41575 22.6946 18.9475 -6.76807 25.7405 22.0421 -7.03569 28.2456 25.6176 -7.19273 30.0105 29.5171 -7.21875 30.8656 33.5037 -7.1015 30.688 37.2662 -6.84349 29.4498 40.5287 -6.45999 27.2217 43.022 -5.98213 24.1898 44.5814 -5.44635 20.5959 45.1323 -4.89085 16.7079 44.694 -4.35307 12.8032 43.3633 -3.85897 9.08804 41.2871 -3.42716 5.7236 38.617 -3.06415 2.78471 35.5082 -2.77068 0.305388 32.0829 -2.54058 -1.73429 28.4465 -2.36507 -3.37518 24.6721 -2.23301 -4.67862 20.814 -2.13257 -5.71237 16.9092 -2.05162 -6.54782 12.9794 -1.97788 -7.25745 9.04533 -1.89919 -7.91211 5.11451 -1.80311 -8.58381 1.20977 -1.66806 -9.34004 -2.65895 -1.46458 -10.25 -6.4668 -1.05088 -11.2791 -10.2681 -0.284748 -12.1113 -14.0756 0.729613 -12.4045 -17.8522 1.79638 -11.9443 -21.4607 2.87109 -10.7582 -24.7829 3.91727 -8.90016 -27.7224 4.90344 -6.4368 -30.1825 5.79587 -3.46478 -32.1033 6.57121 -0.0759406 -33.4324 7.2063 3.61258 -34.1461 7.68712 7.50014 -34.2337 8.00188 11.4683 -33.7034 8.14536 15.4186 -32.578 8.11588 19.2446 -30.8912 7.91601 22.8571 -28.6901 7.55201 26.1675 -26.0298 7.03323 29.0991 -22.9745 6.37213 31.5828 -19.5977 5.58435 33.5581 -15.9768 4.68748 34.976 -12.2024 3.70336 35.7959 -8.36212 2.65412 35.9915 -4.56128 1.56769 35.5491 -0.893605 0.469918 34.4696 2.53276 -0.60799 32.7719 5.61844 -1.63609 30.4901 8.27417 -2.58675 27.665 10.3894 -3.4229 24.384 11.8813 -4.11405 20.748 12.6863 -4.63382 16.8743 12.7644 -4.95911 12.9221 12.1119 -5.07442 9.01151 11.0088 -4.82798 5.22213 9.79428 -4.19254 1.51286 8.72561 -3.4183 -2.23052 7.8193 -2.67847 -6.02344 7.0022 -1.95172 -9.8516 6.20589 -1.22685 -13.6845 5.35745 -0.49835 -17.5141 4.38666 0.235819 -21.3135 3.22021 0.97881 -25.0606 1.78791 1.72996 -28.7127 0.0213216 2.48657 -32.2157 65.5161 65.5891 65.671 65.7613 65.8571 65.9524 66.038 66.1013 66.1282 66.1043 66.0181 65.8668 65.6607 65.426 65.2171 65.0598 64.9591 64.9105 64.8992 64.9184 65.0046 65.1343 65.2418 65.3218 65.3781 65.4071 65.4107 65.4132 65.4362 65.484 65.5639 65.6905 65.8847 66.1724 66.5664 66.9756 67.3022 67.563 67.7807 67.9521 68.0816 68.1539 68.178 68.1642 68.1217 68.0583 67.9809 67.8949 67.8051 67.7156 67.63 67.5519 67.4855 67.4362 67.4142 67.4357 67.5313 67.6341 67.4242 68.6162 68.2093 68.1071 68.0669 68.0507 68.045 68.0442 68.0453 68.0459 68.044 68.037 68.0217 67.9936 67.9464 67.8708 67.7533 67.5746 67.31 66.9379 66.4667 65.963 65.5212 65.1924 64.9746 64.8454 64.677 64.3934 64.1006 63.9714 64.0218 64.1998 64.4204 64.6013 64.743 64.8549 64.944 65.0173 65.0806 65.1389 65.1961 65.2559 -0.111217
