# num_vectors 27
# vector_size 101
-12.6316 -26.4946 -21.1855 -10.1872 -8.61944 -21.8292 -18.4852 7.73123 -13.4822 -10.6029 13.982 -0.843286 -6.04216 30.4913 2.34633 0.0620445 39.1891 25.1499 18.5319 32.1234 39.259 22.7443 11.021 44.3253 31.6836 -7.7422 36.3495 15.9677 -9.95034 18.7807 13.0145 -12.1297 -1.3646 -0.391391 5.95796 2.58555 -18.5111 12.1967 -3.50353 -25.4813 32.3898 -7.55621 -39.372 27.24 -22.5054 -38.7105 13.0107 -37.9781 -27.3502 -5.26166 -39.9592 -11.6131 -4.5707 -22.9022 -3.1884 -3.12934 -5.74429 -0.680219 0.442166 13.244 21.9381 -3.55903 12.8373 35.7549 -21.8151 20.7453 34.1089 -37.1166 9.4743 22.1703 -41.6319 -7.98664 6.62732 -42.098 -21.9705 0.00114013 0.000127138 0.000107295 4.02139e-05 0.000335849 1.17279e-05 1.61189e-05 -0.000400314 7.5007e-05 -3.26482e-05 -5.92115e-05 0.000207047 0.000249358 -0.00175762 0.00134375 7.17869e-05 0.000378513 0.00123433 -0.000173012 -0.000653135 -0.00057523 -0.000210223 -0.000260412 -0.000905371 -0.000311088 0.00139917
-10.4178 -26.4977 -20.9851 -10.4804 -11.1783 -21.7351 -19.1095 4.23846 -13.2224 -12.5775 11.7979 -2.14276 -7.4309 27.8479 1.41058 -0.400062 36.5135 19.681 17.7456 30.8499 32.9141 23.1577 11.5016 37.9655 31.3894 -6.41176 32.4187 16.3325 -10.0627 18.4405 11.9018 -11.0983 1.82937 -1.21053 6.47873 5.28584 -18.3816 13.4359 -0.920234 -26.4532 30.2343 -5.64406 -38.3143 24.9644 -20.6743 -37.0569 10.6598 -34.9889 -24.5587 -6.13154 -37.3821 -11.0496 -7.3395 -20.3781 -2.79055 -6.01737 -3.54607 0.363851 -1.82936 14.462 21.2506 -3.64793 14.5509 33.8125 -17.5439 20.001 33.637 -31.8633 8.39715 21.9959 -35.961 -8.69139 7.884 -38.585 -21.558 0.0013031 6.42073e-06 7.30089e-05 5.03106e-05 0.000332043 5.82428e-05 -0.00010092 -0.000381528 3.40151e-05 1.94183e-05 -2.50409e-05 0.000102304 0.000320928 -0.00150595 0.00109895 8.60207e-05 0.000447536 0.00108966 -0.000271201 -0.0006189 -0.000663279 3.37954e-05 -0.000260639 -0.000769866 -0.000458427 0.00140378
-8.20403 -26.5009 -20.7848 -10.7737 -13.7373 -21.641 -19.7337 0.745682 -12.9626 -14.5521 9.61382 -3.44223 -8.81963 25.2044 0.474827 -0.862169 33.838 14.2121 16.9594 29.5763 26.5691 23.5711 11.9822 31.6057 31.0953 -5.08133 28.4878 16.6973 -10.175 18.1004 10.7891 -10.067 5.02334 -2.02967 6.9995 7.98614 -18.2521 14.6752 1.66306 -27.4251 28.0787 -3.73191 -37.2566 22.6888 -18.8433 -35.4033 8.30897 -31.9997 -21.7673 -7.00141 -34.805 -10.4861 -10.1083 -17.854 -2.3927 -8.9054 -1.34785 1.40792 -4.10089 15.68 20.5631 -3.73684 16.2646 31.8701 -13.2727 19.2567 33.165 -26.61 7.32001 21.8214 -30.29 -9.39613 9.14068 -35.072 -21.1454 0.00146607 -0.000114297 3.87228e-05 6.04072e-05 0.000328236 0.000104758 -0.000217959 -0.000362741 -6.97681e-06 7.14847e-05 9.12974e-06 -2.43803e-06 0.000392497 -0.00125427 0.000854148 0.000100254 0.000516559 0.000944985 -0.000369391 -0.000584664 -0.000751329 0.000277814 -0.000260867 -0.000634362 -0.000605766 0.00140838
-5.99025 -26.504 -20.5844 -11.0669 -16.2962 -21.5469 -20.358 -2.74709 -12.7028 -16.5267 7.42974 -4.74171 -10.2084 22.561 -0.460924 -1.32428 31.1624 8.74316 16.1731 28.3028 20.2242 23.9845 12.4629 25.2459 30.8011 -3.75089 24.557 17.0621 -10.2873 17.7602 9.67639 -9.0356 8.21731 -2.84882 7.52027 10.6864 -18.1226 15.9144 4.24636 -28.397 25.9232 -1.81976 -36.1988 20.4131 -17.0122 -33.7497 5.95811 -29.0105 -18.9758 -7.87129 -32.2279 -9.92257 -12.8771 -15.3299 -1.99485 -11.7934 0.850363 2.45199 -6.37242 16.898 19.8755 -3.82574 17.9782 29.9277 -9.00144 18.5124 32.6931 -21.3567 6.24286 21.647 -24.6191 -10.1009 10.3974 -31.559 -20.7329 0.00162903 -0.000235014 4.43673e-06 7.05039e-05 0.00032443 0.000151273 -0.000334998 -0.000343955 -4.79687e-05 0.000123551 4.33004e-05 -0.000107181 0.000464067 -0.0010026 0.000609347 0.000114488 0.000585582 0.000800312 -0.00046758 -0.000550429 -0.000839378 0.000521832 -0.000261094 -0.000498857 -0.000753104 0.00141299
-3.77647 -26.5072 -20.384 -11.3601 -18.8551 -21.4529 -20.9823 -6.23987 -12.4429 -18.5013 5.24565 -6.04118 -11.5971 19.9175 -1.39668 -1.78638 28.4868 3.27425 15.3868 27.0292 13.8792 24.3979 12.9435 18.886 30.5069 -2.42045 20.6261 17.4269 -10.3996 17.42 8.56369 -8.00424 11.4113 -3.66796 8.04104 13.3867 -17.9931 17.1536 6.82965 -29.3689 23.7676 0.0923934 -35.1411 18.1375 -15.1811 -32.0961 3.60724 -26.0213 -16.1843 -8.74116 -29.6508 -9.35906 -15.6459 -12.8058 -1.597 -14.6815 3.04858 3.49606 -8.64395 18.1161 19.188 -3.91464 19.6919 27.9853 -4.73022 17.7681 32.2211 -16.1034 5.16571 21.4725 -18.9482 -10.8056 11.654 -28.046 -20.3204 0.001792 -0.000355731 -2.98494e-05 8.06006e-05 0.000320624 0.000197788 -0.000452038 -0.000325169 -8.89606e-05 0.000175618 7.7471e-05 -0.000211923 0.000535636 -0.000750927 0.000364546 0.000128722 0.000654605 0.00065564 -0.000565769 -0.000516193 -0.000927428 0.00076585 -0.000261321 -0.000363352 -0.000900443 0.0014176
-1.56269 -26.5103 -20.1837 -11.6533 -21.414 -21.3588 -21.6066 -9.73264 -12.1831 -20.4759 3.06156 -7.34066 -12.9858 17.2741 -2.33243 -2.24849 25.8112 -2.19466 14.6006 25.7557 7.53428 24.8113 13.4241 12.5262 30.2127 -1.09001 16.6953 17.7917 -10.5119 17.0798 7.45099 -6.97287 14.6053 -4.4871 8.56181 16.087 -17.8636 18.3929 9.41295 -30.3408 21.6121 2.00454 -34.0834 15.8619 -13.3501 -30.4424 1.25638 -23.0321 -13.3928 -9.61104 -27.0736 -8.79555 -18.4147 -10.2817 -1.19915 -17.5695 5.2468 4.54013 -10.9155 19.3341 18.5005 -4.00355 21.4055 26.0428 -0.459001 17.0238 31.7492 -10.8502 4.08856 21.2981 -13.2773 -11.5104 12.9107 -24.533 -19.9078 0.00195497 -0.000476448 -6.41354e-05 9.06973e-05 0.000316818 0.000244303 -0.000569077 -0.000306382 -0.000129953 0.000227684 0.000111642 -0.000316666 0.000607206 -0.000499254 0.000119745 0.000142956 0.000723628 0.000510967 -0.000663959 -0.000481958 -0.00101548 0.00100987 -0.000261549 -0.000227847 -0.00104778 0.0014222
0.651095 -26.5135 -19.9833 -11.9466 -23.9729 -21.2647 -22.2308 -13.2254 -11.9233 -22.4504 0.87747 -8.64013 -14.3746 14.6306 -3.26818 -2.7106 23.1357 -7.66357 13.8143 24.4822 1.18933 25.2247 13.9047 6.16641 29.9186 0.240423 12.7644 18.1565 -10.6243 16.7397 6.33829 -5.94151 17.7992 -5.30624 9.08257 18.7873 -17.7341 19.6321 11.9962 -31.3127 19.4565 3.9167 -33.0257 13.5863 -11.519 -28.7888 -1.09449 -20.0429 -10.6014 -10.4809 -24.4965 -8.23204 -21.1835 -7.7576 -0.801299 -20.4575 7.44502 5.5842 -13.187 20.5521 17.813 -4.09245 23.1192 24.1004 3.81222 16.2795 31.2772 -5.59687 3.01142 21.1236 -7.60633 -12.2151 14.1674 -21.02 -19.4953 0.00211794 -0.000597166 -9.84215e-05 0.000100794 0.000313011 0.000290817 -0.000686116 -0.000287596 -0.000170944 0.000279751 0.000145812 -0.000421408 0.000678776 -0.000247581 -0.000125056 0.00015719 0.00079265 0.000366295 -0.000762148 -0.000447722 -0.00110353 0.00125389 -0.000261776 -9.23427e-05 -0.00119512 0.00142681
4.09393 -26.5387 -19.671 -12.392 -27.9774 -21.1889 -23.258 -18.5698 -11.4619 -25.5397 -2.52033 -10.6698 -16.6742 10.4951 -4.49239 -3.39619 19.114 -16.3512 12.763 22.5769 -8.49605 25.875 14.6647 -3.64064 29.6462 2.45964 6.59508 18.6082 -11.0322 16.3385 4.68982 -4.48453 22.7392 -6.59607 9.94027 23.0059 -17.4251 21.7137 16.0322 -33.0191 16.0927 6.80557 -31.4166 10.1337 -8.73494 -26.6933 -4.62337 -15.3516 -5.80029 -11.6621 -21.0525 -7.41995 -25.768 -3.52521 -0.176987 -24.9124 10.8573 7.19447 -16.6798 22.442 16.7087 -4.40442 25.8925 21.0507 10.6675 15.1665 30.7497 2.4003 1.31286 20.8283 1.31198 -13.358 16.0734 -15.7902 -18.9251 0 0 0 0 0 0 0 0 0 0 0 0 0 0 0 0 0 0 0 0 0 0 0 0 0 0
4.25313 -21.6837 -19.5202 -11.9182 -21.3322 -20.7681 -23.3584 -14.0248 -12.1571 -25.57 1.47186 -9.35455 -18.2077 15.3292 -16.0457 -4.04656 22.4025 -17.5128 11.4711 24.1831 -13.5503 24.4441 18.6896 -6.27134 28.8359 7.02872 3.78295 21.2862 0.205207 16.0259 8.5499 3.73875 24.8121 -6.39912 10.1358 24.6029 -18.5429 15.8027 15.7897 -28.6232 13.7534 3.46364 -32.7274 3.42399 -7.94328 -25.1239 -9.05101 -14.2842 -18.9796 -22.1358 -7.80559 -8.27629 -27.1764 2.94335 2.21789 -24.1967 14.76 9.05205 -13.426 24.6294 17.2466 0.119033 25.8035 23.9809 10.3982 15.9808 26.148 9.96815 0.25153 25.3962 -0.223744 -12.1254 17.1782 -11.9971 -19.8465 0 0 0 0 0 0 0 0 0 0 0 0 0 0 0 0 0 0 0 0 0 0 0 0 0 0
1.46364 -26.8018 -24.4013 -14.2845 -20.6556 -18.7753 -19.0516 -11.4022 -4.66199 -15.9288 4.53061 -0.230184 -12.9601 17.3547 -12.0619 -1.21563 29.378 -12.8642 15.5216 30.302 -13.1632 27.2249 28.3886 -0.510736 32.4563 13.7735 5.50532 24.0177 0.913767 12.1736 10.1306 0.295335 21.6922 -2.15904 11.783 24.196 -15.0108 19.1357 17.3653 -29.726 15.5231 8.91806 -26.0345 10.4298 -9.79186 -15.8253 -1.75621 -14.7244 -17.4317 -17.68 -7.5984 -13.5912 -28.0122 7.497 -0.420636 -29.5278 17.9717 12.173 -21.4855 26.2965 9.0091 -0.67725 27.782 28.0314 1.79778 19.3467 15.471 7.04987 1.11392 19.6585 -2.66587 -12.4156 16.4612 -18.4775 -20.6812 -3.8337e-05 0.000106145 -0.00130638 0.000775509 0.000527133 0.000255428 5.54343e-05 -3.13324e-05 0.000985426 -0.000544264 -0.000464052 -0.000224794 -7.42239e-05 -0.000427661 0.000329611 -0.000796457 0.00070674 0.00036351 0.000241642 5.27242e-05 0.000113518 0.000419832 -0.000509284 -0.000313934 -0.000201934 0.000163986
8.26491 -26.3577 -23.9604 -8.85277 -16.5748 -26.141 -18.8219 -8.15169 -13.2404 -18.8869 8.07155 -7.60664 -13.2824 21.3199 -18.3171 0.714017 31.2263 -17.8774 17.6961 29.2957 -13.2925 25.2477 27.9682 3.28887 35.3286 13.4658 5.36159 31.3979 -2.9666 10.8447 9.85829 -10.1472 8.77241 1.46495 3.99501 18.2214 -10.859 17.4798 16.9984 -26.9147 21.2659 7.72236 -24.2984 8.92821 -9.22761 -11.7026 -2.8934 -10.1208 -16.8325 -19.3733 -5.03185 -11.4454 -33.6729 6.95458 -0.827158 -31.205 21.2148 4.38672 -18.7663 36.4563 1.83042 3.36392 20.7178 24.8395 -1.73306 19.0513 20.8509 12.13 -2.60618 24.0368 1.49852 -15.7881 22.4469 -16.1661 -21.131 -3.8337e-05 0.000106145 -0.00130638 0.000775509 0.000527133 0.000255428 5.54343e-05 -3.13324e-05 0.000985426 -0.000544264 -0.000464052 -0.000224794 -7.42239e-05 -0.000427661 0.000329611 -0.000796457 0.00070674 0.00036351 0.000241642 5.27242e-05 0.000113518 0.000419832 -0.000509284 -0.000313934 -0.000201934 0.000163986
9.80753 -22.3672 -33.0649 -10.3318 -16.096 -25.5733 -15.3628 -11.0118 -6.8849 -25.0306 6.59097 -7.25302 -12.5991 17.8868 -18.0566 -0.0610837 29.7287 -9.77437 17.331 27.8219 -5.79796 25.4387 30.5245 10.9087 37.1251 17.3636 15.5881 33.1671 -1.64645 9.87555 10.7267 -6.35035 7.08506 3.2531 9.85543 14.5728 -16.2015 16.1059 16.3439 -32.1197 16.4247 4.00347 -16.3173 14.05 -17.7313 -10.6459 -4.63156 -13.198 -23.1475 -14.6009 1.64294 -13.8158 -33.4588 7.09971 -3.08209 -34.8424 21.918 7.27723 -23.3694 36.2598 -5.2009 0.284685 23.4642 20.0375 3.94926 18.4223 7.9169 16.4142 -2.76906 16.5667 8.39402 -16.4015 21.0694 -8.93145 -23.9197 -3.8337e-05 0.000106145 -0.00130638 0.000775509 0.000527133 0.000255428 5.54343e-05 -3.13324e-05 0.000985426 -0.000544264 -0.000464052 -0.000224794 -7.42239e-05 -0.000427661 0.000329611 -0.000796457 0.00070674 0.00036351 0.000241642 5.27242e-05 0.000113518 0.000419832 -0.000509284 -0.000313934 -0.000201934 0.000163986
13.283 -22.0845 -34.8665 -7.59979 -21.0944 -24.9529 -11.0704 -14.5633 -6.23804 -21.256 2.74219 -7.21968 -9.36691 13.9039 -18.7876 0.598833 29.0651 -11.357 17.6864 30.1456 -4.61621 21.3654 26.3039 15.2984 38.4719 15.8158 13.959 34.1586 -4.61708 13.2275 11.6924 -9.35472 10.7016 4.3098 7.35198 17.1961 -15.0944 13.932 18.3576 -30.2114 15.9331 5.02711 -13.3961 10.5747 -15.6452 -6.12109 -6.63583 -7.05625 -23.9301 -18.197 2.24453 -15.6756 -36.8387 10.2906 4.49505 -34.0111 18.6665 5.25841 -18.505 36.7132 -8.16219 0.643428 16.5075 17.8396 8.58255 18.3936 9.40941 19.621 -5.74759 18.4023 8.6005 -17.3972 22.8761 -10.3751 -21.13 -3.8337e-05 0.000106145 -0.00130638 0.000775509 0.000527133 0.000255428 5.54343e-05 -3.13324e-05 0.000985426 -0.000544264 -0.000464052 -0.000224794 -7.42239e-05 -0.000427661 0.000329611 -0.000796457 0.00070674 0.00036351 0.000241642 5.27242e-05 0.000113518 0.000419832 -0.000509284 -0.000313934 -0.000201934 0.000163986
11.5745 -17.8244 -38.0539 -8.57154 -17.4565 -26.5262 -10.373 -14.247 -6.34266 -19.4648 3.92672 -3.36753 -8.34803 15.9707 -14.8779 1.10964 31.3567 -7.22469 18.3059 33.0029 -0.850259 22.7752 27.7123 18.6388 39.1503 16.2265 15.7717 33.4868 -3.86829 13.5585 11.2689 -6.87356 5.57465 3.35057 6.85849 19.1123 -15.7492 14.9214 16.9589 -28.6232 17.5034 1.17194 -9.56305 7.17673 -16.3866 -2.21315 -7.23029 -2.24343 -21.1103 -20.0004 3.47093 -12.9288 -37.31 14.6783 7.66527 -33.3558 21.6541 8.9172 -17.3445 39.2461 -7.99595 0.224545 19.8633 17.2354 11.1009 20.0066 6.82011 18.6534 -5.03532 19.4823 9.6478 -15.7585 22.7129 -8.93158 -22.9956 -3.8337e-05 0.000106145 -0.00130638 0.000775509 0.000527133 0.000255428 5.54343e-05 -3.13324e-05 0.000985426 -0.000544264 -0.000464052 -0.000224794 -7.42239e-05 -0.000427661 0.000329611 -0.000796457 0.00070674 0.00036351 0.000241642 5.27242e-05 0.000113518 0.000419832 -0.000509284 -0.000313934 -0.000201934 0.000163986
9.86604 -13.5643 -41.2413 -9.54329 -13.8186 -28.0995 -9.67552 -13.9306 -6.44728 -17.6736 5.11126 0.484639 -7.32915 18.0375 -10.9682 1.62044 33.6483 -3.09235 18.9255 35.8602 2.91571 24.185 29.1208 21.9793 39.8288 16.6373 17.5844 32.8149 -3.1195 13.8895 10.8453 -4.39238 0.44768 2.39133 6.36499 21.0286 -16.404 15.9109 15.5601 -27.0349 19.0737 -2.68325 -5.72998 3.77875 -17.128 1.6948 -7.82476 2.56941 -18.2905 -21.8039 4.69733 -10.182 -37.7813 19.066 10.8355 -32.7004 24.6417 12.576 -16.184 41.779 -7.82971 -0.19434 23.2192 16.6312 13.6193 21.6196 4.23079 17.6857 -4.32305 20.5624 10.6951 -14.1197 22.5496 -7.48806 -24.8612 -3.8337e-05 0.000106145 -0.00130638 0.000775509 0.000527133 0.000255428 5.54343e-05 -3.13324e-05 0.000985426 -0.000544264 -0.000464052 -0.000224794 -7.42239e-05 -0.000427661 0.000329611 -0.000796457 0.00070674 0.00036351 0.000241642 5.27242e-05 0.000113518 0.000419832 -0.000509284 -0.000313934 -0.000201934 0.000163986
11.6022 -10.7072 -41.5298 -5.44111 -13.3198 -29.4197 -6.99259 -13.3597 -7.88925 -14.1479 3.90544 0.47274 -6.20185 17.3907 -10.4682 -0.178411 31.7785 -3.20585 14.4807 35.7736 2.66443 18.0255 28.9332 21.4788 32.9058 16.9253 19.6421 27.2693 -3.01991 16.4857 8.67187 -4.71755 2.18699 1.46966 4.39694 18.7969 -15.0671 14.889 12.2626 -22.333 17.2896 -4.11149 -1.88283 1.34422 -17.5678 5.13221 -10.0915 2.06527 -14.2747 -22.8166 5.69218 -9.48326 -38.7898 18.8769 7.56556 -32.4053 24.149 9.62341 -15.8284 39.6174 -9.3059 0.27702 21.8063 14.0589 13.4553 19.5429 3.16157 18.8322 -3.82846 18.968 13.7273 -14.7892 22.9686 -3.23007 -25.5359 -3.45321e-05 9.56103e-05 -0.00117672 0.000698541 0.000474816 0.000230077 4.99325e-05 -2.82227e-05 0.000887624 -0.000490247 -0.000417996 -0.000202484 -6.68573e-05 -0.000385216 0.000296898 -0.00071741 0.000636597 0.000327432 0.000217659 4.74914e-05 0.000102252 0.000378164 -0.000458738 -0.000282777 -0.000181892 0.000147711
13.3384 -7.85008 -41.8184 -1.33893 -12.821 -30.7399 -4.30965 -12.7888 -9.33122 -10.6222 2.69962 0.460842 -5.07455 16.7439 -9.96825 -1.97726 29.9087 -3.31936 10.0359 35.6871 2.41315 11.8659 28.7455 20.9784 25.9829 17.2133 21.6999 21.7237 -2.92032 19.0819 6.49844 -5.04272 3.9263 0.547988 2.42888 16.5651 -13.7302 13.8671 8.96515 -17.6311 15.5055 -5.53973 1.96433 -1.09031 -18.0075 8.56962 -12.3583 1.56113 -10.259 -23.8293 6.68704 -8.78451 -39.7983 18.6878 4.29563 -32.1102 23.6562 6.67082 -15.4727 37.4559 -10.7821 0.748381 20.3933 11.4865 13.2913 17.4661 2.09236 19.9786 -3.33388 17.3736 16.7594 -15.4588 23.3876 1.02792 -26.2106 -3.07272e-05 8.50756e-05 -0.00104707 0.000621573 0.000422499 0.000204726 4.44308e-05 -2.5113e-05 0.000789822 -0.000436229 -0.000371939 -0.000180173 -5.94907e-05 -0.000342772 0.000264184 -0.000638363 0.000566454 0.000291354 0.000193677 4.22586e-05 9.0985e-05 0.000336497 -0.000408193 -0.000251619 -0.000161851 0.000131435
15.0745 -4.99296 -42.1069 2.76326 -12.3222 -32.0601 -1.62672 -12.2178 -10.7732 -7.0965 1.4938 0.448943 -3.94725 16.097 -9.46828 -3.77611 28.0389 -3.43286 5.59113 35.6005 2.16187 5.7064 28.5579 20.4779 19.0599 17.5013 23.7576 16.1781 -2.82072 21.678 4.32501 -5.36789 5.66561 -0.373683 0.460827 14.3334 -12.3933 12.8452 5.66767 -12.9291 13.7214 -6.96797 5.81148 -3.52483 -18.4473 12.007 -14.625 1.057 -6.2432 -24.842 7.68189 -8.08577 -40.8068 18.4987 1.02569 -31.8151 23.1635 3.71823 -15.1171 35.2943 -12.2583 1.21974 18.9804 8.91415 13.1274 15.3894 1.02314 21.1251 -2.83929 15.7793 19.7916 -16.1283 23.8067 5.28591 -26.8854 -2.69223e-05 7.45408e-05 -0.000917412 0.000544605 0.000370182 0.000179376 3.8929e-05 -2.20033e-05 0.00069202 -0.000382212 -0.000325883 -0.000157863 -5.21241e-05 -0.000300327 0.000231471 -0.000559316 0.000496312 0.000255277 0.000169694 3.70258e-05 7.97186e-05 0.000294829 -0.000357647 -0.000220462 -0.000141809 0.00011516
16.8107 -2.13585 -42.3955 6.86544 -11.8234 -33.3803 1.05621 -11.6469 -12.2152 -3.5708 0.287976 0.437044 -2.81996 15.4502 -8.9683 -5.57496 26.1691 -3.54636 1.14635 35.5139 1.91059 -0.453129 28.3703 19.9775 12.137 17.7893 25.8154 10.6325 -2.72113 24.2742 2.15158 -5.69306 7.40492 -1.29535 -1.50723 12.1016 -11.0564 11.8232 2.37019 -8.22722 11.9373 -8.3962 9.65863 -5.95936 -18.887 15.4444 -16.8918 0.552858 -2.22743 -25.8547 8.67674 -7.38703 -41.8153 18.3096 -2.24424 -31.5199 22.6707 0.765643 -14.7614 33.1328 -13.7345 1.6911 17.5674 6.3418 12.9634 13.3126 -0.0460762 22.2715 -2.3447 14.1849 22.8237 -16.7978 24.2257 9.5439 -27.5601 -2.31175e-05 6.40061e-05 -0.000787756 0.000467637 0.000317865 0.000154025 3.34272e-05 -1.88936e-05 0.000594218 -0.000328195 -0.000279826 -0.000135552 -4.47575e-05 -0.000257882 0.000198758 -0.000480269 0.000426169 0.000219199 0.000145712 3.1793e-05 6.84521e-05 0.000253161 -0.000307102 -0.000189304 -0.000121768 9.88846e-05
18.5469 0.721262 -42.684 10.9676 -11.3246 -34.7005 3.73915 -11.076 -13.6571 -0.0451051 -0.917845 0.425146 -1.69266 14.8034 -8.46833 -7.37381 24.2993 -3.65987 -3.29844 35.4274 1.65931 -6.61266 28.1827 19.477 5.21405 18.0772 27.8731 5.08689 -2.62154 26.8704 -0.0218503 -6.01823 9.14423 -2.21702 -3.47528 9.86986 -9.71945 10.8013 -0.927287 -3.52529 10.1532 -9.82444 13.5058 -8.39389 -19.3268 18.8818 -19.1585 0.0487198 1.78834 -26.8674 9.67159 -6.68828 -42.8238 18.1206 -5.51418 -31.2248 22.178 -2.18695 -14.4058 30.9712 -15.2107 2.16246 16.1545 3.76946 12.7994 11.2359 -1.11529 23.418 -1.85012 12.5905 25.8559 -17.4673 24.6447 13.8019 -28.2348 -1.93126e-05 5.34714e-05 -0.0006581 0.000390669 0.000265548 0.000128674 2.79255e-05 -1.5784e-05 0.000496416 -0.000274177 -0.00023377 -0.000113242 -3.73909e-05 -0.000215438 0.000166044 -0.000401222 0.000356026 0.000183121 0.000121729 2.65602e-05 5.71856e-05 0.000211494 -0.000256556 -0.000158147 -0.000101726 8.26093e-05
20.283 3.57837 -42.9726 15.0698 -10.8258 -36.0207 6.42208 -10.5051 -15.0991 3.48059 -2.12367 0.413247 -0.565358 14.1566 -7.96835 -9.17267 22.4295 -3.77337 -7.74323 35.3408 1.40803 -12.7722 27.995 18.9765 -1.7089 18.3652 29.9309 -0.45871 -2.52195 29.4666 -2.19528 -6.3434 10.8835 -3.1387 -5.44334 7.63811 -8.38254 9.77941 -4.22476 1.17663 8.36905 -11.2527 17.3529 -10.8284 -19.7666 22.3192 -21.4253 -0.455418 5.80411 -27.88 10.6664 -5.98954 -43.8323 17.9315 -8.78412 -30.9297 21.6853 -5.13954 -14.0501 28.8096 -16.6868 2.63382 14.7415 1.19711 12.6354 9.15913 -2.18451 24.5644 -1.35553 10.9961 28.888 -18.1369 25.0637 18.0599 -28.9095 -1.55077e-05 4.29367e-05 -0.000528444 0.000313701 0.00021323 0.000103323 2.24237e-05 -1.26743e-05 0.000398614 -0.00022016 -0.000187714 -9.09314e-05 -3.00243e-05 -0.000172993 0.000133331 -0.000322175 0.000285883 0.000147043 9.77466e-05 2.13275e-05 4.59191e-05 0.000169826 -0.00020601 -0.000126989 -8.16843e-05 6.63339e-05
22.0192 6.43549 -43.2611 19.172 -10.327 -37.3408 9.10501 -9.93414 -16.5411 7.00629 -3.32949 0.401348 0.561941 13.5097 -7.46838 -10.9715 20.5597 -3.88687 -12.188 35.2542 1.15675 -18.9317 27.8074 18.4761 -8.63186 18.6532 31.9886 -6.00431 -2.42236 32.0627 -4.36871 -6.66857 12.6228 -4.06037 -7.41139 5.40636 -7.04563 8.7575 -7.52224 5.87855 6.58494 -12.6809 21.2001 -13.2629 -20.2063 25.7567 -23.6921 -0.959556 9.81987 -28.8927 11.6613 -5.2908 -44.8408 17.7424 -12.0541 -30.6346 21.1925 -8.09212 -13.6945 26.6481 -18.163 3.10518 13.3286 -1.37524 12.4715 7.08238 -3.25373 25.7109 -0.860944 9.40173 31.9202 -18.8064 25.4827 22.3179 -29.5842 -1.17028e-05 3.2402e-05 -0.000398787 0.000236733 0.000160913 7.79723e-05 1.6922e-05 -9.56457e-06 0.000300813 -0.000166143 -0.000141657 -6.86209e-05 -2.26577e-05 -0.000130548 0.000100618 -0.000243128 0.00021574 0.000110966 7.3764e-05 1.60947e-05 3.46527e-05 0.000128159 -0.000155465 -9.58319e-05 -6.16427e-05 5.00586e-05
23.7554 9.2926 -43.5497 23.2742 -9.8282 -38.661 11.7879 -9.36321 -17.9831 10.532 -4.53531 0.389449 1.68924 12.8629 -6.9684 -12.7704 18.6899 -4.00038 -16.6328 35.1677 0.905467 -25.0913 27.6198 17.9756 -15.5548 18.9412 34.0464 -11.5499 -2.32277 34.6589 -6.54214 -6.99374 14.3622 -4.98204 -9.37945 3.17461 -5.70872 7.73558 -10.8197 10.5805 4.80083 -14.1092 25.0472 -15.6975 -20.6461 29.1941 -25.9588 -1.46369 13.8356 -29.9054 12.6562 -4.59205 -45.8493 17.5533 -15.324 -30.3395 20.6998 -11.0447 -13.3388 24.4865 -19.6392 3.57654 11.9156 -3.94759 12.3075 5.00564 -4.32294 26.8574 -0.366357 7.80735 34.9524 -19.4759 25.9017 26.5759 -30.259 -7.89792e-06 2.18673e-05 -0.000269131 0.000159765 0.000108596 5.26215e-05 1.14202e-05 -6.45488e-06 0.000203011 -0.000112125 -9.56008e-05 -4.63105e-05 -1.52911e-05 -8.81038e-05 6.79042e-05 -0.000164081 0.000145598 7.48878e-05 4.97814e-05 1.08619e-05 2.33862e-05 8.64909e-05 -0.000104919 -6.46745e-05 -4.1601e-05 3.37833e-05
25.4915 12.1497 -43.8382 27.3763 -9.3294 -39.9812 14.4709 -8.79229 -19.425 14.0577 -5.74113 0.377551 2.81654 12.2161 -6.46843 -14.5692 16.8201 -4.11388 -21.0776 35.0811 0.654186 -31.2508 27.4321 17.4752 -22.4778 19.2292 36.1041 -17.0955 -2.22317 37.2551 -8.71557 -7.3189 16.1015 -5.90371 -11.3475 0.942864 -4.37181 6.71367 -14.1172 15.2824 3.01672 -15.5374 28.8944 -18.132 -21.0858 32.6315 -28.2256 -1.96783 17.8514 -30.9181 13.651 -3.89331 -46.8578 17.3642 -18.5939 -30.0444 20.2071 -13.9973 -12.9832 22.325 -21.1154 4.0479 10.5027 -6.51994 12.1435 2.92889 -5.39216 28.0038 0.128229 6.21297 37.9845 -20.1455 26.3208 30.8338 -30.9337 -4.09304e-06 1.13325e-05 -0.000139475 8.2797e-05 5.62792e-05 2.72707e-05 5.91843e-06 -3.34519e-06 0.000105209 -5.81082e-05 -4.95444e-05 -2.40001e-05 -7.92449e-06 -4.56591e-05 3.51908e-05 -8.50335e-05 7.54549e-05 3.881e-05 2.57988e-05 5.62908e-06 1.21197e-05 4.48232e-05 -5.43736e-05 -3.35171e-05 -2.15594e-05 1.75079e-05
27.3592 15.2232 -44.1486 31.7892 -8.79282 -41.4014 17.357 -8.17813 -20.9762 17.8504 -7.03827 0.364751 4.02921 11.5203 -5.93059 -16.5043 14.8087 -4.23598 -25.859 34.988 0.383876 -37.8768 27.2303 16.9368 -29.925 19.539 38.3177 -23.0611 -2.11604 40.0479 -11.0536 -7.6687 17.9725 -6.89518 -13.4646 -1.4579 -2.93365 5.61436 -17.6644 20.3404 1.0975 -17.0738 33.0329 -20.7509 -21.5589 36.3292 -30.664 -2.51015 22.1713 -32.0075 14.7212 -3.14165 -47.9427 17.1608 -22.1115 -29.7269 19.677 -17.1735 -12.6006 19.9997 -22.7034 4.55496 8.98274 -9.2871 11.9671 0.694868 -6.54235 29.2371 0.660272 4.49784 41.2463 -20.8657 26.7715 35.4143 -31.6595 0 0 0 0 0 0 0 0 0 0 0 0 0 0 0 0 0 0 0 0 0 0 0 0 0 0
24.9856 13.0984 -44.3928 32.0735 -8.46751 -39.0251 16.462 -9.06889 -19.8243 15.5884 -9.85358 1.1136 1.80563 8.93185 -4.37259 -17.5944 13.3128 -0.355461 -25.6036 33.9884 3.85965 -38.7781 27.3226 19.7209 -34.4371 16.3376 38.2814 -25.2963 -3.90722 40.2636 -11.1774 -6.11772 20.3258 -4.99853 -8.31672 2.17554 -2.08933 3.10886 -15.6209 21.239 -1.01295 -14.8279 34.606 -21.4492 -21.3468 35.3414 -33.9421 -6.11231 22.1922 -36.863 11.4082 1.89481 -45.2768 19.7226 -17.6925 -27.9457 20.4126 -13.5902 -10.6752 20.9947 -20.6743 6.29019 11.161 -9.9572 12.9196 0.773545 -6.37137 29.7788 -0.484154 2.09182 40.4679 -23.1654 22.8884 33.9131 -35.6104 0 0 0 0 0 0 0 0 0 0 0 0 0 0 0 0 0 0 0 0 0 0 0 0 0 0
22.612 10.9735 -44.6371 32.3578 -8.14219 -36.6488 15.567 -9.95966 -18.6724 13.3263 -12.6689 1.86244 -0.417952 6.34339 -2.81459 -18.6846 11.8168 3.52506 -25.3482 32.9888 7.33542 -39.6795 27.4149 22.5051 -38.9493 13.1362 38.245 -27.5315 -5.6984 40.4794 -11.3013 -4.56674 22.6792 -3.10187 -3.16883 5.80898 -1.24501 0.603361 -13.5774 22.1377 -3.12341 -12.582 36.1791 -22.1475 -21.1346 34.3535 -37.2203 -9.71447 22.2131 -41.7185 8.09528 6.93128 -42.6108 22.2845 -13.2735 -26.1644 21.1483 -10.0068 -8.74973 21.9898 -18.6452 8.02542 13.3393 -10.6273 13.8722 0.852222 -6.20039 30.3205 -1.62858 -0.314201 39.6894 -25.4651 19.0052 32.4118 -39.5614 0 0 0 0 0 0 0 0 0 0 0 0 0 0 0 0 0 0 0 0 0 0 0 0 0 0
