# num_vectors 23
# vector_size 401
# Iterations: 5000, stepsize: 0.028033, max step size: 1.000000, spring constant: 0.000100, global NEB Hessian: false, global NEB Linesearch: true, climbing image: false
-6.15155 -27.9098 -27.2422 -8.30112 -24.0591 -26.7765 -10.226 -20.1338 -26.0329 -11.921 -16.1606 -25.0296 -13.3828 -12.1638 -23.7832 -14.7951 -7.48619 -22.0354 -15.8845 -2.83947 -19.9982 -16.6545 1.74394 -17.6898 -17.1131 6.23094 -15.1236 -17.2591 9.59265 -12.9841 -17.2285 12.8643 -10.7046 -17.0243 16.0312 -8.29041 -16.649 19.0787 -5.74636 -16.0552 22.2159 -2.86117 -15.2682 25.1757 0.161906 -14.2859 27.9403 3.31008 -13.1065 30.4905 6.56958 -10.9251 33.9282 11.7258 -8.28147 36.7428 17.0411 -5.18252 38.8508 22.437 -1.64888 40.1649 27.8174 2.08028 40.598 32.8137 6.11362 40.1678 37.5681 10.3741 38.8243 41.9384 14.7561 36.5441 45.7667 18.6593 33.7249 48.589 22.4321 30.2123 50.7281 25.9438 26.0897 52.077 29.0574 21.4821 52.5499 31.6964 16.4256 52.0709 33.6438 11.2457 50.6081 34.7965 6.17853 48.2088 35.0931 1.46477 44.9754 34.442 -2.96222 40.7326 32.8328 -6.48534 35.9344 30.3693 -8.93941 30.842 27.1988 -10.2361 25.7146 24.1008 -10.4169 21.5318 20.732 -9.78485 17.6101 17.1994 -8.39309 14.0449 13.5884 -6.32573 10.9122 9.38946 -3.29391 7.92192 5.20848 0.239062 5.51298 1.08284 4.10752 3.56888 -2.98863 8.17885 1.95243 -6.38681 11.6729 0.734752 -9.78674 15.1789 -0.443373 -13.212 18.6429 -1.67079 -16.6835 22.0081 -3.03587 -20.6453 25.5831 -4.83091 -24.6963 28.8307 -7.00838 -28.8192 31.605 -9.65476 -32.9529 33.7351 -12.8287 -36.8197 34.9976 -16.3804 -40.4372 35.3326 -20.3756 -43.6119 34.6078 -24.6833 -46.1257 32.7587 -29.0903 -47.7493 29.8778 -33.2523 -48.3755 26.099 -36.9385 -47.9388 21.6828 -39.8651 -46.478 16.9583 -41.8154 -44.0131 12.0805 -42.6884 -40.808 7.57888 -42.3834 -37.1126 3.69525 -41.0079 -33.1594 0.559117 -38.7347 -28.7749 -1.97282 -35.4618 -24.4659 -3.64999 -31.5932 -20.3151 -4.59941 -27.3251 -16.3445 -4.97926 -22.8045 -13.3579 -4.99741 -19.1723 -10.4432 -4.84963 -15.4853 -7.56464 -4.61062 -11.7746 -4.68335 -4.354 -8.0673 -1.59915 -4.14391 -4.18941 1.57473 -4.0832 -0.379252 4.87438 -4.2606 3.31877 8.32451 -4.76526 6.84529 12.6506 -5.90972 10.7281 17.1645 -7.77534 14.0815 21.691 -10.4607 16.802 26.0612 -13.9436 18.7699 30.3372 -18.4082 19.9084 34.0303 -23.4945 19.9695 36.9331 -28.9681 18.9076 38.8685 -34.5451 16.7479 39.6079 -38.6331 14.4459 39.6926 -42.4659 11.6421 39.1222 -45.9167 8.42889 37.9216 -48.876 4.91329 35.8053 -51.58 0.610965 33.0161 -53.42 -3.76346 29.6827 -54.3534 -8.04336 25.9441 -54.3823 -12.0836 22.1533 -53.6104 -15.5853 18.2351 -52.1171 -18.6914 14.2907 -49.9732 -21.3511 10.406 -47.2577 -23.5339 5.73898 -43.1855 -25.5678 1.37824 -38.5104 -26.8436 -2.60207 -33.3761 -27.3887 -0.906283 -0.854396 -0.749165 -0.629044 -0.74121 -0.664076 -0.579602 -0.487635 -0.714454 -0.651384 -0.58287 -0.510093 -0.703498 -0.632407 -0.564393 -0.500579 -0.697496 -0.65472 -0.641593 -0.667344 -0.397363 -0.483585 -0.623542 -0.809265 -0.392675 -0.592966 -0.732803 -0.780096 -0.844882 -0.850374 -0.773563 -0.619586 -0.952298 -0.798443 -0.59202 -0.347627 -0.832566 -0.693417 -0.578328 -0.492286 -0.719651 -0.657965 -0.617119 -0.590421 -0.664651 -0.664669 -0.677415 -0.710672 -0.647771 -0.733128 -0.925725 -1.18138 -0.119658 -0.50299 -0.805184 -1.02381 -0.417864 -0.672437 -0.839665 -0.925237 -0.764353 -0.824241 -0.785441 -0.667744 -0.935728 -0.777067 -0.601961 -0.43358 -0.872185 -0.738948 -0.61089 -0.481301 -0.93807 -0.798441 -0.643365 -0.461475 -1.16868 -0.9731 -0.746676 -0.528216 -0.850801 -0.648133 -0.587894 -0.635905 -0.549835 -0.619986 -0.71667 -0.832521 -0.7107 -0.852027 -1.01113 -1.18388 -0.816966 -0.977853 -1.15559 -1.35424 -0.1261 -0.288511 -1.0032 1.66547 -0.798429
-9.78979 -27.3418 -25.5293 -12.1783 -23.6066 -25.4539 -14.056 -19.6239 -24.9289 -15.5087 -15.5206 -24.083 -16.5988 -11.3718 -22.9596 -17.4182 -6.52478 -21.2983 -17.8154 -1.73332 -19.3465 -17.9319 2.9957 -17.2139 -17.7911 7.63983 -14.9037 -17.4499 11.1081 -12.9666 -16.889 14.4591 -10.88 -16.1311 17.6807 -8.65636 -15.2205 20.7809 -6.32035 -14.1051 24.0019 -3.69425 -12.851 27.0675 -0.947428 -11.4069 29.8765 1.97485 -9.72028 32.286 5.11569 -6.72464 35.0881 10.2469 -3.56229 37.4529 15.4968 -0.368499 39.733 20.7652 3.25244 40.7256 26.1556 7.02903 39.6359 31.0134 10.7987 37.4878 35.5106 14.5686 35.1006 39.8855 18.3058 31.7797 43.6344 21.3346 27.6824 45.9106 24.0032 23.0064 47.379 26.4662 18.0939 48.3511 28.5947 12.9361 48.4508 30.1624 7.5499 47.3159 31.234 2.26986 45.3844 31.9978 -2.87732 43.0009 32.1012 -7.56335 39.7165 31.1516 -11.4587 35.0323 29.5952 -14.4238 29.855 27.8053 -17.058 24.5753 25.2788 -18.625 19.1735 22.4478 -18.4816 14.8046 19.2972 -17.2758 10.8369 15.9898 -15.4561 7.24896 12.5146 -12.9713 4.27043 8.48309 -9.15198 2.05265 4.64669 -4.71464 0.890024 0.868329 -0.171414 -0.0279624 -2.96715 4.34329 -0.844116 -6.16819 8.20194 -1.15855 -9.32174 12.1122 -1.16912 -12.5443 15.9641 -1.28101 -15.9669 19.5839 -1.92759 -20.0003 23.2449 -3.34991 -24.1206 26.6321 -5.15095 -28.299 29.698 -7.34998 -32.4404 31.8899 -10.4706 -36.0586 32.7925 -14.3759 -39.2315 32.7912 -18.7452 -42.0024 32.0894 -23.3263 -44.0503 30.3243 -28.0005 -44.9946 27.4233 -32.3536 -45.0216 23.7954 -36.2387 -44.3695 19.7366 -39.6088 -42.8457 15.2785 -42.0706 -40.2444 10.5298 -43.215 -37.028 6.02615 -43.2037 -33.5291 1.80274 -42.4633 -29.7732 -1.82043 -40.6214 -25.6663 -4.4109 -37.0488 -21.8579 -5.77369 -32.5789 -18.1635 -6.7522 -27.9168 -14.6246 -7.20181 -23.0573 -12.1929 -6.78901 -19.0542 -10.0673 -5.79175 -14.9805 -8.04314 -4.53674 -10.9264 -5.92864 -3.24575 -6.93007 -3.57964 -1.85104 -2.79158 -1.14394 -0.419598 1.28375 1.5343 0.77283 5.28313 4.69817 1.30105 9.06473 9.07421 0.918579 13.0395 13.7292 0.0250927 16.5932 18.4904 -1.23099 19.8868 23.2951 -3.7671 22.2483 27.7943 -8.10373 22.9246 31.5617 -13.1067 22.3918 35.1099 -18.231 21.5789 37.8685 -23.6348 19.9369 38.8782 -27.7562 17.8038 38.9778 -31.6565 15.0958 38.3764 -35.2471 12.0459 37.1223 -38.4357 8.75711 34.8678 -41.4785 4.76262 32.0173 -43.899 0.723566 28.8067 -45.846 -3.30122 25.1631 -47.085 -7.23649 21.3009 -47.378 -10.7326 17.2206 -46.9831 -13.9608 13.0366 -46.0552 -16.9373 8.81387 -44.3323 -19.4721 3.7938 -40.8172 -21.6941 -0.855927 -36.5226 -23.2534 -5.47749 -32.1603 -24.7047 -0.349313 -0.700483 -0.648107 -0.489422 -0.550017 -0.396963 -0.214155 -0.0430122 -0.232921 -0.15168 -0.0681885 0.021516 -0.153788 -0.0709972 -0.0101323 0.0257987 -0.211533 -0.158178 -0.0997996 -0.180557 -0.0830344 -0.252217 -0.300802 -0.491438 -0.193594 -0.357587 -0.329731 -0.289928 -0.335185 -0.271229 -0.116601 0.0528452 -0.270155 -0.0933836 0.065109 0.263394 -0.183958 -0.02303 0.0498184 0.127118 -0.00708326 0.144083 0.14235 0.117237 0.0963433 0.18057 0.177593 0.0434187 -0.00146745 -0.06232 -0.204927 -0.524209 0.549731 0.255674 0.00253413 -0.186486 0.468353 0.225815 0.0166866 -0.0784668 0.127237 0.0530134 -0.0120952 0.0965748 -0.0525559 0.134649 0.221541 0.366806 -0.0304179 0.116956 0.237574 0.362667 -0.0935843 0.0309349 0.163122 0.359541 -0.284046 -0.164073 -0.171736 0.0503827 0.097859 0.296601 0.0294691 -0.0472695 0.194142 0.205924 0.131936 0.0437792 0.219082 0.111669 -0.0349879 -0.13765 0.3541 0.295499 0.197743 0.148306 1.66098 1.67656 1.00662 -0.472561 -4.62731
-8.64057 -31.56 -27.214 -12.2928 -29.058 -26.9599 -15.4681 -26.047 -26.2423 -18.1685 -22.6893 -25.1949 -20.3884 -19.0837 -23.8776 -22.3331 -14.6415 -22.0306 -23.6611 -10.0744 -19.956 -24.5567 -5.45327 -17.772 -25.0294 -0.801485 -15.5218 -25.0099 2.76766 -13.7444 -24.6295 6.29803 -11.9306 -23.9218 9.76369 -10.0903 -22.9531 13.1578 -8.23573 -21.673 16.7399 -6.22414 -20.1526 20.2088 -4.18173 -18.3239 23.4739 -2.05777 -16.114 26.4062 0.185878 -12.0679 30.123 3.78727 -7.69599 33.4308 7.40682 -3.25807 36.6296 11.0439 1.66279 38.6385 14.9044 6.71458 38.5868 18.5822 11.7571 37.4325 22.0881 16.7748 36.0023 25.5273 21.6244 33.6404 28.6821 25.4963 30.3231 30.9509 28.9199 26.306 32.7635 32.0334 21.9207 34.2533 34.5888 17.0413 35.1502 36.3358 11.5913 35.2098 37.4488 6.00142 34.6873 38.0663 0.385966 33.7687 37.5432 -5.03728 32.016 35.3271 -9.95603 29.0306 32.2283 -13.9627 25.5145 28.7956 -17.5592 21.8675 24.4994 -19.872 18.0976 20.2452 -20.038 15.0982 15.8922 -18.8649 12.4908 11.6109 -16.9223 10.2501 7.50656 -14.2037 8.5511 3.37857 -9.97487 7.63665 -0.000759041 -5.04132 7.64525 -3.21442 -0.000975359 7.81052 -6.62661 4.90972 7.76513 -9.55378 8.99194 7.71745 -12.4801 13.075 7.68612 -15.527 17.0551 7.35372 -18.8498 20.6659 6.27853 -22.8308 24.0069 4.11432 -26.9032 26.7748 1.38498 -30.9498 29.0868 -1.77328 -34.7101 30.4354 -5.74012 -37.6604 30.4296 -10.2625 -39.945 29.4552 -15.0573 -41.7181 27.8395 -19.895 -42.7267 25.4054 -24.6083 -42.6781 22.1535 -28.813 -41.7831 18.3855 -32.4543 -40.324 14.3091 -35.5382 -38.2354 9.93957 -37.7294 -35.3662 5.30989 -38.71 -32.0834 0.854629 -38.6662 -28.6294 -3.4028 -37.9095 -25.1134 -7.21733 -35.9824 -21.5353 -10.3097 -32.244 -18.3683 -12.4243 -27.5706 -15.3473 -14.1599 -22.651 -12.6005 -15.2004 -17.3866 -10.9342 -15.1254 -12.9905 -9.66989 -14.3527 -8.52806 -8.53765 -13.1599 -4.12308 -7.32288 -11.6936 0.176098 -5.95434 -9.84203 4.56807 -4.51019 -7.7315 8.81668 -2.6684 -5.61682 12.9065 0.0268639 -3.81949 16.6608 4.35492 -2.25606 20.3916 9.21566 -0.993039 23.5339 14.3726 -0.0454339 26.2914 20.0856 -0.298788 27.8379 26.0081 -2.33435 27.3021 31.2155 -5.28034 25.3754 36.1593 -8.42408 23.0985 40.2984 -12.0221 20.0277 42.2212 -15.0778 16.942 43.0561 -18.1915 13.4544 43.0743 -21.2287 9.80312 42.3967 -24.1194 6.09623 40.7539 -27.1883 1.83231 38.4135 -29.9443 -2.31803 35.6273 -32.4499 -6.35004 32.3302 -34.6097 -10.1922 28.6775 -36.2164 -13.5542 24.6616 -37.4446 -16.6511 20.3613 -38.3017 -19.4794 15.712 -38.515 -21.8383 9.58881 -37.5854 -23.8725 3.45488 -35.9191 -25.3197 -2.67492 -34.1193 -26.6168 0.115799 -0.206797 -0.311663 -0.302107 -0.481211 -0.406866 -0.269254 -0.125779 -0.330797 -0.256173 -0.174054 -0.0821114 -0.253182 -0.164945 -0.0983049 -0.0547405 -0.278676 -0.214457 -0.160782 -0.253476 -0.179173 -0.387653 -0.479104 -0.740878 -0.512324 -0.703328 -0.697333 -0.671606 -0.705275 -0.627104 -0.475427 -0.314873 -0.636027 -0.433284 -0.228965 0.065727 -0.194017 0.159374 0.352645 0.532597 0.52148 0.754052 0.740674 0.634576 0.530096 0.557496 0.513028 0.323711 0.199303 0.0664277 -0.0604009 -0.261358 0.913985 0.682676 0.484555 0.332516 1.00508 0.778405 0.581049 0.477143 0.654977 0.555032 0.478221 0.551253 0.314208 0.423221 0.484931 0.619412 0.195877 0.323297 0.439017 0.567747 0.107086 0.219541 0.357999 0.585839 -0.0478416 0.022212 -0.036998 0.0510679 -0.226853 -0.173673 -0.427382 -0.556632 -0.366243 -0.358519 -0.422151 -0.506514 -0.32847 -0.416759 -0.537469 -0.642162 -0.184255 -0.274968 -0.397934 -0.529324 0.744845 0.496614 0.106413 -0.452412 -4.07781
-6.20477 -33.9121 -26.6722 -10.4437 -32.7951 -26.0032 -14.3243 -30.939 -24.9266 -17.7824 -28.5163 -23.5718 -20.7607 -25.6291 -22.004 -23.5497 -21.7607 -19.9587 -25.6595 -17.5442 -17.7913 -27.272 -13.1261 -15.599 -28.3687 -8.53815 -13.4369 -28.7345 -4.90941 -11.8254 -28.646 -1.23484 -10.28 -28.1399 2.43788 -8.81254 -27.2937 6.07907 -7.42545 -26.0694 9.9549 -6.01278 -24.5291 13.7407 -4.6667 -22.5953 17.3539 -3.35477 -20.1812 20.672 -2.05897 -15.6478 25.0247 -0.146199 -10.6917 28.9548 1.62767 -5.65288 32.7764 3.40595 -0.0496543 35.5078 5.47919 5.75852 36.2267 7.66965 11.6009 35.8525 9.8554 17.4176 35.1987 12.044 23.0419 33.5869 14.2392 27.568 30.8696 16.0487 31.6149 27.3841 17.6665 35.291 23.4636 19.1697 38.2361 18.9021 20.4593 40.1437 13.5796 21.3482 41.2745 7.99297 21.8673 41.7793 2.30258 22.2176 40.7956 -3.33527 22.2805 37.6282 -8.60358 21.8005 33.3695 -12.9749 20.9209 28.7458 -16.9338 19.9372 23.2578 -19.5545 18.9219 18.1203 -19.8591 18.1244 13.083 -18.7191 17.4542 8.28621 -16.77 16.8921 3.87891 -14.0263 16.4784 -0.252119 -9.7051 16.331 -3.3609 -4.60024 16.5205 -6.25775 0.628794 16.6809 -9.43296 5.69021 16.4352 -12.2056 9.84627 15.9105 -14.9889 13.9586 15.1505 -17.8774 17.8992 13.9828 -21.0099 21.34 12.0897 -24.7471 24.2963 9.09166 -28.553 26.5255 5.59298 -32.273 28.2379 1.72972 -35.5721 28.9691 -2.77312 -37.9694 28.3811 -7.57566 -39.6601 26.8549 -12.4716 -40.8192 24.7488 -17.3068 -41.1875 21.9615 -21.9169 -40.5084 18.5385 -25.9267 -39.0178 14.7312 -29.3237 -37.0288 10.6913 -32.1486 -34.5265 6.42179 -34.0893 -31.3685 1.94083 -34.8482 -27.8907 -2.35866 -34.6293 -24.3287 -6.50022 -33.7419 -20.8798 -10.346 -31.7565 -17.5874 -13.7576 -28.0333 -14.7954 -16.4121 -23.3964 -12.1708 -18.7599 -18.5034 -9.86514 -20.559 -13.2318 -8.568 -21.2566 -8.76648 -7.66794 -21.3499 -4.15235 -6.89509 -20.9888 0.471654 -6.04922 -20.2402 5.03599 -5.08433 -19.033 9.74799 -4.04955 -17.4527 14.3331 -2.62245 -15.5661 18.6914 -0.35781 -13.399 22.534 3.42631 -10.5508 26.0927 7.70028 -7.55589 28.8963 12.2996 -4.60521 31.1845 17.6489 -2.16102 31.8954 23.4833 -0.724375 30.0508 28.751 -0.148928 26.6703 33.7924 0.17431 22.9301 38.1707 -0.266457 18.4418 40.4036 -1.45339 14.4218 41.6191 -3.22212 10.185 42.0674 -5.34804 5.96178 41.8702 -7.74074 1.86391 40.8293 -10.7814 -2.60476 39.1014 -13.9693 -6.74602 36.9227 -17.1824 -10.6482 34.2271 -20.3561 -14.2482 31.1249 -23.2799 -17.2573 27.6224 -26.0958 -19.9086 23.7517 -28.7082 -22.2366 19.344 -30.8256 -24.0573 13.1671 -32.4207 -25.3981 6.75741 -33.3342 -26.1579 0.310957 -34.0954 -26.7581 -0.0636273 -0.217606 -0.287352 -0.299213 -0.516912 -0.483584 -0.383171 -0.272944 -0.502627 -0.445554 -0.377845 -0.298173 -0.480123 -0.399875 -0.336847 -0.291005 -0.50554 -0.434257 -0.386236 -0.483955 -0.41509 -0.64141 -0.76397 -1.11755 -0.998973 -1.22766 -1.22216 -1.17912 -1.17823 -1.06851 -0.891576 -0.710597 -1.02051 -0.806299 -0.57938 -0.216947 -0.224304 0.477507 0.863558 1.14274 1.16801 1.36864 1.32076 1.16393 0.991074 0.963197 0.896259 0.715807 0.601022 0.466086 0.364553 0.222978 1.43803 1.22518 1.04633 0.914637 1.60285 1.38966 1.20314 1.10346 1.2819 1.18608 1.10794 1.14351 0.836429 0.894806 0.935177 1.03383 0.56588 0.669009 0.780587 0.914412 0.453794 0.564597 0.71885 0.969303 0.311794 0.319462 0.206201 0.15658 -0.386458 -0.499063 -0.778143 -0.975798 -0.880154 -0.925627 -1.01157 -1.11012 -0.949116 -1.04379 -1.1544 -1.25917 -0.822867 -0.931249 -1.05649 -1.2028 0.0320422 -0.146916 -0.312388 -0.556726 -3.65285
-2.68618 -35.0873 -27.0767 -7.01555 -35.226 -26.1276 -11.1758 -34.5049 -24.7725 -15.0431 -33.0678 -23.147 -18.5146 -30.9966 -21.3241 -21.9458 -27.8592 -19.0196 -24.7271 -24.1757 -16.6482 -27.0039 -20.1392 -14.3138 -28.7209 -15.7681 -12.1064 -29.5086 -12.1766 -10.5638 -29.7827 -8.44081 -9.19741 -29.5797 -4.63552 -8.0239 -28.983 -0.817822 -7.04021 -27.9757 3.27545 -6.17566 -26.6072 7.29678 -5.48804 -24.8076 11.1683 -4.94976 -22.4952 14.7751 -4.55019 -18.0624 19.6119 -4.21517 -13.1805 24.0077 -4.17246 -8.20248 28.2941 -4.12999 -2.57273 31.6382 -3.60298 3.40237 33.1201 -2.52946 9.49661 33.5921 -1.23011 15.5891 33.7825 0.147155 21.5516 32.934 1.81394 26.406 30.7747 3.5216 30.7634 27.7551 5.26477 34.7305 24.2596 7.05011 37.9005 20.0484 8.88316 39.8859 14.9558 10.5808 40.9589 9.51311 11.9893 41.3866 3.97673 13.3763 40.3555 -1.44558 14.8903 37.1272 -6.49326 16.3453 32.7665 -10.7156 17.4289 28.0449 -14.554 18.4254 22.53 -17.0849 19.5202 17.4128 -17.374 20.4434 12.3935 -16.2726 21.2903 7.59579 -14.3917 22.0441 3.15922 -11.7336 22.6563 -1.0479 -7.51521 23.1709 -4.26641 -2.49292 23.5929 -7.29799 2.65567 23.8422 -10.6693 7.58491 23.5298 -13.6612 11.5379 22.7187 -16.6858 15.3559 21.4898 -19.7863 18.9176 19.776 -23.04 21.8743 17.3454 -26.7739 24.1501 13.7996 -30.4685 25.5907 9.80335 -33.984 26.4902 5.49894 -36.8993 26.4757 0.682789 -38.7311 25.3029 -4.25953 -39.7416 23.315 -9.17738 -40.1855 20.85 -13.9612 -39.8367 17.8614 -18.445 -38.4694 14.437 -22.2739 -36.326 10.7728 -25.4734 -33.7541 6.93823 -28.1075 -30.8119 2.88295 -29.8836 -27.3826 -1.41326 -30.5239 -23.757 -5.58483 -30.2381 -20.1137 -9.65032 -29.3293 -16.6827 -13.5405 -27.4001 -13.5458 -17.2483 -23.8288 -10.9897 -20.4083 -19.3765 -8.59421 -23.3061 -14.664 -6.41335 -25.6661 -9.56339 -5.10178 -26.8459 -5.20481 -4.10787 -27.4353 -0.646936 -3.21045 -27.5117 3.96807 -2.23426 -27.0825 8.54762 -1.11571 -26.0827 13.2743 0.0753206 -24.591 17.8511 1.54484 -22.5881 22.143 3.57809 -19.9468 25.8145 6.68652 -16.0544 29.0214 10.0536 -11.7837 31.371 13.6192 -7.40129 33.1537 17.6808 -3.09061 33.2815 22.0175 0.713785 30.7862 25.8639 3.68098 26.7976 29.5452 6.36556 22.4674 32.8398 8.12491 17.4119 34.6287 8.29121 13.0156 35.7262 7.53746 8.45671 36.2968 6.133 3.95579 36.4242 4.17408 -0.368894 36.0018 1.24965 -5.01295 35.0775 -2.14798 -9.24378 33.7844 -5.76771 -13.1838 32.0233 -9.56145 -16.7621 29.8561 -13.3127 -19.6703 27.3175 -17.1366 -22.1524 24.3827 -20.8943 -24.2719 20.7855 -24.3257 -25.8569 15.3461 -27.7716 -26.8739 9.49812 -30.6206 -27.2991 3.57197 -33.325 -27.5516 -0.304299 -0.362875 -0.388566 -0.389704 -0.613078 -0.597744 -0.522629 -0.437673 -0.686041 -0.642694 -0.58676 -0.517604 -0.709313 -0.636572 -0.577352 -0.530207 -0.737447 -0.659345 -0.618262 -0.733133 -0.6752 -0.890314 -1.00755 -1.41845 -1.38115 -1.63337 -1.61724 -1.54639 -1.51284 -1.37734 -1.17088 -0.955987 -1.24332 -1.02547 -0.812855 -0.489819 -0.396452 0.72746 1.358 1.70471 1.70137 1.84573 1.76697 1.56579 1.33128 1.25413 1.16036 0.972329 0.854487 0.712579 0.624473 0.534668 1.80478 1.62689 1.47055 1.35712 2.06261 1.86632 1.6916 1.59236 1.76158 1.65763 1.57335 1.5802 1.21808 1.23026 1.25482 1.35697 0.896089 1.00721 1.13116 1.28188 0.837522 0.957898 1.10625 1.31765 0.581779 0.526066 0.364034 0.197208 -0.509063 -0.716031 -1.0124 -1.25643 -1.23217 -1.3264 -1.43828 -1.55489 -1.41507 -1.52121 -1.62392 -1.72179 -1.2871 -1.38857 -1.49425 -1.62096 -0.353053 -0.440408 -0.496681 -0.609587 -3.31656
-0.278075 -32.4618 -24.3513 -4.50664 -33.3701 -23.3724 -8.75106 -33.4278 -22.0896 -12.8725 -32.7122 -20.6179 -16.7479 -31.2459 -19.0382 -20.815 -28.6402 -17.1417 -24.3513 -25.3324 -15.2763 -27.4243 -21.5508 -13.4921 -29.9089 -17.2977 -11.8595 -31.2295 -13.6928 -10.7827 -31.9645 -9.87383 -9.90288 -32.1407 -5.94819 -9.22691 -31.8409 -2.00238 -8.73759 -31.0662 2.21647 -8.39365 -29.8468 6.33948 -8.218 -28.1183 10.2801 -8.19822 -25.8037 13.9052 -8.33008 -21.262 18.6287 -8.79726 -16.2154 22.7782 -9.48379 -11.0668 26.7998 -10.1727 -5.26793 29.8606 -10.5725 0.873008 31.0175 -10.592 7.12028 31.1182 -10.4817 13.3637 30.958 -10.2703 19.4772 29.8521 -9.59797 24.4498 27.5301 -8.58558 28.9094 24.3816 -7.4271 33.0052 20.8446 -6.0642 36.346 16.7816 -4.20031 38.4912 12.0116 -1.87597 39.6855 6.9423 0.497629 40.3136 1.86109 3.05586 39.6907 -2.87984 6.20106 37.0588 -6.99862 9.95951 33.2953 -10.2906 13.5675 29.1989 -13.2659 17.0868 24.4058 -15.0551 20.5281 19.8804 -14.893 23.1005 15.3534 -13.5046 25.269 10.9277 -11.4694 27.1115 6.65104 -8.83095 28.4799 2.23209 -4.87814 29.26 -1.55798 -0.25684 29.4598 -5.22286 4.46762 29.3634 -9.08886 8.97441 28.6534 -12.3793 12.5496 27.3779 -15.6177 15.9429 25.5793 -18.8438 19.0447 23.2973 -22.0899 21.5583 20.4024 -25.6484 23.4386 16.4658 -29.0591 24.5907 12.1374 -32.2721 25.2335 7.55925 -34.9459 24.967 2.61203 -36.6545 23.5862 -2.32066 -37.6352 21.4295 -7.17299 -38.1067 18.803 -11.8674 -37.8585 15.6247 -16.2257 -36.6838 11.9708 -19.9035 -34.7989 8.04492 -22.9517 -32.5036 3.94815 -25.4427 -29.8224 -0.336561 -27.0887 -26.6302 -4.8259 -27.621 -23.2105 -9.16174 -27.2545 -19.7446 -13.3633 -26.2732 -16.4265 -17.3161 -24.275 -13.2946 -20.9724 -20.6467 -10.6505 -24.0031 -16.156 -8.14867 -26.7393 -11.4023 -5.86315 -28.8709 -6.24723 -4.46344 -29.7958 -1.85465 -3.38263 -30.0702 2.7133 -2.41576 -29.7884 7.30627 -1.40247 -28.9643 11.8233 -0.28279 -27.5121 16.4309 0.871935 -25.545 20.8341 2.24723 -23.0718 24.9064 4.09911 -19.9978 28.3287 6.89673 -15.6581 31.2334 9.91824 -10.9917 33.2809 13.1042 -6.23077 34.791 16.7286 -1.54468 34.797 20.703 2.69781 32.407 24.3779 6.14459 28.6487 27.925 9.33276 24.5545 31.1262 11.7086 19.6949 32.9614 12.4388 15.3758 34.2158 12.2809 10.7978 34.9926 11.441 6.18828 35.3116 9.97591 1.68182 35.06 7.53059 -3.24315 34.2712 4.54319 -7.79856 33.1194 1.24698 -12.0538 31.5219 -2.39528 -15.8591 29.5147 -6.17627 -18.8428 27.1339 -10.1287 -21.2793 24.3972 -14.0932 -23.2844 21.1065 -17.8903 -24.6914 16.1883 -22.1159 -25.3639 10.9216 -25.9574 -25.3166 5.56034 -29.6595 -25.0972 -0.406733 -0.397159 -0.387867 -0.378226 -0.606828 -0.612459 -0.570624 -0.52588 -0.811342 -0.799257 -0.772828 -0.731315 -0.948716 -0.89717 -0.854009 -0.819972 -1.04316 -0.981652 -0.937779 -1.01813 -0.915628 -1.12386 -1.27684 -1.82294 -1.92131 -2.18594 -2.11187 -1.9423 -1.82303 -1.64395 -1.41102 -1.1698 -1.45777 -1.28968 -1.14583 -0.923383 -0.832975 1.38736 2.262 2.41374 2.16012 2.14442 2.02148 1.81332 1.55769 1.45532 1.35215 1.18542 1.10925 1.00273 0.929383 0.836884 2.0946 1.90475 1.73699 1.60535 2.28617 2.06735 1.877 1.76459 1.91898 1.80018 1.70541 1.71398 1.36717 1.39255 1.42096 1.53068 1.08155 1.1997 1.32402 1.46937 1.01774 1.12966 1.2599 1.43947 0.670155 0.59817 0.423185 0.223224 -0.520509 -0.746387 -1.0438 -1.29352 -1.28227 -1.38563 -1.49913 -1.61146 -1.46472 -1.56349 -1.66491 -1.77431 -1.35669 -1.4687 -1.58182 -1.72593 -0.479864 -0.554498 -0.559513 -0.577775 -3.07785
-0.809727 -29.3859 -22.7726 -5.04248 -30.3057 -21.823 -9.31454 -30.414 -20.639 -13.5005 -29.7716 -19.3239 -17.4864 -28.3878 -17.9593 -21.749 -25.8839 -16.3821 -25.5409 -22.6761 -14.8793 -28.8975 -18.9769 -13.473 -31.6668 -14.7704 -12.2228 -33.1941 -11.1714 -11.4394 -34.1122 -7.3365 -10.8485 -34.4348 -3.38201 -10.4528 -34.2352 0.594162 -10.2315 -33.5138 4.83587 -10.1623 -32.2931 8.96121 -10.2541 -30.5089 12.8685 -10.5116 -28.0854 16.398 -10.9423 -23.3081 20.8074 -11.8867 -17.9902 24.4946 -13.0187 -12.5742 28.0358 -14.1511 -6.59899 30.5933 -15.106 -0.418358 31.2096 -15.7914 5.77798 30.7094 -16.4283 11.9632 29.9844 -16.9457 18.0419 28.5432 -16.7954 23.0171 26.1464 -15.9919 27.5156 23.034 -14.8877 31.7139 19.6457 -13.4605 35.2891 15.9867 -11.2306 37.7981 11.9128 -8.08963 39.4088 7.66071 -4.61361 40.5277 3.46917 -0.880417 40.5555 -0.246008 3.47313 38.7393 -3.22902 8.55447 35.7866 -5.4702 13.4816 32.4989 -7.48809 18.2918 28.4567 -8.64778 22.8011 24.3467 -8.38208 25.9886 19.9808 -7.19312 28.5671 15.5345 -5.50711 30.6912 11.0248 -3.36491 32.1736 5.98149 -0.212287 32.7955 1.25736 3.45008 32.6196 -3.37223 7.1987 32.0941 -7.98539 10.8113 30.8985 -11.6783 13.7139 29.117 -15.1467 16.4742 26.7533 -18.4688 18.9746 23.9341 -21.6491 20.9762 20.6001 -24.9176 22.4825 16.2707 -27.8805 23.4479 11.5819 -30.6345 23.9604 6.6984 -32.9809 23.5571 1.5967 -34.5602 22.0684 -3.34773 -35.5527 19.8363 -8.16341 -36.1351 17.1004 -12.7823 -36.1474 13.6789 -16.9597 -35.4179 9.63055 -20.3265 -34.1105 5.21402 -22.9802 -32.4314 0.603335 -25.0246 -30.3485 -4.158 -26.1416 -27.7528 -9.04425 -26.019 -24.9197 -13.6737 -24.9372 -22.004 -18.0651 -23.2514 -19.1 -21.9829 -20.635 -16.1721 -25.2401 -16.4926 -13.5549 -27.6228 -11.6124 -11.0241 -29.6536 -6.53173 -8.6069 -31.0414 -1.18626 -6.96868 -31.3299 3.21175 -5.54555 -30.9413 7.67642 -4.18648 -30.0126 12.081 -2.76986 -28.5946 16.3345 -1.22147 -26.5866 20.5962 0.362864 -24.1308 24.6025 2.13949 -21.2571 28.2325 4.31899 -17.9165 31.1789 7.39583 -13.4337 33.5314 10.6325 -8.7181 35.0757 13.9974 -3.95524 36.1193 17.7161 0.64177 35.7518 21.7095 4.73873 33.149 25.3994 8.07592 29.3075 28.9609 11.172 25.1554 32.1537 13.4912 20.263 33.9787 14.2383 15.9425 35.2287 14.1473 11.3615 35.9928 13.3973 6.73437 36.2676 12.0253 2.19577 35.9171 9.69151 -2.77702 34.9995 6.82397 -7.38504 33.7037 3.64209 -11.6856 31.9343 0.0904239 -15.5005 29.73 -3.61934 -18.434 27.1331 -7.49639 -20.7689 24.1938 -11.3767 -22.6479 20.7537 -15.0899 -23.9148 15.7417 -19.232 -24.383 10.4343 -23.0057 -24.086 5.03806 -26.6343 -23.6263 -0.444945 -0.419147 -0.400679 -0.386884 -0.616395 -0.630945 -0.605491 -0.581567 -0.887353 -0.893577 -0.885464 -0.861618 -1.09543 -1.05711 -1.02325 -0.995781 -1.22617 -1.1724 -1.12509 -1.18225 -1.04911 -1.26069 -1.46838 -2.12924 -2.21905 -2.4268 -2.29589 -2.0394 -1.84324 -1.63005 -1.38597 -1.12216 -1.38654 -1.23449 -1.14287 -0.975805 -1.01636 1.56967 2.63576 2.71978 2.35881 2.26785 2.12644 1.93042 1.6819 1.57395 1.46695 1.32048 1.2896 1.22572 1.16726 1.06315 2.298 2.0883 1.89741 1.7264 2.35882 2.1004 1.88487 1.75234 1.88438 1.7438 1.63142 1.63639 1.31378 1.36722 1.39972 1.515 1.0907 1.23025 1.36341 1.50774 1.0544 1.16654 1.29186 1.45848 0.675755 0.599277 0.424413 0.220556 -0.526705 -0.751491 -1.04296 -1.28655 -1.27145 -1.37146 -1.48038 -1.58705 -1.43444 -1.52883 -1.62869 -1.74002 -1.32782 -1.4472 -1.56841 -1.72354 -0.494048 -0.582603 -0.585412 -0.582703 -3.01977
-1.05079 -28.5256 -25.4291 -5.30074 -29.447 -24.5614 -9.58053 -29.5777 -23.408 -13.7673 -28.9812 -22.0739 -17.7522 -27.6729 -20.6342 -22.0211 -25.2921 -18.8917 -25.8329 -22.2267 -17.1596 -29.223 -18.6688 -15.4935 -32.0445 -14.5877 -13.9732 -33.6292 -11.0656 -12.982 -34.6189 -7.28458 -12.1926 -35.0223 -3.35922 -11.6203 -34.9064 0.609692 -11.2555 -34.2746 4.86235 -11.0741 -33.1421 9.01372 -11.1017 -31.4472 12.961 -11.3523 -29.115 16.5432 -11.8477 -24.4771 21.0425 -13.032 -19.2961 24.8027 -14.5069 -14.0144 28.4172 -15.9886 -8.15997 31.1193 -17.2453 -2.03641 31.9629 -18.162 4.15032 31.7192 -19.0078 10.3428 31.2703 -19.7167 16.5007 30.2112 -19.6288 21.6423 28.2513 -18.6984 26.3674 25.6063 -17.3492 30.8256 22.7203 -15.6348 34.7106 19.6459 -13.0663 37.5878 16.2251 -9.49174 39.5859 12.6179 -5.52273 41.1137 9.06367 -1.30479 41.5941 5.94358 3.46921 40.2773 3.4104 8.93421 37.7987 1.43412 14.2228 34.9703 -0.384251 19.3912 31.3106 -1.55142 24.2144 27.3606 -1.5783 27.6084 22.9872 -0.880474 30.3489 18.4167 0.213315 32.5935 13.6618 1.66815 34.1421 8.14923 3.90328 34.7554 2.80531 6.57584 34.5079 -2.46777 9.32966 33.8975 -7.66601 11.9888 32.6057 -11.7899 14.149 30.718 -15.6347 16.2196 28.2349 -19.2735 18.0776 25.3118 -22.6784 19.5176 21.9106 -26.0683 20.5484 17.5354 -29.0571 21.1773 12.806 -31.8025 21.4046 7.89616 -34.1145 20.7514 2.80467 -35.6218 19.1046 -2.11204 -36.5148 16.7933 -6.9098 -36.9987 13.9916 -11.5005 -36.9387 10.4654 -15.5895 -36.1709 6.28832 -18.7862 -34.8477 1.74752 -21.2126 -33.1663 -2.97038 -22.9935 -31.1063 -7.80482 -23.7941 -28.5836 -12.7031 -23.2732 -25.8702 -17.2799 -21.7506 -23.0746 -21.5668 -19.6446 -20.2341 -25.3016 -16.7103 -17.2798 -28.2652 -12.3708 -14.5809 -30.3028 -7.38012 -11.9333 -31.982 -2.23097 -9.26896 -33.0422 3.07186 -7.28832 -33.1049 7.33598 -5.41383 -32.5177 11.6081 -3.55134 -31.4112 15.7814 -1.61449 -29.8371 19.7665 0.498032 -27.6925 23.7073 2.65407 -25.1266 27.3623 4.9464 -22.1614 30.6096 7.48952 -18.7404 33.1434 10.757 -14.1601 34.9988 14.034 -9.34165 36.0668 17.3628 -4.475 36.6427 20.8477 0.246398 35.8306 24.3195 4.54875 32.84 27.3506 8.16659 28.6888 30.2455 11.5469 24.25 32.826 14.0938 19.1156 34.2545 14.964 14.6706 35.1772 14.9615 10.0117 35.6827 14.275 5.33951 35.7828 12.9355 0.784028 35.3538 10.5833 -4.17391 34.4595 7.64412 -8.74119 33.2246 4.38275 -12.9999 31.5297 0.781938 -16.8026 29.4177 -2.9543 -19.7702 26.9315 -6.86005 -22.1767 24.0947 -10.7686 -24.1523 20.7116 -14.487 -25.5504 15.6867 -18.5806 -26.2495 10.309 -22.2655 -26.2408 4.84204 -25.8122 -26.0686 -0.482205 -0.467703 -0.455412 -0.443737 -0.671662 -0.681863 -0.651489 -0.621788 -0.921651 -0.923067 -0.911087 -0.884598 -1.11702 -1.07796 -1.04177 -1.00849 -1.22825 -1.16846 -1.13046 -1.1985 -1.06002 -1.24476 -1.43274 -2.06783 -2.12505 -2.33072 -2.2065 -1.94182 -1.72811 -1.50294 -1.2508 -0.967532 -1.20061 -1.02952 -0.941101 -0.769663 -0.865796 1.07028 2.45749 2.71516 2.41064 2.33324 2.1966 2.00442 1.75418 1.63648 1.51531 1.3621 1.3365 1.27629 1.20876 1.09606 2.33234 2.12369 1.92496 1.73938 2.35817 2.09088 1.87012 1.73266 1.85901 1.71393 1.59796 1.59857 1.27721 1.33538 1.3693 1.49346 1.0914 1.25179 1.39994 1.5552 1.11219 1.23283 1.35907 1.51504 0.71322 0.62305 0.440968 0.219143 -0.555054 -0.795945 -1.08957 -1.34227 -1.34153 -1.45184 -1.56821 -1.68337 -1.54229 -1.64592 -1.74589 -1.85083 -1.43185 -1.54587 -1.66017 -1.80252 -0.554683 -0.63448 -0.646043 -0.663346 -3.0821
1.12361 -29.2684 -24.8853 -3.06821 -30.3439 -23.918 -7.31371 -30.5702 -22.6576 -11.4769 -30.0203 -21.2328 -15.4429 -28.7195 -19.7351 -19.6853 -26.3064 -17.9727 -23.4583 -23.1796 -16.2654 -26.8089 -19.5501 -14.6757 -29.6092 -15.3992 -13.3134 -31.1975 -11.8307 -12.5124 -32.2116 -8.01356 -11.9647 -32.6649 -4.06314 -11.6691 -32.629 -0.0765485 -11.6018 -32.1182 4.19349 -11.7533 -31.1389 8.36894 -12.1049 -29.6244 12.3622 -12.6308 -27.4929 16.0381 -13.3101 -23.1698 20.8181 -14.5823 -18.3018 24.9775 -16.0519 -13.3235 29.008 -17.5104 -7.66008 32.176 -18.5329 -1.57388 33.5475 -18.8889 4.66498 33.8958 -18.9662 10.9127 34.0089 -18.9021 17.0794 33.2921 -18.19 22.1623 31.399 -16.8772 26.7671 28.6938 -15.2584 31.0514 25.6619 -13.362 34.6763 22.2565 -10.831 37.2138 18.2494 -7.62763 38.8468 13.917 -4.26294 40.0045 9.59139 -0.698343 40.1321 5.66038 3.4595 38.5052 2.2569 8.3367 35.7794 -0.563369 13.0942 32.7155 -3.1716 17.7663 28.8746 -4.88419 22.2755 24.8935 -5.06656 25.6281 20.5977 -4.31068 28.474 16.159 -3.04168 30.8847 11.5833 -1.27613 32.6365 6.38146 1.52976 33.5469 1.46089 4.92648 33.654 -3.38482 8.42127 33.3951 -8.25884 11.7386 32.395 -12.1976 14.3562 30.7006 -15.9135 16.8063 28.3714 -19.4687 18.9665 25.5553 -22.842 20.5767 22.1991 -26.2432 21.5771 17.8257 -29.2603 21.9932 13.0907 -32.0225 21.9321 8.18538 -34.299 20.9301 3.13476 -35.6886 18.8703 -1.6594 -36.3929 16.1008 -6.24112 -36.6623 12.8725 -10.5613 -36.3901 9.03413 -14.3495 -35.4178 4.67908 -17.2382 -33.8924 0.050294 -19.3606 -32.0258 -4.69042 -20.8768 -29.8217 -9.48385 -21.526 -27.1872 -14.3243 -21.018 -24.3719 -18.8828 -19.6314 -21.4633 -23.1817 -17.7111 -18.4716 -26.9687 -15.0026 -15.2776 -30.0931 -10.9555 -12.2691 -32.4057 -6.27101 -9.30515 -34.366 -1.40118 -6.36509 -35.611 3.71243 -4.2139 -35.7343 7.89177 -2.22235 -35.1416 12.1099 -0.322261 -33.9621 16.2461 1.53405 -32.2304 20.204 3.41373 -29.8254 24.1123 5.20569 -26.9286 27.7164 7.01665 -23.5822 30.8966 8.93842 -19.7296 33.3574 11.2771 -14.5811 35.1239 13.4961 -9.17479 36.0965 15.7511 -3.71776 36.5793 18.2627 1.57483 35.6985 20.9405 6.38972 32.6729 23.3586 10.4285 28.5075 25.7007 14.2026 24.0601 27.9524 17.0616 18.9352 29.3954 18.0537 14.5205 30.5297 18.0764 9.90867 31.3775 17.3479 5.29272 31.9239 15.9127 0.79848 32.1322 13.381 -4.08472 31.9617 10.2027 -8.57557 31.4701 6.66507 -12.7639 30.4896 2.75888 -16.516 29.0113 -1.28555 -19.4629 27.1197 -5.51081 -21.8704 24.8251 -9.7581 -23.8509 21.8778 -13.8338 -25.2394 17.2117 -18.3381 -25.8998 12.0858 -22.3653 -25.8452 6.85182 -26.2452 -25.6231 -0.37341 -0.355935 -0.340227 -0.325484 -0.553246 -0.566168 -0.536121 -0.502947 -0.799204 -0.798434 -0.784772 -0.756315 -0.986423 -0.946538 -0.915016 -0.893439 -1.13196 -1.07855 -1.03537 -1.13243 -1.06088 -1.27768 -1.41026 -1.91831 -1.94703 -2.17585 -2.07752 -1.86459 -1.70218 -1.49846 -1.24755 -0.975038 -1.22948 -1.06112 -0.952702 -0.803251 -1.05073 0.768 2.46683 2.74814 2.46576 2.41242 2.27465 2.05365 1.77939 1.65385 1.52883 1.35961 1.30608 1.22563 1.15705 1.05022 2.29184 2.09196 1.90839 1.73946 2.37116 2.11432 1.90097 1.76295 1.88132 1.72797 1.60957 1.61219 1.29337 1.35339 1.39774 1.54722 1.16424 1.33149 1.47799 1.62259 1.16124 1.26122 1.36276 1.48365 0.640463 0.522954 0.32623 0.0784201 -0.726853 -0.982044 -1.27598 -1.53555 -1.54522 -1.66062 -1.77667 -1.8886 -1.74272 -1.83831 -1.92444 -2.0084 -1.56359 -1.6523 -1.74437 -1.86353 -0.58491 -0.636035 -0.632237 -0.640187 -3.16211
1.08714 -30.1509 -24.4534 -3.06404 -31.145 -23.2522 -7.22683 -31.2038 -21.7252 -11.2525 -30.4335 -20.0328 -15.0227 -28.8895 -18.2817 -18.9579 -26.1852 -16.2499 -22.3537 -22.7751 -14.3089 -25.2998 -18.8884 -12.5366 -27.713 -14.5334 -11.0745 -29.0355 -10.8588 -10.2701 -29.8229 -6.98073 -9.78107 -30.0965 -3.00709 -9.59667 -29.9335 0.97594 -9.68367 -29.3449 5.22363 -10.0412 -28.3434 9.36767 -10.6251 -26.8542 13.3324 -11.3863 -24.7883 16.9996 -12.281 -20.6219 21.8357 -13.8335 -15.9509 26.1107 -15.5837 -11.167 30.2679 -17.3123 -5.6272 33.6232 -18.4111 0.40371 35.2541 -18.5464 6.61146 35.9003 -18.235 12.8298 36.3011 -17.7631 18.9561 35.8172 -16.6297 23.9705 34.0804 -14.9029 28.4709 31.5009 -12.8449 32.6137 28.5528 -10.545 36.0421 25.1339 -7.77 38.3369 20.9971 -4.54854 39.7141 16.4796 -1.31542 40.5897 11.934 2.05048 40.3854 7.68612 5.88067 38.3797 3.79509 10.2229 35.2901 0.403342 14.3422 31.8694 -2.76318 18.3784 27.7 -4.95064 22.3595 23.4997 -5.44649 25.3982 19.0346 -4.93706 28.0302 14.4642 -3.84922 30.2779 9.82721 -2.1451 31.9265 4.69334 0.780987 32.8441 -0.0398961 4.42851 33.0747 -4.67363 8.20655 32.9469 -9.34396 11.8194 32.0002 -13.0914 14.6971 30.2938 -16.5896 17.4106 27.9197 -19.9075 19.82 25.0177 -23.0195 21.6292 21.5135 -26.0783 22.7518 16.9224 -28.7041 23.2016 11.9627 -31.0507 23.1361 6.84555 -32.8895 22.0964 1.62699 -33.8347 19.9547 -3.23892 -34.0826 17.0732 -7.79892 -33.9266 13.7311 -12.0374 -33.3315 9.79371 -15.6844 -32.1793 5.35102 -18.3661 -30.5803 0.63751 -20.2325 -28.7234 -4.1853 -21.4773 -26.6563 -9.06701 -21.8681 -24.3297 -14.0323 -21.1193 -21.9333 -18.7558 -19.5147 -19.4753 -23.2379 -17.3941 -16.9255 -27.2241 -14.5241 -14.1781 -30.6088 -10.3601 -11.5823 -33.2296 -5.59182 -9.00317 -35.4974 -0.637207 -6.35097 -36.9994 4.56406 -4.31456 -37.274 8.79341 -2.35824 -36.7888 13.0416 -0.458558 -35.6704 17.195 1.4002 -33.9443 21.1542 3.27922 -31.4858 25.0295 5.06381 -28.4921 28.5572 6.82366 -25.0216 31.6313 8.59265 -21.0229 33.9709 10.5923 -15.6826 35.5769 12.3719 -10.0874 36.3675 14.1542 -4.44547 36.6655 16.154 1.03513 35.6361 18.2713 6.0625 32.5135 20.1373 10.3242 28.2868 21.9539 14.3169 23.7849 23.8295 17.3704 18.6208 25.1516 18.4795 14.1961 26.2934 18.5901 9.58743 27.2491 17.9212 4.98354 28.0052 16.5111 0.511791 28.5889 13.9569 -4.32905 28.8918 10.7101 -8.76357 28.9023 7.07304 -12.8951 28.4186 3.03703 -16.6066 27.4061 -1.15883 -19.5386 25.973 -5.55954 -21.9483 24.0929 -10.0069 -23.9266 21.4452 -14.2928 -25.2854 16.9648 -18.9921 -25.8672 11.9248 -23.1245 -25.7318 6.76613 -27.0974 -25.4133 -0.349169 -0.34169 -0.328713 -0.312063 -0.536666 -0.544794 -0.504409 -0.454902 -0.735102 -0.721788 -0.697433 -0.659621 -0.881516 -0.836114 -0.803928 -0.785775 -1.02928 -0.973154 -0.930512 -1.05843 -1.03947 -1.2786 -1.39183 -1.84636 -1.81848 -2.02946 -1.94418 -1.76446 -1.63119 -1.44019 -1.19438 -0.926972 -1.17749 -0.986513 -0.850882 -0.677778 -0.892337 0.559169 2.03741 2.51112 2.36668 2.38024 2.25671 2.03355 1.76491 1.64774 1.5293 1.36381 1.3138 1.24083 1.18808 1.10103 2.35804 2.17143 2.00087 1.83852 2.47001 2.21385 2.00177 1.85525 1.95272 1.77793 1.6437 1.62334 1.27214 1.30534 1.33523 1.48688 1.12072 1.30351 1.45918 1.60847 1.1505 1.2513 1.34583 1.45017 0.585946 0.454271 0.248427 -0.0168483 -0.844208 -1.11089 -1.40586 -1.67165 -1.6901 -1.80996 -1.92693 -2.03906 -1.89284 -1.98368 -2.05847 -2.12625 -1.66319 -1.73375 -1.80812 -1.90786 -0.605449 -0.636979 -0.626999 -0.645007 -3.20667
-0.107584 -30.1026 -25.8933 -4.23542 -31.0821 -24.6029 -8.33209 -31.0894 -22.9055 -12.2395 -30.2417 -20.9878 -15.8334 -28.6047 -18.9709 -19.4818 -25.7816 -16.5947 -22.518 -22.2549 -14.2987 -25.073 -18.2698 -12.173 -27.1015 -13.8508 -10.3607 -28.1495 -10.1545 -9.29398 -28.6924 -6.27416 -8.55446 -28.7618 -2.30956 -8.13527 -28.442 1.66272 -8.00365 -27.7392 5.90579 -8.14332 -26.6769 10.0575 -8.53313 -25.1757 14.0447 -9.13739 -23.1448 17.7547 -9.92966 -19.1077 22.7111 -11.4437 -14.6218 27.1643 -13.2331 -10.024 31.5054 -15.0141 -4.60602 35.0129 -16.2379 1.38787 36.7411 -16.6076 7.59622 37.453 -16.5998 13.8255 37.9204 -16.4323 19.9987 37.5113 -15.5523 25.0873 35.8344 -13.9912 29.671 33.3029 -12.0614 33.9057 30.401 -9.8729 37.4484 27.0391 -7.17279 39.8815 22.9747 -3.96058 41.4026 18.5368 -0.682055 42.4215 14.0609 2.73649 42.3595 9.83497 6.59582 40.4958 5.88464 10.9477 37.5366 2.38545 15.0729 34.2409 -0.904615 19.1142 30.1581 -3.27908 23.078 25.9621 -4.01007 26.075 21.4407 -3.78208 28.6495 16.7816 -2.99325 30.8392 12.0302 -1.59379 32.4485 6.7137 0.989199 33.3559 1.74671 4.31041 33.6005 -3.12424 7.77818 33.5015 -7.99612 11.1321 32.62 -11.8894 13.8673 31.0084 -15.5208 16.5061 28.7532 -18.9492 18.9021 25.9708 -22.1255 20.7817 22.5627 -25.1959 22.1077 18.034 -27.7981 22.8565 13.0981 -30.0955 23.1281 7.96544 -31.8236 22.4561 2.64969 -32.5834 20.7048 -2.40139 -32.5963 18.2348 -7.20316 -32.197 15.2815 -11.7061 -31.3755 11.6541 -15.6209 -30.0252 7.42425 -18.5434 -28.2543 2.86094 -20.6164 -26.2753 -1.86375 -22.037 -24.2 -6.73016 -22.5544 -22.0287 -11.7731 -21.8598 -19.909 -16.6242 -20.2465 -17.792 -21.2629 -18.0951 -15.6706 -25.4657 -15.1858 -13.5202 -29.1814 -10.9535 -11.6109 -32.19 -6.09074 -9.7171 -34.8654 -1.03117 -7.6605 -36.8194 4.28821 -5.9928 -37.4917 8.63293 -4.31855 -37.4275 13.0264 -2.61835 -36.726 17.3539 -0.864385 -35.392 21.5077 1.01773 -33.3121 25.5972 2.90342 -30.6627 29.3412 4.8305 -27.4925 32.6318 6.81738 -23.7277 35.1755 9.13048 -18.5791 36.9752 11.2596 -13.1288 37.9014 13.3832 -7.61386 38.3177 15.6413 -2.21424 37.4005 17.8871 2.80955 34.3631 19.7861 7.10772 30.1883 21.6112 11.1535 25.7375 23.4286 14.3326 20.6288 24.6379 15.6151 16.2187 25.6279 15.9559 11.5862 26.4211 15.5564 6.92065 27.0251 14.4479 2.34211 27.4589 12.2718 -2.69521 27.6364 9.41161 -7.39482 27.5435 6.15035 -11.8281 26.9976 2.45452 -15.8705 25.9826 -1.47364 -19.1517 24.5903 -5.66032 -21.9374 22.7612 -9.94481 -24.2877 20.1491 -14.137 -25.9696 15.6959 -18.8175 -26.8399 10.6885 -22.9907 -26.9243 5.56177 -27.0154 -26.8009 -0.385759 -0.393476 -0.386808 -0.370862 -0.592199 -0.591899 -0.538067 -0.47177 -0.7357 -0.708233 -0.670599 -0.62124 -0.833831 -0.781537 -0.742655 -0.71565 -0.946875 -0.887787 -0.854372 -0.976681 -0.931934 -1.15403 -1.27306 -1.76259 -1.78169 -2.01333 -1.93263 -1.74959 -1.61035 -1.41507 -1.1664 -0.893451 -1.13541 -0.938296 -0.799285 -0.614708 -0.821853 0.414917 1.76429 2.35363 2.28659 2.32907 2.21419 2.00281 1.74705 1.63557 1.51828 1.35813 1.32125 1.25965 1.2107 1.13309 2.40845 2.23678 2.07234 1.91222 2.54842 2.29883 2.09047 1.94086 2.02952 1.84659 1.70431 1.66176 1.27096 1.26845 1.27571 1.40721 1.03106 1.21468 1.37869 1.54401 1.10651 1.22527 1.33398 1.45242 0.601538 0.476329 0.269832 0.00359894 -0.825287 -1.09672 -1.39861 -1.67151 -1.69651 -1.82232 -1.94556 -2.06417 -1.92419 -2.0194 -2.09827 -2.17285 -1.71665 -1.79003 -1.86635 -1.97394 -0.68652 -0.725415 -0.715266 -0.750769 -3.30111
-1.55535 -29.8582 -27.9579 -5.60377 -30.7197 -26.3668 -9.51417 -30.603 -24.279 -13.1466 -29.6341 -21.9273 -16.3924 -27.8923 -19.4584 -19.5524 -24.9789 -16.5511 -22.0411 -21.3955 -13.7415 -24.0394 -17.3762 -11.1378 -25.5534 -12.941 -8.90986 -26.2599 -9.24687 -7.58586 -26.5202 -5.37993 -6.64905 -26.3718 -1.43477 -6.09024 -25.9003 2.51849 -5.87115 -25.1053 6.74643 -5.96845 -24.018 10.8914 -6.36014 -22.5537 14.887 -6.99864 -20.6184 18.6348 -7.85025 -16.8215 23.7337 -9.50608 -12.6467 28.3964 -11.5028 -8.35778 32.9574 -13.4923 -3.15626 36.7495 -14.8034 2.7291 38.8317 -15.08 8.87573 39.94 -14.8771 15.0552 40.7912 -14.5018 21.2072 40.6845 -13.4103 26.2855 39.1877 -11.6459 30.8419 36.7802 -9.50419 35.0279 33.9473 -7.1388 38.4946 30.54 -4.39733 40.8231 26.2971 -1.34232 42.2213 21.6204 1.64629 43.0967 16.8715 4.71874 42.8617 12.288 8.13827 40.7952 7.84509 11.8809 37.6367 3.80917 15.3094 34.1471 -0.00638436 18.6683 29.8952 -2.85477 22.1072 25.5948 -3.91924 24.8451 20.9973 -3.96789 27.2915 16.2828 -3.40401 29.4313 11.514 -2.13951 31.0999 6.24705 0.437867 32.2731 1.38912 3.86002 32.9443 -3.37186 7.46163 33.2947 -8.17911 10.9846 32.8043 -12.0492 13.9008 31.4798 -15.6733 16.7494 29.4829 -19.0995 19.3708 26.9088 -22.2635 21.471 23.6204 -25.2825 23.0045 19.1226 -27.792 23.913 14.1656 -29.9686 24.3251 8.98979 -31.5271 23.7844 3.60705 -32.0578 22.1391 -1.50847 -31.7953 19.7567 -6.34719 -31.1199 16.885 -10.87 -30.0655 13.3363 -14.801 -28.5458 9.17162 -17.734 -26.6527 4.65807 -19.8079 -24.599 -0.0336099 -21.2319 -22.5359 -4.9023 -21.7762 -20.4955 -10.0075 -21.1424 -18.5886 -14.9717 -19.6097 -16.7169 -19.7538 -17.5466 -14.8673 -24.1459 -14.733 -13.05 -28.1486 -10.6076 -11.499 -31.5054 -5.84633 -9.95261 -34.5443 -0.874653 -8.17427 -36.8706 4.39499 -6.65191 -37.8421 8.73648 -5.06376 -38.0748 13.1562 -3.39985 -37.6515 17.5337 -1.63242 -36.5604 21.7522 0.318259 -34.6933 25.9116 2.31637 -32.2189 29.7165 4.38202 -29.188 33.054 6.51881 -25.5191 35.6162 9.00555 -20.4381 37.376 11.2952 -15.0372 38.204 13.5647 -9.57299 38.5026 15.9179 -4.23731 37.4591 18.1693 0.693369 34.2767 20.0032 4.86964 29.9518 21.7484 8.79415 25.3625 23.4714 11.8876 20.1692 24.594 13.1449 15.729 25.4904 13.4977 11.0784 26.1897 13.1514 6.39362 26.709 12.15 1.78015 27.0701 10.1655 -3.34132 27.2025 7.53753 -8.17605 27.067 4.51856 -12.7767 26.4583 1.07011 -17.0235 25.3675 -2.61609 -20.5518 23.8943 -6.56401 -23.6292 21.9733 -10.6364 -26.2658 19.2415 -14.66 -28.1564 14.6186 -19.1535 -29.1219 9.44508 -23.1187 -29.2145 4.16757 -26.9429 -29.0735 -0.466981 -0.485755 -0.474585 -0.446015 -0.650849 -0.633044 -0.560594 -0.471305 -0.711656 -0.664028 -0.60833 -0.543664 -0.743749 -0.682731 -0.638795 -0.608281 -0.834865 -0.771843 -0.745592 -0.88953 -0.866767 -1.08965 -1.19299 -1.65195 -1.66148 -1.90274 -1.84108 -1.69055 -1.57975 -1.39571 -1.14864 -0.878045 -1.11709 -0.901733 -0.742309 -0.559102 -0.819779 0.166791 1.37908 2.12042 2.19588 2.30795 2.20307 1.97901 1.71986 1.61077 1.49387 1.32996 1.2899 1.2295 1.18728 1.12243 2.41308 2.25543 2.10267 1.95087 2.59286 2.3488 2.14401 1.99025 2.06674 1.87166 1.72068 1.66407 1.25012 1.22576 1.22006 1.34686 0.973965 1.16414 1.33704 1.51459 1.09041 1.21923 1.33469 1.4591 0.612806 0.488071 0.278381 0.00886939 -0.822394 -1.09624 -1.40175 -1.67934 -1.70826 -1.83661 -1.96139 -2.08069 -1.94056 -2.03439 -2.11055 -2.18078 -1.71871 -1.7869 -1.86402 -1.98338 -0.719161 -0.774424 -0.771326 -0.838534 -3.34018
-1.50918 -31.3719 -25.5301 -5.57879 -32.0079 -23.8878 -9.49529 -31.6624 -21.8371 -13.1305 -30.4786 -19.5903 -16.3848 -28.5448 -17.2808 -19.5729 -25.4392 -14.6127 -22.1113 -21.6933 -12.0728 -24.174 -17.5381 -9.74757 -25.7628 -13.0005 -7.79482 -26.5353 -9.25362 -6.67103 -26.869 -5.35252 -5.91696 -26.799 -1.38574 -5.51898 -26.4076 2.58147 -5.43774 -25.6986 6.81999 -5.65945 -24.6948 10.975 -6.15422 -23.3094 14.984 -6.87904 -21.4452 18.7509 -7.80162 -17.7388 23.8917 -9.53138 -13.6424 28.6093 -11.5611 -9.4308 33.2266 -13.5859 -4.28818 37.0603 -15.0038 1.5772 39.1677 -15.4576 7.7228 40.3001 -15.4555 13.9086 41.1716 -15.2912 20.1022 41.0508 -14.4697 25.2611 39.5044 -13.0079 29.9236 37.0299 -11.1962 34.2295 34.1154 -9.16939 37.833 30.5929 -6.7714 40.3116 26.2003 -4.06607 41.8572 21.3669 -1.41903 42.8836 16.4529 1.3299 42.8077 11.6777 4.48416 40.9007 7.01353 8.03754 37.8791 2.76656 11.3317 34.5242 -1.25252 14.589 30.4195 -4.29172 18.0434 26.2468 -5.49484 20.9182 21.7708 -5.66025 23.5755 17.1689 -5.18664 25.9676 12.5087 -3.96021 27.9431 7.37542 -1.34777 29.5508 2.6689 2.15435 30.7105 -1.94668 5.86015 31.5619 -6.64568 9.55887 31.5641 -10.4545 12.7014 30.6405 -14.0393 15.8292 29.0272 -17.4623 18.7575 26.8035 -20.6848 21.1748 23.8021 -23.8404 23.0539 19.5353 -26.526 24.2893 14.7439 -28.9071 24.9995 9.69203 -30.7208 24.6778 4.37206 -31.535 23.1277 -0.735935 -31.5643 20.7531 -5.58555 -31.1797 17.8477 -10.1208 -30.4142 14.2331 -14.0586 -29.1661 9.97071 -16.9794 -27.5258 5.34327 -19.0174 -25.7063 0.542187 -20.3945 -23.8463 -4.4124 -20.8937 -21.9656 -9.57333 -20.2182 -20.1737 -14.5678 -18.6458 -18.3887 -19.3654 -16.5422 -16.5818 -23.7509 -13.6907 -14.7366 -27.7091 -9.53485 -13.1019 -30.9959 -4.75284 -11.4566 -33.9511 0.237557 -9.56995 -36.1583 5.52073 -7.95206 -36.9979 9.85517 -6.26184 -37.0708 14.2424 -4.49389 -36.4735 18.5584 -2.62636 -35.2023 22.6823 -0.581372 -33.1424 26.7031 1.49894 -30.4807 30.3335 3.64479 -27.2916 33.4668 5.87028 -23.5242 35.8004 8.4725 -18.4094 37.2717 10.8735 -13.0202 37.809 13.2635 -7.59936 37.8252 15.7882 -2.39671 36.5389 18.2873 2.29007 33.1779 20.3992 6.19616 28.7292 22.4248 9.84199 24.0266 24.4195 12.6129 18.7491 25.7286 13.598 14.2913 26.7851 13.6688 9.66153 27.6108 13.0324 5.028 28.2092 11.7292 0.5003 28.5905 9.39008 -4.46771 28.684 6.41865 -9.10023 28.4767 3.07259 -13.4659 27.7567 -0.673987 -17.4337 26.5102 -4.59565 -20.642 24.8437 -8.72839 -23.3568 22.7221 -12.9279 -25.6129 19.8127 -16.9849 -27.13 15.0188 -21.3682 -27.6789 9.70544 -25.1342 -27.3933 4.2965 -28.7381 -26.8915 -0.362471 -0.376336 -0.363254 -0.334479 -0.541202 -0.527401 -0.459813 -0.376458 -0.623511 -0.582703 -0.534374 -0.477242 -0.684849 -0.630773 -0.593004 -0.568448 -0.803144 -0.74932 -0.724545 -0.857135 -0.817068 -1.03259 -1.13629 -1.61281 -1.68181 -1.95736 -1.90615 -1.76266 -1.65642 -1.47099 -1.2183 -0.945503 -1.18884 -0.978457 -0.824882 -0.675624 -1.03686 -0.201307 1.13465 2.07815 2.2344 2.36709 2.2583 2.02396 1.76461 1.65886 1.54006 1.36589 1.31383 1.24727 1.19713 1.11267 2.38243 2.21242 2.05226 1.8926 2.52698 2.27751 2.06876 1.91154 1.98574 1.78912 1.63619 1.57969 1.17067 1.1516 1.14816 1.28072 0.916231 1.11196 1.28737 1.4654 1.04067 1.16838 1.28284 1.40785 0.564818 0.444123 0.238444 -0.0231341 -0.84091 -1.10212 -1.39837 -1.66364 -1.67846 -1.79502 -1.90942 -2.01884 -1.86873 -1.95489 -2.02595 -2.09091 -1.62457 -1.69179 -1.76855 -1.88411 -0.613777 -0.669566 -0.668116 -0.726169 -3.32159
0.989676 -30.8698 -26.4907 -3.12084 -31.4641 -24.9371 -7.08845 -31.0947 -22.9915 -10.7924 -29.9068 -20.8622 -14.144 -27.9905 -18.6808 -17.4932 -24.9278 -16.165 -20.2375 -21.2344 -13.7661 -22.5319 -17.1304 -11.5706 -24.3685 -12.636 -9.73915 -25.3402 -8.91142 -8.699 -25.8743 -5.01934 -8.01708 -25.996 -1.04816 -7.68023 -25.7791 2.93313 -7.65246 -25.2338 7.19283 -7.92566 -24.3652 11.3731 -8.46168 -23.0781 15.4112 -9.20613 -21.2647 19.2063 -10.1143 -17.5427 24.3656 -11.7529 -13.3639 29.0611 -13.6626 -9.06814 33.656 -15.557 -3.88072 37.5132 -16.7263 1.97825 39.6857 -16.7771 8.08991 40.8896 -16.2784 14.2327 41.8323 -15.6235 20.3576 41.83 -14.3847 25.4673 40.4613 -12.6068 30.1157 38.2065 -10.4969 34.4274 35.4899 -8.22246 38.0877 32.0797 -5.74952 40.7395 27.7012 -3.18919 42.5569 22.827 -0.802396 43.8574 17.8124 1.63087 43.9938 12.7645 4.32474 42.2538 7.57357 7.16096 39.3855 2.69159 9.6018 36.1623 -1.97522 12.0206 32.0842 -5.68136 14.7867 27.8333 -7.44077 17.2275 23.2229 -8.12432 19.5513 18.4795 -8.09653 21.7016 13.7249 -7.17317 23.6158 8.60319 -4.69323 25.4539 4.02579 -1.19389 27.0548 -0.429037 2.56113 28.4022 -4.94539 6.44278 28.9467 -8.56031 9.90921 28.5567 -11.9293 13.4904 27.5265 -15.1679 16.9491 25.8576 -18.293 19.9357 23.2983 -21.4447 22.4511 19.3697 -24.1874 24.3005 14.8141 -26.6635 25.5812 9.92287 -28.6278 25.694 4.64803 -29.6219 24.3519 -0.486924 -29.8331 22.0248 -5.35499 -29.6321 19.1004 -9.88998 -29.0633 15.4318 -13.8111 -28.0169 11.0768 -16.674 -26.5779 6.33664 -18.602 -24.9667 1.4299 -19.8611 -23.3312 -3.60915 -20.2969 -21.6862 -8.85217 -19.6386 -20.1148 -13.9415 -18.1358 -18.5427 -18.8472 -16.1131 -16.9452 -23.3656 -13.3454 -15.3056 -27.518 -9.29416 -13.844 -31.0464 -4.62965 -12.3642 -34.2393 0.265199 -10.6533 -36.6181 5.53374 -9.18175 -37.5201 9.90761 -7.64301 -37.5947 14.3502 -6.02778 -36.9463 18.7184 -4.31459 -35.5674 22.8746 -2.43972 -33.3325 26.8849 -0.537347 -30.4583 30.4503 1.44014 -27.0631 33.4759 3.53391 -23.1369 35.6651 6.04009 -17.915 36.9097 8.37606 -12.4767 37.1655 10.7274 -7.04484 36.913 13.3258 -1.91844 35.476 16.1034 2.60393 32.1083 18.6228 6.32907 27.7169 21.0798 9.80028 23.0884 23.5506 12.438 17.9457 25.2776 13.3822 13.6235 26.7877 13.4623 9.12133 28.0705 12.8609 4.5882 29.0984 11.6038 0.125056 29.9253 9.33306 -4.82046 30.4218 6.44484 -9.47987 30.5803 3.17138 -13.9023 30.149 -0.539788 -17.9445 29.0739 -4.45137 -21.2263 27.5009 -8.57488 -24.0101 25.4305 -12.7625 -26.3345 22.5346 -16.8045 -27.9164 17.7046 -21.1408 -28.5194 12.3269 -24.8155 -28.2497 6.85154 -28.3208 -27.7703 -0.245382 -0.260618 -0.247971 -0.218001 -0.423719 -0.411517 -0.347918 -0.269269 -0.520928 -0.484812 -0.441709 -0.389582 -0.601373 -0.550895 -0.517723 -0.49999 -0.743929 -0.691627 -0.663154 -0.810909 -0.803549 -1.04135 -1.13909 -1.54696 -1.52132 -1.77088 -1.74079 -1.63944 -1.57231 -1.41102 -1.1747 -0.914239 -1.1594 -0.939087 -0.775966 -0.62349 -1.0004 -0.352037 0.620803 1.66268 2.0852 2.33313 2.24159 2.02394 1.80598 1.73289 1.62386 1.43864 1.37283 1.30334 1.24783 1.13916 2.38208 2.19897 2.03577 1.87382 2.50546 2.25583 2.04718 1.88475 1.94913 1.74378 1.58383 1.51723 1.09408 1.06208 1.05205 1.18676 0.825434 1.02152 1.19595 1.37308 0.947191 1.07235 1.18283 1.30518 0.463779 0.346931 0.141839 -0.119505 -0.930905 -1.18362 -1.47414 -1.73134 -1.73558 -1.84258 -1.94745 -2.04579 -1.88269 -1.95794 -2.02215 -2.07962 -1.6044 -1.6656 -1.74001 -1.85471 -0.585885 -0.649595 -0.652159 -0.708033 -3.42042
2.96293 -28.7305 -27.3757 -1.26793 -29.3046 -26.1784 -5.41364 -28.9207 -24.6521 -9.34139 -27.729 -22.9739 -12.9598 -25.822 -21.2607 -16.6799 -22.7828 -19.2982 -19.8441 -19.1158 -17.4359 -22.5632 -15.036 -15.7363 -24.783 -10.5633 -14.3243 -26.0005 -6.85082 -13.5279 -26.7276 -2.96456 -13.0112 -26.9801 1.00684 -12.7606 -26.8254 4.99111 -12.7455 -26.27 9.25304 -12.9565 -25.3167 13.4306 -13.351 -23.874 17.4526 -13.8597 -21.8351 21.2006 -14.4181 -17.6575 26.1916 -15.3095 -12.9311 30.6361 -16.3408 -8.09409 34.9679 -17.3385 -2.56499 38.5086 -17.5567 3.3532 40.3068 -16.6673 9.38324 41.0944 -15.2289 15.411 41.6194 -13.6665 21.3313 41.2788 -11.6956 26.2089 39.7305 -9.46959 30.6429 37.382 -7.02667 34.76 34.5895 -4.49785 38.2865 31.1001 -1.94231 40.948 26.6527 0.485635 42.9133 21.7227 2.62824 44.3774 16.6201 4.76778 44.6129 11.3768 7.05017 42.9292 5.87687 9.2711 40.1256 0.666498 11.0063 36.9414 -4.32934 12.7153 32.764 -8.35473 14.8041 28.333 -10.3152 16.7135 23.5241 -11.1166 18.5452 18.6056 -11.1439 20.2574 13.7353 -10.2072 21.8469 8.60562 -7.61976 23.5057 4.14048 -3.96018 25.0649 -0.164763 -0.033675 26.4096 -4.50828 4.03261 27.0097 -7.94848 7.68469 26.7581 -11.1316 11.4825 25.933 -14.2095 15.1747 24.4736 -17.2394 18.3843 22.075 -20.3695 21.1012 18.265 -23.1466 23.1072 13.7973 -25.6841 24.5042 8.96981 -27.7315 24.6378 3.72721 -28.8106 23.189 -1.36137 -29.096 20.6733 -6.13085 -28.9564 17.539 -10.5257 -28.4267 13.6741 -14.2594 -27.3882 9.16214 -16.8709 -25.9344 4.31232 -18.4905 -24.3011 -0.658725 -19.4277 -22.6384 -5.70562 -19.5744 -20.9476 -10.8978 -18.674 -19.3095 -15.9029 -16.9724 -17.6727 -20.7074 -14.7667 -16.039 -25.109 -11.8365 -14.3932 -29.1294 -7.65669 -12.9333 -32.5405 -2.90517 -11.4719 -35.6009 2.07905 -9.85632 -37.7717 7.46613 -8.53932 -38.4426 11.9299 -7.21637 -38.2359 16.4374 -5.86172 -37.2655 20.8344 -4.44907 -35.525 24.9678 -2.93388 -32.8773 28.8776 -1.42418 -29.5849 32.2649 0.150899 -25.7994 35.0544 1.8623 -21.5522 36.9581 3.96818 -16.0785 37.7953 5.94742 -10.4986 37.5833 7.97014 -4.97473 36.8806 10.347 0.165663 35.1417 13.1161 4.60831 31.6628 15.794 8.21018 27.2622 18.4427 11.5605 22.6504 21.1745 14.138 17.6102 23.2031 15.1103 13.4274 25.0977 15.2732 9.07542 26.8087 14.7764 4.67288 28.2762 13.6234 0.305538 29.6109 11.4705 -4.58134 30.6142 8.70102 -9.23127 31.2634 5.52154 -13.6774 31.2605 1.83704 -17.7667 30.5019 -2.11002 -21.0941 29.1731 -6.29455 -23.9139 27.2978 -10.5458 -26.288 24.5356 -14.6433 -27.9634 19.7675 -19.0212 -28.7342 14.3906 -22.7052 -28.6188 8.89983 -26.2058 -28.3111 -0.0774628 -0.0957514 -0.0936546 -0.0749932 -0.291943 -0.291026 -0.240053 -0.177601 -0.445693 -0.422904 -0.390916 -0.346793 -0.562872 -0.513545 -0.481972 -0.470016 -0.724566 -0.67221 -0.627841 -0.777029 -0.795784 -1.05681 -1.15248 -1.47959 -1.32563 -1.52145 -1.49162 -1.41043 -1.36983 -1.23248 -1.01943 -0.781271 -1.04141 -0.826147 -0.661138 -0.491101 -0.82556 -0.175569 0.640521 1.53387 1.98742 2.28551 2.20861 2.00931 1.82025 1.76982 1.66898 1.47609 1.39702 1.3203 1.25874 1.13351 2.3584 2.16586 2.00117 1.8414 2.47622 2.23049 2.02578 1.86616 1.93271 1.73007 1.57234 1.50463 1.07608 1.03926 1.02921 1.16157 0.787745 0.969107 1.12895 1.291 0.849777 0.960992 1.05761 1.16601 0.314785 0.195295 -0.0136185 -0.284889 -1.10313 -1.35403 -1.63972 -1.89287 -1.89276 -1.99432 -2.09176 -2.18062 -2.00654 -2.07211 -2.12894 -2.17843 -1.69489 -1.74995 -1.81789 -1.92123 -0.637984 -0.701556 -0.705833 -0.742941 -3.61072
5.67967 -25.8437 -30.5145 1.44844 -26.7369 -29.5336 -2.77506 -26.6795 -28.1836 -6.84004 -25.8031 -26.6435 -10.6447 -24.1893 -25.0358 -14.6371 -21.4568 -23.1594 -18.1132 -18.056 -21.3488 -21.153 -14.2001 -19.6698 -23.6725 -9.89463 -18.2408 -25.0893 -6.26377 -17.3992 -25.9782 -2.42197 -16.8084 -26.3475 1.5325 -16.4557 -26.2601 5.51631 -16.3133 -25.7229 9.78552 -16.3605 -24.7393 13.9702 -16.5557 -23.2296 17.9919 -16.8068 -21.0959 21.7222 -17.0266 -16.733 26.6283 -17.2553 -11.7684 30.9199 -17.5582 -6.7012 35.0929 -17.8141 -1.14042 38.5319 -17.1766 4.56179 40.3155 -15.3454 10.2595 41.126 -12.9101 15.942 41.6801 -10.3698 21.5134 41.465 -7.54778 26.1217 40.1778 -4.67556 30.351 38.1814 -1.63075 34.3198 35.7182 1.42295 37.8356 32.451 4.27038 40.7089 28.1361 6.69596 43.0464 23.3008 8.67446 44.8947 18.2085 10.5211 45.4655 12.7521 12.1514 44.1221 6.81746 13.148 41.684 1.15843 13.3702 38.8155 -4.29746 13.5243 34.7358 -8.88895 14.0642 30.1974 -11.3577 14.7208 25.1898 -12.6181 15.3982 20.0463 -13.0325 16.1029 14.954 -12.3927 16.9878 9.63528 -10.0282 18.3589 5.07988 -6.52541 20.014 0.73573 -2.71649 21.5572 -3.55532 1.34772 22.4681 -6.84126 5.14199 22.6727 -9.79894 9.19643 22.4503 -12.6563 13.2399 21.6008 -15.5305 16.8865 19.6835 -18.5538 20.143 16.2265 -21.2547 22.6975 11.9986 -23.745 24.6061 7.32418 -25.7936 25.1011 2.10376 -26.8917 23.7719 -3.01328 -27.184 21.2104 -7.75787 -27.0526 17.9601 -12.068 -26.5595 13.938 -15.6369 -25.593 9.25159 -17.952 -24.2394 4.25274 -19.1505 -22.735 -0.821842 -19.6433 -21.247 -5.92051 -19.4269 -19.7861 -11.1307 -18.2656 -18.402 -16.1442 -16.3742 -17.0253 -20.9619 -14.024 -15.6437 -25.4176 -11.0463 -14.2327 -29.6153 -6.9558 -12.9612 -33.323 -2.37536 -11.6779 -36.6958 2.45391 -10.2381 -39.1315 7.77724 -9.04448 -39.9674 12.2479 -7.83498 -39.8838 16.7911 -6.60392 -38.9757 21.2374 -5.34793 -37.2092 25.4102 -4.04241 -34.4394 29.311 -2.78052 -30.9678 32.6199 -1.4913 -26.986 35.2798 -0.116183 -22.5487 37.0151 1.52415 -16.885 37.5894 2.99585 -11.1721 37.0468 4.51043 -5.53538 36.0312 6.44745 -0.268096 34.1336 8.91756 4.36849 30.6827 11.4279 8.21599 26.3926 13.9458 11.8337 21.9114 16.6723 14.7673 17.0668 18.8624 16.1091 13.0719 21.0556 16.7093 8.90222 23.1606 16.6771 4.64493 25.0954 15.9858 0.362965 27.0565 14.3482 -4.51254 28.755 12.0709 -9.22712 30.1252 9.33132 -13.8005 30.8245 5.96814 -18.1014 30.6808 2.1954 -21.7031 29.9166 -1.90524 -24.8381 28.5623 -6.15064 -27.5526 26.2408 -10.3584 -29.5851 21.8502 -15.0273 -30.7766 16.7297 -19.0538 -31.0289 11.4712 -22.9063 -31.0855 0.0969594 0.0817984 0.0831273 0.0998745 -0.118686 -0.119699 -0.0726495 -0.0158634 -0.28882 -0.268946 -0.238462 -0.194299 -0.408435 -0.355986 -0.32279 -0.313282 -0.574502 -0.523054 -0.472494 -0.633096 -0.664923 -0.917894 -0.994518 -1.22616 -0.942762 -1.09195 -1.0816 -1.04841 -1.05949 -0.961984 -0.78398 -0.576066 -0.848259 -0.626265 -0.449528 -0.257148 -0.579159 -0.0565198 0.475025 1.12702 1.6343 2.06915 2.03458 1.88729 1.77912 1.78739 1.70587 1.50231 1.41342 1.34142 1.27866 1.12891 2.32867 2.12655 1.96241 1.80323 2.43786 2.19591 1.99699 1.83707 1.89641 1.68749 1.52437 1.44109 0.986423 0.927485 0.909105 1.04459 0.675271 0.859281 1.0201 1.18132 0.736921 0.842422 0.928903 1.02223 0.154736 0.0251059 -0.192191 -0.480289 -1.31772 -1.57759 -1.86446 -2.12203 -2.12724 -2.23057 -2.32629 -2.41094 -2.23083 -2.2889 -2.33729 -2.3764 -1.88027 -1.92234 -1.97876 -2.07167 -0.77502 -0.823709 -0.816081 -0.839922 -3.87333
5.84801 -23.5481 -32.9548 1.94326 -25.3128 -31.8136 -2.10377 -26.1 -30.1809 -6.09913 -25.9893 -28.2602 -9.90026 -25.0269 -26.1891 -13.924 -22.892 -23.7034 -17.4309 -19.945 -21.2654 -20.4938 -16.4469 -18.961 -23.0276 -12.4078 -16.9135 -24.4422 -8.91212 -15.618 -25.316 -5.1555 -14.6066 -25.666 -1.25277 -13.8685 -25.5673 2.7019 -13.3691 -25.0357 6.96052 -13.0549 -24.0855 11.1548 -12.9079 -22.6519 15.2113 -12.8299 -20.6498 19.019 -12.7302 -16.5741 24.1657 -12.493 -11.9325 28.8124 -12.3484 -7.19484 33.3598 -12.1695 -1.96128 37.2011 -11.1647 3.4923 39.4412 -9.0934 9.01067 40.7755 -6.48223 14.5386 41.8619 -3.77809 20.045 42.1195 -0.83464 24.7205 41.1844 2.06517 29.104 39.4979 5.07924 33.2575 37.3032 8.09178 36.9574 34.2104 10.9004 39.9944 29.9705 13.2578 42.4707 25.1626 15.1313 44.4285 20.0644 16.8441 45.0108 14.5547 18.2796 43.5238 8.61159 18.9767 40.8528 3.05547 18.8575 37.7464 -2.26591 18.6305 33.4413 -6.67988 18.6609 28.7402 -8.91661 18.7986 23.6239 -9.88031 18.9365 18.4201 -10.0126 19.0977 13.2866 -9.19804 19.4253 7.86263 -6.79259 20.17 3.1091 -3.32823 21.2484 -1.45051 0.418474 22.2143 -5.95223 4.34414 22.5049 -9.452 7.93182 22.1644 -12.6578 11.7209 21.3889 -15.7082 15.4554 19.98 -18.5895 18.7463 17.5095 -21.342 21.5645 13.4875 -23.5798 23.6631 8.76697 -25.5093 25.0994 3.67686 -26.8731 25.1157 -1.78522 -27.2098 23.3842 -6.88869 -26.718 20.5078 -11.4321 -25.8619 16.9935 -15.4414 -24.8225 12.7443 -18.607 -23.5806 7.89867 -20.4055 -22.166 2.81116 -21.0165 -20.7187 -2.30285 -20.9188 -19.4097 -7.39785 -20.1542 -18.3218 -12.559 -18.4785 -17.4684 -17.4899 -16.1149 -16.6324 -22.2133 -13.3546 -15.646 -26.5875 -10.1108 -14.4401 -30.7564 -5.92639 -13.2436 -34.5047 -1.35883 -11.9743 -37.9435 3.42735 -10.359 -40.4795 8.65256 -8.8165 -41.4413 12.9891 -7.11524 -41.5203 17.372 -5.34572 -40.7837 21.6658 -3.58129 -39.1704 25.7148 -1.80208 -36.532 29.5182 -0.13848 -33.1639 32.7557 1.41295 -29.2476 35.3724 2.77891 -24.8085 37.1105 3.98172 -19.0445 37.764 4.73705 -13.1826 37.3576 5.43437 -7.36477 36.4829 6.36963 -1.7925 34.7018 7.50545 3.39456 31.3383 8.53289 7.93727 27.1172 9.58084 12.2752 22.6907 11.0115 15.99 17.8263 12.4015 17.982 13.7451 13.952 19.2583 9.44116 15.5717 19.9005 5.02295 17.217 19.856 0.567885 19.1135 18.9034 -4.51088 20.9589 17.2416 -9.42326 22.6161 15.0567 -14.1959 23.7981 12.1441 -18.7145 24.3324 8.64956 -22.5524 24.397 4.68675 -25.9464 23.9449 0.425995 -28.9243 22.5522 -4.0543 -31.2076 19.2602 -9.48519 -32.6784 15.1483 -14.5162 -33.206 10.8639 -19.4206 -33.5025 -0.0577872 -0.0401189 -0.0154952 0.0152784 -0.191475 -0.180855 -0.123842 -0.056861 -0.318271 -0.286543 -0.243783 -0.188513 -0.393221 -0.332954 -0.291983 -0.273988 -0.525762 -0.475226 -0.432122 -0.573476 -0.550902 -0.757115 -0.819865 -1.03358 -0.746394 -0.914826 -0.930371 -0.929693 -0.967883 -0.883691 -0.711915 -0.508996 -0.779119 -0.543573 -0.346509 -0.11452 -0.370641 0.191216 0.676253 1.17999 1.49971 1.87294 1.849 1.71043 1.58844 1.58335 1.50583 1.33156 1.28444 1.24263 1.2073 1.10443 2.35049 2.1782 2.03228 1.88035 2.51125 2.26436 2.06516 1.90201 1.94844 1.72446 1.55184 1.45873 0.993334 0.926985 0.906758 1.05957 0.729912 0.952091 1.14007 1.31719 0.881599 0.990224 1.0698 1.14158 0.240572 0.0831261 -0.149331 -0.461515 -1.33859 -1.62959 -1.93047 -2.20911 -2.23986 -2.36178 -2.47211 -2.57126 -2.40462 -2.46738 -2.51384 -2.55326 -2.0562 -2.08872 -2.13092 -2.21024 -0.88816 -0.885487 -0.83743 -0.831451 -3.67292
13.4857 -22.9774 -33.8845 10.0958 -25.5149 -32.568 6.43696 -27.1432 -30.664 2.70188 -27.8902 -28.3935 -0.960436 -27.7662 -25.8962 -4.96431 -26.5456 -22.8293 -8.57299 -24.4211 -19.7648 -11.8467 -21.6608 -16.8338 -14.7365 -18.2531 -14.1949 -16.5496 -15.1368 -12.4919 -17.9308 -11.654 -11.1277 -18.8895 -7.92333 -10.0975 -19.4917 -4.05015 -9.36648 -19.8075 0.212072 -8.8658 -19.7807 4.50606 -8.58698 -19.3287 8.78197 -8.41744 -18.3505 12.9693 -8.25709 -15.8779 19.0496 -7.98585 -12.8909 24.8996 -7.8767 -9.77163 30.6792 -7.72902 -5.77547 35.7758 -6.62876 -1.02124 39.1275 -4.3456 4.01642 41.4574 -1.47434 9.13091 43.4804 1.49225 14.458 44.4019 4.62652 19.1622 43.6432 7.53123 23.6045 41.8388 10.3868 27.8438 39.4482 13.1175 31.7305 36.1896 15.4454 35.0597 31.8208 17.054 37.8461 26.9137 18.0105 40.1523 21.7255 18.7329 41.2452 16.122 19.1367 40.51 10.0103 18.7848 38.6751 4.21971 17.7259 36.3841 -1.39487 16.6092 32.7574 -6.3318 15.908 28.4397 -9.23487 15.6792 23.5322 -10.9782 15.6495 18.4032 -11.8779 15.7382 13.2088 -11.7101 16.0745 7.59712 -9.85264 16.9797 2.62814 -6.82336 18.3557 -2.12585 -3.42325 19.6206 -6.68684 0.417082 20.079 -10.0138 4.16817 19.7685 -12.8332 8.24508 18.9526 -15.3199 12.3331 17.4227 -17.4304 16.0035 14.7192 -19.0515 19.181 10.3637 -19.966 21.5287 5.32904 -20.5013 23.1224 -0.0439935 -20.5116 23.1246 -5.67375 -19.7552 21.157 -10.645 -18.4247 17.9087 -14.7481 -16.9234 13.9986 -18.1564 -15.5215 9.40339 -20.6214 -14.337 4.31877 -21.6215 -13.3255 -0.893233 -21.3588 -12.4436 -6.04512 -20.3905 -11.7867 -11.0919 -18.8556 -11.4863 -16.1125 -16.5465 -11.5127 -20.8467 -13.6801 -11.5749 -25.3364 -10.4448 -11.4199 -29.4187 -6.71133 -10.9864 -33.1875 -2.02599 -10.4594 -36.4951 2.98661 -9.85095 -39.4365 8.21362 -8.91834 -41.2853 13.8754 -7.89243 -41.5322 18.4576 -6.69103 -40.7822 22.9414 -5.43766 -39.1637 27.1746 -4.23479 -36.6655 30.9723 -3.08876 -33.147 34.2737 -2.07182 -29.0026 36.8 -1.1679 -24.4625 38.5784 -0.438029 -19.6296 39.4165 0.0611481 -13.7431 38.9724 0.177972 -8.01542 37.4629 0.293533 -2.41487 35.5345 0.826479 2.8795 32.9301 1.86323 7.71391 29.049 3.00872 11.9018 24.5038 4.22615 15.8931 19.803 5.96063 19.3111 14.8212 7.74243 21.1447 10.8188 9.80407 22.3203 6.70493 12.009 22.9078 2.53961 14.287 22.854 -1.62742 16.9631 21.9524 -6.35225 19.6259 20.3898 -10.9092 22.1377 18.3119 -15.3445 24.2101 15.4861 -19.5892 25.5879 12.0556 -23.2717 26.4799 8.14021 -26.6035 26.8755 3.86178 -29.5641 26.369 -0.799967 -31.8526 24.1323 -6.7286 -33.3835 20.9524 -12.3801 -34.0508 17.5924 -17.9499 -34.4806 -0.187234 -0.129563 -0.0709451 -0.0128897 -0.195091 -0.166518 -0.0988935 -0.0205304 -0.26894 -0.22667 -0.176 -0.116543 -0.321318 -0.26462 -0.226008 -0.205416 -0.449685 -0.401049 -0.37084 -0.497983 -0.427581 -0.600022 -0.64591 -0.851171 -0.623474 -0.870176 -0.914769 -0.932144 -1.00023 -0.932518 -0.760504 -0.565393 -0.858386 -0.644986 -0.457525 -0.265102 -0.645366 -0.249121 0.159667 0.692203 1.14104 1.62793 1.63574 1.54075 1.47676 1.50823 1.45835 1.32379 1.32754 1.332 1.34435 1.29063 2.56217 2.40056 2.27052 2.13055 2.75479 2.49451 2.28861 2.11805 2.14644 1.90058 1.71173 1.60426 1.12314 1.04359 1.00935 1.13878 0.78189 0.979255 1.13785 1.28188 0.816951 0.902635 0.959714 1.00825 0.0894228 -0.0748946 -0.312079 -0.634121 -1.51645 -1.79917 -2.08613 -2.35178 -2.36896 -2.47622 -2.56958 -2.64941 -2.46072 -2.50255 -2.53085 -2.54795 -2.02332 -2.03127 -2.05643 -2.11923 -0.765779 -0.71985 -0.647914 -0.618749 -3.28946
17.0278 -14.2898 -40.5659 14.1513 -17.5269 -39.6115 10.9788 -20.0475 -37.8101 7.68798 -21.7848 -35.3984 4.4372 -22.682 -32.5189 0.890682 -22.6301 -28.7312 -2.2859 -21.6007 -24.7592 -5.19154 -19.8322 -20.8404 -7.83635 -17.255 -17.1949 -9.56964 -14.6274 -14.7474 -10.97 -11.502 -12.7056 -12.049 -8.01683 -11.0969 -12.874 -4.30219 -9.90555 -13.5401 -0.139132 -9.04419 -13.968 4.11049 -8.5206 -14.077 8.39826 -8.17501 -13.778 12.6802 -7.87169 -12.5591 19.1217 -7.45007 -10.9941 25.501 -7.34799 -9.29343 31.8439 -7.17452 -6.56015 37.5895 -5.53992 -2.87091 41.42 -2.25887 1.14955 44.0222 1.75544 5.26835 46.2487 5.89417 9.66796 47.1488 10.2396 13.5569 46.0131 14.0775 17.1267 43.5909 17.6177 20.487 40.5707 20.8934 23.5977 36.8445 23.647 26.3277 32.1752 25.5187 28.6586 27.0595 26.593 30.5976 21.7279 27.3498 31.5624 16.0969 27.6956 31.1321 9.9663 27.1974 29.9217 4.04228 25.9891 28.2847 -1.7519 24.6599 25.1917 -6.94929 23.4604 21.2068 -10.1844 22.5786 16.5319 -12.3381 21.7847 11.548 -13.6303 20.9999 6.39155 -13.7129 20.2736 0.712842 -11.9072 19.7719 -4.38313 -8.77833 19.7214 -9.18171 -5.21504 19.5264 -13.4123 -1.14207 18.3975 -16.0297 2.79704 16.7039 -17.7729 6.98534 14.5462 -18.7948 11.0667 11.8013 -18.946 14.542 8.17706 -17.9102 17.219 3.33391 -15.9862 18.8349 -1.70425 -13.6135 19.6056 -6.75125 -10.7982 18.7918 -11.5582 -7.8362 16.1274 -15.203 -4.93931 12.2999 -17.6761 -2.26864 7.93445 -19.399 -0.0984812 3.07683 -20.322 1.25455 -2.05885 -20.0971 1.91939 -7.19426 -18.8961 2.22692 -12.2131 -17.1715 2.24668 -17.1043 -15.09 1.81594 -21.9921 -12.5302 0.976109 -26.6578 -9.67458 0.0485988 -31.0841 -6.48472 -0.670047 -35.0117 -2.65256 -1.12734 -38.4522 2.27665 -1.40859 -41.3466 7.55749 -1.65212 -43.8064 13.056 -1.76855 -44.922 18.9792 -1.67532 -44.3586 23.6465 -1.45419 -42.6742 28.031 -1.22549 -40.1198 31.9722 -1.09704 -36.7798 35.2794 -1.09429 -32.5384 37.8491 -1.17332 -27.8574 39.4844 -1.29635 -22.9723 40.3291 -1.49511 -18.0173 40.3088 -1.91029 -12.2513 39.0129 -2.52356 -6.80197 36.7708 -3.05834 -1.49411 34.1942 -3.03252 3.62087 31.2053 -2.22758 8.49732 27.3217 -1.07775 12.9082 22.9937 0.189812 17.1604 18.5415 2.03897 20.9299 13.8638 4.02183 23.151 10.1637 6.37834 24.8073 6.38744 8.92811 25.9379 2.54336 11.5688 26.4711 -1.36804 14.6841 26.2874 -5.90224 17.8145 25.4624 -10.354 20.8092 24.1382 -14.7786 23.3579 22.0854 -19.2044 25.1669 19.3874 -23.2879 26.4787 16.1808 -27.1896 27.3196 12.5416 -30.8331 27.3147 8.3411 -33.9286 25.7311 2.61794 -36.618 23.1523 -3.05436 -38.534 20.4115 -8.73004 -40.1989 -0.695955 -0.630661 -0.559273 -0.48537 -0.644745 -0.588728 -0.494771 -0.386428 -0.602377 -0.530079 -0.450268 -0.364288 -0.545832 -0.470713 -0.417237 -0.382012 -0.606294 -0.537371 -0.503145 -0.637384 -0.558876 -0.71203 -0.735364 -0.904187 -0.626058 -0.840541 -0.840451 -0.792915 -0.818706 -0.744683 -0.579068 -0.388155 -0.69038 -0.502792 -0.337917 -0.140543 -0.528008 -0.19438 0.139265 0.590292 0.888766 1.2689 1.28049 1.2409 1.20523 1.25206 1.25127 1.21707 1.33004 1.41179 1.50776 1.58372 2.97106 2.87499 2.79184 2.69747 3.34386 3.0786 2.86163 2.67799 2.6803 2.39915 2.18125 2.05359 1.55561 1.46085 1.40436 1.49068 1.08019 1.2296 1.33927 1.43253 0.921939 0.972643 0.999967 1.01851 0.0727256 -0.106554 -0.35259 -0.689656 -1.58837 -1.87798 -2.16579 -2.43216 -2.45025 -2.55869 -2.65344 -2.7341 -2.54727 -2.59522 -2.63271 -2.65804 -2.14049 -2.15675 -2.1937 -2.27211 -0.934786 -0.894965 -0.831156 -0.823362 -2.99235
19.9587 -2.24129 -45.1438 18.2916 -6.29315 -44.4607 16.3165 -9.88301 -42.765 14.1483 -12.8649 -40.301 11.913 -15.1346 -37.2162 9.37385 -16.7832 -33.0017 6.99301 -17.4621 -28.4412 4.66622 -17.3428 -23.8045 2.30344 -16.2899 -19.3061 0.515131 -14.6836 -16.1248 -1.18479 -12.4086 -13.3261 -2.77751 -9.59611 -10.9912 -4.28512 -6.39819 -9.14762 -5.83186 -2.65585 -7.69183 -7.26238 1.27922 -6.69917 -8.50243 5.34456 -6.02702 -9.48633 9.50898 -5.57351 -10.5094 15.993 -5.31507 -11.3426 22.4951 -5.74414 -12.0702 29.015 -6.08659 -11.8487 35.3944 -4.53504 -10.3264 40.2567 -0.917089 -8.15288 44.0378 3.55835 -5.79989 47.434 8.24665 -2.96498 49.3493 13.4758 -0.0826304 48.8175 18.2247 2.78918 46.7449 22.5375 5.58019 43.978 26.4997 8.22739 40.4352 29.9033 10.6513 35.8494 32.3226 12.8037 30.754 33.7935 14.6735 25.4434 34.8229 15.8406 19.8541 35.2166 16.0649 13.7393 34.4566 15.7857 7.79204 32.8529 15.1744 1.94383 30.9971 13.2639 -3.44585 28.6907 10.3606 -7.04398 26.2933 6.75204 -9.71296 23.6515 2.80855 -11.5946 20.8174 -1.37711 -12.3048 17.8009 -6.20882 -11.2195 14.4488 -10.8089 -8.76273 11.5223 -15.0724 -5.83599 8.51929 -18.273 -2.32841 4.8843 -19.612 1.22413 1.59462 -19.8603 5.06487 -1.63384 -19.1976 8.75359 -4.979 -17.3215 11.7484 -8.54918 -13.6466 13.8948 -12.2345 -9.02982 15.1951 -15.1824 -4.11954 15.8523 -17.8567 0.928889 14.9182 -20.1663 5.48612 12.2078 -21.1867 9.49455 8.59735 -20.9536 13.0683 4.63422 -20.1295 15.8841 0.182666 -18.941 17.4497 -4.61172 -17.2621 17.967 -9.45678 -15.1375 17.926 -14.2072 -12.7523 17.4294 -18.8364 -10.1871 16.2683 -23.468 -7.38917 14.5597 -27.9009 -4.55046 12.6105 -32.0966 -1.51337 10.5354 -35.7731 2.06517 8.12102 -38.9367 6.59345 5.59058 -41.5702 11.3898 2.98833 -43.7904 16.3539 0.330477 -44.7384 21.6812 -1.65626 -44.131 25.8994 -3.49041 -42.4644 29.8955 -5.18843 -39.9573 33.4929 -6.73504 -36.6771 36.4859 -8.11416 -32.5036 38.7822 -9.19314 -27.8826 40.2225 -10.006 -23.0396 40.9132 -10.5467 -18.1138 40.7233 -10.8176 -12.402 39.1741 -10.8315 -7.04399 36.6463 -10.6767 -1.84078 33.8177 -10.0692 3.16323 30.705 -8.73618 7.92958 26.8302 -7.0539 12.2188 22.5544 -5.28012 16.3818 18.1917 -3.1178 20.2928 13.7716 -1.06239 22.8926 10.3697 1.28023 25.1548 6.91264 3.78668 27.071 3.36267 6.38755 28.5737 -0.316135 9.4883 29.7706 -4.70369 12.655 30.5358 -9.14041 15.774 30.8509 -13.6648 18.5968 30.3551 -18.3641 20.7971 29.0176 -22.9024 22.5903 27.0777 -27.4021 24.0521 24.5491 -31.7259 24.895 21.0904 -35.5407 24.5777 15.6172 -39.0675 23.2246 9.82037 -41.725 21.753 3.94353 -44.132 -0.541876 -0.418774 -0.296176 -0.174335 -0.285198 -0.191461 -0.0771065 0.047976 -0.149312 -0.0613174 0.0304939 0.123667 -0.0540112 0.0260663 0.0936048 0.154244 -0.0326832 0.0654373 0.125124 0.0624225 0.271428 0.237747 0.285481 0.213715 0.629041 0.501882 0.553879 0.65182 0.671828 0.78346 0.988917 1.22961 0.983711 1.21936 1.43638 1.70896 1.35735 1.63776 1.86451 2.12998 2.15554 2.34257 2.30369 2.24379 2.13529 2.07063 1.93681 1.77744 1.75619 1.66002 1.54576 1.43528 2.66602 2.4133 2.17302 1.95064 2.49362 2.13382 1.83805 1.59913 1.56365 1.262 1.0373 0.894335 0.367738 0.265469 0.21739 0.265983 -0.204665 -0.0917345 0.0063806 0.103416 -0.392582 -0.3164 -0.2565 -0.20142 -1.10357 -1.23627 -1.44372 -1.74699 -2.61211 -2.87174 -3.13607 -3.38143 -3.38133 -3.47482 -3.55581 -3.62307 -3.41968 -3.4454 -3.45977 -3.46488 -2.92568 -2.91345 -2.91953 -2.97275 -1.6062 -1.5227 -1.40929 -1.33964 -3.59513
27.5544 4.21879 -45.5747 27.1055 -0.17962 -45.2342 26.3484 -4.34294 -43.9085 25.3191 -8.08601 -41.7652 24.0545 -11.2343 -38.9097 22.3861 -13.9823 -34.8364 20.6426 -15.7868 -30.2942 18.7741 -16.7752 -25.5551 16.6506 -16.7263 -20.8207 14.8597 -15.7566 -17.3927 13.0072 -13.9817 -14.3403 11.1395 -11.5483 -11.7932 9.26945 -8.63628 -9.8128 7.26515 -5.13456 -8.31694 5.29242 -1.41931 -7.41031 3.33413 2.38712 -6.97126 1.34451 6.20232 -6.92776 -1.78967 11.9301 -7.65269 -4.93042 17.4526 -9.32409 -8.1001 22.9813 -10.9182 -11.3826 28.6535 -10.4655 -14.1831 33.4153 -7.54448 -16.6208 37.5034 -3.49532 -18.8957 41.3163 0.90207 -20.4464 44.0128 6.32186 -20.6631 44.6091 11.8662 -20.0228 43.8554 17.3586 -19.0328 42.4019 22.6549 -17.7126 40.0607 27.5457 -15.8551 36.5336 31.6526 -13.6308 32.356 34.8711 -11.3858 27.8456 37.5867 -9.45084 22.7881 39.4402 -7.86309 16.848 39.9008 -6.53267 10.8533 39.3412 -5.35529 4.88105 38.359 -4.89905 -0.871006 36.1856 -5.3869 -5.03324 33.0936 -6.44393 -8.41242 29.2743 -7.73302 -11.1125 25.0115 -9.15169 -12.771 20.2829 -10.9776 -12.8535 14.5892 -12.9996 -11.5287 9.11965 -14.8073 -9.80137 3.68748 -15.539 -7.6065 -1.82668 -15.0866 -5.04862 -6.12632 -13.9441 -2.01472 -9.96362 -12.1333 0.961868 -13.5824 -9.22262 3.32857 -16.9232 -4.63211 5.08271 -19.6696 0.582305 6.41654 -21.3202 5.98346 7.31515 -22.6293 11.5276 6.71809 -23.4031 16.4244 4.51416 -22.8383 20.6205 1.5879 -21.1101 24.3342 -1.64787 -18.8975 27.2594 -5.44791 -16.4157 28.8637 -9.68417 -13.6343 29.3512 -14.0233 -10.6027 29.1737 -18.3088 -7.46267 28.3355 -22.5143 -4.32132 26.5984 -26.7088 -1.15635 24.1992 -30.6739 1.86854 21.3902 -34.3811 4.86767 18.0321 -37.5631 7.90514 13.6547 -40.1799 11.1198 8.86461 -42.2304 14.152 3.902 -43.8922 17.1445 -1.30417 -44.4819 20.1263 -5.42885 -43.8168 22.2838 -9.43624 -42.2558 24.1849 -13.2128 -39.9554 25.7839 -16.6096 -36.9446 27.0115 -19.6029 -33.0791 27.8423 -21.9636 -28.736 28.2392 -23.7236 -24.0998 28.2385 -24.7294 -19.2694 27.7399 -24.7529 -13.4971 26.4066 -23.8854 -7.93824 24.5505 -22.6921 -2.49799 22.5311 -21.0363 2.74839 20.333 -18.4416 7.81006 17.6577 -15.3049 12.4211 14.7579 -12.0751 16.9163 11.7793 -8.72927 21.2186 8.64796 -6.01699 24.2003 6.13612 -3.15872 26.922 3.49429 -0.202694 29.3454 0.675557 2.80199 31.3783 -2.38963 6.28253 33.2116 -6.23968 9.74042 34.6423 -10.2762 13.1848 35.6253 -14.4557 16.4912 35.7195 -18.8552 19.2666 34.8104 -23.1792 21.6779 33.2102 -27.521 23.8689 31.0037 -31.7112 25.7055 27.8264 -35.4202 27.0027 22.4862 -38.9266 27.4102 16.5902 -41.6774 27.6503 10.597 -44.231 1.82835 1.95801 2.0559 2.13095 1.95222 1.95566 1.96874 1.9945 1.71861 1.74683 1.7871 1.83677 1.62255 1.67613 1.7318 1.79281 1.60747 1.68602 1.74034 1.75742 2.09969 2.15529 2.24017 2.30121 2.93653 2.9474 3.01745 3.10242 3.08956 3.1202 3.2175 3.35143 2.99141 3.09729 3.19425 3.35125 2.84639 2.94642 2.97983 3.0081 2.75176 2.71937 2.55962 2.38121 2.14644 1.9791 1.77065 1.56237 1.49883 1.35163 1.19253 1.07513 2.3174 2.056 1.78499 1.53563 2.0551 1.65948 1.31252 1.01324 0.909552 0.536029 0.228649 -0.0347425 -0.719556 -0.962194 -1.12939 -1.25239 -1.90778 -1.93789 -1.95558 -1.9594 -2.54536 -2.53955 -2.5302 -2.51404 -3.44545 -3.5941 -3.8119 -4.12165 -4.98739 -5.25239 -5.53095 -5.78682 -5.79311 -5.89333 -5.98025 -6.05005 -5.84701 -5.87293 -5.8849 -5.88136 -5.32906 -5.30339 -5.29322 -5.32049 -3.91421 -3.79834 -3.67192 -3.56731 -8.14934
28.7366 9.84145 -46.1862 29.8106 5.71488 -44.9687 30.4039 1.79585 -42.9802 30.5217 -1.80485 -40.3945 30.1703 -4.99243 -37.3317 29.2197 -8.08062 -33.2712 27.8381 -10.4937 -28.8898 26.0824 -12.3236 -24.3623 23.8433 -13.4645 -19.8222 21.7428 -13.7091 -16.4417 19.3621 -13.3562 -13.2625 16.7782 -12.4543 -10.3625 14.0594 -11.0959 -7.78131 11.0339 -9.21599 -5.36655 7.96433 -6.98687 -3.33488 4.89154 -4.45758 -1.69806 1.85272 -1.65874 -0.493667 -2.63819 3.03765 0.474627 -6.93084 8.00699 0.676855 -11.2232 12.9777 0.849619 -15.7157 17.6933 1.71082 -20.1248 21.8417 3.26225 -24.5613 25.8276 5.12941 -29.0414 29.5757 7.35096 -33.5416 32.4047 10.6374 -37.2929 33.6749 14.5694 -40.6692 33.9756 19.0031 -43.6429 33.5113 23.7029 -45.8523 31.8957 28.5665 -46.9533 28.8526 33.2876 -47.1112 24.9277 37.4508 -46.5782 20.5275 41.0724 -44.9808 15.6818 43.6663 -41.9435 10.4016 44.6238 -38.2186 5.51237 44.1301 -34.2449 0.951793 42.9322 -30.0114 -2.95001 40.7236 -26.3788 -5.28946 37.8154 -22.8965 -6.74263 34.2251 -19.605 -7.54918 30.2698 -16.54 -7.76189 26.0639 -13.4139 -7.19297 20.9972 -10.6779 -5.9443 15.8277 -8.02359 -4.4749 10.6737 -5.18497 -3.07044 5.60038 -2.63294 -1.9396 1.42312 0.0760999 -0.883012 -2.67391 3.0461 -0.102286 -6.6501 6.40668 0.119085 -10.3781 10.5975 -0.404672 -14.1013 15.0358 -1.5262 -17.3791 19.586 -3.22391 -20.2274 24.1082 -5.86433 -22.2952 28.1312 -9.34959 -23.2058 31.6959 -13.4059 -23.2075 34.7782 -17.791 -22.5512 37.099 -22.4519 -21.1194 38.3431 -27.0896 -18.8384 38.6762 -31.5215 -15.9218 38.3208 -35.6723 -12.6197 37.1563 -39.3777 -8.99031 34.9784 -42.4886 -4.96426 32.1163 -44.8723 -0.870721 28.857 -46.7012 3.21133 25.1637 -47.7456 7.19866 20.6751 -47.6805 11.2229 15.9809 -46.7165 14.8809 11.2425 -45.3239 18.3384 6.50935 -43.3055 21.48 2.90157 -41.0858 23.5216 -0.560072 -38.3567 25.1589 -3.84774 -35.239 26.417 -6.92678 -31.7953 27.2957 -9.89927 -27.8586 27.8061 -12.5776 -23.6866 27.9289 -14.937 -19.333 27.6579 -16.8627 -14.8285 26.8865 -18.4837 -9.36503 25.2669 -19.5811 -3.93408 23.169 -20.377 1.45448 20.8387 -20.6045 6.71327 18.1195 -19.9205 11.9128 14.6541 -18.62 16.7348 10.837 -17.1451 21.4107 6.90349 -15.4194 25.851 2.80245 -13.8117 28.9085 -0.457219 -11.9506 31.6731 -3.84114 -9.87538 34.1176 -7.3448 -7.6108 36.1722 -10.9791 -4.80305 38.0352 -15.3318 -1.86776 39.4701 -19.7618 1.23566 40.4405 -24.2032 4.56525 40.5499 -28.5851 7.79492 39.6552 -32.5847 10.9728 38.0164 -36.385 14.1596 35.77 -39.8528 17.3287 32.6695 -42.6043 20.8308 27.5564 -44.6264 23.7243 21.814 -45.6995 26.4251 15.9305 -46.4664 -16.4962 -16.3026 -16.1631 -16.0647 -16.2392 -16.2568 -16.2848 -16.3159 -16.6552 -16.6896 -16.7156 -16.7325 -17.0127 -17.0209 -17.0177 -17.0035 -17.245 -17.225 -17.1997 -17.1729 -16.8074 -16.7509 -16.6859 -16.604 -15.8962 -15.8247 -15.7356 -15.632 -15.6316 -15.6403 -15.6248 -15.5949 -16.1131 -16.1929 -16.2607 -16.3237 -17.0988 -17.2151 -17.3333 -17.4481 -17.8444 -17.9122 -17.9606 -17.9857 -18.0737 -18.0595 -18.0272 -17.9767 -17.7713 -17.6172 -17.4446 -17.2601 -15.7605 -15.7813 -15.8196 -15.872 -15.1887 -15.4423 -15.6737 -15.8849 -15.916 -16.2328 -16.504 -16.7376 -17.3906 -17.6129 -17.7754 -17.8978 -18.5587 -18.6014 -18.6382 -18.6686 -19.2902 -19.327 -19.3643 -19.4026 -20.4026 -20.6217 -20.8961 -21.2628 -22.1949 -22.5185 -22.838 -23.1313 -23.1692 -23.2916 -23.3965 -23.4814 -23.2883 -23.3152 -23.3238 -23.313 -22.7437 -22.6939 -22.6531 -22.6299 -21.1408 -20.9447 -20.7634 -20.5643 -6.72015
30.1828 16.4075 -49.6062 31.5196 12.3585 -48.3879 32.3712 8.39062 -46.6001 32.7102 4.62018 -44.2905 32.5269 1.15802 -41.5255 31.6619 -2.3717 -37.8213 30.1398 -5.21589 -33.7565 28.0318 -7.28251 -29.4886 25.4297 -8.51981 -25.1728 23.1607 -8.89787 -21.9157 20.7096 -8.78433 -18.7726 18.1252 -8.19756 -15.7932 15.4543 -7.16399 -13.0187 12.5131 -5.59686 -10.2961 9.52573 -3.64573 -7.89045 6.52335 -1.3891 -5.78995 3.53045 1.10423 -3.9611 -0.993989 5.24858 -1.6123 -5.46759 9.62937 0.377342 -9.92157 14.1042 2.19432 -14.4013 18.5459 4.02902 -18.7265 22.6196 5.96663 -23.1393 26.413 8.24586 -27.6473 29.7559 10.9953 -32.2105 32.4419 14.3149 -36.2452 34.0843 17.8038 -40.1082 34.8315 21.7618 -43.6169 34.5219 26.091 -46.5484 33.0486 30.6058 -48.7122 30.3191 35.1478 -49.8096 26.4839 39.2526 -49.7156 21.8187 42.5675 -48.4317 16.71 44.8068 -45.8692 11.1962 45.8338 -42.3673 6.13828 45.4118 -38.2616 1.87421 43.6844 -33.8645 -1.42582 40.8918 -30.1063 -3.44792 37.9061 -26.4111 -4.81348 34.499 -22.835 -5.60611 30.7962 -19.3992 -5.92756 26.8951 -15.6214 -5.84971 22.2596 -11.9833 -5.45863 17.5292 -8.41263 -4.90688 12.7636 -4.82853 -4.34404 8.00931 -1.74449 -3.9781 4.06041 1.45013 -3.79992 0.187219 4.79062 -3.90158 -3.56375 8.29823 -4.37594 -7.12893 12.4265 -5.45679 -10.8015 16.7068 -7.23303 -13.9988 20.9721 -9.7927 -16.6358 25.085 -13.0992 -18.5977 28.7463 -16.8981 -19.7481 31.9891 -21.2008 -20.1103 34.6778 -25.8606 -19.643 36.6913 -30.6994 -18.3424 37.9218 -35.4442 -16.2852 38.3495 -39.9728 -13.5343 37.9574 -44.0966 -10.2026 36.7691 -47.6488 -6.43054 34.752 -50.5976 -2.20358 32.0434 -52.6804 2.15021 28.7715 -53.8444 6.45961 25.077 -54.0836 10.5735 20.7358 -53.3314 14.6886 16.2314 -51.6074 18.3059 11.7134 -49.0214 21.3467 7.30563 -45.6964 23.768 4.00896 -42.6729 25.218 0.876064 -39.3322 26.2841 -2.06455 -35.7285 26.9755 -4.79119 -31.9116 27.3054 -7.41729 -27.7048 27.2791 -9.77421 -23.3588 26.8897 -11.8527 -18.9158 26.1588 -13.6466 -14.4133 25.1083 -15.4105 -9.00204 23.4626 -16.7576 -3.60412 21.4256 -17.691 1.73087 19.0239 -18.222 6.95206 16.2746 -18.3575 12.3129 12.9948 -18.0642 17.4317 9.35815 -17.3526 22.2477 5.38147 -16.2307 26.6968 1.08491 -15.1051 29.7777 -2.35021 -13.7378 32.5871 -5.92736 -12.127 35.0953 -9.62506 -10.2726 37.2703 -13.4184 -7.82265 39.3313 -17.8962 -5.05845 40.8458 -22.4091 -1.99772 41.7589 -26.8923 1.33097 42.018 -31.2687 4.69578 41.6172 -35.2369 8.21442 40.5569 -38.9416 11.8232 38.8215 -42.2873 15.4434 36.4147 -45.1736 19.8433 32.5131 -47.9875 23.9115 27.7333 -49.7494 27.4288 22.2737 -50.3159 -413.696 -413.484 -413.309 -413.16 -413.264 -413.197 -413.134 -413.073 -413.333 -413.302 -413.267 -413.23 -413.462 -413.429 -413.395 -413.359 -413.582 -413.55 -413.522 -413.495 -413.125 -413.056 -412.968 -412.848 -412.086 -411.949 -411.782 -411.582 -411.469 -411.366 -411.247 -411.114 -411.533 -411.534 -411.545 -411.566 -412.319 -412.428 -412.548 -412.672 -413.086 -413.177 -413.249 -413.299 -413.41 -413.417 -413.406 -413.376 -413.191 -413.055 -412.896 -412.724 -411.233 -411.254 -411.281 -411.313 -410.598 -410.809 -410.99 -411.144 -411.11 -411.36 -411.567 -411.738 -412.328 -412.493 -412.606 -412.681 -413.303 -413.313 -413.318 -413.318 -413.911 -413.922 -413.938 -413.96 -414.95 -415.166 -415.446 -415.83 -416.792 -417.157 -417.526 -417.881 -417.987 -418.179 -418.366 -418.546 -418.47 -418.637 -418.8 -418.96 -418.563 -418.681 -418.803 -418.931 -417.595 -417.541 -417.463 -417.312 -6.26688
