# num_vectors 23
# vector_size 401
# Iterations: 304100, stepsize: 0.028033, max step size: 1.000000, spring constant: 0.000010, global NEB Hessian: false, global NEB Linesearch: true, climbing image: false
-6.15239 -27.91 -27.2402 -8.30122 -24.0586 -26.7763 -10.2261 -20.1331 -26.0339 -11.9221 -16.1605 -25.0302 -13.386 -12.165 -23.7818 -14.8007 -7.4892 -22.0312 -15.8913 -2.84342 -19.9925 -16.6609 1.74023 -17.6845 -17.1177 6.22839 -15.12 -17.2616 9.59136 -12.9823 -17.2288 12.8643 -10.7048 -17.0225 16.0325 -8.29236 -16.6456 19.081 -5.74973 -16.0507 22.2188 -2.86542 -15.2633 25.1787 0.157401 -14.2812 27.9431 3.3058 -13.1022 30.493 6.56574 -10.9221 33.9299 11.723 -8.27997 36.7435 17.0395 -5.18316 38.8502 22.4372 -1.65181 40.163 27.8195 2.0761 40.5955 32.8167 6.10931 40.1652 37.5712 10.3697 38.8217 41.9416 14.751 36.541 45.7705 18.6538 33.7216 48.5931 22.4273 30.2095 50.7317 25.9407 26.0879 52.0793 29.0559 21.4813 52.551 31.6955 16.4251 52.0717 33.6427 11.2452 50.609 34.7955 6.17801 48.2096 35.0925 1.46453 44.9758 34.4412 -2.96251 40.7331 32.8304 -6.48653 35.9362 30.3652 -8.94147 30.845 27.1947 -10.2381 25.7176 24.0973 -10.4185 21.5342 20.7294 -9.78594 17.612 17.1972 -8.39402 14.0464 13.5863 -6.32684 10.9134 9.38824 -3.29443 7.92248 5.20849 0.239475 5.51278 1.08392 4.10879 3.56809 -2.98659 8.18087 1.95113 -6.384 11.6755 0.733007 -9.78323 15.182 -0.445591 -13.2079 18.6465 -1.67351 -16.6788 22.012 -3.03908 -20.64 25.5874 -4.83478 -24.6896 28.8358 -7.01366 -28.8096 31.6117 -9.66291 -32.9394 33.7441 -12.8403 -36.804 35.0081 -16.3939 -40.4221 35.3429 -20.3886 -43.5988 34.6167 -24.6945 -46.1148 32.7659 -29.0996 -47.7412 29.8829 -33.2592 -48.3718 26.1013 -36.9416 -47.9404 21.6815 -39.8636 -46.484 16.954 -41.8099 -44.022 12.0743 -42.6802 -40.8186 7.57153 -42.3736 -37.1242 3.6872 -40.9971 -33.1715 0.550803 -38.7235 -28.7862 -1.98066 -35.4514 -24.4748 -3.65652 -31.5848 -20.3217 -4.60469 -27.3188 -16.3497 -4.98409 -22.7992 -13.363 -5.00242 -19.1673 -10.4484 -4.855 -15.48 -7.57014 -4.61628 -11.7692 -4.68915 -4.35983 -8.06158 -1.60513 -4.14974 -4.18354 1.56904 -4.08861 -0.37364 4.86979 -4.26493 3.32345 8.32164 -4.76797 6.84851 12.6495 -5.91084 10.7299 17.1632 -7.77677 14.0834 21.6892 -10.4625 16.8043 26.0591 -13.9455 18.7725 30.3349 -18.4103 19.9113 34.0274 -23.497 19.973 36.9295 -28.9711 18.9116 38.8651 -34.5479 16.7516 39.6052 -38.6353 14.4486 39.6914 -42.4668 11.6432 39.1228 -45.9163 8.4282 37.924 -48.8742 4.91083 35.8103 -51.5764 0.606048 33.0236 -53.4145 -3.77074 29.6924 -54.3464 -8.05273 25.9559 -54.3742 -12.0948 22.1665 -53.6015 -15.598 18.2492 -52.1075 -18.7047 14.3036 -49.9639 -21.3631 10.4157 -47.2505 -23.5428 5.74452 -43.1816 -25.5735 1.37937 -38.5094 -26.8451 -2.60354 -33.3767 -27.3862 -0.865749 -0.806455 -0.69763 -0.577888 -0.694484 -0.625844 -0.552688 -0.474 -0.7136 -0.662042 -0.605076 -0.543549 -0.748045 -0.687559 -0.629 -0.573307 -0.778727 -0.744011 -0.736831 -0.766425 -0.498188 -0.584568 -0.7237 -0.907644 -0.488147 -0.684733 -0.820222 -0.862503 -0.921418 -0.920208 -0.836168 -0.674859 -1.00042 -0.840159 -0.628591 -0.380868 -0.865209 -0.727998 -0.617301 -0.537948 -0.774536 -0.724808 -0.69737 -0.684757 -0.771863 -0.782973 -0.805591 -0.847012 -0.790507 -0.879713 -1.07267 -1.32559 -0.259524 -0.636756 -0.929871 -1.13678 -0.517696 -0.75822 -0.910451 -0.980397 -0.803471 -0.847434 -0.793662 -0.662364 -0.917946 -0.748746 -0.566332 -0.394289 -0.832678 -0.701651 -0.577984 -0.454699 -0.91944 -0.788869 -0.643119 -0.470481 -1.18765 -1.00223 -0.78351 -0.57054 -0.896495 -0.694688 -0.63251 -0.675498 -0.581581 -0.641326 -0.723186 -0.819084 -0.669431 -0.773377 -0.887344 -1.00743 -0.582801 -0.682815 -0.797527 -0.933943 0.360991 0.263398 -0.402022 2.30933 -0.181729
-9.5449 -27.4711 -25.2633 -11.8983 -23.7141 -25.1519 -13.9144 -19.7879 -24.7211 -15.5797 -15.7434 -23.9897 -16.8905 -11.6291 -22.9798 -17.9807 -6.78391 -21.4752 -18.6141 -1.96412 -19.6593 -18.8205 2.77996 -17.5665 -18.6344 7.40734 -15.2252 -18.2486 10.8619 -13.2714 -17.667 14.2133 -11.1907 -16.9034 17.4479 -8.98734 -15.9692 20.5509 -6.6638 -14.7803 23.7335 -4.02262 -13.4127 26.7207 -1.24316 -11.8732 29.4855 1.67317 -10.167 31.9972 4.72258 -7.25262 35.2747 9.61409 -3.98214 37.7538 14.7444 -0.391557 39.3013 20.0242 3.46139 39.7974 25.3224 7.29451 39.2125 30.2237 11.1987 37.5654 34.8172 15.0685 34.8777 38.9231 18.792 31.228 42.3685 21.9041 27.2613 44.7619 24.7403 22.7506 46.4226 27.237 17.8353 47.291 29.3386 12.6652 47.3325 31.0318 7.26057 46.5045 32.2077 1.92213 44.8072 32.818 -3.17564 42.2768 32.8167 -7.8532 38.9779 32.0874 -12.2133 34.6789 30.5747 -15.6461 29.785 28.2892 -17.9473 24.5405 25.2975 -18.9675 19.2459 22.3136 -18.7831 14.981 19.0233 -17.6665 11.1011 15.5473 -15.7058 7.75443 12.0009 -13.0358 5.03041 7.95929 -9.295 2.6987 4.02702 -5.06553 1.14507 0.219834 -0.547384 0.219485 -3.50118 4.10789 -0.278122 -6.61787 8.03942 -0.538966 -9.77738 11.937 -0.794283 -13.0272 15.7484 -1.18169 -16.4018 19.4125 -1.83401 -20.3453 23.2505 -3.02449 -24.4335 26.6674 -4.84363 -28.5842 29.4969 -7.38608 -32.6593 31.5602 -10.6777 -36.326 32.6626 -14.4856 -39.5706 32.7927 -18.8002 -42.2112 31.8928 -23.4237 -44.0908 29.9735 -28.1081 -45.0866 27.1679 -32.5122 -45.1783 23.5956 -36.4479 -44.3671 19.451 -39.6764 -42.711 14.9665 -42.0013 -40.2075 10.2087 -43.3151 -37.08 5.64393 -43.4274 -33.5327 1.534 -42.3527 -29.7786 -1.91001 -40.1901 -25.6829 -4.74244 -36.7918 -21.7747 -6.55033 -32.5724 -18.1738 -7.36885 -27.8069 -14.9136 -7.31625 -22.736 -12.5745 -6.78796 -18.691 -10.3684 -5.92553 -14.6289 -8.23093 -4.82682 -10.5871 -6.0876 -3.59163 -6.58808 -3.73614 -2.25076 -2.43273 -1.2031 -0.991897 1.64076 1.58693 0.0604987 5.60338 4.68656 0.780153 9.40714 8.81722 1.04284 13.6462 13.3701 0.472957 17.3942 18.2041 -1.05775 20.4586 23.0907 -3.59123 22.6503 28.0173 -7.30314 23.8599 32.3327 -11.8737 23.8392 35.7364 -17.0142 22.6133 38.0219 -22.3963 20.3063 38.9423 -26.4246 17.9644 39.1585 -30.286 15.2074 38.693 -33.8766 12.1334 37.5874 -37.1118 8.83659 35.5768 -40.3311 4.84975 32.8811 -42.9092 0.801686 29.6066 -44.7941 -3.20145 25.8628 -45.9529 -7.06692 21.9813 -46.3652 -10.53 17.8713 -46.1057 -13.7347 13.6271 -45.181 -16.6262 9.34274 -43.6083 -19.156 4.07263 -40.7776 -21.7471 -0.937645 -37.0654 -23.649 -5.52397 -32.5838 -24.8242 0.194234 -0.0154443 -0.0324145 0.021292 -0.133547 -0.0838187 -0.016499 0.0641769 -0.169312 -0.110721 -0.0460288 0.023082 -0.17441 -0.108439 -0.0479451 0.00547517 -0.208648 -0.195713 -0.223021 -0.301394 -0.0952604 -0.252508 -0.460192 -0.683638 -0.24839 -0.380752 -0.422817 -0.366198 -0.334666 -0.257317 -0.113033 0.0939761 -0.197676 -0.0144748 0.211657 0.471272 0.000798695 0.155194 0.285738 0.386091 0.177159 0.257368 0.312095 0.344939 0.266446 0.253231 0.216419 0.146848 0.157699 0.00816196 -0.237239 -0.49671 0.614105 0.30146 0.0654442 -0.102845 0.536671 0.302697 0.147301 0.0678769 0.231771 0.174523 0.218476 0.346203 0.0932542 0.269441 0.458164 0.633482 0.196302 0.325492 0.444448 0.560816 0.0870857 0.206424 0.337854 0.490548 -0.26032 -0.136985 0.028154 0.198274 -0.13869 0.0891849 0.189339 0.177031 0.287155 0.234839 0.154593 0.0553764 0.196922 0.0794907 -0.0523833 -0.194528 0.204694 0.0758601 -0.0723091 -0.248198 0.991343 0.819836 0.263157 -1.70777 -6.01579
-8.0921 -31.1859 -26.7494 -11.6441 -28.5451 -26.4747 -14.8656 -25.5568 -25.8766 -17.7014 -22.2674 -24.9803 -20.1102 -18.7301 -23.8182 -22.3534 -14.3509 -22.169 -23.9638 -9.79869 -20.2683 -24.9507 -5.15433 -18.1744 -25.3406 -0.488337 -15.9371 -25.2595 3.07335 -14.1461 -24.8655 6.58896 -12.3061 -24.1771 10.0369 -10.4253 -23.2111 13.3966 -8.50712 -21.8745 16.9 -6.39561 -20.2489 20.2497 -4.23784 -18.3491 23.4167 -2.02895 -16.1884 26.3697 0.236072 -12.4173 30.3952 3.80496 -8.12726 33.7143 7.512 -3.39321 36.194 11.3333 1.68489 37.7096 15.2164 6.7186 38.1624 18.8925 11.8201 37.5944 22.4574 16.8486 35.9895 25.8035 21.6592 33.3743 28.816 25.6547 30.2391 31.13 29.2679 26.4239 33.0106 32.4092 22.0216 34.389 34.9934 17.1428 35.2058 36.9783 11.778 35.4097 38.2009 6.20637 34.935 38.5745 0.615755 33.7654 38.0221 -4.77253 31.9151 36.3355 -10.0596 29.227 33.517 -14.4659 25.9613 29.6676 -17.649 22.3457 25.0091 -19.3406 18.6769 20.6845 -19.5078 15.7793 16.2369 -18.543 13.2465 11.8746 -16.568 11.1979 7.75225 -13.7685 9.68297 3.4188 -9.79868 8.57532 -0.491217 -5.30805 8.01762 -4.07474 -0.524067 7.82547 -7.48442 4.3889 7.78227 -10.3431 8.51886 7.68271 -13.2836 12.5815 7.38658 -16.367 16.4977 6.75875 -19.6184 20.1712 5.6761 -23.4376 23.8609 3.80566 -27.3503 26.9219 1.15637 -31.2005 29.1758 -2.27792 -34.7909 30.4741 -6.4157 -37.7968 30.7342 -10.8942 -40.2068 30.0068 -15.6716 -41.8936 28.3299 -20.5195 -42.7795 25.7922 -25.203 -42.843 22.5757 -29.4349 -42.1234 18.7906 -33.0975 -40.6782 14.5952 -36.0249 -38.5971 10.1569 -38.0814 -35.8789 5.46498 -39.1896 -32.7522 0.898374 -39.1776 -29.3883 -3.34504 -38.0339 -25.9638 -7.08115 -35.8101 -22.3567 -10.3951 -32.2956 -19.0469 -12.7899 -27.862 -16.1418 -14.2102 -22.7739 -13.668 -14.6827 -17.2963 -11.9981 -14.4574 -12.9063 -10.5009 -13.7757 -8.50116 -9.09629 -12.7128 -4.14121 -7.68759 -11.3496 0.133014 -6.0818 -9.67764 4.51712 -4.2234 -7.86839 8.74408 -1.98959 -6.03233 12.7731 0.7226 -4.29013 16.5418 4.67246 -2.50458 20.5805 9.40782 -1.2679 23.9194 14.7973 -0.789296 26.3329 20.5643 -1.21631 27.6213 26.6701 -2.71014 27.6296 32.2753 -5.19527 26.2441 36.95 -8.47327 23.6146 40.4031 -12.2794 19.9949 42.1164 -15.3349 16.7876 43.045 -18.4297 13.3064 43.2175 -21.4728 9.6638 42.6834 -24.3911 5.95477 41.2576 -27.5434 1.67332 39.0644 -30.3855 -2.49959 36.2007 -32.8674 -6.49204 32.7562 -34.9486 -10.2477 29.0304 -36.5178 -13.547 24.9234 -37.6619 -16.5558 20.5011 -38.3473 -19.2396 15.8331 -38.5385 -21.5639 9.77236 -38.0352 -23.9122 3.62517 -36.6532 -25.5863 -2.40447 -34.365 -26.5392 0.757368 0.500783 0.351306 0.284285 0.027769 -0.00219222 0.00944138 0.0528982 -0.201257 -0.153098 -0.0928973 -0.023333 -0.21573 -0.139705 -0.0662308 0.00173008 -0.192793 -0.157818 -0.167332 -0.236553 -0.0368482 -0.223951 -0.493228 -0.808454 -0.469103 -0.679299 -0.78109 -0.77022 -0.776907 -0.734132 -0.621428 -0.441332 -0.750613 -0.563289 -0.291253 0.077986 -0.229986 0.103797 0.403563 0.634182 0.514303 0.639372 0.703282 0.72066 0.61209 0.562479 0.48342 0.369632 0.338783 0.168078 -0.0489478 -0.237491 0.956052 0.713101 0.527877 0.392848 1.05147 0.825506 0.668739 0.579007 0.722691 0.633516 0.633315 0.706659 0.39289 0.512389 0.658712 0.807366 0.358244 0.483386 0.603706 0.726188 0.263072 0.397437 0.54666 0.717104 -0.0216443 0.0909072 0.193897 0.230159 -0.298246 -0.256378 -0.285065 -0.372508 -0.300612 -0.375187 -0.473513 -0.589976 -0.468499 -0.611291 -0.774302 -0.955128 -0.602807 -0.788519 -1.00795 -1.27414 -0.165697 -0.512751 -1.09322 -1.87623 -6.05484
-5.87361 -33.2295 -26.3337 -10.0535 -31.9172 -25.6465 -13.9715 -30.0837 -24.6703 -17.5416 -27.7583 -23.4406 -20.6907 -24.9875 -22.0014 -23.7682 -21.2596 -20.1145 -26.14 -17.1137 -18.0861 -27.7855 -12.6612 -15.9892 -28.7122 -8.00881 -13.8856 -28.9545 -4.36012 -12.2955 -28.8053 -0.68954 -10.7449 -28.2837 2.96717 -9.24273 -27.4092 6.5773 -7.79281 -26.0907 10.3863 -6.2856 -24.4052 14.0692 -4.83148 -22.3731 17.5902 -3.42027 -20.0143 20.9141 -2.03946 -15.8272 25.5332 0.0329745 -11.005 29.4816 2.11141 -5.64248 32.6303 4.23078 0.141776 34.8576 6.40891 5.90251 36.0238 8.53279 11.7677 36.1927 10.6841 17.5758 35.3267 12.8226 23.1562 33.4226 14.8937 27.8038 30.8693 16.6341 32.007 27.5588 18.222 35.6435 23.5594 19.6108 38.5921 18.9617 20.7577 40.7761 13.746 21.6457 41.9833 8.17983 22.2144 42.0973 2.46199 22.4507 41.0279 -3.16033 22.3599 38.5123 -8.77364 21.9287 34.6439 -13.5233 21.2219 29.6342 -17.0096 20.3436 23.8464 -18.9258 19.4199 18.6962 -19.2146 18.7002 13.6015 -18.3163 18.0969 8.79333 -16.3667 17.6416 4.41537 -13.5621 17.3339 -0.019721 -9.55575 17.124 -3.89056 -4.99931 16.9805 -7.35251 -0.126715 16.786 -10.5998 4.8804 16.4001 -13.3077 9.07025 15.8073 -16.0859 13.1504 14.8733 -18.9888 17.016 13.5062 -22.0277 20.5486 11.6287 -25.5508 23.958 8.8607 -29.0864 26.6133 5.37541 -32.4686 28.3629 1.22844 -35.5048 29.1036 -3.45461 -37.9138 28.828 -8.27961 -39.6856 27.6087 -13.2328 -40.7181 25.5182 -18.1035 -40.9586 22.6676 -22.6835 -40.4198 19.251 -26.7203 -39.1544 15.3706 -30.1262 -37.2432 11.1713 -32.7668 -34.7973 6.7962 -34.5374 -31.8255 2.20388 -35.38 -28.585 -2.27749 -35.1625 -25.2473 -6.50499 -33.8904 -21.9763 -10.3476 -31.6175 -18.6539 -13.9644 -28.1208 -15.7151 -16.8818 -23.7392 -13.2311 -19.0339 -18.6851 -11.2011 -20.4003 -13.1753 -9.88312 -20.9327 -8.69293 -8.73965 -21.016 -4.13252 -7.69086 -20.6757 0.438703 -6.64199 -19.9396 4.96308 -5.42297 -18.7668 9.62491 -3.96163 -17.2247 14.1061 -2.13658 -15.3591 18.323 0.156785 -13.2293 22.1699 3.60109 -10.4466 26.1062 7.84859 -7.58226 29.082 12.8052 -4.86254 30.8528 18.2402 -2.53549 31.2356 24.1502 -0.749053 30.0549 29.7502 0.137945 27.3409 34.6115 0.0367938 23.3571 38.4183 -1.02608 18.4692 40.4869 -2.39712 14.4196 41.8285 -4.18409 10.2285 42.4571 -6.30776 6.02688 42.4095 -8.68877 1.91749 41.5721 -11.6734 -2.63128 39.9791 -14.7959 -6.87545 37.711 -17.961 -10.7664 34.8388 -21.0811 -14.2758 31.6124 -23.9206 -17.235 27.939 -26.5722 -19.8243 23.8579 -28.9604 -22.0312 19.4104 -31.0042 -23.8399 13.4181 -32.9526 -25.5125 7.07096 -34.0662 -26.4991 0.558754 -34.1949 -26.773 0.648258 0.515745 0.405012 0.332045 0.0500987 -0.0110099 -0.0265537 -0.00385842 -0.270824 -0.22984 -0.173429 -0.104666 -0.294741 -0.212396 -0.130092 -0.051768 -0.231713 -0.178894 -0.171876 -0.229236 -0.029933 -0.242785 -0.583058 -1.02165 -0.811033 -1.10979 -1.26111 -1.27435 -1.29343 -1.25966 -1.1571 -0.990554 -1.31723 -1.14525 -0.863028 -0.399399 -0.474388 0.172381 0.73058 1.08923 1.00375 1.11199 1.1423 1.12498 0.989588 0.921618 0.832039 0.717544 0.699189 0.561126 0.397439 0.264601 1.50402 1.29502 1.13513 1.01965 1.69383 1.48025 1.33261 1.24756 1.38922 1.28752 1.26101 1.29343 0.925591 0.985803 1.08009 1.19041 0.720767 0.837622 0.958539 1.08954 0.641766 0.796366 0.965811 1.14968 0.406713 0.477501 0.488612 0.3866 -0.309133 -0.433238 -0.59958 -0.791221 -0.786694 -0.907104 -1.04374 -1.19424 -1.10759 -1.28748 -1.48884 -1.70973 -1.39771 -1.62306 -1.88052 -2.17908 -1.08873 -1.39457 -1.78437 -2.18883 -5.96277
-2.65763 -34.5344 -26.8551 -6.97544 -34.4579 -25.8471 -11.1565 -33.7551 -24.5471 -15.0955 -32.4269 -23.0023 -18.694 -30.499 -21.2705 -22.3623 -27.5458 -19.0909 -25.3509 -23.944 -16.8495 -27.5984 -19.8183 -14.6459 -29.0807 -15.301 -12.5659 -29.7044 -11.6475 -11.0954 -29.8912 -7.89518 -9.7593 -29.659 -4.09618 -8.57036 -29.0288 -0.297908 -7.53307 -27.9277 3.75161 -6.5802 -26.4182 7.70267 -5.78698 -24.5276 11.5127 -5.13295 -22.2816 15.1434 -4.59196 -18.2204 20.2647 -3.92727 -13.4728 24.7681 -3.34197 -8.12671 28.5368 -2.72606 -2.28644 31.4527 -1.98369 3.60847 33.327 -1.09266 9.69244 34.2307 0.0144457 15.7971 34.0895 1.34471 21.7298 32.8594 2.87697 26.7088 30.835 4.37971 31.2267 27.9673 5.96517 35.1287 24.3211 7.58625 38.2667 19.9965 9.19817 40.5499 14.9991 10.8032 41.76 9.6179 12.333 41.7982 4.0789 13.7754 40.6062 -1.35279 15.1313 37.9501 -6.7456 16.5047 33.9762 -11.2777 17.8052 28.9202 -14.5835 19.043 23.1424 -16.3903 20.216 18.0247 -16.6557 21.1463 12.9595 -15.7956 22.0009 8.15482 -13.9324 22.756 3.73785 -11.2446 23.383 -0.804683 -7.38975 23.9029 -4.84907 -2.99115 24.1486 -8.5395 1.71364 24.044 -12.0504 6.52378 23.4948 -14.9853 10.503 22.6057 -17.9735 14.3107 21.2598 -21.0429 17.8252 19.3983 -24.1769 20.9196 16.9813 -27.6894 23.7394 13.6037 -31.0635 25.7273 9.55873 -34.1223 26.7769 4.94995 -36.6812 26.8396 -0.0646244 -38.5123 25.9849 -5.07231 -39.623 24.2946 -10.0792 -39.9521 21.8652 -14.8907 -39.4888 18.8153 -19.3228 -38.2956 15.331 -23.1562 -36.4466 11.4896 -26.3317 -34.0473 7.40543 -28.7447 -31.2245 3.18465 -30.3182 -27.984 -1.24792 -31.0126 -24.595 -5.61389 -30.7233 -21.2116 -9.80907 -29.4649 -17.9709 -13.7323 -27.2885 -14.7298 -17.5859 -23.9731 -11.8794 -20.8964 -19.8184 -9.454 -23.5766 -14.9934 -7.43007 -25.5614 -9.67263 -6.07677 -26.5957 -5.28962 -4.86866 -27.1619 -0.780562 -3.73884 -27.2471 3.78322 -2.61219 -26.8402 8.33042 -1.34239 -25.8697 13.0251 0.101777 -24.3416 17.5166 1.80164 -22.2677 21.6883 3.82142 -19.681 25.4064 6.69909 -16.0073 29.0566 10.0882 -11.8683 31.6029 13.9115 -7.51182 32.8293 18.0131 -3.24269 32.6007 22.4281 0.83185 30.7516 26.6241 4.08984 27.3912 30.3308 6.26847 22.8057 33.339 7.22913 17.3705 35.0687 7.13567 12.9481 36.2994 6.36921 8.42528 37.0291 4.9916 3.93882 37.271 3.08069 -0.402648 36.9697 0.308775 -5.14884 36.0835 -2.92858 -9.51175 34.6486 -6.50219 -13.4451 32.6927 -10.2907 -16.9268 30.3729 -13.9753 -19.8028 27.607 -17.6548 -22.2606 24.3983 -21.2322 -24.2943 20.7524 -24.6059 -25.8927 15.6121 -28.3772 -27.2544 9.88965 -31.4372 -27.8794 3.72645 -33.5578 -27.7439 0.459558 0.404158 0.340513 0.289594 0.0130743 -0.0535117 -0.0788369 -0.0658976 -0.339664 -0.302655 -0.248218 -0.179591 -0.367817 -0.280828 -0.19238 -0.107377 -0.27894 -0.217226 -0.202828 -0.254633 -0.0538105 -0.276086 -0.653481 -1.17499 -1.06181 -1.42631 -1.61026 -1.63544 -1.65664 -1.62133 -1.5178 -1.3545 -1.69327 -1.54809 -1.3078 -0.869703 -0.821107 0.18278 1.03418 1.47153 1.37108 1.43875 1.42875 1.37591 1.21255 1.12296 1.01649 0.891819 0.873577 0.754207 0.633045 0.553974 1.84505 1.67907 1.55328 1.46394 2.15763 1.95812 1.81953 1.73797 1.8762 1.76217 1.71396 1.71728 1.3163 1.34643 1.42125 1.5256 1.06215 1.19125 1.32901 1.47868 1.04825 1.21401 1.38259 1.5488 0.764144 0.763328 0.682479 0.478233 -0.322941 -0.54784 -0.803192 -1.07118 -1.12346 -1.28677 -1.46137 -1.64572 -1.59169 -1.80195 -2.02884 -2.26971 -1.97078 -2.20168 -2.45584 -2.7396 -1.61348 -1.845 -2.11291 -2.35844 -5.81553
-0.299386 -32.146 -24.6274 -4.55334 -32.8552 -23.5948 -8.80533 -32.9281 -22.3374 -12.959 -32.3312 -20.9034 -16.9111 -31.0561 -19.3477 -21.1446 -28.7304 -17.4512 -24.8133 -25.5809 -15.5668 -27.7951 -21.7257 -13.7851 -30.0049 -17.3121 -12.1833 -31.148 -13.6451 -11.1127 -31.7997 -9.8184 -10.2008 -31.9653 -5.9044 -9.45711 -31.6589 -1.9704 -8.88295 -30.8222 2.22829 -8.44743 -29.4918 6.31262 -8.18831 -27.7028 10.2251 -8.08505 -25.4913 13.9166 -8.11272 -21.38 19.0354 -8.3534 -16.5016 23.4198 -8.7289 -10.9852 26.9649 -9.13496 -4.96697 29.5782 -9.47244 1.08597 31.1238 -9.64606 7.30947 31.6925 -9.60807 13.5354 31.2437 -9.30184 19.5754 29.7635 -8.68257 24.6442 27.5867 -7.83573 29.2511 24.65 -6.69529 33.247 21.0318 -5.25005 36.4912 16.8439 -3.49362 38.9058 12.1095 -1.36816 40.2845 7.12251 1.0796 40.5468 2.11023 3.83108 39.6563 -2.67123 6.84887 37.4341 -7.25511 10.3235 34.0206 -10.9247 13.916 29.6344 -13.4012 17.473 24.5766 -14.5078 20.8222 20.0346 -14.3406 23.3656 15.4464 -13.2155 25.5586 10.966 -11.247 27.3413 6.69232 -8.58651 28.6773 2.09413 -4.88506 29.637 -2.19471 -0.730637 29.9715 -6.24491 3.65909 29.669 -10.1484 8.08718 28.71 -13.3801 11.6942 27.3742 -16.5979 15.0867 25.5368 -19.8069 18.1546 23.1855 -22.9824 20.7904 20.3206 -26.4352 23.1103 16.5266 -29.667 24.6441 12.179 -32.5431 25.3075 7.38462 -34.9231 25.0596 2.28835 -36.6208 23.9716 -2.72109 -37.6575 22.0963 -7.67778 -37.9813 19.5117 -12.4081 -37.5802 16.3195 -16.745 -36.5046 12.6957 -20.4827 -34.815 8.71033 -23.5683 -32.6006 4.47826 -25.9018 -29.9713 0.11069 -27.4086 -26.9247 -4.46528 -28.0484 -23.7059 -8.95544 -27.7191 -20.4557 -13.2464 -26.4328 -17.302 -17.2291 -24.2364 -14.0984 -21.0976 -20.9022 -11.2278 -24.3628 -16.7255 -8.73448 -26.9294 -11.8735 -6.61025 -28.7258 -6.52495 -5.16926 -29.5585 -2.12699 -3.8753 -29.8754 2.38268 -2.67161 -29.6661 6.92352 -1.49334 -28.9253 11.4151 -0.204626 -27.5689 16.0079 1.20968 -25.6328 20.3491 2.81907 -23.1433 24.3248 4.67778 -20.1476 27.8127 7.2636 -16.0077 31.1706 10.2557 -11.4314 33.4522 13.6004 -6.65302 34.4919 17.1866 -1.94664 34.191 21.0804 2.6508 32.3979 24.8521 6.52793 29.1956 28.2845 9.42996 24.8013 31.1885 11.1908 19.5117 32.9428 11.7179 15.1296 34.2715 11.5542 10.5726 35.1526 10.7316 5.97854 35.5797 9.30258 1.46924 35.5152 6.97398 -3.51816 34.8751 4.04007 -8.13151 33.6911 0.625098 -12.2832 31.996 -3.14619 -15.9171 29.9427 -6.93832 -18.8553 27.4733 -10.8387 -21.2879 24.5994 -14.7456 -23.2132 21.3284 -18.5545 -24.6352 16.7004 -23.0173 -25.7148 11.497 -26.9307 -26.0461 5.78743 -30.0542 -25.6645 0.44878 0.445138 0.416077 0.38093 0.103314 0.0203007 -0.0306711 -0.047715 -0.349231 -0.335982 -0.304259 -0.256775 -0.46443 -0.393597 -0.31765 -0.241689 -0.42025 -0.360019 -0.341387 -0.386218 -0.18359 -0.427711 -0.887803 -1.56741 -1.57123 -1.95277 -2.10635 -2.09362 -2.08412 -2.02997 -1.92139 -1.76826 -2.13659 -2.04872 -1.9047 -1.60584 -1.53859 0.347506 1.59348 1.91957 1.69107 1.66804 1.60157 1.51516 1.33622 1.2422 1.13998 1.02759 1.03 0.938728 0.847294 0.789679 2.09078 1.92567 1.79487 1.69735 2.38152 2.17211 2.02364 1.93259 2.06214 1.94147 1.89036 1.8959 1.50312 1.54722 1.63904 1.76051 1.31013 1.44774 1.59016 1.73985 1.304 1.45814 1.60923 1.75298 0.939899 0.905738 0.791772 0.556401 -0.273586 -0.524126 -0.800758 -1.08552 -1.14856 -1.31874 -1.49826 -1.68627 -1.63582 -1.85083 -2.0848 -2.33601 -2.05024 -2.29553 -2.56297 -2.85476 -1.72519 -1.92793 -2.135 -2.29358 -5.66255
-0.769815 -29.014 -22.9345 -5.0234 -29.7751 -21.9379 -9.30006 -29.9299 -20.7752 -13.5168 -29.4402 -19.4929 -17.5801 -28.2881 -18.1406 -22.0089 -26.1104 -16.537 -25.9359 -23.0914 -14.99 -29.2193 -19.3302 -13.5754 -31.7444 -14.9633 -12.3579 -33.1166 -11.2992 -11.5887 -33.9705 -7.45188 -10.9813 -34.2984 -3.50204 -10.5441 -34.1054 0.471942 -10.2794 -33.3306 4.70384 -10.1827 -31.9989 8.79499 -10.2703 -30.1503 12.6727 -10.5248 -27.8312 16.2756 -10.9241 -23.4925 21.1375 -11.7611 -18.3626 25.1154 -12.7723 -12.6223 28.1241 -13.8496 -6.4467 30.1146 -14.8804 -0.322683 31.0439 -15.7109 5.8996 31.0336 -16.2939 12.075 30.1028 -16.5284 18.0523 28.2907 -16.3154 23.0907 25.9791 -15.6679 27.7219 23.0795 -14.5313 31.8211 19.6805 -12.8606 35.263 15.8958 -10.6296 37.986 11.76 -7.75857 39.7805 7.54374 -4.32847 40.562 3.44539 -0.409901 40.2862 -0.327031 3.88605 38.8155 -3.79804 8.76587 36.2091 -6.43915 13.6908 32.6199 -8.09068 18.4251 28.2565 -8.67139 22.7434 24.1453 -8.3286 25.9225 19.7922 -7.26847 28.5784 15.3254 -5.57207 30.6512 10.8489 -3.34348 32.1078 5.79474 -0.275084 33.0054 0.898901 3.15858 33.0831 -3.80498 6.78036 32.361 -8.30745 10.421 30.8647 -11.9365 13.3706 29.0294 -15.422 16.126 26.6845 -18.7556 18.5963 23.8519 -21.9193 20.6938 20.561 -25.2266 22.5021 16.3789 -28.2276 23.6332 11.7514 -30.8531 23.9995 6.78448 -33.028 23.5382 1.61189 -34.6217 22.2889 -3.39405 -35.6769 20.2546 -8.28371 -36.1536 17.475 -12.8888 -36.0341 14.0238 -17.0404 -35.3421 10.073 -20.5291 -34.1143 5.69939 -23.2901 -32.4102 1.04731 -25.2171 -30.3101 -3.72846 -26.2374 -27.8062 -8.66374 -26.3 -25.0946 -13.394 -25.3498 -22.2918 -17.7662 -23.437 -19.5034 -21.6503 -20.6497 -16.5827 -25.2068 -16.7552 -13.8582 -27.9695 -12.141 -11.3668 -29.8824 -6.99509 -9.10529 -30.9215 -1.50399 -7.4714 -31.1249 2.90065 -5.92111 -30.8025 7.32835 -4.41238 -29.9657 11.7028 -2.89685 -28.63 15.949 -1.23627 -26.7027 20.2061 0.546517 -24.2738 24.1451 2.50244 -21.3853 27.6701 4.66995 -18.0946 30.6813 7.56034 -13.7406 33.4723 10.7773 -9.08808 35.2347 14.2694 -4.34099 35.8441 17.9387 0.269607 35.2278 21.8731 4.74715 33.2314 25.6612 8.53369 29.9411 29.1044 11.406 25.5357 32.0215 13.2076 20.2671 33.7837 13.806 15.8973 35.1136 13.7391 11.3383 35.9821 13.0273 6.72335 36.3763 11.7115 2.17671 36.2419 9.50603 -2.86495 35.4946 6.67767 -7.52784 34.1689 3.34811 -11.706 32.3057 -0.355119 -15.3275 30.0806 -4.09316 -18.2093 27.4402 -7.94349 -20.5402 24.41 -11.7993 -22.3233 21.0096 -15.5544 -23.5745 16.2694 -19.9485 -24.4247 11.0137 -23.8039 -24.5479 5.3006 -26.8994 -24.0204 0.498885 0.51088 0.493768 0.464973 0.187208 0.0964235 0.0316187 -0.00328234 -0.322586 -0.325286 -0.309291 -0.276694 -0.498071 -0.438496 -0.370893 -0.300411 -0.482224 -0.420799 -0.39809 -0.44083 -0.248568 -0.53594 -1.10063 -1.89469 -1.89013 -2.20254 -2.29425 -2.24043 -2.20759 -2.14429 -2.03813 -1.89722 -2.28809 -2.23567 -2.14688 -1.94666 -2.03973 0.306513 1.73869 1.9843 1.70313 1.65114 1.57184 1.48373 1.3117 1.23035 1.14712 1.05992 1.09462 1.04028 0.981938 0.942785 2.24477 2.06679 1.91449 1.79184 2.45118 2.21942 2.05198 1.94576 2.06397 1.93662 1.88472 1.89642 1.51794 1.58413 1.70232 1.85039 1.42059 1.57277 1.7253 1.88022 1.4448 1.59455 1.73739 1.87024 1.04393 0.995313 0.868386 0.622329 -0.216138 -0.472898 -0.753546 -1.04045 -1.10404 -1.27397 -1.45276 -1.63988 -1.58875 -1.80407 -2.04028 -2.29647 -2.01858 -2.27421 -2.55356 -2.85703 -1.73753 -1.94333 -2.14227 -2.28221 -5.68087
-1.15583 -28.0008 -25.3631 -5.42038 -28.7799 -24.4292 -9.70343 -28.9726 -23.2961 -13.9243 -28.5431 -22.0056 -17.9936 -27.4735 -20.6048 -22.4394 -25.4157 -18.8934 -26.4019 -22.531 -17.1889 -29.7446 -18.9032 -15.5781 -32.3526 -14.6529 -14.1421 -33.8015 -11.0585 -13.2038 -34.7395 -7.25961 -12.4367 -35.1549 -3.33606 -11.8595 -35.0484 0.63221 -11.4834 -34.3628 4.87691 -11.3072 -33.1139 8.99463 -11.3635 -31.3415 12.9064 -11.6376 -29.0933 16.5457 -12.1066 -24.857 21.4603 -13.1374 -19.8284 25.4881 -14.4233 -14.1893 28.5545 -15.8236 -8.10725 30.6294 -17.1894 -2.05113 31.6843 -18.3153 4.14134 31.862 -19.1391 10.3431 31.1969 -19.5298 16.4179 29.739 -19.3625 21.6113 27.8248 -18.6463 26.4632 25.4006 -17.3308 30.8457 22.5527 -15.3736 34.6279 19.3881 -12.7606 37.7514 15.945 -9.42118 39.9904 12.4538 -5.47647 41.2515 9.07567 -1.03119 41.479 5.97092 3.77206 40.5563 3.0989 9.15016 38.4715 0.867151 14.507 35.3328 -0.616059 19.6033 31.2987 -1.29553 24.2173 27.3366 -1.24207 27.5975 22.9947 -0.642082 30.4109 18.3953 0.451864 32.5963 13.6509 1.96935 34.1177 8.1494 4.12999 35.0289 2.70481 6.60404 35.0569 -2.59295 9.253 34.2311 -7.67877 11.9395 32.5933 -11.7533 14.123 30.6262 -15.622 16.1597 28.1515 -19.2637 17.9726 25.2037 -22.6564 19.4858 21.8215 -26.1306 20.7368 17.5713 -29.2178 21.4187 12.9128 -31.8693 21.4406 7.94611 -34.0315 20.726 2.79709 -35.5959 19.2983 -2.17031 -36.6184 17.1249 -7.00674 -37.0686 14.222 -11.5378 -36.9336 10.6462 -15.582 -36.2394 6.56511 -18.917 -35.0236 2.05996 -21.4635 -33.3462 -2.70835 -23.1093 -31.2878 -7.56244 -23.7876 -28.841 -12.5151 -23.4491 -26.194 -17.18 -22.0843 -23.4508 -21.399 -19.7807 -20.6992 -25.0501 -16.6617 -17.768 -28.2839 -12.5027 -14.9529 -30.6832 -7.74198 -12.2686 -32.2228 -2.56791 -9.69994 -32.903 2.84371 -7.74773 -32.8471 7.12129 -5.81682 -32.2877 11.3722 -3.87772 -31.2377 15.5255 -1.8997 -29.713 19.5098 0.259973 -27.6124 23.449 2.52512 -25.0366 27.0307 4.91731 -22.0273 30.1638 7.44725 -18.6405 32.7566 10.6433 -14.1995 35.0292 14.0013 -9.48037 36.2761 17.4609 -4.67234 36.3978 20.9347 0.00956125 35.3423 24.5139 4.58795 32.9464 27.8414 8.5062 29.3286 30.7714 11.5343 24.6639 33.1732 13.4998 19.1975 34.5723 14.2148 14.7154 35.5774 14.251 10.0735 36.1694 13.6248 5.40278 36.3413 12.3762 0.823491 36.0189 10.2277 -4.23425 35.1539 7.43993 -8.90119 33.7703 4.14088 -13.0848 31.8949 0.463585 -16.7264 29.6848 -3.25054 -19.6504 27.0714 -7.07597 -22.0515 24.0678 -10.9053 -23.934 20.6851 -14.6326 -25.3103 15.9486 -18.9915 -26.3426 10.6776 -22.8149 -26.6572 4.93885 -25.8881 -26.3076 0.47714 0.482254 0.460659 0.430206 0.153512 0.0662492 0.00626276 -0.0233704 -0.337912 -0.33644 -0.316135 -0.278971 -0.495296 -0.430006 -0.355921 -0.278294 -0.450536 -0.377536 -0.343868 -0.376852 -0.176199 -0.45393 -0.999509 -1.76348 -1.74329 -2.05558 -2.15257 -2.10574 -2.08077 -2.02603 -1.92877 -1.79674 -2.19625 -2.15116 -2.06729 -1.87383 -2.04949 -0.308526 1.37555 1.77298 1.54751 1.52 1.45277 1.37198 1.20534 1.12927 1.05249 0.973592 1.0197 0.98037 0.93971 0.916274 2.22893 2.05624 1.90506 1.78114 2.43871 2.20604 2.03926 1.93537 2.05731 1.93455 1.88751 1.90435 1.5323 1.60773 1.73906 1.90446 1.49274 1.66178 1.83062 1.99987 1.57576 1.73235 1.87667 2.00573 1.17012 1.10676 0.96246 0.698166 -0.158808 -0.433698 -0.731471 -1.03472 -1.1122 -1.29386 -1.48413 -1.68229 -1.64225 -1.86777 -2.11162 -2.3721 -2.09478 -2.34782 -2.62241 -2.92055 -1.79663 -2.00229 -2.20723 -2.35798 -5.74515
1.22663 -28.8283 -24.7882 -2.98831 -29.7485 -23.762 -7.24294 -30.0302 -22.5437 -11.4465 -29.6401 -21.1858 -15.5014 -28.5662 -19.7472 -19.9269 -26.4599 -18.0423 -23.8635 -23.498 -16.4117 -27.1792 -19.7839 -14.9486 -29.7698 -15.4552 -13.7323 -31.222 -11.8135 -13.0049 -32.1854 -7.98038 -12.4765 -32.6548 -4.0337 -12.1551 -32.636 -0.0479593 -12.0392 -32.0851 4.21893 -12.1332 -31.011 8.37527 -12.433 -29.4474 12.3561 -12.909 -27.4316 16.1077 -13.5264 -23.5661 21.2965 -14.6651 -18.8786 25.7311 -15.9 -13.5059 29.3204 -17.0889 -7.58876 31.9918 -18.0959 -1.59426 33.6263 -18.7677 4.60777 34.3368 -19.0624 10.8507 34.1023 -18.8966 16.9498 32.9287 -18.2036 22.1125 31.1196 -17.0982 26.8605 28.6505 -15.5145 31.0574 25.6075 -13.4472 34.5793 22.1037 -10.904 37.3797 18.175 -7.8242 39.2684 14.0751 -4.30479 40.1823 9.98879 -0.402283 40.0891 6.10939 3.80533 38.8672 2.37946 8.5612 36.5393 -0.664848 13.392 33.2189 -2.83956 18.111 29.0724 -4.02181 22.5192 25.078 -4.21054 25.8563 20.7688 -3.67472 28.7322 16.2701 -2.47427 31.0663 11.6907 -0.701093 32.8016 6.4426 1.89848 34.0121 1.29009 4.91371 34.3659 -3.71258 8.15167 33.8618 -8.53418 11.4222 32.5123 -12.4301 14.0538 30.7416 -16.1667 16.4708 28.4103 -19.7215 18.5706 25.548 -23.0632 20.2558 22.1966 -26.504 21.546 17.9311 -29.5572 22.0995 13.2332 -32.1483 21.8373 8.24164 -34.2052 20.7151 3.12223 -35.6189 18.8266 -1.73526 -36.4466 16.177 -6.3672 -36.6719 12.8366 -10.6041 -36.3021 8.90726 -14.2897 -35.3871 4.58764 -17.25 -33.9758 -0.0419854 -19.4486 -32.1343 -4.83649 -20.82 -29.9395 -9.65096 -21.3325 -27.3666 -14.5365 -20.9546 -24.5908 -19.1521 -19.6813 -21.6968 -23.3732 -17.5745 -18.7588 -27.0935 -14.7182 -15.5795 -30.4748 -10.8705 -12.4794 -33.0689 -6.39767 -9.49774 -34.8077 -1.45468 -6.6558 -35.6434 3.79617 -4.53695 -35.648 7.99406 -2.50271 -35.0794 12.1953 -0.544391 -33.9413 16.3162 1.35062 -32.2462 20.2719 3.29695 -29.8808 24.172 5.21031 -26.9624 27.6957 7.11121 -23.5467 30.7476 9.0187 -19.7055 33.2376 11.3239 -14.6802 35.3669 13.6779 -9.35515 36.464 16.0832 -3.94075 36.4457 18.524 1.32881 35.2729 21.112 6.48911 32.7856 23.6349 10.9228 29.1127 26.0089 14.3758 24.4271 28.1401 16.6547 18.9702 29.5305 17.5238 14.5126 30.6894 17.6403 9.90809 31.5832 17.0218 5.28456 32.1833 15.7127 0.758568 32.4829 13.4166 -4.23532 32.3318 10.4088 -8.84302 31.711 6.82817 -12.9775 30.6062 2.818 -16.5829 29.1008 -1.24986 -19.4838 27.1416 -5.45708 -21.8692 24.7222 -9.68626 -23.7372 21.8403 -13.8198 -25.093 17.6035 -18.675 -26.0809 12.6924 -22.9558 -26.3208 7.18786 -26.4186 -25.8639 0.580598 0.591406 0.573952 0.546613 0.272541 0.187847 0.130259 0.102846 -0.21 -0.207712 -0.187529 -0.151876 -0.371523 -0.311711 -0.245775 -0.179105 -0.368845 -0.321614 -0.316828 -0.378264 -0.197297 -0.469773 -0.957038 -1.62821 -1.58328 -1.92336 -2.05342 -2.02988 -2.0174 -1.96611 -1.86571 -1.72652 -2.117 -2.06435 -1.98007 -1.80815 -2.08267 -0.572047 1.43154 1.91655 1.70501 1.674 1.59682 1.50179 1.31837 1.22421 1.12665 1.02464 1.04485 0.979203 0.918183 0.883759 2.19538 2.02914 1.88884 1.77713 2.44561 2.22088 2.05823 1.95447 2.07296 1.94446 1.89183 1.90623 1.53778 1.62507 1.77453 1.95962 1.56213 1.73797 1.90672 2.06847 1.62936 1.76409 1.88185 1.98166 1.11318 1.01519 0.838833 0.54554 -0.337993 -0.636919 -0.955605 -1.27669 -1.3671 -1.55772 -1.75459 -1.95664 -1.9173 -2.1388 -2.37334 -2.61907 -2.3225 -2.55303 -2.80268 -3.07493 -1.92268 -2.1002 -2.28214 -2.41579 -5.89628
1.19858 -29.6883 -24.2508 -2.97171 -30.5115 -22.9873 -7.15297 -30.635 -21.5151 -11.2398 -30.0363 -19.9012 -15.1262 -28.7195 -18.2198 -19.2872 -26.3111 -16.2667 -22.8988 -23.0601 -14.4457 -25.8522 -19.0977 -12.8629 -28.0743 -14.5806 -11.6032 -29.2605 -10.8404 -10.8935 -29.9865 -6.94778 -10.4241 -30.2581 -2.976 -10.1978 -30.088 1.00783 -10.2068 -29.4297 5.25291 -10.461 -28.3053 9.37939 -10.937 -26.7435 13.3348 -11.5956 -24.7726 17.0765 -12.3921 -21.0362 22.2994 -13.7792 -16.5091 26.843 -15.2016 -11.2893 30.6186 -16.4904 -5.49005 33.5402 -17.4884 0.435427 35.4484 -18.04 6.6055 36.4396 -18.1072 12.8361 36.4643 -17.622 18.9173 35.5035 -16.5483 24.0369 33.8295 -15.0872 28.6996 31.4353 -13.1701 32.7587 28.4037 -10.829 36.0876 24.8471 -8.10542 38.6376 20.7987 -4.96379 40.2346 16.5139 -1.52095 40.8304 12.1789 2.16889 40.4084 7.98958 6.04627 38.8345 3.8653 10.3517 36.1683 0.381915 14.6854 32.5321 -2.24702 18.9152 28.1013 -3.85988 22.8889 23.9004 -4.36242 25.9265 19.425 -4.07294 28.5747 14.8089 -3.0372 30.7533 10.1671 -1.34127 32.3978 4.9183 1.27511 33.5682 -0.163176 4.40814 33.9258 -5.03187 7.84701 33.4408 -9.6669 11.3792 32.0971 -13.3718 14.2575 30.3005 -16.8879 16.9281 27.9039 -20.1923 19.2694 24.9311 -23.2511 21.1664 21.4262 -26.3329 22.6398 16.9508 -28.9823 23.3058 12.0278 -31.1304 23.0817 6.82839 -32.7198 21.9305 1.5514 -33.6844 19.9658 -3.38517 -34.0894 17.211 -8.01198 -33.9477 13.7541 -12.1581 -33.2941 9.71078 -15.6773 -32.2022 5.28845 -18.4177 -30.7281 0.566002 -20.3631 -28.941 -4.31648 -21.4707 -26.9109 -9.22276 -21.7286 -24.6107 -14.2187 -21.1117 -22.186 -18.9699 -19.6359 -19.6924 -23.3586 -17.3662 -17.1732 -27.281 -14.3829 -14.4373 -30.9171 -10.4282 -11.7353 -33.7888 -5.86763 -9.08417 -35.8073 -0.843348 -6.49409 -36.8995 4.49005 -4.5182 -37.0697 8.75371 -2.58634 -36.6253 13.0178 -0.700591 -35.5624 17.1922 1.13753 -33.8902 21.1844 3.02334 -31.4943 25.0955 4.85654 -28.4967 28.5953 6.64022 -24.9647 31.5849 8.37985 -20.9837 33.9764 10.4078 -15.7784 35.9496 12.3995 -10.2747 36.8684 14.3697 -4.69075 36.672 16.3283 0.74009 35.3412 18.3929 6.06856 32.7224 20.43 10.6737 28.9598 22.4058 14.302 24.2222 24.2687 16.7528 18.7417 25.5611 17.7409 14.2794 26.7183 17.96 9.67818 27.7056 17.4221 5.06362 28.4879 16.1671 0.550138 29.0947 13.8972 -4.42778 29.3307 10.8741 -9.0219 29.1497 7.23605 -13.1489 28.5083 3.12677 -16.7549 27.4377 -1.07165 -19.6629 25.8854 -5.44074 -22.0568 23.8252 -9.85534 -23.9266 21.2399 -14.1856 -25.266 17.275 -19.2774 -26.1902 12.5295 -23.746 -26.2965 7.10964 -27.3058 -25.6232 0.524391 0.532838 0.51627 0.493922 0.229783 0.160351 0.12117 0.113805 -0.180919 -0.163461 -0.12925 -0.0812808 -0.290362 -0.222218 -0.151074 -0.0823432 -0.273398 -0.233651 -0.241396 -0.319166 -0.155199 -0.437977 -0.912302 -1.53757 -1.45607 -1.79015 -1.92859 -1.91566 -1.91109 -1.86318 -1.761 -1.61475 -1.99213 -1.91894 -1.80451 -1.58741 -1.81647 -0.557935 1.1665 1.78243 1.64815 1.65834 1.60384 1.52241 1.3472 1.25892 1.16681 1.07077 1.0987 1.04339 0.994123 0.971017 2.29219 2.13297 1.99687 1.88632 2.5528 2.32284 2.15149 2.03518 2.13662 1.98629 1.90805 1.8949 1.49893 1.56363 1.70069 1.88493 1.49479 1.6805 1.85969 2.03019 1.59684 1.73329 1.84862 1.94244 1.0644 0.953626 0.763355 0.455931 -0.441751 -0.754452 -1.08593 -1.41868 -1.51822 -1.71568 -1.91823 -2.12448 -2.08764 -2.30894 -2.53993 -2.77863 -2.47209 -2.6907 -2.92727 -3.18671 -2.02224 -2.19139 -2.3717 -2.5094 -5.9385
0.0331149 -29.5412 -25.677 -4.10912 -30.3465 -24.3136 -8.22933 -30.4265 -22.6757 -12.2108 -29.7591 -20.8405 -15.9406 -28.3551 -18.8955 -19.8524 -25.8349 -16.5988 -23.1554 -22.4799 -14.4164 -25.7632 -18.4371 -12.4712 -27.6315 -13.8716 -10.8605 -28.5601 -10.1161 -9.89443 -29.0536 -6.22362 -9.18359 -29.1269 -2.2623 -8.73352 -28.7987 1.70689 -8.53903 -28.018 5.93837 -8.59939 -26.8204 10.0599 -8.91171 -25.2307 14.0239 -9.43947 -23.271 17.7904 -10.1403 -19.6098 23.0856 -11.452 -15.1978 27.7381 -12.8842 -10.1026 31.6498 -14.2624 -4.41164 34.7224 -15.418 1.44321 36.7759 -16.1667 7.58311 37.9043 -16.4588 13.8258 38.0516 -16.2062 19.9576 37.1964 -15.354 25.1496 35.6036 -14.0678 29.9047 33.2807 -12.2956 34.0714 30.3123 -10.065 37.5188 26.8124 -7.4167 40.1978 22.8139 -4.31867 41.9273 18.5678 -0.891953 42.6551 14.2549 2.8001 42.36 10.0641 6.6876 40.9123 5.90261 11.0015 38.3548 2.3343 15.3317 34.8021 -0.436838 19.5415 30.4201 -2.2545 23.4807 26.2262 -2.97793 26.4832 21.7215 -2.94725 29.0973 17.038 -2.19816 31.2493 12.2923 -0.803737 32.8806 6.88612 1.46614 34.0578 1.62001 4.27323 34.4496 -3.44393 7.42661 34.0278 -8.26755 10.7323 32.7747 -12.1135 13.4795 31.0715 -15.7469 16.0829 28.7783 -19.139 18.4294 25.9101 -22.2516 20.4089 22.4995 -25.3507 22.0676 18.1015 -27.9701 23.0092 13.2076 -30.0418 23.1334 7.97397 -31.5113 22.377 2.59189 -32.3258 20.8054 -2.50976 -32.5556 18.429 -7.35336 -32.2268 15.3104 -11.7495 -31.3917 11.5455 -15.5295 -30.146 7.32705 -18.5148 -28.5633 2.73479 -20.6748 -26.732 -2.08916 -21.9534 -24.7382 -7.0024 -22.3331 -22.5724 -12.0667 -21.7916 -20.3847 -16.9406 -20.346 -18.2257 -21.501 -18.0717 -16.1249 -25.6418 -15.0598 -13.9153 -29.5694 -11.0551 -11.7782 -32.7901 -6.42842 -9.6902 -35.2145 -1.31869 -7.62016 -36.7627 4.1278 -5.99368 -37.3145 8.50524 -4.34569 -37.2639 12.909 -2.66651 -36.5942 17.25 -0.950708 -35.3014 21.4329 0.898961 -33.2763 25.5647 2.78638 -30.6077 29.2944 4.70335 -27.3554 32.5102 6.63879 -23.6027 35.1114 8.95533 -18.6081 37.2996 11.2584 -13.2588 38.3866 13.5264 -7.78591 38.3122 15.7375 -2.43229 37.0668 17.9949 2.84963 34.5136 20.1326 7.45354 30.8058 22.1153 11.1424 26.1181 23.9029 13.7324 20.6766 25.0976 14.8847 16.2265 26.1339 15.3185 11.6117 26.9893 15.04 6.94813 27.64 14.0796 2.34243 28.1072 12.1783 -2.80222 28.2283 9.53189 -7.62744 27.9636 6.25746 -12.0443 27.2717 2.48011 -15.9881 26.1816 -1.44661 -19.2472 24.6324 -5.59517 -22.0074 22.5902 -9.8456 -24.2417 20.0287 -14.0686 -25.9253 16.0902 -19.0991 -27.2223 11.3563 -23.5654 -27.6004 5.9363 -27.1483 -27.065 0.434347 0.430863 0.407543 0.384262 0.125325 0.0676181 0.0448349 0.0569972 -0.218833 -0.184498 -0.13352 -0.0693647 -0.262818 -0.180277 -0.0963633 -0.016232 -0.194305 -0.140155 -0.133269 -0.194805 -0.0128196 -0.278174 -0.746388 -1.3957 -1.35255 -1.71068 -1.86008 -1.85188 -1.85 -1.80435 -1.70436 -1.55994 -1.93818 -1.86374 -1.74479 -1.52063 -1.76227 -0.679646 0.90012 1.60643 1.53121 1.57465 1.54095 1.47515 1.31259 1.23568 1.15554 1.07264 1.1161 1.07859 1.04643 1.03839 2.3711 2.21965 2.08795 1.97884 2.64429 2.41117 2.23453 2.1105 2.20085 2.03498 1.93612 1.89698 1.469 1.4979 1.6015 1.76042 1.35866 1.54355 1.73012 1.91433 1.49899 1.65546 1.79016 1.90133 1.03923 0.941893 0.761479 0.461025 -0.431781 -0.741288 -1.07094 -1.40292 -1.50249 -1.7004 -1.90377 -2.11122 -2.0761 -2.29986 -2.53395 -2.77648 -2.47452 -2.6985 -2.94164 -3.20927 -2.05653 -2.24298 -2.44532 -2.6077 -5.96618
-1.29968 -29.469 -27.525 -5.34921 -30.1315 -25.8434 -9.29869 -30.0639 -23.8279 -13.0307 -29.2513 -21.5746 -16.4394 -27.7125 -19.1918 -19.9039 -25.058 -16.3848 -22.7143 -21.6023 -13.7223 -24.8211 -17.4959 -11.3501 -26.2163 -12.9019 -9.38097 -26.8213 -9.14427 -8.19179 -27.0379 -5.2627 -7.30497 -26.8891 -1.32043 -6.72509 -26.3987 2.62678 -6.44412 -25.5115 6.83766 -6.45481 -24.2768 10.9491 -6.75577 -22.7136 14.921 -7.30257 -20.8349 18.7208 -8.04453 -17.3789 24.1295 -9.44632 -13.2236 28.9839 -10.9733 -8.38837 33.188 -12.4254 -2.91901 36.6291 -13.6119 2.78607 39.0756 -14.3352 8.84283 40.6018 -14.5434 15.0595 41.1113 -14.156 21.1998 40.546 -13.1392 26.4047 39.1274 -11.7093 31.157 36.8874 -9.82635 35.2898 33.9078 -7.54817 38.6641 30.3064 -4.942 41.2268 26.1191 -1.99903 42.8048 21.6091 1.15253 43.3575 16.9683 4.45711 42.8766 12.3965 7.86732 41.2301 7.778 11.6066 38.4861 3.72219 15.3542 34.7666 0.457097 19.0323 30.2433 -1.83104 22.5435 25.955 -2.90913 25.2957 21.3824 -3.17615 27.7751 16.6605 -2.65521 29.9103 11.906 -1.41259 31.6357 6.52149 0.779188 33.0388 1.30028 3.60718 33.7506 -3.70955 6.87286 33.7046 -8.48259 10.3712 32.8415 -12.2944 13.3307 31.445 -15.9009 16.1801 29.4168 -19.2677 18.7913 26.7552 -22.3475 21.0378 23.483 -25.387 22.9785 19.1594 -27.9086 24.1657 14.2676 -29.8354 24.4883 8.98729 -31.1137 23.8816 3.53788 -31.7119 22.4142 -1.62442 -31.7108 20.1141 -6.51007 -31.1584 17.0538 -10.9248 -30.1288 13.3364 -14.7038 -28.7389 9.15597 -17.6789 -27.0722 4.58973 -19.8309 -25.2247 -0.226775 -21.1143 -23.2842 -5.15931 -21.519 -21.2439 -10.2806 -21.0286 -19.2439 -15.256 -19.659 -17.3219 -19.9669 -17.4809 -15.4916 -24.3085 -14.5771 -13.5948 -28.51 -10.6918 -11.7661 -32.055 -6.17122 -9.95953 -34.8421 -1.13986 -8.12351 -36.7749 4.26754 -6.63493 -37.6272 8.64584 -5.07969 -37.8661 13.0771 -3.44488 -37.4641 17.4677 -1.72484 -36.4073 21.7147 0.178646 -34.5898 25.918 2.16341 -32.0832 29.7089 4.21084 -28.9496 32.9621 6.29719 -25.2802 35.5654 8.80228 -20.3545 37.7014 11.2815 -15.0628 38.6777 13.6943 -9.65678 38.4459 16.0061 -4.39214 37.0174 18.3146 0.768476 34.2693 20.4466 5.23438 30.3932 22.3746 8.79106 25.5822 24.0717 11.2828 20.0663 25.1841 12.4006 15.5862 26.1332 12.8434 10.9535 26.9019 12.6212 6.27186 27.4703 11.7637 1.63504 27.8497 10.0334 -3.57674 27.8902 7.60007 -8.51416 27.548 4.56402 -13.093 26.7756 1.03309 -17.2447 25.6003 -2.66661 -20.7319 23.9522 -6.60432 -23.7331 21.7951 -10.6655 -26.1994 19.1044 -14.7215 -28.0803 14.995 -19.5682 -29.5373 10.107 -23.8637 -29.9342 4.59152 -27.2703 -29.2454 0.240968 0.233925 0.216762 0.207663 -0.0295919 -0.0593368 -0.0516129 -0.00779393 -0.255433 -0.197181 -0.123531 -0.038651 -0.213378 -0.115024 -0.0190541 0.069563 -0.101987 -0.0454521 -0.039609 -0.102961 0.0803416 -0.174724 -0.617374 -1.23806 -1.19675 -1.57835 -1.75235 -1.76237 -1.77177 -1.73108 -1.63045 -1.48068 -1.84934 -1.76198 -1.62932 -1.3988 -1.68003 -0.81508 0.596807 1.44451 1.46667 1.55814 1.54749 1.49245 1.33351 1.25705 1.17579 1.09128 1.1336 1.09647 1.06656 1.06301 2.40147 2.25577 2.1288 2.02247 2.68811 2.45225 2.26971 2.13653 2.21431 2.03254 1.91528 1.85628 1.4075 1.41704 1.5063 1.65853 1.25877 1.45125 1.64994 1.84907 1.44999 1.62233 1.77086 1.89325 1.04041 0.949873 0.773552 0.475142 -0.417165 -0.727421 -1.05869 -1.3928 -1.49436 -1.69379 -1.89832 -2.10642 -2.07133 -2.29442 -2.52744 -2.76913 -2.46751 -2.69402 -2.94315 -3.22155 -2.08773 -2.30429 -2.5428 -2.73842 -5.92095
-1.07347 -30.9198 -25.1509 -5.14556 -31.3574 -23.4504 -9.11055 -31.0691 -21.4854 -12.859 -30.0502 -19.3461 -16.2921 -28.3268 -17.1305 -19.8024 -25.4896 -14.57 -22.6811 -21.889 -12.1871 -24.8788 -17.6738 -10.106 -26.3841 -13.0023 -8.42095 -27.083 -9.2022 -7.43562 -27.3984 -5.28949 -6.73484 -27.3502 -1.32393 -6.32011 -26.9589 2.6419 -6.18195 -26.1741 6.87076 -6.32174 -25.0343 11.0005 -6.72754 -23.5564 14.9927 -7.35791 -21.7524 18.8151 -8.16603 -18.3895 24.2621 -9.64383 -14.3045 29.1557 -11.234 -9.52084 33.3946 -12.7543 -4.08853 36.8618 -14.0314 1.59353 39.3227 -14.877 7.64138 40.8518 -15.2541 13.8687 41.3518 -15.0894 20.0463 40.7625 -14.3499 25.3121 39.307 -13.2093 30.1535 37.0122 -11.6466 34.4027 33.9564 -9.70903 37.9169 30.2549 -7.45128 40.6413 25.9389 -4.86047 42.393 21.275 -2.04223 43.1246 16.4577 0.96118 42.8231 11.6909 4.11548 41.3657 6.84857 7.64412 38.8035 2.5636 11.2632 35.2565 -0.924211 14.9071 30.8959 -3.41475 18.4856 26.7379 -4.6367 21.3744 22.2908 -5.01406 24.0592 17.6914 -4.56316 26.461 13.0579 -3.34565 28.5044 7.81113 -1.12448 30.3218 2.72354 1.79608 31.4845 -2.16345 5.21674 31.9105 -6.83517 8.93041 31.5247 -10.589 12.1145 30.5203 -14.1711 15.2234 28.8644 -17.555 18.1212 26.5427 -20.6991 20.6695 23.5661 -23.8693 22.9476 19.5092 -26.5811 24.4469 14.8085 -28.7494 25.0317 9.6457 -30.3076 24.6184 4.25134 -31.1974 23.2631 -0.899546 -31.4981 21.0042 -5.7952 -31.2473 17.9249 -10.2241 -30.5108 14.1443 -14.0089 -29.3944 9.87655 -16.9753 -27.9804 5.21499 -19.1036 -26.3594 0.308476 -20.3516 -24.614 -4.6997 -20.714 -22.7389 -9.87912 -20.177 -20.862 -14.8896 -18.7617 -19.019 -19.6118 -16.5402 -17.2245 -23.9405 -13.5951 -15.3202 -28.0986 -9.66698 -13.4417 -31.5663 -5.10709 -11.5509 -34.2383 -0.0442893 -9.60509 -36.0151 5.37818 -8.01958 -36.718 9.74899 -6.36223 -36.7861 14.149 -4.62422 -36.1978 18.4786 -2.80317 -34.9482 22.63 -0.797918 -32.932 26.693 1.28298 -30.2457 30.3052 3.42213 -26.965 33.3475 5.59895 -23.192 35.7181 8.21652 -18.2081 37.5649 10.8223 -12.933 38.2601 13.3847 -7.61332 37.7737 15.8748 -2.49538 36.1282 18.4053 2.45592 33.1966 20.7876 6.66794 29.1845 22.982 9.93333 24.2819 24.9438 12.1002 18.7169 26.2418 12.9515 14.2281 27.3547 13.1114 9.61353 28.2574 12.593 4.97944 28.9236 11.4302 0.422861 29.3658 9.34211 -4.65111 29.4123 6.55794 -9.39947 29.0211 3.19101 -13.7367 28.1505 -0.636563 -17.5958 26.8448 -4.57254 -20.7632 25.0406 -8.69086 -23.4114 22.7135 -12.8668 -25.5031 19.8521 -16.9645 -27.0034 15.5469 -21.7565 -28.0041 10.5019 -25.8856 -28.0067 4.87876 -29.0352 -27.0269 0.347064 0.345602 0.332162 0.324819 0.0874136 0.0554385 0.0590387 0.0969598 -0.15731 -0.105753 -0.0394716 0.037642 -0.145119 -0.0545171 0.0344987 0.117225 -0.0601681 -0.00737409 -0.00159713 -0.0607289 0.131567 -0.111067 -0.546389 -1.18847 -1.19464 -1.61309 -1.80677 -1.82591 -1.83955 -1.80098 -1.70182 -1.55389 -1.92601 -1.84604 -1.72922 -1.53455 -1.89362 -1.15282 0.381345 1.4363 1.51654 1.62234 1.61641 1.56331 1.40458 1.32691 1.24249 1.15223 1.18495 1.13279 1.08285 1.05804 2.37675 2.21418 2.07334 1.95617 2.61369 2.37196 2.18533 2.04957 2.12616 1.94471 1.8295 1.77448 1.3321 1.35064 1.45072 1.61444 1.22406 1.42318 1.62643 1.82798 1.42958 1.60141 1.74899 1.87061 1.01755 0.927751 0.753235 0.457635 -0.430881 -0.736437 -1.06233 -1.39053 -1.48668 -1.68145 -1.88143 -2.08524 -2.046 -2.26537 -2.49557 -2.73542 -2.43282 -2.65894 -2.90785 -3.18568 -2.05013 -2.26212 -2.49278 -2.67825 -5.95825
1.53832 -30.2663 -26.3318 -2.58461 -30.6674 -24.7488 -6.61309 -30.3646 -22.9198 -10.4458 -29.3555 -20.9305 -13.9912 -27.6647 -18.8722 -17.6732 -24.8861 -16.4949 -20.7654 -21.3534 -14.2843 -23.2096 -17.2014 -12.3569 -24.9792 -12.5773 -10.8029 -25.8812 -8.79909 -9.90195 -26.3912 -4.89498 -9.27125 -26.5214 -0.925847 -8.91211 -26.2865 3.0535 -8.81446 -25.6406 7.30489 -8.97972 -24.6059 11.4618 -9.38968 -23.1986 15.4825 -9.99981 -21.4325 19.3325 -10.7597 -18.0717 24.8155 -12.1028 -13.9416 29.7377 -13.4727 -9.09094 34.001 -14.6803 -3.59703 37.4961 -15.5547 2.1166 39.9974 -15.9475 8.15807 41.5923 -15.8295 14.3429 42.1927 -15.1636 20.4587 41.7404 -13.9599 25.6759 40.4302 -12.4725 30.4975 38.2855 -10.6558 34.7736 35.361 -8.5798 38.3707 31.7438 -6.31591 41.2373 27.438 -3.86541 43.177 22.6835 -1.33661 44.1232 17.6597 1.238 44.0389 12.5649 3.84547 42.7902 7.23867 6.69071 40.3811 2.35473 9.58329 36.9094 -1.80939 12.5212 32.5389 -4.99934 15.4785 28.3154 -6.78115 17.9512 23.7711 -7.65099 20.3428 19.0712 -7.59531 22.5866 14.3637 -6.6579 24.6085 9.09542 -4.60961 26.5615 4.07175 -1.70805 28.0137 -0.669398 1.83753 28.8596 -5.13661 5.81133 28.9942 -8.70123 9.31321 28.4755 -12.1031 12.8249 27.3203 -15.339 16.1989 25.4809 -18.3851 19.2766 22.9337 -21.516 22.1741 19.2595 -24.2626 24.2669 14.8127 -26.5262 25.3632 9.77558 -28.2205 25.3359 4.40655 -29.2613 24.2145 -0.772182 -29.7222 22.063 -5.7036 -29.6369 18.991 -10.1438 -29.0734 15.1536 -13.9011 -28.1386 10.801 -16.8062 -26.9203 6.04977 -18.8559 -25.5092 1.06065 -20.0292 -23.9852 -4.02265 -20.3404 -22.3472 -9.28027 -19.7879 -20.7079 -14.3806 -18.3986 -19.0976 -19.2145 -16.2373 -17.5266 -23.681 -13.3714 -15.8533 -28.0153 -9.52946 -14.1928 -31.6711 -5.03226 -12.5085 -34.5182 0.00789549 -10.7606 -36.428 5.4525 -9.32547 -37.1859 9.86589 -7.81661 -37.2559 14.319 -6.2261 -36.6125 18.6971 -4.5518 -35.2545 22.8762 -2.69969 -33.0788 26.9296 -0.767624 -30.2069 30.4812 1.2316 -26.7396 33.4094 3.28402 -22.8031 35.6198 5.78433 -17.6806 37.2352 8.32304 -12.3469 37.6915 10.885 -7.05029 36.9963 13.4555 -2.02225 35.2041 16.1709 2.78902 32.2054 18.8449 6.85109 28.2226 21.434 9.99077 23.4317 23.8804 12.081 18.0318 25.5903 12.9142 13.6797 27.142 13.0896 9.19418 28.4962 12.6143 4.66664 29.6116 11.5128 0.183196 30.5519 9.50517 -4.85525 31.0515 6.79603 -9.62092 31.0501 3.48756 -14.0203 30.4934 -0.302929 -17.9729 29.4092 -4.22177 -21.2435 27.7533 -8.33378 -23.9963 25.5078 -12.5048 -26.1848 22.6726 -16.5888 -27.7697 18.3444 -21.3404 -28.8604 13.2443 -25.4001 -28.9494 7.55661 -28.4628 -28.0718 0.470922 0.468571 0.454013 0.444748 0.203824 0.166056 0.161711 0.189672 -0.0748698 -0.0329874 0.0232175 0.090182 -0.102829 -0.0222722 0.05741 0.131389 -0.0565641 -0.0168528 -0.025655 -0.101312 0.0751283 -0.173699 -0.58249 -1.14134 -1.06133 -1.44835 -1.64791 -1.68527 -1.71725 -1.69258 -1.60118 -1.45467 -1.82197 -1.73123 -1.60003 -1.39489 -1.77789 -1.20482 -0.0347408 1.12016 1.38882 1.60165 1.65596 1.64088 1.50543 1.44218 1.36614 1.27819 1.3064 1.24062 1.16783 1.11729 2.41246 2.23094 2.07579 1.94821 2.59789 2.34938 2.15572 2.01179 2.07846 1.88532 1.75749 1.68997 1.23599 1.24555 1.34076 1.50365 1.11511 1.31647 1.52159 1.72402 1.32529 1.49574 1.64132 1.76074 0.90547 0.813664 0.637841 0.341828 -0.545938 -0.849182 -1.17079 -1.49233 -1.58049 -1.76675 -1.95673 -2.14924 -2.09672 -2.30115 -2.51651 -2.74245 -2.42801 -2.64481 -2.88702 -3.16089 -2.02404 -2.23757 -2.47139 -2.65984 -6.06503
3.33773 -28.0015 -27.5389 -0.908973 -28.4022 -26.3262 -5.10144 -28.1107 -24.9107 -9.13955 -27.126 -23.3649 -12.9292 -25.4706 -21.7637 -16.9369 -22.7418 -19.9144 -20.3788 -19.2593 -18.1954 -23.1706 -15.1498 -16.6967 -25.2572 -10.5554 -15.4857 -26.3632 -6.7902 -14.7785 -27.0312 -2.89153 -14.2746 -27.2651 1.07749 -13.971 -27.0739 5.0587 -13.8554 -26.4057 9.3094 -13.9176 -25.2786 13.4566 -14.1381 -23.7154 17.4519 -14.4746 -21.7405 21.2537 -14.8803 -17.9892 26.607 -15.5379 -13.4422 31.319 -16.0724 -8.21455 35.2898 -16.3296 -2.44265 38.4246 -16.1847 3.4054 40.5485 -15.596 9.443 41.7674 -14.5385 15.5011 42.0303 -13.0262 21.4063 41.3075 -11.1122 26.4088 39.8239 -9.13181 31.0318 37.5669 -6.9682 35.1595 34.5757 -4.69597 38.6798 30.9134 -2.38447 41.5488 26.5547 -0.0323192 43.5625 21.7121 2.2605 44.6293 16.5435 4.47653 44.6779 11.237 6.62149 43.544 5.6115 8.87793 41.1794 0.376846 11.1209 37.6576 -4.14996 13.3855 33.1434 -7.66558 15.6845 28.7471 -9.65847 17.6409 24.0148 -10.6606 19.5718 19.1471 -10.6527 21.4244 14.3233 -9.68612 23.1341 9.00968 -7.52981 24.8314 4.04121 -4.46858 26.1384 -0.55956 -0.73373 26.944 -4.8315 3.44728 27.1309 -8.21797 7.13444 26.712 -11.4514 10.8414 25.6912 -14.5477 14.418 24.0002 -17.4966 17.697 21.5936 -20.5759 20.8 18.0458 -23.3271 23.0483 13.6784 -25.6355 24.2211 8.67905 -27.3928 24.1735 3.33044 -28.4911 22.9444 -1.81183 -28.9934 20.6199 -6.66 -28.9286 17.3436 -10.952 -28.3653 13.3072 -14.4947 -27.4157 8.79309 -17.1367 -26.1726 3.93218 -18.8933 -24.7311 -1.10934 -19.7675 -23.1739 -6.19204 -19.794 -21.501 -11.4038 -18.9755 -19.8293 -16.426 -17.3586 -18.1931 -21.1617 -15.0076 -16.6079 -25.5176 -11.9838 -14.9401 -29.7193 -7.99495 -13.3169 -33.2232 -3.36519 -11.7125 -35.8855 1.80051 -10.097 -37.56 7.36221 -8.80734 -38.0882 11.8533 -7.48314 -37.8843 16.3607 -6.11676 -36.9245 20.7565 -4.70384 -35.2163 24.9035 -3.16249 -32.651 28.858 -1.56851 -29.3922 32.2393 0.0767386 -25.5655 34.9307 1.77271 -21.3197 36.8518 3.86339 -15.9144 38.0819 6.03391 -10.4021 38.1528 8.29191 -5.0239 37.1148 10.6424 0.0101993 35.0571 13.233 4.77869 31.8847 15.9065 8.78597 27.8465 18.6254 11.8934 23.1067 21.3304 13.9973 17.837 23.3152 14.8768 13.6126 25.2026 15.1272 9.2613 26.9425 14.7474 4.85824 28.4799 13.7502 0.476394 29.9345 11.8578 -4.48377 30.9491 9.23884 -9.21796 31.437 5.98248 -13.6292 31.3206 2.20136 -17.6279 30.5925 -1.74409 -20.9645 29.224 -5.90681 -23.7978 27.1951 -10.1386 -26.0792 24.5089 -14.2791 -27.7732 20.2826 -19.0793 -29.0368 15.2058 -23.1557 -29.3677 9.47215 -26.2109 -28.8284 0.721003 0.710993 0.68323 0.656224 0.392395 0.327033 0.293284 0.290886 -0.000838499 0.0178955 0.0518839 0.098131 -0.114313 -0.0516667 0.0123023 0.0724571 -0.130996 -0.108837 -0.136217 -0.232552 -0.0756434 -0.331645 -0.709814 -1.17463 -0.980714 -1.29568 -1.46588 -1.4983 -1.53488 -1.51672 -1.43011 -1.28505 -1.64942 -1.54995 -1.40275 -1.1724 -1.52639 -0.956045 0.0623201 1.07301 1.35054 1.60041 1.68284 1.6868 1.56242 1.50482 1.4301 1.3389 1.35849 1.27775 1.18576 1.11672 2.39798 2.20831 2.05018 1.92362 2.57691 2.33327 2.14474 2.00544 2.0758 1.88513 1.75846 1.691 1.23617 1.24389 1.33578 1.4928 1.09594 1.28722 1.47993 1.66835 1.25455 1.40972 1.54088 1.64706 0.778756 0.674291 0.487317 0.1816 -0.714515 -1.02436 -1.35013 -1.67295 -1.75957 -1.94245 -2.12715 -2.31257 -2.25068 -2.44347 -2.64614 -2.85891 -2.53165 -2.73621 -2.96639 -3.22827 -2.07786 -2.276 -2.49613 -2.67682 -6.33325
5.96226 -25.1625 -30.8654 1.72129 -25.9457 -29.8328 -2.52682 -26.0363 -28.5636 -6.67751 -25.4213 -27.1287 -10.6292 -24.1109 -25.6015 -14.8752 -21.7395 -23.7914 -18.5859 -18.5508 -22.0618 -21.6516 -14.6642 -20.5046 -23.9913 -10.2226 -19.1905 -25.263 -6.53249 -18.3747 -26.0638 -2.6786 -17.7373 -26.3927 1.26827 -17.2749 -26.2577 5.24203 -16.9733 -25.6087 9.49269 -16.8021 -24.4634 13.6405 -16.752 -22.8537 17.6314 -16.7772 -20.8147 21.4207 -16.828 -16.9557 26.7376 -16.858 -12.3319 31.4006 -16.6604 -7.09553 35.3273 -16.0904 -1.40869 38.4461 -15.0436 4.26452 40.6047 -13.5564 10.0489 41.9266 -11.594 15.8076 42.3715 -9.20738 21.4147 41.9072 -6.48678 26.1973 40.7034 -3.87416 30.6812 38.7469 -1.18806 34.777 36.043 1.46919 38.3849 32.6177 3.99864 41.462 28.4138 6.36955 43.7798 23.6091 8.44457 45.2098 18.3475 10.1859 45.6361 12.816 11.5941 44.8741 6.81335 12.7823 42.793 1.08553 13.7229 39.4248 -4.01542 14.5347 34.9124 -8.1397 15.3417 30.4028 -10.6321 16.1022 25.4769 -12.0845 16.97 20.3747 -12.4511 17.9494 15.3216 -11.7686 19.0111 9.80435 -9.82583 20.2565 4.73506 -6.86929 21.4081 0.147433 -3.14224 22.3179 -4.01223 1.12534 22.8181 -7.25207 4.96468 22.7775 -10.315 8.90442 22.1981 -13.2408 12.7976 20.9645 -16.039 16.4684 18.9811 -18.9881 20.0679 15.8118 -21.6531 22.8106 11.6799 -23.908 24.398 6.77132 -25.626 24.619 1.41433 -26.6866 23.4827 -3.75711 -27.1494 21.1052 -8.58342 -27.0531 17.6771 -12.7546 -26.4831 13.4488 -16.0647 -25.5668 8.75635 -18.3886 -24.4063 3.75797 -19.7774 -23.0986 -1.37016 -20.2789 -21.7216 -6.49527 -19.9681 -20.2747 -11.7228 -18.8679 -18.8541 -16.7567 -17.0587 -17.4789 -21.5248 -14.6083 -16.151 -25.9545 -11.5675 -14.7458 -30.2976 -7.62931 -13.3567 -34.0073 -3.08457 -11.9528 -36.9233 2.00194 -10.5057 -38.8646 7.52313 -9.33134 -39.5773 12.0203 -8.1162 -39.513 16.5625 -6.86301 -38.6291 21.0077 -5.57954 -36.9237 25.1977 -4.20534 -34.2861 29.1661 -2.82149 -30.8948 32.5094 -1.43611 -26.9015 35.1034 -0.0501731 -22.4814 36.8744 1.61292 -16.885 37.8819 3.31406 -11.212 37.7267 5.08963 -5.694 36.5018 6.97783 -0.516281 34.3276 9.13785 4.44296 31.1254 11.4808 8.71396 27.1526 14.0028 12.1809 22.5555 16.6706 14.7477 17.4754 18.7434 16.04 13.402 20.8216 16.7473 9.19021 22.8529 16.8532 4.89826 24.7755 16.3517 0.584244 26.7793 15.019 -4.36645 28.4295 12.911 -9.1762 29.6099 10.0857 -13.7506 30.2106 6.63105 -17.9938 30.1552 2.88379 -21.6248 29.4266 -1.1946 -24.7974 27.9839 -5.4536 -27.4447 25.8145 -9.72457 -29.5139 22.1216 -14.8133 -31.2366 17.4446 -19.2911 -31.9947 11.9729 -22.8317 -31.8346 0.895993 0.886887 0.856364 0.823261 0.549915 0.47198 0.424514 0.408278 0.104759 0.114048 0.139552 0.17843 -0.0405705 0.0159548 0.0744363 0.129383 -0.0807688 -0.0680059 -0.106145 -0.211733 -0.0538394 -0.283298 -0.590154 -0.940143 -0.641159 -0.901345 -1.06154 -1.10989 -1.17133 -1.17668 -1.10657 -0.968801 -1.33026 -1.2168 -1.0462 -0.790715 -1.14878 -0.691398 -0.000211903 0.764304 1.074 1.43244 1.60166 1.66663 1.58096 1.5482 1.48964 1.4067 1.42691 1.33712 1.22661 1.13601 2.39828 2.19469 2.0276 1.89605 2.54675 2.30127 2.11009 1.96609 2.02862 1.82638 1.68479 1.6001 1.12673 1.11753 1.19797 1.35106 0.95681 1.1529 1.35051 1.54185 1.12771 1.2787 1.40235 1.49854 0.617584 0.498375 0.296653 -0.0231364 -0.932451 -1.25401 -1.58912 -1.91849 -2.00815 -2.19154 -2.3747 -2.5566 -2.48883 -2.67315 -2.86552 -3.06661 -2.72709 -2.91923 -3.13682 -3.38605 -2.22142 -2.40398 -2.60944 -2.77826 -6.60386
6.5258 -22.9876 -33.0647 2.61173 -24.6685 -31.8318 -1.42496 -25.6185 -30.2608 -5.46079 -25.7896 -28.431 -9.36958 -25.1665 -26.4313 -13.6224 -23.4578 -23.9978 -17.367 -20.7796 -21.6032 -20.4696 -17.268 -19.3736 -22.84 -13.0918 -17.4066 -24.1342 -9.54865 -16.1138 -24.9622 -5.80277 -15.0262 -25.3309 -1.93199 -14.1425 -25.2561 1.99394 -13.4487 -24.7022 6.22418 -12.8857 -23.6886 10.3862 -12.4744 -22.2488 14.4299 -12.1673 -20.4159 18.3151 -11.9133 -16.9284 23.8696 -11.5298 -12.7167 28.8817 -10.9789 -7.89639 33.2612 -10.1145 -2.59084 36.9172 -8.83075 2.78431 39.6376 -7.16821 8.35743 41.5397 -5.07562 14.0055 42.5508 -2.59889 19.6047 42.6078 0.176463 24.4593 41.8097 2.81155 29.0755 40.1883 5.49664 33.3441 37.7403 8.12985 37.1413 34.4888 10.6113 40.4019 30.3818 12.9056 42.8641 25.6033 14.8718 44.3737 20.3172 16.4658 44.7967 14.7397 17.6802 43.9328 8.70365 18.5983 41.6633 3.00143 19.1962 38.0577 -1.9855 19.5884 33.3088 -5.90648 19.8999 28.6333 -8.18305 20.1889 23.5852 -9.41383 20.5472 18.3988 -9.58967 20.9913 13.2802 -8.77522 21.5048 7.68015 -6.76846 22.1192 2.49402 -3.8372 22.6453 -2.25029 -0.207623 22.9331 -6.58797 3.90736 22.804 -9.96347 7.58192 22.2189 -13.1177 11.3214 21.0763 -16.0553 14.9719 19.2643 -18.7521 18.3486 16.7024 -21.423 21.5504 12.9191 -23.623 23.8266 8.26327 -25.2464 24.8991 2.98008 -26.2206 24.5927 -2.55659 -26.5357 22.9768 -7.6995 -26.2968 20.177 -12.3108 -25.6071 16.4034 -16.1113 -24.5959 11.9141 -18.9369 -23.4139 7.04575 -20.7148 -22.1548 1.9454 -21.5276 -20.8995 -3.21971 -21.4562 -19.6985 -8.32754 -20.6034 -18.5294 -13.4927 -18.9956 -17.4399 -18.4347 -16.7549 -16.4047 -23.0986 -13.9607 -15.3834 -27.4291 -10.669 -14.2315 -31.6881 -6.56042 -12.9728 -35.3542 -1.94282 -11.5513 -38.2751 3.13594 -9.93178 -40.2686 8.59025 -8.52602 -41.0466 13.0096 -7.01349 -41.0592 17.462 -5.42662 -40.2518 21.8142 -3.81122 -38.6104 25.9139 -2.13506 -36.0164 29.7941 -0.547004 -32.6379 33.0586 0.904 -28.6248 35.5854 2.18904 -24.1539 37.3038 3.49761 -18.4573 38.2724 4.59443 -12.6374 38.1096 5.54344 -6.91383 36.9089 6.4273 -1.45461 34.7836 7.38935 3.90519 31.6434 8.47344 8.69427 27.7187 9.75549 12.796 23.1311 11.2803 16.0973 18.0037 12.5999 17.9913 13.8528 14.0474 19.323 9.52967 15.591 20.0586 5.09859 17.1839 20.1748 0.625597 19.0153 19.5227 -4.52433 20.724 18.035 -9.54105 22.1926 15.7464 -14.3271 23.3005 12.719 -18.7889 23.9093 9.24852 -22.6378 23.9958 5.29455 -26.0419 23.4808 0.980999 -28.9328 22.3038 -3.54463 -31.2484 19.8607 -9.24521 -33.2573 16.3376 -14.6441 -34.2266 11.828 -19.3512 -34.1435 0.702457 0.718509 0.708426 0.691581 0.432702 0.368556 0.334778 0.333168 0.0436533 0.0657431 0.104365 0.156296 -0.0499026 0.0183417 0.0875316 0.152495 -0.0455199 -0.0169782 -0.0354221 -0.114094 0.0797687 -0.105792 -0.367198 -0.68669 -0.387218 -0.670007 -0.86132 -0.937613 -1.01965 -1.03822 -0.975263 -0.839725 -1.19833 -1.07487 -0.88379 -0.59305 -0.907187 -0.427001 0.199876 0.80811 0.980796 1.27016 1.41002 1.46182 1.37143 1.33891 1.28559 1.21419 1.25511 1.19895 1.13383 1.08968 2.39108 2.21627 2.06856 1.94868 2.60537 2.36185 2.16972 2.02243 2.07953 1.86995 1.71967 1.62581 1.14389 1.12972 1.2129 1.37955 1.00626 1.22441 1.44289 1.64975 1.24365 1.39429 1.51036 1.59382 0.695379 0.55516 0.331924 -0.00913739 -0.939845 -1.2829 -1.63925 -1.98978 -2.09777 -2.2966 -2.49477 -2.69101 -2.63752 -2.83525 -3.03828 -3.24645 -2.90955 -3.09943 -3.30926 -3.54464 -2.35649 -2.5036 -2.66555 -2.7878 -6.38393
14.4725 -22.214 -33.9492 11.031 -24.6347 -32.5486 7.3779 -26.3737 -30.733 3.6255 -27.3571 -28.5841 -0.109593 -27.5431 -26.2008 -4.30769 -26.7422 -23.2575 -8.16516 -24.8954 -20.3185 -11.5521 -22.1097 -17.5441 -14.3783 -18.5338 -15.0634 -16.1379 -15.3584 -13.4139 -17.528 -11.8943 -12.0113 -18.5509 -8.21657 -10.8589 -19.2158 -4.39281 -9.94419 -19.5465 -0.168153 -9.19474 -19.4936 4.09971 -8.64584 -19.0734 8.36343 -8.24222 -18.2985 12.5844 -7.92328 -16.4498 18.8732 -7.48051 -13.8137 24.8607 -6.87704 -10.4102 30.3994 -5.92766 -6.28174 35.3057 -4.49708 -1.75619 39.1898 -2.62903 3.23961 42.1221 -0.283706 8.55712 43.9405 2.45019 14.0218 44.5317 5.42419 18.8724 43.9787 8.12845 23.5537 42.4147 10.7337 27.9305 39.8918 13.1059 31.8705 36.4985 15.133 35.3244 32.2382 16.771 38.0531 27.3399 17.9214 39.9328 21.975 18.5894 40.8502 16.33 18.8253 40.6539 10.1682 18.6954 39.1467 4.20089 18.3166 36.3115 -1.25586 17.8592 32.2331 -5.86628 17.4932 27.9726 -8.85947 17.3661 23.1678 -10.8673 17.459 18.0548 -11.806 17.7811 12.8737 -11.6702 18.2948 7.10384 -10.2747 19.0203 1.73498 -7.73477 19.7198 -3.11615 -4.26867 20.1865 -7.40893 -0.10488 20.1911 -10.5822 3.7523 19.6512 -13.352 7.77515 18.475 -15.7007 11.7734 16.542 -17.5944 15.5158 13.7768 -19.1225 19.0828 9.69764 -19.9747 21.6036 4.73605 -20.1407 22.7437 -0.774871 -19.6786 22.3126 -6.36936 -18.7661 20.4275 -11.3467 -17.5524 17.2742 -15.559 -16.206 13.136 -18.7562 -14.8752 8.3331 -20.835 -13.6871 3.24385 -21.8082 -12.6824 -1.97629 -21.8102 -11.8843 -7.16414 -20.9683 -11.2856 -12.2117 -19.4117 -10.8424 -17.2439 -17.1507 -10.5327 -21.9965 -14.3315 -10.2973 -26.4228 -11.0173 -10.0737 -30.4653 -7.24382 -9.77568 -34.3396 -2.6343 -9.35313 -37.5188 2.47068 -8.75652 -39.816 8.01267 -7.96275 -41.0187 13.8667 -7.21207 -41.0566 18.5085 -6.36922 -40.2346 23.0611 -5.46949 -38.5312 27.3506 -4.5568 -35.9837 31.1963 -3.62958 -32.4912 34.5928 -2.78222 -28.3423 37.1741 -2.04189 -23.7397 38.8658 -1.41413 -18.885 39.661 -0.791684 -12.9954 39.4987 -0.24688 -7.22626 38.2654 0.301779 -1.73126 36.1194 0.945663 3.39022 33.2112 1.83092 8.33803 29.4364 3.01782 12.7144 25.083 4.5737 16.4422 20.2667 6.52971 19.4358 15.0969 8.26774 21.1524 11.0237 10.2043 22.3598 6.85836 12.2983 23.0257 2.64764 14.4939 23.1255 -1.56284 17.0788 22.5147 -6.38421 19.5902 21.1188 -11.0795 21.9013 18.9525 -15.5813 23.8839 16.0524 -19.8191 25.3451 12.6806 -23.5239 26.2998 8.77763 -26.8532 26.6615 4.44081 -29.7325 26.3612 -0.20713 -32.0852 24.9952 -6.22832 -34.178 22.5038 -12.1619 -35.2203 18.9451 -17.6235 -35.1422 0.525063 0.572387 0.592945 0.604967 0.374424 0.336818 0.325416 0.342205 0.0658768 0.0969028 0.142067 0.198044 -0.00671029 0.0605191 0.127804 0.190982 -0.00838294 0.0234411 0.0158224 -0.042416 0.181149 0.0307694 -0.198152 -0.504676 -0.224747 -0.549464 -0.785214 -0.89441 -0.996121 -1.02496 -0.967974 -0.838735 -1.20857 -1.10688 -0.955416 -0.735159 -1.1588 -0.823387 -0.327354 0.274156 0.559348 0.973196 1.19825 1.30734 1.25796 1.26008 1.24289 1.21162 1.30042 1.30024 1.29156 1.29463 2.62986 2.47607 2.33937 2.22301 2.87789 2.62881 2.42837 2.27077 2.31595 2.09349 1.9302 1.82356 1.32847 1.29994 1.36604 1.50991 1.10959 1.29947 1.48711 1.66311 1.22753 1.35143 1.44459 1.50854 0.591973 0.434875 0.197192 -0.156145 -1.09721 -1.44827 -1.80939 -2.16087 -2.2662 -2.45991 -2.6502 -2.83582 -2.76795 -2.94719 -3.12905 -3.31395 -2.95294 -3.11841 -3.30325 -3.51317 -2.2955 -2.40847 -2.53318 -2.61414 -5.99563
18.0688 -13.4575 -40.4377 15.1581 -16.6211 -39.3493 12.0102 -19.2386 -37.6449 8.7257 -21.1917 -35.3947 5.4104 -22.3875 -32.7032 1.63006 -22.7519 -29.167 -1.90257 -21.9814 -25.4448 -5.06901 -20.1284 -21.7748 -7.78887 -17.3106 -18.3703 -9.55084 -14.5947 -16.0424 -11.0195 -11.4882 -14.0194 -12.2 -8.07713 -12.325 -13.1041 -4.44191 -10.9583 -13.7856 -0.346875 -9.82484 -14.1802 3.85662 -8.99205 -14.3022 8.11571 -8.38869 -14.159 12.3923 -7.93183 -13.4283 18.8951 -7.34599 -12.0496 25.2723 -6.57621 -9.9449 31.3662 -5.31256 -7.06343 36.9232 -3.31778 -3.61831 41.3942 -0.634917 0.409755 44.7454 2.77107 4.83856 46.708 6.71949 9.43778 47.1349 10.9291 13.4976 46.2169 14.6471 17.361 44.1629 18.1116 20.9124 41.1214 21.1587 24.0635 37.2662 23.6799 26.805 32.6498 25.6635 28.9792 27.5347 27.0317 30.5082 22.0752 27.8179 31.3002 16.4126 28.0838 31.2113 10.2504 27.8779 30.012 4.23165 27.2773 27.6011 -1.37675 26.4071 23.9613 -6.25029 25.3953 20.0092 -9.52816 24.5215 15.4168 -11.839 23.687 10.4106 -13.0534 22.9187 5.25153 -13.126 22.2078 -0.537263 -11.857 21.4051 -5.87367 -9.31715 20.4903 -10.5233 -5.74984 19.2984 -14.3208 -1.43658 17.6431 -16.7573 2.5281 15.7502 -18.4341 6.58776 13.3117 -19.2934 10.5 10.2794 -19.297 13.9922 6.66795 -18.2902 17.0624 2.05729 -16.3113 18.8841 -2.88874 -13.5676 19.2022 -7.79469 -10.3619 17.9403 -12.2477 -7.18971 15.3597 -15.7744 -4.21259 11.6807 -18.3748 -1.64378 7.20996 -19.9791 0.395095 2.2511 -20.6219 1.84837 -2.85811 -20.4137 2.77679 -8.01062 -19.4923 3.24357 -13.0837 -17.9739 3.33143 -17.9996 -15.9525 3.1145 -22.8956 -13.3809 2.67955 -27.518 -10.3684 2.11325 -31.8105 -6.92083 1.48854 -35.6926 -3.02598 0.806721 -39.3226 1.73895 0.175494 -42.1319 7.03576 -0.37473 -43.8835 12.7782 -0.834432 -44.3397 18.7721 -1.13677 -43.6689 23.4165 -1.39966 -42.0661 27.8293 -1.63747 -39.5695 31.807 -1.86477 -36.2862 35.1655 -2.10513 -32.1484 37.8886 -2.35188 -27.5355 39.6925 -2.60076 -22.6619 40.5759 -2.83683 -17.7084 40.5991 -3.06889 -11.8683 39.6291 -3.18889 -6.24718 37.7609 -3.12826 -0.919182 35.1705 -2.81319 4.07899 32.005 -2.12237 8.99158 28.1445 -0.991448 13.4622 23.8727 0.62763 17.4295 19.2735 2.74724 20.8119 14.4176 4.66299 22.9192 10.6165 6.81655 24.5966 6.72975 9.16004 25.8059 2.77952 11.6317 26.5145 -1.21387 14.5648 26.6784 -5.8691 17.4494 26.1135 -10.5232 20.1568 24.812 -15.1359 22.5585 22.7838 -19.6546 24.4406 20.2158 -23.7889 25.8431 17.0617 -27.7021 26.6851 13.3812 -31.3041 26.9023 9.25492 -34.4909 26.2371 3.63263 -37.7232 24.5031 -2.25845 -39.9114 21.7393 -8.08631 -40.8591 0.0102915 0.0637905 0.0948735 0.121208 -0.090479 -0.105144 -0.0917368 -0.0489383 -0.301747 -0.250586 -0.186254 -0.11286 -0.302424 -0.223276 -0.147229 -0.0780691 -0.273168 -0.239363 -0.248396 -0.309143 -0.0871597 -0.235455 -0.452656 -0.72596 -0.385332 -0.634409 -0.794196 -0.840177 -0.894 -0.888708 -0.809257 -0.666755 -1.03005 -0.926224 -0.773916 -0.552283 -0.978413 -0.669199 -0.257458 0.195367 0.327626 0.653814 0.849667 0.962877 0.938212 0.977093 1.011 1.04561 1.21965 1.32702 1.43973 1.56162 3.00103 2.93123 2.8577 2.78356 3.46158 3.22006 3.01539 2.84527 2.87236 2.62876 2.44358 2.31527 1.79746 1.74307 1.77711 1.87838 1.4295 1.57099 1.70801 1.83488 1.35328 1.43598 1.49418 1.52882 0.585625 0.40499 0.148521 -0.219398 -1.17139 -1.52947 -1.89339 -2.24355 -2.34438 -2.53203 -2.71451 -2.89096 -2.81223 -2.97933 -3.14926 -3.3231 -2.9527 -3.11078 -3.29039 -3.49761 -2.27999 -2.39694 -2.52749 -2.6122 -5.47749
21.4421 -1.40771 -44.8991 19.8283 -5.44971 -44.0485 17.9781 -9.15257 -42.4577 15.9421 -12.3701 -40.1844 13.7703 -14.9702 -37.3229 11.1212 -17.0874 -33.3951 8.41945 -18.0936 -29.0803 5.72671 -17.9374 -24.6471 3.09706 -16.643 -20.3649 1.14641 -14.935 -17.3355 -0.720397 -12.6776 -14.6301 -2.48707 -9.95648 -12.3119 -4.14021 -6.8643 -10.4131 -5.78484 -3.21433 -8.83469 -7.2764 0.660885 -7.70487 -8.60855 4.68283 -6.95126 -9.77469 8.79787 -6.47676 -11.214 15.1953 -6.07175 -12.1817 21.6773 -5.61335 -12.5836 28.1651 -4.66029 -12.2981 34.465 -2.81833 -11.2855 39.946 0.00821203 -9.51606 44.4864 3.92097 -7.05711 47.6373 8.72523 -4.08153 49.0818 14.0276 -1.18034 48.8512 18.7897 1.77399 47.2732 23.2539 4.63634 44.5393 27.1885 7.29677 40.8793 30.4557 9.72986 36.3958 33.0519 11.791 31.378 34.8785 13.4062 25.9941 35.9591 14.4907 20.386 36.3274 14.9543 14.2478 35.9643 14.5568 8.19568 34.852 13.1849 2.46487 33.0356 10.7825 -2.65658 30.5814 7.97859 -6.26557 28.0834 4.56774 -9.02664 25.2782 0.717754 -10.799 22.2511 -3.35328 -11.508 19.0808 -7.99398 -11.0143 15.3412 -12.2452 -9.23775 11.5286 -15.7764 -6.37965 7.63921 -18.295 -2.70773 3.6469 -19.4347 0.760584 0.195763 -19.5596 4.3466 -3.3204 -18.5966 7.79368 -6.84586 -16.5414 10.828 -10.2821 -13.0498 13.4178 -13.8598 -8.56245 14.8494 -16.9439 -3.46773 14.9347 -19.3385 1.782 13.6412 -20.9086 6.55675 11.2138 -21.5937 10.7611 7.8262 -21.5049 14.1893 3.72665 -20.7292 16.7446 -0.836076 -19.383 18.4031 -5.56825 -17.618 19.267 -10.3743 -15.5169 19.4268 -15.134 -13.1549 18.9856 -19.7627 -10.578 17.9944 -24.3764 -7.68615 16.5604 -28.7226 -4.57401 14.7649 -32.7385 -1.21551 12.6704 -36.3441 2.42366 10.1039 -39.6827 6.73807 7.29281 -42.2311 11.4231 4.29727 -43.7805 16.4204 1.20078 -44.119 21.5821 -1.20908 -43.4241 25.5597 -3.53831 -41.8524 29.3301 -5.71098 -39.4273 32.7227 -7.65443 -36.2346 35.576 -9.39022 -32.1903 37.8617 -10.7599 -27.6524 39.3195 -11.746 -22.8308 39.9315 -12.3547 -17.9128 39.7406 -12.616 -12.1101 38.5737 -12.4211 -6.53974 36.565 -11.8175 -1.28472 33.8963 -10.8423 3.62605 30.7285 -9.42877 8.45834 26.9649 -7.64341 12.911 22.9029 -5.50091 16.9859 18.6229 -3.01982 20.6688 14.1738 -0.938904 23.1701 10.7137 1.30008 25.4055 7.17131 3.6709 27.3454 3.54159 6.13968 28.9537 -0.183612 9.07061 30.3512 -4.62855 12.0004 31.179 -9.2146 14.8408 31.3659 -13.9261 17.4948 30.8451 -18.7204 19.7461 29.6476 -23.2731 21.6554 27.7372 -27.7378 23.1476 25.111 -31.9929 24.162 21.7976 -35.8944 24.7 16.7969 -40.0422 24.4011 11.0427 -43.0918 23.2889 4.84318 -44.7736 -0.166779 -0.0648592 0.0158353 0.0901158 -0.073899 -0.0442204 0.00534587 0.0755613 -0.160509 -0.100372 -0.0320908 0.0406895 -0.153946 -0.0836935 -0.0173472 0.0428669 -0.161747 -0.132486 -0.134749 -0.175129 0.083113 -0.0108401 -0.152703 -0.334252 0.0922216 -0.0960078 -0.222009 -0.25606 -0.311189 -0.314487 -0.247444 -0.118969 -0.496631 -0.406114 -0.267593 -0.0715754 -0.557179 -0.369153 -0.164398 0.0290435 -0.0871634 0.0673411 0.172697 0.248861 0.223086 0.281845 0.354529 0.446381 0.700156 0.912165 1.14582 1.39058 2.94427 2.97327 2.98028 2.96556 3.68114 3.45711 3.25259 3.068 3.06777 2.78507 2.55016 2.36098 1.76634 1.61572 1.53763 1.51584 0.95591 1.00632 1.06361 1.125 0.591431 0.63533 0.666606 0.683163 -0.272894 -0.462369 -0.724485 -1.09609 -2.05051 -2.41004 -2.77455 -3.12465 -3.22496 -3.41184 -3.59332 -3.76867 -3.68882 -3.85516 -4.02505 -4.19981 -3.83132 -3.99201 -4.17441 -4.38336 -3.16381 -3.26911 -3.37208 -3.40992 -6.0449
29.8347 6.46193 -45.6371 29.8889 2.07723 -44.9761 29.6614 -2.13931 -43.6216 29.1489 -6.05055 -41.5956 28.3466 -9.51718 -38.949 27.0372 -12.8328 -35.1779 25.3274 -15.1651 -30.8692 23.2344 -16.3694 -26.276 20.7992 -16.3741 -21.6936 18.7334 -15.573 -18.3785 16.5424 -14.1216 -15.3797 14.2694 -12.1026 -12.7996 11.9563 -9.6211 -10.704 9.45645 -6.55333 -9.01353 6.98265 -3.21577 -7.89125 4.54931 0.278395 -7.26815 2.15535 3.84724 -7.04251 -1.44447 9.33985 -7.23006 -5.05419 14.817 -7.59606 -8.74021 20.2547 -7.67632 -12.5133 25.5943 -7.03241 -16.1092 30.4383 -5.40078 -19.5536 34.8143 -2.56479 -22.6248 38.4152 1.51665 -25.0856 40.9298 6.68165 -26.6076 42.0602 11.9308 -27.4172 42.057 17.4527 -27.518 40.9408 22.9201 -26.9771 38.8082 28.0491 -25.8697 35.7106 32.7332 -24.3406 31.8521 36.6749 -22.5316 27.3861 39.7643 -20.5799 22.454 41.9158 -18.4678 16.7821 43.0953 -16.503 10.9378 43.0024 -14.8353 5.17667 41.5702 -13.589 -0.188932 38.7988 -12.9215 -4.15429 35.4886 -12.6135 -7.40025 31.4271 -12.6205 -9.78513 26.7969 -12.8531 -11.2394 21.8012 -13.2464 -11.7719 15.8575 -13.5543 -11.2073 9.91185 -13.5445 -9.7337 4.11588 -12.986 -7.581 -1.4356 -11.9242 -5.44521 -5.85708 -10.2128 -3.17932 -10.0014 -7.77643 -0.966932 -13.7972 -4.59159 0.996022 -17.1501 -0.19501 2.66439 -20.2459 4.89443 3.52597 -22.4939 10.3755 3.4026 -23.7746 15.8738 2.22066 -24.0385 20.8076 0.130175 -23.3695 25.116 -2.77254 -21.8957 28.5928 -6.30919 -19.7594 31.1241 -10.2819 -17.1193 32.6597 -14.4339 -14.1761 33.2691 -18.6657 -11.0171 33.0088 -22.8456 -7.74291 31.951 -26.8664 -4.43026 30.0842 -30.7891 -1.00122 27.5206 -34.3595 2.36198 24.3398 -37.5004 5.62514 20.6184 -40.1368 8.76082 16.0402 -42.3466 12.0017 11.0223 -43.7672 15.0264 5.69252 -44.2997 17.7934 0.205723 -43.8558 20.2519 -4.06015 -42.7854 21.9158 -8.2048 -41.068 23.3244 -12.1178 -38.7144 24.4474 -15.6874 -35.7627 25.2582 -18.9663 -32.0754 25.7544 -21.6479 -27.9053 25.8725 -23.6645 -23.3818 25.6179 -24.9877 -18.641 25.0109 -25.6727 -12.8681 23.8685 -25.4623 -7.14887 22.3363 -24.4723 -1.61031 20.4801 -22.8333 3.67208 18.356 -20.5235 8.95603 15.8544 -17.7576 13.896 13.123 -14.643 18.4868 10.167 -11.2628 22.7167 6.97391 -8.57487 25.6557 4.38629 -5.79452 28.3507 1.63577 -2.94123 30.7701 -1.29059 -0.033813 32.8731 -4.40235 3.3771 34.8525 -8.24272 6.79565 36.2561 -12.3224 10.1753 36.9962 -16.6039 13.4605 36.9916 -21.0207 16.4313 36.2397 -25.2442 19.2068 34.7274 -29.3961 21.7351 32.4497 -33.352 23.9707 29.4333 -36.9759 26.2978 24.7221 -40.8346 28.0664 19.1421 -43.7045 29.2492 12.949 -45.3616 -10.1083 -9.94929 -9.81821 -9.70138 -9.82864 -9.77053 -9.70389 -9.6278 -9.86777 -9.81737 -9.76415 -9.71083 -9.92933 -9.88598 -9.84578 -9.80893 -10.038 -10.0219 -10.0154 -10.0177 -9.68499 -9.6627 -9.63808 -9.60471 -8.94975 -8.93592 -8.9087 -8.85541 -8.88443 -8.90803 -8.88999 -8.82591 -9.27909 -9.27473 -9.23679 -9.16983 -9.81478 -9.81325 -9.82426 -9.8527 -10.1862 -10.221 -10.2631 -10.3012 -10.4104 -10.4149 -10.3946 -10.3445 -10.1227 -9.92806 -9.69377 -9.43448 -7.8569 -7.80002 -7.76525 -7.75587 -7.02243 -7.23634 -7.43963 -7.63306 -7.65398 -7.97129 -8.25573 -8.51032 -9.19069 -9.4493 -9.65203 -9.8106 -10.4973 -10.5571 -10.6048 -10.6397 -11.2606 -11.2922 -11.3219 -11.3522 -12.3451 -12.56 -12.8354 -13.2115 -14.1641 -14.5174 -14.8734 -15.2141 -15.3063 -15.4866 -15.662 -15.8318 -15.7463 -15.9066 -16.0699 -16.2365 -15.8571 -16.0027 -16.1639 -16.3432 -15.0785 -15.1172 -15.1386 -15.0864 -7.70348
29.2109 12.3898 -46.5696 30.465 8.40186 -45.0899 31.2924 4.5377 -43.0777 31.663 0.89356 -40.578 31.5564 -2.43692 -37.6518 30.8176 -5.82097 -33.7878 29.4308 -8.5348 -29.5877 27.4393 -10.4828 -25.2096 24.9153 -11.6041 -20.8163 22.6745 -11.8896 -17.5304 20.224 -11.6805 -14.3917 17.6147 -11.0005 -11.4541 14.8947 -9.88695 -8.75947 11.8814 -8.25387 -6.15717 8.82372 -6.2445 -3.89183 5.74124 -3.93734 -1.96981 2.63483 -1.4147 -0.38697 -2.14946 2.70771 1.42398 -6.91585 7.02873 2.75573 -11.6636 11.4337 3.85973 -16.4348 15.8097 4.97733 -21.0461 19.827 6.2638 -25.7616 23.5665 7.94811 -30.5791 26.8581 10.1876 -35.4385 29.4942 13.1021 -39.7024 31.0941 16.3281 -43.7355 31.804 20.12 -47.3287 31.468 24.3772 -50.2351 29.9863 28.9054 -52.2402 27.2758 33.5309 -53.0365 23.5013 37.7596 -52.511 18.9591 41.2025 -50.7019 14.0599 43.545 -47.5324 8.88634 44.6458 -43.4502 4.2794 44.2774 -38.8386 0.538791 42.6147 -34.0255 -2.21929 39.9218 -29.9794 -3.80695 37.052 -26.0444 -4.78167 33.782 -22.2677 -5.23926 30.2246 -18.6659 -5.28532 26.4626 -14.7387 -4.96157 21.9639 -10.9971 -4.38753 17.3338 -7.3829 -3.70424 12.6182 -3.81831 -3.0419 7.86208 -0.788219 -2.59475 3.87985 2.3405 -2.31262 -0.0407226 5.63993 -2.25327 -3.82881 9.11207 -2.51349 -7.45039 13.1752 -3.30607 -11.2664 17.3675 -4.74792 -14.7369 21.6061 -6.9246 -17.7361 25.7714 -9.87319 -20.1141 29.5511 -13.4037 -21.6664 32.954 -17.5345 -22.3852 35.8075 -22.115 -22.1911 37.9526 -26.9405 -21.0626 39.253 -31.6995 -19.0827 39.6836 -36.2351 -16.3437 39.2385 -40.3387 -12.9939 37.9669 -43.8443 -9.20537 35.8624 -46.737 -4.98227 33.0928 -48.7909 -0.653082 29.7997 -49.9885 3.6308 26.1204 -50.3496 7.74949 21.8178 -49.841 11.9418 17.3449 -48.4651 15.7427 12.8192 -46.3012 19.0867 8.34006 -43.43 21.9222 4.93545 -40.7524 23.7529 1.64893 -37.7313 25.2307 -1.48528 -34.4066 26.3421 -4.43548 -30.8195 27.0776 -7.31568 -26.7987 27.4411 -9.92872 -22.5841 27.3831 -12.2489 -18.2264 26.9119 -14.2561 -13.7755 26.043 -16.2246 -8.40095 24.513 -17.7153 -3.035 22.4916 -18.7274 2.25691 20.0272 -19.2696 7.41784 17.1685 -19.3487 12.6954 13.7545 -18.9409 17.7173 9.99568 -18.0708 22.433 5.93138 -16.7597 26.7896 1.59374 -15.4868 29.8044 -1.8486 -13.9762 32.5481 -5.41921 -12.2316 34.985 -9.10386 -10.2561 37.0746 -12.8841 -7.68398 39.0053 -17.3514 -4.819 40.3368 -21.8591 -1.68245 40.9967 -26.3343 1.69064 40.9217 -30.6838 5.05988 40.13 -34.589 8.53689 38.6208 -38.1753 12.0506 36.4056 -41.3337 15.5205 33.5256 -43.9595 19.665 29.1014 -46.3576 23.4374 23.9421 -47.6424 26.6713 18.2821 -47.7236 -98.0179 -97.8018 -97.6216 -97.4654 -97.5623 -97.4865 -97.4172 -97.3513 -97.6083 -97.5762 -97.5421 -97.5067 -97.7415 -97.7126 -97.6823 -97.6505 -97.8803 -97.8563 -97.8326 -97.808 -97.4376 -97.3643 -97.2695 -97.1416 -96.3715 -96.2282 -96.0579 -95.8595 -95.7537 -95.6658 -95.5698 -95.4648 -95.9153 -95.95 -95.9919 -96.0406 -96.8148 -96.94 -97.0727 -97.2071 -97.6297 -97.7275 -97.8047 -97.8587 -97.9741 -97.9848 -97.9763 -97.9485 -97.7664 -97.6346 -97.4812 -97.3148 -95.8298 -95.8552 -95.8864 -95.922 -95.2105 -95.4246 -95.6086 -95.766 -95.7357 -95.9887 -96.1997 -96.3743 -96.9675 -97.1348 -97.2495 -97.3266 -97.9489 -97.9596 -97.9658 -97.967 -98.5611 -98.5732 -98.5904 -98.6144 -99.6063 -99.8249 -100.108 -100.494 -101.459 -101.825 -102.195 -102.55 -102.655 -102.846 -103.032 -103.211 -103.134 -103.301 -103.465 -103.626 -103.232 -103.354 -103.48 -103.613 -102.283 -102.234 -102.158 -102.007 -6.63681
30.1828 16.4075 -49.6062 31.5196 12.3585 -48.3879 32.3712 8.39062 -46.6001 32.7102 4.62018 -44.2905 32.5269 1.15802 -41.5255 31.6619 -2.3717 -37.8213 30.1398 -5.21589 -33.7565 28.0318 -7.28251 -29.4886 25.4297 -8.51981 -25.1728 23.1607 -8.89787 -21.9157 20.7096 -8.78433 -18.7726 18.1252 -8.19756 -15.7932 15.4543 -7.16399 -13.0187 12.5131 -5.59686 -10.2961 9.52573 -3.64573 -7.89045 6.52335 -1.3891 -5.78995 3.53045 1.10423 -3.9611 -0.993989 5.24858 -1.6123 -5.46759 9.62937 0.377342 -9.92157 14.1042 2.19432 -14.4013 18.5459 4.02902 -18.7265 22.6196 5.96663 -23.1393 26.413 8.24586 -27.6473 29.7559 10.9953 -32.2105 32.4419 14.3149 -36.2452 34.0843 17.8038 -40.1082 34.8315 21.7618 -43.6169 34.5219 26.091 -46.5484 33.0486 30.6058 -48.7122 30.3191 35.1478 -49.8096 26.4839 39.2526 -49.7156 21.8187 42.5675 -48.4317 16.71 44.8068 -45.8692 11.1962 45.8338 -42.3673 6.13828 45.4118 -38.2616 1.87421 43.6844 -33.8645 -1.42582 40.8918 -30.1063 -3.44792 37.9061 -26.4111 -4.81348 34.499 -22.835 -5.60611 30.7962 -19.3992 -5.92756 26.8951 -15.6214 -5.84971 22.2596 -11.9833 -5.45863 17.5292 -8.41263 -4.90688 12.7636 -4.82853 -4.34404 8.00931 -1.74449 -3.9781 4.06041 1.45013 -3.79992 0.187219 4.79062 -3.90158 -3.56375 8.29823 -4.37594 -7.12893 12.4265 -5.45679 -10.8015 16.7068 -7.23303 -13.9988 20.9721 -9.7927 -16.6358 25.085 -13.0992 -18.5977 28.7463 -16.8981 -19.7481 31.9891 -21.2008 -20.1103 34.6778 -25.8606 -19.643 36.6913 -30.6994 -18.3424 37.9218 -35.4442 -16.2852 38.3495 -39.9728 -13.5343 37.9574 -44.0966 -10.2026 36.7691 -47.6488 -6.43054 34.752 -50.5976 -2.20358 32.0434 -52.6804 2.15021 28.7715 -53.8444 6.45961 25.077 -54.0836 10.5735 20.7358 -53.3314 14.6886 16.2314 -51.6074 18.3059 11.7134 -49.0214 21.3467 7.30563 -45.6964 23.768 4.00896 -42.6729 25.218 0.876064 -39.3322 26.2841 -2.06455 -35.7285 26.9755 -4.79119 -31.9116 27.3054 -7.41729 -27.7048 27.2791 -9.77421 -23.3588 26.8897 -11.8527 -18.9158 26.1588 -13.6466 -14.4133 25.1083 -15.4105 -9.00204 23.4626 -16.7576 -3.60412 21.4256 -17.691 1.73087 19.0239 -18.222 6.95206 16.2746 -18.3575 12.3129 12.9948 -18.0642 17.4317 9.35815 -17.3526 22.2477 5.38147 -16.2307 26.6968 1.08491 -15.1051 29.7777 -2.35021 -13.7378 32.5871 -5.92736 -12.127 35.0953 -9.62506 -10.2726 37.2703 -13.4184 -7.82265 39.3313 -17.8962 -5.05845 40.8458 -22.4091 -1.99772 41.7589 -26.8923 1.33097 42.018 -31.2687 4.69578 41.6172 -35.2369 8.21442 40.5569 -38.9416 11.8232 38.8215 -42.2873 15.4434 36.4147 -45.1736 19.8433 32.5131 -47.9875 23.9115 27.7333 -49.7494 27.4288 22.2737 -50.3159 -413.696 -413.484 -413.309 -413.16 -413.264 -413.197 -413.134 -413.073 -413.333 -413.302 -413.267 -413.23 -413.462 -413.429 -413.395 -413.359 -413.582 -413.55 -413.522 -413.495 -413.125 -413.056 -412.968 -412.848 -412.086 -411.949 -411.782 -411.582 -411.469 -411.366 -411.247 -411.114 -411.533 -411.534 -411.545 -411.566 -412.319 -412.428 -412.548 -412.672 -413.086 -413.177 -413.249 -413.299 -413.41 -413.417 -413.406 -413.376 -413.191 -413.055 -412.896 -412.724 -411.233 -411.254 -411.281 -411.313 -410.598 -410.809 -410.99 -411.144 -411.11 -411.36 -411.567 -411.738 -412.328 -412.493 -412.606 -412.681 -413.303 -413.313 -413.318 -413.318 -413.911 -413.922 -413.938 -413.96 -414.95 -415.166 -415.446 -415.83 -416.792 -417.157 -417.526 -417.881 -417.987 -418.179 -418.366 -418.546 -418.47 -418.637 -418.8 -418.96 -418.563 -418.681 -418.803 -418.931 -417.595 -417.541 -417.463 -417.312 -6.26688
