# num_vectors 23
# vector_size 401
# Iterations: 304600, stepsize: 0.020915, max step size: 1.000000, spring constant: 0.000000, global NEB Hessian: false, global NEB Linesearch: true, climbing image: false
-6.1524 -27.91 -27.2402 -8.30123 -24.0586 -26.7762 -10.2261 -20.1331 -26.0339 -11.9222 -16.1605 -25.0302 -13.386 -12.165 -23.7818 -14.8007 -7.4892 -22.0312 -15.8914 -2.84343 -19.9925 -16.6609 1.74023 -17.6845 -17.1177 6.22839 -15.12 -17.2616 9.59136 -12.9823 -17.2288 12.8643 -10.7048 -17.0225 16.0325 -8.29236 -16.6456 19.081 -5.74973 -16.0506 22.2188 -2.86543 -15.2633 25.1787 0.157396 -14.2812 27.9431 3.30579 -13.1022 30.493 6.56573 -10.9221 33.9299 11.723 -8.27997 36.7435 17.0395 -5.18316 38.8502 22.4372 -1.65181 40.163 27.8195 2.0761 40.5955 32.8167 6.1093 40.1652 37.5712 10.3697 38.8217 41.9416 14.751 36.541 45.7705 18.6537 33.7216 48.5931 22.4273 30.2095 50.7317 25.9407 26.0879 52.0793 29.0559 21.4813 52.551 31.6955 16.4251 52.0717 33.6427 11.2452 50.609 34.7955 6.17801 48.2096 35.0925 1.46452 44.9758 34.4412 -2.96251 40.7331 32.8304 -6.48653 35.9362 30.3652 -8.94147 30.845 27.1947 -10.2381 25.7176 24.0973 -10.4185 21.5342 20.7294 -9.78594 17.612 17.1972 -8.39402 14.0464 13.5863 -6.32684 10.9134 9.38824 -3.29443 7.92248 5.20849 0.239476 5.51278 1.08392 4.10879 3.56809 -2.98659 8.18087 1.95113 -6.384 11.6756 0.733007 -9.78323 15.182 -0.445591 -13.2079 18.6465 -1.67351 -16.6788 22.012 -3.03908 -20.64 25.5874 -4.83478 -24.6896 28.8358 -7.01367 -28.8096 31.6117 -9.66292 -32.9394 33.7441 -12.8403 -36.804 35.0081 -16.3939 -40.4221 35.3429 -20.3886 -43.5988 34.6167 -24.6945 -46.1148 32.7659 -29.0996 -47.7412 29.8829 -33.2592 -48.3718 26.1013 -36.9416 -47.9404 21.6815 -39.8636 -46.484 16.954 -41.8099 -44.022 12.0743 -42.6802 -40.8186 7.57153 -42.3736 -37.1243 3.68719 -40.9971 -33.1715 0.550797 -38.7235 -28.7862 -1.98066 -35.4513 -24.4748 -3.65653 -31.5848 -20.3217 -4.60469 -27.3188 -16.3497 -4.98409 -22.7992 -13.363 -5.00242 -19.1673 -10.4484 -4.855 -15.48 -7.57014 -4.61628 -11.7692 -4.68915 -4.35983 -8.06158 -1.60513 -4.14973 -4.18355 1.56905 -4.08861 -0.373643 4.86979 -4.26493 3.32345 8.32164 -4.76797 6.84851 12.6495 -5.91084 10.7299 17.1632 -7.77677 14.0834 21.6892 -10.4625 16.8043 26.0591 -13.9455 18.7725 30.3349 -18.4103 19.9113 34.0274 -23.497 19.973 36.9295 -28.9711 18.9116 38.8651 -34.5479 16.7516 39.6052 -38.6353 14.4486 39.6914 -42.4668 11.6432 39.1228 -45.9163 8.4282 37.924 -48.8742 4.91083 35.8103 -51.5764 0.606042 33.0236 -53.4145 -3.77075 29.6924 -54.3464 -8.05273 25.9559 -54.3742 -12.0948 22.1665 -53.6015 -15.598 18.2492 -52.1075 -18.7047 14.3036 -49.9639 -21.3631 10.4157 -47.2505 -23.5428 5.74452 -43.1816 -25.5735 1.37936 -38.5094 -26.8451 -2.60355 -33.3767 -27.3862 -0.865857 -0.806564 -0.697739 -0.577996 -0.694592 -0.625951 -0.552795 -0.474106 -0.713706 -0.662148 -0.605181 -0.543653 -0.748149 -0.687662 -0.629103 -0.573409 -0.778827 -0.744111 -0.736929 -0.766521 -0.498283 -0.584662 -0.723792 -0.907733 -0.488235 -0.684819 -0.820306 -0.862586 -0.921498 -0.920286 -0.836245 -0.674933 -1.00049 -0.840228 -0.628657 -0.380931 -0.86527 -0.728056 -0.617356 -0.538 -0.774585 -0.724855 -0.697413 -0.684797 -0.771899 -0.783006 -0.805621 -0.847038 -0.79053 -0.879732 -1.07268 -1.3256 -0.259531 -0.636759 -0.92987 -1.13677 -0.517688 -0.758208 -0.910435 -0.980376 -0.803446 -0.847404 -0.793629 -0.662326 -0.917903 -0.748698 -0.566279 -0.394231 -0.832616 -0.701585 -0.577914 -0.454626 -0.919364 -0.788789 -0.643035 -0.470394 -1.18756 -1.00213 -0.783411 -0.570437 -0.896388 -0.694577 -0.632396 -0.675379 -0.581459 -0.641202 -0.72306 -0.818956 -0.6693 -0.773244 -0.88721 -1.0073 -0.582663 -0.682676 -0.797386 -0.933801 0.361133 0.26354 -0.401882 2.30947 -0.181474
-9.54453 -27.471 -25.2631 -11.898 -23.7141 -25.1517 -13.9141 -19.7878 -24.721 -15.5795 -15.7434 -23.9897 -16.8904 -11.6291 -22.9799 -17.9807 -6.78388 -21.4753 -18.6143 -1.96407 -19.6596 -18.8209 2.78003 -17.5668 -18.6349 7.40744 -15.2256 -18.2491 10.862 -13.2718 -17.6677 14.2135 -11.191 -16.904 17.448 -8.98768 -15.9699 20.551 -6.66412 -14.781 23.7336 -4.0229 -13.4134 26.7208 -1.2434 -11.8739 29.4854 1.67296 -10.1676 31.9971 4.7224 -7.25308 35.2745 9.61393 -3.98249 37.7535 14.7443 -0.391788 39.3008 20.024 3.46127 39.7968 25.3222 7.29449 39.2119 30.2233 11.1988 37.5648 34.8168 15.0687 34.8772 38.9226 18.7923 31.2275 42.368 21.9045 27.2609 44.7614 24.7408 22.7504 46.4222 27.2377 17.8351 47.2907 29.3395 12.6652 47.3322 31.0329 7.26055 46.5045 32.2089 1.92208 44.8073 32.8193 -3.17574 42.277 32.8179 -7.85335 38.9782 32.0884 -12.2135 34.6792 30.5755 -15.6463 29.7853 28.2897 -17.9474 24.5409 25.2977 -18.9674 19.2465 22.3136 -18.783 14.9818 19.0232 -17.6662 11.102 15.5471 -15.7056 7.75546 12.0005 -13.0356 5.03149 7.95894 -9.29486 2.69976 4.02662 -5.06549 1.146 0.219385 -0.54742 0.2202 -3.50167 4.10779 -0.277677 -6.6184 8.03928 -0.538761 -9.77792 11.9368 -0.794311 -13.0278 15.7483 -1.18193 -16.4023 19.4124 -1.83443 -20.3457 23.2503 -3.02506 -24.4339 26.6672 -4.84429 -28.5845 29.4968 -7.38677 -32.6596 31.5601 -10.6784 -36.3263 32.6626 -14.4862 -39.5709 32.7928 -18.8008 -42.2116 31.893 -23.4244 -44.0912 29.9737 -28.1088 -45.0872 27.1681 -32.5128 -45.1789 23.5958 -36.4484 -44.3678 19.4511 -39.6769 -42.7117 14.9666 -42.0018 -40.2081 10.2087 -43.3154 -37.0807 5.64396 -43.4276 -33.5333 1.53408 -42.3527 -29.7793 -1.90986 -40.19 -25.6836 -4.74218 -36.7916 -21.7754 -6.54998 -32.5721 -18.1744 -7.36846 -27.8067 -14.9141 -7.3159 -22.7358 -12.5749 -6.78767 -18.691 -10.3687 -5.92534 -14.6288 -8.23104 -4.82676 -10.5871 -6.08756 -3.59172 -6.58811 -3.73597 -2.251 -2.43278 -1.20284 -0.992272 1.64068 1.58725 0.0600197 5.60329 4.68689 0.779612 9.40705 8.81752 1.04229 13.6461 13.3704 0.472464 17.3942 18.2043 -1.05814 20.4588 23.0909 -3.59151 22.6505 28.0175 -7.30332 23.8603 32.333 -11.8738 23.8397 35.7368 -17.0142 22.6138 38.0223 -22.3963 20.3067 38.9428 -26.4246 17.9648 39.159 -30.2859 15.2077 38.6934 -33.8764 12.1337 37.5879 -37.1116 8.83676 35.5773 -40.3308 4.84987 32.8816 -42.9089 0.801779 29.6071 -44.7938 -3.20137 25.8633 -45.9526 -7.06684 21.9818 -46.365 -10.5299 17.8718 -46.1055 -13.7346 13.6276 -45.1809 -16.6261 9.34319 -43.6081 -19.1559 4.07305 -40.7775 -21.7469 -0.937235 -37.0653 -23.6488 -5.52358 -32.5837 -24.8239 0.194488 -0.015189 -0.032161 0.0215399 -0.133306 -0.0835848 -0.0162738 0.0643935 -0.169104 -0.110519 -0.0458333 0.0232723 -0.174224 -0.108257 -0.0477654 0.0056525 -0.208472 -0.195539 -0.222849 -0.301224 -0.0950916 -0.25234 -0.460023 -0.683468 -0.24822 -0.380586 -0.422658 -0.366051 -0.334534 -0.257203 -0.112937 0.0940571 -0.197606 -0.0144068 0.211732 0.471359 0.000895319 0.155296 0.285838 0.386182 0.177236 0.257427 0.312138 0.344969 0.266469 0.253254 0.216445 0.146881 0.157743 0.00822086 -0.23717 -0.496644 0.614156 0.301494 0.0654624 -0.102839 0.536667 0.302686 0.147285 0.0678573 0.231749 0.174499 0.218449 0.34617 0.0932119 0.269387 0.458099 0.633407 0.196222 0.325409 0.444362 0.560728 0.0869939 0.206327 0.33775 0.490434 -0.260449 -0.137136 0.0279804 0.198083 -0.138883 0.0890056 0.189175 0.176874 0.286999 0.234683 0.154432 0.0552101 0.196749 0.0793089 -0.0525727 -0.194725 0.204493 0.0756554 -0.0725158 -0.248404 0.991143 0.819658 0.26305 -1.70763 -6.01581
-8.09154 -31.1855 -26.749 -11.6435 -28.5448 -26.4743 -14.865 -25.5565 -25.8764 -17.7008 -22.267 -24.9802 -20.1098 -18.7298 -23.8182 -22.3531 -14.3506 -22.1691 -23.9637 -9.79837 -20.2687 -24.9508 -5.15399 -18.1748 -25.3409 -0.487989 -15.9376 -25.2598 3.07371 -14.1466 -24.866 6.58932 -12.3066 -24.1776 10.0373 -10.4257 -23.2116 13.3969 -8.50751 -21.875 16.9003 -6.39591 -20.2494 20.2499 -4.23804 -18.3495 23.4168 -2.02904 -16.1888 26.3697 0.236082 -12.4175 30.3949 3.8051 -8.1275 33.7139 7.51224 -3.39341 36.1935 11.3336 1.68471 37.709 15.2167 6.71845 38.1618 18.8928 11.82 37.5939 22.4576 16.8485 35.989 25.8036 21.6593 33.374 28.816 25.655 30.239 31.13 29.2684 26.4239 33.0105 32.4099 22.0218 34.389 34.9944 17.1431 35.2058 36.9795 11.7784 35.4097 38.2023 6.20681 34.935 38.5759 0.616188 33.7655 38.0235 -4.77212 31.9152 36.3369 -10.0592 29.2272 33.5182 -14.4654 25.9617 29.6685 -17.6485 22.3462 25.0097 -19.3399 18.6777 20.6849 -19.5071 15.7804 16.2372 -18.5423 13.2478 11.8748 -16.5675 11.1994 7.75225 -13.7682 9.68447 3.41857 -9.79866 8.5767 -0.491734 -5.30831 8.01876 -4.07555 -0.524566 7.82627 -7.4855 4.38822 7.78269 -10.3444 8.51806 7.68281 -13.2849 12.5806 7.3864 -16.3682 16.4969 6.75833 -19.6196 20.1704 5.67551 -23.4385 23.8602 3.80493 -27.351 26.9215 1.15557 -31.201 29.1756 -2.27878 -34.7912 30.4742 -6.41662 -37.797 30.7345 -10.8952 -40.2069 30.0073 -15.6726 -41.8938 28.3306 -20.5206 -42.7797 25.7929 -25.2041 -42.8433 22.5763 -29.436 -42.1238 18.7912 -33.0985 -40.6788 14.5957 -36.0258 -38.5977 10.1573 -38.0822 -35.8798 5.46517 -39.1901 -32.7532 0.898453 -39.178 -29.3894 -3.34502 -38.034 -25.9651 -7.08112 -35.8101 -22.3581 -10.395 -32.2953 -19.0484 -12.7896 -27.8616 -16.1432 -14.2098 -22.7735 -13.6693 -14.6823 -17.296 -11.9993 -14.4569 -12.906 -10.5018 -13.7752 -8.50095 -9.09696 -12.7124 -4.14106 -7.68798 -11.3493 0.133112 -6.0819 -9.67761 4.51718 -4.22323 -7.86858 8.74412 -1.98921 -6.03274 12.7731 0.723122 -4.29076 16.5418 4.67306 -2.50542 20.5806 9.40842 -1.26887 23.9194 14.7979 -0.790286 26.333 20.5649 -1.21724 27.6215 26.6707 -2.71095 27.6298 32.2759 -5.19593 26.2444 36.9508 -8.47378 23.6148 40.4038 -12.2798 19.9949 42.1171 -15.3352 16.7875 43.0457 -18.4299 13.3063 43.2182 -21.473 9.66363 42.6841 -24.3912 5.95458 41.2582 -27.5435 1.67313 39.0651 -30.3857 -2.49976 36.2013 -32.8676 -6.49219 32.7568 -34.9488 -10.2479 29.031 -36.5181 -13.5471 24.924 -37.6622 -16.5558 20.5017 -38.3476 -19.2396 15.8336 -38.5387 -21.5638 9.77282 -38.0353 -23.912 3.62564 -36.6532 -25.586 -2.40396 -34.3648 -26.5387 0.757655 0.501085 0.351616 0.284596 0.0280763 -0.00189402 0.00972713 0.0531695 -0.200999 -0.152852 -0.0926617 -0.0231068 -0.215512 -0.139493 -0.0660241 0.0019335 -0.192592 -0.157617 -0.16713 -0.236346 -0.0366348 -0.223729 -0.492997 -0.808222 -0.46888 -0.679093 -0.780903 -0.770054 -0.776761 -0.734006 -0.621321 -0.441243 -0.750539 -0.563225 -0.291193 0.0780528 -0.229911 0.103872 0.403626 0.634222 0.514314 0.639358 0.703254 0.720627 0.612065 0.56247 0.483436 0.369679 0.338867 0.168198 -0.0488104 -0.237361 0.956158 0.713178 0.527927 0.392875 1.05148 0.825494 0.66871 0.578961 0.72263 0.633441 0.633227 0.706561 0.392782 0.512274 0.658591 0.80724 0.358115 0.483254 0.603572 0.726051 0.262931 0.397291 0.546508 0.716943 -0.0218168 0.0907208 0.193696 0.229944 -0.298471 -0.256611 -0.285305 -0.372754 -0.300866 -0.375447 -0.473781 -0.590253 -0.468784 -0.611585 -0.774602 -0.955432 -0.603112 -0.788823 -1.00825 -1.27444 -0.165995 -0.513053 -1.09353 -1.87654 -6.05543
-5.87315 -33.2289 -26.3334 -10.053 -31.9166 -25.6463 -13.971 -30.0831 -24.6701 -17.5412 -27.7577 -23.4406 -20.6904 -24.987 -22.0015 -23.7681 -21.2591 -20.1147 -26.1401 -17.1132 -18.0865 -27.7857 -12.6608 -15.9896 -28.7125 -8.00836 -13.8861 -28.9549 -4.35967 -12.2961 -28.8057 -0.689093 -10.7454 -28.2841 2.96761 -9.24325 -27.4096 6.5777 -7.79327 -26.0911 10.3867 -6.28598 -24.4055 14.0694 -4.83174 -22.3733 17.5904 -3.4204 -20.0144 20.9142 -2.03946 -15.8273 25.5331 0.0331869 -11.005 29.4813 2.11181 -5.6425 32.63 4.23131 0.141756 34.8572 6.4095 5.9025 36.0234 8.53338 11.7677 36.1923 10.6846 17.5759 35.3264 12.8229 23.1564 33.4224 14.8939 27.8042 30.8693 16.6341 32.0075 27.5589 18.2219 35.6442 23.5596 19.6105 38.593 18.962 20.7573 40.7772 13.7463 21.6452 41.9845 8.18023 22.2139 42.0986 2.4624 22.4503 41.0291 -3.15992 22.3596 38.5134 -8.77318 21.9286 34.6448 -13.5228 21.2221 29.6348 -17.0088 20.3441 23.847 -18.9249 19.4208 18.6967 -19.2136 18.7014 13.602 -18.3154 18.0983 8.79372 -16.366 17.6431 4.41558 -13.5617 17.3354 -0.0198574 -9.55572 17.1255 -3.89115 -4.99967 16.9818 -7.35357 -0.127419 16.787 -10.6013 4.87941 16.4008 -13.3094 9.06907 15.8078 -16.0877 13.1491 14.8735 -18.9906 17.0147 13.5062 -22.0293 20.5473 11.6285 -25.5521 23.9569 8.8604 -29.0873 26.6125 5.37498 -32.4691 28.3626 1.22787 -35.505 29.1037 -3.45533 -37.9138 28.8285 -8.28048 -39.6854 27.6094 -13.2338 -40.7178 25.5191 -18.1046 -40.9582 22.6686 -22.6847 -40.4195 19.2519 -26.7214 -39.1542 15.3714 -30.1272 -37.2432 11.1719 -32.7676 -34.7975 6.79658 -34.5381 -31.826 2.20403 -35.3804 -28.5859 -2.27756 -35.1627 -25.2484 -6.50523 -33.8904 -21.9777 -10.3479 -31.6173 -18.6556 -13.9648 -28.1205 -15.7169 -16.8822 -23.7388 -13.2329 -19.0343 -18.6846 -11.2028 -20.4006 -13.1748 -9.88459 -20.9329 -8.69253 -8.74088 -21.0161 -4.13218 -7.69179 -20.6758 0.438972 -6.64261 -19.9397 4.96327 -5.42325 -18.7669 9.62502 -3.96161 -17.2249 14.1061 -2.1363 -15.3593 18.323 0.157264 -13.2296 22.1698 3.60171 -10.4469 26.106 7.84928 -7.58273 29.0818 12.8059 -4.86305 30.8526 18.2409 -2.536 31.2355 24.1508 -0.749534 30.0548 29.7509 0.137505 27.3408 34.6122 0.0363877 23.357 38.419 -1.02647 18.4691 40.4876 -2.39749 14.4195 41.8292 -4.18446 10.2284 42.4577 -6.30812 6.02679 42.4102 -8.68913 1.9174 41.5728 -11.6738 -2.63138 39.9799 -14.7963 -6.87557 37.7118 -17.9613 -10.7665 34.8396 -21.0814 -14.2759 31.6132 -23.9209 -17.2351 27.9398 -26.5725 -19.8244 23.8586 -28.9605 -22.0313 19.411 -31.0043 -23.84 13.4186 -32.9524 -25.5124 7.0714 -34.0659 -26.4989 0.559194 -34.1944 -26.7727 0.648622 0.516123 0.405399 0.332433 0.0504819 -0.0106377 -0.0261958 -0.00351645 -0.270496 -0.229524 -0.173124 -0.104372 -0.294456 -0.212118 -0.129821 -0.0515015 -0.231451 -0.178635 -0.171616 -0.228971 -0.0296572 -0.242495 -0.582756 -1.02135 -0.810758 -1.10955 -1.26089 -1.27415 -1.29325 -1.2595 -1.15696 -0.990427 -1.31712 -1.14516 -0.862941 -0.39931 -0.474286 0.17248 0.730648 1.08925 1.00374 1.11196 1.14225 1.12494 0.989553 0.921602 0.83205 0.717589 0.699277 0.561258 0.3976 0.264764 1.50416 1.29513 1.13521 1.0197 1.69385 1.48024 1.33258 1.24751 1.38914 1.28741 1.26087 1.29327 0.925414 0.985619 1.0799 1.19023 0.720593 0.837453 0.958372 1.08938 0.641596 0.796188 0.965622 1.14948 0.406492 0.477261 0.488354 0.386329 -0.309415 -0.433528 -0.599878 -0.791527 -0.787008 -0.907425 -1.04407 -1.19458 -1.10794 -1.28783 -1.48919 -1.71008 -1.39806 -1.62341 -1.88088 -2.17944 -1.08911 -1.39496 -1.78477 -2.18922 -5.96352
-2.65741 -34.5339 -26.8549 -6.97522 -34.4574 -25.8468 -11.1563 -33.7546 -24.5469 -15.0953 -32.4265 -23.0022 -18.6939 -30.4986 -21.2705 -22.3623 -27.5454 -19.091 -25.3511 -23.9436 -16.8498 -27.5987 -19.8179 -14.6464 -29.081 -15.3006 -12.5666 -29.7048 -11.647 -11.0962 -29.8916 -7.89468 -9.76007 -29.6594 -4.09567 -8.57113 -29.0291 -0.297417 -7.53381 -27.9281 3.75207 -6.58086 -26.4185 7.70308 -5.7875 -24.5278 11.5131 -5.1333 -22.2818 15.1437 -4.59209 -18.2206 20.2649 -3.92703 -13.4729 24.7682 -3.34136 -8.12682 28.5368 -2.72516 -2.28654 31.4528 -1.98261 3.60839 33.327 -1.09156 9.69238 34.2306 0.0154377 15.7971 34.0894 1.34546 21.7298 32.8593 2.87737 26.709 30.8348 4.37976 31.227 27.9672 5.96485 35.1291 24.321 7.58561 38.2673 19.9964 9.19729 40.5507 14.9991 10.8022 41.761 9.61793 12.332 41.7992 4.07898 13.7746 40.6072 -1.35264 15.1307 37.951 -6.74528 16.5046 33.977 -11.2772 17.8056 28.921 -14.5827 19.0439 23.1432 -16.3892 20.2173 18.0255 -16.6544 21.1478 12.9603 -15.7944 22.0026 8.15554 -13.9314 22.7577 3.73835 -11.244 23.3847 -0.804609 -7.38959 23.9045 -4.84955 -2.99149 24.1499 -8.54056 1.71284 24.045 -12.0519 6.52258 23.4956 -14.9872 10.5016 22.6063 -17.9754 14.3091 21.2602 -21.0448 17.8236 19.3985 -24.1785 20.918 16.9814 -27.6907 23.7381 13.6035 -31.0644 25.7265 9.55842 -34.1226 26.7766 4.94945 -36.6811 26.8398 -0.0653237 -38.5119 25.9855 -5.07319 -39.6225 24.2956 -10.0803 -39.9514 21.8664 -14.8918 -39.4881 18.8164 -19.3239 -38.2951 15.3319 -23.1572 -36.4463 11.4903 -26.3326 -34.0474 7.40589 -28.7454 -31.2249 3.1848 -30.3187 -27.9847 -1.24807 -31.0128 -24.5961 -5.6143 -30.7233 -21.2129 -9.80967 -29.4647 -17.9725 -13.733 -27.2882 -14.7315 -17.5867 -23.9728 -11.881 -20.8972 -19.8181 -9.45556 -23.5772 -14.9931 -7.43139 -25.5619 -9.67235 -6.07786 -26.596 -5.28939 -4.86948 -27.1622 -0.780386 -3.7394 -27.2473 3.78334 -2.61249 -26.8403 8.33046 -1.34245 -25.8698 13.0251 0.101913 -24.3417 17.5165 1.80192 -22.2677 21.6882 3.8218 -19.6811 25.4062 6.69954 -16.0074 29.0564 10.0887 -11.8684 31.6027 13.912 -7.51198 32.8292 18.0136 -3.24288 32.6006 22.4287 0.831624 30.7515 26.6247 4.08955 27.3912 30.3315 6.26811 22.8057 33.3397 7.2287 17.3705 35.0695 7.13518 12.9481 36.3003 6.3687 8.42526 37.0299 4.99107 3.93881 37.2719 3.08018 -0.40267 36.9705 0.308314 -5.1489 36.0844 -2.92897 -9.51186 34.6495 -6.50249 -13.4453 32.6935 -10.2909 -16.9271 30.3736 -13.9755 -19.8031 27.6077 -17.6548 -22.261 24.3989 -21.2321 -24.2946 20.7529 -24.6057 -25.8929 15.6124 -28.377 -27.2546 9.88989 -31.4368 -27.8794 3.72666 -33.5573 -27.7438 0.46 0.404612 0.340976 0.29006 0.0135355 -0.0530607 -0.0784 -0.0654763 -0.339258 -0.302261 -0.247836 -0.179221 -0.367459 -0.280482 -0.192044 -0.10705 -0.278623 -0.216915 -0.202516 -0.254312 -0.0534723 -0.275728 -0.653113 -1.17465 -1.06152 -1.42606 -1.61003 -1.63523 -1.65644 -1.62115 -1.51763 -1.35434 -1.69313 -1.54798 -1.30771 -0.869606 -0.820979 0.182909 1.03423 1.47152 1.37103 1.43867 1.42867 1.37583 1.21249 1.12293 1.01649 0.891861 0.873667 0.754342 0.633208 0.554136 1.84519 1.67918 1.55335 1.46397 2.15763 1.95808 1.81946 1.73787 1.87606 1.762 1.71377 1.71708 1.31609 1.34622 1.42105 1.52541 1.06197 1.19107 1.32882 1.47848 1.04804 1.21378 1.38235 1.54854 0.763867 0.763035 0.682175 0.477921 -0.323261 -0.548166 -0.803525 -1.07152 -1.1238 -1.28712 -1.46173 -1.64608 -1.59205 -1.80232 -2.02921 -2.27009 -1.97116 -2.20206 -2.45624 -2.74001 -1.61391 -1.84544 -2.11337 -2.35888 -5.8164
-0.299309 -32.1457 -24.6277 -4.55329 -32.8548 -23.5951 -8.80529 -32.9277 -22.3378 -12.9589 -32.3308 -20.9038 -16.9111 -31.0557 -19.3482 -21.1447 -28.73 -17.4517 -24.8133 -25.5806 -15.5673 -27.7953 -21.7254 -13.7857 -30.0051 -17.3118 -12.1839 -31.1482 -13.6448 -11.1132 -31.7999 -9.81812 -10.2013 -31.9655 -5.90413 -9.45756 -31.6591 -1.97014 -8.88332 -30.8223 2.22853 -8.44771 -29.4919 6.31284 -8.18847 -27.7029 10.2253 -8.08508 -25.4914 13.9168 -8.11261 -21.3801 19.0356 -8.35307 -16.5017 23.42 -8.72838 -10.9852 26.9651 -9.13429 -4.96696 29.5784 -9.47168 1.08599 31.1239 -9.64531 7.3095 31.6925 -9.60738 13.5354 31.2436 -9.30129 19.5755 29.7634 -8.68219 24.6443 27.5866 -7.83554 29.2512 24.6499 -6.69528 33.2472 21.0317 -5.25018 36.4914 16.8438 -3.49384 38.9062 12.1095 -1.36841 40.2849 7.12254 1.0794 40.5473 2.11034 3.83102 39.6568 -2.67099 6.84901 37.4346 -7.25469 10.3239 34.0211 -10.924 13.9166 29.6349 -13.4003 17.4738 24.5771 -14.5067 20.8231 20.0351 -14.3395 23.3665 15.4469 -13.2145 25.5595 10.9664 -11.2462 27.3422 6.69258 -8.586 28.6782 2.09406 -4.88495 29.6379 -2.19517 -0.73092 29.9723 -6.24576 3.65844 29.6697 -10.1496 8.08621 28.7106 -13.3815 11.6931 27.3747 -16.5993 15.0854 25.5373 -19.8083 18.1533 23.1858 -22.9837 20.7891 20.3208 -26.4362 23.1093 16.5267 -29.6676 24.6434 12.179 -32.5434 25.3071 7.38444 -34.9231 25.0596 2.288 -36.6205 23.9719 -2.7216 -37.657 22.0969 -7.67843 -37.9808 19.5125 -12.4088 -37.5797 16.3203 -16.7457 -36.5042 12.6965 -20.4834 -34.8147 8.71101 -23.569 -32.6005 4.47875 -25.9024 -29.9716 0.110969 -27.4091 -26.9253 -4.46523 -28.0487 -23.7067 -8.9556 -27.7192 -20.4568 -13.2468 -26.4328 -17.3034 -17.2295 -24.2364 -14.0999 -21.0981 -20.902 -11.2293 -24.3633 -16.7253 -8.73587 -26.9298 -11.8733 -6.61143 -28.7261 -6.52485 -5.17021 -29.5587 -2.12694 -3.87598 -29.8755 2.38265 -2.67201 -29.6662 6.92342 -1.49347 -28.9253 11.415 -0.204479 -27.5689 16.0077 1.21006 -25.6329 20.3488 2.81963 -23.1435 24.3245 4.67848 -20.1478 27.8123 7.26437 -16.008 31.1703 10.2565 -11.4318 33.452 13.6012 -6.65339 34.4918 17.1873 -1.94696 34.191 21.081 2.65055 32.3979 24.8527 6.52774 29.1956 28.285 9.42979 24.8012 31.189 11.1906 19.5116 32.9432 11.7176 15.1295 34.2719 11.5539 10.5725 35.153 10.7312 5.97843 35.5801 9.3021 1.46916 35.5157 6.97343 -3.5182 34.8757 4.03947 -8.13154 33.6917 0.624472 -12.2833 31.9967 -3.14683 -15.9171 29.9434 -6.93895 -18.8553 27.474 -10.8393 -21.288 24.6 -14.7461 -23.2133 21.329 -18.555 -24.6353 16.7008 -23.0176 -25.715 11.4972 -26.9308 -26.0463 5.78757 -30.0541 -25.6647 0.449238 0.445594 0.416532 0.381384 0.103764 0.0207452 -0.0302344 -0.047287 -0.348811 -0.335569 -0.303852 -0.256374 -0.464036 -0.393208 -0.317268 -0.241313 -0.419881 -0.359656 -0.341027 -0.385859 -0.183228 -0.427345 -0.887443 -1.56708 -1.57093 -1.95249 -2.10608 -2.09336 -2.08387 -2.02973 -1.92116 -1.76804 -2.1364 -2.04854 -1.90453 -1.60568 -1.53841 0.347573 1.59347 1.91955 1.69104 1.66801 1.60153 1.51511 1.33619 1.24217 1.13997 1.0276 1.03003 0.938788 0.84737 0.789755 2.09084 1.92571 1.79488 1.69733 2.38147 2.17203 2.02353 1.93246 2.06197 1.94128 1.89015 1.89567 1.50289 1.54699 1.63882 1.76029 1.30992 1.44753 1.58995 1.73963 1.30378 1.4579 1.60899 1.75271 0.939619 0.905444 0.791465 0.556084 -0.273912 -0.52446 -0.801102 -1.08587 -1.14892 -1.31911 -1.49863 -1.68666 -1.63621 -1.85122 -2.08519 -2.3364 -2.05063 -2.29592 -2.56336 -2.85515 -1.72559 -1.92834 -2.13541 -2.29401 -5.66344
-0.769743 -29.0138 -22.9348 -5.02335 -29.7749 -21.9382 -9.30003 -29.9296 -20.7756 -13.5168 -29.4399 -19.4933 -17.5801 -28.2879 -18.1411 -22.0089 -26.1102 -16.5375 -25.9359 -23.0913 -14.9905 -29.2194 -19.3301 -13.5758 -31.7445 -14.9632 -12.3582 -33.1167 -11.2992 -11.589 -33.9705 -7.45184 -10.9815 -34.2985 -3.502 -10.5443 -34.1054 0.471982 -10.2796 -33.3306 4.70388 -10.1828 -31.9989 8.79502 -10.2704 -30.1503 12.6727 -10.5249 -27.8312 16.2757 -10.9242 -23.4925 21.1375 -11.7611 -18.3625 25.1155 -12.7723 -12.6223 28.1241 -13.8496 -6.44668 30.1147 -14.8803 -0.322656 31.0439 -15.7108 5.89963 31.0336 -16.2938 12.075 30.1028 -16.5282 18.0523 28.2907 -16.3152 23.0907 25.9791 -15.6676 27.7219 23.0795 -14.531 31.8211 19.6804 -12.8603 35.263 15.8957 -10.6293 37.9861 11.76 -7.75826 39.7806 7.54375 -4.32817 40.5621 3.4454 -0.409597 40.2864 -0.327008 3.88637 38.8156 -3.79798 8.76621 36.2092 -6.43904 13.6911 32.62 -8.0905 18.4254 28.2566 -8.67114 22.7437 24.1453 -8.32832 25.9229 19.7922 -7.26819 28.5787 15.3254 -5.57182 30.6515 10.8488 -3.34331 32.1081 5.79462 -0.275027 33.0057 0.898686 3.15849 33.0834 -3.80531 6.78013 32.3612 -8.30788 10.4206 30.865 -11.937 13.3702 29.0296 -15.4225 16.1255 26.6847 -18.7561 18.5958 23.8521 -21.9198 20.6933 20.5612 -25.2271 22.5016 16.3791 -28.2279 23.6329 11.7516 -30.8534 23.9993 6.78458 -33.0281 23.5382 1.61193 -34.6218 22.289 -3.39408 -35.6768 20.2548 -8.2838 -36.1535 17.4753 -12.8889 -36.034 14.0242 -17.0406 -35.3419 10.0734 -20.5293 -34.1142 5.6998 -23.2904 -32.4102 1.04768 -25.2173 -30.3103 -3.72815 -26.2376 -27.8065 -8.66351 -26.3001 -25.0951 -13.3939 -25.3499 -22.2924 -17.7662 -23.4371 -19.5042 -21.6504 -20.6497 -16.5836 -25.2069 -16.7552 -13.8591 -27.9697 -12.141 -11.3677 -29.8825 -6.99513 -9.10606 -30.9216 -1.50408 -7.47204 -31.125 2.90052 -5.92159 -30.8026 7.32816 -4.41268 -29.9658 11.7025 -2.89696 -28.6301 15.9487 -1.23619 -26.7029 20.2057 0.546771 -24.274 24.1447 2.50283 -21.3856 27.6697 4.67044 -18.0949 30.6809 7.56089 -13.741 33.4719 10.7779 -9.08853 35.2345 14.27 -4.34144 35.8439 17.9392 0.26922 35.2277 21.8735 4.74686 33.2314 25.6615 8.5335 29.9411 29.1047 11.4059 25.5358 32.0217 13.2075 20.2671 33.7839 13.8059 15.8974 35.1138 13.7389 11.3383 35.9823 13.027 6.72337 36.3766 11.7112 2.17677 36.2422 9.50563 -2.86486 35.495 6.67718 -7.52771 34.1694 3.34753 -11.7058 32.3063 -0.355744 -15.3274 30.0812 -4.0938 -18.2092 27.4408 -7.94413 -20.54 24.4106 -11.7999 -22.3232 21.0101 -15.5549 -23.5744 16.2697 -19.9489 -24.4247 11.014 -23.8041 -24.548 5.30074 -26.8994 -24.0206 0.499353 0.511343 0.494228 0.46543 0.187661 0.0968713 0.0320609 -0.00284602 -0.322155 -0.324859 -0.308867 -0.276274 -0.497654 -0.438084 -0.370485 -0.300008 -0.481828 -0.420415 -0.397719 -0.440474 -0.248229 -0.535621 -1.10033 -1.89439 -1.88983 -2.20224 -2.29396 -2.24015 -2.20732 -2.14404 -2.03789 -1.897 -2.28788 -2.23548 -2.1467 -1.94649 -2.03954 0.306685 1.73878 1.98437 1.70318 1.65117 1.57186 1.48373 1.3117 1.23034 1.14712 1.05991 1.09461 1.04027 0.981923 0.942764 2.24474 2.06675 1.91443 1.79176 2.45108 2.21931 2.05185 1.94561 2.0638 1.93643 1.88451 1.8962 1.5177 1.58388 1.70207 1.85015 1.42034 1.57253 1.72506 1.87997 1.44455 1.59429 1.73712 1.86996 1.04364 0.995008 0.868071 0.622005 -0.21647 -0.473239 -0.753894 -1.04081 -1.1044 -1.27434 -1.45314 -1.64026 -1.58913 -1.80446 -2.04067 -2.29686 -2.01897 -2.27459 -2.55393 -2.8574 -1.7379 -1.9437 -2.14266 -2.28261 -5.68175
-1.15589 -28.0005 -25.3632 -5.42044 -28.7797 -24.4293 -9.70349 -28.9724 -23.2963 -13.9243 -28.5429 -22.0057 -17.9937 -27.4733 -20.605 -22.4395 -25.4155 -18.8937 -26.4021 -22.5308 -17.1892 -29.7448 -18.9031 -15.5784 -32.3529 -14.6529 -14.1424 -33.8018 -11.0584 -13.2042 -34.7398 -7.2595 -12.4371 -35.1551 -3.33595 -11.8599 -35.0487 0.632321 -11.4839 -34.363 4.87702 -11.3076 -33.1141 8.99474 -11.364 -31.3417 12.9065 -11.6381 -29.0935 16.5458 -12.1071 -24.8571 21.4604 -13.1379 -19.8286 25.4882 -14.4237 -14.1895 28.5546 -15.8239 -8.10736 30.6295 -17.1897 -2.05122 31.6843 -18.3154 4.14127 31.862 -19.1391 10.343 31.1968 -19.5297 16.4179 29.7389 -19.3623 21.6112 27.8248 -18.646 26.4631 25.4005 -17.3305 30.8457 22.5527 -15.3733 34.6279 19.3881 -12.7603 37.7515 15.9451 -9.42092 39.9905 12.4539 -5.47622 41.2517 9.07582 -1.03094 41.4792 5.9711 3.77233 40.5566 3.09911 9.15045 38.4717 0.867403 14.5073 35.3329 -0.615753 19.6036 31.2988 -1.29517 24.2175 27.3367 -1.24167 27.5977 22.9948 -0.641666 30.4111 18.3954 0.452277 32.5965 13.651 1.96974 34.1179 8.14944 4.13032 35.029 2.70482 6.6043 35.0571 -2.59297 9.25318 34.2312 -7.67884 11.9396 32.5934 -11.7534 14.123 30.6263 -15.6221 16.1597 28.1516 -19.2639 17.9726 25.2038 -22.6565 19.4858 21.8216 -26.1307 20.7367 17.5715 -29.2179 21.4187 12.9129 -31.8694 21.4405 7.94622 -34.0316 20.726 2.7972 -35.5959 19.2984 -2.17021 -36.6185 17.125 -7.00665 -37.0687 14.222 -11.5377 -36.9337 10.6462 -15.5819 -36.2395 6.56518 -18.9169 -35.0238 2.06002 -21.4634 -33.3464 -2.70832 -23.1092 -31.2882 -7.56244 -23.7875 -28.8415 -12.5152 -23.449 -26.1945 -17.1802 -22.0842 -23.4514 -21.3991 -19.7806 -20.6998 -25.0503 -16.6616 -17.7686 -28.2842 -12.5027 -14.9535 -30.6835 -7.74192 -12.2692 -32.223 -2.56788 -9.70041 -32.9032 2.8437 -7.74812 -32.8473 7.12123 -5.81711 -32.2877 11.3721 -3.87792 -31.2377 15.5253 -1.8998 -29.713 19.5095 0.259945 -27.6124 23.4487 2.52516 -25.0366 27.0304 4.9174 -22.0273 30.1634 7.44738 -18.6405 32.7563 10.6435 -14.1996 35.0289 14.0015 -9.48054 36.2759 17.4612 -4.67254 36.3978 20.935 0.00933462 35.3423 24.5143 4.5877 32.9464 27.8418 8.50591 29.3286 30.7719 11.534 24.664 33.1737 13.4994 19.1976 34.5729 14.2143 14.7155 35.578 14.2505 10.0736 36.17 13.6243 5.40286 36.3419 12.3757 0.823575 36.0195 10.2272 -4.23416 35.1544 7.43942 -8.90112 33.7709 4.1404 -13.0848 31.8954 0.463157 -16.7264 29.6853 -3.25091 -19.6504 27.0718 -7.07627 -22.0515 24.0682 -10.9056 -23.9341 20.6854 -14.6327 -25.3104 15.9487 -18.9916 -26.3426 10.6776 -22.8148 -26.6572 4.93882 -25.8879 -26.3077 0.477599 0.482714 0.46112 0.430667 0.15397 0.0667019 0.00670821 -0.0229332 -0.337482 -0.336017 -0.315718 -0.27856 -0.494892 -0.42961 -0.355532 -0.277914 -0.450167 -0.377183 -0.343531 -0.376532 -0.175899 -0.45365 -0.999242 -1.7632 -1.743 -2.05529 -2.15229 -2.10547 -2.08052 -2.02579 -1.92855 -1.79654 -2.19605 -2.15098 -2.06712 -1.87367 -2.04931 -0.308335 1.37566 1.77307 1.54758 1.52005 1.4528 1.372 1.20535 1.12928 1.05248 0.973575 1.01968 0.980336 0.939666 0.916218 2.22886 2.05616 1.90496 1.78103 2.43859 2.2059 2.03911 1.9352 2.05713 1.93436 1.8873 1.90413 1.53207 1.6075 1.73883 1.90423 1.49251 1.66155 1.83038 1.99962 1.5755 1.73209 1.8764 2.00544 1.16983 1.10646 0.962154 0.697857 -0.15912 -0.434014 -0.73179 -1.03504 -1.11253 -1.29419 -1.48446 -1.68263 -1.64259 -1.8681 -2.11196 -2.37244 -2.09512 -2.34816 -2.62276 -2.9209 -1.79699 -2.00266 -2.20761 -2.35836 -5.74599
1.22685 -28.8283 -24.7881 -2.9881 -29.7484 -23.7619 -7.24274 -30.0301 -22.5436 -11.4463 -29.64 -21.1859 -15.5013 -28.5661 -19.7473 -19.9268 -26.4598 -18.0425 -23.8635 -23.4979 -16.412 -27.1791 -19.7837 -14.949 -29.7698 -15.455 -13.7329 -31.222 -11.8133 -13.0055 -32.1853 -7.9802 -12.4772 -32.6547 -4.03352 -12.1558 -32.6359 -0.0477778 -12.0398 -32.085 4.21911 -12.1338 -31.011 8.37546 -12.4335 -29.4474 12.3564 -12.9094 -27.4316 16.1079 -13.5267 -23.5661 21.2968 -14.6652 -18.8787 25.7315 -15.8999 -13.5059 29.3208 -17.0887 -7.58878 31.9922 -18.0956 -1.59426 33.6266 -18.7674 4.60778 34.337 -19.0621 10.8507 34.1025 -18.8964 16.9498 32.9288 -18.2035 22.1125 31.1196 -17.0981 26.8605 28.6505 -15.5146 31.0575 25.6075 -13.4473 34.5794 22.1038 -10.9041 37.3799 18.1751 -7.82419 39.2687 14.0754 -4.30468 40.1826 9.98921 -0.402064 40.0895 6.10994 3.80567 38.8676 2.38015 8.56165 36.5396 -0.664028 13.3925 33.2192 -2.83864 18.1116 29.0727 -4.02086 22.5198 25.0782 -4.20961 25.8568 20.769 -3.67388 28.7326 16.2703 -2.47357 31.0667 11.6907 -0.70057 32.802 6.44254 1.89877 34.0124 1.28989 4.91378 34.3662 -3.7129 8.15154 33.8621 -8.53461 11.4219 32.5126 -12.4306 14.0534 30.7418 -16.1672 16.4704 28.4106 -19.722 18.5701 25.5482 -23.0636 20.2554 22.1968 -26.5043 21.5456 17.9312 -29.5574 22.0992 13.2332 -32.1484 21.8371 8.24164 -34.2052 20.715 3.12218 -35.6188 18.8265 -1.73535 -36.4465 16.1769 -6.3673 -36.6717 12.8364 -10.6042 -36.3019 8.90708 -14.2898 -35.387 4.58742 -17.25 -33.9757 -0.0422549 -19.4485 -32.1343 -4.8368 -20.8199 -29.9395 -9.65132 -21.3323 -27.3668 -14.5369 -20.9544 -24.591 -19.1526 -19.6811 -21.6971 -23.3737 -17.5743 -18.7591 -27.094 -14.718 -15.5799 -30.4754 -10.8702 -12.4797 -33.0694 -6.3974 -9.49806 -34.8081 -1.45442 -6.65608 -35.6437 3.79642 -4.53719 -35.6483 7.99429 -2.5029 -35.0796 12.1955 -0.544528 -33.9414 16.3163 1.35054 -32.2464 20.272 3.29692 -29.8809 24.172 5.21035 -26.9625 27.6957 7.1113 -23.5469 30.7476 9.01884 -19.7056 33.2376 11.3241 -14.6804 35.3669 13.6782 -9.35534 36.4641 16.0834 -3.94096 36.4458 18.5243 1.3286 35.273 21.1123 6.4889 32.7857 23.6352 10.9226 29.1128 26.0091 14.3756 24.4272 28.1402 16.6545 18.9702 29.5306 17.5236 14.5127 30.6895 17.6401 9.90814 31.5833 17.0216 5.2846 32.1834 15.7126 0.758595 32.483 13.4166 -4.23532 32.3319 10.4089 -8.84305 31.7111 6.82824 -12.9776 30.6063 2.81809 -16.583 29.101 -1.24977 -19.484 27.1418 -5.45699 -21.8693 24.7224 -9.68619 -23.7374 21.8405 -13.8197 -25.0931 17.6037 -18.675 -26.081 12.6927 -22.9557 -26.3208 7.18808 -26.4186 -25.8639 0.581102 0.591912 0.57446 0.547118 0.273041 0.188339 0.130741 0.103317 -0.209539 -0.207259 -0.187084 -0.151439 -0.371094 -0.311291 -0.245363 -0.1787 -0.36845 -0.321228 -0.316448 -0.377888 -0.196925 -0.469409 -0.956692 -1.62789 -1.58297 -1.92306 -2.05312 -2.02959 -2.01712 -1.96584 -1.86545 -1.72628 -2.11678 -2.06414 -1.97987 -1.80794 -2.08244 -0.571902 1.43151 1.91655 1.70502 1.67401 1.59683 1.5018 1.31837 1.22421 1.12665 1.02464 1.04484 0.979191 0.918162 0.883727 2.19533 2.02908 1.88876 1.77704 2.44551 2.22076 2.05809 1.95431 2.07279 1.94427 1.89163 1.90602 1.53756 1.62484 1.7743 1.95938 1.56189 1.73772 1.90647 2.06821 1.62908 1.76381 1.88156 1.98137 1.11288 1.01488 0.838511 0.545211 -0.33833 -0.637263 -0.955958 -1.27705 -1.36746 -1.55809 -1.75497 -1.95702 -1.91769 -2.1392 -2.37374 -2.61948 -2.3229 -2.55344 -2.8031 -3.07535 -1.92311 -2.10063 -2.28256 -2.41622 -5.8972
1.19861 -29.6881 -24.2507 -2.97169 -30.5113 -22.9872 -7.15296 -30.6349 -21.515 -11.2398 -30.0361 -19.9013 -15.1263 -28.7193 -18.2199 -19.2874 -26.311 -16.267 -22.899 -23.0599 -14.4462 -25.8525 -19.0975 -12.8635 -28.0747 -14.5804 -11.6039 -29.2608 -10.8402 -10.8943 -29.9869 -6.94756 -10.4249 -30.2584 -2.97579 -10.1986 -30.0884 1.00804 -10.2076 -29.43 5.25313 -10.4616 -28.3056 9.37962 -10.9375 -26.7437 13.3351 -11.5959 -24.7728 17.0768 -12.3921 -21.0364 22.2997 -13.7789 -16.5092 26.8434 -15.201 -11.2894 30.619 -16.4895 -5.4901 33.5406 -17.4875 0.435399 35.4487 -18.0392 6.60549 36.4398 -18.1065 12.8361 36.4644 -17.6215 18.9173 35.5034 -16.5481 24.037 33.8292 -15.0872 28.6998 31.4351 -13.1703 32.7589 28.4034 -10.8294 36.0879 24.8469 -8.10591 38.638 20.7985 -4.96425 40.2351 16.5139 -1.52128 40.831 12.179 2.16877 40.4089 7.98996 6.04641 38.8351 3.86596 10.3521 36.1689 0.382868 14.6861 32.5328 -2.24582 18.916 28.102 -3.8585 22.8898 23.9011 -4.36101 25.9274 19.4256 -4.07159 28.5757 14.8095 -3.03602 30.7541 10.1676 -1.34033 32.3986 4.9186 1.27572 33.5689 -0.163106 4.40839 33.9264 -5.03203 7.84692 33.4413 -9.66724 11.3788 32.0974 -13.3722 14.257 30.3008 -16.8884 16.9274 27.9041 -20.1928 19.2687 24.9312 -23.2515 21.1657 21.4263 -26.3332 22.6392 16.9508 -28.9824 23.3053 12.0278 -31.1304 23.0814 6.82833 -32.7198 21.9303 1.55129 -33.6843 19.9657 -3.38533 -34.0893 17.2109 -8.01217 -33.9476 13.7541 -12.1583 -33.2941 9.71072 -15.6774 -32.2023 5.28835 -18.4178 -30.7283 0.565864 -20.3632 -28.9412 -4.31666 -21.4707 -26.9112 -9.22297 -21.7287 -24.611 -14.2189 -21.1117 -22.1864 -18.9701 -19.636 -19.6928 -23.3589 -17.3662 -17.1736 -27.2813 -14.383 -14.4376 -30.9174 -10.4283 -11.7356 -33.789 -5.8677 -9.08447 -35.8075 -0.843397 -6.49438 -36.8995 4.49001 -4.5185 -37.0697 8.75368 -2.58665 -36.6253 13.0178 -0.700932 -35.5623 17.1922 1.13717 -33.8901 21.1843 3.02296 -31.4942 25.0955 4.85616 -28.4966 28.5953 6.63987 -24.9647 31.585 8.37955 -20.9837 33.9765 10.4076 -15.7785 35.9498 12.3994 -10.2749 36.8687 14.3698 -4.69102 36.6723 16.3286 0.739764 35.3415 18.3934 6.06816 32.7227 20.4307 10.6732 28.9601 22.4066 14.3014 24.2225 24.2694 16.7522 18.7419 25.5618 17.7402 14.2796 26.719 17.9594 9.67841 27.7063 17.4215 5.06383 28.4885 16.1666 0.55031 29.0952 13.8968 -4.42768 29.3311 10.8739 -9.02189 29.15 7.23595 -13.149 28.5086 3.12677 -16.7551 27.4379 -1.07158 -19.6632 25.8855 -5.44063 -22.0571 23.8253 -9.85521 -23.9269 21.2399 -14.1855 -25.2663 17.2751 -19.2772 -26.1904 12.5295 -23.7459 -26.2966 7.10966 -27.3057 -25.6232 0.524909 0.533363 0.516799 0.49445 0.230306 0.160863 0.121669 0.114288 -0.18045 -0.163005 -0.128806 -0.0808475 -0.289939 -0.221805 -0.15067 -0.0819469 -0.273008 -0.233263 -0.241005 -0.318767 -0.154788 -0.437561 -0.911903 -1.53723 -1.45576 -1.78987 -1.92831 -1.91538 -1.91082 -1.86292 -1.76075 -1.61452 -1.99192 -1.91874 -1.80432 -1.58723 -1.81627 -0.557765 1.16649 1.78241 1.64812 1.65832 1.60382 1.52239 1.34718 1.25892 1.1668 1.07077 1.09871 1.0434 0.99412 0.971 2.29215 2.13291 1.99679 1.88622 2.55269 2.32272 2.15135 2.03503 2.13645 1.98611 1.90785 1.8947 1.49872 1.56341 1.70047 1.8847 1.49454 1.68024 1.85941 2.02991 1.59654 1.73299 1.84831 1.94212 1.06408 0.953299 0.763025 0.455599 -0.442087 -0.754792 -1.08628 -1.41903 -1.51857 -1.71604 -1.91859 -2.12485 -2.08801 -2.30932 -2.54031 -2.77902 -2.4725 -2.69111 -2.9277 -3.18715 -2.02269 -2.19184 -2.37215 -2.50984 -5.93945
0.0331526 -29.5409 -25.6769 -4.10908 -30.3462 -24.3136 -8.22931 -30.4261 -22.6757 -12.2108 -29.7587 -20.8406 -15.9407 -28.3548 -18.8956 -19.8526 -25.8346 -16.5991 -23.1557 -22.4797 -14.4169 -25.7637 -18.4369 -12.4718 -27.6321 -13.8714 -10.8613 -28.5608 -10.1158 -9.89524 -29.0543 -6.22339 -9.18442 -29.1275 -2.26207 -8.73435 -28.7994 1.70712 -8.5398 -28.0186 5.93859 -8.60006 -26.8209 10.0601 -8.91224 -25.2312 14.0241 -9.43982 -23.2714 17.7907 -10.1404 -19.6101 23.0858 -11.4518 -15.198 27.7383 -12.8837 -10.1027 31.65 -14.2617 -4.41169 34.7226 -15.4171 1.44318 36.776 -16.1659 7.58308 37.9043 -16.458 13.8258 38.0515 -16.2057 19.9576 37.1963 -15.3537 25.1496 35.6034 -14.0677 29.9048 33.2805 -12.2958 34.0716 30.3121 -10.0653 37.5191 26.8122 -7.41709 40.1982 22.8138 -4.31907 41.9278 18.5678 -0.892264 42.6556 14.255 2.79995 42.3606 10.0644 6.68765 40.9128 5.90316 11.0018 38.3553 2.33512 15.3322 34.8026 -0.435773 19.5421 30.4205 -2.25327 23.4814 26.2267 -2.97664 26.484 21.722 -2.94601 29.0981 17.0385 -2.19706 31.25 12.2927 -0.802851 32.8813 6.88637 1.46671 34.0585 1.62008 4.27348 34.4502 -3.44404 7.42655 34.0283 -8.26781 10.732 32.7751 -12.1138 13.4791 31.0719 -15.7473 16.0824 28.7785 -19.1393 18.4288 25.9103 -22.2518 20.4084 22.4996 -25.3507 22.0672 18.1015 -27.9701 23.0089 13.2076 -30.0417 23.1333 7.97396 -31.5111 22.377 2.59186 -32.3256 20.8054 -2.50981 -32.5554 18.429 -7.35341 -32.2268 15.3103 -11.7495 -31.3918 11.5454 -15.5295 -30.1463 7.32687 -18.5148 -28.5637 2.73453 -20.6747 -26.7325 -2.08948 -21.9533 -24.7389 -7.00277 -22.333 -22.5732 -12.0671 -21.7915 -20.3855 -16.941 -20.3459 -18.2265 -21.5015 -18.0718 -16.1256 -25.6422 -15.0599 -13.9159 -29.5698 -11.0552 -11.7786 -32.7905 -6.42857 -9.69042 -35.2147 -1.31886 -7.62027 -36.7628 4.12763 -5.99374 -37.3145 8.50506 -4.34574 -37.2638 12.9089 -2.66657 -36.5941 17.2498 -0.950795 -35.3012 21.4327 0.898827 -33.2762 25.5645 2.7862 -30.6076 29.2942 4.70315 -27.3553 32.5102 6.63859 -23.6027 35.1114 8.95517 -18.6081 37.2997 11.2584 -13.2588 38.3867 13.5265 -7.78604 38.3124 15.7378 -2.4325 37.067 17.9954 2.84934 34.5139 20.1332 7.45313 30.806 22.1161 11.1419 26.1183 23.9038 13.7318 20.6768 25.0985 14.884 16.2267 26.1348 15.3178 11.6119 26.9901 15.0394 6.94826 27.6409 14.079 2.34254 28.108 12.1778 -2.80215 28.229 9.53156 -7.62744 27.9642 6.25725 -12.0444 27.2723 2.48001 -15.9883 26.1821 -1.44664 -19.2474 24.6328 -5.59514 -22.0077 22.5905 -9.84553 -24.242 20.029 -14.0685 -25.9256 16.0903 -19.099 -27.2225 11.3564 -23.5652 -27.6005 5.93634 -27.148 -27.065 0.434858 0.431381 0.408066 0.384786 0.125844 0.068128 0.045331 0.0574768 -0.218369 -0.184048 -0.133084 -0.0689416 -0.262407 -0.179878 -0.0959741 -0.0158511 -0.193932 -0.139787 -0.1329 -0.19443 -0.0124328 -0.277775 -0.745991 -1.39534 -1.35223 -1.71039 -1.8598 -1.85161 -1.84973 -1.8041 -1.70412 -1.55971 -1.93797 -1.86355 -1.74461 -1.52046 -1.76209 -0.679489 0.900146 1.60643 1.5312 1.57464 1.54094 1.47514 1.31258 1.23568 1.15554 1.07265 1.11612 1.0786 1.04643 1.03837 2.37106 2.21959 2.08787 1.97873 2.64416 2.41103 2.23437 2.11032 2.20067 2.03479 1.93591 1.89677 1.46879 1.4977 1.60129 1.7602 1.35843 1.5433 1.72986 1.91405 1.4987 1.65515 1.78984 1.90101 1.0389 0.941564 0.761148 0.460692 -0.432116 -0.741625 -1.07128 -1.40327 -1.50284 -1.70076 -1.90412 -2.11158 -2.07647 -2.30022 -2.53432 -2.77686 -2.4749 -2.69889 -2.94205 -3.20968 -2.05696 -2.24341 -2.44576 -2.60813 -5.96711
-1.29955 -29.4689 -27.5246 -5.34908 -30.1314 -25.843 -9.29859 -30.0638 -23.8275 -13.0306 -29.2511 -21.5743 -16.4395 -27.7123 -19.1916 -19.9042 -25.0577 -16.3849 -22.7147 -21.602 -13.7226 -24.8217 -17.4956 -11.3506 -26.217 -12.9016 -9.38168 -26.8221 -9.14393 -8.19261 -27.0388 -5.26235 -7.30584 -26.89 -1.32008 -6.72597 -26.3995 2.62713 -6.44495 -25.5123 6.83799 -6.45553 -24.2775 10.9494 -6.75631 -22.7142 14.9213 -7.30289 -20.8354 18.7212 -8.04458 -17.3793 24.1299 -9.44594 -13.2239 28.9843 -10.9725 -8.38853 33.1884 -12.4243 -2.91912 36.6294 -13.6106 2.78598 39.0759 -14.3339 8.84275 40.602 -14.5423 15.0594 41.1115 -14.1552 21.1998 40.5461 -13.1388 26.4048 39.1274 -11.7093 31.1572 36.8873 -9.82668 35.2901 33.9077 -7.54881 38.6645 30.3062 -4.94284 41.2273 26.1189 -1.99994 42.8054 21.6089 1.15167 43.358 16.9683 4.4564 42.8772 12.3966 7.86687 41.2306 7.7784 11.6065 38.4866 3.7229 15.3544 34.7671 0.458079 19.0327 30.244 -1.82987 22.5441 25.9556 -2.9079 25.2964 21.3831 -3.17498 27.7758 16.6612 -2.65422 29.9111 11.9065 -1.41185 31.6365 6.52189 0.77956 33.0395 1.30046 3.60718 33.7511 -3.70959 6.87252 33.705 -8.48279 10.3706 32.8417 -12.2947 13.33 31.4452 -15.9011 16.1793 29.4169 -19.2679 18.7905 26.7552 -22.3476 21.0371 23.483 -25.387 22.978 19.1594 -27.9084 24.1655 14.2676 -29.8351 24.4883 8.98725 -31.1134 23.8817 3.53782 -31.7116 22.4145 -1.6245 -31.7107 20.1143 -6.51015 -31.1584 17.054 -10.9248 -30.129 13.3365 -14.7039 -28.7393 9.15592 -17.6789 -27.0729 4.58957 -19.8308 -25.2256 -0.227026 -21.1141 -23.2853 -5.15963 -21.5188 -21.245 -10.2809 -21.0285 -19.245 -15.2564 -19.6589 -17.323 -19.9673 -17.4809 -15.4926 -24.3089 -14.5771 -13.5955 -28.5103 -10.6918 -11.7666 -32.0552 -6.1713 -9.95988 -34.8423 -1.13996 -8.1237 -36.7749 4.26743 -6.63504 -37.6271 8.64573 -5.07977 -37.866 13.077 -3.44497 -37.4638 17.4676 -1.72496 -36.407 21.7145 0.178483 -34.5895 25.9178 2.1632 -32.0829 29.7088 4.21059 -28.9493 32.9621 6.29695 -25.28 35.5653 8.80209 -20.3543 37.7015 11.2814 -15.0627 38.6777 13.6944 -9.6567 38.446 16.0064 -4.39217 37.0174 18.3152 0.768317 34.2693 20.4474 5.23407 30.3932 22.3756 8.79058 25.5821 24.0728 11.2822 20.0662 25.1852 12.4 15.5861 26.1343 12.8427 10.9534 26.903 12.6205 6.27172 27.4714 11.7631 1.63488 27.8507 10.0328 -3.57694 27.8911 7.59964 -8.5144 27.5487 4.56369 -13.0933 26.7763 1.03283 -17.2451 25.6009 -2.66681 -20.7322 23.9527 -6.60448 -23.7335 21.7955 -10.6657 -26.1998 19.1046 -14.7217 -28.0805 14.9952 -19.5684 -29.5373 10.1072 -23.8637 -29.934 4.59165 -27.2703 -29.245 0.24149 0.234457 0.217299 0.208201 -0.029058 -0.0588137 -0.0511051 -0.00730507 -0.254963 -0.196728 -0.123095 -0.0382321 -0.212975 -0.114635 -0.0186778 0.0699296 -0.101629 -0.0450965 -0.0392478 -0.102585 0.0807404 -0.1743 -0.616941 -1.23767 -1.19644 -1.57809 -1.7521 -1.76213 -1.77154 -1.73086 -1.63023 -1.48048 -1.84915 -1.76182 -1.62917 -1.39866 -1.6799 -0.814969 0.596804 1.44446 1.46663 1.5581 1.54746 1.49243 1.3335 1.25706 1.1758 1.09131 1.13364 1.09651 1.06658 1.06301 2.40144 2.25572 2.12872 2.02237 2.68798 2.4521 2.26955 2.13635 2.21412 2.03234 1.91508 1.85607 1.4073 1.41684 1.50609 1.65833 1.25855 1.45102 1.64968 1.8488 1.4497 1.62203 1.77055 1.89293 1.04009 0.949552 0.773231 0.474819 -0.417489 -0.727748 -1.05903 -1.39313 -1.49469 -1.69413 -1.89866 -2.10676 -2.07168 -2.29477 -2.52779 -2.7695 -2.46789 -2.69441 -2.94355 -3.22196 -2.08815 -2.30472 -2.54323 -2.73884 -5.92188
-1.07312 -30.9196 -25.1506 -5.14522 -31.3572 -23.45 -9.11025 -31.0689 -21.4852 -12.8587 -30.0499 -19.346 -16.292 -28.3266 -17.1306 -19.8025 -25.4893 -14.5703 -22.6814 -21.8888 -12.1876 -24.8793 -17.6736 -10.1068 -26.3848 -13.0021 -8.42194 -27.0838 -9.20197 -7.4367 -27.3993 -5.28925 -6.73597 -27.3511 -1.3237 -6.32125 -26.9599 2.64213 -6.18303 -26.175 6.87099 -6.32271 -25.0351 11.0007 -6.72834 -23.5571 14.9929 -7.35848 -21.7531 18.8154 -8.16634 -18.39 24.2624 -9.64372 -14.3048 29.1559 -11.2335 -9.52107 33.3949 -12.7535 -4.08868 36.862 -14.0304 1.59342 39.3228 -14.876 7.64129 40.8518 -15.2533 13.8686 41.3517 -15.0888 20.0462 40.7623 -14.3497 25.3121 39.3067 -13.2095 30.1536 37.0118 -11.6472 34.4029 33.9559 -9.70985 37.9171 30.2544 -7.45229 40.6417 25.9385 -4.86153 42.3934 21.2746 -2.04322 43.1251 16.4574 0.960391 42.8236 11.6909 4.11499 41.3662 6.8488 7.64402 38.8041 2.56414 11.2635 35.2572 -0.923381 14.9077 30.8966 -3.4137 18.4865 26.7387 -4.63557 21.3754 22.2917 -5.01296 24.0602 17.6922 -4.56219 26.4621 13.0586 -3.3449 28.5053 7.81168 -1.12407 30.3226 2.72385 1.79615 31.4852 -2.16339 5.21649 31.911 -6.8353 8.9299 31.525 -10.5893 12.1138 30.5205 -14.1713 15.2227 28.8644 -17.5552 18.1205 26.5426 -20.6992 20.6688 23.5659 -23.8693 22.947 19.509 -26.581 24.4465 14.8084 -28.7491 25.0315 9.64552 -30.3074 24.6183 4.25115 -31.1972 23.263 -0.899751 -31.498 21.0042 -5.79541 -31.2474 17.9248 -10.2243 -30.5111 14.1441 -14.009 -29.3949 9.87631 -16.9754 -27.9811 5.21466 -19.1036 -26.3603 0.308079 -20.3516 -24.6151 -4.70014 -20.714 -22.7401 -9.8796 -20.177 -20.8631 -14.8901 -18.7618 -19.0201 -19.6123 -16.5403 -17.2254 -23.9409 -13.5953 -15.3209 -28.099 -9.66716 -13.4423 -31.5666 -5.10727 -11.5513 -34.2384 -0.0444642 -9.60531 -36.0151 5.37801 -8.01972 -36.7178 9.74881 -6.36235 -36.7859 14.1488 -4.62433 -36.1975 18.4784 -2.80331 -34.9477 22.6298 -0.798103 -32.9315 26.6928 1.28276 -30.2452 30.305 3.42189 -26.9646 33.3474 5.59871 -23.1917 35.7181 8.21636 -18.2079 37.5649 10.8223 -12.9328 38.2602 13.3849 -7.61318 37.7738 15.8751 -2.49534 36.1284 18.4058 2.45583 33.1967 20.7883 6.66772 29.1845 22.9829 9.93297 24.282 24.9447 12.0998 18.7169 26.2428 12.951 14.2282 27.3557 13.1109 9.61359 28.2584 12.5926 4.97949 28.9246 11.4297 0.42289 29.3666 9.34179 -4.65113 29.4131 6.55772 -9.39955 29.0219 3.19089 -13.7368 28.1512 -0.636602 -17.596 26.8454 -4.57253 -20.7634 25.0411 -8.69082 -23.4117 22.714 -12.8668 -25.5034 19.8525 -16.9644 -27.0035 15.5473 -21.7565 -28.0041 10.5023 -25.8855 -28.0066 4.87912 -29.035 -27.0266 0.347613 0.34616 0.332726 0.325383 0.0879723 0.0559851 0.0595681 0.0974681 -0.156822 -0.105284 -0.0390214 0.0380744 -0.144704 -0.0541168 0.0348861 0.117603 -0.0597997 -0.00700911 -0.00122783 -0.0603471 0.131969 -0.110643 -0.545957 -1.18808 -1.19432 -1.61281 -1.80652 -1.82566 -1.8393 -1.80074 -1.7016 -1.55368 -1.92582 -1.84587 -1.72907 -1.53441 -1.89348 -1.15268 0.381383 1.43626 1.5165 1.62231 1.61638 1.56329 1.40457 1.32691 1.24251 1.15226 1.18498 1.13282 1.08287 1.05804 2.37673 2.21412 2.07326 1.95606 2.61356 2.37181 2.18517 2.0494 2.12597 1.94451 1.8293 1.77428 1.3319 1.35044 1.45052 1.61423 1.22383 1.42294 1.62617 1.82771 1.42929 1.6011 1.74867 1.87028 1.01722 0.927418 0.7529 0.457298 -0.43122 -0.73678 -1.06268 -1.39088 -1.48704 -1.68181 -1.88179 -2.0856 -2.04637 -2.26574 -2.49596 -2.73581 -2.43322 -2.65935 -2.90827 -3.18611 -2.05057 -2.26257 -2.49322 -2.67869 -5.95921
1.53868 -30.266 -26.3317 -2.58428 -30.6671 -24.7487 -6.61281 -30.3643 -22.9199 -10.4457 -29.3552 -20.9307 -13.9912 -27.6644 -18.8726 -17.6733 -24.8859 -16.4956 -20.7658 -21.3532 -14.2852 -23.2102 -17.2011 -12.3581 -24.9799 -12.577 -10.8042 -25.882 -8.79886 -9.90342 -26.392 -4.89475 -9.27276 -26.5222 -0.925618 -8.91361 -26.2873 3.05373 -8.81588 -25.6414 7.30511 -8.98098 -24.6066 11.462 -9.39072 -23.1992 15.4828 -10.0006 -21.433 19.3327 -10.7601 -18.072 24.8158 -12.1026 -13.9418 29.7381 -13.4721 -9.09106 34.0014 -14.6793 -3.59711 37.4964 -15.5534 2.11655 39.9978 -15.9461 8.15804 41.5925 -15.8283 14.343 42.1929 -15.1627 20.4588 41.7404 -13.9594 25.6761 40.4301 -12.4725 30.4978 38.2853 -10.6562 34.774 35.3606 -8.58059 38.3712 31.7433 -6.31699 41.2378 27.4375 -3.86665 43.1776 22.683 -1.33785 44.1238 17.6593 1.23694 44.0395 12.5647 3.84473 42.7908 7.23866 6.69044 40.3816 2.35504 9.58354 36.91 -1.80876 12.522 32.5396 -4.99843 15.4797 28.3161 -6.7801 17.9526 23.772 -7.64991 20.3445 19.0721 -7.59432 22.5883 14.3646 -6.65709 24.6102 9.09607 -4.6091 26.563 4.07214 -1.70787 28.0149 -0.669302 1.83739 28.8605 -5.13678 5.81091 28.9949 -8.70154 9.3126 28.4759 -12.1034 12.8241 27.3204 -15.3394 16.1981 25.4809 -18.3854 19.2757 22.9336 -21.5162 22.1733 19.2593 -24.2626 24.2662 14.8124 -26.5261 25.3626 9.77525 -28.2203 25.3355 4.4062 -29.2612 24.2141 -0.772542 -29.7221 22.0627 -5.70397 -29.637 18.9907 -10.1442 -29.0737 15.1532 -13.9014 -28.139 10.8006 -16.8066 -26.921 6.0493 -18.8562 -25.51 1.06014 -20.0296 -23.9862 -4.0232 -20.3408 -22.3482 -9.28085 -19.7883 -20.709 -14.3812 -18.399 -19.0986 -19.2151 -16.2377 -17.5275 -23.6816 -13.3718 -15.8541 -28.0158 -9.52979 -14.1934 -31.6713 -5.03252 -12.509 -34.5183 0.00768368 -10.7609 -36.4279 5.45232 -9.32574 -37.1856 9.86571 -7.81683 -37.2555 14.3188 -6.2263 -36.612 18.6969 -4.552 -35.254 22.876 -2.69989 -33.0782 26.9293 -0.767815 -30.2064 30.481 1.23144 -26.7392 33.4093 3.28392 -22.8028 35.6198 5.78435 -17.6804 37.2353 8.32322 -12.3468 37.6917 10.8853 -7.05021 36.9966 13.456 -2.02224 35.2044 16.1716 2.78895 32.2057 18.8457 6.85093 28.2229 21.4349 9.99052 23.432 23.8812 12.0807 18.032 25.5912 12.9139 13.68 27.1428 13.0893 9.19443 28.497 12.614 4.66687 29.6123 11.5125 0.183403 30.5526 9.50504 -4.85509 31.0521 6.79599 -9.62082 31.0507 3.48761 -14.0203 30.4939 -0.302808 -17.9729 29.4097 -4.2216 -21.2435 27.7538 -8.33359 -23.9964 25.5082 -12.5046 -26.1849 22.673 -16.5886 -27.7697 18.3448 -21.3402 -28.8603 13.2447 -25.3999 -28.9493 7.55698 -28.4625 -28.0716 0.471472 0.469127 0.454572 0.445304 0.204372 0.16659 0.162225 0.190164 -0.0743991 -0.0325356 0.0236509 0.0905982 -0.102429 -0.021887 0.0577829 0.131752 -0.0562091 -0.0164997 -0.0252948 -0.100934 0.0755319 -0.173267 -0.582049 -1.14095 -1.06102 -1.44808 -1.64767 -1.68504 -1.71703 -1.69236 -1.60097 -1.45447 -1.82178 -1.73107 -1.5999 -1.39478 -1.77779 -1.2047 -0.0346305 1.12018 1.3888 1.60161 1.65593 1.64085 1.5054 1.44217 1.36615 1.27821 1.30643 1.24066 1.16785 1.1173 2.41245 2.2309 2.07573 1.94812 2.59778 2.34925 2.15557 2.01163 2.07828 1.88514 1.7573 1.68978 1.2358 1.24537 1.34057 1.50346 1.11489 1.31624 1.52134 1.72375 1.32501 1.49544 1.64101 1.76043 0.905153 0.813343 0.637518 0.341501 -0.546269 -0.849518 -1.17113 -1.49268 -1.58085 -1.76711 -1.9571 -2.14961 -2.0971 -2.30154 -2.5169 -2.74285 -2.42842 -2.64523 -2.88744 -3.16132 -2.02448 -2.23801 -2.47183 -2.66028 -6.066
3.33791 -28.0011 -27.5391 -0.908818 -28.4019 -26.3266 -5.10133 -28.1104 -24.9112 -9.13952 -27.1257 -23.3656 -12.9292 -25.4703 -21.7646 -16.9371 -22.7415 -19.9154 -20.379 -19.2591 -18.1967 -23.171 -15.1496 -16.6981 -25.2577 -10.5552 -15.4872 -26.3636 -6.79002 -14.7801 -27.0317 -2.89135 -14.2761 -27.2655 1.07766 -13.9725 -27.0742 5.05887 -13.8567 -26.406 9.30956 -13.9187 -25.2789 13.4568 -14.139 -23.7156 17.452 -14.4752 -21.7407 21.2539 -14.8805 -17.9893 26.6072 -15.5375 -13.4424 31.3192 -16.0716 -8.21468 35.2902 -16.3283 -2.4428 38.425 -16.1832 3.40523 40.5488 -15.5945 9.44287 41.7677 -14.5372 15.501 42.0306 -13.0252 21.4063 41.3076 -11.1116 26.409 39.8239 -9.13164 31.0322 37.5669 -6.96849 35.16 34.5755 -4.69666 38.6805 30.9132 -2.38548 41.5495 26.5543 -0.0335297 43.5632 21.7117 2.25926 44.63 16.5433 4.47543 44.6785 11.2369 6.6207 43.5446 5.61157 8.87763 41.1799 0.377186 11.1211 37.6581 -4.14933 13.3864 33.144 -7.66469 15.6859 28.7478 -9.65745 17.6427 24.0156 -10.6595 19.5738 19.1479 -10.6518 21.4265 14.324 -9.68538 23.1361 9.01023 -7.52937 24.8333 4.04148 -4.46846 26.1399 -0.559602 -0.73392 26.9452 -4.83182 3.44682 27.1316 -8.21846 7.13379 26.7125 -11.4519 10.8406 25.6913 -14.5482 14.4171 24.0001 -17.497 17.696 21.5934 -20.5762 20.7991 18.0454 -23.3272 23.0475 13.678 -25.6355 24.2203 8.67855 -27.3927 24.1729 3.32991 -28.4909 22.9438 -1.81239 -28.9933 20.6195 -6.66058 -28.9286 17.3432 -10.9526 -28.3655 13.3067 -14.4953 -27.416 8.79257 -17.1373 -26.1732 3.93162 -18.8939 -24.7318 -1.10995 -19.7681 -23.1747 -6.1927 -19.7946 -21.5019 -11.4045 -18.9761 -19.8303 -16.4267 -17.3593 -18.1941 -21.1624 -15.0082 -16.6088 -25.5183 -11.9843 -14.9409 -29.7198 -7.9954 -13.3176 -33.2235 -3.36554 -11.7131 -35.8856 1.80024 -10.0975 -37.5599 7.36198 -8.80777 -38.0879 11.853 -7.48351 -37.8838 16.3604 -6.11708 -36.924 20.7562 -4.70411 -35.2157 24.9032 -3.1627 -32.6505 28.8576 -1.56865 -29.3918 32.239 0.0766881 -25.5652 34.9305 1.77277 -21.3194 36.8517 3.86359 -15.9142 38.082 6.03427 -10.402 38.153 8.29242 -5.02383 37.1153 10.643 0.0102522 35.0576 13.2337 4.77872 31.8853 15.9073 8.78599 27.847 18.6262 11.8934 23.1073 21.3311 13.9972 17.8375 23.3158 14.8768 13.6131 25.2031 15.1272 9.26174 26.943 14.7474 4.85865 28.4803 13.7502 0.476765 29.9348 11.8578 -4.48344 30.9494 9.23896 -9.21767 31.4372 5.98266 -13.6289 31.3208 2.20159 -17.6277 30.5927 -1.74382 -20.9643 29.2242 -5.90651 -23.7977 27.1953 -10.1382 -26.0791 24.5092 -14.2788 -27.7732 20.2828 -19.0789 -29.0368 15.2061 -23.1554 -29.3678 9.47236 -26.2105 -28.8285 0.721515 0.711506 0.68374 0.656728 0.392888 0.32751 0.293743 0.291326 -0.000416542 0.0183032 0.0522782 0.0985132 -0.113942 -0.0513057 0.0126548 0.072803 -0.130655 -0.108496 -0.135866 -0.232181 -0.0752448 -0.33122 -0.709384 -1.17425 -0.980393 -1.29541 -1.46565 -1.49808 -1.53466 -1.51651 -1.4299 -1.28486 -1.64925 -1.5498 -1.40263 -1.1723 -1.52628 -0.955928 0.062439 1.07306 1.35054 1.60038 1.6828 1.68677 1.56239 1.5048 1.4301 1.33891 1.35852 1.27779 1.1858 1.11674 2.39798 2.20829 2.05014 1.92355 2.57682 2.33316 2.14462 2.0053 2.07565 1.88496 1.75828 1.69082 1.23599 1.24372 1.3356 1.49261 1.09574 1.28701 1.4797 1.6681 1.25428 1.40944 1.5406 1.64677 0.77846 0.67399 0.487012 0.181291 -0.714829 -1.02468 -1.35046 -1.67328 -1.75991 -1.94281 -2.12751 -2.31294 -2.25106 -2.44385 -2.64653 -2.85931 -2.53205 -2.73662 -2.96681 -3.22869 -2.07828 -2.27642 -2.49656 -2.67724 -6.33418
5.96233 -25.1624 -30.8658 1.72135 -25.9456 -29.8333 -2.52679 -26.0362 -28.5642 -6.67754 -25.4213 -27.1294 -10.6293 -24.1109 -25.6024 -14.8754 -21.7396 -23.7925 -18.5862 -18.5509 -22.063 -21.6519 -14.6643 -20.5059 -23.9916 -10.2227 -19.1918 -25.2633 -6.53256 -18.376 -26.064 -2.67867 -17.7386 -26.3929 1.26819 -17.276 -26.2578 5.24193 -16.9742 -25.6087 9.49258 -16.8028 -24.4634 13.6404 -16.7524 -22.8536 17.6312 -16.7772 -20.8147 21.4206 -16.8276 -16.9558 26.7375 -16.857 -12.3321 31.4007 -16.6588 -7.09596 35.3276 -16.0884 -1.40924 38.4465 -15.0415 4.26392 40.6053 -13.5542 10.0483 41.9272 -11.5921 15.8072 42.3722 -9.20591 21.4146 41.9078 -6.48585 26.1974 40.7039 -3.87378 30.6816 38.7473 -1.18825 34.7777 36.0433 1.46847 38.3858 32.6178 3.99747 41.4629 28.4138 6.36805 43.7808 23.6091 8.44294 45.2107 18.3474 10.1843 45.6369 12.816 11.5929 44.8748 6.81353 12.7817 42.7935 1.0859 13.723 39.4252 -4.01485 14.5357 34.9127 -8.13893 15.3435 30.4032 -10.6312 16.1045 25.4774 -12.0836 16.9727 20.3752 -12.4502 17.9523 15.322 -11.7679 19.014 9.8047 -9.82534 20.2591 4.73517 -6.86905 21.4103 0.147254 -3.14223 22.3197 -4.01268 1.12515 22.8193 -7.25269 4.96435 22.7782 -10.3157 8.90395 22.1984 -13.2415 12.797 20.9645 -16.0396 16.4677 18.9808 -18.9885 20.0672 15.8113 -21.6534 22.8099 11.6792 -23.9081 24.3972 6.77058 -25.626 24.6183 1.41356 -26.6866 23.4821 -3.7579 -27.1495 21.1046 -8.58421 -27.0533 17.6764 -12.7553 -26.4834 13.4481 -16.0655 -25.5672 8.75566 -18.3894 -24.4069 3.75726 -19.7783 -23.0994 -1.3709 -20.2799 -21.7225 -6.49604 -19.9691 -20.2757 -11.7236 -18.869 -18.8551 -16.7575 -17.0598 -17.4798 -21.5256 -14.6094 -16.1519 -25.9552 -11.5685 -14.7466 -30.2981 -7.63019 -13.3573 -34.0077 -3.08529 -11.9533 -36.9233 2.00135 -10.5061 -38.8643 7.52263 -9.33176 -39.5768 12.0199 -8.11659 -39.5124 16.562 -6.86338 -38.6284 21.0072 -5.57986 -36.923 25.1971 -4.20561 -34.2854 29.1656 -2.82167 -30.8942 32.509 -1.43616 -26.9011 35.1031 -0.0500684 -22.4812 36.8744 1.61324 -16.8848 37.8821 3.31459 -11.2119 37.7272 5.09036 -5.69391 36.5024 6.97872 -0.516184 34.3284 9.13882 4.44306 31.1263 11.4818 8.71406 27.1535 14.0038 12.181 22.5564 16.6714 14.7478 17.4761 18.744 16.0401 13.4027 20.8221 16.7474 9.19081 22.8533 16.8533 4.89879 24.7757 16.3518 0.584696 26.7793 15.0192 -4.36607 28.4293 12.9112 -9.17589 29.6097 10.0859 -13.7503 30.2103 6.63136 -17.9936 30.1549 2.88414 -21.6247 29.4264 -1.19422 -24.7973 27.9837 -5.45321 -27.4446 25.8144 -9.72418 -29.5139 22.1215 -14.8129 -31.2367 17.4446 -19.2908 -31.9949 11.973 -22.8315 -31.8349 0.896462 0.887354 0.856827 0.823716 0.550357 0.472407 0.424924 0.408671 0.105138 0.114416 0.139911 0.178782 -0.0402252 0.0162942 0.074771 0.129715 -0.0804377 -0.0676674 -0.105789 -0.211348 -0.0534184 -0.282848 -0.589703 -0.939737 -0.640828 -0.901082 -1.06132 -1.10969 -1.17115 -1.17649 -1.10639 -0.968636 -1.33012 -1.21668 -1.0461 -0.790632 -1.14869 -0.691275 -4.55045e-05 0.764452 1.07408 1.43245 1.60164 1.6666 1.58094 1.54819 1.48965 1.40673 1.42695 1.33717 1.22666 1.13605 2.3983 2.19468 2.02758 1.896 2.54668 2.30118 2.10998 1.96597 2.02849 1.82623 1.68464 1.59995 1.12659 1.11738 1.19782 1.3509 0.956627 1.1527 1.35029 1.54161 1.12745 1.27843 1.40207 1.49826 0.617299 0.498087 0.296361 -0.0234318 -0.932751 -1.25432 -1.58944 -1.91881 -2.00849 -2.19188 -2.37505 -2.55696 -2.48921 -2.67354 -2.86591 -3.06702 -2.7275 -2.91966 -3.13724 -3.38648 -2.22186 -2.40442 -2.60987 -2.77869 -6.60475
6.52614 -22.9875 -33.065 2.61207 -24.6684 -31.8321 -1.42464 -25.6185 -30.2612 -5.46052 -25.7896 -28.4315 -9.36937 -25.1666 -26.4319 -13.6223 -23.4578 -23.9986 -17.367 -20.7797 -21.6041 -20.4696 -17.2681 -19.3746 -22.84 -13.0919 -17.4076 -24.1342 -9.54878 -16.1147 -24.9622 -5.80293 -15.0271 -25.331 -1.93218 -14.1432 -25.2562 1.99372 -13.4492 -24.7022 6.22392 -12.8859 -23.6887 10.3859 -12.4744 -22.2489 14.4296 -12.1669 -20.4161 18.3148 -11.9125 -16.9287 23.8693 -11.5285 -12.7172 28.8815 -10.9771 -7.89704 33.2612 -10.1125 -2.59162 36.9173 -8.82857 2.78349 39.6379 -7.16615 8.35668 41.5401 -5.07386 14.0049 42.5513 -2.59758 19.6044 42.6083 0.177217 24.4593 41.8102 2.81176 29.0758 40.1887 5.49632 33.3447 37.7406 8.12904 37.142 34.489 10.6101 40.4027 30.382 12.9041 42.8649 25.6035 14.8702 44.3744 20.3174 16.4643 44.7972 14.7399 17.6791 43.9332 8.70395 18.5978 41.6635 3.00189 19.1965 38.0578 -1.98488 19.5894 33.3088 -5.90575 19.9018 28.6333 -8.18229 20.1913 23.5852 -9.41311 20.5499 18.3989 -9.58906 20.9942 13.2803 -8.77479 21.5077 7.6801 -6.76825 22.1218 2.4938 -3.83721 22.6475 -2.25068 -0.207809 22.9348 -6.58847 3.90704 22.8051 -9.96399 7.58151 22.2194 -13.1182 11.321 21.0764 -16.0556 14.9714 19.2641 -18.7523 18.348 16.702 -21.4229 21.5497 12.9184 -23.6228 23.8259 8.26256 -25.2461 24.8985 2.97934 -26.2203 24.592 -2.55732 -26.5356 22.9761 -7.70021 -26.2969 20.1762 -12.3114 -25.6074 16.4025 -16.112 -24.5964 11.9132 -18.9376 -23.4146 7.04475 -20.7155 -22.1557 1.94438 -21.5283 -20.9004 -3.22075 -21.457 -19.6994 -8.3286 -20.6044 -18.5302 -13.4938 -18.9967 -17.4404 -18.4358 -16.7561 -16.405 -23.0997 -13.9619 -15.3835 -27.43 -10.6701 -14.2313 -31.6889 -6.56146 -12.9725 -35.3547 -1.94371 -11.5509 -38.2753 3.13522 -9.9314 -40.2685 8.58967 -8.52575 -41.0462 13.0091 -7.0134 -41.0585 17.4615 -5.42675 -40.251 21.8138 -3.81157 -38.6095 25.9136 -2.13561 -36.0154 29.7938 -0.547695 -32.637 33.0585 0.903256 -28.624 35.5854 2.18834 -24.1531 37.304 3.49708 -18.4566 38.2728 4.59417 -12.6367 38.1102 5.5435 -6.91323 36.9096 6.42769 -1.45404 34.7844 7.39007 3.90569 31.6442 8.47441 8.69468 27.7194 9.75661 12.7963 23.1318 11.2814 16.0974 18.0043 12.601 17.9913 13.8533 14.0484 19.323 9.53012 15.5919 20.0585 5.09898 17.1846 20.1747 0.625924 19.0157 19.5227 -4.52408 20.7243 18.035 -9.54089 22.1927 15.7465 -14.327 23.3004 12.7192 -18.7889 23.9092 9.24874 -22.6379 23.9958 5.29482 -26.042 23.4808 0.981296 -28.9329 22.3038 -3.54434 -31.2486 19.8609 -9.24495 -33.2575 16.3379 -14.6439 -34.2269 11.8283 -19.351 -34.1437 0.702924 0.718978 0.708894 0.692044 0.433156 0.368998 0.335207 0.333583 0.0440571 0.0661374 0.104751 0.156675 -0.0495302 0.0187086 0.0878943 0.152855 -0.04516 -0.0166109 -0.0350388 -0.113687 0.0802053 -0.105332 -0.366738 -0.686268 -0.386868 -0.669727 -0.86109 -0.937409 -1.01946 -1.03803 -0.97508 -0.839553 -1.19818 -1.07473 -0.883673 -0.592943 -0.90707 -0.426853 0.200051 0.808268 0.980905 1.27023 1.41006 1.46186 1.37147 1.33896 1.28566 1.21427 1.2552 1.19903 1.1339 1.08972 2.39109 2.21626 2.06852 1.94862 2.60529 2.36176 2.16961 2.02231 2.0794 1.86981 1.71954 1.62568 1.14376 1.12959 1.21277 1.37939 1.00607 1.22418 1.44262 1.64946 1.24333 1.39396 1.51002 1.59348 0.695034 0.554815 0.331578 -0.00948432 -0.940195 -1.28326 -1.63961 -1.99015 -2.09814 -2.29698 -2.49516 -2.69141 -2.63792 -2.83567 -3.03871 -3.24689 -2.91 -3.09989 -3.30973 -3.54511 -2.35696 -2.50407 -2.66602 -2.78827 -6.38486
14.4732 -22.2139 -33.9492 11.0317 -24.6346 -32.5487 7.37862 -26.3736 -30.7331 3.62614 -27.357 -28.5843 -0.109064 -27.5429 -26.2012 -4.30732 -26.742 -23.2581 -8.16498 -24.8952 -20.3194 -11.5521 -22.1095 -17.5452 -14.3785 -18.5336 -15.0646 -16.1381 -15.3583 -13.4152 -17.5283 -11.8942 -12.0125 -18.5513 -8.21652 -10.8601 -19.2163 -4.39281 -9.94519 -19.547 -0.168208 -9.19547 -19.4942 4.09961 -8.64624 -19.074 8.3633 -8.24223 -18.2992 12.5842 -7.92286 -16.4505 18.873 -7.47944 -13.8144 24.8604 -6.87541 -10.411 30.3992 -5.92562 -6.28258 35.3054 -4.49488 -1.75699 39.1896 -2.62693 3.23893 42.1219 -0.28192 8.55667 43.9404 2.45147 14.0216 44.5317 5.42487 18.8726 43.9788 8.12855 23.5543 42.4149 10.7333 27.9313 39.8921 13.105 31.8715 36.4988 15.1318 35.3256 32.2386 16.7696 38.0543 27.3403 17.92 39.9339 21.9753 18.5883 40.851 16.3303 18.8245 40.6544 10.1685 18.6953 39.1469 4.20123 18.3173 36.3115 -1.25546 17.8607 32.2329 -5.86583 17.4954 27.9724 -8.859 17.3688 23.1676 -10.8669 17.462 18.0547 -11.8056 17.7841 12.8735 -11.6699 18.2978 7.10362 -10.2746 19.0229 1.73463 -7.7348 19.722 -3.11664 -4.26881 20.1881 -7.40953 -0.105124 20.192 -10.5828 3.75198 19.6517 -13.3525 7.77475 18.475 -15.7011 11.7729 16.5417 -17.5947 15.5152 13.7763 -19.1227 19.0821 9.69703 -19.9747 21.6028 4.73537 -20.1407 22.7429 -0.775564 -19.6786 22.3117 -6.37005 -18.7662 20.4265 -11.3473 -17.5526 17.2732 -15.5597 -16.2063 13.135 -18.7569 -14.8757 8.33203 -20.8357 -13.6876 3.24278 -21.809 -12.6828 -1.97735 -21.8112 -11.8847 -7.16521 -20.9694 -11.2858 -12.2128 -19.4129 -10.8423 -17.245 -17.152 -10.5324 -21.9977 -14.3329 -10.2967 -26.4239 -11.0187 -10.0729 -30.4663 -7.24513 -9.77461 -34.3404 -2.63544 -9.35199 -37.5193 2.46973 -8.75547 -39.816 8.01189 -7.96194 -41.0184 13.866 -7.21155 -41.056 18.5079 -6.36904 -40.2338 23.0605 -5.46968 -38.5302 27.3501 -4.55732 -35.9827 31.1958 -3.6304 -32.4902 34.5925 -2.78323 -28.3414 37.1739 -2.04295 -23.7389 38.8658 -1.41512 -18.8843 39.6613 -0.792429 -12.9947 39.4993 -0.247266 -7.22548 38.2662 0.301814 -1.73048 36.1203 0.946126 3.39098 33.2122 1.83179 8.33871 29.4374 3.01899 12.7149 25.0839 4.57503 16.4426 20.2676 6.53105 19.4359 15.0977 8.26899 21.1524 11.0244 10.2054 22.3597 6.85891 12.2992 23.0256 2.64808 14.4945 23.1254 -1.56253 17.0792 22.5147 -6.38406 19.5902 21.1189 -11.0795 21.9012 18.9526 -15.5814 23.8837 16.0526 -19.8194 25.3449 12.681 -23.5243 26.2996 8.77804 -26.8536 26.6615 4.44124 -29.7329 26.3613 -0.206723 -32.0857 24.9955 -6.228 -34.1783 22.5043 -12.1616 -35.2205 18.9458 -17.6234 -35.1423 0.525576 0.572904 0.593462 0.60548 0.374929 0.337311 0.325893 0.342664 0.0663192 0.0973311 0.142482 0.198447 -0.00631868 0.0609009 0.128178 0.191352 -0.00801575 0.0238127 0.0162065 -0.0420116 0.181579 0.0312245 -0.197684 -0.504228 -0.224359 -0.549151 -0.784962 -0.894194 -0.995922 -1.02477 -0.967791 -0.838561 -1.2084 -1.10673 -0.955275 -0.735019 -1.15864 -0.823208 -0.327152 0.274341 0.55947 0.973261 1.19829 1.30737 1.258 1.26013 1.24294 1.21167 1.30047 1.30029 1.2916 1.29465 2.62985 2.47604 2.33933 2.22295 2.87782 2.62873 2.42828 2.27067 2.31585 2.09339 1.93009 1.82345 1.32837 1.29983 1.36591 1.50975 1.10938 1.29922 1.48682 1.66279 1.22718 1.35107 1.44422 1.50817 0.591603 0.434506 0.196823 -0.156514 -1.09759 -1.44865 -1.80977 -2.16126 -2.2666 -2.46031 -2.65061 -2.83624 -2.76838 -2.94764 -3.12951 -3.31443 -2.95343 -3.11891 -3.30376 -3.51368 -2.29601 -2.40898 -2.53367 -2.61463 -5.99663
18.07 -13.4577 -40.4374 15.1593 -16.6213 -39.349 12.0114 -19.2387 -37.6446 8.72682 -21.1918 -35.3946 5.41133 -22.3875 -32.7033 1.63067 -22.7518 -29.1674 -1.90234 -21.9813 -25.4455 -5.06918 -20.1281 -21.776 -7.78944 -17.3103 -18.3718 -9.55167 -14.5944 -16.0441 -11.0205 -11.488 -14.0211 -12.2012 -8.07699 -12.3268 -13.1054 -4.44184 -10.96 -13.787 -0.346878 -9.82622 -14.1816 3.85655 -8.99307 -14.3036 8.11557 -8.38925 -14.1603 12.3921 -7.93188 -13.4296 18.8948 -7.34522 -12.0507 25.2719 -6.57467 -9.94594 31.3657 -5.31049 -7.06437 36.9226 -3.31548 -3.61909 41.3935 -0.63271 0.409251 44.7447 2.77292 4.83846 46.7074 6.72081 9.43819 47.1346 10.9299 13.4985 46.2169 14.6473 17.3623 44.163 18.1115 20.9141 41.1217 21.1582 24.0655 37.2667 23.6793 26.8071 32.6502 25.6629 28.9812 27.5352 27.0312 30.5099 22.0756 27.8177 31.3015 16.413 28.0839 31.212 10.2507 27.8786 30.0121 4.23208 27.2786 27.6007 -1.3762 26.409 23.9605 -6.24957 25.3977 20.0083 -9.5273 24.5242 15.4158 -11.838 23.6898 10.4096 -13.0524 22.9215 5.25057 -13.1252 22.2104 -0.538199 -11.8564 21.4071 -5.87463 -9.3168 20.4918 -10.5243 -5.74974 19.2992 -14.3217 -1.43672 17.6433 -16.7583 2.52778 15.75 -18.4351 6.58727 13.3112 -19.2942 10.4994 10.2787 -19.2978 13.9915 6.66715 -18.2909 17.0616 2.05645 -16.312 18.8832 -2.88957 -13.5681 19.2013 -7.79547 -10.3625 17.9393 -12.2485 -7.19024 15.3587 -15.7751 -4.21311 11.6798 -18.3756 -1.64429 7.20906 -19.9799 0.394644 2.25024 -20.6228 1.84804 -2.85894 -20.4149 2.77668 -8.01144 -19.4936 3.24375 -13.0846 -17.9754 3.33197 -18.0004 -15.954 3.11543 -22.8965 -13.3825 2.68086 -27.5189 -10.3699 2.11488 -31.8113 -6.92223 1.49038 -35.6933 -3.02718 0.80863 -39.323 1.73798 0.177275 -42.1319 7.03497 -0.373276 -43.8831 12.7775 -0.833478 -44.3389 18.7714 -1.13628 -43.668 23.4157 -1.39968 -42.0651 27.8285 -1.63796 -39.5685 31.8062 -1.86567 -36.2853 35.1648 -2.10635 -32.1477 37.8881 -2.35327 -27.5349 39.6923 -2.60218 -22.6614 40.576 -2.83812 -17.7078 40.5996 -3.06987 -11.8677 39.63 -3.18944 -6.24646 37.7621 -3.1283 -0.918377 35.1719 -2.81272 4.07981 32.0064 -2.12142 8.99232 28.146 -0.990155 13.4628 23.874 0.629102 17.4298 19.2746 2.7487 20.812 14.4185 4.66431 22.9191 10.6173 6.81764 24.5964 6.73037 9.16083 25.8056 2.77994 11.6322 26.5141 -1.21365 14.5648 26.6782 -5.86913 17.4491 26.1134 -10.5234 20.1562 24.8121 -15.1364 22.5578 22.7841 -19.6553 24.4398 20.2163 -23.7897 25.8425 17.0623 -27.7029 26.6847 13.3818 -31.3049 26.9022 9.25546 -34.4916 26.2374 3.63301 -37.7237 24.5037 -2.25829 -39.9117 21.7403 -8.08635 -40.8591 0.0107484 0.0642563 0.0953428 0.121674 -0.0900216 -0.104702 -0.0913158 -0.0485413 -0.301373 -0.250234 -0.185922 -0.112547 -0.302129 -0.222995 -0.146958 -0.0778036 -0.272901 -0.239092 -0.248107 -0.308832 -0.0868224 -0.235094 -0.452285 -0.725608 -0.385031 -0.63417 -0.79401 -0.840028 -0.893871 -0.88859 -0.809144 -0.666646 -1.02994 -0.926113 -0.773795 -0.552143 -0.978245 -0.669006 -0.257267 0.195514 0.327703 0.653837 0.849665 0.962868 0.938205 0.977089 1.011 1.04561 1.21965 1.32701 1.43971 1.5616 3.001 2.93119 2.85766 2.78351 3.46152 3.22 3.01532 2.84521 2.87229 2.6287 2.44352 2.31522 1.7974 1.743 1.77701 1.87824 1.42932 1.57076 1.70775 1.8346 1.35298 1.43568 1.49387 1.52851 0.585321 0.404691 0.148227 -0.219687 -1.17168 -1.52976 -1.89368 -2.24385 -2.34468 -2.53234 -2.71483 -2.89129 -2.81257 -2.97968 -3.14963 -3.32349 -2.9531 -3.11118 -3.2908 -3.49802 -2.2804 -2.39735 -2.52787 -2.61257 -5.47829
21.4437 -1.40792 -44.899 19.8302 -5.45 -44.0484 17.98 -9.15291 -42.4575 15.944 -12.3705 -40.1844 13.772 -14.9706 -37.323 11.1225 -17.0878 -33.3954 8.42026 -18.0938 -29.081 5.72694 -17.9376 -24.6481 3.09674 -16.6431 -20.3662 1.1457 -14.9351 -17.3371 -0.721432 -12.6777 -14.6319 -2.48836 -9.95663 -12.3139 -4.1417 -6.86451 -10.4152 -5.78646 -3.21463 -8.83667 -7.27809 0.660506 -7.70665 -8.61025 4.68239 -6.95272 -9.77637 8.7974 -6.47781 -11.2155 15.1948 -6.07202 -12.1831 21.6767 -5.6128 -12.5848 28.1645 -4.65903 -12.299 34.4642 -2.81659 -11.2862 39.9451 0.0101235 -9.51647 44.4855 3.92279 -7.05719 47.6366 8.72679 -4.08122 49.0814 14.0289 -1.17964 48.8512 18.7907 1.77507 47.2735 23.2548 4.63773 44.5399 27.1893 7.29837 40.88 30.4565 9.73149 36.3965 33.0528 11.7925 31.3787 34.8795 13.4074 25.9948 35.9603 14.4914 20.3866 36.3287 14.9544 14.2484 35.9658 14.5562 8.19619 34.8537 13.1836 2.46548 33.0375 10.7808 -2.65581 30.5834 7.9766 -6.26466 28.0855 4.56565 -9.0256 25.2803 0.715734 -10.798 22.2531 -3.3551 -11.507 19.0825 -7.99546 -11.0135 15.3424 -12.2464 -9.23725 11.5293 -15.7771 -6.37951 7.63931 -18.2954 -2.70795 3.64646 -19.435 0.760086 0.194982 -19.5597 4.34589 -3.32141 -18.5966 7.79281 -6.847 -16.5414 10.827 -10.2832 -13.0498 13.4168 -13.8609 -8.56243 14.8485 -16.945 -3.46767 14.9339 -19.3396 1.78208 13.6404 -20.9095 6.55683 11.2129 -21.5946 10.7612 7.82534 -21.5057 14.1893 3.72577 -20.73 16.7447 -0.836941 -19.3839 18.4033 -5.56909 -17.6189 19.2674 -10.3752 -15.5178 19.4275 -15.1349 -13.1559 18.9866 -19.7635 -10.5789 17.9957 -24.3772 -7.687 16.562 -28.7234 -4.5747 14.7667 -32.7393 -1.216 12.6723 -36.3448 2.42339 10.1059 -39.6831 6.738 7.29466 -42.2312 11.4231 4.29887 -43.7802 16.4204 1.20203 -44.1184 21.5819 -1.20815 -43.4233 25.5593 -3.53774 -41.8515 29.3294 -5.71078 -39.4264 32.7218 -7.65461 -36.2338 35.5749 -9.39075 -32.1896 37.8607 -10.7607 -27.6518 39.3185 -11.747 -22.8303 39.9307 -12.3558 -17.9123 39.7401 -12.6171 -12.1095 38.5735 -12.422 -6.53905 36.5652 -11.8182 -1.28389 33.8969 -10.8427 3.62698 30.7293 -9.42877 8.45931 26.9659 -7.64309 12.912 22.904 -5.50036 16.9867 18.6239 -3.01917 20.6695 14.1747 -0.938268 23.1706 10.7146 1.30062 25.4059 7.17201 3.67127 27.3456 3.54211 6.13983 28.9538 -0.183299 9.07045 30.3512 -4.62847 11.9999 31.179 -9.21474 14.84 31.3659 -13.9264 17.4938 30.8451 -18.7209 19.745 29.6477 -23.2736 21.6543 27.7374 -27.7384 23.1467 25.1112 -31.9934 24.1614 21.7979 -35.8948 24.7 16.7972 -40.0425 24.4017 11.0428 -43.0919 23.2901 4.84311 -44.7736 -0.167075 -0.0651464 0.0155522 0.0898311 -0.0741912 -0.0445262 0.00502179 0.0752156 -0.160876 -0.100756 -0.0324925 0.040273 -0.154375 -0.0841311 -0.0177893 0.0424246 -0.162185 -0.132912 -0.135157 -0.175515 0.0827499 -0.0111818 -0.153028 -0.334569 0.0918934 -0.096362 -0.222388 -0.256456 -0.311588 -0.314879 -0.247822 -0.119326 -0.496961 -0.406411 -0.267849 -0.0717871 -0.557351 -0.369296 -0.164532 0.0289024 -0.0873252 0.0671581 0.172504 0.248666 0.222894 0.281661 0.354352 0.446214 0.700003 0.912027 1.1457 1.39048 2.94418 2.9732 2.98022 2.96551 3.68111 3.45709 3.25259 3.06802 3.06781 2.78514 2.55024 2.36108 1.76645 1.61584 1.53775 1.51595 0.956016 1.00642 1.0637 1.12508 0.591505 0.635405 0.666685 0.683252 -0.272794 -0.462252 -0.724351 -1.09594 -2.05035 -2.40986 -2.77435 -3.12444 -3.22474 -3.41161 -3.59309 -3.76844 -3.68859 -3.85494 -4.02484 -4.1996 -3.83111 -3.9918 -4.1742 -4.38314 -3.16358 -3.26886 -3.3718 -3.40961 -6.04427
29.8364 6.46226 -45.6374 29.891 2.07756 -44.9764 29.6637 -2.13899 -43.6219 29.1513 -6.05027 -41.5959 28.3492 -9.51694 -38.9493 27.0396 -12.8326 -35.1783 25.3295 -15.1649 -30.8698 23.2361 -16.3692 -26.2768 20.8003 -16.3739 -21.6947 18.734 -15.5728 -18.3798 16.5426 -14.1215 -15.3813 14.2692 -12.1027 -12.8014 11.9558 -9.62144 -10.7059 9.45567 -6.55395 -9.01533 6.98165 -3.21664 -7.89281 4.54817 0.277337 -7.2693 2.15411 3.84607 -7.04311 -1.4457 9.3387 -7.22981 -5.05527 14.8159 -7.59509 -8.74102 20.2539 -7.67487 -12.5139 25.5936 -7.03075 -16.1095 30.4378 -5.39912 -19.5537 34.814 -2.56324 -22.6249 38.4149 1.51807 -25.0858 40.9295 6.683 -26.608 42.06 11.932 -27.4179 42.0569 17.454 -27.519 40.9409 22.9213 -26.9784 38.8085 28.0505 -25.8714 35.7111 32.7349 -24.3426 31.8529 36.6768 -22.5337 27.3869 39.7664 -20.5823 22.4548 41.918 -18.4705 16.7826 43.0973 -16.5061 10.9383 43.004 -14.8385 5.17721 41.5713 -13.5923 -0.188196 38.7995 -12.9247 -4.15334 35.4892 -12.6163 -7.39912 31.4276 -12.6228 -9.78392 26.7973 -12.8549 -11.2382 21.8015 -13.2475 -11.7708 15.8579 -13.5548 -11.2065 9.91212 -13.5444 -9.73318 4.11607 -12.9855 -7.5808 -1.43549 -11.9234 -5.44529 -5.85703 -10.2118 -3.17968 -10.0014 -7.77526 -0.967587 -13.7973 -4.59035 0.995076 -17.1503 -0.193762 2.66315 -20.2463 4.89565 3.52449 -22.4944 10.3767 3.40096 -23.7753 15.875 2.21894 -24.0393 20.8088 0.128462 -23.3704 25.1172 -2.77421 -21.8965 28.5941 -6.31078 -19.7602 31.1254 -10.2834 -17.1199 32.6609 -14.4353 -14.1766 33.2703 -18.6671 -11.0175 33.0099 -22.8468 -7.74319 31.9521 -26.8675 -4.43047 30.0852 -30.7902 -1.00136 27.5215 -34.3605 2.36189 24.3406 -37.5013 5.6251 20.6192 -40.1375 8.76082 16.041 -42.3471 12.0017 11.0231 -43.7676 15.0265 5.69326 -44.2999 17.7935 0.206467 -43.8558 20.252 -4.05938 -42.7853 21.9158 -8.20399 -41.0677 23.3243 -12.1169 -38.714 24.4472 -15.6865 -35.7623 25.258 -18.9653 -32.0748 25.754 -21.6469 -27.9048 25.872 -23.6637 -23.3813 25.6173 -24.987 -18.6406 25.0104 -25.6723 -12.8677 23.868 -25.4623 -7.14842 22.3358 -24.4726 -1.60974 20.4798 -22.8339 3.6728 18.3559 -20.5243 8.9569 15.8543 -17.7586 13.897 13.123 -14.6439 18.4878 10.1671 -11.2638 22.7177 6.97391 -8.5758 25.6566 4.38621 -5.79542 28.3514 1.63558 -2.94211 30.7707 -1.29091 -0.034687 32.8735 -4.40278 3.3762 34.8527 -8.24329 6.7947 36.2561 -12.3231 10.1743 36.996 -16.6047 13.4595 36.9914 -21.0215 16.4302 36.2395 -25.245 19.2059 34.7272 -29.3969 21.7343 32.4495 -33.3526 23.9701 29.4333 -36.9765 26.2977 24.7222 -40.8351 28.0669 19.1423 -43.7048 29.2503 12.9492 -45.3619 -10.112 -9.95301 -9.82193 -9.70509 -9.83234 -9.77422 -9.70759 -9.63151 -9.87149 -9.8211 -9.76789 -9.71457 -9.93308 -9.88973 -9.84952 -9.81267 -10.0417 -10.0255 -10.019 -10.0213 -9.68855 -9.66623 -9.64157 -9.60817 -8.95317 -8.93931 -8.91205 -8.85871 -8.88769 -8.91125 -8.89317 -8.82904 -9.28217 -9.27774 -9.23973 -9.17271 -9.81761 -9.81606 -9.82704 -9.85545 -10.1889 -10.2237 -10.2657 -10.3038 -10.4129 -10.4174 -10.3971 -10.347 -10.1251 -9.93043 -9.6961 -9.43677 -7.85914 -7.80221 -7.76738 -7.75794 -7.02444 -7.2383 -7.44153 -7.63492 -7.65578 -7.97304 -8.25742 -8.51197 -9.19228 -9.45083 -9.65351 -9.81201 -10.4987 -10.5584 -10.6061 -10.641 -11.2618 -11.2934 -11.323 -11.3533 -12.3462 -12.561 -12.8365 -13.2125 -14.165 -14.5183 -14.8743 -15.215 -15.3071 -15.4874 -15.6628 -15.8325 -15.747 -15.9074 -16.0706 -16.2372 -15.8577 -16.0034 -16.1645 -16.3439 -15.0791 -15.1178 -15.1392 -15.0869 -7.70027
29.2114 12.3902 -46.5698 30.4654 8.40229 -45.0901 31.2928 4.53811 -43.0779 31.6633 0.893929 -40.5782 31.5566 -2.43658 -37.6522 30.8177 -5.82066 -33.7882 29.4308 -8.53447 -29.5881 27.4392 -10.4824 -25.21 24.9153 -11.6035 -20.8166 22.6746 -11.8888 -17.5307 20.2242 -11.6796 -14.3919 17.6152 -10.9994 -11.4542 14.8953 -9.88571 -8.7594 11.8823 -8.2525 -6.15694 8.82466 -6.24313 -3.89156 5.74167 -3.93636 -1.96993 2.63461 -1.41427 -0.387519 -2.14866 2.70875 1.42462 -6.91513 7.02959 2.75653 -11.6631 11.4342 3.86055 -16.4346 15.8099 4.97816 -21.0461 19.8269 6.26462 -25.7618 23.5663 7.94886 -30.5793 26.8578 10.1882 -35.4387 29.494 13.1025 -39.7027 31.094 16.3284 -43.7359 31.804 20.1201 -47.3292 31.4681 24.3772 -50.2357 29.9863 28.9054 -52.2409 27.2757 33.5308 -53.037 23.501 37.7592 -52.5114 18.9587 41.202 -50.7021 14.0596 43.5446 -47.5324 8.88617 44.6456 -43.4501 4.27935 44.2774 -38.8384 0.538812 42.6149 -34.0253 -2.21916 39.9221 -29.9793 -3.80677 37.0522 -26.0443 -4.78152 33.7821 -22.2678 -5.23917 30.2246 -18.6662 -5.28534 26.4625 -14.7392 -4.96172 21.9637 -10.9979 -4.38782 17.3335 -7.38392 -3.70472 12.6177 -3.8195 -3.04266 7.86148 -0.789233 -2.5956 3.87944 2.34057 -2.31296 -0.0401813 5.63946 -2.25415 -3.82868 9.11118 -2.51476 -7.45059 13.1745 -3.30725 -11.2664 17.367 -4.74892 -14.7367 21.6058 -6.92539 -17.7356 25.7712 -9.8738 -20.1134 29.551 -13.4043 -21.6657 32.954 -17.535 -22.3845 35.8075 -22.1154 -22.1905 37.9524 -26.941 -21.0622 39.2528 -31.7 -19.0824 39.6833 -36.2357 -16.3435 39.2383 -40.3394 -12.9938 37.9667 -43.845 -9.20528 35.8623 -46.7377 -4.98215 33.0929 -48.7916 -0.652902 29.7998 -49.9891 3.63106 26.1206 -50.3502 7.7498 21.8181 -49.8415 11.9422 17.3452 -48.4655 15.7431 12.8195 -46.3015 19.0869 8.34037 -43.4301 21.9223 4.93578 -40.7524 23.7528 1.64928 -37.7313 25.2305 -1.4849 -34.4066 26.3418 -4.43507 -30.8194 27.0772 -7.31521 -26.7986 27.4407 -9.9282 -22.5839 27.3826 -12.2483 -18.2263 26.9114 -14.2555 -13.7753 26.0425 -16.224 -8.40077 24.5126 -17.7147 -3.03481 22.4913 -18.7269 2.25711 20.027 -19.2692 7.41806 17.1684 -19.3485 12.6957 13.7545 -18.9409 17.7175 9.99575 -18.0709 22.4333 5.93146 -16.76 26.7899 1.59379 -15.4872 29.8046 -1.8486 -13.9767 32.5483 -5.41925 -12.2321 34.9851 -9.10396 -10.2567 37.0746 -12.8842 -7.6845 39.0052 -17.3516 -4.8195 40.3365 -21.8593 -1.6829 40.9963 -26.3345 1.69023 40.9212 -30.6839 5.05953 40.1295 -34.589 8.53661 38.6203 -38.1753 12.0504 36.4053 -41.3337 15.5204 33.5255 -43.9595 19.6651 29.1015 -46.3577 23.4377 23.9424 -47.6426 26.6718 18.2825 -47.7238 -98.0265 -97.8104 -97.6302 -97.4739 -97.5708 -97.4951 -97.4258 -97.3599 -97.6169 -97.5847 -97.5506 -97.5152 -97.75 -97.7211 -97.6908 -97.659 -97.8888 -97.8648 -97.8411 -97.8165 -97.446 -97.3727 -97.2779 -97.1501 -96.38 -96.2366 -96.0663 -95.8679 -95.7621 -95.6742 -95.5782 -95.4732 -95.9237 -95.9584 -96.0003 -96.049 -96.8232 -96.9484 -97.0811 -97.2155 -97.638 -97.7358 -97.813 -97.8669 -97.9824 -97.993 -97.9845 -97.9567 -97.7745 -97.6427 -97.4894 -97.3229 -95.8379 -95.8633 -95.8946 -95.9301 -95.2186 -95.4327 -95.6168 -95.7741 -95.7438 -95.9969 -96.2078 -96.3825 -96.9757 -97.143 -97.2576 -97.3348 -97.957 -97.9677 -97.9739 -97.9752 -98.5693 -98.5814 -98.5986 -98.6226 -99.6145 -99.8331 -100.116 -100.502 -101.467 -101.833 -102.203 -102.558 -102.663 -102.854 -103.04 -103.219 -103.142 -103.309 -103.473 -103.634 -103.24 -103.362 -103.489 -103.621 -102.291 -102.242 -102.167 -102.016 -6.63651
30.1828 16.4075 -49.6062 31.5196 12.3585 -48.3879 32.3712 8.39062 -46.6001 32.7102 4.62018 -44.2905 32.5269 1.15802 -41.5255 31.6619 -2.3717 -37.8213 30.1398 -5.21589 -33.7565 28.0318 -7.28251 -29.4886 25.4297 -8.51981 -25.1728 23.1607 -8.89787 -21.9157 20.7096 -8.78433 -18.7726 18.1252 -8.19756 -15.7932 15.4543 -7.16399 -13.0187 12.5131 -5.59686 -10.2961 9.52573 -3.64573 -7.89045 6.52335 -1.3891 -5.78995 3.53045 1.10423 -3.9611 -0.993989 5.24858 -1.6123 -5.46759 9.62937 0.377342 -9.92157 14.1042 2.19432 -14.4013 18.5459 4.02902 -18.7265 22.6196 5.96663 -23.1393 26.413 8.24586 -27.6473 29.7559 10.9953 -32.2105 32.4419 14.3149 -36.2452 34.0843 17.8038 -40.1082 34.8315 21.7618 -43.6169 34.5219 26.091 -46.5484 33.0486 30.6058 -48.7122 30.3191 35.1478 -49.8096 26.4839 39.2526 -49.7156 21.8187 42.5675 -48.4317 16.71 44.8068 -45.8692 11.1962 45.8338 -42.3673 6.13828 45.4118 -38.2616 1.87421 43.6844 -33.8645 -1.42582 40.8918 -30.1063 -3.44792 37.9061 -26.4111 -4.81348 34.499 -22.835 -5.60611 30.7962 -19.3992 -5.92756 26.8951 -15.6214 -5.84971 22.2596 -11.9833 -5.45863 17.5292 -8.41263 -4.90688 12.7636 -4.82853 -4.34404 8.00931 -1.74449 -3.9781 4.06041 1.45013 -3.79992 0.187219 4.79062 -3.90158 -3.56375 8.29823 -4.37594 -7.12893 12.4265 -5.45679 -10.8015 16.7068 -7.23303 -13.9988 20.9721 -9.7927 -16.6358 25.085 -13.0992 -18.5977 28.7463 -16.8981 -19.7481 31.9891 -21.2008 -20.1103 34.6778 -25.8606 -19.643 36.6913 -30.6994 -18.3424 37.9218 -35.4442 -16.2852 38.3495 -39.9728 -13.5343 37.9574 -44.0966 -10.2026 36.7691 -47.6488 -6.43054 34.752 -50.5976 -2.20358 32.0434 -52.6804 2.15021 28.7715 -53.8444 6.45961 25.077 -54.0836 10.5735 20.7358 -53.3314 14.6886 16.2314 -51.6074 18.3059 11.7134 -49.0214 21.3467 7.30563 -45.6964 23.768 4.00896 -42.6729 25.218 0.876064 -39.3322 26.2841 -2.06455 -35.7285 26.9755 -4.79119 -31.9116 27.3054 -7.41729 -27.7048 27.2791 -9.77421 -23.3588 26.8897 -11.8527 -18.9158 26.1588 -13.6466 -14.4133 25.1083 -15.4105 -9.00204 23.4626 -16.7576 -3.60412 21.4256 -17.691 1.73087 19.0239 -18.222 6.95206 16.2746 -18.3575 12.3129 12.9948 -18.0642 17.4317 9.35815 -17.3526 22.2477 5.38147 -16.2307 26.6968 1.08491 -15.1051 29.7777 -2.35021 -13.7378 32.5871 -5.92736 -12.127 35.0953 -9.62506 -10.2726 37.2703 -13.4184 -7.82265 39.3313 -17.8962 -5.05845 40.8458 -22.4091 -1.99772 41.7589 -26.8923 1.33097 42.018 -31.2687 4.69578 41.6172 -35.2369 8.21442 40.5569 -38.9416 11.8232 38.8215 -42.2873 15.4434 36.4147 -45.1736 19.8433 32.5131 -47.9875 23.9115 27.7333 -49.7494 27.4288 22.2737 -50.3159 -413.696 -413.484 -413.309 -413.16 -413.264 -413.197 -413.134 -413.073 -413.333 -413.302 -413.267 -413.23 -413.462 -413.429 -413.395 -413.359 -413.582 -413.55 -413.522 -413.495 -413.125 -413.056 -412.968 -412.848 -412.086 -411.949 -411.782 -411.582 -411.469 -411.366 -411.247 -411.114 -411.533 -411.534 -411.545 -411.566 -412.319 -412.428 -412.548 -412.672 -413.086 -413.177 -413.249 -413.299 -413.41 -413.417 -413.406 -413.376 -413.191 -413.055 -412.896 -412.724 -411.233 -411.254 -411.281 -411.313 -410.598 -410.809 -410.99 -411.144 -411.11 -411.36 -411.567 -411.738 -412.328 -412.493 -412.606 -412.681 -413.303 -413.313 -413.318 -413.318 -413.911 -413.922 -413.938 -413.96 -414.95 -415.166 -415.446 -415.83 -416.792 -417.157 -417.526 -417.881 -417.987 -418.179 -418.366 -418.546 -418.47 -418.637 -418.8 -418.96 -418.563 -418.681 -418.803 -418.931 -417.595 -417.541 -417.463 -417.312 -6.26688
