# num_vectors 8
# vector_size 401
# Iterations: 600, stepsize: 0.029174, max step size: 1.000000, spring constant: 0.000010, global NEB Hessian: false, global NEB Linesearch: true, climbing image: false
2.82845 -19.9253 -21.019 -0.985754 -20.908 -20.7581 -4.87097 -21.4046 -20.2678 -8.75778 -21.3604 -19.5803 -12.5616 -20.7306 -18.7339 -16.1664 -19.4917 -17.7824 -19.4795 -17.6342 -16.778 -22.3805 -15.1798 -15.7803 -24.7484 -12.1847 -14.8543 -26.4734 -8.73941 -14.0673 -27.4665 -4.97892 -13.4864 -27.7175 -1.0684 -13.1551 -27.2476 2.83481 -13.0589 -26.0911 6.61683 -13.162 -24.3148 10.1425 -13.4208 -21.9979 13.3282 -13.7882 -19.2243 16.1169 -14.2153 -16.0661 18.4803 -14.6517 -12.6107 20.3924 -15.0454 -8.93203 21.8497 -15.3518 -5.09757 22.858 -15.5277 -1.16925 23.4316 -15.5269 2.79146 23.5898 -15.3057 6.72525 23.3534 -14.826 10.5716 22.7467 -14.0521 14.2512 21.8047 -12.9535 17.7111 20.5608 -11.4984 20.8757 19.0552 -9.66745 23.6638 17.3359 -7.45267 25.974 15.4768 -4.88137 27.7438 13.5358 -1.9648 28.8962 11.599 1.24853 29.3661 9.76236 4.68536 29.1081 8.12573 8.21523 28.1154 6.76466 11.7321 26.4244 5.77884 15.1046 24.1326 5.22755 18.2111 21.317 5.0936 20.9633 18.1098 5.33757 23.2383 14.6234 5.90857 24.9817 10.9609 6.74719 26.1669 7.18585 7.79022 26.7892 3.39708 8.96012 26.8503 -0.34278 10.1905 26.3747 -3.98422 11.4178 25.3945 -7.49305 12.5813 23.9436 -10.833 13.6191 22.0624 -13.9776 14.4737 19.7927 -16.9035 15.0893 17.1791 -19.5799 15.4119 14.2787 -21.9916 15.3928 11.1382 -24.1129 14.9844 7.81965 -25.9158 14.1449 4.39561 -27.3625 12.8518 0.975864 -28.439 11.0817 -2.36604 -29.12 8.83417 -5.51954 -29.3871 6.13222 -8.36351 -29.2357 3.05191 -10.7551 -28.6779 -0.344055 -12.5957 -27.7422 -3.94422 -13.7765 -26.4819 -7.61156 -14.2165 -24.968 -11.2321 -13.905 -23.2644 -14.6327 -12.8896 -21.4157 -17.6973 -11.2502 -19.4619 -20.3401 -9.08316 -17.4212 -22.5156 -6.47597 -15.3294 -24.1728 -3.54802 -13.2038 -25.3001 -0.400666 -11.054 -25.9013 2.87224 -8.87704 -25.9905 6.19273 -6.67558 -25.5876 9.47357 -4.44355 -24.7199 12.6418 -2.17288 -23.4181 15.6288 0.140875 -21.72 18.3634 2.50899 -19.6618 20.7864 4.93445 -17.2863 22.8332 7.41511 -14.6439 24.4391 9.92881 -11.8148 25.5346 12.4753 -8.85698 26.0723 15.0247 -5.8539 26.001 17.5348 -2.90323 25.2832 19.9418 -0.142256 23.9146 22.2086 2.32834 21.903 24.2608 4.39081 19.2906 26.0229 5.93428 16.1598 27.4523 6.85939 12.6144 28.5126 7.11381 8.83552 29.1629 6.73322 4.97528 29.3761 5.7814 1.16505 29.1445 4.32571 -2.5076 28.4757 2.45953 -5.93266 27.3867 0.277341 -9.04928 25.9007 -2.12801 -11.8183 24.0375 -4.67707 -14.2258 21.8283 -7.2788 -16.2548 19.3004 -9.85649 -17.9074 16.48 -12.3381 -19.193 13.3947 -14.6515 -20.1267 10.0694 -16.7303 -20.7288 6.53498 -18.5097 -21.0191 -4.75421 -4.6964 -4.64693 -4.60649 -4.75971 -4.71747 -4.69729 -4.69579 -4.72696 -4.71914 -4.72895 -4.75234 -4.7197 -4.75154 -4.79444 -4.85122 -4.70777 -4.76726 -4.83376 -4.90567 -4.6509 -4.73402 -4.80108 -4.85385 -4.69738 -4.7639 -4.80793 -4.82586 -4.78289 -4.78212 -4.70492 -4.52629 -5.17713 -4.95013 -4.65464 -4.3926 -4.92252 -4.73632 -4.62235 -4.55448 -4.77966 -4.72231 -4.69218 -4.67963 -4.68971 -4.69516 -4.70438 -4.71445 -4.6707 -4.67423 -4.67462 -4.66905 -4.6995 -4.69361 -4.68935 -4.69173 -4.68125 -4.6916 -4.72181 -4.7724 -4.69165 -4.73763 -4.78419 -4.82675 -4.73659 -4.76812 -4.78421 -4.78846 -4.785 -4.78529 -4.78272 -4.78265 -4.77794 -4.78726 -4.80991 -4.8537 -4.67487 -4.72049 -4.7933 -4.92236 -4.567 -4.74225 -4.94066 -5.12377 -4.43372 -4.62842 -4.73793 -4.78712 -4.62839 -4.6771 -4.69509 -4.68676 -4.72042 -4.70748 -4.67329 -4.6174 -4.77166 -4.71982 -4.66375 -4.60453 -0.0381157
1.71866 -20.5307 -21.4839 -2.15649 -21.1279 -21.0532 -6.03387 -21.337 -20.3591 -9.90513 -21.814 -19.7712 -13.7721 -21.6037 -19.0221 -17.0585 -19.7502 -17.9374 -19.9737 -17.3961 -16.7653 -23.0978 -15.3234 -15.6001 -25.7099 -12.6076 -14.4982 -26.597 -8.85947 -13.7193 -26.6936 -4.97473 -13.1335 -27.1278 -1.12871 -12.4531 -26.9723 2.76634 -11.9564 -25.1846 6.29151 -12.0368 -22.8464 9.46156 -12.3733 -20.7362 12.7938 -12.643 -18.2608 15.8635 -12.9227 -14.8776 17.8938 -13.3213 -11.2691 19.4712 -13.7886 -7.76072 21.2522 -14.2855 -4.08204 22.6991 -14.603 -0.131501 23.0395 -14.4813 3.82808 22.9779 -14.2451 7.79159 23.1047 -14.1336 11.7245 22.9021 -13.6552 15.2527 21.7636 -12.2888 18.5636 20.3194 -10.6877 22.0164 19.0161 -9.27633 25.1079 17.4693 -7.36289 26.8794 15.478 -4.48552 28.1134 13.3926 -1.40141 29.6587 11.3155 1.54499 30.4582 9.31586 4.82291 29.3277 7.81025 8.23444 27.4819 6.59009 11.442 25.9334 5.21108 14.7413 23.8478 4.20485 17.8752 20.5958 4.28736 20.0921 17.0829 4.8306 21.7842 13.6749 5.21349 23.7174 10.0875 5.77602 25.238 6.29178 6.90244 25.4006 2.57214 8.22212 25.0453 -1.17522 9.50589 24.9327 -4.90626 10.7358 24.4135 -8.31343 11.8339 22.7011 -11.5142 12.8987 20.6109 -14.8022 14.0487 18.7098 -17.9643 14.9053 16.4705 -20.4859 14.9778 13.4223 -22.72 14.8242 10.1602 -25.0979 14.8648 6.99779 -27.1934 14.3747 3.67745 -28.2718 12.6442 0.318913 -28.9415 10.5689 -2.94947 -29.82 8.72597 -6.30657 -30.255 6.29867 -9.36532 -29.5101 2.94163 -11.2049 -28.3288 -0.557784 -12.4574 -27.3225 -3.9915 -14.0089 -26.0165 -7.55629 -14.9007 -24.1019 -10.866 -13.9765 -22.0785 -13.8232 -12.3528 -20.1034 -16.9474 -11.0061 -18.0227 -19.7814 -9.24174 -15.8692 -21.4835 -6.38932 -13.8074 -22.6781 -3.228 -11.7427 -24.1093 -0.16849 -9.58666 -25.143 2.98655 -7.40247 -24.9108 6.29173 -5.2994 -24.2326 9.58815 -3.21058 -23.7711 12.9308 -0.985224 -22.9254 16.1059 1.37585 -21.0107 18.6457 3.6976 -18.7653 20.9391 5.98681 -16.6842 23.4132 8.43387 -14.304 25.4227 10.9691 -11.3549 26.0349 13.4273 -8.28232 26.1653 15.8903 -5.2421 26.603 18.3993 -2.22481 26.2864 20.5301 0.306679 24.2085 22.3699 2.53843 21.5812 24.3324 4.96159 19.2264 26.0574 6.89237 16.3001 26.8914 7.26468 12.4776 27.3143 6.93038 8.58438 27.9268 6.88071 4.70243 28.1884 6.39127 0.811631 27.4605 4.6348 -2.65572 26.4045 2.443 -5.7733 25.5191 0.399275 -9.04095 24.2911 -1.79815 -12.0907 22.1883 -4.39663 -14.2281 19.8518 -7.09686 -15.9579 17.6583 -9.80168 -17.8593 15.1437 -12.3902 -19.5081 11.9158 -14.5697 -20.2492 8.5306 -16.5964 -20.6398 5.25463 -18.7633 -21.1804 -0.0241695 0.033876 0.0464063 0.0910574 -0.0560386 -0.0095959 0.0465679 0.0580243 -0.0293467 -0.0156836 0.0631821 0.0668776 0.00532826 -0.024952 0.0502819 0.0183053 0.0341104 -0.0213578 0.0193596 -0.0448852 0.117977 0.0407626 0.0112236 -0.0456958 0.117525 0.0523668 -0.0491788 -0.0816692 0.0966452 0.0995755 -0.0472424 0.096888 -0.114529 0.0955521 -0.092532 0.142816 -0.11575 0.0453396 0.0776255 0.146479 -0.0776552 -0.0197949 0.0392222 0.0558759 -0.000619887 -0.00450947 0.0226133 0.0176746 0.0259699 0.0200089 0.0338368 0.0421203 0.0109917 0.0126891 0.00462254 0.0115505 0.0483188 0.0380421 0.00767531 -0.0238781 0.0599647 0.0211897 0.00991977 -0.0179925 0.0493015 0.0214485 0.026917 0.0236319 0.0154266 0.0160746 0.0237764 0.0223504 0.017768 0.0128828 0.0215505 -0.0183907 0.0751018 0.038266 0.141224 0.0284107 0.0348055 -0.137304 -0.00862741 -0.232306 0.230781 0.0616101 0.0194131 -0.049011 0.100112 0.0604175 -0.000893604 -0.0141627 0.0336475 0.0510655 -0.0198809 0.0164504 0.000639054 0.050724 -0.00195605 0.0565381 -0.00835936
2.93751 -24.7887 -18.2213 -0.964745 -25.3363 -18.0387 -4.90533 -25.2703 -17.8681 -8.84164 -25.5197 -17.797 -12.7263 -25.0477 -17.3 -15.7597 -22.9273 -15.9897 -18.192 -20.3175 -14.3499 -20.8476 -17.9473 -12.6931 -23.1331 -15.0171 -11.4262 -24.019 -11.2002 -11.1242 -24.2979 -7.28741 -11.3654 -24.8657 -3.4043 -11.5779 -24.7638 0.518809 -11.3686 -22.986 3.93297 -10.466 -20.6359 6.86205 -9.22883 -18.4994 9.92662 -7.93369 -15.9851 12.8954 -7.22834 -12.7251 15.0693 -7.84185 -9.38794 16.8058 -9.09882 -6.14813 18.718 -10.3554 -2.56069 20.2935 -10.9704 1.31928 20.7339 -10.2688 5.08834 20.7446 -9.02975 8.88711 21.0004 -7.91406 12.6831 20.659 -6.81256 15.9802 18.8007 -5.67719 18.9573 16.4125 -4.65364 22.0933 14.2003 -3.71272 24.8882 11.7818 -2.3155 26.4672 8.97629 -0.0749657 27.6437 6.1517 2.37909 29.1472 3.37837 4.71006 29.6174 0.466207 7.29493 27.8037 -1.99225 9.71377 25.1744 -4.06226 11.7109 22.8491 -6.39444 13.7942 19.9708 -7.94606 15.9138 16.3741 -7.41107 17.4225 12.8639 -5.95353 18.4497 9.29756 -4.79314 19.6476 5.80005 -3.27239 20.6245 2.83828 -0.64369 20.7756 0.267153 2.36745 20.608 -2.36787 5.32755 20.5951 -5.1519 8.12861 20.2656 -8.01388 10.5832 19.0272 -10.8101 12.9578 17.5132 -13.5578 15.4848 16.1663 -16.5282 17.4558 14.4225 -19.5653 17.8661 11.9193 -22.5387 17.6475 9.31752 -25.6486 17.68 6.87073 -28.2248 17.2872 3.89306 -29.132 15.8497 0.350542 -29.218 14.1501 -3.19128 -29.5395 12.653 -6.81007 -29.6573 10.5242 -10.1106 -29.0162 7.28033 -12.1787 -28.1914 3.73297 -13.5746 -27.5712 0.223173 -15.1587 -26.1991 -3.15122 -16.5524 -23.3313 -5.78812 -17.1001 -19.9621 -7.80134 -17.373 -16.661 -9.87222 -17.9144 -13.5883 -12.2968 -17.5174 -11.4921 -14.6848 -15.1559 -10.107 -16.8492 -12.1438 -8.57071 -19.1818 -9.33778 -6.9407 -21.0482 -6.25012 -5.57579 -21.5251 -2.5541 -4.43848 -21.4549 1.24764 -3.3001 -21.6244 5.04588 -1.94899 -21.3732 8.76905 -0.294536 -19.9009 12.0536 1.37242 -18.0275 15.1204 2.95302 -16.3403 18.3373 4.85847 -14.3093 21.1545 7.28786 -11.5879 22.6354 9.78733 -8.71441 23.6342 12.213 -5.91097 24.9606 14.8575 -3.0242 25.377 17.334 -0.520517 23.6838 19.4509 1.72098 21.2827 21.6235 4.21312 19.1994 23.8524 5.80572 16.4129 25.4943 5.07019 12.9183 26.7239 3.16853 9.70517 28.2047 1.43468 6.50312 28.962 0.0463773 2.90453 27.8652 -0.772607 -0.806063 26.009 -1.12358 -4.28098 24.3369 -1.38463 -7.85586 22.574 -2.53547 -11.2039 20.6616 -5.25368 -13.3719 18.9002 -8.48604 -14.854 17.1969 -11.6364 -16.5631 15.0633 -14.657 -18.0015 12.1679 -17.3422 -18.3599 9.14128 -19.9011 -18.2418 6.26023 -22.6253 -18.2351 -0.0354808 -0.0251613 -0.0170588 0.0427367 -0.0689779 -0.0155324 0.0235457 0.0226176 -0.081783 -0.073485 0.0149343 0.0147206 -0.0279605 -0.0393715 0.0239232 0.0256956 0.103022 0.0392888 0.0683675 -0.0132558 0.179408 0.139252 0.132582 0.076514 0.199038 0.127345 0.053624 0.00772593 0.110841 0.0737483 -0.0606544 0.103562 -0.217843 -0.102512 -0.328281 -0.151189 -0.33126 -0.112924 -0.133674 -0.0404534 -0.143152 -0.0511535 -0.0184365 0.00933198 0.0130544 0.0190516 0.0154871 0.00843648 0.0477605 0.0407592 0.0434496 0.00514592 -0.0919882 -0.0974508 -0.0913242 -0.0531195 0.0248854 0.0264043 -0.00822352 -0.0522511 0.0921799 0.124853 0.12814 0.130758 0.183332 0.107863 0.105232 0.0746993 6.36386e-05 -0.0287643 -0.0178537 -0.0335227 -0.0754339 -0.092087 -0.0743813 -0.119501 -0.0450377 -0.0727776 0.0600144 -0.0418106 -0.0340302 -0.209186 -0.0654427 -0.28095 0.293201 0.174184 0.137012 0.0474145 0.101234 0.0155274 -0.0265208 -0.0452093 -0.0233614 -0.00223362 -0.0880748 -0.036927 0.0189047 0.105065 0.0608989 0.0995352 -0.0515831
1.2309 -29.7677 -21.344 -2.59917 -28.9314 -21.7834 -6.14557 -27.2837 -22.3046 -9.77642 -25.9168 -23.0203 -13.2735 -24.1082 -22.7739 -15.5072 -21.6453 -20.6859 -16.8681 -19.2366 -17.8995 -18.4833 -16.8958 -15.1923 -19.8403 -14.1337 -12.7541 -20.11 -10.6826 -10.8932 -19.9509 -7.07203 -9.34906 -19.9727 -3.48868 -7.73499 -19.6049 0.0658988 -6.09933 -18.1515 3.4226 -4.59844 -16.3685 6.60934 -3.08208 -14.7766 9.82984 -1.4303 -12.683 13.0259 -0.413071 -9.71352 15.5978 -0.960268 -6.66351 17.7174 -2.35246 -3.74258 19.9834 -3.79025 -0.34338 21.9922 -4.16586 3.17139 22.8402 -2.53233 6.28045 23.1221 -0.0834227 9.45418 23.6823 2.23078 12.7898 23.6007 4.37721 15.8546 21.8473 6.151 18.6867 19.5436 7.66307 21.6806 17.4975 9.23284 24.2235 14.9347 10.8385 25.2939 11.4121 12.1912 25.7996 7.70576 13.371 26.6478 4.08608 14.6214 26.5959 0.329379 15.7474 24.5646 -2.96851 16.1753 22.0343 -5.93211 16.1335 19.8627 -9.1681 16.1701 16.6163 -11.3163 16.3445 12.7491 -10.5862 16.4522 9.48657 -8.38176 16.4542 6.02522 -6.5055 16.4858 2.66362 -4.45583 16.4841 0.0948826 -1.44221 16.3222 -1.99493 1.91945 16.1245 -4.1393 5.24978 15.9917 -6.5279 8.38956 15.6135 -9.24525 11.1054 14.618 -11.9807 13.7297 13.4428 -14.6026 16.5159 12.3873 -17.6246 18.6924 11.0164 -21.0628 19.1389 9.10891 -24.5414 18.8651 7.24237 -28.1298 18.8685 5.57385 -31.1347 18.4081 3.04085 -32.1595 16.9045 -0.441585 -32.1324 15.1053 -3.93485 -32.4637 13.4297 -7.47358 -32.295 11.457 -10.8675 -30.6363 9.02233 -13.4231 -28.4408 6.54626 -15.4871 -26.4211 4.08264 -17.7372 -24.1518 1.57144 -19.6751 -21.1892 -0.85193 -20.5849 -17.9853 -3.04153 -21.2322 -14.8065 -5.15758 -22.1792 -11.8799 -7.78084 -22.0047 -10.2407 -10.5028 -19.6428 -9.60405 -12.8857 -16.5455 -8.83658 -15.4488 -13.627 -7.65099 -17.6332 -10.5451 -6.01193 -18.5542 -7.04977 -4.27092 -18.9606 -3.50629 -2.56924 -19.5791 0.0255453 -0.817155 -19.8323 3.57769 0.98894 -18.96 6.99401 2.71 -17.7042 10.3339 4.35516 -16.6211 13.7712 6.39629 -15.2029 16.8561 9.08532 -13.0604 18.7747 11.8923 -10.7963 20.3552 14.6089 -8.69366 22.2797 17.5196 -6.11656 22.9023 19.6615 -3.53008 20.9043 20.8618 -1.18044 18.0212 22.1568 1.47188 15.4595 23.8761 2.80739 12.2144 25.4299 1.17658 8.99307 26.7006 -1.80707 6.77063 28.2079 -4.6349 4.49313 28.7727 -6.98238 1.39099 27.2243 -8.15568 -2.05432 24.7662 -8.40519 -5.14352 22.4202 -8.63891 -8.31979 20.3176 -9.87432 -11.4339 18.8006 -12.7404 -13.7216 17.804 -16.1688 -15.4547 16.885 -19.5397 -17.3367 15.0959 -22.627 -19.0731 11.8911 -24.7916 -19.949 8.34531 -26.5245 -20.3348 4.96204 -28.5383 -20.8062 -0.121428 -0.165044 -0.200229 -0.15058 -0.203995 -0.119804 -0.107947 -0.0754154 -0.0691547 -0.0231225 0.0233041 0.0374408 0.0640972 0.0599788 0.0896181 0.0666531 0.128733 0.0499889 0.0709906 0.00342358 0.268759 0.269001 0.266508 0.237306 0.399527 0.337653 0.259665 0.206972 0.286232 0.242167 0.147211 0.260874 -0.295451 -0.296826 -0.45542 -0.275285 -0.500882 -0.217399 -0.215374 -0.130466 -0.233313 -0.122611 -0.0722382 -0.0331358 -0.0191434 -0.0104006 -0.0173814 -0.0323125 -0.00955652 -0.0256537 -0.0164568 -0.0780506 -0.208022 -0.200158 -0.152336 -0.116529 -0.0229101 0.0327183 0.0246237 0.0294382 0.208803 0.214908 0.203951 0.179144 0.170955 0.0543159 0.0506641 0.0274545 -0.0206422 -0.0376668 -0.0348958 -0.0449688 -0.0643307 -0.0722708 -0.0595167 -0.0962509 0.015647 0.0187709 0.167589 0.0751491 0.0211173 -0.318194 -0.167795 -0.380919 0.25239 0.158915 0.107881 0.0386073 0.139349 0.0746435 0.0528627 0.040746 0.0222786 0.0108155 -0.0778012 -0.00118825 0.0383133 0.0962937 0.0372463 0.0287781 -0.112055
-2.25523 -28.2578 -20.5448 -5.62966 -26.2176 -20.6556 -8.46269 -23.4746 -20.7691 -11.4581 -20.9204 -21.027 -14.2961 -18.2076 -20.6418 -16.1847 -15.2577 -18.868 -17.601 -12.4204 -16.5529 -19.2145 -9.62546 -14.3166 -20.4166 -6.50345 -12.2615 -20.3694 -2.94092 -10.6029 -19.8239 0.687377 -9.19464 -19.4472 4.32646 -7.75925 -18.8081 7.86773 -6.1794 -17.351 11.0752 -4.38467 -15.6731 14.1113 -2.48768 -14.1713 17.2149 -0.55247 -12.1366 20.1701 1.10821 -8.98967 22.4177 1.9889 -5.5502 24.3523 2.38685 -2.2309 26.4941 2.74248 1.28624 28.0232 3.75302 4.65108 27.8434 5.84721 7.63661 26.9778 8.31275 10.6985 26.3954 10.7677 13.841 25.2878 12.9212 16.6284 22.8287 14.2616 19.1556 19.9369 15.1917 21.8049 17.1932 16.2246 24.2042 14.2273 17.2545 25.7918 10.7293 18.0473 27.2538 7.16064 18.7633 29.0099 3.74126 19.5448 29.519 -0.110706 20.0802 27.5546 -3.46688 19.8311 24.8146 -6.15842 19.1705 22.4299 -9.19637 18.6488 19.1923 -11.2298 17.8949 15.5005 -10.4718 16.7569 12.4244 -8.32049 15.5683 9.1752 -6.47675 14.3251 5.91879 -4.52317 13.2855 3.14838 -1.74058 12.7482 0.702335 1.36454 12.4618 -1.77609 4.44399 12.1769 -4.42739 7.3365 11.6198 -7.31532 9.81777 10.5003 -10.2485 12.1619 9.21511 -13.1429 14.6049 8.03035 -16.1378 16.7756 6.59221 -19.2499 18.1186 4.55026 -22.4007 19.2121 2.4207 -25.5987 20.5062 0.48241 -28.4966 21.1835 -2.12543 -30.1531 20.3451 -5.58827 -31.134 18.9743 -9.13766 -32.3733 17.874 -12.7004 -33.1892 16.1474 -16.1342 -32.7033 13.2285 -18.6746 -31.7449 10.0088 -20.656 -31.0338 6.87022 -22.8592 -29.7261 3.66876 -24.6621 -27.1267 0.751696 -25.1198 -24.123 -1.78852 -25.0769 -21.2076 -4.41481 -25.3606 -18.3428 -7.04168 -24.7541 -16.0056 -8.97469 -22.2097 -14.1531 -10.4117 -19.0194 -12.1854 -12.0427 -15.9959 -10.1671 -13.3819 -12.8644 -8.34115 -13.7024 -9.35523 -6.64585 -13.6259 -5.76757 -4.92481 -13.6913 -2.19199 -3.17187 -13.5756 1.36679 -1.44004 -12.8277 4.85034 0.180811 -11.8483 8.32992 1.69671 -10.9418 11.876 3.7502 -9.96601 15.1201 6.79756 -8.86237 17.3556 10.0394 -7.74648 19.2916 13.0812 -6.63541 21.5313 16.7025 -5.58048 22.6603 20.3036 -4.95408 21.2787 23.3765 -4.46469 18.9145 26.6208 -3.70534 16.8724 29.5239 -4.08213 14.284 30.6448 -6.55079 11.4382 30.6937 -9.77933 9.19596 31.0947 -12.9799 6.949 30.9158 -15.6167 4.03926 29.164 -16.7811 0.689867 26.8098 -17.021 -2.4795 24.5572 -17.34 -5.71509 22.3346 -18.2166 -8.86716 20.0778 -20.0342 -11.5785 17.9751 -22.2465 -14.115 16.0114 -24.4392 -16.7766 13.294 -26.2587 -19.0241 9.51388 -27.1058 -19.8704 5.57935 -27.5872 -19.9792 1.69692 -28.3509 -20.2385 -0.113565 -0.144956 -0.167401 -0.153255 -0.273031 -0.212269 -0.184852 -0.150715 -0.152753 -0.111948 -0.0690115 -0.0521448 -0.00534654 0.0107148 0.0508872 0.045272 0.159616 0.135003 0.173983 0.125007 0.363733 0.345598 0.354591 0.33994 0.505373 0.447362 0.392223 0.344465 0.370947 0.293987 0.20439 0.325443 -0.234255 -0.214687 -0.363732 -0.248774 -0.609463 -0.384639 -0.336012 -0.250689 -0.389306 -0.271895 -0.196517 -0.138823 -0.109429 -0.0806149 -0.0632283 -0.0568288 -0.00828535 -0.00820681 -0.00608279 -0.022238 -0.0783073 -0.0771533 -0.0829639 -0.0744368 -0.0244707 -0.0201838 -0.0509507 -0.0777569 0.0664947 0.0717567 0.0545975 0.0416234 0.105193 0.0390464 0.0165036 -0.0167052 -0.0716012 -0.11043 -0.132827 -0.163039 -0.193527 -0.214805 -0.219322 -0.25637 -0.114519 -0.109317 -0.0118361 -0.0901687 0.0987842 -0.0194494 0.0893691 -0.0719485 0.503575 0.35442 0.299475 0.247425 0.35384 0.264587 0.210106 0.170701 0.110154 0.0614441 -0.0307648 0.00285542 -0.0212453 0.0306246 -0.0264478 -0.0356032 -0.177398
-4.66876 -27.2601 -20.9503 -7.10105 -24.1547 -20.9863 -8.86445 -20.6279 -20.8668 -10.7876 -17.1837 -20.8931 -12.6967 -13.7632 -20.4272 -14.1513 -10.5106 -18.7781 -15.4465 -7.44342 -16.6972 -16.891 -4.36519 -14.7342 -17.8074 -1.14346 -12.686 -17.3551 2.0527 -10.4445 -16.3431 5.10276 -8.18228 -15.4742 8.17898 -5.89619 -14.5143 11.2955 -3.70293 -13.098 14.4333 -1.75904 -11.5636 17.6059 0.0329993 -10.1407 20.8426 1.80217 -8.35663 23.7454 3.80749 -5.81026 25.6475 6.17954 -3.07228 27.1762 8.60754 -0.436315 28.9455 10.9846 2.41715 30.0837 13.4926 5.42608 29.484 16.0076 8.31988 28.2447 18.422 11.2523 27.2907 20.918 14.1499 25.8118 23.1885 16.5666 23.0395 24.6328 18.6877 19.8814 25.7005 20.9282 16.868 26.9304 22.971 13.6208 27.8765 24.3011 9.93132 27.931 25.506 6.20352 27.7397 26.9759 2.56697 27.7731 27.357 -1.27655 27.0909 25.6219 -4.14763 25.1083 23.2094 -6.08828 22.7417 21.0282 -8.40285 20.4895 18.4637 -10.0376 18.0531 15.5428 -9.49924 15.469 12.8822 -8.01735 12.9736 10.2055 -6.84055 10.337 7.30202 -5.30291 8.16769 4.42463 -2.70913 7.33158 1.78619 0.243558 7.16531 -0.882573 3.1619 6.90433 -3.6752 5.92034 6.35744 -6.63534 8.3797 5.38803 -9.6453 10.7278 4.3031 -12.6443 13.1239 3.29572 -15.6377 15.4282 2.07928 -18.5735 17.4248 0.331838 -21.4731 19.4108 -1.48676 -24.3748 21.555 -3.11197 -27.2334 22.9902 -5.44138 -29.3552 22.6343 -8.7292 -31.0017 21.5756 -12.1362 -32.8801 20.8368 -15.5075 -34.2419 19.4303 -18.9141 -34.07 16.704 -21.6975 -33.2803 13.6493 -23.9901 -32.7746 10.7138 -26.5076 -31.6625 7.57952 -28.5445 -29.2277 4.52548 -29.0129 -26.4024 1.79354 -28.837 -23.6901 -1.05073 -29.0112 -20.8958 -3.74063 -28.3541 -18.3291 -5.40989 -25.8444 -16.1146 -6.43631 -22.7272 -13.7954 -7.66628 -19.7637 -11.4996 -8.71046 -16.7121 -9.49842 -8.95103 -13.2933 -7.65287 -8.875 -9.7806 -5.77217 -8.903 -6.28584 -3.86806 -8.8163 -2.80474 -2.00429 -8.29585 0.652049 -0.266535 -7.5968 4.14284 1.35179 -6.92527 7.69594 3.57845 -6.32622 10.9172 6.88383 -5.90473 13.0145 10.4478 -5.45772 14.6271 13.8756 -4.84102 16.4635 17.579 -4.97832 17.7928 21.095 -6.67905 17.6788 24.2528 -8.90143 17.0794 27.6068 -10.886 16.7918 30.4208 -13.3317 15.6226 31.1235 -16.2342 13.0674 30.6556 -19.0243 10.3385 30.5539 -21.9486 7.71411 30.0569 -24.5057 4.77087 28.2328 -25.8548 1.53167 25.9311 -26.5523 -1.60784 23.7568 -27.3775 -4.80665 21.4679 -28.3204 -7.89092 18.7278 -29.2896 -10.5924 15.9162 -30.3564 -13.1812 13.2497 -31.5347 -15.8734 10.0897 -32.0989 -18.2058 6.37132 -31.2674 -19.3029 2.65007 -29.9809 -19.7717 -1.1287 -28.9613 -20.4072 -0.149192 -0.186191 -0.210229 -0.217608 -0.376422 -0.325397 -0.292519 -0.253518 -0.238775 -0.193689 -0.162767 -0.140099 -0.0647613 -0.0394325 -0.0028424 0.00256707 0.180345 0.204007 0.249471 0.252324 0.548583 0.538613 0.547222 0.545304 0.74151 0.706126 0.666364 0.635297 0.656564 0.577622 0.511574 0.575655 -0.148537 -0.201918 -0.314578 -0.314986 -0.896651 -0.737615 -0.6213 -0.503188 -0.630356 -0.484204 -0.376453 -0.291733 -0.238248 -0.185227 -0.144225 -0.118844 -0.0536955 -0.0416984 -0.0365414 -0.0344541 -0.0670862 -0.0678934 -0.0822169 -0.0903716 -0.0575268 -0.0548837 -0.0860201 -0.110295 0.0276437 0.0209077 -0.00607278 -0.0281344 0.0423706 -0.0200457 -0.0571017 -0.100343 -0.160803 -0.21743 -0.264427 -0.315899 -0.361311 -0.400112 -0.422741 -0.461025 -0.298721 -0.29852 -0.240124 -0.264587 0.161808 0.196188 0.266747 0.2132 0.870188 0.686657 0.59018 0.508116 0.595306 0.484046 0.401325 0.336435 0.244126 0.177123 0.0960683 0.0838915 -0.0654312 -0.066129 -0.112612 -0.13541 -0.262277
-4.97022 -24.3693 -19.353 -6.70263 -20.8281 -19.2195 -8.01735 -17.1322 -18.8058 -9.46823 -13.4744 -18.5326 -10.7784 -9.79998 -17.9486 -11.5011 -6.20938 -16.5352 -12.0167 -2.70211 -14.8481 -12.652 0.838789 -13.276 -12.965 4.31544 -11.4795 -12.4054 7.41593 -9.13082 -11.5124 10.2927 -6.60701 -10.7196 13.2337 -4.12421 -9.8153 16.1238 -1.61976 -8.49703 18.777 0.997795 -7.04989 21.3686 3.60911 -5.67316 24.0504 6.16675 -4.12615 26.4015 8.94314 -2.21427 27.7978 12.1247 -0.249981 28.8707 15.3986 1.63581 30.1644 18.6387 3.77493 30.8831 21.8998 6.24359 30.0438 24.8896 8.71737 28.6809 27.6756 11.1889 27.6046 30.5862 13.654 25.9149 33.195 15.7278 22.891 34.667 17.5314 19.5172 35.6556 19.4481 16.3017 36.9204 21.167 12.8018 37.5589 22.0835 9.12795 36.5363 22.6966 5.59658 34.9433 23.5396 1.99284 33.6445 23.7241 -1.42431 31.7283 22.5064 -3.53138 28.685 20.8729 -4.80544 25.3844 19.4036 -6.37242 22.1332 17.6797 -7.59644 18.8599 15.4723 -7.46614 15.6027 13.2759 -6.83224 12.3974 11.1631 -6.44876 9.09746 8.70389 -5.56157 6.15391 5.88464 -3.40222 4.39487 3.13315 -0.781848 3.26827 0.373748 1.7604 1.99207 -2.4479 4.21359 0.678276 -5.38097 6.64138 -0.440979 -8.3611 9.06182 -1.44596 -11.346 11.4822 -2.43681 -14.264 13.9089 -3.59726 -16.9915 16.3427 -5.1123 -19.6091 18.8791 -6.65293 -22.2022 21.5287 -8.03643 -24.9561 23.5637 -10.0193 -27.5415 23.9481 -12.953 -29.9491 23.7146 -16.0495 -32.5072 23.834 -19.0297 -34.5646 23.0757 -22.29 -35.027 20.6062 -25.2728 -34.7619 17.6761 -27.8333 -34.8379 14.9513 -30.6227 -34.1528 11.8009 -32.817 -31.9138 8.57887 -33.0997 -29.2297 5.7745 -32.4607 -26.6864 2.78491 -32.1947 -23.9489 0.115742 -31.2686 -21.1406 -1.14745 -28.7807 -18.554 -1.60699 -25.8189 -15.8804 -2.27349 -22.9762 -13.2737 -2.90408 -20.0639 -10.9859 -3.04733 -16.8242 -8.86052 -2.97681 -13.4733 -6.7174 -2.94643 -10.1332 -4.47441 -2.9587 -6.85915 -2.06476 -2.98215 -3.71494 0.347233 -2.95054 -0.572596 2.67343 -2.84509 2.63222 5.33094 -3.09033 5.5597 8.53405 -4.147 7.59046 11.8674 -5.42947 9.24728 15.1837 -6.52782 11.063 18.4354 -8.14865 12.5793 21.1525 -10.8954 13.1625 23.5609 -13.9535 13.5033 26.1373 -16.8297 14.102 28.3058 -20.0715 13.8666 28.837 -23.4927 12.0065 28.5425 -26.6912 9.74122 28.5834 -30.0386 7.68166 28.0879 -33.0418 5.19533 26.138 -34.6934 2.17738 23.7018 -35.6344 -0.792266 21.439 -36.8495 -3.79932 18.9354 -37.7016 -6.73938 15.8584 -37.3163 -9.21447 12.6699 -36.5147 -11.4356 9.52475 -35.953 -13.7884 6.33064 -34.8723 -15.8794 3.35145 -32.5231 -17.0302 0.570946 -29.7969 -17.7763 -2.32357 -27.2452 -18.6872 -0.194695 -0.233733 -0.254225 -0.266683 -0.452957 -0.415966 -0.38291 -0.357812 -0.359197 -0.311374 -0.272466 -0.24287 -0.154878 -0.118952 -0.0807549 -0.0545693 0.17665 0.222649 0.26466 0.297773 0.65528 0.666693 0.676634 0.698508 0.937576 0.920673 0.884421 0.860206 0.868628 0.763149 0.681063 0.670038 -0.206541 -0.321481 -0.405115 -0.427732 -1.08854 -0.931949 -0.782827 -0.646168 -0.768999 -0.615892 -0.495768 -0.397028 -0.324115 -0.255337 -0.20157 -0.161894 -0.0802129 -0.0572689 -0.0465461 -0.034858 -0.0640869 -0.0725762 -0.0907722 -0.109691 -0.0963393 -0.104059 -0.138869 -0.171433 -0.0572502 -0.0780301 -0.110918 -0.141015 -0.0583286 -0.110699 -0.158002 -0.205802 -0.262073 -0.326164 -0.386721 -0.44605 -0.491204 -0.539003 -0.581181 -0.618083 -0.406962 -0.383732 -0.347113 -0.329709 0.215958 0.291713 0.340302 0.336971 1.09257 0.920359 0.78603 0.687123 0.773168 0.647099 0.540255 0.458475 0.338198 0.252546 0.17676 0.132329 -0.10894 -0.151083 -0.192938 -0.2349 -0.340817
-3.12396 -22.9468 -19.9074 -5.2081 -19.5967 -19.783 -7.05354 -16.1347 -19.3467 -8.65172 -12.5992 -18.62 -9.99692 -9.02414 -17.6242 -11.0807 -5.45647 -16.3862 -11.907 -1.90597 -14.921 -12.4809 1.59865 -13.2405 -12.8101 5.02877 -11.3534 -12.9022 8.35973 -9.26493 -12.7635 11.5603 -6.98402 -12.4005 14.6017 -4.51759 -11.8194 17.4538 -1.87317 -11.014 20.1041 0.951664 -9.9835 22.5064 3.92141 -8.72532 24.63 7.01322 -7.23843 26.442 10.2004 -5.51879 27.9109 13.4616 -3.57636 28.9937 16.7488 -1.42227 29.6526 20.0162 0.925152 29.8519 23.21 3.43942 29.5595 26.2684 6.08167 28.7509 29.1189 8.8016 27.4133 31.6828 11.5361 25.5503 33.8766 14.1992 23.1973 35.6103 16.717 20.397 36.8158 18.9985 17.226 37.4275 20.9518 13.7882 37.3996 22.4817 10.2381 36.7205 23.534 6.69313 35.4049 24.0593 3.30262 33.4986 24.0337 0.212183 31.0792 23.4671 -2.43202 28.2697 22.392 -4.54742 25.1754 20.8622 -6.06062 21.9234 18.9488 -6.93112 18.639 16.7093 -7.14912 15.4051 14.2492 -6.72209 12.3578 11.6538 -5.69235 9.57844 8.98057 -4.14063 7.13572 6.2281 -2.17051 5.06947 3.46406 0.0993516 3.35638 0.714249 2.5768 1.93238 -2.01541 5.18641 0.721663 -4.73634 7.86982 -0.358558 -7.46018 10.5693 -1.39037 -10.205 13.2333 -2.45809 -12.9863 15.8073 -3.64537 -15.8054 18.2201 -5.02749 -18.6743 20.3973 -6.67337 -21.5767 22.2404 -8.63759 -24.4688 23.6359 -10.9545 -27.2535 24.4565 -13.6062 -29.8399 24.5966 -16.5644 -32.0854 23.9637 -19.7294 -33.8313 22.5171 -22.9416 -34.9227 20.3115 -25.9707 -35.2682 17.4618 -28.6147 -34.8275 14.1702 -30.6644 -33.6386 10.6882 -31.9656 -31.7923 7.24463 -32.4451 -29.4549 4.09599 -32.099 -26.8001 1.40156 -31.0085 -23.9866 -0.755326 -29.2969 -21.1221 -2.36746 -27.0855 -18.3112 -3.45529 -24.5144 -15.6025 -4.08724 -21.6933 -13.0127 -4.34861 -18.7067 -10.5293 -4.33062 -15.6076 -8.13386 -4.1239 -12.4465 -5.7832 -3.81346 -9.26052 -3.42914 -3.48271 -6.07905 -1.0273 -3.2152 -2.93662 1.4717 -3.09404 0.13836 4.10476 -3.20481 3.09976 6.89424 -3.63365 5.88365 9.82137 -4.4568 8.38904 12.8512 -5.74705 10.5519 15.8688 -7.55736 12.3238 18.7829 -9.86369 13.632 21.4752 -12.5913 14.407 23.8674 -15.6776 14.6114 25.8607 -19.0183 14.2175 27.3669 -22.4874 13.2244 28.3204 -25.9636 11.6508 28.6658 -29.278 9.56166 28.389 -32.2879 7.04521 27.5077 -34.8681 4.21053 26.0587 -36.9298 1.15925 24.1179 -38.3865 -1.96679 21.7745 -39.2027 -5.04958 19.1263 -39.3744 -7.98529 16.2618 -38.9218 -10.6974 13.2833 -37.8869 -13.1106 10.275 -36.327 -15.18 7.30881 -34.307 -16.879 4.44585 -31.8961 -18.1956 1.73055 -29.1587 -19.1319 -0.801472 -26.1568 -19.6973 5.24143 5.20745 5.18262 5.16469 4.97071 4.9929 5.01461 5.0384 5.04866 5.11564 5.17839 5.23864 5.36632 5.4409 5.51633 5.59003 5.87332 5.95788 6.03564 6.1046 6.48925 6.51561 6.53313 6.54008 6.73098 6.67196 6.60736 6.5391 6.49523 6.35678 6.21806 6.07595 4.97506 4.6325 4.31359 4.04371 3.1309 3.06689 3.02055 2.98756 2.70312 2.73037 2.75279 2.77376 2.78207 2.80062 2.81853 2.83657 2.90613 2.92111 2.92868 2.9307 2.88685 2.87292 2.85455 2.82992 2.82184 2.80048 2.77112 2.73673 2.84911 2.84688 2.85062 2.86032 3 3.01006 3.02465 3.04049 3.05561 3.06116 3.06677 3.07059 3.08425 3.09519 3.11165 3.1335 3.41189 3.50527 3.61825 3.74732 4.44341 4.67378 4.90284 5.11655 6.13077 6.16875 6.21411 6.26001 6.46883 6.43362 6.39735 6.36007 6.25773 6.1817 6.10798 6.03925 5.75007 5.66574 5.59085 5.5276 -0.0125446
