Optimization finished after 307300 iterations.
NEB Energy: 0.819243
Max NEB Force: 0.005
Optimization took: 5690385 ms
Energies: 
0.812861, 0.819173, 0.905661, 0.956486, 0.908908, 0.862959, 0.819443, 0.810954, 
NEB Forces: 
0, 0.00129841, 0.00314381, 0.00499967, 0.00394672, 0.00289453, 0.00131004, 0, 
Gradients: 
1.09999e-06, 0.00151623, 0.00339404, 0.0050028, 0.00399125, 0.00303088, 0.00133236, 8.20276e-06, 
Spring Forces: 
0, 0.000141658, 3.43367e-05, 3.01078e-05, 3.9647e-05, 2.71188e-05, 0.000159928, 0, 
Bend Energies: 
0.81286, 0.819171, 0.905629, 0.956477, 0.908896, 0.862914, 0.819355, 0.810951, 
Twist Energies: 
2.07186e-10, 3.08456e-07, 3.09622e-05, 6.05133e-06, 8.64208e-06, 4.14727e-05, 8.59646e-05, 1.74991e-26, 
Stretch Energies: 
5.13664e-07, 9.24874e-07, 1.58106e-06, 3.09613e-06, 3.15861e-06, 2.64036e-06, 2.04049e-06, 1.98593e-06, 
