# num_vectors 8
# vector_size 401
# Iterations: 92400, stepsize: 0.026503, max step size: 1.000000, spring constant: 0.000010, global NEB Hessian: false, global NEB Linesearch: true, climbing image: false
2.82835 -19.9249 -21.0196 -0.98599 -20.9073 -20.7594 -4.87103 -21.4042 -20.2682 -8.7577 -21.3604 -19.5798 -12.5617 -20.7304 -18.7346 -16.1669 -19.4912 -17.7845 -19.4799 -17.6339 -16.7797 -22.3807 -15.1797 -15.7811 -24.7486 -12.1846 -14.8548 -26.4736 -8.73941 -14.0676 -27.467 -4.97906 -13.4864 -27.7181 -1.06856 -13.155 -27.2478 2.83458 -13.058 -26.0912 6.61658 -13.161 -24.315 10.1422 -13.4208 -21.9983 13.328 -13.7889 -19.2244 16.1166 -14.215 -16.0661 18.48 -14.6507 -12.6107 20.3917 -15.0457 -8.93188 21.8486 -15.353 -5.09749 22.8573 -15.5274 -1.16923 23.4315 -15.5253 2.79152 23.5892 -15.3049 6.72544 23.3524 -14.8262 10.5717 22.7465 -14.0517 14.2514 21.8054 -12.9523 17.7112 20.5612 -11.4975 20.8758 19.0549 -9.66695 23.6639 17.3359 -7.45199 25.9746 15.4784 -4.87987 27.7454 13.5403 -1.9621 28.8975 11.6036 1.25144 29.3646 9.75985 4.68477 29.1071 8.11759 8.21216 28.1179 6.76141 11.7318 26.4265 5.78132 15.1059 24.1333 5.22864 18.211 21.3168 5.09142 20.9623 18.1104 5.33688 23.2381 14.6246 5.91003 24.9821 10.9616 6.74712 26.1665 7.18571 7.78789 26.788 3.39703 8.95792 26.8491 -0.342552 10.1893 26.3737 -3.98386 11.417 25.3937 -7.49281 12.5804 23.943 -10.8329 13.6182 22.062 -13.9777 14.4728 19.7925 -16.9036 15.0887 17.1789 -19.5799 15.4116 14.2785 -21.9916 15.3926 11.138 -24.1129 14.9841 7.81952 -25.9162 14.1443 4.39574 -27.3632 12.851 0.97619 -28.4397 11.081 -2.36571 -29.1205 8.83368 -5.51942 -29.3873 6.13196 -8.36362 -29.2357 3.0517 -10.7553 -28.6781 -0.344382 -12.5957 -27.7428 -3.94465 -13.7765 -26.4822 -7.61183 -14.2169 -24.9677 -11.2322 -13.9057 -23.2649 -14.633 -12.8899 -21.4168 -17.6978 -11.25 -19.4623 -20.3403 -9.08325 -17.4208 -22.5155 -6.47643 -15.3291 -24.1727 -3.54837 -13.2039 -25.3 -0.400743 -11.0543 -25.9011 2.87225 -8.87733 -25.9901 6.19273 -6.67591 -25.5872 9.47358 -4.44389 -24.7194 12.6418 -2.17318 -23.4175 15.6287 0.140429 -21.7193 18.3633 2.50807 -19.6606 20.7864 4.93361 -17.2852 22.8332 7.41583 -14.644 24.4386 9.93075 -11.8159 25.534 12.4763 -8.85725 26.0717 15.0249 -5.85356 26.0006 17.5373 -2.90478 25.283 19.9448 -0.144288 23.9143 22.2065 2.33055 21.9021 24.2556 4.39676 19.2903 26.0233 5.93746 16.1613 27.4556 6.85796 12.6159 28.5139 7.11312 8.83646 29.1624 6.73431 4.97574 29.3758 5.7823 1.16557 29.1451 4.32579 -2.50681 28.4758 2.45975 -5.93186 27.3861 0.278108 -9.04858 25.8997 -2.12684 -11.8177 24.0365 -4.6759 -14.2253 21.8278 -7.27821 -16.254 19.3002 -9.85626 -17.9065 16.4796 -12.3372 -19.1929 13.3942 -14.6501 -20.1273 10.0691 -16.7295 -20.7291 6.535 -18.5096 -21.0188 -4.73669 -4.67317 -4.6212 -4.58336 -4.74213 -4.70424 -4.68475 -4.68033 -4.7065 -4.69326 -4.69893 -4.72116 -4.69173 -4.73109 -4.78354 -4.84891 -4.71203 -4.77608 -4.84319 -4.90981 -4.64683 -4.72471 -4.79163 -4.84782 -4.69747 -4.77311 -4.82809 -4.85622 -4.82241 -4.83373 -4.77553 -4.62005 -5.28699 -5.04989 -4.72024 -4.42425 -4.92683 -4.71988 -4.59425 -4.52479 -4.75599 -4.70717 -4.68364 -4.67465 -4.68625 -4.69166 -4.69866 -4.70399 -4.65401 -4.65204 -4.64958 -4.64415 -4.67644 -4.67226 -4.6686 -4.67104 -4.66129 -4.67364 -4.70661 -4.75975 -4.68142 -4.73031 -4.7795 -4.82265 -4.73095 -4.76078 -4.77646 -4.78142 -4.77891 -4.77985 -4.7776 -4.77765 -4.77261 -4.78012 -4.79847 -4.83651 -4.65473 -4.7054 -4.7931 -4.94441 -4.61514 -4.81659 -5.02893 -5.20195 -4.48601 -4.65392 -4.74607 -4.78697 -4.62498 -4.67354 -4.69372 -4.688 -4.72204 -4.70615 -4.66694 -4.60566 -4.7534 -4.69184 -4.62393 -4.55447 0.000317163
1.68618 -20.4475 -21.3403 -2.10144 -21.5313 -21.0929 -5.97629 -22.0933 -20.5914 -9.85669 -22.0655 -19.8679 -13.6403 -21.3953 -18.9641 -17.1905 -20.0624 -17.9371 -20.3955 -18.0706 -16.8434 -23.1254 -15.4657 -15.7494 -25.2647 -12.3346 -14.7224 -26.7266 -8.79648 -13.8227 -27.459 -5.00094 -13.1 -27.454 -1.10223 -12.5853 -26.7419 2.75399 -12.2897 -25.372 6.46455 -12.2054 -23.425 9.907 -12.31 -20.9861 13.0115 -12.5664 -18.1384 15.7339 -12.9291 -14.9478 18.0563 -13.3496 -11.491 19.9592 -13.7741 -7.82852 21.441 -14.1493 -4.0149 22.5051 -14.4224 -0.100715 23.1576 -14.5415 3.86057 23.4063 -14.4557 7.81329 23.2607 -14.1157 11.6955 22.7339 -13.4742 15.4219 21.8479 -12.4926 18.9281 20.6265 -11.1324 22.1229 19.1059 -9.36755 24.9066 17.3362 -7.18731 27.1601 15.3988 -4.62334 28.8073 13.3638 -1.6992 29.7648 11.3276 1.51671 29.9761 9.39502 4.92633 29.4282 7.68024 8.38538 28.1481 6.25999 11.7839 26.1999 5.20209 14.9918 23.679 4.54574 17.8936 20.6674 4.29918 20.4215 17.3112 4.45137 22.4791 13.7257 4.95967 24.0305 10.0103 5.76602 25.0629 6.22029 6.81143 25.5825 2.44326 8.02002 25.5959 -1.2733 9.32051 25.1239 -4.89334 10.6434 24.1901 -8.39279 11.9231 22.8164 -11.741 13.0922 21.0294 -14.913 14.0865 18.8567 -17.8821 14.8425 16.3301 -20.6103 15.2967 13.4964 -23.0727 15.3909 10.3969 -25.2308 15.0679 7.09269 -27.0428 14.2777 3.66177 -28.4578 12.9938 0.225323 -29.4508 11.1949 -3.12694 -29.9914 8.89005 -6.26626 -30.0631 6.12048 -9.05626 -29.6734 2.98668 -11.3494 -28.8496 -0.424964 -13.0562 -27.6383 -3.98634 -14.0956 -26.1032 -7.55919 -14.4263 -24.3015 -11.0383 -14.0434 -22.322 -14.2714 -12.9823 -20.234 -17.1626 -11.3154 -18.0935 -19.6439 -9.13382 -15.9267 -21.6847 -6.51947 -13.771 -23.2469 -3.58564 -11.6359 -24.3251 -0.427531 -9.51924 -24.9235 2.86739 -7.40596 -25.0522 6.22746 -5.28646 -24.7222 9.56981 -3.14387 -23.9486 12.823 -0.961555 -22.7486 15.9166 1.27096 -21.1461 18.7737 3.56829 -19.1652 21.3258 5.93552 -16.8405 23.4953 8.3701 -14.2183 25.2017 10.8442 -11.3789 26.3591 13.3481 -8.38659 26.9057 15.8442 -5.34088 26.7803 18.2807 -2.35983 25.944 20.5771 0.405481 24.405 22.6829 2.84719 22.1931 24.5284 4.84475 19.3836 26.0514 6.30162 16.0901 27.2095 7.15928 12.4306 27.9627 7.38556 8.57692 28.3001 6.99794 4.67756 28.2269 6.04627 0.862041 27.7557 4.59227 -2.78827 26.9083 2.72597 -6.17352 25.7084 0.536984 -9.24427 24.1775 -1.88677 -11.9724 22.3269 -4.47051 -14.3526 20.1757 -7.12698 -16.3729 17.7356 -9.78078 -18.037 15.0175 -12.359 -19.3524 12.0355 -14.7876 -20.3281 8.80329 -16.9957 -20.9759 5.34286 -18.9081 -21.3083 0.0397371 0.109376 0.166126 0.207242 0.0504587 0.0895811 0.110243 0.116603 0.0941847 0.114028 0.115653 0.100885 0.138877 0.109153 0.066923 0.0114976 0.157039 0.0994053 0.0358353 -0.0302709 0.230579 0.148628 0.0766085 0.0152588 0.161283 0.0829883 0.0278316 0.00280355 0.0438511 0.0447213 0.120419 0.2963 -0.358242 -0.13913 0.132448 0.368678 -0.168227 0.0264054 0.151065 0.224247 -0.00187997 0.0517506 0.0795754 0.0924078 0.0842354 0.0817936 0.0771954 0.0735764 0.124535 0.12681 0.129232 0.134749 0.103205 0.109258 0.116126 0.118189 0.133519 0.127742 0.102715 0.0596955 0.150794 0.116857 0.0822946 0.051363 0.151911 0.127473 0.114243 0.109646 0.11128 0.108966 0.109892 0.108948 0.113671 0.106348 0.0883486 0.0501068 0.229803 0.173039 0.0724563 -0.10135 0.196968 -0.0344319 -0.262956 -0.43616 0.286093 0.119365 0.0292565 -0.00815505 0.157195 0.110748 0.090902 0.0951613 0.058247 0.0706383 0.106715 0.166282 0.0190858 0.0837361 0.156977 0.233097 0.0183141
2.4772 -24.5305 -19.2544 -1.24663 -25.7701 -18.8323 -5.1019 -26.3424 -18.207 -8.96675 -26.1738 -17.4222 -12.695 -25.2395 -16.5227 -16.1213 -23.577 -15.5576 -19.1309 -21.2555 -14.5637 -21.6175 -18.378 -13.5776 -23.5057 -15.0651 -12.6319 -24.7513 -11.4397 -11.7545 -25.334 -7.6301 -10.9719 -25.2592 -3.75509 -10.3058 -24.5526 0.0765161 -9.77241 -23.2466 3.79016 -9.37837 -21.3986 7.27916 -9.12577 -19.0706 10.4756 -9.00115 -16.3273 13.3262 -8.97861 -13.2217 15.7968 -9.0212 -9.82312 17.8453 -9.08263 -6.19128 19.4451 -9.11142 -2.3869 20.5739 -9.05557 1.52669 21.2136 -8.86724 5.47789 21.3517 -8.50693 9.39087 20.9844 -7.94604 13.186 20.1178 -7.16721 16.768 18.7749 -6.16702 20.0707 16.9794 -4.94098 23.0097 14.7679 -3.48969 25.495 12.1891 -1.81417 27.4169 9.33151 0.0688635 28.6938 6.26758 2.16346 29.2255 3.12157 4.44927 28.9314 0.0569876 6.88378 27.7847 -2.71155 9.37896 25.8189 -4.99753 11.8519 23.1481 -6.61535 14.1874 19.9588 -7.43915 16.2743 16.4386 -7.42446 18.0431 12.8405 -6.60781 19.4241 9.33487 -5.1065 20.4127 6.01879 -3.07197 21.0332 2.89795 -0.642343 21.3231 -0.0356394 2.02611 21.3094 -2.84587 4.80809 21.0095 -5.60749 7.59266 20.4209 -8.39083 10.2789 19.5222 -11.2352 12.7577 18.2828 -14.1492 14.921 16.6706 -17.1011 16.6622 14.6643 -20.0113 17.8818 12.2721 -22.7863 18.5117 9.51869 -25.3071 18.5105 6.46507 -27.4541 17.8757 3.19913 -29.1135 16.6537 -0.149422 -30.227 14.9081 -3.49198 -30.752 12.7247 -6.71948 -30.6786 10.1974 -9.73066 -30.0333 7.43961 -12.4157 -28.8609 4.51476 -14.7183 -27.224 1.4922 -16.5665 -25.2007 -1.56956 -17.8945 -22.861 -4.64483 -18.6467 -20.3258 -7.65438 -18.759 -17.7075 -10.5404 -18.1996 -15.1194 -13.2375 -16.965 -12.6494 -15.6899 -15.0731 -10.3954 -17.8105 -12.5997 -8.40309 -19.5398 -9.64426 -6.67731 -20.8341 -6.32146 -5.18221 -21.6675 -2.73781 -3.86149 -22.0214 0.990848 -2.63837 -21.89 4.76698 -1.43126 -21.2743 8.5001 -0.164291 -20.1847 12.0949 1.23417 -18.6385 15.4666 2.82258 -16.6682 18.5178 4.64631 -14.325 21.1443 6.72073 -11.7004 23.2253 9.06254 -8.8806 24.6699 11.6478 -5.99314 25.3781 14.4138 -3.18953 25.2732 17.2349 -0.651149 24.3315 19.9958 1.49308 22.5796 22.545 3.1251 20.1044 24.7402 4.17749 17.0445 26.4776 4.63925 13.5464 27.673 4.53721 9.80074 28.3009 3.93397 5.96525 28.3741 2.90009 2.17118 27.9286 1.48956 -1.49936 27.0203 -0.241453 -4.94023 25.7144 -2.25486 -8.08696 24.0754 -4.51864 -10.8888 22.1535 -7.00622 -13.3145 19.9981 -9.66353 -15.3291 17.6352 -12.4277 -16.9234 15.0703 -15.219 -18.105 12.2926 -17.9398 -18.895 9.27717 -20.4821 -19.3257 6.00465 -22.723 -19.4329 0.0418982 0.106362 0.151576 0.179048 0.0100055 0.0403893 0.0567645 0.0634094 0.045476 0.0734547 0.0863313 0.085502 0.139834 0.128349 0.105366 0.0689877 0.231985 0.188898 0.136142 0.077046 0.341651 0.261003 0.188508 0.125213 0.267743 0.184016 0.120813 0.0840784 0.107974 0.0827338 0.116481 0.223308 -0.537966 -0.452832 -0.293673 -0.104901 -0.634764 -0.411323 -0.257626 -0.162939 -0.37628 -0.312766 -0.274861 -0.249448 -0.241465 -0.224503 -0.208081 -0.191628 -0.124653 -0.113411 -0.110571 -0.113174 -0.159394 -0.170642 -0.17844 -0.182496 -0.159544 -0.14094 -0.124807 -0.113441 0.0388898 0.064637 0.0797476 0.0824681 0.198077 0.170957 0.141164 0.111538 0.0850308 0.0557388 0.0335258 0.0142402 0.00539757 -0.0112618 -0.0350357 -0.0760559 0.103628 0.0498448 -0.0430061 -0.200559 0.12886 -0.0578402 -0.242872 -0.389603 0.339559 0.166644 0.0646057 0.0144847 0.168764 0.113508 0.0866705 0.0850981 0.0435102 0.0536422 0.0923361 0.162024 0.0332662 0.121828 0.2182 0.310031 0.0979068
0.879384 -29.4774 -23.3086 -3.06721 -29.5049 -23.3788 -6.92632 -28.7568 -23.0198 -10.506 -27.2942 -22.2274 -13.655 -25.2377 -21.029 -16.2707 -22.7451 -19.4864 -18.3354 -19.9413 -17.6667 -19.8554 -16.9294 -15.6534 -20.8583 -13.7749 -13.5371 -21.3766 -10.5078 -11.4105 -21.437 -7.14577 -9.37138 -21.0593 -3.70123 -7.51195 -20.2585 -0.199232 -5.91205 -19.0408 3.3365 -4.62064 -17.4278 6.82107 -3.66788 -15.44 10.1814 -3.0285 -13.0975 13.3451 -2.63332 -10.4089 16.2531 -2.37835 -7.39957 18.8295 -2.14149 -4.09825 21.0052 -1.79818 -0.55592 22.7059 -1.24171 3.14883 23.8582 -0.400468 6.90979 24.4004 0.749186 10.6111 24.2969 2.18111 14.1436 23.5431 3.82833 17.4047 22.1694 5.59261 20.3391 20.217 7.38482 22.8884 17.7412 9.11866 24.9932 14.8053 10.7264 26.5717 11.5071 12.1532 27.5521 7.91315 13.3891 27.8269 4.1386 14.4295 27.2846 0.345662 15.2807 25.8526 -3.21903 15.9499 23.5201 -6.30291 16.4542 20.3958 -8.60974 16.8048 16.7215 -9.89796 17.0165 12.7862 -10.0538 17.11 8.95999 -9.11543 17.1089 5.47752 -7.27481 17.0393 2.42984 -4.78119 16.9209 -0.236951 -1.85052 16.7601 -2.62502 1.30859 16.551 -4.89387 4.54901 16.2707 -7.20072 7.75099 15.8804 -9.67674 10.8058 15.3253 -12.3971 13.5901 14.5394 -15.376 15.9801 13.4511 -18.5573 17.8566 11.9924 -21.8089 19.1191 10.1183 -24.966 19.7138 7.80363 -27.8266 19.6299 5.06714 -30.191 18.9095 1.97367 -31.8843 17.6532 -1.34501 -32.8236 15.9765 -4.77511 -32.9797 14.005 -8.1734 -32.3911 11.8473 -11.4072 -31.1569 9.59425 -14.3452 -29.3853 7.26253 -16.9251 -27.1936 4.85123 -19.073 -24.6972 2.3422 -20.7174 -21.9863 -0.302356 -21.7917 -19.2002 -3.05229 -22.2072 -16.4583 -5.86152 -21.9112 -13.8711 -8.64695 -20.8891 -11.5092 -11.319 -19.164 -9.43445 -13.7513 -16.8243 -7.64383 -15.8551 -13.9849 -6.09303 -17.571 -10.7685 -4.70832 -18.8694 -7.28003 -3.41329 -19.7317 -3.62603 -2.13173 -20.153 0.10929 -0.799521 -20.1302 3.85057 0.63073 -19.6607 7.51786 2.19982 -18.7413 11.0403 3.93981 -17.3734 14.3291 5.88077 -15.5715 17.2788 8.03737 -13.3877 19.7492 10.4409 -10.8849 21.6151 13.0884 -8.18449 22.72 15.932 -5.46481 22.9187 18.8383 -2.97201 22.1264 21.6574 -0.925351 20.3508 24.185 0.471681 17.7148 26.2341 1.10489 14.4454 27.6881 0.968626 10.7936 28.4933 0.14819 7.03222 28.6823 -1.21733 3.34864 28.3327 -2.98642 -0.146709 27.5324 -5.05676 -3.42303 26.3746 -7.33542 -6.44437 24.9365 -9.76925 -9.21381 23.2732 -12.3224 -11.7389 21.4063 -14.9708 -14.0338 19.3409 -17.6632 -16.0956 17.0492 -20.3376 -17.929 14.4827 -22.9064 -19.5353 11.5906 -25.2513 -20.9063 8.33774 -27.2309 -22.0208 4.73917 -28.6879 -22.839 -0.146147 -0.0885525 -0.0358415 0.0106769 -0.130983 -0.0675467 -0.0146745 0.0306797 0.0533436 0.123822 0.181047 0.225999 0.326866 0.360803 0.379658 0.379577 0.572614 0.554295 0.523609 0.486995 0.776737 0.72455 0.683117 0.651967 0.825785 0.770373 0.73008 0.707764 0.733643 0.692854 0.686246 0.71808 -0.162198 -0.239235 -0.260675 -0.227688 -0.861801 -0.694819 -0.56813 -0.486155 -0.706686 -0.647373 -0.610683 -0.583338 -0.570805 -0.548074 -0.526768 -0.508785 -0.445983 -0.446088 -0.461268 -0.485585 -0.551778 -0.57473 -0.580212 -0.564627 -0.505235 -0.437694 -0.366922 -0.303104 -0.107044 -0.0504199 -0.0183429 -0.0108185 0.100828 0.065139 0.0262424 -0.0100381 -0.0393832 -0.0677083 -0.0857497 -0.0983466 -0.0980893 -0.102631 -0.110161 -0.129753 0.0766132 0.0520763 -0.0151557 -0.160615 0.156696 -0.0632344 -0.279601 -0.434548 0.310882 0.169289 0.104196 0.0901636 0.275452 0.243171 0.229478 0.230603 0.181442 0.174258 0.186483 0.221142 0.0501245 0.0924393 0.144265 0.199993 0.153439
-2.19292 -27.2485 -22.078 -5.94183 -26.0149 -22.0036 -9.41013 -24.193 -21.5212 -12.481 -21.8624 -20.6728 -15.082 -19.1283 -19.5147 -17.1763 -16.1128 -18.1162 -18.7821 -12.8958 -16.5326 -19.922 -9.54815 -14.8211 -20.6235 -6.11985 -13.035 -20.9105 -2.64185 -11.2222 -20.7989 0.856649 -9.4297 -20.2976 4.35054 -7.69574 -19.4103 7.80934 -6.04814 -18.1291 11.2133 -4.49122 -16.4592 14.4892 -3.03124 -14.4047 17.5737 -1.64655 -11.9765 20.3926 -0.301213 -9.18729 22.8702 1.05217 -6.08349 24.91 2.45082 -2.72605 26.4289 3.92412 0.803024 27.3611 5.48197 4.40938 27.6697 7.11283 7.99588 27.3532 8.78545 11.4798 26.4444 10.458 14.7992 24.9987 12.0865 17.9003 23.088 13.625 20.7653 20.764 15.0483 23.359 18.0693 16.3312 25.6273 15.0309 17.4527 27.472 11.6941 18.3846 28.7874 8.06787 19.1097 29.4142 4.22365 19.5938 29.1812 0.311001 19.7984 27.9696 -3.39394 19.6944 25.7656 -6.58389 19.2803 22.7176 -8.91763 18.5958 19.1245 -10.1564 17.7239 15.3058 -10.2379 16.759 11.6085 -9.26752 15.8059 8.21173 -7.47596 14.9267 5.15839 -5.11272 14.1437 2.37849 -2.37267 13.443 -0.208197 0.563317 12.7981 -2.71212 3.57231 12.1632 -5.22966 6.55998 11.483 -7.835 9.45156 10.6945 -10.5646 12.1707 9.73199 -13.4263 14.647 8.52814 -16.3963 16.8091 7.01972 -19.4113 18.5792 5.1609 -22.3981 19.8915 2.91672 -25.2507 20.6782 0.285674 -27.8475 20.8843 -2.6965 -30.0481 20.4823 -5.92998 -31.7583 19.473 -9.32356 -32.8883 17.8874 -12.7394 -33.3828 15.7873 -16.0265 -33.2286 13.2797 -19.0131 -32.4528 10.4521 -21.5887 -31.1092 7.41375 -23.6367 -29.2788 4.27661 -25.0647 -27.0422 1.12414 -25.811 -24.5325 -1.90868 -25.8262 -21.875 -4.72377 -25.112 -19.1918 -7.23866 -23.7072 -16.5745 -9.40481 -21.6695 -14.1241 -11.1691 -19.1049 -11.8917 -12.5215 -16.1246 -9.89347 -13.4735 -12.8389 -8.10954 -14.0516 -9.33808 -6.50291 -14.2843 -5.71356 -5.01195 -14.2025 -2.0335 -3.56146 -13.8323 1.64504 -2.06985 -13.1975 5.26266 -0.444667 -12.3187 8.77004 1.40664 -11.2234 12.0999 3.57399 -9.95286 15.1664 6.11783 -8.58032 17.8436 9.09672 -7.19176 20.0163 12.5027 -5.91319 21.5285 16.2449 -4.89595 22.2238 20.1017 -4.29716 21.9888 23.8256 -4.22573 20.7988 27.1079 -4.73025 18.7347 29.684 -5.77244 15.984 31.4063 -7.25127 12.7722 32.2315 -9.01493 9.35501 32.2383 -10.9242 5.91641 31.5598 -12.8742 2.56883 30.3293 -14.8136 -0.65387 28.6748 -16.7014 -3.71335 26.6896 -18.5306 -6.6071 24.4318 -20.3017 -9.33245 21.9202 -22.0138 -11.8871 19.165 -23.6368 -14.2409 16.1558 -25.1215 -16.3637 12.8818 -26.3908 -18.2173 9.35143 -27.3436 -19.757 5.60044 -27.8686 -20.9388 1.71083 -27.8614 -21.7216 0.0445269 0.0717718 0.0964651 0.117256 -0.0474553 -0.0039119 0.0325847 0.0653319 0.0790905 0.144099 0.199037 0.244866 0.350256 0.393415 0.427474 0.449614 0.671984 0.688588 0.695288 0.694846 1.01652 0.990277 0.968049 0.948993 1.12734 1.06845 1.01654 0.975117 0.976043 0.90661 0.869317 0.868368 -0.0497322 -0.174958 -0.258859 -0.299947 -1.01095 -0.913396 -0.841786 -0.797695 -1.03947 -0.98949 -0.954371 -0.924544 -0.908147 -0.881436 -0.855804 -0.831619 -0.75853 -0.742566 -0.735569 -0.73368 -0.774412 -0.778949 -0.779078 -0.775291 -0.745476 -0.722126 -0.704075 -0.693532 -0.543702 -0.52027 -0.505186 -0.498624 -0.37475 -0.38986 -0.405639 -0.421322 -0.435632 -0.455222 -0.469763 -0.48188 -0.481989 -0.486039 -0.490794 -0.503308 -0.281377 -0.274831 -0.285507 -0.328738 0.148731 0.129252 0.102531 0.0828563 0.905335 0.8007 0.750306 0.739285 0.920568 0.878986 0.851456 0.83474 0.764072 0.731756 0.714954 0.716431 0.508575 0.512065 0.525426 0.544955 0.274601
-3.94436 -26.3833 -21.8635 -6.99504 -23.8798 -21.9505 -9.69176 -21.018 -21.605 -11.9832 -17.8924 -20.8559 -13.8477 -14.5944 -19.7473 -15.281 -11.2178 -18.3403 -16.3089 -7.80478 -16.6881 -16.9539 -4.39348 -14.8489 -17.2396 -1.00627 -12.879 -17.1874 2.34804 -10.8269 -16.8148 5.65822 -8.73666 -16.1369 8.9145 -6.6385 -15.1652 12.1005 -4.54793 -13.8992 15.2079 -2.45185 -12.3489 18.1774 -0.346981 -10.5166 20.9548 1.79344 -8.40572 23.4706 3.9995 -6.01754 25.6489 6.30212 -3.38015 27.3911 8.70201 -0.533174 28.6109 11.1833 2.46535 29.2403 13.7058 5.54496 29.2415 16.2112 8.62896 28.6126 18.6307 11.647 27.3848 20.8989 14.5399 25.611 22.9595 17.2485 23.3623 24.7598 19.7419 20.6908 26.27 21.974 17.6482 27.4511 23.8868 14.283 28.258 25.3948 10.6789 28.6347 26.421 6.89195 28.5286 26.8625 3.04541 27.8849 26.6254 -0.680606 26.6743 25.6631 -4.03356 24.9316 23.9896 -6.79104 22.7405 21.6998 -8.73943 20.2574 18.9564 -9.75255 17.678 15.9197 -9.81478 15.1691 12.7957 -9.00561 12.9094 9.71241 -7.48517 10.9852 6.73637 -5.43282 9.41942 3.86354 -2.99675 8.17879 1.09295 -0.327775 7.2159 -1.6146 2.46766 6.45331 -4.30332 5.30941 5.80363 -7.01762 8.13896 5.17357 -9.78551 10.8982 4.46915 -12.6257 13.5329 3.59615 -15.5403 15.9817 2.46489 -18.5016 18.1648 1.00074 -21.4745 20.0035 -0.859367 -24.3882 21.4018 -3.14725 -27.145 22.2631 -5.85598 -29.6103 22.5043 -8.9095 -31.6793 22.0792 -12.2258 -33.2338 20.9742 -15.6642 -34.1782 19.2226 -19.0553 -34.4536 16.9233 -22.1967 -34.0538 14.1811 -24.9447 -33.008 11.1372 -27.152 -31.3861 7.94472 -28.704 -29.2717 4.72862 -29.5305 -26.8066 1.65986 -29.5841 -24.1314 -1.14075 -28.879 -21.3834 -3.58231 -27.4703 -18.6655 -5.61894 -25.4307 -16.0881 -7.20938 -22.8769 -13.7076 -8.35828 -19.9259 -11.5429 -9.09203 -16.6901 -9.57338 -9.45089 -13.2601 -7.75984 -9.47941 -9.72701 -6.03659 -9.22688 -6.15782 -4.32452 -8.74438 -2.60697 -2.54119 -8.08833 0.872163 -0.59767 -7.32086 4.24095 1.5866 -6.51766 7.45013 4.07975 -5.77104 10.4404 6.90907 -5.1942 13.1208 10.098 -4.90433 15.4163 13.6026 -5.02688 17.2121 17.3091 -5.67035 18.3826 21.0001 -6.88691 18.8129 24.4601 -8.67076 18.4457 27.4317 -10.9312 17.2842 29.7001 -13.5092 15.4141 31.1463 -16.231 12.971 31.7344 -18.9036 10.1461 31.5307 -21.3955 7.10996 30.6505 -23.6328 3.99726 29.2092 -25.6012 0.881285 27.3238 -27.2904 -2.1606 25.0816 -28.7159 -5.09347 22.5426 -29.8879 -7.89371 19.7357 -30.8034 -10.5486 16.6951 -31.4318 -13.0238 13.4462 -31.7268 -15.2873 10.0242 -31.6291 -17.2987 6.48681 -31.0781 -19.0091 2.91094 -30.0265 -20.3691 -0.602865 -28.4555 -21.3319 0.143713 0.135159 0.132405 0.133516 -0.0440944 -0.00781107 0.0258939 0.0594518 0.0770468 0.148624 0.212875 0.271092 0.39274 0.456904 0.517441 0.572022 0.832755 0.89273 0.945934 0.992736 1.35994 1.37549 1.39007 1.40244 1.60706 1.56978 1.53497 1.50503 1.50883 1.42845 1.35902 1.29687 0.283991 0.0333701 -0.194433 -0.378953 -1.21552 -1.21447 -1.2074 -1.19886 -1.45402 -1.4053 -1.36591 -1.33051 -1.30941 -1.27953 -1.25193 -1.22607 -1.15064 -1.13115 -1.11922 -1.11135 -1.14594 -1.14534 -1.14247 -1.13856 -1.11163 -1.0936 -1.08229 -1.07863 -0.934659 -0.915121 -0.901476 -0.893928 -0.767081 -0.777956 -0.789073 -0.800423 -0.811286 -0.828675 -0.842408 -0.854952 -0.856223 -0.861135 -0.864534 -0.870146 -0.630487 -0.589139 -0.542431 -0.497857 0.0982395 0.218836 0.335813 0.443721 1.36557 1.32943 1.32062 1.33092 1.51971 1.47684 1.44256 1.41511 1.32947 1.27638 1.23111 1.19513 0.941311 0.893003 0.852986 0.822084 0.408623
-4.51336 -24.1502 -19.4837 -6.64658 -20.8297 -19.5578 -8.46193 -17.3358 -19.2762 -9.94702 -13.732 -18.6523 -11.1 -10.0773 -17.7061 -11.9243 -6.44035 -16.4697 -12.4388 -2.84612 -14.9689 -12.66 0.672796 -13.2357 -12.607 4.09264 -11.3025 -12.2993 7.40003 -9.19735 -11.7565 10.5799 -6.94806 -10.9972 13.622 -4.57442 -10.0373 16.5145 -2.08894 -8.88247 19.2561 0.519109 -7.54724 21.8036 3.23573 -6.03758 24.1211 6.06451 -4.35696 26.1622 9.0076 -2.50245 27.8749 12.07 -0.48476 29.1878 15.2252 1.68445 30.0344 18.439 3.98468 30.3534 21.6573 6.38559 30.0959 24.8085 8.84429 29.2329 27.8036 11.3088 27.7602 30.5456 13.7193 25.7005 32.9347 16.0016 23.1148 34.8685 18.0979 20.0702 36.2722 19.9396 16.6647 37.0751 21.4602 13.0178 37.2259 22.5917 9.29579 36.705 23.2973 5.62107 35.5202 23.5428 2.14726 33.7098 23.3137 -0.97806 31.3466 22.6231 -3.61019 28.5536 21.4986 -5.67272 25.4412 19.9845 -7.10364 22.1448 18.1365 -7.87926 18.7998 15.9915 -8.01002 15.4979 13.6276 -7.52881 12.3832 11.099 -6.50302 9.54163 8.44985 -5.01487 7.03397 5.69468 -3.14012 4.8843 2.87495 -0.978598 3.12257 0.039603 1.39681 1.69251 -2.78316 3.92377 0.520608 -5.58709 6.55243 -0.478906 -8.3724 9.23066 -1.39543 -11.153 11.9099 -2.32301 -13.9471 14.5363 -3.35583 -16.7616 17.0374 -4.5814 -19.6095 19.3407 -6.08606 -22.4762 21.3468 -7.93981 -25.3195 22.9389 -10.1893 -28.0433 23.9839 -12.8253 -30.5568 24.3733 -15.8238 -32.719 24.0101 -19.0876 -34.3755 22.8465 -22.4582 -35.3777 20.9229 -25.7027 -35.6384 18.3376 -28.6146 -35.1191 15.2704 -30.9712 -33.857 11.9531 -32.594 -31.9415 8.60515 -33.3807 -29.5433 5.48457 -33.2925 -26.8455 2.76437 -32.3871 -24.0199 0.545161 -30.7784 -21.1858 -1.15196 -28.5915 -18.4538 -2.33838 -25.9794 -15.8695 -3.07904 -23.0694 -13.4386 -3.45829 -19.9643 -11.1314 -3.56603 -16.7335 -8.91013 -3.48895 -13.4422 -6.72038 -3.30878 -10.1338 -4.50427 -3.1005 -6.84475 -2.21027 -2.93401 -3.61597 0.214687 -2.87475 -0.480486 2.80963 -2.9871 2.51431 5.59988 -3.335 5.30868 8.57323 -3.97657 7.81273 11.6894 -4.98183 10.004 14.874 -6.41041 11.8315 18.0321 -8.30351 13.2333 21.0248 -10.6528 14.1356 23.7439 -13.4407 14.4862 26.0494 -16.589 14.2375 27.81 -19.9716 13.3726 28.9274 -23.446 11.9069 29.331 -26.8126 9.91391 29.0159 -29.9021 7.50041 28.0265 -32.5779 4.79297 26.4317 -34.7594 1.90182 24.3367 -36.3787 -1.03919 21.8463 -37.421 -3.93266 19.0598 -37.8943 -6.70265 16.0573 -37.8168 -9.29973 12.9299 -37.2098 -11.6697 9.75308 -36.0989 -13.7767 6.59814 -34.5113 -15.591 3.53519 -32.4803 -17.0862 0.625483 -30.0434 -18.2427 -2.07354 -27.2481 -19.0449 0.0748839 0.038448 0.0113626 -0.008199 -0.202824 -0.180031 -0.156513 -0.129944 -0.116185 -0.0452612 0.0216488 0.0860864 0.218028 0.297094 0.377509 0.457113 0.74785 0.842118 0.932652 1.01827 1.42412 1.4767 1.5256 1.56884 1.80028 1.7851 1.76647 1.74486 1.74659 1.65114 1.5516 1.44382 0.371806 0.0527768 -0.247184 -0.501561 -1.40082 -1.45163 -1.48369 -1.50052 -1.7674 -1.72181 -1.68114 -1.64303 -1.61927 -1.58713 -1.55736 -1.52892 -1.45012 -1.42665 -1.4107 -1.39968 -1.43319 -1.43473 -1.43811 -1.44495 -1.43284 -1.43264 -1.44062 -1.45581 -1.32837 -1.32132 -1.31492 -1.30903 -1.17877 -1.18238 -1.18413 -1.18581 -1.18828 -1.1996 -1.20983 -1.22088 -1.22143 -1.22458 -1.22295 -1.21776 -0.959093 -0.888573 -0.801271 -0.700792 -0.0345178 0.166574 0.368421 0.558383 1.55327 1.57683 1.61265 1.65336 1.86051 1.82627 1.79277 1.75934 1.66133 1.58961 1.51969 1.45388 1.16647 1.08264 1.00706 0.942172 0.566377
-3.12396 -22.9468 -19.9074 -5.2081 -19.5967 -19.783 -7.05354 -16.1347 -19.3467 -8.65172 -12.5992 -18.62 -9.99692 -9.02414 -17.6242 -11.0807 -5.45647 -16.3862 -11.907 -1.90597 -14.921 -12.4809 1.59865 -13.2405 -12.8101 5.02877 -11.3534 -12.9022 8.35973 -9.26493 -12.7635 11.5603 -6.98402 -12.4005 14.6017 -4.51759 -11.8194 17.4538 -1.87317 -11.014 20.1041 0.951664 -9.9835 22.5064 3.92141 -8.72532 24.63 7.01322 -7.23843 26.442 10.2004 -5.51879 27.9109 13.4616 -3.57636 28.9937 16.7488 -1.42227 29.6526 20.0162 0.925152 29.8519 23.21 3.43942 29.5595 26.2684 6.08167 28.7509 29.1189 8.8016 27.4133 31.6828 11.5361 25.5503 33.8766 14.1992 23.1973 35.6103 16.717 20.397 36.8158 18.9985 17.226 37.4275 20.9518 13.7882 37.3996 22.4817 10.2381 36.7205 23.534 6.69313 35.4049 24.0593 3.30262 33.4986 24.0337 0.212183 31.0792 23.4671 -2.43202 28.2697 22.392 -4.54742 25.1754 20.8622 -6.06062 21.9234 18.9488 -6.93112 18.639 16.7093 -7.14912 15.4051 14.2492 -6.72209 12.3578 11.6538 -5.69235 9.57844 8.98057 -4.14063 7.13572 6.2281 -2.17051 5.06947 3.46406 0.0993516 3.35638 0.714249 2.5768 1.93238 -2.01541 5.18641 0.721663 -4.73634 7.86982 -0.358558 -7.46018 10.5693 -1.39037 -10.205 13.2333 -2.45809 -12.9863 15.8073 -3.64537 -15.8054 18.2201 -5.02749 -18.6743 20.3973 -6.67337 -21.5767 22.2404 -8.63759 -24.4688 23.6359 -10.9545 -27.2535 24.4565 -13.6062 -29.8399 24.5966 -16.5644 -32.0854 23.9637 -19.7294 -33.8313 22.5171 -22.9416 -34.9227 20.3115 -25.9707 -35.2682 17.4618 -28.6147 -34.8275 14.1702 -30.6644 -33.6386 10.6882 -31.9656 -31.7923 7.24463 -32.4451 -29.4549 4.09599 -32.099 -26.8001 1.40156 -31.0085 -23.9866 -0.755326 -29.2969 -21.1221 -2.36746 -27.0855 -18.3112 -3.45529 -24.5144 -15.6025 -4.08724 -21.6933 -13.0127 -4.34861 -18.7067 -10.5293 -4.33062 -15.6076 -8.13386 -4.1239 -12.4465 -5.7832 -3.81346 -9.26052 -3.42914 -3.48271 -6.07905 -1.0273 -3.2152 -2.93662 1.4717 -3.09404 0.13836 4.10476 -3.20481 3.09976 6.89424 -3.63365 5.88365 9.82137 -4.4568 8.38904 12.8512 -5.74705 10.5519 15.8688 -7.55736 12.3238 18.7829 -9.86369 13.632 21.4752 -12.5913 14.407 23.8674 -15.6776 14.6114 25.8607 -19.0183 14.2175 27.3669 -22.4874 13.2244 28.3204 -25.9636 11.6508 28.6658 -29.278 9.56166 28.389 -32.2879 7.04521 27.5077 -34.8681 4.21053 26.0587 -36.9298 1.15925 24.1179 -38.3865 -1.96679 21.7745 -39.2027 -5.04958 19.1263 -39.3744 -7.98529 16.2618 -38.9218 -10.6974 13.2833 -37.8869 -13.1106 10.275 -36.327 -15.18 7.30881 -34.307 -16.879 4.44585 -31.8961 -18.1956 1.73055 -29.1587 -19.1319 -0.801472 -26.1568 -19.6973 5.24143 5.20745 5.18262 5.16469 4.97071 4.9929 5.01461 5.0384 5.04866 5.11564 5.17839 5.23864 5.36632 5.4409 5.51633 5.59003 5.87332 5.95788 6.03564 6.1046 6.48925 6.51561 6.53313 6.54008 6.73098 6.67196 6.60736 6.5391 6.49523 6.35678 6.21806 6.07595 4.97506 4.6325 4.31359 4.04371 3.1309 3.06689 3.02055 2.98756 2.70312 2.73037 2.75279 2.77376 2.78207 2.80062 2.81853 2.83657 2.90613 2.92111 2.92868 2.9307 2.88685 2.87292 2.85455 2.82992 2.82184 2.80048 2.77112 2.73673 2.84911 2.84688 2.85062 2.86032 3 3.01006 3.02465 3.04049 3.05561 3.06116 3.06677 3.07059 3.08425 3.09519 3.11165 3.1335 3.41189 3.50527 3.61825 3.74732 4.44341 4.67378 4.90284 5.11655 6.13077 6.16875 6.21411 6.26001 6.46883 6.43362 6.39735 6.36007 6.25773 6.1817 6.10798 6.03925 5.75007 5.66574 5.59085 5.5276 -0.0125446
