Optimization finished after 13900 iterations.
NEB Energy: 0.825822
Max NEB Force: 0.05
Optimization took: 118503 ms
Energies: 
0.812888, 0.825741, 1.05835, 1.35918, 1.12694, 1.00652, 0.919114, 0.810954, 
NEB Forces: 
0, 0.00260082, 0.0353168, 0.0499049, 0.0354499, 0.0267994, 0.0237523, 0, 
Gradients: 
0.000666246, 0.00275808, 0.035682, 0.0499976, 0.0355281, 0.0268379, 0.0239213, 0.000359259, 
Spring Forces: 
0, 0.000162536, 1.47973e-06, 3.09955e-06, 7.15942e-06, 6.56785e-06, 0.000161406, 0, 
Bend Energies: 
0.81286, 0.825684, 1.05726, 1.35052, 1.10024, 0.94945, 0.836949, 0.810951, 
Twist Energies: 
2.76469e-05, 5.52359e-05, 0.0010327, 0.00846271, 0.0266282, 0.0570525, 0.0821612, 2.73043e-23, 
Stretch Energies: 
5.10534e-07, 1.26709e-06, 5.24526e-05, 0.000201377, 6.70593e-05, 1.67508e-05, 3.95395e-06, 1.98619e-06, 
