Optimization finished after 3900 iterations.
NEB Energy: 0.828454
Max NEB Force: 0.0995278
Optimization took: 17350 ms
Energies: 
0.813032, 0.828236, 1.30916, 1.7765, 1.36468, 1.13886, 1.01514, 0.810954, 
NEB Forces: 
0, 0.017753, 0.08072, 0.0995278, 0.0815131, 0.0648138, 0.0526961, 0, 
Gradients: 
0.00254684, 0.0183912, 0.0814568, 0.0996935, 0.0817413, 0.064871, 0.0531171, 0.00170673, 
Spring Forces: 
0, 0.000435659, 6.48906e-06, 6.68476e-07, 4.06552e-06, 4.79593e-06, 0.000426442, 0, 
Bend Energies: 
0.812859, 0.82784, 1.30632, 1.75542, 1.31361, 1.03456, 0.867826, 0.810951, 
Twist Energies: 
0.00017166, 0.000394022, 0.00236626, 0.0202474, 0.0505848, 0.104143, 0.147277, 6.15787e-22, 
Stretch Energies: 
5.03366e-07, 2.20919e-06, 0.000481792, 0.00083819, 0.000483406, 0.000157483, 3.9941e-05, 1.99165e-06, 
