# num_vectors 8
# vector_size 401
# Iterations: 3900, stepsize: 0.029174, max step size: 1.000000, spring constant: 0.000010, global NEB Hessian: false, global NEB Linesearch: true, climbing image: false
2.82839 -19.9251 -21.0194 -0.985948 -20.9075 -20.7592 -4.87099 -21.4044 -20.2679 -8.75762 -21.3607 -19.5794 -12.5615 -20.7306 -18.7338 -16.1666 -19.4915 -17.7832 -19.4795 -17.6342 -16.7782 -22.3804 -15.1799 -15.7799 -24.7482 -12.1847 -14.854 -26.4732 -8.73931 -14.0673 -27.4667 -4.97892 -13.4865 -27.7178 -1.06837 -13.1556 -27.2476 2.83477 -13.0589 -26.091 6.61678 -13.1618 -24.3148 10.1424 -13.4212 -21.998 13.3282 -13.7888 -19.2242 16.117 -14.2146 -16.066 18.4805 -14.6502 -12.6107 20.3924 -15.0453 -8.93196 21.8493 -15.3528 -5.09756 22.858 -15.5276 -1.16927 23.432 -15.526 2.7915 23.5894 -15.3059 6.72541 23.3523 -14.8272 10.5716 22.7462 -14.0526 14.2513 21.8049 -12.9532 17.711 20.5605 -11.4983 20.8755 19.0538 -9.66785 23.6634 17.3341 -7.45318 25.9739 15.4763 -4.88119 27.7449 13.5391 -1.96294 28.8971 11.6043 1.25179 29.3641 9.76267 4.68622 29.1063 8.12074 8.21375 28.1173 6.7628 11.7328 26.4262 5.78062 15.1064 24.1329 5.2271 18.2113 21.3161 5.08978 20.9622 18.1093 5.33546 23.2375 14.6236 5.90901 24.9816 10.9609 6.74676 26.1663 7.18531 7.78836 26.7884 3.39684 8.95907 26.8499 -0.342668 10.1908 26.3747 -3.98396 11.4184 25.3945 -7.49287 12.5816 23.9435 -10.8329 13.6191 22.0623 -13.9776 14.4735 19.7927 -16.9035 15.0892 17.1791 -19.5799 15.4118 14.2787 -21.9916 15.3927 11.1382 -24.1128 14.9843 7.81962 -25.9159 14.1446 4.39571 -27.3628 12.8514 0.976052 -28.4393 11.0814 -2.36586 -29.1201 8.83399 -5.51947 -29.387 6.13217 -8.36355 -29.2356 3.05189 -10.7553 -28.678 -0.344135 -12.5957 -27.7426 -3.94436 -13.7767 -26.4819 -7.61154 -14.2168 -24.9673 -11.2318 -13.9054 -23.2643 -14.6326 -12.8896 -21.4161 -17.6973 -11.2498 -19.4619 -20.34 -9.08309 -17.4206 -22.5154 -6.47623 -15.3291 -24.1727 -3.54815 -13.2039 -25.3001 -0.400564 -11.0541 -25.9013 2.87235 -8.87705 -25.9904 6.19276 -6.67556 -25.5875 9.47357 -4.44348 -24.7199 12.6418 -2.17268 -23.4182 15.6287 0.140928 -21.72 18.3634 2.50833 -19.6612 20.7865 4.93331 -17.2852 22.8334 7.41475 -14.6433 24.4389 9.92896 -11.8146 25.5343 12.4742 -8.85567 26.072 15.0231 -5.85228 26.0007 17.5368 -2.9046 25.2829 19.9459 -0.145768 23.9139 22.2087 2.32773 21.9012 24.2575 4.39405 19.2893 26.024 5.93661 16.1605 27.4555 6.85912 12.6153 28.5136 7.11463 8.83582 29.1617 6.73521 4.9751 29.3749 5.78251 1.1651 29.1444 4.32559 -2.50713 28.4755 2.45936 -5.93216 27.3863 0.277529 -9.04893 25.9004 -2.12761 -11.8181 24.0373 -4.67676 -14.2257 21.8285 -7.27905 -16.2543 19.3008 -9.85704 -17.9067 16.48 -12.338 -19.1929 13.3944 -14.6507 -20.1272 10.0692 -16.73 -20.7289 6.53507 -18.5099 -21.0186 -4.75118 -4.6885 -4.63731 -4.60015 -4.75952 -4.72212 -4.70294 -4.69861 -4.72458 -4.71083 -4.71569 -4.73681 -4.70595 -4.74363 -4.79418 -4.8575 -4.71849 -4.78034 -4.84517 -4.90937 -4.6437 -4.71854 -4.782 -4.83427 -4.67962 -4.7507 -4.80104 -4.82475 -4.7871 -4.79552 -4.73551 -4.5794 -5.2473 -5.01335 -4.68807 -4.39651 -4.90439 -4.70317 -4.58314 -4.5188 -4.75453 -4.70955 -4.68917 -4.68268 -4.69625 -4.70326 -4.71157 -4.71803 -4.66905 -4.66795 -4.66619 -4.66126 -4.69381 -4.68962 -4.68571 -4.68767 -4.67723 -4.68873 -4.7207 -4.7728 -4.69341 -4.74127 -4.78951 -4.83183 -4.73944 -4.76868 -4.78386 -4.78835 -4.78536 -4.78571 -4.78269 -4.78164 -4.77508 -4.78057 -4.79635 -4.83129 -4.64601 -4.69296 -4.77694 -4.92476 -4.59244 -4.79152 -5.00263 -5.17574 -4.46094 -4.63097 -4.72607 -4.77055 -4.61259 -4.66544 -4.69 -4.68861 -4.72691 -4.71513 -4.67985 -4.62227 -4.77337 -4.71474 -4.64915 -4.58131 -0.0128899
1.64256 -20.3588 -21.3476 -2.15306 -21.4143 -21.1006 -6.0274 -21.9735 -20.5921 -9.90703 -21.9749 -19.864 -13.6938 -21.3323 -18.9536 -17.2451 -20.0199 -17.9044 -20.464 -18.0749 -16.768 -23.2337 -15.5357 -15.6208 -25.3972 -12.4361 -14.5499 -26.8178 -8.8871 -13.6274 -27.4729 -5.08009 -12.891 -27.4193 -1.18402 -12.3594 -26.6912 2.66908 -12.0622 -25.3068 6.37495 -12.0181 -23.3515 9.80978 -12.1933 -20.9282 12.9207 -12.5123 -18.1065 15.6646 -12.914 -14.9324 18.0034 -13.367 -11.4861 19.9162 -13.8304 -7.83437 21.4168 -14.2346 -4.02633 22.5008 -14.5068 -0.111858 23.1552 -14.6048 3.84949 23.3957 -14.501 7.80085 23.2518 -14.1449 11.6787 22.7315 -13.4723 15.3955 21.844 -12.4562 18.8978 20.6215 -11.0873 22.1048 19.112 -9.33504 24.9033 17.3579 -7.16108 27.1676 15.4271 -4.60175 28.8502 13.3838 -1.70372 29.8733 11.3244 1.47709 30.1204 9.36102 4.8666 29.5346 7.61305 8.30271 28.1849 6.14739 11.6547 26.1929 5.03398 14.8166 23.6565 4.35459 17.6995 20.6427 4.1558 20.2289 17.303 4.39932 22.3045 13.7476 4.981 23.8987 10.0545 5.82242 24.9822 6.27414 6.88642 25.533 2.50171 8.10893 25.563 -1.21894 9.40521 25.1122 -4.85345 10.6991 24.1941 -8.36365 11.9432 22.8152 -11.7131 13.0894 21.0158 -14.889 14.0648 18.8402 -17.8665 14.7861 16.3133 -20.5957 15.1996 13.4744 -23.0555 15.2768 10.3723 -25.2205 14.9598 7.07207 -27.0401 14.1715 3.64473 -28.4488 12.8894 0.205046 -29.4359 11.1237 -3.16657 -29.984 8.87481 -6.34492 -30.0521 6.14079 -9.16983 -29.6234 3.01846 -11.4716 -28.7432 -0.375886 -13.1847 -27.4889 -3.91437 -14.2511 -25.9318 -7.47679 -14.5912 -24.1281 -10.949 -14.1581 -22.1684 -14.1681 -13.0205 -20.1122 -17.0547 -11.3067 -18.0054 -19.5473 -9.10548 -15.8804 -21.6003 -6.46644 -13.7763 -23.1763 -3.50273 -11.6791 -24.2824 -0.328892 -9.56931 -24.9089 2.96518 -7.44712 -25.0434 6.31939 -5.32222 -24.7068 9.65765 -3.16849 -23.9338 12.9036 -0.956887 -22.734 15.9764 1.3075 -21.1199 18.8017 3.62121 -19.1283 21.3305 5.99888 -16.8053 23.4904 8.4505 -14.1886 25.1808 10.9353 -11.3495 26.3157 13.4326 -8.35262 26.8678 15.9159 -5.29515 26.7819 18.3368 -2.2935 25.9747 20.5952 0.503447 24.4366 22.6385 3.00434 22.2321 24.4243 5.08768 19.4465 25.903 6.60066 16.1582 27.0212 7.4319 12.4802 27.7437 7.58176 8.61698 28.0779 7.13752 4.72338 28.0257 6.15781 0.914634 27.5855 4.67164 -2.72658 26.7797 2.7681 -6.1012 25.629 0.560687 -9.17763 24.1353 -1.86219 -11.9271 22.3022 -4.44612 -14.3206 20.1639 -7.1112 -16.3431 17.7356 -9.76903 -18.0179 15.0137 -12.3343 -19.3508 12.0147 -14.7402 -20.3307 8.77155 -16.9339 -20.9724 5.30745 -18.8392 -21.3068 -0.0294205 0.0397226 0.0949476 0.135 -0.0205328 0.0222357 0.04634 0.0526329 0.0273979 0.0468172 0.0528458 0.042859 0.081996 0.0529443 0.0143648 -0.0382093 0.106361 0.0482067 -0.0125968 -0.0762101 0.185394 0.105636 0.0384261 -0.0173906 0.133283 0.0578231 0.00447855 -0.0167706 0.0287618 0.0272263 0.0946899 0.275146 -0.358158 -0.139926 0.102556 0.332217 -0.187838 0.0146326 0.132935 0.197124 -0.0350032 0.0147328 0.0391184 0.0480179 0.0352259 0.0288395 0.021932 0.0160435 0.0631323 0.0612703 0.0611391 0.064804 0.0302731 0.0330158 0.0389452 0.0428776 0.0603023 0.0559812 0.0337209 -0.00570744 0.0864969 0.0510847 0.0153554 -0.0162125 0.0828117 0.0567626 0.0432989 0.0395111 0.0423941 0.0420533 0.0456772 0.0478789 0.0569877 0.0561902 0.0454481 0.0133247 0.200847 0.158499 0.0746381 -0.0929319 0.201902 -0.0280128 -0.254713 -0.436489 0.278324 0.112702 0.0240815 -0.0170968 0.142192 0.0889969 0.0602303 0.0555899 0.0127313 0.0193319 0.0472918 0.100438 -0.0495531 0.010994 0.0771366 0.14812 0.001698
2.80687 -24.5734 -18.2493 -0.978945 -25.6884 -18.1909 -4.90486 -26.0926 -18.1348 -8.83243 -25.8101 -17.8635 -12.5858 -24.8298 -17.1354 -15.9259 -23.1849 -15.8822 -18.7461 -20.9595 -14.2927 -21.076 -18.2005 -12.7461 -22.9451 -14.9247 -11.6471 -24.2944 -11.2569 -11.2135 -25.0521 -7.39944 -11.2984 -25.1613 -3.4717 -11.4474 -24.5441 0.402453 -11.1814 -23.1884 4.01247 -10.2997 -21.225 7.20391 -9.03183 -18.7753 10.0957 -7.89853 -15.9265 12.8029 -7.44845 -12.8312 15.239 -7.92801 -9.61539 17.273 -9.0537 -6.18474 18.9164 -10.1833 -2.46055 20.1845 -10.701 1.40285 21.0274 -10.3544 5.22277 21.399 -9.3408 8.97449 21.2313 -8.0547 12.6544 20.4079 -6.81453 16.1476 18.8937 -5.7484 19.3565 16.8074 -4.75737 22.2356 14.3537 -3.60725 24.7581 11.7142 -2.08991 26.8565 9.01667 -0.160201 28.4454 6.25415 2.13066 29.3153 3.39036 4.66948 29.2068 0.463532 7.28204 28.032 -2.32823 9.73766 25.9393 -4.76521 11.9482 23.1537 -6.60495 13.9633 19.8767 -7.60079 15.8272 16.3022 -7.61576 17.4831 12.6993 -6.74026 18.8144 9.2129 -5.19674 19.8058 5.92744 -3.13176 20.4852 2.8907 -0.610115 20.8664 0.113357 2.21949 20.9403 -2.5327 5.1629 20.6944 -5.18276 8.05405 20.1077 -7.88588 10.8073 19.1685 -10.6475 13.3549 17.8828 -13.5249 15.5562 16.2567 -16.5806 17.1872 14.3148 -19.7577 18.0854 12.1292 -22.8913 18.2877 9.71742 -25.7235 17.9447 6.97177 -27.9353 17.1875 3.77628 -29.281 16.1042 0.244604 -29.8237 14.6936 -3.38484 -29.847 12.8308 -6.84708 -29.6332 10.3531 -9.89207 -29.3048 7.29411 -12.2927 -28.7702 3.85641 -14.0604 -27.7511 0.335523 -15.3994 -25.9507 -2.93893 -16.5237 -23.311 -5.6961 -17.4847 -20.1323 -7.9276 -18.1252 -16.8045 -10.0299 -18.1508 -13.7563 -12.3506 -17.2476 -11.3491 -14.8588 -15.3487 -9.61733 -17.2551 -12.7123 -8.24244 -19.295 -9.6073 -6.95261 -20.8089 -6.18136 -5.68232 -21.7124 -2.5289 -4.4502 -22.0312 1.23289 -3.2112 -21.8396 5.00106 -1.8836 -21.168 8.68312 -0.428922 -20.0245 12.1888 1.16805 -18.4431 15.4542 2.94615 -16.4796 18.4032 4.95522 -14.1882 20.9384 7.1888 -11.6467 22.9566 9.62511 -8.90628 24.3974 12.204 -6.02199 25.1399 14.8071 -3.06712 25.0256 17.2561 -0.197169 23.9991 19.5043 2.40647 22.1407 21.6462 4.42343 19.5657 23.7765 5.40307 16.4372 25.7958 5.04741 13.0815 27.443 3.60504 9.81478 28.4974 1.76175 6.5049 28.7326 0.225958 2.89243 28.0219 -0.604481 -0.910289 26.5407 -0.924381 -4.56537 24.622 -1.44353 -7.98664 22.5936 -2.83114 -11.0876 20.7065 -5.2236 -13.6323 18.9665 -8.24772 -15.5267 17.1184 -11.4794 -16.9061 14.9331 -14.6546 -17.8573 12.3775 -17.6458 -18.3682 9.51024 -20.3852 -18.4863 6.33092 -22.7559 -18.3807 -0.0525036 -0.0453305 -0.0109122 0.0511765 -0.0645427 0.00747628 0.03695 0.0292586 -0.0187349 -0.0227435 -0.036458 -0.0597454 -0.0197336 -0.0253787 -0.0173868 -0.0112647 0.176542 0.118723 0.0275837 -0.0496532 0.234857 0.193008 0.149822 0.0941861 0.231354 0.143554 0.0825896 0.050059 0.0748603 0.0507179 0.107395 0.279236 -0.40833 -0.309353 -0.189214 -0.0132406 -0.511167 -0.259718 -0.0977331 0.00641257 -0.189161 -0.111021 -0.0683817 -0.0432497 -0.0358741 -0.0199266 -0.00414423 0.0139126 0.0813833 0.0815231 0.0503915 -0.00532746 -0.0971994 -0.116964 -0.0894616 -0.0411355 0.00696596 -0.00252431 -0.0545829 -0.107774 0.0252138 0.0826522 0.144679 0.167274 0.263266 0.195532 0.129697 0.0762406 0.0340899 -0.00362936 -0.027646 -0.0459553 -0.0530366 -0.0654783 -0.082596 -0.116294 0.0748119 0.0422408 -0.0260328 -0.177429 0.118595 -0.137937 -0.38179 -0.514726 0.298304 0.222302 0.171372 0.102329 0.189415 0.0616156 -0.0164084 -0.0510662 -0.114454 -0.112452 -0.0628596 0.03888 -0.0470217 0.0706338 0.156198 0.191766 -0.00108675
1.2067 -29.4706 -21.4171 -2.6646 -29.1847 -22.1306 -6.37356 -28.0519 -22.8645 -9.88781 -26.278 -23.1494 -13.1006 -24.0887 -22.4696 -15.7075 -21.7553 -20.6835 -17.5751 -19.4044 -18.1504 -18.8559 -16.8957 -15.4123 -19.7371 -14.0085 -12.8985 -20.2654 -10.71 -10.8245 -20.4132 -7.15694 -9.14669 -20.1553 -3.5343 -7.63972 -19.4812 0.0119373 -6.08064 -18.3984 3.41132 -4.37201 -16.9252 6.64907 -2.64161 -15.0177 9.81981 -1.24335 -12.6414 12.9306 -0.675637 -9.92625 15.7738 -1.21271 -7.0316 18.1623 -2.50152 -3.83107 20.1945 -3.67281 -0.26649 21.9306 -3.82713 3.29495 23.2054 -2.62451 6.55902 23.8876 -0.471147 9.67172 23.9495 1.99149 12.8444 23.3404 4.29818 16.0349 22.0434 6.23991 19.0793 20.1232 7.87593 21.7936 17.667 9.36992 24.0169 14.7413 10.8295 25.6232 11.4521 12.2452 26.5688 7.88153 13.5724 26.802 4.1373 14.7259 26.2773 0.345422 15.5924 25.0093 -3.30812 16.0912 22.9968 -6.64258 16.2804 20.1608 -9.31826 16.3262 16.5575 -10.8073 16.377 12.6198 -10.7344 16.4616 8.95136 -9.29971 16.5226 5.71596 -7.05201 16.5249 2.8338 -4.36657 16.4836 0.242213 -1.36579 16.4133 -2.08987 1.83889 16.282 -4.31475 5.11013 16.0087 -6.60495 8.30874 15.5091 -9.04067 11.3494 14.7403 -11.6496 14.1584 13.7044 -14.5215 16.5861 12.4287 -17.7502 18.3862 10.9781 -21.2606 19.3727 9.4351 -24.8313 19.5843 7.73721 -28.1474 19.1769 5.61229 -30.8032 18.2728 2.8184 -32.442 16.9803 -0.5135 -33.0629 15.3858 -4.05333 -32.8827 13.5251 -7.5122 -32.0743 11.3953 -10.7167 -30.7193 9.04778 -13.5244 -28.8797 6.56084 -15.9037 -26.6408 4.05661 -17.8901 -24.0617 1.65643 -19.5684 -21.1587 -0.588303 -20.993 -18.0398 -2.746 -22.0475 -14.9016 -5.09328 -22.4164 -12.152 -7.81612 -21.696 -10.2452 -10.7156 -19.786 -9.19869 -13.3844 -17.0523 -8.46712 -15.6474 -13.8844 -7.49693 -17.4485 -10.4922 -6.09792 -18.7297 -7.0035 -4.39781 -19.4924 -3.49664 -2.59778 -19.7934 0.0303202 -0.831714 -19.656 3.58454 0.862424 -19.0753 7.12088 2.55853 -18.0744 10.561 4.40438 -16.7194 13.7968 6.53254 -15.0976 16.7215 8.97084 -13.2897 19.2328 11.6973 -11.2628 21.2275 14.5897 -8.87807 22.4386 17.3355 -6.05401 22.5047 19.5006 -3.03074 21.2972 21.0195 -0.233479 19.027 22.3195 1.80967 15.9577 23.9059 2.43787 12.4402 25.79 1.25735 9.19705 27.5089 -1.25547 6.70823 28.6072 -4.2175 4.36673 28.6287 -6.75852 1.3662 27.3502 -8.12365 -2.11995 25.1705 -8.42178 -5.40823 22.6748 -8.73319 -8.46239 20.4247 -10.0998 -11.4156 18.8837 -12.6951 -13.9937 17.9057 -15.9673 -16.0174 16.7609 -19.3937 -17.6631 14.8412 -22.596 -19.012 12.0857 -25.2868 -19.9626 8.76158 -27.378 -20.5238 5.08886 -28.8254 -20.9164 -0.170128 -0.214391 -0.209733 -0.151981 -0.252211 -0.154016 -0.0951806 -0.0690484 -0.077246 -0.041344 -0.0186301 -0.00522307 0.0710547 0.0911646 0.103991 0.0915134 0.244757 0.149642 0.0410035 -0.0171483 0.308588 0.311858 0.30995 0.290871 0.458709 0.394541 0.354283 0.347448 0.405779 0.41058 0.458374 0.545236 -0.298338 -0.362065 -0.355703 -0.235296 -0.740096 -0.469107 -0.29246 -0.184462 -0.373366 -0.277524 -0.209979 -0.158674 -0.126522 -0.088071 -0.0534156 -0.0219705 0.0518074 0.0488139 0.00191407 -0.0798709 -0.198875 -0.242339 -0.23819 -0.205751 -0.141278 -0.0881548 -0.0497731 -0.0230083 0.15235 0.214876 0.259219 0.247513 0.294271 0.17454 0.076375 0.0211147 -0.00406552 -0.0240324 -0.0376145 -0.0495579 -0.0493303 -0.0522287 -0.0571213 -0.0730839 0.144802 0.146131 0.108318 -0.0376035 0.184467 -0.258252 -0.630881 -0.722896 0.183919 0.187388 0.192728 0.164905 0.286473 0.179788 0.104164 0.0507161 -0.0533421 -0.0988823 -0.0663313 0.0554425 -0.0157757 0.0828827 0.120886 0.0964216 -0.039626
-2.16155 -27.9745 -20.5934 -5.75522 -26.3667 -20.8727 -8.90303 -24.004 -21.1675 -11.6855 -21.205 -21.1317 -14.1981 -18.2489 -20.4065 -16.3771 -15.3565 -18.8842 -18.1428 -12.545 -16.7844 -19.4533 -9.63348 -14.4958 -20.2607 -6.43037 -12.3699 -20.5224 -2.93443 -10.5891 -20.2813 0.697583 -9.10196 -19.6521 4.31104 -7.68471 -18.7389 7.79999 -6.11799 -17.5829 11.1228 -4.30941 -16.1575 14.2573 -2.36212 -14.3369 17.2446 -0.515565 -11.9892 20.0822 0.928259 -9.11958 22.6826 1.79393 -5.87169 24.9168 2.24827 -2.35691 26.6735 2.80218 1.26849 27.7866 3.97002 4.73005 28.1233 5.88344 7.88982 27.7247 8.25296 10.8796 26.6958 10.653 13.8426 25.0667 12.7327 16.7284 22.8745 14.3134 19.4296 20.2257 15.4621 21.8995 17.277 16.3774 24.1691 14.1537 17.2302 26.2313 10.9225 18.0733 27.9665 7.49518 18.8774 29.0408 3.7789 19.5401 29.0699 -0.127584 19.917 27.9267 -3.85551 19.9084 25.7641 -7.07751 19.5258 22.7817 -9.49027 18.8269 19.2137 -10.7284 17.8571 15.458 -10.5468 16.6821 11.9889 -9.13989 15.4551 8.88196 -6.99429 14.3312 5.99965 -4.45906 13.4452 3.25786 -1.65514 12.8567 0.660706 1.3182 12.4828 -1.88323 4.33675 12.1053 -4.50612 7.25192 11.5155 -7.26881 9.96217 10.6257 -10.1482 12.4367 9.46159 -13.122 14.6772 8.08071 -16.1922 16.6618 6.52985 -19.3442 18.3496 4.82862 -22.5282 19.699 2.89992 -25.5941 20.6084 0.56506 -28.2903 20.9314 -2.31657 -30.3634 20.5911 -5.63994 -31.7774 19.6228 -9.17856 -32.6284 18.0667 -12.6876 -33.0009 15.9193 -15.9601 -32.9109 13.2472 -18.803 -32.3369 10.1889 -21.1583 -31.2174 6.95665 -23.0371 -29.4824 3.76657 -24.4665 -27.1296 0.764646 -25.4409 -24.3377 -1.97646 -25.8743 -21.3594 -4.53577 -25.5993 -18.4842 -6.94738 -24.4107 -15.9515 -9.11492 -22.2705 -13.8367 -10.8971 -19.4342 -11.9731 -12.2654 -16.2173 -10.1741 -13.2277 -12.8215 -8.36905 -13.7886 -9.32888 -6.58353 -13.9805 -5.78677 -4.85274 -13.8669 -2.21425 -3.20296 -13.4908 1.37855 -1.63105 -12.8688 4.96411 -0.0379453 -12.0283 8.49533 1.76518 -11.0311 11.8818 3.94585 -9.95784 15.0134 6.53938 -8.88092 17.7766 9.55226 -7.81215 20.0791 12.9817 -6.72289 21.6833 16.7135 -5.59084 22.2422 20.4054 -4.49188 21.5719 23.7947 -3.63623 19.8205 26.7806 -3.43599 17.3044 29.2451 -4.37991 14.4199 30.9337 -6.60619 11.6528 31.7043 -9.6297 9.25915 31.6486 -12.7517 6.86858 30.8056 -15.2977 3.99275 29.2112 -16.7647 0.68217 27.0948 -17.2639 -2.62334 24.7311 -17.5563 -5.78289 22.3903 -18.391 -8.86163 20.2842 -20.0006 -11.8168 18.3167 -22.1038 -14.5491 16.0414 -24.2739 -16.9727 13.1003 -26.1602 -18.8574 9.55994 -27.5626 -19.9694 5.70956 -28.4213 -20.3878 1.74898 -28.6317 -20.4759 -0.111155 -0.150933 -0.167667 -0.155841 -0.307322 -0.245844 -0.201191 -0.174373 -0.178798 -0.140425 -0.114685 -0.0947964 -0.00819503 0.0235632 0.0476421 0.0509857 0.238421 0.205263 0.157632 0.116106 0.42498 0.412129 0.413771 0.41548 0.608109 0.561833 0.526878 0.50739 0.532049 0.492827 0.511027 0.601976 -0.209241 -0.24177 -0.241575 -0.182439 -0.782247 -0.593337 -0.462081 -0.37154 -0.561069 -0.453601 -0.366249 -0.294518 -0.245789 -0.195026 -0.152466 -0.116845 -0.0375114 -0.02295 -0.0276322 -0.0441729 -0.0996147 -0.107323 -0.101032 -0.0916116 -0.0703007 -0.0763834 -0.101626 -0.130406 -0.000367176 0.0233405 0.0434357 0.0409674 0.133689 0.0746478 0.0187192 -0.0269279 -0.0646321 -0.105261 -0.140843 -0.175464 -0.199385 -0.227495 -0.257366 -0.296851 -0.0994609 -0.11263 -0.151494 -0.255491 0.117347 -0.0329871 -0.17834 -0.267717 0.542137 0.45895 0.42773 0.406681 0.54191 0.430007 0.330346 0.251913 0.126528 0.0489518 0.0233953 0.0756672 -0.0463169 0.0247504 0.0510503 0.0303937 -0.151642
-4.45767 -27.0511 -20.9315 -7.16321 -24.1867 -21.1642 -9.27676 -20.8545 -21.2523 -11.0349 -17.3292 -21.0066 -12.7002 -13.8355 -20.2318 -14.3423 -10.5348 -18.875 -15.8559 -7.40343 -17.0484 -17.018 -4.30404 -14.9327 -17.5887 -1.14141 -12.6734 -17.4591 2.04019 -10.3662 -16.7444 5.15692 -8.0776 -15.6899 8.22737 -5.85878 -14.4963 11.3378 -3.76983 -13.2262 14.5458 -1.83451 -11.8325 17.7653 -0.00621887 -10.1948 20.8439 1.8622 -8.22087 23.6057 3.89349 -5.90378 25.9411 6.11296 -3.31092 27.8002 8.47297 -0.503226 29.1235 10.9458 2.45331 29.7869 13.5086 5.46158 29.7082 16.0977 8.43135 28.9321 18.6152 11.3191 27.5466 20.9607 14.0828 25.588 23.0309 16.6392 23.0989 24.7347 18.9458 20.1736 26.0599 21.0212 16.9559 27.0461 22.9306 13.5641 27.742 24.6828 10.0771 28.1607 26.1661 6.44454 28.2536 27.0585 2.642 27.8685 26.9775 -1.14421 26.8383 25.8093 -4.47396 25.1794 23.7913 -7.05522 23.0654 21.2636 -8.80131 20.6639 18.4933 -9.67485 18.0626 15.6582 -9.64232 15.3275 12.8961 -8.78273 12.6534 10.1483 -7.26383 10.2739 7.32611 -5.19729 8.4619 4.47165 -2.66356 7.38648 1.71792 0.152429 6.92644 -0.975646 3.05181 6.67558 -3.7435 5.86008 6.25475 -6.64453 8.46931 5.51684 -9.63572 10.8791 4.5096 -12.6523 13.1745 3.32627 -15.6445 15.4381 2.02535 -18.5859 17.6809 0.612747 -21.5011 19.8108 -1.0131 -24.3933 21.5846 -3.05426 -27.1617 22.6868 -5.66157 -29.5979 22.9281 -8.73815 -31.585 22.3555 -12.0821 -33.0672 21.0874 -15.4959 -33.9859 19.1932 -18.8167 -34.281 16.762 -21.8553 -33.948 13.912 -24.5004 -32.9954 10.8086 -26.6667 -31.4261 7.62381 -28.2869 -29.2705 4.49287 -29.3102 -26.6819 1.54947 -29.6743 -23.8522 -1.15989 -29.2894 -20.9911 -3.55259 -28.0303 -18.2868 -5.50167 -25.8899 -15.8567 -6.9329 -23.1077 -13.6436 -7.93003 -19.9769 -11.5481 -8.60005 -16.6824 -9.52107 -8.99191 -13.2898 -7.56521 -9.12656 -9.83611 -5.6891 -9.03666 -6.337 -3.91383 -8.75213 -2.79594 -2.24345 -8.29762 0.770197 -0.563835 -7.71066 4.31257 1.37408 -7.03952 7.70491 3.80565 -6.32224 10.7523 6.75525 -5.61336 13.266 10.1257 -5.0389 15.2235 13.7858 -4.84389 16.6681 17.5851 -5.28837 17.611 21.2935 -6.45974 18.0163 24.7511 -8.27691 17.8399 27.7632 -10.6214 16.9923 30.0389 -13.3815 15.4141 31.3116 -16.3792 13.2093 31.5656 -19.335 10.6273 31.0331 -22.0186 7.80198 29.9103 -24.224 4.74537 28.2759 -25.8092 1.50886 26.2318 -26.8214 -1.72475 23.9155 -27.5697 -4.84464 21.4613 -28.3975 -7.83641 18.9388 -29.4497 -10.7162 16.2996 -30.589 -13.4549 13.3551 -31.5013 -15.9569 9.9772 -31.8811 -18.0084 6.27657 -31.6079 -19.4119 2.49088 -30.7269 -20.207 -1.16207 -29.2401 -20.637 -0.135492 -0.178023 -0.211111 -0.228768 -0.412743 -0.375206 -0.338925 -0.306119 -0.297028 -0.243836 -0.203673 -0.16917 -0.0706087 -0.0340427 -0.00948764 0.00281992 0.221952 0.245858 0.26727 0.284726 0.628018 0.62863 0.636685 0.649345 0.862021 0.84225 0.833731 0.835808 0.875295 0.839938 0.840088 0.883376 0.00239912 -0.111847 -0.210654 -0.272894 -0.994615 -0.890875 -0.79169 -0.692703 -0.853765 -0.712329 -0.591027 -0.489152 -0.415048 -0.342389 -0.280953 -0.229415 -0.134925 -0.101963 -0.0815294 -0.0690119 -0.102453 -0.105404 -0.112062 -0.123619 -0.117944 -0.12735 -0.147414 -0.172761 -0.0499438 -0.0445212 -0.0449023 -0.0598081 0.0319573 -0.0217325 -0.0742186 -0.122207 -0.167739 -0.220571 -0.27151 -0.323413 -0.365285 -0.410901 -0.45875 -0.521342 -0.355249 -0.399387 -0.443836 -0.490722 0.0211662 0.0660241 0.105639 0.127586 0.962019 0.847959 0.770165 0.710786 0.822567 0.698643 0.588811 0.497503 0.360176 0.268494 0.20569 0.181323 -0.0401003 -0.0576005 -0.0853754 -0.125335 -0.284917
-4.80821 -24.2849 -19.2443 -6.77895 -20.8663 -19.3466 -8.35856 -17.2537 -19.1581 -9.64339 -13.5545 -18.662 -10.727 -9.85136 -17.8288 -11.6363 -6.21343 -16.6568 -12.3456 -2.64491 -15.1744 -12.7772 0.842601 -13.4178 -12.8394 4.2134 -11.4008 -12.4937 7.41397 -9.14217 -11.7991 10.4216 -6.7058 -10.8674 13.2873 -4.17902 -9.78387 16.0857 -1.63747 -8.56843 18.8638 0.903511 -7.21835 21.5587 3.46597 -5.72005 24.0597 6.14024 -4.07921 26.2422 9.00307 -2.31205 28.0363 12.0704 -0.424186 29.4079 15.2804 1.62326 30.3031 18.5601 3.86114 30.62 21.8222 6.25839 30.2946 24.9699 8.737 29.3472 27.9227 11.2157 27.8087 30.6151 13.6084 25.6766 32.9581 15.8176 22.996 34.8471 17.8017 19.8663 36.2263 19.5562 16.4178 37.0408 21.0801 12.7736 37.2205 22.3339 9.08612 36.7361 23.2532 5.4389 35.6147 23.6953 1.94875 33.8746 23.4989 -1.18602 31.5211 22.6336 -3.70526 28.6735 21.2424 -5.52479 25.5177 19.5293 -6.72412 22.2265 17.6431 -7.41804 18.885 15.6379 -7.66037 15.5026 13.5257 -7.44504 12.1842 11.2174 -6.71743 9.07584 8.64849 -5.37966 6.40566 5.88581 -3.41066 4.35258 3.09931 -0.996563 2.89229 0.326523 1.60275 1.76078 -2.49654 4.18452 0.716789 -5.41621 6.66464 -0.329018 -8.40029 9.06339 -1.38283 -11.37 11.4673 -2.46531 -14.2385 13.9631 -3.61048 -16.9583 16.562 -4.84596 -19.5929 19.1606 -6.25448 -22.2628 21.5095 -7.99601 -25.0212 23.2989 -10.2021 -27.7599 24.3199 -12.8319 -30.3411 24.5605 -15.7879 -32.5876 24.0422 -18.9729 -34.2972 22.7509 -22.2697 -35.3022 20.7405 -25.4601 -35.5653 18.1342 -28.353 -35.0887 15.0924 -30.7511 -33.8748 11.798 -32.4552 -31.9739 8.46213 -33.3245 -29.5691 5.34547 -33.3355 -26.8519 2.60595 -32.5556 -23.9815 0.389806 -31.0238 -21.0991 -1.17916 -28.8047 -18.352 -2.10783 -26.1057 -15.7723 -2.60256 -23.1401 -13.3394 -2.87877 -20.0257 -11.0313 -3.03482 -16.7976 -8.82243 -3.08971 -13.4976 -6.65005 -3.06245 -10.1732 -4.45832 -2.98207 -6.86231 -2.2244 -2.87738 -3.58922 0.100603 -2.80693 -0.379261 2.62188 -2.88607 2.67871 5.44371 -3.24092 5.44015 8.54442 -3.93194 7.77035 11.8296 -4.97932 9.67628 15.147 -6.42695 11.2323 18.348 -8.33805 12.5063 21.3004 -10.7027 13.4967 23.9706 -13.4882 14.129 26.278 -16.6435 14.2197 28.0423 -20.0747 13.5854 29.0798 -23.6072 12.2021 29.3448 -27.0013 10.2326 28.9227 -30.0921 7.83732 27.8755 -32.7248 5.10956 26.2355 -34.7703 2.14532 24.1084 -36.1815 -0.878676 21.6237 -37.0467 -3.83478 18.8754 -37.4583 -6.65231 15.9134 -37.4512 -9.29657 12.8021 -37.0143 -11.7244 9.60259 -36.0998 -13.8905 6.39092 -34.6488 -15.7194 3.26241 -32.667 -17.1431 0.300049 -30.2348 -18.1679 -2.42045 -27.4294 -18.8539 -0.201622 -0.244373 -0.278447 -0.304143 -0.503622 -0.485302 -0.467768 -0.450594 -0.45098 -0.399138 -0.355222 -0.316922 -0.215058 -0.171303 -0.130732 -0.0923625 0.159114 0.217056 0.273376 0.326631 0.702643 0.728817 0.756529 0.786997 1.01708 1.01304 1.01812 1.0322 1.0801 1.04225 1.01676 1.00374 0.0457646 -0.145844 -0.310372 -0.425416 -1.18547 -1.1014 -1.00391 -0.894444 -1.04021 -0.885122 -0.749411 -0.630057 -0.537149 -0.4474 -0.372007 -0.308432 -0.201504 -0.15432 -0.118408 -0.0930977 -0.1216 -0.128765 -0.145976 -0.17041 -0.176202 -0.193981 -0.2212 -0.257159 -0.152433 -0.170841 -0.192773 -0.21809 -0.122281 -0.163267 -0.204356 -0.247542 -0.294795 -0.354163 -0.414376 -0.477124 -0.531979 -0.592528 -0.652184 -0.715089 -0.534509 -0.553695 -0.566355 -0.570292 -0.00793435 0.0891054 0.182127 0.256966 1.13339 1.03987 0.962909 0.896055 1.00166 0.874288 0.759353 0.658643 0.50847 0.398904 0.303597 0.222809 -0.0715543 -0.157332 -0.232884 -0.298569 -0.401515
-3.12396 -22.9468 -19.9074 -5.20809 -19.5967 -19.783 -7.05354 -16.1347 -19.3467 -8.65172 -12.5992 -18.62 -9.99692 -9.02414 -17.6242 -11.0807 -5.45647 -16.3862 -11.907 -1.90597 -14.921 -12.4809 1.59865 -13.2405 -12.8101 5.02877 -11.3534 -12.9022 8.35973 -9.26494 -12.7635 11.5603 -6.98402 -12.4005 14.6017 -4.51759 -11.8194 17.4538 -1.87316 -11.014 20.1041 0.951662 -9.9835 22.5064 3.92141 -8.72532 24.63 7.01322 -7.23843 26.442 10.2004 -5.51879 27.9109 13.4616 -3.57636 28.9937 16.7488 -1.42227 29.6526 20.0162 0.925152 29.8519 23.21 3.43942 29.5595 26.2684 6.08167 28.7509 29.1189 8.8016 27.4133 31.6828 11.5361 25.5503 33.8766 14.1992 23.1973 35.6103 16.717 20.397 36.8158 18.9985 17.226 37.4275 20.9518 13.7882 37.3996 22.4817 10.2381 36.7205 23.534 6.69313 35.4049 24.0593 3.30262 33.4986 24.0337 0.212183 31.0792 23.4671 -2.43202 28.2697 22.392 -4.54742 25.1754 20.8622 -6.06062 21.9234 18.9488 -6.93112 18.639 16.7093 -7.14912 15.4051 14.2492 -6.72209 12.3578 11.6538 -5.69235 9.57844 8.98057 -4.14063 7.13572 6.2281 -2.17051 5.06947 3.46406 0.0993517 3.35638 0.714249 2.5768 1.93238 -2.01541 5.18641 0.721663 -4.73634 7.86982 -0.358557 -7.46018 10.5693 -1.39037 -10.205 13.2333 -2.45809 -12.9863 15.8073 -3.64537 -15.8054 18.2201 -5.02749 -18.6743 20.3973 -6.67337 -21.5767 22.2404 -8.63759 -24.4688 23.6359 -10.9545 -27.2535 24.4565 -13.6062 -29.8399 24.5966 -16.5644 -32.0854 23.9637 -19.7294 -33.8313 22.5171 -22.9416 -34.9227 20.3115 -25.9707 -35.2682 17.4618 -28.6147 -34.8275 14.1702 -30.6644 -33.6386 10.6882 -31.9656 -31.7923 7.24463 -32.4451 -29.4549 4.09599 -32.099 -26.8001 1.40156 -31.0085 -23.9866 -0.755326 -29.2969 -21.1221 -2.36746 -27.0855 -18.3112 -3.45529 -24.5144 -15.6025 -4.08724 -21.6933 -13.0127 -4.34861 -18.7067 -10.5293 -4.33062 -15.6076 -8.13386 -4.1239 -12.4465 -5.7832 -3.81346 -9.26052 -3.42914 -3.48271 -6.07905 -1.0273 -3.2152 -2.93662 1.4717 -3.09404 0.13836 4.10476 -3.20481 3.09976 6.89424 -3.63365 5.88365 9.82137 -4.4568 8.38904 12.8512 -5.74705 10.5519 15.8688 -7.55736 12.3238 18.7829 -9.86369 13.632 21.4752 -12.5913 14.407 23.8674 -15.6776 14.6114 25.8607 -19.0183 14.2175 27.3669 -22.4874 13.2244 28.3204 -25.9636 11.6508 28.6658 -29.278 9.56166 28.389 -32.2879 7.04521 27.5077 -34.8681 4.21053 26.0587 -36.9298 1.15925 24.1179 -38.3865 -1.96679 21.7745 -39.2027 -5.04958 19.1263 -39.3744 -7.98529 16.2618 -38.9218 -10.6974 13.2833 -37.8869 -13.1106 10.275 -36.327 -15.18 7.30881 -34.307 -16.879 4.44585 -31.8961 -18.1956 1.73055 -29.1587 -19.1319 -0.801471 -26.1568 -19.6973 5.24143 5.20745 5.18262 5.16469 4.97071 4.9929 5.01461 5.0384 5.04866 5.11564 5.17839 5.23864 5.36632 5.4409 5.51633 5.59003 5.87332 5.95788 6.03564 6.1046 6.48925 6.51561 6.53313 6.54008 6.73098 6.67196 6.60736 6.5391 6.49523 6.35678 6.21806 6.07595 4.97506 4.6325 4.31359 4.04371 3.1309 3.06689 3.02055 2.98756 2.70312 2.73037 2.75279 2.77376 2.78207 2.80062 2.81853 2.83657 2.90613 2.92111 2.92868 2.9307 2.88685 2.87292 2.85455 2.82992 2.82184 2.80048 2.77112 2.73673 2.84911 2.84688 2.85062 2.86032 3 3.01006 3.02465 3.04049 3.05561 3.06116 3.06677 3.07059 3.08425 3.09519 3.11165 3.1335 3.41189 3.50527 3.61825 3.74732 4.44341 4.67378 4.90284 5.11655 6.13077 6.16875 6.21411 6.26001 6.46883 6.43362 6.39735 6.36007 6.25773 6.1817 6.10798 6.03925 5.75007 5.66574 5.59085 5.5276 -0.0125446
