Optimization finished after 600 iterations.
NEB Energy: 1.85956
Max NEB Force: 0.484384
Optimization took: 2903 ms
Energies: 
0.815591, 1.85934, 2.57306, 3.25988, 2.65285, 2.31565, 2.10811, 0.810954, 
NEB Forces: 
0, 0.398096, 0.447019, 0.484384, 0.452948, 0.43118, 0.410266, 0, 
Gradients: 
0.0502849, 0.409662, 0.454779, 0.491721, 0.456627, 0.431982, 0.413996, 6.65727e-06, 
Spring Forces: 
0, 0.000432796, 5.15752e-06, 5.21059e-07, 2.27978e-06, 3.84852e-07, 0.00042051, 0, 
Bend Energies: 
0.812846, 1.82782, 2.53973, 3.18153, 2.54772, 2.13469, 1.86113, 0.810951, 
Twist Energies: 
0.00274053, 0.00467031, 0.0123351, 0.0594956, 0.0846886, 0.158735, 0.222118, 7.4573e-27, 
Stretch Energies: 
3.83249e-06, 0.0268494, 0.0209913, 0.0188471, 0.0204372, 0.0222267, 0.024857, 1.98593e-06, 
