Optimization finished after 92400 iterations.
NEB Energy: 0.823322
Max NEB Force: 0.01
Optimization took: 1551350 ms
Energies: 
0.812861, 0.823244, 0.934626, 1.04298, 0.958373, 0.891123, 0.828267, 0.810954, 
NEB Forces: 
0, 0.00170541, 0.00545248, 0.00999391, 0.00746787, 0.0061242, 0.00465293, 0, 
Gradients: 
1.67393e-05, 0.00192944, 0.00577435, 0.0100072, 0.00751766, 0.00626465, 0.00467968, 2.73988e-05, 
Spring Forces: 
0, 0.000156306, 1.34624e-05, 1.23878e-05, 2.17674e-05, 1.62898e-05, 0.000162067, 0, 
Bend Energies: 
0.81286, 0.823242, 0.934567, 1.04219, 0.956775, 0.887745, 0.823612, 0.810951, 
Twist Energies: 
4.09216e-08, 6.74089e-07, 5.68718e-05, 0.000788295, 0.00159364, 0.00337468, 0.00465262, 1.59319e-25, 
Stretch Energies: 
5.1368e-07, 1.13649e-06, 2.30243e-06, 6.90166e-06, 5.12138e-06, 3.48271e-06, 2.05312e-06, 1.98593e-06, 
