# num_vectors 8
# vector_size 401
# Iterations: 13900, stepsize: 0.025324, max step size: 1.000000, spring constant: 0.000010, global NEB Hessian: false, global NEB Linesearch: true, climbing image: false
2.82833 -19.925 -21.0196 -0.985988 -20.9074 -20.7593 -4.871 -21.4044 -20.2678 -8.75763 -21.3607 -19.5793 -12.5616 -20.7306 -18.7339 -16.1667 -19.4915 -17.7837 -19.4797 -17.6341 -16.7789 -22.3805 -15.1798 -15.7805 -24.7484 -12.1846 -14.8544 -26.4734 -8.73931 -14.0675 -27.4668 -4.97894 -13.4865 -27.7179 -1.06841 -13.1554 -27.2477 2.83473 -13.0586 -26.091 6.61673 -13.1616 -24.3149 10.1424 -13.4213 -21.9981 13.3282 -13.789 -19.2244 16.1169 -14.2149 -16.066 18.4803 -14.6504 -12.6107 20.3921 -15.0455 -8.93191 21.849 -15.3529 -5.09752 22.8577 -15.5275 -1.16924 23.4318 -15.5257 2.79152 23.5893 -15.3055 6.72544 23.3523 -14.827 10.5717 22.7461 -14.0525 14.2513 21.8046 -12.9532 17.711 20.5602 -11.4983 20.8755 19.0538 -9.66769 23.6636 17.335 -7.45247 25.9742 15.4781 -4.8799 27.7451 13.5408 -1.9616 28.8971 11.6048 1.2524 29.3644 9.76147 4.68591 29.1069 8.11895 8.21319 28.1179 6.76198 11.7326 26.4267 5.78098 15.1065 24.1332 5.22773 18.2113 21.3164 5.09019 20.9622 18.1097 5.33562 23.2376 14.6239 5.909 24.9816 10.961 6.74652 26.166 7.18533 7.78779 26.7878 3.3968 8.95829 26.8492 -0.342702 10.19 26.3741 -3.98399 11.4179 25.3942 -7.49293 12.5813 23.9434 -10.833 13.6188 22.0624 -13.9778 14.4732 19.7928 -16.9036 15.0889 17.1791 -19.5799 15.4117 14.2786 -21.9915 15.3927 11.1381 -24.1129 14.9842 7.81959 -25.9161 14.1444 4.39579 -27.3631 12.8511 0.976219 -28.4396 11.0811 -2.36569 -29.1204 8.83381 -5.51941 -29.3872 6.13212 -8.36363 -29.2357 3.0519 -10.7554 -28.6781 -0.34415 -12.5958 -27.7427 -3.9444 -13.7767 -26.482 -7.61159 -14.2169 -24.9675 -11.2319 -13.9055 -23.2645 -14.6327 -12.8897 -21.4164 -17.6974 -11.2498 -19.462 -20.3399 -9.08307 -17.4206 -22.5153 -6.47627 -15.329 -24.1726 -3.54823 -13.2038 -25.3 -0.400617 -11.0541 -25.9012 2.87234 -8.87714 -25.9904 6.19278 -6.67562 -25.5876 9.47358 -4.44354 -24.7199 12.6418 -2.17286 -23.418 15.6287 0.140565 -21.7196 18.3634 2.50784 -19.6606 20.7866 4.93291 -17.2847 22.8334 7.41471 -14.6431 24.4389 9.92947 -11.8149 25.5342 12.4753 -8.85645 26.0718 15.0245 -5.8533 26.0005 17.5377 -2.90525 25.2826 19.9458 -0.145411 23.9137 22.2078 2.32917 21.9014 24.2567 4.39567 19.2898 26.024 5.93714 16.161 27.4561 6.85851 12.6156 28.514 7.11391 8.83613 29.1621 6.73499 4.97536 29.3753 5.78269 1.16525 29.1446 4.32584 -2.50699 28.4755 2.45953 -5.93193 27.386 0.277699 -9.04861 25.8999 -2.12735 -11.8178 24.0368 -4.67645 -14.2254 21.8282 -7.27875 -16.2542 19.3005 -9.85674 -17.9067 16.4798 -12.3376 -19.1931 13.3942 -14.6503 -20.1275 10.0691 -16.7297 -20.7292 6.53498 -18.5097 -21.0189 -4.74895 -4.6855 -4.63353 -4.5956 -4.7542 -4.71604 -4.69616 -4.69123 -4.71676 -4.70275 -4.70751 -4.72872 -4.69812 -4.73619 -4.78722 -4.85107 -4.71259 -4.77499 -4.84041 -4.90533 -4.64066 -4.71688 -4.7822 -4.83687 -4.68514 -4.75956 -4.81348 -4.84076 -4.80632 -4.81725 -4.7589 -4.6035 -5.27085 -5.03454 -4.7059 -4.41081 -4.91459 -4.70899 -4.58484 -4.51697 -4.74986 -4.70276 -4.68098 -4.67371 -4.68697 -4.69395 -4.70241 -4.70908 -4.66032 -4.65942 -4.65786 -4.65319 -4.68608 -4.68234 -4.67898 -4.68157 -4.67183 -4.68407 -4.7168 -4.76958 -4.69079 -4.7391 -4.78761 -4.83 -4.73746 -4.76638 -4.78109 -4.78502 -4.78143 -4.78125 -4.77788 -4.77679 -4.77063 -4.77705 -4.79439 -4.8315 -4.64891 -4.69892 -4.7861 -4.93697 -4.60735 -4.8086 -5.02103 -5.19444 -4.47905 -4.64772 -4.74074 -4.78264 -4.62178 -4.67159 -4.69311 -4.68874 -4.72415 -4.70957 -4.6716 -4.61145 -4.76018 -4.69945 -4.63215 -4.56308 0.00380553
1.64318 -20.3606 -21.345 -2.14758 -21.4335 -21.0982 -6.02225 -21.9957 -20.5955 -9.90174 -21.9831 -19.8667 -13.6876 -21.343 -18.9506 -17.2459 -20.0492 -17.9018 -20.4636 -18.0961 -16.7763 -23.2047 -15.5197 -15.6434 -25.3445 -12.4023 -14.5764 -26.7903 -8.8662 -13.6435 -27.4916 -5.06853 -12.9015 -27.4491 -1.17027 -12.3851 -26.7046 2.68105 -12.1058 -25.3157 6.38514 -12.0531 -23.3659 9.82442 -12.1996 -20.9368 12.9324 -12.5027 -18.1054 15.6653 -12.911 -14.9316 18.0033 -13.3709 -11.4879 19.9231 -13.8246 -7.83324 21.4198 -14.2164 -4.02283 22.4945 -14.4929 -0.109285 23.1524 -14.6031 3.8515 23.4018 -14.4988 7.80201 23.2546 -14.1346 11.6799 22.7264 -13.4684 15.4014 21.8421 -12.467 18.9057 20.6274 -11.0961 22.1062 19.1178 -9.33191 24.9061 17.3595 -7.16325 27.1857 15.4278 -4.61819 28.8626 13.3857 -1.71599 29.8434 11.3261 1.47797 30.0618 9.35626 4.86575 29.5011 7.59917 8.30144 28.1938 6.14317 11.6744 26.2149 5.06692 14.8573 23.6719 4.41557 17.7408 20.6537 4.19694 20.2634 17.3066 4.39287 22.3321 13.7394 4.94998 23.9087 10.043 5.79945 24.9745 6.26617 6.87461 25.528 2.49342 8.09586 25.5689 -1.2266 9.39271 25.1146 -4.8545 10.6992 24.1881 -8.36273 11.9541 22.814 -11.7183 13.0941 21.022 -14.8955 14.0581 18.8432 -17.8677 14.7856 16.3119 -20.5981 15.2158 13.4766 -23.0624 15.2938 10.3781 -25.2229 14.9654 7.07607 -27.0379 14.1823 3.64507 -28.4549 12.9171 0.202519 -29.4467 11.1455 -3.1646 -29.9794 8.87122 -6.32748 -30.0338 6.13029 -9.146 -29.6177 3.01941 -11.4656 -28.7615 -0.375786 -13.1891 -27.5185 -3.92585 -14.2298 -25.9602 -7.49013 -14.5444 -24.1505 -10.9616 -14.1308 -22.1814 -14.1881 -13.031 -20.1202 -17.0757 -11.3249 -18.0175 -19.5591 -9.10947 -15.8917 -21.6094 -6.46898 -13.7725 -23.1873 -3.51698 -11.6639 -24.2838 -0.34743 -9.56098 -24.8989 2.95325 -7.44882 -25.0387 6.31358 -5.31986 -24.7127 9.65031 -3.16042 -23.9368 12.8918 -0.957243 -22.7307 15.9682 1.29711 -21.1215 18.8042 3.61495 -19.1363 21.3344 5.99948 -16.8112 23.4844 8.44632 -14.1918 25.1776 10.9255 -11.3554 26.3312 13.4253 -8.36091 26.8849 15.9062 -5.30215 26.7765 18.316 -2.29327 25.963 20.5763 0.513334 24.4454 22.6398 3.0027 22.2467 24.4414 5.04196 19.4387 25.9234 6.52184 16.1368 27.0482 7.37662 12.4662 27.7805 7.57597 8.60705 28.1129 7.14722 4.71156 28.0516 6.15235 0.90687 27.6067 4.66195 -2.73205 26.7943 2.76996 -6.1116 25.631 0.565056 -9.18505 24.1321 -1.86762 -11.923 22.305 -4.45572 -14.3166 20.1673 -7.11295 -16.3501 17.7313 -9.76379 -18.0249 15.0098 -12.3347 -19.3476 12.0196 -14.7515 -20.3276 8.77711 -16.9437 -20.9778 5.30691 -18.8381 -21.3117 -0.0212975 0.0483872 0.106152 0.149152 -0.00524972 0.0362615 0.0588887 0.0665613 0.0448592 0.0651345 0.0673378 0.0536372 0.0932557 0.0654414 0.0249349 -0.0293224 0.116768 0.0593236 -0.0039773 -0.0693364 0.192938 0.113044 0.0434726 -0.0153902 0.13277 0.0559082 0.00124853 -0.0242106 0.0158715 0.0159999 0.0919678 0.26916 -0.384604 -0.16723 0.101735 0.338204 -0.195942 0.00115604 0.126304 0.197919 -0.0310633 0.0194375 0.0442708 0.0543126 0.0434784 0.0384511 0.0313474 0.0253154 0.0739389 0.0739112 0.0740212 0.0772683 0.0436965 0.0482866 0.0546177 0.0573159 0.0743983 0.071078 0.0485779 0.00752046 0.0996352 0.0657504 0.0305932 -0.00111499 0.0988961 0.0744465 0.0618595 0.0585624 0.0620707 0.0620667 0.0655841 0.0673756 0.0748914 0.0703996 0.0553531 0.0203915 0.204006 0.152042 0.0568817 -0.112708 0.184941 -0.054159 -0.293183 -0.472849 0.248691 0.0845158 -0.00260164 -0.0382011 0.127308 0.0796102 0.0576978 0.0596975 0.0207712 0.0315817 0.0664427 0.124928 -0.0234678 0.0397392 0.111397 0.186133 0.0316695
2.77695 -24.7311 -18.6321 -0.99962 -25.8709 -18.494 -4.90865 -26.322 -18.1829 -8.80483 -26.0607 -17.6065 -12.5262 -25.0891 -16.7188 -15.9067 -23.4445 -15.5776 -18.8574 -21.1711 -14.3289 -21.315 -18.3335 -13.1702 -23.2343 -15.0274 -12.2645 -24.571 -11.3787 -11.6606 -25.28 -7.53095 -11.2655 -25.3257 -3.61637 -10.8941 -24.6904 0.230358 -10.3812 -23.3825 3.89839 -9.68418 -21.4633 7.27506 -8.93205 -19.0208 10.3333 -8.35582 -16.1677 13.0673 -8.16648 -13.018 15.4671 -8.43068 -9.6657 17.509 -9.01513 -6.12457 19.1874 -9.64176 -2.38851 20.4743 -10.0092 1.49349 21.2993 -9.91439 5.40961 21.5757 -9.3251 9.24642 21.2452 -8.36102 12.9234 20.3031 -7.19806 16.3729 18.8089 -5.97241 19.5686 16.8521 -4.71056 22.4694 14.535 -3.35024 25.0137 11.9438 -1.78626 27.0854 9.16287 0.0520796 28.5624 6.22534 2.19553 29.283 3.19911 4.58871 29.11 0.200816 7.11555 27.9908 -2.57281 9.61746 25.9723 -4.92427 11.9842 23.2049 -6.64145 14.1285 19.9131 -7.56628 16.0031 16.3126 -7.62487 17.6008 12.6757 -6.83229 18.8913 9.18061 -5.30082 19.8708 5.92297 -3.18866 20.5394 2.90226 -0.644725 20.9002 0.100635 2.16155 20.9479 -2.55921 5.09072 20.6802 -5.17437 8.01366 20.0938 -7.84914 10.805 19.1859 -10.6623 13.3251 17.9588 -13.6491 15.4385 16.4152 -16.7728 17.0307 14.5504 -19.9096 18.0323 12.3514 -22.8952 18.4388 9.78234 -25.5306 18.2832 6.83126 -27.6402 17.6116 3.5484 -29.1189 16.4651 0.0903669 -29.9939 14.8421 -3.38233 -30.3504 12.7287 -6.67866 -30.2798 10.1398 -9.63699 -29.8222 7.18258 -12.1422 -28.9369 3.98865 -14.2027 -27.5379 0.743094 -15.8579 -25.5701 -2.37401 -17.1394 -23.0542 -5.26856 -18.0273 -20.1612 -7.90984 -18.4153 -17.1186 -10.3952 -18.1672 -14.187 -12.8212 -17.159 -11.5949 -15.2017 -15.3401 -9.50404 -17.4129 -12.8039 -7.89305 -19.3077 -9.72035 -6.6156 -20.7625 -6.26411 -5.49033 -21.7 -2.57267 -4.37821 -22.0806 1.22078 -3.19431 -21.9093 5.00772 -1.89499 -21.2218 8.69704 -0.45518 -20.0714 12.2068 1.1548 -18.5092 15.4751 2.96147 -16.5796 18.4293 4.97821 -14.3171 20.9844 7.17776 -11.7676 23.0299 9.52933 -8.95601 24.4746 11.9727 -5.95397 25.2092 14.4548 -2.89518 25.1399 16.9324 -0.0139991 24.2186 19.4187 2.43284 22.4524 21.8783 4.14314 19.9398 24.1977 4.90409 16.8854 26.2082 4.71339 13.5107 27.7113 3.80409 9.99189 28.5625 2.54173 6.36566 28.6742 1.26707 2.64673 28.0442 0.160996 -1.10013 26.7844 -0.816276 -4.7219 25.0741 -1.91968 -8.11553 23.1023 -3.45876 -11.1819 21.032 -5.62141 -13.7897 18.9748 -8.3596 -15.7981 16.9183 -11.463 -17.1778 14.7453 -14.6793 -18.0133 12.3107 -17.7817 -18.4481 9.51017 -20.5861 -18.6297 6.31755 -22.9412 -18.6724 -0.0705682 -0.0218606 0.032636 0.0852314 -0.0578094 -0.0123209 0.00454952 0.000964949 -0.0310863 -0.016028 -0.0130579 -0.0205946 0.031368 0.024655 0.0150644 -0.00274567 0.175497 0.136702 0.079007 0.0164254 0.28703 0.220658 0.164855 0.116188 0.269706 0.193202 0.133302 0.0960647 0.117911 0.094797 0.142363 0.277638 -0.450464 -0.347899 -0.196766 -0.0255775 -0.561985 -0.330232 -0.160961 -0.0506486 -0.251713 -0.179205 -0.134944 -0.105086 -0.0937437 -0.0737682 -0.0547964 -0.0381814 0.0228625 0.0187245 -0.00266747 -0.0311993 -0.0935494 -0.103032 -0.0939448 -0.0806387 -0.0569583 -0.0603445 -0.0788612 -0.0951024 0.0521593 0.0960562 0.13815 0.158981 0.274576 0.230865 0.176255 0.122606 0.0779288 0.0366879 0.00678354 -0.01767 -0.0298952 -0.0482768 -0.0718692 -0.109892 0.077334 0.0364811 -0.0418232 -0.198602 0.0953599 -0.153903 -0.37169 -0.491002 0.29732 0.175415 0.0938572 0.0318553 0.153994 0.061964 0.00340338 -0.0230975 -0.082469 -0.0776642 -0.0234037 0.0826902 -0.00795276 0.0933947 0.167753 0.217687 0.0808428
1.19949 -29.8029 -22.1145 -2.68345 -29.4462 -22.7272 -6.46379 -28.3624 -23.0657 -10.0263 -26.673 -22.8807 -13.2152 -24.526 -21.9855 -15.8498 -22.0956 -20.3776 -17.8536 -19.4846 -18.2325 -19.2478 -16.7119 -15.8236 -20.1212 -13.7399 -13.4074 -20.5658 -10.5505 -11.1504 -20.6419 -7.19179 -9.10664 -20.3729 -3.74455 -7.23369 -19.7458 -0.283264 -5.47584 -18.7137 3.17072 -3.8463 -17.2316 6.58209 -2.49859 -15.2806 9.91677 -1.64796 -12.9069 13.0753 -1.44954 -10.191 15.9407 -1.85129 -7.1899 18.4418 -2.54879 -3.89199 20.5827 -3.08619 -0.331265 22.3336 -3.02651 3.32889 23.5869 -2.13708 6.88446 24.2241 -0.490629 10.2439 24.1873 1.62414 13.4308 23.4742 3.88127 16.4631 22.1201 6.0272 19.3161 20.171 7.94951 21.8896 17.6872 9.63533 24.0574 14.7364 11.1278 25.6896 11.4231 12.4554 26.7092 7.81956 13.6302 27.0418 4.03665 14.6222 26.6145 0.21297 15.398 25.3552 -3.43694 15.9437 23.2002 -6.66872 16.2854 20.1842 -9.13343 16.4692 16.5287 -10.4881 16.5517 12.5898 -10.5473 16.5835 8.82812 -9.37705 16.5964 5.50088 -7.26763 16.5976 2.64776 -4.5511 16.5718 0.152502 -1.47006 16.4861 -2.11583 1.77735 16.2976 -4.30458 5.06722 15.962 -6.54669 8.29693 15.4439 -8.9658 11.3629 14.724 -11.6573 14.1334 13.8018 -14.67 16.4653 12.6812 -17.9723 18.223 11.3488 -21.4309 19.3099 9.75643 -24.8557 19.7004 7.80788 -27.9925 19.4208 5.40774 -30.5644 18.5419 2.52833 -32.3248 17.1778 -0.711889 -33.1745 15.4383 -4.13407 -33.1338 13.4292 -7.51359 -32.3217 11.2382 -10.6758 -30.8991 8.96019 -13.5073 -28.9885 6.65115 -16.0071 -26.6857 4.36653 -18.1771 -24.0695 2.11682 -20.0006 -21.1984 -0.174996 -21.4152 -18.2147 -2.60169 -22.255 -15.3043 -5.2514 -22.3246 -12.7106 -8.08768 -21.4734 -10.6233 -10.9443 -19.6912 -9.08632 -13.5685 -17.1526 -7.92414 -15.797 -14.0905 -6.87191 -17.5579 -10.7014 -5.70916 -18.8276 -7.12262 -4.34016 -19.5934 -3.47418 -2.7793 -19.867 0.16733 -1.09272 -19.6854 3.75819 0.665611 -19.108 7.2638 2.50181 -18.1984 10.6573 4.46936 -17.0013 13.8838 6.63475 -15.5151 16.853 9.01162 -13.6922 19.4122 11.5642 -11.4358 21.3907 14.1573 -8.70905 22.5578 16.6157 -5.6339 22.7005 18.8191 -2.55553 21.7226 20.838 0.0960906 19.6781 22.8208 1.826 16.7863 24.8263 2.24201 13.456 26.7126 1.27611 10.1432 28.175 -0.721247 7.08741 28.9107 -3.18428 4.11119 28.6835 -5.52222 0.957263 27.4704 -7.28298 -2.372 25.5644 -8.41336 -5.65011 23.3663 -9.38396 -8.79381 21.2146 -10.8228 -11.7865 19.3495 -13.0806 -14.467 17.8035 -16.0489 -16.6023 16.2998 -19.3817 -18.1494 14.4284 -22.7089 -19.2401 11.9108 -25.6654 -20.0522 8.72975 -27.9331 -20.7434 5.0764 -29.3229 -21.4224 -0.26657 -0.259133 -0.226609 -0.174944 -0.299284 -0.219879 -0.16052 -0.119144 -0.107037 -0.049069 -0.00322505 0.0327377 0.126887 0.155209 0.16665 0.151765 0.316223 0.257146 0.191135 0.145351 0.455342 0.440638 0.439464 0.441708 0.638554 0.597629 0.568182 0.558266 0.601017 0.580876 0.594864 0.642738 -0.226915 -0.29292 -0.292929 -0.222453 -0.808066 -0.59357 -0.429079 -0.319399 -0.517295 -0.43488 -0.373627 -0.321691 -0.2862 -0.242756 -0.202974 -0.169712 -0.0980024 -0.100062 -0.130501 -0.18013 -0.272718 -0.31356 -0.324408 -0.306136 -0.24582 -0.185551 -0.127058 -0.0704447 0.130406 0.199247 0.236721 0.230298 0.306713 0.224271 0.142944 0.0797573 0.0390315 0.00725079 -0.0135342 -0.0306466 -0.0353663 -0.0431927 -0.0513113 -0.0688157 0.14274 0.126862 0.0674224 -0.0947808 0.125846 -0.267958 -0.579012 -0.683888 0.168807 0.116333 0.0947753 0.0824709 0.244135 0.177242 0.124795 0.0849949 -0.00117024 -0.0226749 0.0244945 0.143407 0.0544902 0.123362 0.139793 0.125661 0.128876
-2.18023 -27.9955 -21.2809 -5.79456 -26.4129 -21.3912 -9.07061 -24.2128 -21.3047 -11.9823 -21.5816 -20.8806 -14.5201 -18.6919 -19.9921 -16.6481 -15.6897 -18.6166 -18.3414 -12.6195 -16.8442 -19.5699 -9.46532 -14.8502 -20.3207 -6.18637 -12.8206 -20.6047 -2.77471 -10.8857 -20.4594 0.71898 -9.08645 -19.9379 4.22287 -7.37911 -19.0812 7.67226 -5.69623 -17.8881 11.0439 -4.00514 -16.3315 14.2925 -2.36969 -14.3638 17.3917 -0.894909 -11.9605 20.2847 0.331934 -9.13433 22.8891 1.3217 -5.9546 25.0917 2.20901 -2.5112 26.7874 3.21737 1.06868 27.8672 4.54692 4.62694 28.2369 6.26788 8.02548 27.8568 8.28411 11.206 26.7603 10.3918 14.1836 25.0398 12.3751 16.9871 22.8308 14.0765 19.652 20.2552 15.4545 22.1702 17.4102 16.5496 24.4941 14.34 17.4479 26.512 11.0635 18.2215 28.0872 7.53411 18.905 29.0097 3.76048 19.4651 29.0444 -0.148431 19.8171 28.0138 -3.90892 19.8578 25.8842 -7.15752 19.5168 22.8358 -9.4797 18.7963 19.2374 -10.5939 17.789 15.473 -10.4492 16.6363 11.9077 -9.20927 15.509 8.68782 -7.16571 14.5206 5.80189 -4.6072 13.7167 3.13495 -1.74339 13.0743 0.582981 1.24264 12.5286 -1.96321 4.23338 11.9816 -4.58173 7.14103 11.337 -7.3207 9.89899 10.5232 -10.1917 12.4471 9.5056 -13.1871 14.7438 8.27142 -16.2797 16.7564 6.80305 -19.4094 18.4441 5.06076 -22.5036 19.7586 2.96862 -25.4425 20.6198 0.458597 -28.0754 20.9314 -2.48234 -30.2385 20.613 -5.75023 -31.8453 19.6287 -9.20114 -32.8515 17.9974 -12.6342 -33.2614 15.7954 -15.8657 -33.098 13.1633 -18.7426 -32.3785 10.2277 -21.2116 -31.1085 7.13486 -23.2247 -29.3095 4.01764 -24.7339 -27.0235 0.954234 -25.6756 -24.3861 -1.9561 -25.9424 -21.57 -4.66183 -25.447 -18.7713 -7.10906 -24.1528 -16.1453 -9.24692 -22.0966 -13.8061 -11.0027 -19.4246 -11.7514 -12.3481 -16.3161 -9.91164 -13.2852 -12.935 -8.19895 -13.8369 -9.39461 -6.55737 -14.0322 -5.7836 -4.95588 -13.9097 -2.15144 -3.37418 -13.5147 1.46995 -1.7797 -12.8996 5.04686 -0.102226 -12.116 8.55214 1.75754 -11.2059 11.9326 3.91398 -10.1889 15.0997 6.45087 -9.0656 17.8969 9.42989 -7.81581 20.152 12.817 -6.46099 21.6399 16.4809 -5.11143 22.165 20.1932 -3.99796 21.648 23.762 -3.40728 20.1638 26.9602 -3.62676 17.9252 29.5475 -4.80196 15.2396 31.3193 -6.84443 12.3837 32.1405 -9.4132 9.52114 32.0084 -12.0679 6.62243 31.0241 -14.3929 3.60708 29.3837 -16.1355 0.45571 27.3654 -17.2953 -2.74428 25.1958 -18.1579 -5.93925 22.9922 -19.1051 -9.08656 20.7613 -20.42 -12.0962 18.431 -22.1612 -14.7983 15.8486 -24.1732 -17.0446 12.8638 -26.1592 -18.7505 9.43105 -27.7715 -19.9153 5.64323 -28.7106 -20.6298 1.69816 -28.7962 -21.0413 -0.151185 -0.163179 -0.165551 -0.15715 -0.323458 -0.27718 -0.239264 -0.209451 -0.203245 -0.148877 -0.105292 -0.06917 0.0294691 0.068305 0.0979 0.111727 0.319166 0.315284 0.302218 0.290943 0.615596 0.606074 0.611133 0.625241 0.83725 0.808076 0.780119 0.757989 0.776879 0.728696 0.72098 0.761689 -0.102726 -0.167272 -0.191366 -0.180007 -0.84752 -0.713717 -0.61025 -0.53576 -0.746333 -0.663004 -0.59339 -0.529808 -0.482208 -0.427867 -0.378485 -0.334655 -0.246625 -0.220939 -0.208838 -0.204086 -0.240986 -0.23905 -0.231978 -0.225543 -0.202724 -0.196443 -0.200164 -0.20801 -0.0680173 -0.0472436 -0.0346395 -0.03779 0.0660745 0.0229167 -0.023808 -0.0691616 -0.110708 -0.156391 -0.197643 -0.237776 -0.26651 -0.298524 -0.329796 -0.367817 -0.17235 -0.197356 -0.250724 -0.354981 0.0393731 -0.0717732 -0.16756 -0.214661 0.611573 0.520494 0.478794 0.464992 0.628499 0.552713 0.477708 0.408208 0.290389 0.230165 0.218281 0.259825 0.107423 0.149942 0.166913 0.158967 0.043955
-4.29179 -26.9161 -21.3909 -7.05887 -24.1037 -21.511 -9.40466 -20.9322 -21.3701 -11.4141 -17.5659 -20.9104 -13.1726 -14.1364 -20.0575 -14.7016 -10.753 -18.7732 -15.9651 -7.44625 -17.0692 -16.8715 -4.21747 -15.0228 -17.3305 -1.04136 -12.7564 -17.2999 2.11232 -10.4075 -16.8087 5.25904 -8.10067 -15.9429 8.40984 -5.9127 -14.8024 11.5666 -3.86369 -13.4497 14.7319 -1.91352 -11.9123 17.8419 -0.0118926 -10.1653 20.8204 1.91892 -8.16474 23.5624 3.95128 -5.87344 25.9512 6.14077 -3.30451 27.8515 8.49431 -0.505919 29.1569 10.9871 2.4459 29.7935 13.5622 5.46374 29.7255 16.1406 8.46012 28.9553 18.6284 11.3604 27.5258 20.9317 14.1111 25.5177 22.9718 16.6756 23.0486 24.6926 19.0612 20.2198 26.0858 21.2673 17.1175 27.1553 23.2665 13.7893 27.9039 24.9656 10.2743 28.3083 26.2337 6.55987 28.3163 26.876 2.71751 27.8381 26.7118 -1.06174 26.7918 25.6764 -4.45317 25.1697 23.8593 -7.16768 23.0403 21.4743 -8.99135 20.5521 18.7628 -9.8563 17.8866 15.8809 -9.80077 15.2011 12.9645 -8.91308 12.7056 10.0653 -7.32188 10.5648 7.21141 -5.18134 8.8934 4.39945 -2.64909 7.7073 1.63772 0.0882382 6.92869 -1.11381 2.89196 6.38583 -3.90305 5.66695 5.88984 -6.76088 8.35879 5.29212 -9.67919 10.9368 4.51236 -12.635 13.3976 3.52356 -15.6047 15.7402 2.31358 -18.5637 17.928 0.851807 -21.5054 19.8852 -0.935576 -24.3933 21.4708 -3.13217 -27.145 22.508 -5.78382 -29.6127 22.8343 -8.82733 -31.6688 22.3714 -12.1466 -33.1889 21.1309 -15.5539 -34.0961 19.2092 -18.862 -34.3575 16.7685 -21.8961 -33.9775 13.9477 -24.5663 -32.9719 10.8924 -26.7764 -31.3806 7.73766 -28.4338 -29.2577 4.58153 -29.4484 -26.7339 1.57189 -29.7114 -23.9683 -1.17571 -29.1645 -21.1393 -3.55788 -27.8157 -18.389 -5.51294 -25.7402 -15.8374 -7.00091 -23.1002 -13.513 -8.04945 -20.0682 -11.3916 -8.71896 -16.7901 -9.42655 -9.07844 -13.3576 -7.5868 -9.18482 -9.83962 -5.84235 -9.07922 -6.27336 -4.1516 -8.78579 -2.69178 -2.44413 -8.32018 0.855426 -0.60623 -7.69976 4.31261 1.49213 -6.96233 7.59405 3.96336 -6.18208 10.5939 6.84543 -5.48119 13.1871 10.135 -5.00569 15.3025 13.745 -4.9203 16.8782 17.5299 -5.37609 17.8724 21.2651 -6.4698 18.2477 24.7442 -8.23397 17.978 27.7125 -10.601 17.0428 29.9399 -13.3977 15.4599 31.2789 -16.39 13.287 31.6769 -19.2836 10.6532 31.216 -21.8473 7.70636 30.0619 -23.9516 4.59053 28.397 -25.5985 1.40045 26.4004 -26.8711 -1.77045 24.1876 -27.9182 -4.87979 21.807 -28.8755 -7.89256 19.2361 -29.8156 -10.7687 16.425 -30.71 -13.4263 13.3105 -31.4398 -15.7784 9.87953 -31.8215 -17.7399 6.21629 -31.6585 -19.2549 2.49334 -30.8032 -20.3269 -1.07166 -29.2029 -21.0131 -0.162739 -0.196441 -0.223354 -0.241494 -0.431917 -0.402585 -0.371915 -0.340323 -0.326496 -0.262166 -0.208368 -0.162126 -0.0524321 1.884e-05 0.0484326 0.0902116 0.338432 0.388134 0.435279 0.481444 0.85387 0.880568 0.912206 0.947224 1.17895 1.17136 1.16685 1.16706 1.20258 1.15998 1.13971 1.14038 0.200323 0.0246495 -0.133562 -0.25746 -1.04103 -0.991091 -0.93572 -0.876722 -1.07868 -0.975315 -0.882112 -0.795669 -0.727511 -0.654958 -0.588964 -0.528771 -0.422911 -0.376778 -0.341856 -0.31457 -0.333752 -0.322838 -0.316271 -0.316551 -0.301389 -0.300292 -0.307247 -0.319605 -0.188152 -0.179554 -0.179253 -0.191003 -0.0905251 -0.133311 -0.179216 -0.226514 -0.27448 -0.331128 -0.386979 -0.444333 -0.492404 -0.546034 -0.601418 -0.664577 -0.4896 -0.519378 -0.546614 -0.573406 -0.0413434 0.0244264 0.0947801 0.161767 1.04521 0.970365 0.920507 0.88593 1.02511 0.928318 0.837969 0.755953 0.622226 0.533474 0.469513 0.431329 0.184497 0.141628 0.0977261 0.0525233 -0.0747197
-4.71613 -24.2462 -19.3437 -6.72265 -20.8479 -19.4248 -8.40072 -17.282 -19.1994 -9.78361 -13.6233 -18.6672 -10.9035 -9.9342 -17.8198 -11.7703 -6.28339 -16.6556 -12.3791 -2.69648 -15.1728 -12.703 0.790049 -13.391 -12.7162 4.14795 -11.3515 -12.4114 7.36516 -9.11061 -11.8083 10.4401 -6.73449 -10.9485 13.3878 -4.2775 -9.88215 16.2246 -1.77131 -8.64518 18.9687 0.796139 -7.27233 21.5801 3.43209 -5.77362 24.008 6.17275 -4.14379 26.1789 9.05073 -2.36355 28.0117 12.0875 -0.424199 29.411 15.2547 1.67938 30.2981 18.501 3.93614 30.6107 21.7505 6.31454 30.3063 24.9146 8.76026 29.3658 27.8969 11.2053 27.7984 30.6036 13.579 25.6442 32.9457 15.8111 22.984 34.8366 17.8639 19.9 36.2184 19.6974 16.4928 37.0331 21.2636 12.8676 37.2306 22.486 9.16588 36.7745 23.2891 5.4941 35.644 23.5853 2.01494 33.8516 23.325 -1.09176 31.4672 22.5337 -3.65525 28.6374 21.2943 -5.61024 25.4993 19.7165 -6.9454 22.1927 17.8914 -7.69432 18.8291 15.8448 -7.89094 15.4685 13.6041 -7.53659 12.2476 11.1704 -6.6293 9.2854 8.56706 -5.18995 6.70255 5.82729 -3.27933 4.56493 3.02409 -1.03144 2.88702 0.190508 1.41612 1.58059 -2.66488 3.95304 0.514137 -5.54215 6.51839 -0.440269 -8.42191 9.0875 -1.3769 -11.2789 11.6641 -2.36142 -14.0935 14.2465 -3.44765 -16.8592 16.7915 -4.69392 -19.6102 19.2196 -6.1823 -22.3777 21.391 -8.00041 -25.1611 23.127 -10.2179 -27.8781 24.2369 -12.8344 -30.4192 24.5904 -15.8138 -32.6154 24.1142 -19.0402 -34.2956 22.816 -22.3494 -35.3141 20.7915 -25.5267 -35.5963 18.1622 -28.3969 -35.1108 15.0979 -30.7644 -33.8873 11.8008 -32.4565 -31.9968 8.4656 -33.3507 -29.593 5.3482 -33.3687 -26.8574 2.64357 -32.533 -23.9779 0.479561 -30.9447 -21.0961 -1.11271 -28.7414 -18.3375 -2.16435 -26.0996 -15.748 -2.77933 -23.1651 -13.3258 -3.08029 -20.0447 -11.0364 -3.17703 -16.8009 -8.84437 -3.15111 -13.4893 -6.69989 -3.05834 -10.1479 -4.54267 -2.94031 -6.81549 -2.30486 -2.84044 -3.54483 0.0929298 -2.81492 -0.388098 2.71148 -2.93635 2.58568 5.57424 -3.28684 5.30535 8.63458 -3.9409 7.69888 11.838 -4.96514 9.75111 15.0863 -6.40826 11.4507 18.2715 -8.30272 12.7877 21.2603 -10.6433 13.7247 23.9612 -13.429 14.2085 26.2468 -16.6011 14.1525 27.9839 -20.0388 13.4795 29.061 -23.581 12.1522 29.3979 -26.9896 10.2191 28.996 -30.062 7.79677 27.921 -32.653 5.03998 26.2654 -34.7019 2.08669 24.1496 -36.1823 -0.912074 21.6766 -37.1235 -3.8548 18.9291 -37.5648 -6.66862 15.962 -37.5333 -9.30702 12.8426 -37.0347 -11.7125 9.63476 -36.06 -13.8398 6.41666 -34.5969 -15.6477 3.28368 -32.6471 -17.1055 0.331164 -30.2341 -18.2019 -2.35477 -27.4093 -18.9424 -0.218464 -0.266619 -0.306659 -0.339525 -0.547213 -0.537014 -0.525661 -0.511119 -0.50973 -0.451966 -0.399205 -0.349791 -0.2334 -0.169904 -0.104328 -0.0379126 0.242199 0.329107 0.415907 0.501516 0.91118 0.971635 1.03297 1.09379 1.34824 1.3613 1.37569 1.39141 1.43478 1.38601 1.33921 1.29048 0.282806 0.031781 -0.198175 -0.382128 -1.21114 -1.19211 -1.15463 -1.10158 -1.29873 -1.18528 -1.0794 -0.979269 -0.897409 -0.811756 -0.733401 -0.661097 -0.542602 -0.483153 -0.435102 -0.396973 -0.410107 -0.399434 -0.39903 -0.409401 -0.405976 -0.417358 -0.43843 -0.467877 -0.356368 -0.367732 -0.382903 -0.402289 -0.301379 -0.338528 -0.377884 -0.421243 -0.469475 -0.530517 -0.593965 -0.661131 -0.720221 -0.78446 -0.847252 -0.91066 -0.724393 -0.729383 -0.719534 -0.695829 -0.103536 0.0269906 0.160998 0.28487 1.21413 1.17166 1.14085 1.11456 1.25497 1.15554 1.06017 0.969767 0.820909 0.705309 0.598776 0.503066 0.191397 0.0877115 -0.0042343 -0.0822587 -0.174194
-3.12396 -22.9468 -19.9074 -5.2081 -19.5967 -19.783 -7.05354 -16.1347 -19.3467 -8.65172 -12.5992 -18.62 -9.99692 -9.02414 -17.6242 -11.0807 -5.45647 -16.3862 -11.907 -1.90597 -14.921 -12.4809 1.59865 -13.2405 -12.8101 5.02877 -11.3534 -12.9022 8.35973 -9.26494 -12.7635 11.5603 -6.98402 -12.4005 14.6017 -4.51759 -11.8194 17.4538 -1.87317 -11.014 20.1041 0.951663 -9.9835 22.5064 3.92141 -8.72532 24.63 7.01322 -7.23843 26.442 10.2004 -5.51879 27.9109 13.4616 -3.57636 28.9937 16.7488 -1.42227 29.6526 20.0162 0.925152 29.8519 23.21 3.43942 29.5595 26.2684 6.08167 28.7509 29.1189 8.8016 27.4133 31.6828 11.5361 25.5503 33.8766 14.1992 23.1973 35.6103 16.717 20.397 36.8158 18.9985 17.226 37.4275 20.9518 13.7882 37.3996 22.4817 10.2381 36.7205 23.534 6.69313 35.4049 24.0593 3.30262 33.4986 24.0337 0.212183 31.0792 23.4671 -2.43202 28.2697 22.392 -4.54742 25.1754 20.8622 -6.06062 21.9234 18.9488 -6.93112 18.639 16.7093 -7.14912 15.4051 14.2492 -6.72209 12.3578 11.6538 -5.69235 9.57844 8.98057 -4.14063 7.13572 6.2281 -2.17051 5.06947 3.46406 0.0993516 3.35638 0.714249 2.5768 1.93238 -2.01541 5.18641 0.721663 -4.73634 7.86982 -0.358558 -7.46018 10.5693 -1.39037 -10.205 13.2333 -2.45809 -12.9863 15.8073 -3.64537 -15.8054 18.2201 -5.02749 -18.6743 20.3973 -6.67337 -21.5767 22.2404 -8.63759 -24.4688 23.6359 -10.9545 -27.2535 24.4565 -13.6062 -29.8399 24.5966 -16.5644 -32.0854 23.9637 -19.7294 -33.8313 22.5171 -22.9416 -34.9227 20.3115 -25.9707 -35.2682 17.4618 -28.6147 -34.8275 14.1702 -30.6644 -33.6386 10.6882 -31.9656 -31.7923 7.24463 -32.4451 -29.4549 4.09599 -32.099 -26.8001 1.40156 -31.0085 -23.9866 -0.755326 -29.2969 -21.1221 -2.36746 -27.0855 -18.3112 -3.45529 -24.5144 -15.6025 -4.08724 -21.6933 -13.0127 -4.34861 -18.7067 -10.5293 -4.33062 -15.6076 -8.13386 -4.1239 -12.4465 -5.7832 -3.81346 -9.26052 -3.42914 -3.48271 -6.07905 -1.0273 -3.2152 -2.93662 1.4717 -3.09404 0.13836 4.10476 -3.20481 3.09976 6.89424 -3.63365 5.88365 9.82137 -4.4568 8.38904 12.8512 -5.74705 10.5519 15.8688 -7.55736 12.3238 18.7829 -9.86369 13.632 21.4752 -12.5913 14.407 23.8674 -15.6776 14.6114 25.8607 -19.0183 14.2175 27.3669 -22.4874 13.2244 28.3204 -25.9636 11.6508 28.6658 -29.278 9.56166 28.389 -32.2879 7.04521 27.5077 -34.8681 4.21053 26.0587 -36.9298 1.15925 24.1179 -38.3865 -1.96679 21.7745 -39.2027 -5.04958 19.1263 -39.3744 -7.98529 16.2618 -38.9218 -10.6974 13.2833 -37.8869 -13.1106 10.275 -36.327 -15.18 7.30881 -34.307 -16.879 4.44585 -31.8961 -18.1956 1.73055 -29.1587 -19.1319 -0.801472 -26.1568 -19.6973 5.24143 5.20745 5.18262 5.16469 4.97071 4.9929 5.01461 5.0384 5.04866 5.11564 5.17839 5.23864 5.36632 5.4409 5.51633 5.59003 5.87332 5.95788 6.03564 6.1046 6.48925 6.51561 6.53313 6.54008 6.73098 6.67196 6.60736 6.5391 6.49523 6.35678 6.21806 6.07595 4.97506 4.6325 4.31359 4.04371 3.1309 3.06689 3.02055 2.98756 2.70312 2.73037 2.75279 2.77376 2.78207 2.80062 2.81853 2.83657 2.90613 2.92111 2.92868 2.9307 2.88685 2.87292 2.85455 2.82992 2.82184 2.80048 2.77112 2.73673 2.84911 2.84688 2.85062 2.86032 3 3.01006 3.02465 3.04049 3.05561 3.06116 3.06677 3.07059 3.08425 3.09519 3.11165 3.1335 3.41189 3.50527 3.61825 3.74732 4.44341 4.67378 4.90284 5.11655 6.13077 6.16875 6.21411 6.26001 6.46883 6.43362 6.39735 6.36007 6.25773 6.1817 6.10798 6.03925 5.75007 5.66574 5.59085 5.5276 -0.0125446
