# num_vectors 8
# vector_size 401
# Iterations: 200, stepsize: 0.029174, max step size: 1.000000, spring constant: 0.000010, global NEB Hessian: false, global NEB Linesearch: true, climbing image: false
2.85159 -19.8826 -21.0564 -0.962523 -20.867 -20.8002 -4.84803 -21.3654 -20.3142 -8.7355 -21.3236 -19.6303 -12.5401 -20.6967 -18.7856 -16.1461 -19.4605 -17.8347 -19.4607 -17.6058 -16.8301 -22.3631 -15.1542 -15.8298 -24.7326 -12.1617 -14.8993 -26.4593 -8.71855 -14.1068 -27.4538 -4.95948 -13.5193 -27.7061 -1.04974 -13.1799 -27.2374 2.8534 -13.0755 -26.0819 6.63593 -13.1704 -24.3064 10.1626 -13.4209 -21.9901 13.3497 -13.7797 -19.2169 16.14 -14.1992 -16.059 18.505 -14.6287 -12.6037 20.4188 -15.0155 -8.92523 21.8778 -15.3154 -5.09091 22.8877 -15.4863 -1.16277 23.4621 -15.4812 2.79773 23.6212 -15.2557 6.73112 23.3852 -14.7732 10.5771 22.7778 -13.9977 14.256 21.8344 -12.8981 17.715 20.5888 -11.4422 20.8784 19.08 -9.61192 23.6652 17.3568 -7.39831 25.974 15.4945 -4.82837 27.7423 13.5494 -1.91347 28.8906 11.6031 1.29542 29.3598 9.75872 4.72837 29.0991 8.11698 8.25546 28.1041 6.74749 11.7686 26.4089 5.75475 15.1367 24.1158 5.19782 18.2415 21.2987 5.05971 20.9917 18.0888 5.2962 23.264 14.6009 5.86263 25.0055 10.9374 6.69854 26.1897 7.16155 7.73907 26.8107 3.37201 8.90681 26.8707 -0.367642 10.1373 26.3946 -4.00857 11.366 25.4139 -7.51647 12.5313 23.9625 -10.8552 13.5718 22.0806 -13.9982 14.4301 19.81 -16.922 15.0502 17.1951 -19.596 15.3779 14.2931 -22.005 15.3646 11.1504 -24.1234 14.9622 7.82942 -25.9233 14.1289 4.40223 -27.3669 12.8422 0.978747 -28.4402 11.0785 -2.36752 -29.1178 8.83718 -5.52617 -29.3816 6.14092 -8.37585 -29.2275 3.06536 -10.7734 -28.6673 -0.326807 -12.6202 -27.7293 -3.92424 -13.8076 -26.4678 -7.5904 -14.2537 -24.9535 -11.2113 -13.9481 -23.2497 -14.6134 -12.9382 -21.4013 -17.6807 -11.3034 -19.4488 -20.3273 -9.13995 -17.4096 -22.5075 -6.53538 -15.3194 -24.1698 -3.60922 -13.1963 -25.3029 -0.462265 -11.0492 -25.91 2.81131 -8.87503 -26.0052 6.13345 -6.67638 -25.6083 9.41686 -4.44715 -24.7463 12.5887 -2.17939 -23.4498 15.5801 0.131421 -21.7564 18.3201 2.49677 -19.7022 20.7492 4.92051 -17.3306 22.8026 7.39924 -14.691 24.4159 9.91097 -11.863 25.5191 12.4563 -8.90575 26.0648 15.006 -5.90276 26.0017 17.5152 -2.94944 25.292 19.9205 -0.183486 23.9304 22.1879 2.29214 21.9258 24.2436 4.35925 19.3198 26.0078 5.91133 16.1946 27.4382 6.84122 12.6507 28.5037 7.10294 8.87385 29.1576 6.7304 5.01337 29.3733 5.78718 1.20122 29.145 4.33884 -2.47459 28.4802 2.47889 -5.90375 27.3941 0.302994 -9.0258 25.9109 -2.09696 -11.8009 24.0505 -4.64194 -14.215 21.8439 -7.24036 -16.2509 19.318 -9.81516 -17.9111 16.4995 -12.2951 -19.204 13.4156 -14.6076 -20.1446 10.0913 -16.686 -20.7538 6.55761 -18.4657 -21.0508 -1.74023 -1.68748 -1.65422 -1.61255 -1.74133 -1.69353 -1.68129 -1.68475 -1.71601 -1.71014 -1.72254 -1.74978 -1.72199 -1.74578 -1.7738 -1.829 -1.7026 -1.75339 -1.79726 -1.87302 -1.65739 -1.7422 -1.78664 -1.83395 -1.69729 -1.7608 -1.78777 -1.79889 -1.76832 -1.78976 -1.73217 -1.5198 -2.06866 -1.85922 -1.66185 -1.44252 -1.91089 -1.71896 -1.63901 -1.57748 -1.76716 -1.69737 -1.67612 -1.67119 -1.68027 -1.68151 -1.68742 -1.69912 -1.66325 -1.67144 -1.67227 -1.66267 -1.68591 -1.67768 -1.67586 -1.68174 -1.67485 -1.68207 -1.70482 -1.75465 -1.68572 -1.72837 -1.76219 -1.80277 -1.72677 -1.76186 -1.77315 -1.77414 -1.7708 -1.77183 -1.76987 -1.7707 -1.76571 -1.76885 -1.78469 -1.83908 -1.69115 -1.73505 -1.7823 -1.90867 -1.58523 -1.72268 -1.85058 -2.03935 -1.45306 -1.66746 -1.73787 -1.76702 -1.62357 -1.67557 -1.68567 -1.66968 -1.69732 -1.69058 -1.66957 -1.61335 -1.74582 -1.69701 -1.66074 -1.60823 -0.0462369
1.731 -20.5588 -21.5126 -2.1523 -20.9912 -20.9812 -6.03241 -21.178 -20.3031 -9.909 -21.6098 -19.7237 -13.7918 -21.6571 -19.0376 -16.9372 -19.593 -17.92 -19.8457 -17.2235 -16.7666 -22.9602 -15.1286 -15.6196 -25.7794 -12.6415 -14.4932 -26.3738 -8.82426 -13.7805 -26.4976 -4.9419 -13.1926 -26.9495 -1.09901 -12.5132 -27.0359 2.78648 -11.9404 -25.0326 6.18904 -12.1099 -22.7246 9.38237 -12.4191 -20.6223 12.72 -12.6659 -18.2943 15.9026 -12.932 -14.8183 17.7636 -13.3459 -11.2207 19.3706 -13.7852 -7.70928 21.1522 -14.2472 -4.0942 22.7356 -14.6237 -0.13662 22.9223 -14.4487 3.82072 22.8838 -14.1913 7.78181 23.0066 -14.0399 11.7321 22.9345 -13.696 15.175 21.6769 -12.2241 18.4799 20.2502 -10.598 21.9132 18.9504 -9.14009 25.1511 17.4956 -7.40793 26.7051 15.4673 -4.43402 27.925 13.4048 -1.33057 29.4472 11.3468 1.63951 30.5302 9.31397 4.81238 29.1256 7.91636 8.16604 27.2977 6.70932 11.3874 25.7688 5.34114 14.6987 23.8977 4.19219 17.9162 20.5337 4.44042 19.9435 17.0286 4.94434 21.6607 13.6207 5.29732 23.5972 10.1009 5.77788 25.2909 6.3237 6.97142 25.2559 2.5895 8.25336 24.9303 -1.1669 9.50602 24.8125 -4.91238 10.7457 24.4551 -8.24764 11.819 22.5946 -11.4683 12.8554 20.5231 -14.762 13.9644 18.6102 -17.9815 14.9232 16.5 -20.3939 14.8937 13.3654 -22.6391 14.7156 10.1136 -25.0109 14.708 6.94795 -27.2221 14.4118 3.68161 -28.1414 12.5285 0.359626 -28.8168 10.4286 -2.89033 -29.6894 8.5502 -6.2278 -30.2992 6.32656 -9.4075 -29.3875 2.8972 -11.0222 -28.2187 -0.607532 -12.2676 -27.2257 -4.04631 -13.8133 -26.0403 -7.57804 -14.9623 -24.0767 -10.7705 -13.7721 -22.0533 -13.7447 -12.1829 -20.0769 -16.8741 -10.8542 -18.0366 -19.834 -9.26019 -15.9047 -21.3445 -6.28781 -13.8167 -22.5671 -3.1561 -11.7274 -23.9947 -0.113267 -9.59482 -25.1879 2.99964 -7.42792 -24.7829 6.29809 -5.29622 -24.1279 9.5793 -3.17655 -23.6556 12.8995 -0.990117 -22.9597 16.1359 1.36882 -20.9144 18.5719 3.7151 -18.6825 20.8514 6.03381 -16.5923 23.288 8.43399 -14.3242 25.4735 10.9515 -11.3268 25.8835 13.4292 -8.27072 25.9931 15.9072 -5.23852 26.3882 18.4176 -2.20766 26.3529 20.4473 0.205365 24.0475 22.2933 2.42343 21.4149 24.2701 4.82443 19.0515 26.0978 6.95059 16.332 26.7722 7.06732 12.4632 27.2089 6.77015 8.56975 27.8224 6.74532 4.68898 28.2235 6.44416 0.792201 27.3625 4.52296 -2.55376 26.3163 2.3671 -5.69799 25.4195 0.343735 -8.9737 24.3231 -1.78547 -12.1189 22.1203 -4.41703 -14.1077 19.7821 -7.09239 -15.8708 17.5652 -9.77119 -17.7794 15.1673 -12.3973 -19.5362 11.8686 -14.5076 -20.1479 8.47627 -16.5148 -20.564 5.17717 -18.6427 -21.1098 -0.0192197 0.00689557 0.0143825 0.0618425 -0.0577655 -0.0145746 0.0215804 0.0500585 -0.0484076 -0.0190631 0.0310332 0.0553715 -0.0325579 -0.0227847 0.0264118 0.0229559 -0.00601432 -0.0145645 0.00937752 -0.0398284 0.0660979 0.016286 -0.00337725 -0.0601552 0.0847995 0.0298459 -0.033901 -0.0993889 0.0941208 0.0530259 -0.0446806 0.000771712 -0.0151722 0.0561758 -0.0715826 0.0596198 -0.0637105 0.0132319 0.0298996 0.103214 -0.0837032 -0.0184956 0.0203331 0.0419274 -0.0223363 -0.0088546 0.00913527 0.00814657 0.000770582 0.00302751 0.0115871 0.0189642 -0.00515773 0.00279412 -0.00252317 -0.00926127 0.0274392 0.0155627 -0.00322559 -0.0312539 0.0369326 0.00509283 -0.00199557 -0.0210925 0.0248842 0.00374007 0.00673875 0.00840669 -0.00120294 0.00193224 0.00683068 0.00800899 0.00222479 0.000582871 0.00581324 -0.0161339 0.0257374 -0.00572996 0.0627279 0.0601581 -0.034915 -0.0732197 0.0163019 -0.140576 0.145534 0.0201757 -0.00564471 -0.0594881 0.0690933 0.0264248 -0.012035 -0.0366048 0.0349121 0.0247962 -0.0199296 -0.0166933 0.0146935 0.0221284 -0.0114176 0.0201093 -0.00620315
2.95903 -24.8533 -18.2396 -0.967588 -25.1479 -18.029 -4.90405 -25.0736 -17.8072 -8.83823 -25.3137 -17.6842 -12.7604 -25.1257 -17.3231 -15.5849 -22.7917 -15.9167 -18.0465 -20.1616 -14.3588 -20.7428 -17.7823 -12.786 -23.2087 -15.0616 -11.4003 -23.843 -11.1874 -11.2541 -24.1112 -7.27009 -11.385 -24.6795 -3.38407 -11.4863 -24.8517 0.539314 -11.3838 -22.8397 3.79539 -10.399 -20.5022 6.77606 -9.27085 -18.3854 9.89501 -8.08231 -16.0319 12.9422 -7.19024 -12.706 14.9448 -7.99444 -9.32702 16.6967 -9.10469 -6.04583 18.627 -10.2126 -2.56949 20.3547 -11.0178 1.28814 20.606 -10.1323 5.07658 20.5998 -8.95877 8.89353 20.8276 -7.90599 12.71 20.7172 -6.83327 15.8842 18.6544 -5.70542 18.8668 16.3065 -4.61251 22.0006 14.1272 -3.59638 24.9465 11.8075 -2.35448 26.3226 8.97355 -0.0202652 27.4276 6.13096 2.44403 28.8796 3.33871 4.78274 29.7218 0.444384 7.2899 27.5895 -1.86102 9.59466 24.9601 -3.87408 11.6464 22.6787 -6.18417 13.7991 20.0076 -8.03136 15.9501 16.411 -7.16428 17.2916 12.8912 -5.75651 18.3497 9.31712 -4.65811 19.5781 5.78259 -3.31178 20.6658 2.94597 -0.546392 20.6852 0.303342 2.40065 20.5234 -2.39708 5.29927 20.5027 -5.15046 8.14073 20.3042 -8.00113 10.5414 18.9445 -10.8327 12.8674 17.4244 -13.6206 15.3357 16.0554 -16.531 17.5109 14.463 -19.526 17.6839 11.8849 -22.4497 17.4955 9.22698 -25.5126 17.5511 6.72426 -28.288 17.3434 3.91348 -28.9098 15.7688 0.369254 -29.0652 14.0151 -3.14208 -29.4631 12.4748 -6.73346 -29.7104 10.5708 -10.1601 -28.9513 7.21365 -11.9911 -28.049 3.70842 -13.4403 -27.3711 0.243487 -15.0944 -26.2677 -3.17467 -16.6104 -23.2233 -5.63364 -16.9989 -19.9243 -7.7663 -17.1874 -16.6949 -9.95874 -17.6686 -13.5525 -12.3223 -17.6035 -11.6748 -14.6189 -14.984 -10.1985 -16.7566 -11.9982 -8.56498 -19.061 -9.22616 -6.92144 -21.1097 -6.26567 -5.62802 -21.3688 -2.52402 -4.43963 -21.3231 1.26098 -3.24763 -21.4947 5.04122 -1.95795 -21.4196 8.79235 -0.280781 -19.7835 11.9849 1.42019 -17.9239 15.0397 3.04357 -16.233 18.2316 4.83762 -14.3388 21.2109 7.31047 -11.5509 22.4768 9.83101 -8.68299 23.4324 12.2727 -5.87562 24.7161 14.8541 -3.00484 25.4808 17.2325 -0.630014 23.4907 19.3964 1.53722 21.0658 21.6348 3.98912 19.0074 23.8933 5.92102 16.4728 25.3629 4.80802 13.0033 26.5496 3.04268 9.69943 28.0176 1.48733 6.40315 29.0672 0.0517227 2.8995 27.6801 -0.669642 -0.731608 25.8823 -1.18097 -4.21552 24.2887 -1.59538 -7.80987 22.5951 -2.47087 -11.2732 20.6926 -5.37531 -13.1911 18.8602 -8.54395 -14.7198 17.0826 -11.6257 -16.474 15.0909 -14.6708 -18.0534 12.118 -17.2859 -18.235 9.05729 -19.8037 -18.1744 6.13073 -22.4764 -18.2234 -0.0309903 -0.00764687 -0.00246676 0.031245 -0.0524226 -0.024494 -0.00313143 0.0219909 -0.0941952 -0.0581889 0.00409853 0.0300296 -0.037263 -0.0139774 0.0304148 0.0362963 0.066613 0.0447508 0.0703867 0.0148438 0.147211 0.118488 0.120694 0.0877734 0.187715 0.133779 0.0785648 0.00998124 0.115462 0.0494169 -0.0629116 -0.0162765 -0.132223 -0.101971 -0.267401 -0.206215 -0.241522 -0.147486 -0.156001 -0.0741592 -0.122032 -0.0488807 -0.0107229 0.0260969 0.0343432 0.0401492 0.0306057 0.0115759 0.0321312 0.010473 0.00840365 0.00260034 -0.0870094 -0.0661584 -0.0674866 -0.0705778 0.0074144 0.00778958 0.00939515 -0.0135004 0.119337 0.124928 0.121129 0.127595 0.154871 0.0983068 0.0892098 0.0741688 -0.00537758 -0.0166478 -0.0169385 -0.0277002 -0.0767237 -0.0830319 -0.0741837 -0.0965052 -0.0809681 -0.104758 -0.0168585 -0.00222618 -0.102573 -0.118525 0.0137485 -0.141464 0.228272 0.109662 0.0852961 0.0459654 0.0737756 0.0238034 -0.0104675 -0.0494534 -0.00473498 -0.00154196 -0.0486475 -0.0491196 0.0611002 0.0632757 0.0311238 0.0793934 -0.0373883
1.23871 -29.874 -21.3698 -2.50913 -28.7163 -21.7734 -6.08121 -27.0935 -22.1709 -9.74919 -25.7822 -22.7856 -13.3413 -24.1569 -22.8533 -15.2801 -21.6593 -20.5283 -16.6954 -19.1852 -17.8299 -18.3936 -16.7808 -15.2338 -19.9059 -14.1564 -12.7379 -19.9895 -10.6443 -10.9796 -19.834 -7.05371 -9.39293 -19.8588 -3.49121 -7.73707 -19.6623 0.0666609 -6.0828 -18.0552 3.36634 -4.61653 -16.2531 6.57578 -3.17675 -14.6448 9.82039 -1.5933 -12.7443 13.0555 -0.351324 -9.69502 15.465 -1.13547 -6.5776 17.6108 -2.31772 -3.60675 19.9246 -3.55912 -0.345761 22.0697 -4.25395 3.07265 22.6846 -2.33964 6.25018 22.9467 0.0193885 9.50171 23.4972 2.22266 12.8222 23.6781 4.38371 15.7841 21.6879 6.07726 18.5946 19.3872 7.63007 21.5625 17.3366 9.23933 24.2897 14.9771 10.8507 25.1143 11.3664 12.1376 25.5813 7.66038 13.3298 26.4006 4.0372 14.5851 26.7082 0.312995 15.7719 24.4106 -2.81987 16.0555 21.7786 -5.69199 16.0834 19.6046 -8.92289 16.1982 16.6521 -11.459 16.353 12.9048 -10.2587 16.419 9.60524 -8.11273 16.4311 6.06315 -6.3972 16.4747 2.61008 -4.50878 16.4967 0.212417 -1.36072 16.3066 -1.9632 1.94273 16.0844 -4.19312 5.2134 15.925 -6.51757 8.40889 15.6409 -9.26362 11.0606 14.561 -12.0431 13.6311 13.3752 -14.7158 16.3595 12.3019 -17.6123 18.7665 11.0552 -21.0461 18.9368 9.09887 -24.4599 18.6918 7.11539 -27.9995 18.7325 5.34959 -31.2247 18.4652 3.07526 -31.8815 16.8282 -0.434121 -31.897 15.0122 -3.91709 -32.2981 13.3358 -7.44668 -32.3682 11.476 -10.9055 -30.4947 9.01443 -13.2783 -28.326 6.53577 -15.3649 -26.337 4.07261 -17.6402 -24.1895 1.58253 -19.7349 -21.1474 -0.797793 -20.4737 -17.9949 -3.08508 -21.0189 -14.8557 -5.28159 -21.9068 -11.8279 -7.7824 -22.1143 -10.4745 -10.4009 -19.4735 -9.69807 -12.7798 -16.4072 -8.75507 -15.3482 -13.5474 -7.64989 -17.6997 -10.562 -5.97703 -18.4102 -7.03539 -4.24638 -18.84 -3.49125 -2.55086 -19.4665 0.0405019 -0.824577 -19.8799 3.58863 0.975965 -18.8482 6.96154 2.75294 -17.6047 10.275 4.45877 -16.5221 13.6811 6.36161 -15.2491 16.9124 9.11403 -13.0233 18.633 11.9414 -10.7093 20.097 14.6611 -8.56729 21.9701 17.5367 -6.11283 23.0635 19.4365 -3.6533 20.6974 20.7633 -1.44597 17.7599 22.2299 1.18183 15.2687 23.9121 3.00318 12.2504 25.3281 0.922013 9.23365 26.5006 -1.94921 6.82022 28.0022 -4.58612 4.32326 28.9293 -7.03392 1.39274 27.047 -7.96733 -1.95626 24.6608 -8.40896 -5.07784 22.4382 -8.85039 -8.31791 20.2978 -9.78805 -11.507 18.9038 -12.8647 -13.587 17.7488 -16.2212 -15.3578 16.6736 -19.5113 -17.2956 15.16 -22.6863 -19.1294 11.7941 -24.6582 -19.8311 8.23725 -26.3505 -20.2741 4.84898 -28.3344 -20.8173 -0.111785 -0.126502 -0.166871 -0.177182 -0.203757 -0.153771 -0.124492 -0.0707769 -0.0544208 -0.0052457 0.0352012 0.0580135 0.0692811 0.0647634 0.0731397 0.060712 0.0734198 0.0526719 0.0873503 0.0339857 0.236458 0.234182 0.254367 0.251769 0.398468 0.348115 0.292 0.221658 0.289106 0.17698 0.0515443 0.08797 -0.279058 -0.261045 -0.375573 -0.310011 -0.369429 -0.231565 -0.235177 -0.147307 -0.199582 -0.106025 -0.0509598 -0.00302248 0.0153871 0.0174592 -0.00121167 -0.0295043 -0.0312136 -0.0685522 -0.0748651 -0.0933007 -0.214768 -0.16578 -0.120237 -0.102448 -0.00808387 0.0427824 0.0626107 0.0642106 0.233392 0.198759 0.169653 0.157506 0.120206 0.0525931 0.0495048 0.0304067 -0.0215926 -0.0299819 -0.0337191 -0.0424695 -0.0649558 -0.0622875 -0.0486314 -0.06496 -0.0127266 -0.036471 0.0560137 0.0858438 -0.0598753 -0.163291 -0.0112229 -0.204757 0.147051 0.0562998 0.0457801 0.0326392 0.108669 0.0669127 0.0488403 0.0316409 0.0369513 0.0352995 -0.0182316 -0.0197567 0.0769017 0.0531448 0.00248603 0.0183475 -0.101245
-2.2852 -28.3472 -20.5734 -5.4813 -26.0385 -20.6393 -8.36125 -23.3449 -20.6761 -11.4102 -20.8506 -20.8587 -14.3494 -18.2271 -20.6923 -16.0494 -15.2814 -18.7335 -17.4722 -12.3859 -16.4982 -19.0951 -9.53364 -14.3453 -20.4713 -6.50969 -12.2558 -20.2309 -2.92466 -10.6674 -19.7143 0.68688 -9.21008 -19.3616 4.30718 -7.72591 -18.847 7.88125 -6.17843 -17.2782 11.0233 -4.36554 -15.5678 14.0673 -2.5138 -14.024 17.1761 -0.623611 -12.1858 20.206 1.12587 -8.91459 22.315 1.88086 -5.47909 24.2204 2.41578 -2.16274 26.3374 2.90524 1.2895 28.1059 3.72528 4.55114 27.656 5.93609 7.59598 26.8055 8.33093 10.7174 26.2335 10.7098 13.8663 25.3462 12.9515 16.5532 22.712 14.1533 19.0857 19.8447 15.1371 21.734 17.1202 16.2173 24.2512 14.2654 17.2739 25.7114 10.7041 18.0218 27.0382 7.08165 18.723 28.7055 3.61736 19.494 29.6483 -0.135821 20.1239 27.3498 -3.25502 19.7232 24.5479 -5.88083 19.0661 22.1985 -8.95181 18.5895 19.2224 -11.3728 17.9153 15.6673 -10.1544 16.7474 12.529 -8.08246 15.5854 9.18755 -6.39243 14.3731 5.88089 -4.56761 13.2658 3.22631 -1.66305 12.8055 0.721638 1.38634 12.4548 -1.81692 4.40793 12.1076 -4.42625 7.35095 11.6337 -7.33406 9.77324 10.444 -10.2715 12.1074 9.15501 -13.1753 14.5294 7.95486 -16.1358 16.8078 6.61997 -19.2476 18.0302 4.50586 -22.3617 19.0886 2.30831 -25.529 20.3431 0.297814 -28.5434 21.2497 -2.09752 -29.9627 20.193 -5.60411 -30.9717 18.8016 -9.13607 -32.245 17.6902 -12.6818 -33.2526 16.1974 -16.1723 -32.5655 13.1555 -18.5118 -31.5848 9.95604 -20.5124 -30.8597 6.84238 -22.7439 -29.7794 3.66663 -24.7305 -27.0327 0.861846 -24.962 -24.0761 -1.7299 -24.8737 -21.2073 -4.4089 -25.1175 -18.3315 -7.07579 -24.8312 -16.1372 -8.83419 -22.0464 -14.2167 -10.2976 -18.9107 -12.185 -11.948 -15.9423 -10.1537 -13.4178 -12.8803 -8.37488 -13.5868 -9.33812 -6.66001 -13.545 -5.76079 -4.92262 -13.627 -2.19505 -3.17851 -13.5951 1.36819 -1.4568 -12.7606 4.83543 0.238207 -11.8042 8.28431 1.83662 -10.9142 11.7965 3.70137 -9.97385 15.1612 6.86003 -8.86326 17.23 10.1555 -7.75242 19.0732 13.2338 -6.63781 21.2582 16.6915 -5.54471 22.7873 20.1445 -5.02836 21.0359 23.227 -4.67428 18.6625 26.5358 -3.98188 16.7046 29.6368 -3.97517 14.3297 30.3743 -6.69609 11.5931 30.4356 -9.81424 9.20262 30.9273 -12.884 6.79944 31.0233 -15.6902 4.0509 29.0352 -16.5729 0.749756 26.726 -16.9649 -2.43539 24.5446 -17.4603 -5.69536 22.3527 -18.1904 -8.90359 20.0955 -20.1327 -11.5242 17.88 -22.2576 -14.0365 15.813 -24.3736 -16.6794 13.3378 -26.3163 -19.0946 9.47672 -26.9882 -19.6865 5.54011 -27.41 -19.878 1.65751 -28.1239 -20.2344 -0.0999693 -0.125594 -0.161434 -0.175454 -0.270884 -0.22098 -0.186387 -0.142423 -0.139354 -0.0954177 -0.0597346 -0.0405358 -0.00758314 0.0119665 0.0445951 0.0526993 0.127166 0.132647 0.176408 0.151772 0.330984 0.326113 0.349707 0.34725 0.490604 0.438031 0.396781 0.347968 0.364442 0.254013 0.131112 0.155454 -0.190485 -0.200974 -0.337163 -0.303677 -0.491422 -0.369686 -0.340255 -0.252904 -0.353109 -0.242205 -0.172193 -0.114873 -0.085205 -0.0590355 -0.0477863 -0.0485666 -0.0144317 -0.0235084 -0.024625 -0.0268061 -0.0733527 -0.0629385 -0.0698439 -0.080455 -0.0309286 -0.0237728 -0.0278146 -0.0499152 0.0818412 0.0680599 0.054139 0.0458547 0.0886141 0.0337935 0.0102825 -0.0149012 -0.0706402 -0.102871 -0.132862 -0.166461 -0.199665 -0.210038 -0.209557 -0.233827 -0.13679 -0.128967 -0.0372304 -0.0205223 0.0617464 0.0488663 0.162174 0.0523685 0.402705 0.286124 0.260614 0.232178 0.31178 0.236794 0.19219 0.157233 0.116874 0.078954 0.0058084 -0.0251339 -0.000338377 -0.00891961 -0.045604 -0.0306947 -0.161349
-4.71122 -27.3155 -20.9848 -6.92246 -24.0509 -20.9337 -8.76604 -20.5686 -20.7741 -10.7679 -17.1711 -20.7569 -12.7291 -13.7622 -20.4687 -14.0941 -10.5574 -18.6604 -15.3468 -7.44647 -16.6214 -16.7473 -4.32619 -14.6961 -17.8514 -1.13555 -12.695 -17.2031 2.01748 -10.443 -16.2485 5.09173 -8.191 -15.4309 8.1909 -5.9194 -14.5355 11.305 -3.69806 -13.0553 14.4352 -1.79273 -11.4951 17.5666 0.0459166 -10.0369 20.7581 1.86483 -8.3798 23.7798 3.79954 -5.7522 25.5278 6.19917 -3.01374 27.0375 8.63639 -0.368773 28.7677 11.03 2.4111 30.145 13.4984 5.39182 29.2992 15.9739 8.29916 28.0826 18.3815 11.2422 27.1276 20.8625 14.1676 25.8593 23.2208 16.4794 22.9336 24.5239 18.6182 19.7961 25.6122 20.8682 16.7939 26.8479 23.0091 13.6531 27.9225 24.2253 9.92631 27.8453 25.3116 6.16658 27.6021 26.6985 2.49892 27.5912 27.4531 -1.32408 27.1585 25.4471 -3.88437 25.0151 23.0435 -5.83485 22.6499 20.8978 -8.20093 20.4196 18.4867 -10.1436 18.056 15.6182 -9.24777 15.5148 12.8947 -7.83075 13.0522 10.1517 -6.71765 10.4585 7.29685 -5.35202 8.11887 4.48941 -2.62653 7.49891 1.80567 0.274001 7.21678 -0.911257 3.1331 6.84443 -3.67714 5.92788 6.36114 -6.65251 8.34734 5.34549 -9.65388 10.7017 4.25603 -12.6455 13.0987 3.23474 -15.637 15.4465 2.10495 -18.5598 17.3985 0.290077 -21.4624 19.3069 -1.60202 -24.3717 21.3777 -3.3035 -27.2663 23.0643 -5.4066 -29.215 22.4356 -8.75834 -30.8555 21.3698 -12.1645 -32.7368 20.6389 -15.5342 -34.3113 19.4893 -18.944 -33.8933 16.6204 -21.5504 -33.0943 13.5699 -23.8431 -32.594 10.6471 -26.3744 -31.719 7.5814 -28.6182 -29.1329 4.62573 -28.8194 -26.3362 1.86797 -28.6204 -23.655 -1.00479 -28.7771 -20.8932 -3.78224 -28.4268 -18.4286 -5.23256 -25.6911 -16.1682 -6.31534 -22.6282 -13.811 -7.59492 -19.718 -11.4859 -8.74009 -16.7273 -9.54005 -8.85964 -13.272 -7.67174 -8.81446 -9.77241 -5.77372 -8.85976 -6.28887 -3.87526 -8.82841 -2.80541 -2.02221 -8.24768 0.645869 -0.199212 -7.57879 4.09722 1.51241 -6.93546 7.60997 3.53788 -6.31181 10.9552 6.95733 -5.92015 12.8643 10.5292 -5.56436 14.4788 13.9661 -5.03482 16.3224 17.5851 -4.91158 17.8642 20.9747 -6.82274 17.5256 24.1147 -9.05048 16.8648 27.4677 -11.0294 16.5474 30.5183 -13.3134 15.6907 30.8102 -16.1867 13.0271 30.4181 -18.9602 10.2716 30.4131 -21.8588 7.61889 30.1223 -24.5567 4.77745 28.1105 -25.6884 1.56802 25.8467 -26.4802 -1.5749 23.7112 -27.3964 -4.77323 21.496 -28.3405 -7.90859 18.6959 -29.303 -10.5482 15.8349 -30.2861 -13.1137 13.1117 -31.3839 -15.7808 10.1081 -32.1607 -18.2522 6.38348 -31.1322 -19.1348 2.68249 -29.8171 -19.668 -1.07487 -28.7669 -20.3682 -0.135018 -0.181046 -0.222283 -0.239761 -0.375802 -0.318658 -0.27894 -0.238581 -0.218123 -0.177391 -0.152682 -0.138197 -0.0738891 -0.0448148 -0.00295549 0.0135754 0.159987 0.199044 0.25796 0.271158 0.517225 0.514008 0.539899 0.545377 0.720924 0.687875 0.669572 0.647849 0.658133 0.528476 0.402512 0.407232 -0.110576 -0.191424 -0.333482 -0.362826 -0.829071 -0.686001 -0.595484 -0.490493 -0.584639 -0.4455 -0.34947 -0.268281 -0.215475 -0.163128 -0.124932 -0.101793 -0.047339 -0.0436361 -0.04297 -0.0402551 -0.0639017 -0.0628813 -0.0753117 -0.0922731 -0.0594253 -0.0523518 -0.0609102 -0.0853739 0.0382755 0.0181923 0.000250755 -0.0161557 0.035191 -0.0229446 -0.0595547 -0.0961512 -0.155696 -0.209353 -0.26409 -0.321482 -0.370264 -0.400906 -0.420955 -0.457884 -0.333352 -0.294632 -0.197427 -0.173375 0.166331 0.228528 0.327287 0.306329 0.781793 0.618472 0.548825 0.482759 0.5478 0.44528 0.375786 0.321012 0.243716 0.172791 0.0880895 0.0439753 -0.0646568 -0.0762559 -0.103582 -0.115412 -0.251906
-4.99108 -24.3805 -19.3776 -6.57895 -20.7795 -19.1321 -7.93756 -17.1004 -18.7211 -9.41474 -13.4554 -18.4357 -10.7948 -9.79147 -17.9658 -11.4302 -6.22784 -16.4491 -11.9363 -2.71402 -14.7755 -12.551 0.829535 -13.2042 -12.9763 4.33477 -11.4907 -12.3045 7.36383 -9.08098 -11.4444 10.2661 -6.57686 -10.6736 13.225 -4.11031 -9.82359 16.1449 -1.62338 -8.45451 18.7593 1.00539 -7.00715 21.3222 3.64298 -5.62159 23.9636 6.23591 -4.13773 26.43 8.94417 -2.19346 27.6946 12.1595 -0.209535 28.7505 15.4256 1.7045 29.9989 18.6654 3.76197 30.9323 21.9232 6.24018 29.8853 24.8371 8.71248 28.5238 27.6233 11.1842 27.4207 30.522 13.6616 25.9622 33.2539 15.6436 22.7939 34.5329 17.4616 19.4279 35.5164 19.3884 16.2107 36.7573 21.2003 12.8133 37.6386 21.9768 9.18103 36.383 22.5459 5.64597 34.785 23.3505 2.04229 33.4658 23.7728 -1.47461 31.7849 22.3838 -3.29085 28.6312 20.7778 -4.62843 25.3439 19.3203 -6.24642 22.1139 17.704 -7.64914 18.8589 15.4702 -7.3081 15.6368 13.2345 -6.69168 12.457 11.0733 -6.30018 9.19113 8.71838 -5.60356 6.1158 5.90877 -3.28427 4.55986 3.13884 -0.726444 3.34344 0.359248 1.75161 1.99163 -2.44748 4.20833 0.65716 -5.39031 6.63802 -0.42639 -8.35477 9.06194 -1.46282 -11.3235 11.4857 -2.48744 -14.259 13.9156 -3.59013 -16.9597 16.3513 -5.14578 -19.6128 18.8073 -6.75086 -22.2444 21.3764 -8.2074 -24.9632 23.6301 -9.98927 -27.4727 23.7609 -13.008 -29.8471 23.4938 -16.1256 -32.3819 23.5972 -19.1245 -34.6363 23.1612 -22.311 -34.82 20.4904 -25.1449 -34.5306 17.5418 -27.6793 -34.6268 14.8264 -30.4755 -34.2283 11.8087 -32.9112 -31.8101 8.70819 -32.8546 -29.1386 5.89124 -32.2267 -26.6212 2.87868 -31.9956 -23.9577 0.0623006 -31.3335 -21.2105 -0.929255 -28.6631 -18.5957 -1.48131 -25.744 -15.9052 -2.23378 -22.9409 -13.264 -2.9191 -20.0745 -11.0275 -2.98378 -16.7983 -8.8682 -2.94567 -13.4704 -6.69466 -2.94251 -10.1515 -4.47941 -2.94815 -6.86035 -2.05242 -2.9694 -3.73129 0.396414 -2.98239 -0.619221 2.76993 -2.93325 2.55035 5.32283 -3.06063 5.57497 8.5717 -4.22053 7.46957 11.8818 -5.53547 9.14421 15.1753 -6.68407 10.9674 18.4517 -8.11335 12.6144 21.0523 -10.9933 13.0618 23.4581 -14.0584 13.3366 26.0199 -16.9594 13.866 28.369 -20.0794 13.9288 28.5935 -23.4279 11.8858 28.3379 -26.6288 9.62153 28.4128 -29.9661 7.54914 28.1414 -33.1119 5.21092 26.0012 -34.5118 2.19632 23.5924 -35.504 -0.77734 21.3495 -36.7485 -3.78561 18.9496 -37.7659 -6.75777 15.8242 -37.2031 -9.13421 12.6435 -36.3996 -11.3639 9.50091 -35.8054 -13.71 6.31925 -34.9142 -15.9044 3.4131 -32.4129 -16.908 0.631677 -29.6986 -17.6868 -2.25087 -27.1389 -18.6079 -0.167572 -0.223376 -0.259966 -0.26854 -0.430672 -0.381449 -0.350335 -0.32668 -0.327833 -0.280703 -0.246111 -0.222703 -0.143121 -0.099527 -0.0508345 -0.0265801 0.177795 0.231296 0.296371 0.327697 0.641103 0.649628 0.684875 0.710322 0.932761 0.91823 0.917128 0.913166 0.912757 0.727874 0.553218 0.510393 -0.216584 -0.309667 -0.420597 -0.441264 -1.01649 -0.843101 -0.725385 -0.609466 -0.704194 -0.556344 -0.451872 -0.3633 -0.29204 -0.223911 -0.167814 -0.126495 -0.0524737 -0.0400087 -0.0360292 -0.0278721 -0.0493621 -0.0560359 -0.0727216 -0.0963267 -0.0840789 -0.0866807 -0.104033 -0.135833 -0.041903 -0.0642825 -0.0819254 -0.105821 -0.0413512 -0.0988586 -0.145669 -0.189793 -0.244259 -0.308362 -0.374621 -0.441094 -0.486579 -0.522578 -0.554866 -0.603948 -0.422048 -0.364135 -0.269613 -0.23236 0.251202 0.334293 0.430377 0.434589 1.04205 0.857086 0.756302 0.676208 0.741349 0.617654 0.524634 0.453253 0.344403 0.24793 0.156173 0.104998 -0.100736 -0.11977 -0.147576 -0.188641 -0.335668
-3.20249 -22.9252 -19.9198 -5.27286 -19.5666 -19.7956 -7.10434 -16.0972 -19.3593 -8.68849 -12.5554 -18.6324 -10.0197 -8.97525 -17.6362 -11.0897 -5.40365 -16.3975 -11.9026 -1.8504 -14.9315 -12.4633 1.65585 -13.25 -12.7799 5.0865 -11.3617 -12.8599 8.41693 -9.27189 -12.7099 11.6159 -6.98949 -12.3364 14.6547 -4.52146 -11.7456 17.5033 -1.87534 -10.9316 20.149 0.951279 -9.89359 22.5458 3.92289 -8.62918 24.6629 7.01664 -7.13742 26.4673 10.2058 -5.41439 27.9278 13.4691 -3.47019 29.0011 16.7583 -1.31607 29.6498 20.0277 1.02954 29.838 23.2235 3.54008 29.5339 26.2839 6.17662 28.7131 29.1362 8.88891 27.3632 31.7017 11.6139 25.488 33.897 14.2658 23.1232 35.6318 16.771 20.312 36.8382 19.0389 17.1314 37.4504 20.978 13.6856 37.4226 22.4938 10.1295 36.7432 23.5325 6.58075 35.4269 24.0453 3.18891 33.5197 24.009 0.0996303 31.0989 23.4337 -2.54102 28.2879 22.3524 -4.65064 25.1917 20.819 -6.15612 21.9378 18.9048 -7.0173 18.6515 16.667 -7.22467 15.4157 14.2111 -6.78618 12.3665 11.6224 -5.74454 9.58551 8.95754 -4.18075 7.14128 6.21493 -2.19839 5.07362 3.46169 0.0836056 3.35925 0.723313 2.573 1.93407 -1.99455 5.19439 0.722238 -4.70348 7.88948 -0.359055 -7.41529 10.6006 -1.39193 -10.1482 13.2764 -2.46075 -12.9179 15.8624 -3.6492 -15.7259 18.2875 -5.03259 -18.5844 20.4771 -6.67988 -21.4776 22.3331 -8.64568 -24.3619 23.7415 -10.9644 -27.1411 24.5747 -13.618 -29.7244 24.7267 -16.5782 -31.9699 24.1045 -19.7453 -33.7192 22.6665 -22.9596 -34.8172 20.4668 -25.9905 -35.1723 17.6196 -28.636 -34.7435 14.327 -30.6867 -33.568 10.8407 -31.9885 -31.7355 7.38977 -32.4679 -29.4114 4.23134 -32.1213 -26.7687 1.5255 -31.0297 -23.9656 -0.64372 -29.3168 -21.1095 -2.26862 -27.1037 -18.3052 -3.36915 -24.5308 -15.6015 -4.01349 -21.7078 -13.0153 -4.28683 -18.7192 -10.5343 -4.28043 -15.618 -8.14065 -4.08496 -12.4549 -5.79133 -3.78558 -9.26687 -3.43853 -3.46592 -6.08333 -1.03818 -3.20968 -2.93883 1.45879 -3.10016 0.138237 4.08895 -3.22306 3.10174 6.87435 -3.66462 5.88772 9.796 -4.50093 8.39515 12.8187 -5.8046 10.5599 15.8273 -7.62813 12.3335 18.7308 -9.94704 13.6431 21.4112 -12.6861 14.4192 23.7904 -15.7823 14.6242 25.7702 -19.1311 14.2305 27.2629 -22.6059 13.2371 28.2033 -26.0854 11.6628 28.5367 -29.4003 9.57253 28.2495 -32.408 7.05456 27.3599 -34.9833 4.21805 25.9048 -37.0377 1.16471 23.9606 -38.4851 -1.96354 21.6164 -39.2903 -5.04858 18.9699 -39.4497 -7.98653 16.1095 -38.9842 -10.7008 13.1374 -37.9359 -13.1159 10.1372 -36.3627 -15.1871 7.18075 -34.3297 -16.8878 4.32886 -31.9064 -18.2057 1.62567 -29.1575 -19.143 -0.893463 -26.1449 -19.7092 1.59271 1.55809 1.5327 1.5143 1.31976 1.34164 1.36311 1.38673 1.39656 1.46347 1.52617 1.5864 1.71386 1.78848 1.86398 1.93777 2.22069 2.30543 2.3834 2.45263 2.83716 2.86396 2.88197 2.88947 3.0808 3.02247 2.95858 2.89103 2.84751 2.70961 2.57128 2.42939 1.33055 0.988486 0.669796 0.399889 -0.512685 -0.577499 -0.62473 -0.658658 -0.944225 -0.917317 -0.895296 -0.874551 -0.866352 -0.84781 -0.829782 -0.811505 -0.741693 -0.72624 -0.718081 -0.71537 -0.759276 -0.772529 -0.790263 -0.814384 -0.823281 -0.844611 -0.874262 -0.909246 -0.798284 -0.801379 -0.798552 -0.789722 -0.650564 -0.641033 -0.626864 -0.611337 -0.596254 -0.590867 -0.585373 -0.581602 -0.567997 -0.556967 -0.540337 -0.518535 -0.240451 -0.14686 -0.0335851 0.0958994 0.791768 1.02297 1.25284 1.46731 2.48399 2.52247 2.56821 2.61433 2.82406 2.78874 2.75223 2.71462 2.61252 2.53601 2.46176 2.39247 2.10349 2.0185 1.94296 1.8791 -0.0125446
