Optimization finished after 200 iterations.
NEB Energy: 2.60701
Max NEB Force: 0.871593
Optimization took: 913 ms
Energies: 
0.835585, 2.6068, 3.63634, 4.62712, 3.76102, 3.2595, 2.93162, 0.810954, 
NEB Forces: 
0, 0.587525, 0.732406, 0.871593, 0.762303, 0.691029, 0.642957, 0, 
Gradients: 
0.213942, 0.609644, 0.748265, 0.885779, 0.773868, 0.695145, 0.648423, 4.20785e-06, 
Spring Forces: 
0, 0.000430576, 3.67014e-06, 7.04053e-07, 1.91099e-06, 2.57308e-06, 0.00041795, 0, 
Bend Energies: 
0.812625, 2.53589, 3.54704, 4.44053, 3.58083, 2.99608, 2.598, 0.810951, 
Twist Energies: 
0.022926, 0.016786, 0.0379119, 0.136913, 0.129095, 0.211256, 0.280396, 2.96627e-26, 
Stretch Energies: 
3.40999e-05, 0.0541222, 0.0513889, 0.0496762, 0.0510938, 0.0521667, 0.0532251, 1.98593e-06, 
