# num_vectors 16
# vector_size 101
# Stepsize: 1.000000, StepLength: 40.000000, GoalBias: 0.200000, NeighborRadius: 10.000000, SampleProjDim: 30, OneRandDirection: 0, AllPermutations: 1, GoalBiasForAllPermutations: 0, SampleInProjectionSpace: 0, UseConstraintProjectionForSampling: 1, ReprojectDirection: 0
-30.3475 6.3497 -9.46314 -27.25 14.4272 3.67165 -18.0084 14.9386 16.5246 -4.92359 10.7584 24.5022 10.1169 5.78894 25.3462 23.9187 4.17571 17.9137 30.6114 9.32832 4.80036 25.1897 17.5226 -7.44489 11.7404 22.9695 -13.7377 -4.11219 22.777 -14.6485 -18.3314 15.9274 -12.9449 -27.0761 2.77943 -11.8985 -25.8709 -12.6923 -14.4712 -13.8208 -21.6832 -19.046 1.731 -20.579 -21.5426 15.1901 -12.4043 -19.5671 24.3572 -1.77191 -12.1398 28.2481 6.48028 0.79615 26.1694 7.00213 16.382 18.4473 -2.18666 26.4105 8.44652 -14.3337 25.5176 -0.991572 -22.9941 16.171 -9.60914 -25.2327 3.01491 -18.0503 -19.8596 -9.27305 -26.0388 -7.57825 -15.0448 0 0 0 0 0 0 0 0 0 0 0 0 0 0 0 0 0 0 0 0 0 0 0 0 0 0
-30.3315 6.38664 -9.41233 -27.9305 14.0947 4.1139 -17.9943 15.4005 16.4357 -5.36856 10.2588 24.6626 9.97691 6.25396 25.7522 23.6359 4.3409 18.1196 30.5036 9.90718 5.25815 25.0036 17.6535 -7.25218 11.4863 22.6313 -13.8058 -4.37304 22.3272 -14.5755 -18.5715 15.6372 -12.0572 -27.6278 2.58772 -12.3779 -25.8879 -13.0278 -13.8351 -13.8482 -21.7603 -18.945 1.58958 -20.3533 -22.018 15.1701 -12.5072 -19.5103 23.8984 -1.26435 -12.4152 28.4756 6.34471 0.724573 25.6089 7.2517 16.1925 18.5255 -2.4573 26.236 8.95607 -14.9606 25.3571 -0.762485 -23.4942 16.1762 -10.2355 -25.3383 3.51338 -17.3053 -19.4826 -9.50565 -26.0067 -7.53424 -14.9991 0 0 0 0 0 0 0 0 0 0 0 0 0 0 0 0 0 0 0 0 0 0 0 0 0 0
-22.0108 10.4005 -18.2598 -24.6388 16.3555 -2.84187 -18.2569 17.4565 12.3679 -7.69236 12.4888 23.8668 6.32407 4.16274 27.7913 21.0509 -0.802191 22.8347 30.2891 0.670579 9.46732 27.7901 8.06664 -4.57924 15.9603 14.1949 -13.7396 0.133706 16.6824 -16.2873 -15.6502 13.5714 -13.2004 -26.7078 1.788 -8.52475 -28.3577 -13.6754 -15.66 -15.0617 -23.5701 -15.8235 1.42771 -23.2264 -14.1006 13.1525 -11.6089 -13.3432 19.3924 2.81839 -8.233 17.8321 17.666 2.85306 21.9047 12.5695 19.9591 12.9426 2.19983 28.0391 7.68857 -13.4131 24.4133 -2.23732 -20.9535 14.5287 -7.59975 -23.169 -1.15521 -12.1902 -17.0935 -15.4217 -18.3824 -4.16961 -22.7679 0 0 0 0 0 0 0 0 0 0 0 0 0 0 0 0 0 0 0 0 0 0 0 0 0 0
-17.9826 9.18121 -18.7855 -21.3038 16.1295 -3.86941 -16.4309 16.6591 12.0149 -3.92035 14.314 22.859 9.13971 4.33867 26.7001 27.8927 7.36067 25.7054 29.7125 -7.10572 5.45515 30.0507 5.73269 -6.23056 20.4559 18.4174 -13.8909 4.88454 16.8616 -21.9715 -11.2034 16.762 -17.4039 -23.9805 7.25174 -11.0661 -28.2309 -8.78677 -16.3535 -16.2386 -20.4335 -16.5095 -0.704942 -23.7694 -4.9055 13.9889 -15.0924 -5.0062 22.9311 -0.760354 -2.92689 24.2469 16.6213 5.16999 22.0613 12.9603 24.1936 9.9526 3.5292 29.988 6.12913 -12.5134 26.1395 -1.39067 -21.0376 14.5892 -3.21409 -24.5171 -2.12614 -11.1588 -19.358 -15.7036 -18.3137 -6.60726 -22.5429 0 0 0 0 0 0 0 0 0 0 0 0 0 0 0 0 0 0 0 0 0 0 0 0 0 0
-12.5245 9.23722 -25.1856 -17.5769 20.1482 -12.5008 -16.0404 23.0703 4.32715 -6.3956 20.3632 18.3991 3.66239 8.3847 27.2454 23.2881 7.1159 29.6688 26.3647 -12.1459 12.9572 32.0315 -1.9201 -1.44455 26.8573 11.185 -13.9459 12.7037 11.2567 -25.0718 -4.39832 15.6452 -23.9781 -20.6189 10.2883 -18.3501 -27.2054 -5.97554 -21.0762 -17.7098 -20.2619 -16.0959 -5.42232 -24.4516 -0.391875 11.1788 -18.9892 0.814776 22.7833 -6.14835 1.72298 26.1164 12.7068 6.32901 19.0019 13.6541 25.6732 3.58499 8.11302 30.8858 -2.88803 -7.93503 29.6923 -9.75033 -17.335 18.3603 -8.69784 -24.0503 2.00477 -12.5715 -20.115 -14.4199 -15.4698 -7.2957 -25.5843 0 0 0 0 0 0 0 0 0 0 0 0 0 0 0 0 0 0 0 0 0 0 0 0 0 0
-12.2558 9.26153 -25.1999 -17.4391 20.1332 -12.5334 -16.1293 22.9652 4.3309 -6.55384 20.3781 18.4734 3.56433 8.51545 27.4081 23.2015 7.32118 29.7784 26.2881 -12.0171 13.1568 31.9086 -1.85105 -1.30559 26.7653 11.372 -13.696 12.711 11.4896 -24.948 -4.4222 15.7834 -23.9624 -20.6282 10.3895 -18.3274 -27.1871 -5.88294 -21.0687 -17.6815 -20.157 -16.0721 -5.5404 -24.3848 -0.263686 11.047 -18.9187 1.11455 22.6625 -6.0729 1.81208 26.0696 12.7856 6.35063 18.8699 13.854 25.6576 3.51953 8.13723 30.8801 -2.79342 -7.97184 29.639 -9.62711 -17.3817 18.2979 -8.56278 -24.0642 1.92961 -12.4539 -20.1096 -14.4863 -15.1851 -7.27241 -25.6736 0 0 0 0 0 0 0 0 0 0 0 0 0 0 0 0 0 0 0 0 0 0 0 0 0 0
-13.8026 5.99001 -33.4773 -13.9489 20.4891 -21.8631 -9.60669 25.5598 -5.61022 3.08248 25.8249 6.94588 4.41373 11.4862 22.544 22.5614 2.32847 33.2415 26.0043 -12.4184 11.3441 34.5343 1.46014 0.621987 29.8724 13.4258 -13.3101 16.7688 11.9963 -25.7658 -0.613093 15.7198 -26.6189 -17.3756 9.42798 -23.4439 -20.8996 -8.52034 -23.4985 -7.72593 -20.2527 -18.2191 -3.65872 -25.0604 3.63517 11.3221 -17.2424 15.0216 22.2962 -3.26111 5.48987 29.1332 14.507 11.9846 21.176 15.143 31.0331 7.26658 5.63634 36.3423 2.45426 -10.6231 29.4198 -4.5415 -16.2865 15.0678 -0.283775 -22.9905 -1.08394 -6.32383 -21.5478 -17.5956 -17.9484 -10.4805 -28.6427 0 0 0 0 0 0 0 0 0 0 0 0 0 0 0 0 0 0 0 0 0 0 0 0 0 0
-11.1338 -0.293455 -36.1325 -15.6528 15.7544 -26.5067 -5.76642 26.4769 -13.4984 8.2957 23.6704 -2.26488 2.91697 13.796 18.0098 16.5417 5.68716 37.2781 25.8115 -15.3653 20.5434 34.8912 -3.82723 7.22921 26.9399 15.4864 0.708692 17.2112 15.9728 -15.5173 -0.762504 16.2775 -19.2341 -16.5492 9.50249 -11.8648 -20.7446 -8.29934 -16.7497 -8.19482 -21.9106 -14.089 -3.11936 -30.3549 6.77756 9.84532 -21.2651 19.9433 23.2861 -9.24091 10.381 23.529 12.4375 13.1198 16.6169 13.4499 32.5922 4.65051 2.05395 39.609 -0.216447 -13.7272 31.6013 -3.27639 -18.8296 15.1094 5.6268 -16.9687 -3.37279 -12.7068 -28.1193 -16.4878 -19.5077 -15.6822 -31.2383 0 0 0 0 0 0 0 0 0 0 0 0 0 0 0 0 0 0 0 0 0 0 0 0 0 0
-5.68807 4.71905 -38.8416 -12.5615 20.1201 -29.2428 -6.51659 29.0064 -11.8014 6.41004 25.6132 0.706902 -0.511082 11.4373 18.4774 11.4583 2.0254 38.3679 16.433 -22.2014 23.2475 32.0386 -13.788 11.6758 30.6516 7.05174 1.67096 22.7529 8.26929 -15.6303 5.23665 11.863 -21.2898 -12.7799 9.59039 -14.5583 -20.3241 -8.0217 -17.2586 -10.8549 -23.8963 -11.646 -7.00839 -28.316 11.1482 4.67874 -16.3469 23.5841 17.8473 -4.94122 12.8613 16.1369 17.2452 11.7518 3.31876 21.4196 28.9634 -1.7693 3.90658 37.7756 -2.60244 -12.5403 28.6282 -1.39776 -17.9862 11.4513 10.0931 -12.9441 -5.46407 -4.49409 -25.613 -22.5253 -13.0938 -11.5573 -35.0816 0 0 0 0 0 0 0 0 0 0 0 0 0 0 0 0 0 0 0 0 0 0 0 0 0 0
-1.65009 1.03217 -44.1724 9.91803 21.7639 -38.7855 7.08094 33.7139 -13.2662 19.3715 25.4394 12.3227 14.2551 4.87156 13.1791 -7.02418 3.56716 7.3719 -14.4086 -2.38295 31.2175 -17.1653 -23.7582 41.2807 10.8616 -35.6629 29.1359 7.79264 -33.2845 5.01218 22.2637 -25.467 -16.5877 10.2777 -16.2294 -32.1522 4.13301 8.18291 -20.6741 -20.5642 12.6325 -10.2022 -14.2546 -4.94874 4.22061 0.404291 -11.5325 21.9767 -0.681719 -1.19155 50.2605 -8.09468 23.3461 40.8098 -15.1387 24.0657 18.367 -9.15173 43.2323 5.04674 -0.66829 28.1273 -15.8788 14.6011 12.2346 -7.10483 0.88468 -11.7657 8.39869 -8.4817 -18.3923 -12.9809 -0.57497 -23.6581 -39.2758 0 0 0 0 0 0 0 0 0 0 0 0 0 0 0 0 0 0 0 0 0 0 0 0 0 0
3.44043 6.97577 -43.1641 11.6204 28.5738 -36.4384 4.04684 39.4836 -11.9194 10.2795 29.4522 14.4335 7.0864 8.7962 12.7394 -14.3062 5.88861 8.67567 -18.1972 -4.46571 31.0934 -19.0713 -27.0007 37.0351 11.3017 -33.4843 30.0877 11.8025 -34.0646 6.11017 29.0738 -28.3053 -13.6411 20.2823 -17.4108 -29.8255 12.736 6.20096 -17.663 -12.873 11.4163 -12.161 -9.98733 -6.20419 2.87309 -3.29606 -12.3327 23.3667 -3.32562 2.64766 48.9335 -19.7695 18.8745 41.2614 -25.0683 23.1808 19.0982 -14.4987 41.0153 8.00203 -4.81361 24.8485 -11.4421 12.8203 12.7625 -2.20163 7.01013 -15.0485 5.77116 -0.167579 -17.9981 -16.7857 9.5157 -16.6071 -42.0324 0 0 0 0 0 0 0 0 0 0 0 0 0 0 0 0 0 0 0 0 0 0 0 0 0 0
9.02508 13.8373 -41.3085 13.5905 35.4924 -32.7906 0.332096 44.6258 -10.9839 1.05133 33.4225 15.0165 -0.639835 12.8401 11.9852 -21.7721 8.03391 10.6636 -20.8523 -5.9416 30.2751 -19.4799 -28.6224 31.6848 11.525 -31.294 29.8418 15.9364 -35.1445 7.18131 35.9552 -31.3837 -9.76856 31.0797 -18.8971 -25.9041 19.4123 2.92126 -14.5285 -6.23629 6.78717 -15.2082 -6.46245 -6.11501 3.11065 -2.71575 -6.9646 24.3354 -12.6762 -1.94903 47.8182 -26.5984 16.7775 42.2461 -32.5304 23.191 20.8917 -19.615 38.4637 9.05007 -9.85946 19.4369 -6.95007 9.79914 11.7518 1.59006 12.7335 -15.5312 3.42305 7.70546 -14.7158 -19.4718 18.9231 -7.90077 -42.3505 0 0 0 0 0 0 0 0 0 0 0 0 0 0 0 0 0 0 0 0 0 0 0 0 0 0
15.939 5.52124 -43.2594 18.3706 28.144 -37.8015 1.91718 38.9772 -19.9771 -5.30984 27.8998 3.6519 -0.452353 9.59141 5.61802 -17.2872 -1.67313 4.77759 -15.0946 -10.74 26.3251 -18.4228 -30.552 33.4866 8.01938 -42.508 29.3256 14.4978 -41.2946 7.56266 32.4702 -30.0191 -5.79791 27.8152 -21.1147 -23.7658 20.0937 3.27388 -17.7131 -3.62982 10.5268 -13.4465 -3.61119 -4.52592 2.89058 -5.31168 -8.70958 22.9587 -18.0757 -3.74066 44.8148 -25.4294 17.5911 41.3292 -32.7587 26.8601 21.8604 -19.7101 37.2549 6.77315 -18.7017 16.8772 -7.95691 0.31292 7.4762 -7.47478 8.18488 -14.4094 2.39141 9.58962 -19.1696 -18.8267 25.3936 -15.1381 -38.6086 0 0 0 0 0 0 0 0 0 0 0 0 0 0 0 0 0 0 0 0 0 0 0 0 0 0
21.3299 14.2551 -40.9702 18.9189 34.9887 -32.3303 -2.16855 41.511 -20.2839 -12.1298 29.1928 1.38257 -7.68725 10.7382 2.6977 -24.421 0.108861 5.2138 -17.7073 -12.0607 22.9131 -18.2921 -32.5492 25.7417 8.78977 -40.2426 28.1105 18.8466 -42.7612 8.68392 39.6754 -35.1262 -1.59175 39.4119 -23.4693 -17.6313 27.1799 -1.4475 -12.1335 3.4954 2.9908 -14.239 0.479449 -5.18688 4.59704 -7.22189 -5.08235 21.9809 -23.2189 -7.08752 40.2383 -33.5694 12.775 39.5927 -38.7236 25.9009 22.419 -27.1918 31.8474 4.83292 -21.5048 10.2508 -1.38548 -2.53506 4.90876 -5.89742 11.2873 -13.6952 0.806941 13.9429 -12.8471 -20.0233 31.5036 -6.16781 -36.9354 0 0 0 0 0 0 0 0 0 0 0 0 0 0 0 0 0 0 0 0 0 0 0 0 0 0
20.9411 12.243 -44.0741 16.6575 33.3441 -38.055 -3.15111 39.4377 -24.0179 -8.69648 29.5101 -0.316895 -12.037 12.7445 1.99933 -22.1037 6.69467 13.0759 -14.3564 -9.63213 23.4857 -13.4594 -27.6098 18.1317 9.83755 -39.8518 25.1382 23.2506 -43.3769 8.65863 36.2365 -37.773 -8.29557 36.9935 -22.7788 -19.9902 24.2074 -3.50559 -9.9306 1.41624 3.29855 -13.301 -3.63315 -5.06041 4.88717 -13.0662 -5.05418 21.2742 -30.7211 -7.42513 37.6964 -40.1489 12.8687 37.5938 -40.2271 28.4294 22.9865 -26.2829 33.3739 7.21989 -18.396 12.2231 5.43134 -0.0461462 7.25589 -1.10561 13.8597 -11.8666 2.6487 15.0854 -8.91042 -17.9643 30.9827 -7.00626 -36.7664 0 0 0 0 0 0 0 0 0 0 0 0 0 0 0 0 0 0 0 0 0 0 0 0 0 0
22.612 10.9735 -44.6371 19.0052 32.4118 -39.5614 -0.314201 39.6894 -25.4651 -6.20039 30.3205 -1.62858 -10.6273 13.8722 0.852222 -18.6452 8.02542 13.3393 -10.0068 -8.74973 21.9898 -13.2735 -26.1644 21.1483 6.93128 -42.6108 22.2845 22.2131 -41.7185 8.09528 34.3535 -37.2203 -9.71447 36.1791 -22.1475 -21.1346 22.1377 -3.12341 -12.582 -1.24501 0.603361 -13.5774 -3.10187 -3.16883 5.80898 -11.3013 -4.56674 22.6792 -27.5315 -5.6984 40.4794 -38.9493 13.1362 38.245 -39.6795 27.4149 22.5051 -25.3482 32.9888 7.33542 -18.6846 11.8168 3.52506 -0.417952 6.34339 -2.81459 13.3263 -12.6689 1.86244 15.567 -9.95966 -18.6724 32.3578 -8.14219 -36.6488 0 0 0 0 0 0 0 0 0 0 0 0 0 0 0 0 0 0 0 0 0 0 0 0 0 0
