# num_vectors 76
# vector_size 101
-13.8208 -21.6832 -19.046 1.731 -20.579 -21.5426 15.1901 -12.4043 -19.5671 24.3572 -1.77191 -12.1398 28.2481 6.48028 0.79615 26.1694 7.00213 16.382 18.4473 -2.18666 26.4105 8.44652 -14.3337 25.5176 -0.991572 -22.9941 16.171 -9.60914 -25.2327 3.01491 -18.0503 -19.8596 -9.27305 -26.0388 -7.57825 -15.0448 -30.3475 6.3497 -9.46314 -27.25 14.4272 3.67165 -18.0084 14.9386 16.5246 -4.92359 10.7584 24.5022 10.1169 5.78894 25.3462 23.9187 4.17571 17.9137 30.6114 9.32832 4.80036 25.1897 17.5226 -7.44489 11.7404 22.9695 -13.7377 -4.11219 22.777 -14.6485 -18.3314 15.9274 -12.9449 -27.0761 2.77943 -11.8985 -25.8709 -12.6923 -14.4712 0 0 0 0 0 0 0 0 0 0 0 0 0 0 0 0 0 0 0 0 0 0 0 0 0 0
-13.7316 -21.6078 -19.2517 1.8287 -20.4392 -21.667 15.2568 -12.2464 -19.5555 24.3303 -1.59288 -12.043 28.1084 6.63701 0.941165 26.0798 6.9984 16.5391 18.3835 -2.28932 26.4967 8.5247 -14.5465 25.5119 -0.932373 -23.1499 16.1315 -9.52208 -25.3336 2.94785 -17.8264 -19.9035 -9.40922 -25.7569 -7.59804 -15.2097 -30.2235 6.25905 -9.57321 -27.2772 14.288 3.62711 -18.1552 14.7755 16.567 -5.06866 10.7046 24.5992 10.0247 5.90565 25.5049 23.7968 4.19564 18.0382 30.5313 9.38588 4.96097 25.1372 17.5752 -7.29976 11.7017 23.0175 -13.6263 -4.14848 22.819 -14.5773 -18.3672 15.9507 -12.9453 -27.1234 2.79121 -12.1398 -25.8377 -12.6744 -14.7116 0 0 0 0 0 0 0 0 0 0 0 0 0 0 0 0 0 0 0 0 0 0 0 0 0 0
-13.2015 -21.1869 -18.036 1.96254 -19.0533 -22.5375 15.6542 -11.461 -19.7722 24.8354 -1.20706 -11.8231 28.2448 6.98084 1.29496 25.5648 7.43551 16.806 17.1575 -1.5942 26.4548 9.02049 -15.208 25.1185 -0.342319 -24.0008 15.8168 -10.1075 -25.8301 3.34031 -17.6025 -20.0029 -9.38621 -26.0768 -7.89291 -14.8579 -31.3378 5.53029 -8.78417 -26.799 14.4385 3.52591 -18.0156 14.1842 16.7323 -5.17987 9.58356 24.9048 9.96764 4.98344 25.9622 24.0652 4.21823 18.8796 30.7657 9.77968 5.93212 25.7114 19.6272 -5.37059 12.0702 22.5881 -13.3947 -3.89779 23.1987 -12.5511 -18.1495 16.2927 -11.3644 -26.9529 3.1202 -11.2858 -25.7902 -12.1767 -14.9337 0 0 0 0 0 0 0 0 0 0 0 0 0 0 0 0 0 0 0 0 0 0 0 0 0 0
-12.9907 -21.0065 -18.715 2.21907 -18.5826 -22.9248 15.761 -10.8542 -19.7917 24.6691 -0.619564 -11.5023 27.5901 7.58731 1.73077 25.0526 7.54067 17.2812 17.0465 -2.02699 26.776 9.14865 -15.7508 25.1031 -0.226539 -24.3863 15.6653 -9.62622 -26.1118 2.88749 -16.9158 -20.1252 -9.88691 -25.1494 -7.86319 -15.3951 -31.0178 5.20566 -9.06431 -26.9016 14.0673 3.43528 -18.4056 13.8291 16.8332 -5.57375 9.52833 25.1805 9.66843 5.28751 26.4448 23.717 4.25695 19.2934 30.4458 9.65631 6.29097 25.5614 19.6793 -4.93485 12.0791 22.6691 -13.2185 -3.90962 23.2014 -12.7099 -18.1246 16.255 -11.3177 -26.9563 3.09873 -11.6743 -25.6388 -12.2021 -15.2564 0 0 0 0 0 0 0 0 0 0 0 0 0 0 0 0 0 0 0 0 0 0 0 0 0 0
-12.8284 -21.1074 -18.6208 2.35827 -18.5449 -22.8341 15.8864 -10.8391 -19.5859 24.6436 -0.362281 -11.4333 27.7272 7.67028 1.87205 24.9062 7.71128 17.3764 16.9875 -1.97927 26.8212 9.16636 -15.737 25.065 -0.175209 -24.3602 15.5825 -9.53362 -26.0675 2.77184 -16.9519 -20.0163 -9.89884 -25.0766 -7.64004 -15.3154 -31.1659 5.24339 -8.8066 -27.0151 14.1753 3.63174 -18.4056 14.0445 16.9597 -5.58428 9.66332 25.2816 9.6376 5.34099 26.5172 23.6737 4.26147 19.3483 30.3762 9.5624 6.29147 25.4846 19.5312 -4.97957 11.9641 22.5545 -13.189 -4.02094 23.1149 -12.5959 -18.2544 16.145 -11.5098 -27.0269 2.94926 -11.8759 -25.5431 -12.4181 -15.1125 0 0 0 0 0 0 0 0 0 0 0 0 0 0 0 0 0 0 0 0 0 0 0 0 0 0
-17.488 -28.272 -27.5529 3.89832 -10.9223 -33.0569 30.9133 -14.6197 -23.0341 35.4224 -0.0287098 -8.02518 17.8657 5.7191 -0.428461 22.186 15.3201 21.0979 12.9775 7.6486 38.4487 14.8579 -22.3895 36.5309 2.8856 -31.5548 18.424 -3.65506 -28.5542 -3.96037 -22.7881 -27.6968 -11.5818 -24.8137 -3.78754 -22.9753 -41.5533 14.973 -15.4163 -30.1405 15.5122 4.08241 -18.2067 0.114938 15.071 -7.90916 -1.78554 40.466 17.5531 5.68277 34.0402 23.6183 12.9731 12.5757 43.1166 26.0932 6.58576 29.7542 35.2766 -13.4759 9.77583 21.0749 -20.0458 3.05178 0.70906 -5.91142 -17.2711 11.9295 -8.94264 -44.7828 6.43987 -6.09427 -38.4573 -17.668 -20.5383 0 0 0 0 0 0 0 0 0 0 0 0 0 0 0 0 0 0 0 0 0 0 0 0 0 0
-17.488 -28.272 -27.5529 3.89832 -10.9223 -33.0569 30.9133 -14.6197 -23.0341 35.4224 -0.0287098 -8.02518 17.8657 5.7191 -0.428461 22.186 15.3201 21.0979 12.9775 7.6486 38.4487 14.8579 -22.3895 36.5309 2.8856 -31.5548 18.424 -3.65506 -28.5542 -3.96037 -22.7881 -27.6968 -11.5818 -24.8137 -3.78754 -22.9753 -41.5533 14.973 -15.4163 -30.1405 15.5122 4.08241 -18.2067 0.114938 15.071 -7.90916 -1.78554 40.466 17.5531 5.68277 34.0402 23.6183 12.9731 12.5757 43.1166 26.0932 6.58576 29.7542 35.2766 -13.4759 9.77583 21.0749 -20.0458 3.05178 0.70906 -5.91142 -17.2711 11.9295 -8.94264 -44.7828 6.43987 -6.09427 -38.4573 -17.668 -20.5383 0 0 0 0 0 0 0 0 0 0 0 0 0 0 0 0 0 0 0 0 0 0 0 0 0 0
-16.7085 -27.0469 -30.648 4.65084 -9.27013 -34.146 31.1835 -13.2951 -23.0856 34.6311 0.165809 -6.90994 16.64 4.84197 0.297392 19.9161 15.3447 21.539 11.7911 7.1693 39.1556 15.0254 -22.6985 36.9218 4.11886 -32.0597 18.2893 -2.57373 -28.6721 -3.99059 -21.7329 -28.2636 -11.5702 -24.4573 -4.29565 -22.6653 -41.172 14.165 -14.3872 -29.8179 13.8609 5.13253 -17.6593 -1.87469 15.3309 -6.54342 -4.46431 40.29 17.491 6.38549 34.2572 22.4849 14.9506 13.0554 40.6906 29.7674 7.34665 28.1772 35.9876 -14.0716 9.79348 19.8211 -20.2448 3.8924 0.211119 -4.83346 -16.7403 10.8064 -7.93934 -44.0711 4.45856 -5.28042 -37.7019 -17.3808 -22.5732 0 0 0 0 0 0 0 0 0 0 0 0 0 0 0 0 0 0 0 0 0 0 0 0 0 0
-15.9002 -25.4821 -33.6351 5.39417 -7.46173 -35.1565 31.3505 -11.8927 -23.0124 33.7484 0.559928 -5.95324 15.4106 3.9203 0.97474 17.5495 15.1659 21.9337 10.5467 6.6067 39.8062 15.1964 -23.0204 37.3491 5.39787 -32.5701 18.2427 -1.3866 -28.9692 -3.97455 -20.5424 -28.965 -11.5629 -23.9381 -4.90399 -22.2346 -40.7554 13.1366 -13.3013 -29.4518 12.1214 6.21066 -17.1098 -3.87011 15.7423 -4.9472 -6.81912 40.1361 17.306 7.04166 34.4734 20.9175 16.8576 13.621 37.9928 32.9207 8.04132 26.7384 36.5454 -14.4263 9.89349 18.8023 -20.2469 4.78979 -0.275178 -3.96191 -16.1643 9.62669 -7.10978 -43.2584 2.31838 -4.70312 -36.8932 -16.9196 -24.5223 0 0 0 0 0 0 0 0 0 0 0 0 0 0 0 0 0 0 0 0 0 0 0 0 0 0
-15.0987 -23.6291 -36.4341 6.10119 -5.5383 -36.0511 31.3949 -10.4571 -22.8214 32.7886 1.13308 -5.11851 14.2236 3.00458 1.5961 15.1288 14.8012 22.295 9.23645 5.95995 40.3913 15.3827 -23.3395 37.78 6.70881 -33.0657 18.2618 -0.129625 -29.3921 -3.92679 -19.2669 -29.7473 -11.5448 -23.2869 -5.59792 -21.7618 -40.3301 11.9426 -12.3078 -29.151 10.3131 7.22423 -16.4273 -5.73867 16.0997 -3.16896 -8.81078 39.8662 17.2104 7.50939 34.572 18.8531 18.9498 14.4838 35.3903 35.4415 8.59291 25.1597 37.0173 -14.4689 10.136 17.7731 -20.0145 5.6853 -0.764203 -2.97143 -15.5667 8.34354 -6.38346 -42.3734 0.0154247 -4.36683 -36.066 -16.3156 -26.361 0 0 0 0 0 0 0 0 0 0 0 0 0 0 0 0 0 0 0 0 0 0 0 0 0 0
-16.6279 -21.4297 -36.3553 4.81194 -3.7348 -34.7861 30.3334 -10.1089 -22.8172 31.6843 -1.70382 -3.71018 13.9032 3.86038 1.80681 15.4968 14.5878 22.9953 9.16774 5.27781 40.6887 14.6946 -24.024 37.1338 7.40386 -32.5541 16.6263 -0.31768 -27.6293 -4.96095 -19.6868 -28.0321 -11.9321 -23.5961 -4.54322 -23.5248 -39.3074 14.2353 -14.3234 -29.1274 11.3447 5.53718 -17.6211 -5.61016 14.263 -4.64438 -9.81444 37.983 15.4553 7.14439 33.9953 17.5552 19.2414 14.3604 35.4987 33.9392 8.28367 26.234 34.8711 -15.185 9.47679 17.0872 -20.1046 4.87327 -1.71861 -3.40605 -15.7355 8.90861 -4.97978 -42.9458 2.08337 -3.42934 -37.0021 -15.358 -24.6113 0 0 0 0 0 0 0 0 0 0 0 0 0 0 0 0 0 0 0 0 0 0 0 0 0 0
-16.129 -19.1427 -38.3769 5.24482 -1.6567 -35.2094 30.1963 -8.63156 -22.4539 30.668 -1.16156 -2.96718 12.5162 3.04673 2.35781 13.0835 14.1277 23.3877 7.94296 4.50931 41.2571 14.7815 -24.4359 37.3556 8.578 -32.7899 16.455 0.836084 -27.796 -5.10889 -18.489 -28.5352 -12.1654 -22.8694 -5.00237 -23.4845 -38.832 13.4065 -13.989 -29.1512 9.76852 5.97747 -17.0662 -7.0746 14.0718 -3.23343 -11.338 37.2705 15.1018 7.46235 33.9705 15.7637 20.548 14.9663 33.0241 35.8896 8.5895 24.4626 35.1346 -15.0797 9.6726 15.7724 -19.681 5.60364 -2.30128 -2.10576 -15.2862 7.64599 -4.12222 -42.2733 -0.0223848 -2.95192 -36.4853 -14.3284 -26.1097 0 0 0 0 0 0 0 0 0 0 0 0 0 0 0 0 0 0 0 0 0 0 0 0 0 0
-14.6512 -19.6126 -37.3668 6.04725 -1.29078 -34.6989 31.832 -7.45482 -23.4032 32.4511 -2.28171 -3.32906 14.8908 3.52353 2.1976 16.2064 12.7341 23.9734 7.54203 4.24052 40.5794 11.7921 -25.1825 37.7635 6.96967 -33.5297 16.5463 -0.45223 -28.7326 -5.17043 -19.7391 -27.8366 -12.1222 -22.4186 -3.74639 -22.5942 -38.1922 14.9378 -13.332 -29.0245 10.9969 6.80878 -19.2102 -6.71906 15.6728 -3.18489 -11.5356 37.108 12.9514 9.07638 34.5282 14.5094 21.1785 14.9864 32.1044 36.1335 8.62599 24.1163 34.8061 -15.2036 9.21987 15.4873 -19.6363 4.89159 -2.29865 -1.83656 -15.8187 8.00024 -3.90018 -42.8552 0.621794 -4.38661 -35.6693 -14.5567 -26.4909 0 0 0 0 0 0 0 0 0 0 0 0 0 0 0 0 0 0 0 0 0 0 0 0 0 0
-13.9179 -17.1124 -39.1886 6.61767 0.975899 -34.7975 31.9341 -5.80875 -22.8613 31.7547 -1.69787 -2.5789 13.7688 2.63529 2.70688 14.0508 12.2794 24.3026 6.1819 3.33528 41.0418 11.655 -25.8255 37.9209 7.88336 -33.9535 16.4364 0.567806 -29.192 -5.32395 -18.6831 -28.3426 -12.3794 -21.5645 -4.05344 -22.306 -37.8947 14.0971 -12.9798 -29.4592 9.47234 7.30949 -18.9356 -8.06885 15.646 -1.87135 -12.6184 36.2809 12.2894 9.33541 34.567 12.4936 22.3289 15.6219 29.4696 37.8168 8.92496 22.0735 35.1082 -14.9313 9.48396 14.3238 -19.0173 5.56589 -2.77301 -0.49475 -15.4227 6.76184 -3.11029 -42.1403 -1.57155 -4.14201 -34.9658 -13.3252 -27.9411 0 0 0 0 0 0 0 0 0 0 0 0 0 0 0 0 0 0 0 0 0 0 0 0 0 0
-13.2485 -14.4348 -40.7592 7.11735 3.28348 -34.7123 31.9308 -4.20715 -22.2012 31.0399 -0.957616 -1.81266 12.7332 1.8295 3.15851 11.8202 11.7236 24.5879 4.70013 2.34564 41.4022 11.5681 -26.4543 38.0393 8.80482 -34.3684 16.3483 1.62256 -29.6988 -5.4756 -17.5851 -28.8676 -12.6491 -20.6474 -4.37944 -21.9949 -37.526 13.2262 -12.6328 -29.9589 7.74468 7.74843 -18.5369 -9.42942 15.5794 -0.639538 -13.4551 35.5741 11.5665 9.567 34.6849 10.47 23.2043 16.2947 26.7645 39.2213 9.22572 19.8763 35.3025 -14.5783 9.85199 13.2896 -18.3073 6.18093 -3.21226 0.777236 -15.0375 5.53021 -2.46999 -41.3641 -3.77735 -4.20663 -34.2768 -12.0117 -29.1904 0 0 0 0 0 0 0 0 0 0 0 0 0 0 0 0 0 0 0 0 0 0 0 0 0 0
-12.594 -11.3459 -42.1883 7.59008 5.83591 -34.4715 31.7877 -2.4841 -21.3504 30.1784 0.0826175 -0.932638 11.6748 1.05427 3.62625 9.29953 10.9666 24.8837 2.92975 1.11902 41.7072 11.5127 -27.1346 38.1438 9.82328 -34.7965 16.2814 2.83108 -30.2584 -5.63037 -16.3132 -29.4627 -12.9728 -19.6012 -4.77175 -21.6566 -37.0027 12.2458 -12.1984 -30.4501 5.61138 8.13366 -17.9625 -10.9579 15.5201 0.635603 -14.1343 34.9837 10.6437 9.80811 34.9387 8.18868 23.8778 17.0759 23.6607 40.4659 9.57314 17.3322 35.3217 -14.1143 10.3526 12.3257 -17.4349 6.76883 -3.70412 2.05394 -14.6256 4.18007 -1.9438 -40.4287 -6.17165 -4.67105 -33.5449 -10.4699 -30.3678 0 0 0 0 0 0 0 0 0 0 0 0 0 0 0 0 0 0 0 0 0 0 0 0 0 0
-11.8461 -11.433 -42.4618 6.61028 7.09123 -33.9227 31.8973 0.603123 -22.1298 30.8328 1.26711 -1.62216 12.6309 3.3173 3.56845 11.5373 12.1432 25.3309 5.34607 1.71926 41.8579 13.8111 -26.3862 37.1885 8.67319 -34.4542 16.3327 2.44066 -30.0832 -5.82569 -16.4358 -28.5586 -13.671 -18.9747 -3.48337 -21.3472 -36.4469 13.4262 -11.827 -30.7543 5.86361 8.40002 -17.4136 -10.0439 15.6687 0.496901 -12.7936 35.8024 11.7018 10.5069 34.5359 9.14579 24.1649 16.3777 24.7971 40.178 8.10172 16.9284 35.5535 -15.1682 8.63872 12.993 -18.1408 5.26299 -2.93767 1.46436 -16.2772 4.33401 -2.83883 -41.6157 -6.77821 -6.47813 -33.0606 -12.3948 -31.3005 0 0 0 0 0 0 0 0 0 0 0 0 0 0 0 0 0 0 0 0 0 0 0 0 0 0
-11.2229 -8.261 -43.6033 6.80007 9.75972 -33.4081 31.7201 2.68673 -21.2049 30.0911 2.55773 -0.747155 11.7232 2.98479 3.94116 9.28207 11.5534 25.6536 3.6372 0.594496 42.0106 13.9532 -26.7844 37.1764 9.8183 -34.8017 16.1045 3.72763 -30.5017 -6.10649 -15.0978 -29.0198 -14.0802 -17.9406 -3.78364 -21.0499 -35.7112 12.5934 -11.1833 -30.8686 3.71741 8.6637 -16.7213 -11.5166 15.7706 1.76277 -13.2503 35.4551 10.711 10.9028 34.8619 6.84893 24.7016 17.097 21.5407 41.3192 8.35725 14.1695 35.4752 -14.763 8.95661 12.1913 -17.435 5.63717 -3.47328 2.38981 -16.0037 2.96056 -2.56229 -40.6176 -9.12415 -7.44668 -32.341 -10.8047 -32.6233 0 0 0 0 0 0 0 0 0 0 0 0 0 0 0 0 0 0 0 0 0 0 0 0 0 0
-9.65319 -8.47067 -43.4401 7.35808 10.4657 -33.2575 32.0831 4.67599 -20.1215 29.6178 3.86018 0.207211 11.2366 2.31063 4.03034 6.93085 10.3406 25.5709 3.84588 -0.980521 42.1568 15.7231 -27.3424 35.9836 10.4771 -35.5133 15.2534 4.20428 -31.3263 -6.92744 -14.6774 -29.5197 -14.6886 -17.1876 -4.22547 -21.5662 -34.866 12.2978 -11.7797 -30.2384 3.33493 8.07824 -15.7039 -11.4077 15.4056 3.02908 -12.2401 34.8893 8.87323 12.5566 36.0988 6.10886 26.6666 18.4105 22.3829 40.5927 8.48848 12.939 35.8749 -13.9975 9.33035 12.6457 -18.3072 7.74013 -4.51862 0.280786 -14.184 1.90018 -2.32539 -38.9194 -9.93321 -7.20377 -30.3615 -12.4283 -32.2028 0 0 0 0 0 0 0 0 0 0 0 0 0 0 0 0 0 0 0 0 0 0 0 0 0 0
-10.9755 -11.06 -43.024 6.57 8.07804 -34.3705 31.5967 2.59325 -21.6984 29.8567 3.32671 -1.36346 11.6698 1.80957 3.23801 8.28081 9.9721 24.8722 3.92457 -1.04491 41.3252 14.2973 -28.0718 35.5627 10.7266 -35.4236 14.2688 4.24038 -30.8345 -7.76548 -14.6562 -28.1018 -15.1456 -16.1762 -2.6503 -21.6385 -33.3078 14.3497 -11.7248 -29.5185 4.65966 7.93633 -14.874 -9.83206 15.5305 2.18202 -11.1664 36.3555 9.27473 13.2661 37.5991 6.00661 27.9035 20.4573 22.197 40.4897 8.95166 10.6759 36.1566 -12.4963 8.72925 13.1464 -18.2453 7.33618 -5.11738 -0.792113 -14.564 1.60505 -2.52015 -39.6148 -9.88216 -6.38258 -31.594 -13.765 -31.3383 0 0 0 0 0 0 0 0 0 0 0 0 0 0 0 0 0 0 0 0 0 0 0 0 0 0
-10.3964 -8.36404 -44.0353 6.69403 10.4567 -34.0105 31.2784 4.56075 -20.7033 28.8827 4.74568 -0.440895 10.884 1.45157 3.54167 6.0523 8.9859 25.0719 2.25574 -2.51952 41.3097 14.5252 -28.6132 35.3655 11.9023 -35.7758 13.8927 5.67211 -31.2047 -8.21742 -13.1335 -28.4355 -15.8096 -14.8733 -2.80838 -21.4345 -32.2906 13.6463 -11.1328 -29.1191 2.868 8.01818 -13.9244 -10.8727 15.8623 3.34237 -11.0105 36.5191 8.14219 13.8347 38.2076 3.63504 28.3428 21.2849 18.8149 41.6438 9.2929 7.8986 35.5261 -11.9519 9.03096 12.5964 -17.4 7.79194 -5.66433 0.0672733 -14.263 0.121949 -2.45489 -38.5433 -12.3478 -7.57775 -30.9342 -12.369 -32.6617 0 0 0 0 0 0 0 0 0 0 0 0 0 0 0 0 0 0 0 0 0 0 0 0 0 0
-10.6175 -7.20643 -43.5215 6.93798 11.5359 -34.2159 31.1111 5.59465 -20.2178 27.6924 2.55463 -0.634604 9.73848 2.94137 3.18552 6.18358 9.82191 25.1276 0.531947 -1.62059 40.74 12.5197 -28.0293 35.7956 11.2949 -35.2626 14.2671 5.16189 -31.3399 -7.9842 -13.6222 -29.0151 -15.7611 -15.7268 -3.53296 -21.8652 -33.8243 12.6679 -12.4324 -29.0411 4.43545 7.3871 -13.6113 -8.84035 15.543 1.68638 -9.68408 37.5421 8.48185 14.6105 39.1137 5.2688 29.278 22.0841 21.488 41.0508 9.99836 10.1242 35.734 -11.2074 9.41784 12.8335 -16.5373 9.21944 -5.38834 0.982154 -13.0596 -0.408295 -1.06273 -36.9054 -13.6609 -6.18222 -30.6923 -11.0937 -31.3467 0 0 0 0 0 0 0 0 0 0 0 0 0 0 0 0 0 0 0 0 0 0 0 0 0 0
-9.69005 -7.20498 -43.0787 6.47573 12.3389 -33.0923 31.4178 7.77561 -20.0853 28.9448 4.27205 -0.465675 11.2161 3.31786 3.96709 8.05449 9.32773 26.2004 1.52553 -2.38463 41.221 11.6981 -29.1974 35.0417 8.6443 -35.848 13.5928 3.22215 -30.8276 -8.58372 -15.2913 -27.9684 -16.7854 -16.3039 -2.58235 -23.4235 -31.7619 15.0559 -12.5677 -28.9551 4.58543 6.30399 -13.6144 -8.23853 15.2595 0.98795 -8.30034 37.7129 7.76051 16.0251 38.6433 6.45356 29.705 20.7208 23.9793 39.7102 9.08291 13.1638 34.5336 -12.4323 10.2706 11.7333 -16.8459 9.71031 -5.85472 1.27752 -12.4346 -0.356465 -0.824777 -36.5563 -13.0361 -6.06102 -28.8491 -13.4883 -30.7028 0 0 0 0 0 0 0 0 0 0 0 0 0 0 0 0 0 0 0 0 0 0 0 0 0 0
-9.47649 -6.37331 -43.2492 6.47714 13.1172 -32.8378 31.331 8.51532 -19.6777 28.7034 4.63698 -0.153342 10.9491 3.3256 4.05985 7.41489 9.12887 26.2879 0.939072 -2.80032 41.1577 11.6812 -29.3717 34.931 8.90557 -35.9796 13.4331 3.58033 -30.9546 -8.76567 -14.8955 -28.0702 -17.0424 -15.9499 -2.62432 -23.4357 -31.4513 14.8784 -12.4255 -28.7731 4.1381 6.30985 -13.3225 -8.48929 15.3523 1.30363 -8.25009 37.7869 7.35845 16.2471 38.8492 5.78162 29.946 20.9651 23.1225 40.0769 9.16362 12.3995 34.3789 -12.2591 10.5079 11.4856 -16.619 9.95918 -6.02739 1.57699 -12.2233 -0.813596 -0.798099 -36.1029 -13.7914 -6.37753 -28.5939 -13.0905 -31.0469 0 0 0 0 0 0 0 0 0 0 0 0 0 0 0 0 0 0 0 0 0 0 0 0 0 0
-8.81109 -3.68336 -43.585 6.43618 15.6079 -31.9207 30.9574 10.8915 -18.2052 27.8255 5.98825 0.974796 10.0678 3.55424 4.36433 5.31377 8.43141 26.5345 -1.07849 -4.27435 40.7477 11.6277 -29.8695 34.5159 9.76449 -36.3858 12.9117 4.81077 -31.414 -9.38144 -13.5123 -28.3984 -17.9392 -14.6909 -2.76828 -23.4487 -30.4108 14.2278 -11.987 -28.0298 2.71581 6.30128 -12.2815 -9.21843 15.7239 2.28643 -7.92177 38.1352 5.96037 16.9065 39.5655 3.49231 30.5761 21.7826 20.1922 41.0886 9.43884 9.95649 33.6317 -11.5975 11.2516 10.873 -15.6982 10.6723 -6.62183 2.51422 -11.5512 -2.31773 -0.774743 -34.4862 -16.1381 -7.78331 -27.7399 -11.7149 -31.9849 0 0 0 0 0 0 0 0 0 0 0 0 0 0 0 0 0 0 0 0 0 0 0 0 0 0
-7.96679 -5.2763 -44.1763 6.51603 14.4307 -32.2702 30.2681 10.2778 -17.1882 26.2503 4.11962 1.38399 8.34267 3.04489 4.36243 3.48177 8.22761 26.4374 1.89279 -3.70619 41.7506 12.3799 -29.6131 33.6444 7.49393 -35.503 12.5658 4.03144 -30.6047 -9.97244 -13.6506 -27.7175 -19.7298 -15.4638 -1.92413 -23.9773 -30.5119 14.2861 -10.7838 -28.352 1.07504 6.21192 -12.3121 -10.0519 16.0712 2.46383 -7.28669 38.1596 4.58854 17.6937 38.9377 2.41085 30.663 20.6244 19.1855 41.557 8.73571 9.11346 34.7391 -12.5824 9.70423 12.0198 -16.9811 10.8124 -5.67316 0.931226 -11.6761 -2.74445 -1.59105 -33.8319 -17.7521 -8.5198 -26.5495 -14.1709 -32.6847 0 0 0 0 0 0 0 0 0 0 0 0 0 0 0 0 0 0 0 0 0 0 0 0 0 0
-7.16485 -2.87807 -44.3719 6.35508 16.6977 -31.2756 29.6496 12.5647 -15.5123 25.2023 5.29182 2.50385 7.30563 3.22392 4.5939 1.22806 7.35533 26.5298 -0.127222 -5.09992 41.4283 12.4015 -29.911 33.128 8.20273 -35.8558 11.9287 5.20843 -30.9811 -10.6766 -12.2514 -27.8721 -20.7505 -14.2626 -1.96831 -23.9932 -29.5684 13.5682 -10.3225 -27.4595 -0.290523 6.13441 -11.3276 -10.7259 16.5445 3.37262 -6.70465 38.4531 2.90132 18.2118 39.5638 -0.0359307 31.1333 21.339 16.1845 42.2882 8.95926 6.64671 33.9142 -11.9799 10.0917 11.5961 -16.1685 11.3867 -6.05585 1.77068 -11.0585 -4.25995 -1.63472 -31.9213 -20.0427 -10.2706 -25.4841 -13.0594 -33.6521 0 0 0 0 0 0 0 0 0 0 0 0 0 0 0 0 0 0 0 0 0 0 0 0 0 0
-9.13649 -2.41132 -45.0244 6.07324 16.0418 -32.3206 29.2035 10.1801 -16.9699 24.5495 3.0995 1.06851 6.65587 2.50386 3.53565 1.41888 7.11156 25.5717 1.13069 -4.90738 40.8339 12.9867 -29.9902 32.3962 8.66384 -35.6856 11.1553 5.80899 -30.5881 -11.4173 -11.5925 -28.1402 -21.7462 -14.1198 -2.40025 -25.7216 -28.919 13.4189 -11.8332 -26.3457 -0.189593 4.75681 -9.94652 -8.97512 16.0614 1.50137 -5.48782 39.6288 2.27156 19.3904 40.7342 0.918796 32.3503 22.4195 18.2715 42.1409 10.5706 8.38959 35.3144 -10.7052 9.27388 12.9703 -15.2635 11.2707 -5.05572 2.20955 -11.1284 -4.47625 -1.64682 -30.991 -21.4915 -10.1526 -26.6697 -12.7337 -33.2572 0 0 0 0 0 0 0 0 0 0 0 0 0 0 0 0 0 0 0 0 0 0 0 0 0 0
-8.81376 -1.26037 -45.091 5.98616 17.1454 -31.8628 28.8989 11.2797 -16.1955 24.0187 3.60931 1.52524 6.10343 2.54444 3.5555 0.256081 6.61264 25.529 0.129329 -5.62654 40.6139 13.0435 -30.1147 32.0713 9.03246 -35.8504 10.7826 6.43995 -30.7855 -11.8275 -10.8378 -28.2147 -22.3299 -13.4683 -2.41663 -25.7934 -28.4311 13.041 -11.6824 -25.7398 -0.792832 4.69795 -9.31387 -9.15529 16.2702 1.81791 -5.19899 39.908 1.36479 19.6532 41.0912 -0.309928 32.5949 22.793 16.8185 42.531 10.7455 7.16266 34.9761 -10.3731 9.4058 12.7503 -14.8376 11.4644 -5.18264 2.72322 -10.8344 -5.19026 -1.64404 -29.9181 -22.53 -11.1242 -26.1064 -12.2886 -33.6401 0 0 0 0 0 0 0 0 0 0 0 0 0 0 0 0 0 0 0 0 0 0 0 0 0 0
-8.23386 0.696811 -45.108 5.76396 19.0354 -30.9968 28.2534 13.2104 -14.7297 23.01 4.60849 2.41261 5.12287 2.74021 3.60821 -1.78076 5.69473 25.3981 -1.70486 -7.00065 40.0876 13.1159 -30.2399 31.4561 9.66697 -36.1146 10.1148 7.57607 -31.1838 -12.5707 -9.45072 -28.3129 -23.3885 -12.2239 -2.43654 -25.8804 -27.5477 12.3417 -11.4568 -24.5575 -1.78928 4.60655 -8.12934 -9.34626 16.6799 2.29865 -4.59413 40.4672 -0.316241 20.0241 41.7359 -2.54836 32.8953 23.4563 14.1792 43.0739 11.0665 5.03107 34.2306 -9.72758 9.56384 12.4418 -13.9912 11.7025 -5.45221 3.59955 -10.3274 -6.45206 -1.69831 -27.8969 -24.1272 -13.0069 -25.036 -11.5416 -34.2629 0 0 0 0 0 0 0 0 0 0 0 0 0 0 0 0 0 0 0 0 0 0 0 0 0 0
-7.64446 2.5396 -45.0451 5.48094 20.8294 -30.1076 27.5088 15.0919 -13.209 21.9357 5.68906 3.36808 4.14508 3.05978 3.69477 -3.74731 4.77255 25.2209 -3.54586 -8.44884 39.4189 13.132 -30.2811 30.8171 10.2761 -36.3578 9.4539 8.70839 -31.6281 -13.3093 -8.03417 -28.3742 -24.4427 -10.9065 -2.45088 -25.9118 -26.659 11.6287 -11.2775 -23.303 -2.68522 4.54274 -6.91937 -9.40171 17.1228 2.69248 -3.91317 41.0689 -2.04888 20.2865 42.3727 -4.80252 33.0604 24.1036 11.5386 43.4568 11.3951 2.99205 33.3746 -9.03934 9.62248 12.1992 -13.0749 11.8353 -5.76822 4.43103 -9.8394 -7.69797 -1.81261 -25.7932 -25.4496 -14.9762 -23.907 -10.8396 -34.8355 0 0 0 0 0 0 0 0 0 0 0 0 0 0 0 0 0 0 0 0 0 0 0 0 0 0
-6.96579 4.45428 -44.8999 5.09771 22.7085 -29.11 26.558 17.1214 -11.4732 20.6439 6.98726 4.51413 3.04603 3.56029 3.8498 -5.83303 3.76178 24.9756 -5.56558 -10.1304 38.4824 13.0526 -30.2514 30.0821 10.9264 -36.6192 8.733 9.95683 -32.1796 -14.112 -6.41896 -28.3949 -25.5934 -9.35299 -2.46613 -25.8594 -25.6635 10.8263 -11.1327 -21.8538 -3.54754 4.52205 -5.57708 -9.30257 17.6559 3.03645 -3.06425 41.7647 -4.04569 20.4306 43.0545 -7.31279 33.0925 24.7995 8.63834 43.6861 11.7739 0.85045 32.321 -8.2269 9.54765 11.9783 -11.9872 11.8593 -6.18157 5.30349 -9.31253 -9.06988 -2.01648 -23.3643 -26.5841 -17.2126 -22.5775 -10.1002 -35.4232 0 0 0 0 0 0 0 0 0 0 0 0 0 0 0 0 0 0 0 0 0 0 0 0 0 0
-5.91449 2.95189 -45.9246 4.28756 21.9467 -29.8288 24.9817 17.6916 -11.0461 20.3098 4.82822 2.8294 2.71563 1.91322 3.78874 -4.3511 3.65557 25.3833 -2.6487 -9.107 39.725 13.9775 -30.5912 30.891 11.2953 -36.3017 9.43646 10.7008 -31.3627 -13.3099 -5.50806 -28.3142 -25.2074 -9.49998 -2.55394 -25.708 -27.8178 9.83299 -12.9905 -23.723 -2.87301 3.85312 -7.00631 -8.03766 16.6506 1.09345 -2.81372 41.1456 -1.79791 21.2028 41.861 -6.01105 33.7753 23.7642 9.09583 45.4373 10.7161 1.84926 33.818 -9.33308 10.1146 13.1859 -12.2776 10.9201 -4.69593 5.36361 -9.57856 -7.58107 -3.51211 -23.5591 -26.2769 -17.1628 -20.9819 -12.4517 -36.9942 0 0 0 0 0 0 0 0 0 0 0 0 0 0 0 0 0 0 0 0 0 0 0 0 0 0
-4.92328 4.67805 -45.9102 3.93567 23.7089 -29.1455 23.5066 19.657 -9.21843 18.8854 5.75538 3.54459 1.34256 2.49411 3.98834 -6.11209 2.7655 25.4669 -4.64769 -10.915 38.8996 13.9851 -30.53 30.1482 11.9535 -36.4927 8.70225 12.1018 -31.8326 -14.0963 -3.67008 -28.3542 -26.4313 -8.00565 -2.67999 -25.7981 -26.852 8.84242 -13.0805 -22.2599 -3.73775 3.72142 -5.7379 -7.57635 17.138 0.827685 -2.14528 41.993 -3.32318 21.6538 42.625 -8.37375 33.8613 24.5157 6.03094 45.7407 10.9137 -0.386891 32.7798 -8.51417 9.91856 13.1734 -11.1063 10.8853 -5.11263 6.09625 -8.9566 -8.78353 -3.80438 -20.912 -27.2059 -19.338 -19.4488 -11.5907 -37.7389 0 0 0 0 0 0 0 0 0 0 0 0 0 0 0 0 0 0 0 0 0 0 0 0 0 0
-4.87387 6.18722 -46.7649 5.80822 24.2954 -30.1669 25.4677 18.6198 -10.8058 19.5316 8.27657 3.92579 3.3849 1.77315 2.91989 -6.11828 1.04036 23.4126 -3.26779 -10.9871 37.9418 14.0412 -31.9056 29.7201 13.519 -36.7226 7.98393 13.0031 -30.8729 -14.4897 -3.12732 -27.6581 -26.4107 -8.46223 -2.25127 -24.8443 -27.3677 8.07512 -11.2975 -22.7047 -5.74644 4.38954 -6.78211 -9.76463 18.4342 0.0433723 -2.72207 42.7496 -5.78611 20.6481 42.4845 -7.98922 32.9232 24.0794 8.32897 44.1794 12.5835 2.20437 33.7584 -8.2041 9.40328 13.1953 -11.5908 10.7309 -4.99752 5.68224 -9.06835 -9.04933 -4.14725 -20.2616 -26.6463 -21.0453 -19.5694 -9.665 -38.1188 0 0 0 0 0 0 0 0 0 0 0 0 0 0 0 0 0 0 0 0 0 0 0 0 0 0
-6.06524 6.6564 -46.1115 6.20689 23.72 -29.616 24.8348 16.3773 -9.90098 18.8651 3.67866 2.37845 2.18189 -0.313017 3.0276 -5.16945 0.155572 24.2395 -2.20039 -11.9211 38.7032 15.6495 -32.3767 30.5041 15.0752 -37.413 8.82021 13.5105 -31.8803 -13.6585 -3.13933 -28.7469 -24.828 -8.10575 -3.24996 -23.6619 -27.6284 7.45264 -11.4293 -22.6357 -4.42567 5.52232 -5.83757 -8.72147 18.3252 2.41315 -2.55979 42.3773 -2.29944 21.0201 42.8231 -5.96454 33.5946 24.9278 9.34494 44.2944 11.8018 1.74581 32.9926 -7.9124 9.89474 12.9307 -11.8819 12.5281 -5.47047 4.95931 -7.65365 -9.8176 -3.84793 -19.3133 -27.2023 -20.6418 -19.9143 -9.74968 -37.1706 0 0 0 0 0 0 0 0 0 0 0 0 0 0 0 0 0 0 0 0 0 0 0 0 0 0
-6.90981 5.55376 -45.9215 4.92667 23.3774 -29.9513 23.968 17.1207 -10.2911 18.3808 4.88644 2.59498 1.89882 0.195025 3.29242 -5.59312 0.934795 24.445 -3.93025 -11.5834 38.673 13.8629 -32.3167 31.1008 14.583 -36.8167 9.34885 13.7043 -30.8308 -13.0355 -2.5899 -27.4632 -24.6366 -6.88763 -1.84093 -24.0112 -26.6134 9.54837 -12.837 -23.2781 -2.80395 4.09534 -7.53915 -8.2713 17.6553 0.624992 -1.97485 41.7014 -3.95629 21.6326 41.9467 -6.88521 34.1998 23.9267 8.99192 43.9533 10.7841 1.04142 32.7092 -8.82075 6.99128 11.8635 -11.6326 10.2881 -5.20936 6.34821 -9.07889 -11.5851 -2.77106 -18.4646 -29.0416 -20.6864 -20.1602 -11.0418 -36.4738 0 0 0 0 0 0 0 0 0 0 0 0 0 0 0 0 0 0 0 0 0 0 0 0 0 0
-6.03714 6.86556 -45.8131 4.62999 24.8176 -29.2297 22.6803 18.7988 -8.63162 17.1457 5.66545 3.28828 0.750664 0.674879 3.40155 -7.09516 0.0202705 24.3783 -5.72112 -13.4154 37.7115 13.979 -32.2826 30.4652 15.2054 -37.0006 8.78935 15.0688 -31.2114 -13.6503 -0.799584 -27.3513 -25.6559 -5.40156 -1.86745 -23.8513 -25.6388 8.75171 -12.8751 -22.0091 -3.4681 4.08963 -6.40277 -7.97766 18.1054 0.628232 -1.26717 42.3655 -5.77555 21.8354 42.5832 -9.11462 34.276 24.5519 6.45355 43.9999 11.0322 -1.08097 31.7447 -8.08849 6.63324 11.568 -10.8597 10.0685 -5.66242 6.9419 -8.46219 -12.8445 -3.14002 -16.0006 -29.4183 -22.5281 -18.6147 -10.5382 -37.0012 0 0 0 0 0 0 0 0 0 0 0 0 0 0 0 0 0 0 0 0 0 0 0 0 0 0
-5.86255 6.41971 -45.5752 5.11187 23.9629 -28.7658 23.8127 17.5222 -8.91748 18.0771 5.54857 3.98907 1.5968 0.906137 4.50831 -5.90504 1.03569 25.6026 -4.87671 -12.1453 39.2086 13.5369 -32.179 31.9187 15.1156 -36.3554 10.1644 14.7399 -30.1246 -12.1479 -1.22944 -27.1496 -24.2379 -5.94137 -1.67811 -24.1174 -24.1815 10.0741 -11.3334 -21.7934 -3.9499 4.19269 -8.46508 -9.06873 19.9386 -1.61047 -0.618449 43.6291 -8.54832 22.2356 42.3287 -8.92291 34.4789 24.1039 8.57566 42.5687 12.3306 1.72093 31.3342 -7.59926 8.05939 10.7361 -10.3854 10.6151 -6.59742 7.44205 -7.79651 -13.318 -3.14022 -15.2946 -30.0663 -22.3922 -18.1305 -11.2954 -36.9629 0 0 0 0 0 0 0 0 0 0 0 0 0 0 0 0 0 0 0 0 0 0 0 0 0 0
-5.93814 6.59804 -45.5504 4.99583 24.1164 -28.689 23.6405 17.6445 -8.79816 17.9496 5.47388 3.94007 1.46447 0.849678 4.46784 -6.01979 0.964504 25.5684 -5.20482 -12.3202 39.0854 13.291 -32.3207 31.9144 15.1443 -36.3715 10.1601 14.7982 -30.0662 -12.1316 -1.15182 -27.1478 -24.2606 -5.83879 -1.67198 -24.2982 -23.9126 10.2067 -11.3976 -21.7206 -3.99657 3.99093 -8.63074 -9.25914 19.8857 -1.77792 -0.749628 43.5554 -8.69936 22.1056 42.191 -8.9546 34.3328 23.9536 8.61707 42.5267 12.3648 1.91482 31.4343 -7.69463 8.10865 10.7942 -10.4903 10.6996 -6.52152 7.34929 -7.72759 -13.2578 -3.1956 -15.2449 -29.98 -22.4628 -18.1433 -11.1852 -36.99 0 0 0 0 0 0 0 0 0 0 0 0 0 0 0 0 0 0 0 0 0 0 0 0 0 0
-6.73672 6.97114 -45.3381 4.09168 24.4044 -28.3223 22.9594 17.9165 -8.65076 17.4525 5.6483 4.07305 1.01229 0.879987 4.68319 -6.25033 0.546874 25.8527 -5.90545 -13.228 38.8633 13.0394 -32.8252 31.7777 15.3436 -36.5564 10.0164 14.9215 -30.0693 -12.2208 -1.06569 -27.1575 -24.3022 -5.67612 -1.6683 -24.4379 -23.592 10.3371 -11.4367 -21.5167 -3.96379 3.87653 -8.59142 -9.28111 19.8859 -1.96746 -0.841096 43.6441 -9.20923 21.919 42.4043 -9.13504 34.4132 24.3531 8.64038 42.7633 13.2061 2.20483 32.1152 -7.16972 8.1609 11.4406 -10.1981 10.6328 -6.08004 7.45473 -7.78157 -12.634 -3.22427 -15.4187 -29.6877 -22.1443 -18.5493 -11.1397 -36.9319 0 0 0 0 0 0 0 0 0 0 0 0 0 0 0 0 0 0 0 0 0 0 0 0 0 0
-6.03735 7.82612 -46.9942 5.09845 24.8883 -29.8091 21.4023 17.685 -8.42383 15.8042 3.6387 1.80952 -0.778101 -0.0530785 3.42303 -6.97698 1.38079 24.7827 -5.67529 -11.1291 38.831 10.7818 -32.601 31.6496 16.0994 -34.5707 10.4814 15.2792 -29.4426 -12.0507 -0.922136 -27.0038 -23.9372 -5.82609 -1.58607 -24.622 -21.8264 10.9981 -10.0205 -20.0336 -4.12576 4.46873 -8.31907 -9.68304 21.2442 -3.09267 -1.34484 45.3407 -6.12354 21.853 42.9913 -7.13524 33.2174 24.3115 9.38004 43.7026 13.3078 3.40093 33.5652 -7.4489 8.3584 12.646 -10.4213 9.86443 -4.92689 7.26193 -7.4877 -11.7967 -4.7688 -13.3812 -29.1778 -23.928 -17.0974 -10.8317 -38.8182 0 0 0 0 0 0 0 0 0 0 0 0 0 0 0 0 0 0 0 0 0 0 0 0 0 0
-5.3312 8.63483 -47.056 5.04107 25.8633 -29.5817 20.2775 18.8641 -7.39887 14.9819 4.15313 1.96099 -1.52198 0.0823322 3.40194 -7.79187 0.719503 24.7645 -7.09207 -12.48 38.165 10.847 -32.8048 31.4723 16.562 -34.6497 10.4009 16.1765 -29.3791 -12.1052 0.209824 -26.8413 -24.2789 -4.93028 -1.467 -24.5494 -21.1475 10.704 -9.84511 -19.0024 -4.44834 4.56159 -7.53386 -9.57775 21.6308 -3.22708 -1.06529 45.8298 -7.40243 21.921 43.4443 -8.62293 33.2617 24.7639 7.77145 43.7119 13.5508 1.99018 33.0077 -6.96597 8.24758 12.4817 -9.91692 9.79519 -5.27501 7.57595 -6.95613 -12.5042 -5.04627 -11.5941 -29.1824 -25.0814 -15.9507 -10.3958 -39.1872 0 0 0 0 0 0 0 0 0 0 0 0 0 0 0 0 0 0 0 0 0 0 0 0 0 0
-4.08772 9.96207 -47.1761 5.0376 27.4093 -29.2792 18.248 20.679 -5.87544 13.3675 5.2397 2.36563 -3.01952 0.681003 3.54428 -9.17097 -0.390232 24.8552 -9.0884 -14.7325 36.899 10.9211 -33.0997 31.1596 17.1848 -34.9782 10.2556 17.6398 -29.5325 -12.191 2.14474 -26.5746 -24.8439 -3.21283 -1.2668 -24.2455 -20.0188 10.1663 -9.64102 -17.2767 -4.84854 4.79538 -6.19686 -9.189 22.3061 -3.62768 -0.632063 46.6727 -9.44137 21.9193 44.1742 -11.0422 33.1661 25.4698 5.10498 43.6182 13.9129 -0.240552 31.9486 -6.15858 7.96672 12.2224 -9.03057 9.61165 -5.93563 8.02575 -6.04185 -13.6039 -5.60986 -8.65297 -28.9262 -26.871 -13.9915 -9.60698 -39.773 0 0 0 0 0 0 0 0 0 0 0 0 0 0 0 0 0 0 0 0 0 0 0 0 0 0
-6.18412 9.73789 -46.87 3.15868 27.4002 -29.3051 19.0023 21.3022 -7.64983 14.5389 6.97693 2.36977 -1.74239 2.46514 4.46929 -6.56205 0.989958 26.05 -8.16278 -13.7229 37.3744 9.94151 -33.6232 31.0092 15.8721 -35.5359 10.0142 18.0305 -29.1355 -11.9875 3.58196 -25.3872 -25.5378 -2.10704 -0.242076 -23.7238 -20.5339 10.1133 -10.5382 -18.1285 -4.83859 4.01843 -7.48004 -9.09122 21.8084 -5.66313 -0.556118 46.2385 -10.4348 22.1821 43.4778 -10.0791 33.5272 24.8708 7.42424 42.2131 14.093 1.57973 31.6282 -6.3966 5.75089 11.031 -8.81009 8.09217 -6.3887 8.88108 -5.39235 -15.9902 -5.49767 -4.9361 -29.5509 -27.7686 -13.2479 -10.8204 -39.5042 0 0 0 0 0 0 0 0 0 0 0 0 0 0 0 0 0 0 0 0 0 0 0 0 0 0
-5.2969 10.4136 -46.9554 3.16071 28.2891 -29.1836 17.829 22.4531 -6.69377 13.5237 7.68756 2.7067 -2.70875 2.93897 4.63414 -7.42455 0.366356 26.1062 -9.2257 -14.8921 36.6031 9.98685 -33.827 30.753 16.2139 -35.7702 9.84925 18.9414 -29.2867 -12.057 4.85179 -25.1892 -25.8699 -1.01277 -0.141259 -23.4705 -19.8187 9.74676 -10.478 -17.1129 -5.06169 4.16822 -6.72145 -8.83172 22.2071 -5.97683 -0.352406 46.6892 -11.772 22.1128 43.8575 -11.5256 33.5262 25.291 5.93384 42.0514 14.3184 0.130662 30.9964 -5.92627 5.56674 10.7518 -8.44415 8.01287 -6.85817 9.04074 -4.72168 -16.6582 -5.8488 -3.27459 -29.1913 -28.6223 -12.0289 -10.3091 -39.7527 0 0 0 0 0 0 0 0 0 0 0 0 0 0 0 0 0 0 0 0 0 0 0 0 0 0
-6.69005 11.2462 -45.4905 2.36439 29.1185 -28.0249 16.6276 23.1778 -5.30811 13.3393 7.63007 3.03561 -2.55991 2.00487 5.13769 -7.24693 0.0674258 26.6731 -9.40374 -14.8762 37.5327 8.35445 -34.9473 31.2049 16.1921 -35.6897 10.8783 19.0846 -29.0859 -10.9698 5.37297 -26.8634 -25.4292 -2.72289 -2.49957 -24.4345 -20.744 7.0364 -10.2114 -16.0466 -6.98598 4.54779 -6.91637 -9.00203 23.3857 -9.45469 -0.403245 47.4792 -12.9079 22.3457 44.1561 -11.7764 33.1949 25.3179 6.12555 41.6719 15.0791 0.515739 31.6024 -5.69548 4.79605 11.1818 -8.66899 10.4096 -6.1857 8.00185 -3.4038 -16.7271 -5.16186 -4.3312 -28.7513 -28.1061 -13.3907 -9.39436 -38.0321 0 0 0 0 0 0 0 0 0 0 0 0 0 0 0 0 0 0 0 0 0 0 0 0 0 0
-6.55875 11.3632 -45.4991 2.3751 29.2699 -28.0071 16.4208 23.3693 -5.14633 13.1726 7.76281 3.10211 -2.71189 2.08317 5.16764 -7.37815 -0.0477991 26.6884 -9.60355 -15.0883 37.3977 8.36267 -35.0052 31.1773 16.255 -35.7375 10.8716 19.2381 -29.0993 -10.9536 5.58528 -26.8436 -25.4632 -2.56149 -2.49958 -24.4047 -20.6411 6.95014 -10.1987 -15.8682 -7.02688 4.57904 -6.80728 -8.95417 23.4592 -9.55566 -0.400252 47.5447 -13.117 22.3323 44.2253 -12.0049 33.1957 25.3941 5.89218 41.6403 15.1203 0.26924 31.5108 -5.62137 4.74126 11.1357 -8.61767 10.385 -6.22852 8.04646 -3.28664 -16.835 -5.21145 -4.05019 -28.6837 -28.2513 -13.1913 -9.30678 -38.0617 0 0 0 0 0 0 0 0 0 0 0 0 0 0 0 0 0 0 0 0 0 0 0 0 0 0
-6.60939 11.5034 -45.4048 2.27935 29.3966 -27.8762 16.1812 23.4718 -4.93449 13.0417 7.76256 3.15669 -2.80057 1.93892 5.1365 -7.5902 -0.163998 26.6325 -9.77639 -15.1889 37.3715 8.28179 -35.0472 31.2317 16.2759 -35.7463 10.965 19.3144 -29.1131 -10.8541 5.70032 -26.874 -25.4025 -2.49155 -2.54467 -24.3564 -20.5499 6.8901 -10.1136 -15.6814 -7.02905 4.687 -6.61639 -8.86133 23.5745 -9.41614 -0.26054 47.6372 -13.2339 22.4189 44.2514 -12.1782 33.2518 25.3995 5.69585 41.6228 15.0266 0.00789422 31.3757 -5.63894 4.63329 11.0306 -8.60207 10.3493 -6.27726 8.09565 -3.13881 -17.0163 -5.241 -3.72962 -28.6226 -28.4068 -13.0622 -9.24388 -38.0277 0 0 0 0 0 0 0 0 0 0 0 0 0 0 0 0 0 0 0 0 0 0 0 0 0 0
-5.31467 12.5631 -45.4407 2.35076 30.6835 -27.6169 14.2329 25.0453 -3.60828 11.3927 8.99999 3.87592 -4.32475 2.77272 5.51996 -8.80225 -1.1692 26.7402 -11.2937 -16.9849 36.0549 8.32292 -35.4749 30.9476 16.7185 -36.2686 10.8524 20.6862 -29.4109 -10.7245 7.67632 -26.6995 -25.712 -0.924604 -2.56485 -23.9827 -19.6002 6.03058 -10.0495 -14.0859 -7.30382 5.03207 -5.73962 -8.26409 24.2748 -10.4757 -0.302558 48.1668 -14.8787 22.2829 44.9205 -14.1681 33.237 26.1262 3.53987 41.3671 15.3006 -2.23334 30.3371 -4.9133 4.22327 10.6243 -8.07889 10.0794 -6.79535 8.45144 -2.09933 -17.8304 -5.77651 -1.31247 -27.8876 -29.552 -11.2309 -8.41973 -38.3116 0 0 0 0 0 0 0 0 0 0 0 0 0 0 0 0 0 0 0 0 0 0 0 0 0 0
-4.58748 11.7782 -46.3528 1.18977 29.9253 -27.9622 13.7738 24.8862 -4.19829 11.2636 8.99453 3.69982 -4.35287 2.81804 6.12367 -7.99944 -0.509979 27.5804 -10.5313 -16.0195 37.3696 7.39429 -35.6498 31.0143 16.6703 -35.3461 11.3513 20.0107 -29.1966 -10.5204 6.71094 -27.7434 -25.3713 -1.32937 -3.4886 -26.0366 -17.8397 7.59758 -11.5419 -13.4625 -6.0483 3.58763 -6.43316 -7.42708 23.2713 -12.4913 0.423223 46.8608 -18.0109 22.6617 43.1916 -15.61 34.0694 24.9021 3.07242 41.0296 15.1036 -2.01675 29.8612 -5.20568 5.90741 10.8182 -8.69438 11.8179 -6.94825 7.43394 -0.408635 -17.6734 -6.98398 0.695354 -28.4787 -30.3992 -9.6743 -9.58065 -39.8062 0 0 0 0 0 0 0 0 0 0 0 0 0 0 0 0 0 0 0 0 0 0 0 0 0 0
-3.91184 12.268 -46.3983 1.19973 30.491 -27.8986 12.9039 25.5498 -3.6893 10.5225 9.51816 3.95559 -5.04349 3.18365 6.28737 -8.46368 -0.980842 27.6171 -11.2553 -16.8155 36.7643 7.30421 -35.9699 30.8579 16.9967 -35.4506 11.4082 20.6226 -29.2957 -10.4146 7.4992 -27.723 -25.4075 -0.642851 -3.49869 -25.8851 -17.4581 7.31392 -11.5417 -12.7943 -6.06907 3.7307 -6.08746 -7.07892 23.5424 -13.0029 0.393426 46.9995 -18.8028 22.5688 43.3928 -16.5064 34.0697 25.149 2.12436 40.9049 15.1683 -2.95391 29.2928 -4.88679 5.75847 10.6262 -8.42007 11.7413 -7.22833 7.58297 0.0767323 -18.013 -7.23398 1.79564 -28.1067 -30.908 -8.80492 -9.16666 -39.9567 0 0 0 0 0 0 0 0 0 0 0 0 0 0 0 0 0 0 0 0 0 0 0 0 0 0
-2.10359 13.5565 -46.3933 1.1671 31.8516 -27.6428 10.6854 27.0552 -2.57585 8.54525 10.7823 4.59337 -6.92626 4.18488 6.80159 -9.58278 -2.13221 27.5743 -12.7833 -18.6362 35.0743 6.99668 -36.7693 30.3607 17.769 -35.6923 11.5618 22.1649 -29.7023 -10.1506 9.51014 -27.7206 -25.4775 1.15728 -3.57091 -25.4032 -16.4594 6.52712 -11.5584 -11.1647 -6.04638 4.14936 -5.46217 -6.14187 24.2503 -14.4222 0.234035 47.2141 -20.5073 22.3814 43.9494 -18.6636 34.0898 25.7934 -0.302922 40.6697 15.1868 -5.26137 27.6671 -3.95474 5.32279 10.153 -7.59068 11.5712 -8.05383 7.8909 1.27035 -18.6985 -7.90946 4.43964 -27.0694 -31.9915 -6.59948 -8.05571 -40.2876 0 0 0 0 0 0 0 0 0 0 0 0 0 0 0 0 0 0 0 0 0 0 0 0 0 0
-2.29465 15.2473 -45.8686 -0.213006 33.1393 -26.615 9.04654 28.1151 -1.49814 8.88227 11.4618 4.70154 -5.62905 3.15637 6.78902 -8.26907 -2.57904 27.7232 -11.527 -18.8519 35.6726 7.04962 -37.8062 29.8024 17.4739 -36.5712 10.8226 22.533 -29.2532 -10.27 10.5253 -27.0137 -26.0526 1.19713 -3.26806 -25.3095 -16.6768 5.73602 -11.0952 -10.3302 -6.46882 4.4727 -6.58128 -7.07162 24.9169 -15.1009 2.03219 46.9227 -23.6864 22.2869 40.8705 -20.545 33.4187 22.5864 -1.52834 39.8813 13.2325 -4.76726 26.024 -5.57555 7.04531 9.20943 -8.13993 12.0886 -9.26412 7.41558 2.7005 -19.5759 -9.11103 6.25942 -25.6245 -33.7077 -5.78585 -6.68246 -40.3943 0 0 0 0 0 0 0 0 0 0 0 0 0 0 0 0 0 0 0 0 0 0 0 0 0 0
-2.11418 15.5626 -45.7572 -0.325093 33.4062 -26.4319 8.47372 28.3011 -1.1709 8.47948 11.5904 4.87005 -5.94106 3.09934 6.82037 -8.62303 -2.81425 27.6987 -11.8926 -19.1544 35.5024 6.89281 -37.9527 29.8058 17.551 -36.5714 10.9691 22.7249 -29.2617 -10.0982 10.7992 -27.0077 -25.9405 1.41392 -3.28501 -25.1875 -16.5368 5.64989 -11.0269 -10.0885 -6.40784 4.61249 -6.38155 -6.87227 25.0675 -15.053 2.23944 47.0099 -24.0756 22.2479 40.7997 -20.9697 33.4334 22.5424 -1.96691 39.784 13.0854 -5.16862 25.6089 -5.48642 6.96585 9.02287 -8.00457 12.0507 -9.51932 7.45492 3.03277 -19.8047 -9.28723 6.85992 -25.3223 -33.9611 -5.39169 -6.422 -40.3766 0 0 0 0 0 0 0 0 0 0 0 0 0 0 0 0 0 0 0 0 0 0 0 0 0 0
-0.103721 16.9828 -45.5333 -0.334823 34.7 -26.1166 6.27846 29.5473 -0.305168 6.31873 12.776 5.56221 -8.08594 4.24342 7.44615 -9.61642 -3.91565 27.4987 -13.1978 -20.7982 33.6254 6.7033 -38.6915 29.3268 18.2392 -37.0989 11.0629 24.223 -29.7986 -9.77511 12.806 -26.8594 -25.8533 3.33913 -3.21511 -24.3702 -15.6208 4.9302 -11.1721 -9.07409 -6.20759 5.05884 -5.81788 -5.70785 25.5619 -16.1556 2.19506 47.1489 -26.1538 21.6835 40.8782 -23.133 33.3207 22.899 -4.19331 39.2526 13.0677 -7.15055 23.8277 -4.44464 6.32588 8.44597 -7.12653 12.0182 -10.564 7.4879 4.33472 -20.338 -10.1205 9.36058 -24.0717 -34.8201 -3.13699 -5.11974 -40.5253 0 0 0 0 0 0 0 0 0 0 0 0 0 0 0 0 0 0 0 0 0 0 0 0 0 0
-2.05181 17.878 -46.2427 -0.802735 35.1107 -26.4968 6.76051 29.1348 -1.16308 6.15674 12.3067 4.46517 -8.42994 4.82731 7.8789 -8.49371 -3.16963 28.0005 -12.4639 -19.7513 34.6457 4.53289 -39.1 27.4149 16.2753 -36.6389 9.40426 22.9576 -27.8825 -10.5613 12.4636 -24.9709 -27.2256 1.15002 -2.26804 -25.4704 -17.7592 4.41458 -11.5037 -9.84518 -6.27807 4.34479 -6.56116 -6.06438 24.8464 -16.6777 1.87406 46.5236 -27.0781 21.1433 40.2462 -24.5188 32.6642 22.1278 -6.11461 40.7516 13.1397 -7.16162 26.0033 -5.03177 6.27647 10.4794 -6.7009 10.1688 -8.96287 7.81719 4.12163 -18.1669 -10.6127 11.486 -21.5176 -34.6492 -2.48976 -4.39472 -41.8375 0 0 0 0 0 0 0 0 0 0 0 0 0 0 0 0 0 0 0 0 0 0 0 0 0 0
-1.52283 18.3785 -46.1381 -0.912552 35.5211 -26.2947 5.98137 29.4625 -0.799763 5.55528 12.5774 4.66632 -8.95611 4.87841 7.89474 -8.99127 -3.4782 27.8659 -13.0208 -20.1548 34.2247 4.30706 -39.3077 27.28 16.4664 -36.6128 9.59162 23.3078 -27.9756 -10.371 12.8957 -24.9679 -27.0691 1.54465 -2.29108 -25.2241 -17.5674 4.22809 -11.4617 -9.6258 -6.21375 4.53684 -6.42062 -5.73601 25.0446 -16.8126 2.11982 46.6193 -27.7403 21.0104 40.1276 -25.2176 32.6284 22.0666 -6.8082 40.5711 12.9627 -7.75628 25.432 -4.88251 6.09798 10.2848 -6.51463 10.1917 -9.28722 7.76797 4.61233 -18.3268 -10.8816 12.3061 -21.0126 -34.8869 -1.81605 -3.9183 -41.8483 0 0 0 0 0 0 0 0 0 0 0 0 0 0 0 0 0 0 0 0 0 0 0 0 0 0
0.498787 19.8529 -45.8753 -0.98112 36.7395 -25.97 3.90804 30.5199 -0.134407 3.56324 13.5607 5.09707 -10.8864 5.84624 8.54949 -9.86349 -4.39886 27.4391 -14.2308 -21.378 32.4883 3.90712 -40.0344 26.4414 17.1312 -36.7578 9.70834 24.6572 -28.5199 -10.1605 14.6217 -24.8417 -26.9368 3.19914 -2.27329 -24.4388 -16.7638 3.52152 -11.6786 -9.00039 -6.03022 4.91568 -6.25204 -4.57506 25.4153 -17.9036 2.07966 46.6756 -29.6076 20.4694 40.1645 -27.1793 32.5457 22.4022 -8.77762 40.0241 12.9173 -9.55241 23.8474 -3.94017 5.32542 9.812 -5.77702 10.2844 -10.1409 7.61783 5.72846 -18.4782 -11.5796 14.327 -19.7273 -35.333 0.178982 -2.49568 -41.877 0 0 0 0 0 0 0 0 0 0 0 0 0 0 0 0 0 0 0 0 0 0 0 0 0 0
2.73967 21.5777 -45.3025 -1.13625 38.0261 -25.5023 1.59542 31.5062 0.48473 1.30958 14.4657 5.44003 -13.0436 6.80799 9.35668 -10.898 -5.25405 26.8563 -15.4229 -22.4827 30.5475 3.42994 -40.643 25.3627 17.7034 -36.6716 9.76706 26.1413 -29.3967 -10.0671 16.7164 -24.6887 -26.8973 5.1352 -2.35117 -23.4394 -15.7146 2.58292 -11.9152 -8.29568 -5.85109 5.37222 -6.31696 -3.271 25.8043 -19.2023 1.96286 46.6589 -31.5735 19.9155 40.2111 -29.2605 32.4893 22.7926 -10.9412 39.4052 12.769 -11.5083 22.0137 -2.73324 4.30742 9.20346 -4.95758 10.4047 -11.0301 7.41749 6.906 -18.4701 -12.306 16.4844 -18.2455 -35.643 2.36692 -0.844261 -41.7761 0 0 0 0 0 0 0 0 0 0 0 0 0 0 0 0 0 0 0 0 0 0 0 0 0 0
2.67932 22.2408 -46.4769 -0.42182 38.4295 -26.3485 1.71616 31.2287 -0.502022 2.14686 14.0744 3.94449 -11.8265 5.78611 7.88173 -9.5359 -5.24087 25.9932 -14.661 -21.9189 30.9232 2.0596 -41.5047 24.529 16.8248 -38.1362 9.27626 26.677 -29.9515 -9.41397 18.523 -24.1953 -26.4975 7.57216 -1.60227 -22.7386 -13.5175 3.70685 -11.8625 -6.71384 -4.67172 5.68983 -8.59738 -5.55088 25.6039 -19.962 2.13668 46.3824 -32.3906 19.606 38.9014 -29.2728 32.1331 21.5941 -10.5495 39.3254 12.6371 -10.3522 22.3773 -3.32651 5.56869 9.64341 -5.16878 10.904 -11.173 6.51593 8.19364 -17.6892 -13.6127 18.7384 -16.5304 -36.4563 3.76307 -0.139516 -43.1444 0 0 0 0 0 0 0 0 0 0 0 0 0 0 0 0 0 0 0 0 0 0 0 0 0 0
5.92091 21.4822 -47.7263 1.21983 37.8216 -28.1068 0.609566 30.6935 -2.30521 1.74887 13.648 2.36564 -11.8794 4.77448 6.17418 -9.47319 -5.79986 24.5312 -14.5548 -22.3497 29.8976 2.56302 -41.9085 24.7129 17.7842 -38.8527 9.86316 28.1433 -31.2098 -8.76752 20.4105 -24.9641 -25.8628 9.08255 -2.64284 -21.6754 -13.0542 2.11347 -13.2339 -8.10437 -6.38079 4.77349 -9.07882 -5.5273 24.6577 -21.1408 0.218767 45.5676 -31.3777 19.4659 40.3407 -29.5662 31.9401 22.8603 -11.6462 40.17 13.2913 -10.6215 22.947 -2.31458 5.97925 11.1647 -4.11605 12.0895 -9.76187 6.93143 9.0782 -15.8712 -13.2754 20.3814 -17.2202 -35.5829 6.54921 -0.880809 -44.203 0 0 0 0 0 0 0 0 0 0 0 0 0 0 0 0 0 0 0 0 0 0 0 0 0 0
8.06546 23.4414 -46.8388 0.930792 39.037 -27.5175 -1.5744 31.248 -2.10534 -0.361372 14.1305 2.26291 -13.929 5.18305 6.11331 -10.8598 -6.59869 23.5371 -15.8745 -23.4134 27.9761 2.09682 -42.3739 23.7333 18.1305 -38.6436 10.0167 29.3217 -32.3311 -8.5647 22.6002 -24.8385 -25.5097 10.7724 -3.00556 -20.3939 -11.8709 1.01258 -13.1218 -7.34674 -6.28226 5.46008 -8.99687 -4.30494 25.1751 -22.2619 0.442465 45.5339 -33.2627 19.166 40.0515 -31.5673 31.7838 22.664 -13.7035 39.4111 12.5417 -12.2533 20.9569 -1.38889 5.0451 10.3776 -3.50209 12.4022 -10.5304 6.68292 10.53 -15.6755 -13.869 22.8044 -15.4196 -35.6094 8.88276 1.00823 -43.9045 0 0 0 0 0 0 0 0 0 0 0 0 0 0 0 0 0 0 0 0 0 0 0 0 0 0
9.10368 22.9855 -47.8462 1.9843 38.8366 -28.7311 -0.207343 31.4645 -3.17178 -0.671604 14.429 1.33392 -13.6849 7.59367 8.29475 -8.84814 -5.26592 24.3202 -14.0824 -22.0274 28.7002 3.33467 -41.2882 23.6856 18.5823 -37.9376 9.06247 28.8163 -33.9748 -10.4959 22.5701 -25.069 -26.853 11.5857 -3.25511 -20.2674 -11.071 1.29142 -13.3885 -7.12878 -6.36132 5.16939 -8.8159 -4.42494 24.8852 -22.2744 -1.04521 45.3427 -34.0338 17.3744 40.5547 -32.5692 30.9552 23.9336 -14.8679 38.7001 13.6206 -14.0309 20.7326 -0.945585 2.94729 9.78418 -3.5871 10.2488 -11.1837 6.51367 10.326 -15.6237 -14.1823 24.5747 -14.8368 -34.5188 10.769 0.697911 -44.3827 0 0 0 0 0 0 0 0 0 0 0 0 0 0 0 0 0 0 0 0 0 0 0 0 0 0
10.0567 23.7949 -47.4662 1.92288 39.3278 -28.5258 -0.926604 31.7281 -3.10831 -1.48529 14.6537 1.23203 -14.3767 7.90657 8.49131 -9.25961 -5.52862 23.9226 -14.5143 -22.3916 27.8383 3.27125 -41.4303 23.3405 18.7147 -38.0026 8.94575 29.2603 -34.4041 -10.5111 23.6902 -24.8848 -26.7405 12.3548 -3.36626 -19.812 -10.5077 0.815079 -13.4313 -6.72694 -6.28304 5.36844 -8.88937 -3.96054 24.9862 -22.8663 -1.24651 45.1742 -34.75 17.1327 40.5447 -33.3681 30.8736 24.0501 -15.7455 38.3957 13.4482 -14.742 19.9262 -0.438268 2.51151 9.49468 -3.3037 10.3923 -11.4419 6.39382 10.7613 -15.4071 -14.3875 25.316 -14.2286 -34.4795 11.6352 1.46354 -44.2654 0 0 0 0 0 0 0 0 0 0 0 0 0 0 0 0 0 0 0 0 0 0 0 0 0 0
12.1208 25.6687 -46.3605 1.68621 40.3588 -28.0553 -2.47397 32.2652 -3.01516 -3.23884 15.1127 0.947036 -15.7769 8.51273 8.8867 -10.1793 -6.06141 22.9461 -15.3997 -23.1215 25.7098 3.0934 -41.689 22.6118 18.9345 -38.3014 8.65877 30.115 -35.3172 -10.5236 26.3118 -24.3959 -26.205 14.0527 -3.58744 -18.8096 -9.17171 -0.294669 -13.4514 -5.77092 -6.03102 5.82071 -9.21255 -3.05121 25.1086 -24.1612 -1.78787 44.647 -36.2423 16.5688 40.4919 -35.0989 30.6677 24.292 -17.78 37.6686 12.9077 -16.2642 18.1241 0.824271 1.43535 8.79574 -2.71764 10.6518 -11.9211 6.10009 11.6473 -14.7386 -14.8061 26.8925 -12.828 -34.2858 13.5672 3.24553 -43.9273 0 0 0 0 0 0 0 0 0 0 0 0 0 0 0 0 0 0 0 0 0 0 0 0 0 0
10.9365 26.4465 -46.3022 0.0716923 39.3884 -27.0639 -1.25242 30.7282 -2.0698 -2.81087 13.5958 1.65267 -14.9296 7.59929 10.5682 -8.82198 -6.78711 24.598 -13.4783 -23.9991 27.3658 5.25629 -42.0449 23.1165 20.5641 -37.8914 8.81505 31.5024 -35.3805 -10.5654 28.0022 -24.1747 -26.1099 15.7153 -3.44072 -18.5555 -7.7024 0.395513 -15.1241 -6.25202 -6.4317 3.90532 -9.87681 -3.61838 23.1831 -24.8325 -3.31466 42.731 -35.9098 15.8402 40.269 -34.6945 30.7594 24.8696 -17.3952 38.0315 13.6305 -15.5068 18.5379 1.52327 2.35104 9.48209 -1.91449 11.0435 -12.0202 5.15995 11.535 -13.3365 -15.8521 26.6559 -12.0121 -35.4672 13.5073 4.08846 -45.3006 0 0 0 0 0 0 0 0 0 0 0 0 0 0 0 0 0 0 0 0 0 0 0 0 0 0
11.6321 27.0623 -45.9127 0.000424332 39.6911 -26.9361 -1.78076 30.9124 -2.01647 -3.38287 13.7609 1.59599 -15.3465 7.77239 10.7201 -9.1013 -6.98337 24.2848 -13.7535 -24.252 26.6471 5.22487 -42.1439 22.898 20.6679 -38.0258 8.73372 31.8131 -35.633 -10.5418 28.8828 -24.0282 -25.8934 16.2618 -3.51962 -18.2854 -7.23637 0.00873654 -15.1073 -5.82146 -6.34338 4.08201 -9.97723 -3.35218 23.2167 -25.2829 -3.51607 42.4826 -36.4059 15.6351 40.2138 -35.2603 30.6886 24.9415 -18.0834 37.7943 13.4174 -16.0036 17.9599 1.93353 1.97909 9.26546 -1.74791 11.1249 -12.1308 5.05031 11.8285 -13.078 -15.9713 27.1689 -11.557 -35.3976 14.1672 4.69134 -45.181 0 0 0 0 0 0 0 0 0 0 0 0 0 0 0 0 0 0 0 0 0 0 0 0 0 0
12.8929 25.6651 -45.5211 -0.475715 37.4839 -27.2932 -2.1091 29.3359 -2.15948 -3.7706 12.2934 1.8874 -15.1436 6.72088 11.9128 -8.31884 -8.07184 25.1371 -13.1677 -25.2024 27.9935 5.21194 -43.527 23.5515 20.9545 -39.2932 9.76478 32.2753 -35.5978 -9.15106 28.6572 -24.2021 -24.4959 16.924 -3.31497 -16.5712 -6.2156 2.12819 -15.6149 -7.646 -5.8118 2.66196 -9.68988 -4.24545 22.1329 -22.9395 -3.33413 42.6771 -35.2368 14.9885 40.1187 -34.1847 30.603 25.4363 -17.8149 36.7483 12.4414 -15.9474 16.0424 2.78528 1.74371 7.78494 -2.54179 13.0441 -12.2174 4.74164 13.132 -14.1126 -16.1967 27.8766 -13.4283 -36.0934 15.3131 3.28617 -45.6372 0 0 0 0 0 0 0 0 0 0 0 0 0 0 0 0 0 0 0 0 0 0 0 0 0 0
13.0527 25.7387 -45.5605 -0.413684 37.5388 -27.3929 -2.20252 29.3509 -2.28327 -3.93337 12.306 1.72394 -15.2488 6.7709 11.8342 -8.35871 -8.00129 25.0474 -13.1207 -25.16 27.8796 5.41775 -43.3674 23.6286 21.0583 -39.1895 9.71038 32.2679 -35.6999 -9.30874 28.7416 -24.208 -24.6024 16.8925 -3.40576 -16.6285 -6.28228 1.85252 -15.5299 -7.49334 -5.91715 2.83346 -9.7023 -4.20756 22.2731 -23.1062 -3.36958 42.7192 -34.9998 15.2385 40.3794 -34.2205 30.5639 25.3874 -17.9053 36.8661 12.3999 -15.9568 16.2286 2.61558 1.78342 7.96535 -2.53278 12.9404 -12.1129 4.76092 13.1442 -13.9504 -16.1814 28.0166 -13.3257 -35.9839 15.5199 3.36488 -45.6552 0 0 0 0 0 0 0 0 0 0 0 0 0 0 0 0 0 0 0 0 0 0 0 0 0 0
13.8932 26.5574 -44.9405 -0.502024 37.8673 -27.2144 -2.87072 29.5273 -2.21045 -4.65035 12.4553 1.65428 -15.7697 6.89964 11.9649 -8.79407 -8.28213 24.6405 -13.5257 -25.521 26.9321 5.35185 -43.5043 23.3416 21.1785 -39.3266 9.63837 32.6922 -36.0364 -9.22999 29.9025 -24.0702 -24.2832 17.6344 -3.53423 -16.2685 -5.62676 1.356 -15.417 -6.8037 -5.91614 3.14351 -9.74133 -3.82533 22.4308 -23.7309 -3.56996 42.4756 -35.7683 14.9498 40.1772 -34.9519 30.4333 25.3523 -18.7971 36.4957 12.0606 -16.473 15.5328 3.13869 1.32387 7.63876 -2.35667 12.9771 -12.2581 4.6258 13.5211 -13.5751 -16.3404 28.7395 -12.6664 -35.86 16.4463 4.20393 -45.476 0 0 0 0 0 0 0 0 0 0 0 0 0 0 0 0 0 0 0 0 0 0 0 0 0 0
15.6168 28.4045 -43.3438 -0.662065 38.5693 -26.7652 -4.28625 29.8641 -2.0743 -6.18638 12.7349 1.44732 -16.8635 7.09086 12.1524 -9.78009 -8.87703 23.672 -14.312 -26.2413 24.6194 5.13004 -43.7817 22.6911 21.4103 -39.7826 9.49316 33.5599 -36.7448 -8.99882 32.5048 -23.7557 -23.248 19.2956 -3.77588 -15.4015 -4.1255 0.220819 -15.0625 -5.25537 -5.75937 3.90803 -9.93234 -3.1333 22.6873 -25.0382 -4.15977 41.78 -37.357 14.1913 39.6557 -36.4871 30.0555 25.2535 -20.9044 35.5759 11.1193 -17.5202 14.1191 4.26757 0.261571 6.9229 -2.06341 12.9597 -12.4941 4.29813 14.2831 -12.5474 -16.622 30.2654 -11.1304 -35.455 18.5034 6.17088 -44.9438 0 0 0 0 0 0 0 0 0 0 0 0 0 0 0 0 0 0 0 0 0 0 0 0 0 0
17.2024 30.202 -41.5819 -0.717735 39.2459 -26.2614 -5.55915 30.1581 -1.95595 -7.67635 12.9852 1.17943 -17.861 7.24753 12.2877 -10.7311 -9.41576 22.6579 -14.8856 -26.8184 22.0708 4.86459 -44.0171 21.9559 21.6466 -40.4061 9.31317 34.4065 -37.3567 -8.74562 35.0594 -23.4257 -21.9136 20.9243 -3.95816 -14.4861 -2.6161 -0.904942 -14.6334 -3.77201 -5.44212 4.67467 -10.165 -2.74726 22.8398 -26.2744 -5.07182 40.8683 -38.6479 13.2859 39.2326 -37.8167 29.5315 25.2717 -23.2271 34.4568 9.9971 -18.4951 12.8309 5.26628 -0.803444 6.24322 -1.85188 12.8276 -12.6766 3.938 14.9245 -11.3568 -16.8166 31.6176 -9.62886 -34.9663 20.5087 8.1673 -44.2886 0 0 0 0 0 0 0 0 0 0 0 0 0 0 0 0 0 0 0 0 0 0 0 0 0 0
18.3135 30.6287 -40.2807 -1.19447 38.0532 -26.3174 -5.8356 30.4478 -1.51991 -7.07529 13.509 2.78864 -17.3629 7.93376 13.8831 -10.3006 -8.52344 24.6139 -13.4438 -26.0729 23.4909 7.18113 -42.141 23.7907 21.7192 -40.9677 8.78359 31.9461 -38.2913 -10.659 34.0343 -23.6165 -22.6685 20.5016 -4.00475 -14.5828 -2.95028 -0.427544 -14.2007 -3.70806 -4.60462 5.2004 -10.4736 -2.30144 23.276 -27.296 -4.09001 40.6701 -39.2624 14.4363 38.2975 -38.5929 29.6991 23.3274 -23.2606 35.1292 9.04166 -17.6223 13.6858 4.57942 0.495781 7.71413 -1.91551 14.4607 -10.8414 4.21622 16.3096 -10.0567 -16.5806 32.7838 -9.35506 -34.9657 22.6298 9.01488 -44.1967 0 0 0 0 0 0 0 0 0 0 0 0 0 0 0 0 0 0 0 0 0 0 0 0 0 0
18.0127 31.0874 -40.9449 -0.296554 39.2261 -25.9086 -5.45135 30.1063 -1.79364 -9.53549 13.6182 1.03492 -17.8666 7.94895 13.4041 -9.22719 -8.46012 22.7635 -12.9154 -25.8567 23.1842 7.11444 -42.6216 22.8222 22.2657 -40.7825 8.55202 33.336 -36.9851 -10.1643 34.3142 -22.4405 -22.417 20.8594 -3.04089 -13.7364 -2.53432 0.883358 -13.734 -3.59529 -2.87051 5.73227 -11.3564 -5.14072 22.7433 -27.0327 -5.17334 41.1183 -37.9228 13.9532 38.6484 -38.5948 27.8253 22.5368 -23.6653 34.0027 8.154 -17.8803 12.8427 2.74078 0.588229 6.98765 -2.6877 13.4787 -12.5755 2.25913 15.0146 -10.8987 -18.4888 31.2084 -9.44835 -37.0599 21.059 9.37412 -45.2573 0 0 0 0 0 0 0 0 0 0 0 0 0 0 0 0 0 0 0 0 0 0 0 0 0 0
19.0052 32.4118 -39.5614 -0.314201 39.6894 -25.4651 -6.20039 30.3205 -1.62858 -10.6273 13.8722 0.852222 -18.6452 8.02542 13.3393 -10.0068 -8.74973 21.9898 -13.2735 -26.1644 21.1483 6.93128 -42.6108 22.2845 22.2131 -41.7185 8.09528 34.3535 -37.2203 -9.71447 36.1791 -22.1475 -21.1346 22.1377 -3.12341 -12.582 -1.24501 0.603361 -13.5774 -3.10187 -3.16883 5.80898 -11.3013 -4.56674 22.6792 -27.5315 -5.6984 40.4794 -38.9493 13.1362 38.245 -39.6795 27.4149 22.5051 -25.3482 32.9888 7.33542 -18.6846 11.8168 3.52506 -0.417952 6.34339 -2.81459 13.3263 -12.6689 1.86244 15.567 -9.95966 -18.6724 32.3578 -8.14219 -36.6488 22.612 10.9735 -44.6371 0 0 0 0 0 0 0 0 0 0 0 0 0 0 0 0 0 0 0 0 0 0 0 0 0 0
