# num_vectors 33
# vector_size 101
# Stepsize: 1.000000, StepLength: 40.000000, GoalBias: 0.200000, NeighborRadius: 10.000000, SampleProjDim: 30, OneRandDirection: 0, AllPermutations: 0, GoalBiasForAllPermutations: 0, SampleInProjectionSpace: 0, UseConstraintProjectionForSampling: 1, ReprojectDirection: 0
-13.8208 -21.6832 -19.046 1.731 -20.579 -21.5426 15.1901 -12.4043 -19.5671 24.3572 -1.77191 -12.1398 28.2481 6.48028 0.79615 26.1694 7.00213 16.382 18.4473 -2.18666 26.4105 8.44652 -14.3337 25.5176 -0.991572 -22.9941 16.171 -9.60914 -25.2327 3.01491 -18.0503 -19.8596 -9.27305 -26.0388 -7.57825 -15.0448 -30.3475 6.3497 -9.46314 -27.25 14.4272 3.67165 -18.0084 14.9386 16.5246 -4.92359 10.7584 24.5022 10.1169 5.78894 25.3462 23.9187 4.17571 17.9137 30.6114 9.32832 4.80036 25.1897 17.5226 -7.44489 11.7404 22.9695 -13.7377 -4.11219 22.777 -14.6485 -18.3314 15.9274 -12.9449 -27.0761 2.77943 -11.8985 -25.8709 -12.6923 -14.4712 0 0 0 0 0 0 0 0 0 0 0 0 0 0 0 0 0 0 0 0 0 0 0 0 0 0
-12.3441 -22.0686 -17.6876 2.69139 -19.7159 -22.8482 16.5541 -12.5153 -19.5923 25.2785 -1.50399 -12.1609 29.8908 5.65249 1.257 25.3783 7.22664 16.4831 19.318 -3.44874 26.429 7.56287 -14.1392 25.3691 0.13269 -23.9275 15.04 -9.32799 -26.0327 2.41345 -17.3593 -20.472 -10.0741 -25.1783 -8.11217 -15.9132 -31.1042 5.06204 -9.69914 -26.3931 14.2703 2.35974 -16.5613 15.0575 14.7773 -4.81642 8.26041 23.5816 11.1075 6.10662 25.2607 24.8986 4.73878 17.755 31.3527 9.83968 4.49962 25.7572 18.1544 -7.58805 12.1232 22.8409 -14.1445 -3.76882 22.7193 -14.383 -17.8986 15.6425 -12.8467 -26.4566 2.35483 -11.9959 -24.9748 -13.0857 -14.6264 0 0 0 0 0 0 0 0 0 0 0 0 0 0 0 0 0 0 0 0 0 0 0 0 0 0
-11.6847 -21.3006 -17.5562 3.37256 -18.718 -22.5487 17.0943 -11.3203 -19.1284 25.5448 -0.0613398 -11.7425 29.2521 7.90164 1.55643 26.0466 6.91635 17.4344 21.3056 -5.55472 26.2569 9.88341 -16.5503 24.5819 2.46361 -25.6414 13.5847 -9.12357 -26.9764 2.42305 -16.5521 -21.1233 -10.3219 -25.5803 -9.2475 -15.5664 -31.4465 3.77782 -8.97979 -25.2524 14.052 1.68581 -14.4374 15.6252 13.275 -3.73949 8.25345 23.0324 11.8448 3.75579 24.9264 26.0898 4.63967 17.8446 31.4872 9.2909 3.90163 25.7687 19.8302 -6.59892 12.0395 24.0119 -13.3181 -3.84486 23.2844 -13.7595 -17.7518 16.0739 -10.7892 -26.3879 2.72794 -11.6346 -24.6121 -12.5556 -15.0212 0 0 0 0 0 0 0 0 0 0 0 0 0 0 0 0 0 0 0 0 0 0 0 0 0 0
-8.63523 -37.1538 -35.0999 -0.227581 8.18989 -28.2576 45.2022 5.74934 -24.4497 44.0083 -19.5315 -11.2962 10.9387 -11.4236 -0.996963 21.1539 23.4913 14.2566 18.9263 11.0165 48.2358 15.8224 -27.551 44.1734 12.6485 -29.2583 13.3403 -22.858 -23.2436 7.69857 -23.8368 -32.256 -24.4019 -23.5607 5.78702 -33.2184 -53.1602 18.0328 -17.0008 -38.878 34.1737 9.55057 -15.4145 -4.27261 10.5826 -13.1543 -19.104 44.9394 28.7712 1.58509 43.8448 27.6203 11.6161 9.07773 49.3545 37.6557 7.27195 46.8605 22.0094 -30.7749 12.7604 0.560242 -13.6555 -5.15144 40.898 -3.25383 -34.6094 24.5572 -18.6748 -50.8615 -11.3636 12.7248 -47.2405 -30.3536 -22.1294 0 0 0 0 0 0 0 0 0 0 0 0 0 0 0 0 0 0 0 0 0 0 0 0 0 0
0.495993 -36.987 -42.4592 3.80617 7.62678 -31.2188 47.901 7.86232 -21.4497 47.3132 -18.3695 -10.5527 13.504 -12.5507 -1.55183 20.8162 22.6036 14.4998 17.4216 9.56895 48.1444 15.8192 -28.9899 43.4934 12.7879 -30.3468 12.6309 -19.1617 -16.4589 6.30966 -18.9723 -21.7208 -26.3876 -26.6206 15.2058 -31.0233 -54.4549 20.2108 -10.6213 -38.1083 30.8682 16.8297 -14.5497 -5.19818 8.18809 -6.05886 -24.175 38.1543 32.8898 0.999123 35.7795 24.7887 16.9527 6.09167 46.8196 42.6681 3.57204 40.7127 28.9441 -34.5879 16.8616 0.152945 -15.7164 -5.90951 33.536 1.67326 -32.8772 17.8236 -17.7197 -45.3421 -23.8333 5.37921 -38.8539 -35.2337 -31.3254 0 0 0 0 0 0 0 0 0 0 0 0 0 0 0 0 0 0 0 0 0 0 0 0 0 0
-4.28734 -34.5297 -39.578 3.28177 9.88021 -31.0585 47.0765 6.53478 -21.172 44.0747 -18.5018 -8.48718 9.90032 -11.851 -5.48411 14.7616 22.3006 13.0571 10.3285 6.95414 45.4648 20.0241 -28.5906 41.4069 8.61347 -37.8534 17.6522 -17.16 -19.0603 5.71733 -15.5578 -28.7791 -25.5209 -23.7033 6.50358 -35.5409 -53.0557 12.8226 -18.1846 -39.2846 28.3682 7.70087 -17.1903 -8.13856 9.29131 -10.3884 -18.9012 42.2851 18.5415 14.6946 38.2135 20.3615 19.6915 7.33728 48.1801 34.7826 7.03459 40.688 26.0545 -31.9771 15.3165 -2.96826 -15.9281 -3.35431 28.531 7.30964 -30.5954 21.6464 -14.5257 -53.0975 -16.7042 2.88268 -43.5257 -27.708 -33.1235 0 0 0 0 0 0 0 0 0 0 0 0 0 0 0 0 0 0 0 0 0 0 0 0 0 0
1.41674 -32.5233 -49.6369 4.21409 10.3954 -35.605 46.3021 8.21954 -20.7211 42.9074 -17.3048 -9.23646 8.57345 -11.4154 -8.85736 10.805 21.0166 12.5616 6.93185 2.73021 43.2903 18.2078 -31.6788 36.2238 7.88775 -38.9139 11.4238 -16.4357 -18.3987 -0.506284 -12.3228 -25.0512 -32.0637 -25.578 8.69316 -40.1197 -55.305 9.29907 -23.2175 -43.8371 23.3079 4.40369 -18.7564 -10.9797 3.84724 -10.4137 -22.6526 36.1133 12.9346 14.5477 34.6913 11.945 22.5534 4.71138 39.4552 38.1177 3.49266 32.7293 26.0958 -34.6151 18.9527 -6.63805 -16.4588 -3.93265 18.6324 9.15826 -28.8192 13.6067 -15.439 -48.099 -28.0534 -6.60088 -38.0239 -30.8822 -43.1016 0 0 0 0 0 0 0 0 0 0 0 0 0 0 0 0 0 0 0 0 0 0 0 0 0 0
1.21169 -30.1342 -52.1765 3.54143 9.85082 -32.2139 46.5716 8.0519 -20.8327 43.747 -14.8053 -5.31545 9.36089 -11.7531 -7.75304 7.09088 20.0399 14.1274 4.88819 0.985383 44.4954 17.9974 -32.4811 36.4905 6.96689 -40.2544 12.1851 -15.453 -18.5827 -1.07318 -9.5204 -25.2224 -32.2874 -23.2317 8.09814 -41.224 -52.462 9.20168 -23.532 -40.5289 25.0217 2.78973 -19.0871 -10.8468 7.13691 -12.4055 -19.1124 40.5771 17.5997 10.4051 34.6181 13.4022 21.4964 6.32351 39.311 39.386 5.20045 31.3738 29.8325 -33.2704 21.8488 -5.14517 -17.527 -3.71051 15.143 9.30999 -26.6311 13.2452 -17.2102 -50.2713 -26.2628 -11.5782 -38.4538 -28.5689 -47.5399 0 0 0 0 0 0 0 0 0 0 0 0 0 0 0 0 0 0 0 0 0 0 0 0 0 0
5.98249 -27.5219 -62.1548 4.02358 8.67505 -37.0625 46.1303 7.77034 -22.8822 41.851 -13.0887 -5.34343 8.05642 -11.29 -11.4334 1.35465 17.3408 12.9426 -0.436321 -4.75418 40.9372 15.6212 -35.8717 30.4718 7.64195 -40.6422 4.66764 -14.2637 -18.2042 -8.12733 -6.35668 -22.2258 -39.1779 -23.8304 9.20618 -47.3317 -52.9909 6.07479 -30.2988 -43.1894 21.3488 -2.90972 -20.5878 -13.7666 1.49003 -14.2914 -22.1991 34.9607 13.834 9.19647 30.3129 6.29611 23.4502 4.76871 32.3925 40.68 1.60162 24.0382 27.2279 -35.3559 24.9119 -6.69608 -18.0701 -5.2572 4.96475 7.24741 -24.877 5.02694 -21.5198 -44.8284 -35.9451 -23.3449 -33.3378 -30.9074 -58.3573 0 0 0 0 0 0 0 0 0 0 0 0 0 0 0 0 0 0 0 0 0 0 0 0 0 0
1.30196 -23.532 -64.407 2.59782 6.25969 -33.3133 45.8528 5.37833 -25.4334 44.1537 -14.2122 -6.36181 10.3537 -11.3598 -6.94024 8.54492 17.7397 17.2378 -0.00777883 -2.31502 44.6146 10.64 -35.5971 35.7845 5.27304 -39.5301 9.32598 -17.2895 -18.3722 -4.36481 -11.4667 -25.8869 -34.954 -28.9606 4.75906 -45.3835 -54.5224 6.61274 -24.406 -39.3168 22.9817 -1.36034 -17.6492 -12.829 1.26464 -12.6676 -23.6495 34.1487 13.4988 9.34948 33.761 5.53581 25.7754 9.85065 31.2106 43.7459 8.41059 23.1394 33.6818 -29.5065 30.2285 -0.647225 -16.7728 -0.0241467 2.33916 9.43661 -19.9649 1.12535 -19.0515 -39.1298 -40.2222 -19.3462 -34.8264 -33.1454 -54.8236 0 0 0 0 0 0 0 0 0 0 0 0 0 0 0 0 0 0 0 0 0 0 0 0 0 0
-4.34981 -13.0375 -67.2468 2.38076 7.53169 -31.8297 45.186 1.342 -29.2736 45.6533 -10.9203 -6.32964 13.045 -3.5816 -4.16515 15.2321 17.4056 25.4641 3.66195 -6.52586 46.878 16.4747 -37.5155 34.5387 11.6165 -38.5532 7.87479 -15.1239 -22.8774 -3.56138 -8.10141 -20.7695 -33.1813 -24.124 10.7626 -33.6184 -51.6056 7.59446 -16.6997 -39.6136 16.5905 10.2387 -11.6102 -10.6672 3.97293 1.17051 -22.8119 32.8479 15.682 14.0814 37.7033 6.98406 29.8322 13.6169 33.3048 46.1332 9.62107 20.2794 38.356 -27.0202 30.3601 3.85629 -18.5347 1.66376 1.7438 8.90953 -19.8107 3.90451 -18.0886 -39.7105 -36.7527 -21.9055 -39.0882 -24.9001 -55.7795 0 0 0 0 0 0 0 0 0 0 0 0 0 0 0 0 0 0 0 0 0 0 0 0 0 0
-2.60251 -20.4185 -57.3352 3.55714 5.84664 -26.6844 46.4906 1.35108 -23.471 47.1864 -7.78002 0.65169 15.6758 2.81847 2.83459 17.0234 16.3183 35.5847 3.48431 -10.3004 50.3478 16.4867 -38.0136 32.9354 10.5317 -34.96 7.00523 -18.8778 -27.53 -2.64578 -14.5053 -26.2554 -32.6868 -24.248 7.09781 -32.2052 -53.4741 8.57588 -20.0435 -46.8219 7.17146 7.65009 -13.175 -4.62219 2.99817 1.4708 -22.0442 26.8794 15.5518 12.3269 39.2391 3.90616 32.1075 21.6281 29.398 47.4925 13.368 12.2099 37.2531 -20.4086 32.1276 9.53222 -19.326 10.7138 -5.61366 6.51392 -15.5261 1.44259 -11.7431 -40.0652 -36.0871 -10.973 -38.0869 -29.0473 -45.7442 0 0 0 0 0 0 0 0 0 0 0 0 0 0 0 0 0 0 0 0 0 0 0 0 0 0
-2.81971 -20.3156 -56.8381 3.38169 6.21761 -26.4297 46.3656 2.0403 -23.5032 47.2608 -7.52938 0.436719 15.4778 2.15039 2.72205 16.6274 16.0446 35.311 3.56628 -10.6254 50.3971 16.6113 -38.3002 32.9557 10.6429 -35.2334 7.0301 -18.5809 -27.0665 -2.55897 -14.3291 -26.204 -32.6289 -24.1909 7.11458 -32.5822 -53.2519 8.70232 -20.0515 -46.1958 8.26564 7.55418 -12.8782 -4.3989 2.91436 1.40028 -21.968 26.9065 16.7735 12.0411 38.6216 4.37859 32.1862 22.0118 29.456 47.8362 13.0544 11.7891 36.8792 -20.2319 32.0165 9.3895 -19.071 10.8061 -5.89682 6.85257 -15.5894 1.44913 -11.0562 -40.2495 -36.0035 -10.4559 -38.3286 -28.7591 -45.1876 0 0 0 0 0 0 0 0 0 0 0 0 0 0 0 0 0 0 0 0 0 0 0 0 0 0
-2.08963 -19.6275 -55.0577 2.45636 7.98685 -25.4023 45.5409 6.9468 -22.9062 47.5664 -5.22156 -0.47825 15.337 1.76563 3.05875 16.7001 17.9278 34.4716 2.34707 -6.90167 51.1827 13.4094 -36.1694 35.2951 9.2283 -33.5058 9.04396 -19.5251 -27.2905 -2.72523 -13.0699 -25.503 -32.2575 -22.4742 7.93719 -31.7483 -51.0003 9.8541 -18.1425 -42.8324 11.2095 9.03973 -11.5174 -5.37169 4.94554 2.66148 -20.7242 30.3337 14.0366 14.741 41.4967 2.65341 32.9943 22.4671 28.2108 47.7519 13.4101 9.51118 38.4757 -19.764 32.2844 13.8616 -22.8086 14.2295 -6.59088 1.07638 -13.8292 2.70306 -11.8038 -39.7672 -33.5644 -8.35292 -37.1832 -29.5393 -43.4054 0 0 0 0 0 0 0 0 0 0 0 0 0 0 0 0 0 0 0 0 0 0 0 0 0 0
-7.17547 -12.5761 -56.8145 -1.11872 7.22587 -22.871 41.9146 8.02575 -23.1368 45.8597 -3.32817 -0.634516 14.0661 3.65057 5.26205 17.4736 17.312 37.5181 5.50206 -9.29334 53.0206 14.3915 -36.3805 33.1821 9.85555 -30.0061 7.93144 -18.8186 -27.9462 -4.69564 -12.4227 -22.0065 -33.3814 -20.4351 10.8893 -27.7297 -49.5431 12.2226 -15.4386 -42.7119 11.555 12.0269 -11.3025 -4.92221 8.26565 3.10456 -19.4104 34.0125 18.9918 14.8428 40.5863 7.01001 33.0276 21.8735 32.2964 47.2564 11.4385 10.533 40.8275 -20.2071 30.697 14.72 -25.7215 13.2357 -4.97297 -0.819552 -14.9865 2.2112 -14.4717 -38.7701 -35.3405 -10.2982 -35.3492 -32.4249 -45.3613 0 0 0 0 0 0 0 0 0 0 0 0 0 0 0 0 0 0 0 0 0 0 0 0 0 0
-8.96526 -11.7481 -56.3748 -1.92528 7.06731 -22.0918 41.0206 8.55081 -23.886 45.931 -2.0896 -1.25767 13.9669 3.34008 5.10445 17.1948 19.4139 36.1293 7.3491 -6.56276 53.7469 15.0021 -34.3969 34.4969 10.285 -28.5026 9.16828 -18.2761 -28.4868 -3.71191 -12.27 -21.0783 -32.0968 -23.0799 10.6628 -25.4774 -51.6915 9.03714 -12.4646 -43.9725 7.52172 14.7014 -11.1324 -4.18712 9.30138 5.90235 -17.5397 33.8421 18.3049 17.8523 40.8323 6.92755 34.69 20.6546 32.5561 48.0497 9.95418 10.1578 42.6589 -21.4164 28.1998 15.0812 -26.4852 11.3209 -1.96303 0.457195 -17.0591 2.57584 -13.7259 -37.6085 -36.6283 -9.18253 -35.402 -33.3678 -44.29 0 0 0 0 0 0 0 0 0 0 0 0 0 0 0 0 0 0 0 0 0 0 0 0 0 0
-0.87956 -7.82397 -60.8888 -2.20945 7.53709 -25.4235 38.4689 15.543 -19.931 43.0422 1.76638 0.675452 11.0285 6.39961 7.3526 13.7865 15.8442 40.3161 2.08966 -11.8243 52.1465 13.8567 -36.8603 31.831 10.7137 -29.1194 6.877 -16.8725 -28.3529 -7.79676 -9.84775 -16.088 -33.5955 -24.0026 12.7372 -23.3821 -52.2011 6.49986 -11.854 -44.5397 1.86538 14.7859 -10.6861 -2.51681 9.83131 8.1008 -13.2906 34.1611 17.04 23.1558 39.8348 0.853662 38.128 22.5433 22.0852 53.602 7.74516 4.19963 36.4586 -19.1324 28.8784 16.9484 -21.4811 15.0289 -7.42717 -1.32227 -12.5656 -4.58809 -17.1768 -24.9845 -44.9188 -22.6957 -24.1856 -33.6765 -55.0657 0 0 0 0 0 0 0 0 0 0 0 0 0 0 0 0 0 0 0 0 0 0 0 0 0 0
-1.59668 -10.2575 -56.3418 -4.02267 12.8895 -27.1388 34.3649 15.4515 -13.9318 35.4673 -2.95699 1.34291 3.4161 3.0922 5.85574 5.63194 19.0945 35.2956 1.33502 -5.94626 52.7255 13.8223 -32.3678 34.9799 11.216 -26.8526 9.4894 -16.0984 -27.0606 -5.66107 -8.08126 -22.9438 -32.4162 -19.239 7.44145 -30.7903 -47.1671 7.45626 -18.6477 -38.9936 6.9129 7.9184 -6.60391 -2.8104 4.16753 12.573 -8.98569 29.3286 3.57011 19.0526 41.2355 -6.29203 38.4471 25.4238 18.72 49.6059 15.137 2.89885 37.8687 -14.9365 26.9351 17.7643 -18.3198 11.1429 -7.86342 -2.00923 -16.242 0.356964 -14.8705 -35.765 -36.2828 -19.6692 -29.9397 -28.7283 -51.9952 0 0 0 0 0 0 0 0 0 0 0 0 0 0 0 0 0 0 0 0 0 0 0 0 0 0
-3.10677 -10.6873 -56.6829 -4.50015 14.7304 -29.5543 33.3808 15.3687 -14.9494 33.7071 -4.28655 -1.47446 2.49418 3.36153 5.14404 7.59327 19.9964 33.7006 3.98374 -4.4065 52.1107 15.8221 -31.4266 34.8572 13.4989 -26.2518 9.27215 -13.2249 -28.5718 -6.56546 -5.673 -21.2773 -32.5642 -19.4061 7.47668 -28.2584 -47.0969 3.91958 -16.644 -39.339 3.74429 10.0453 -6.30429 -3.07383 6.74968 12.7598 -8.84494 32.0877 4.39089 19.734 43.0709 -7.68864 37.8225 27.4618 15.7052 51.1013 16.305 -0.495425 38.5778 -13.2269 24.4145 19.8619 -17.5799 9.97396 -7.15273 -2.45619 -18.0632 0.952866 -13.7855 -37.0717 -35.854 -19.2485 -32.436 -27.1023 -51.4202 0 0 0 0 0 0 0 0 0 0 0 0 0 0 0 0 0 0 0 0 0 0 0 0 0 0
-0.716903 -7.29619 -59.2533 -6.02933 16.7106 -31.6519 30.0398 18.5832 -13.5622 30.4751 -1.74035 -1.18879 -0.661932 5.53107 6.12686 4.54373 18.9658 36.0993 0.463667 -7.00424 51.7939 15.622 -31.7158 34.1592 14.1983 -25.3699 8.81684 -11.2492 -28.9148 -8.63325 -3.21649 -19.3041 -33.585 -18.7114 8.15814 -27.8528 -46.4361 2.29408 -17.6576 -39.6257 0.910503 9.20965 -6.22947 -1.04408 7.17617 12.4447 -5.88206 32.9715 2.55597 22.2896 43.6211 -12.102 38.54 28.5374 8.96814 53.6641 15.7362 -4.42469 35.9778 -11.8488 22.4966 20.4505 -13.7076 9.85656 -8.81667 -2.402 -17.654 -2.13407 -15.5557 -32.0547 -39.3401 -25.966 -28.5325 -26.2903 -56.4251 0 0 0 0 0 0 0 0 0 0 0 0 0 0 0 0 0 0 0 0 0 0 0 0 0 0
-1.24438 -8.91381 -61.3498 6.98683 16.7219 -41.4484 31.1549 11.1263 -14.3026 25.0516 -9.03018 -6.79809 -1.40452 4.25993 4.42473 9.29428 12.8302 33.816 -2.90278 -7.89348 50.1073 4.87128 -36.2985 35.7909 8.0268 -32.9795 10.6235 -13.8668 -30.8637 -10.0161 -0.756056 -22.3729 -32.4207 -8.82665 6.44421 -24.1613 -36.9398 8.2785 -18.0924 -34.3821 7.12168 9.18321 -6.49782 -5.84602 11.6184 14.0412 -6.62331 35.9704 1.07577 20.1806 46.3074 -11.939 36.7696 30.2421 10.1854 48.1324 16.0709 -7.17533 33.0091 -10.3749 18.7905 18.7836 -17.9519 11.8128 -10.0896 -3.19756 -16.991 -4.08478 -6.60016 -33.915 -35.1339 -25.055 -28.9365 -15.8455 -50.4999 0 0 0 0 0 0 0 0 0 0 0 0 0 0 0 0 0 0 0 0 0 0 0 0 0 0
4.74397 -3.16764 -65.5668 6.18205 22.2138 -44.8812 22.6323 17.0716 -13.6018 18.0035 -3.99447 -8.52943 -8.39143 6.02084 5.20008 2.76589 8.66431 34.9461 -10.481 -13.5864 47.3892 0.851676 -40.3948 32.9022 7.62015 -34.9933 9.24396 -10.5437 -32.2334 -14.2085 4.76933 -20.7248 -32.963 -5.2331 6.31846 -22.0728 -33.6878 6.7768 -18.6908 -33.68 6.56748 8.59284 -5.38541 -3.65335 14.0468 13.9652 1.38584 38.1368 -5.09488 22.7101 48.5397 -20.5388 36.3505 32.3079 -0.698907 48.7075 16.0984 -13.7304 27.0778 -6.63923 14.1693 17.0679 -12.0392 9.6198 -13.8466 -3.12439 -17.4294 -10.4051 -12.5181 -24.2324 -38.6421 -37.0231 -21.6516 -15.0286 -57.8647 0 0 0 0 0 0 0 0 0 0 0 0 0 0 0 0 0 0 0 0 0 0 0 0 0 0
6.90562 5.54756 -58.5356 1.25256 27.6763 -36.4087 18.7413 26.7133 -5.58807 19.0406 5.74657 -0.398712 -9.46946 7.85134 8.32924 -3.7222 6.25111 38.871 -11.7131 -19.1738 45.0495 8.46381 -38.6057 33.6394 12.4743 -37.1328 9.28929 -8.08526 -35.7564 -11.9319 4.23302 -23.4618 -32.0404 -7.67206 2.59572 -20.8786 -36.0934 1.17743 -18.1171 -36.1835 -3.78978 8.27057 -7.78574 -5.50109 15.3644 8.70906 -3.51608 41.4895 -8.65992 19.5353 50.767 -23.8261 32.8784 34.046 -3.90862 46.9926 19.6689 -13.7639 25.3946 -4.39778 14.4506 15.6105 -6.31275 9.45539 -13.6659 6.24405 -14.7377 -14.1665 -7.8967 -10.5281 -37.3646 -35.0038 -14.5422 -12.7688 -53.0377 0 0 0 0 0 0 0 0 0 0 0 0 0 0 0 0 0 0 0 0 0 0 0 0 0 0
-2.4223 9.06767 -57.1588 -4.29638 22.8119 -30.4518 20.2112 21.8918 -6.94809 19.5546 3.09299 2.49199 -8.98184 7.78869 9.33056 -6.99514 0.685328 38.7993 -12.5581 -25.33 39.1153 10.5102 -40.3175 27.7128 16.33 -34.4248 4.97096 -2.2574 -30.756 -17.5069 10.4079 -14.7375 -33.6473 -6.35945 7.63045 -22.3964 -31.1117 -0.290453 -14.5956 -23.5067 -12.8848 3.01369 -0.465067 -7.50528 16.4525 6.74497 -2.71866 44.4871 -14.4822 16.8202 46.2535 -26.8544 24.6134 25.7391 -14.9066 45.5358 16.4412 -11.4148 28.7002 -8.9478 14.4244 21.2668 -0.974012 9.16882 -9.04818 7.86633 -11.4276 -8.95233 -10.3401 -5.44388 -34.9683 -33.8822 -13.2522 -14.4572 -54.538 0 0 0 0 0 0 0 0 0 0 0 0 0 0 0 0 0 0 0 0 0 0 0 0 0 0
-6.68527 10.3846 -52.2391 -8.90873 23.16 -25.1045 16.5117 25.4815 -2.99052 17.4192 7.59067 7.82078 -11.4554 7.34771 10.3874 -12.3331 -1.10363 39.3764 -15.7913 -27.3207 38.1156 9.11016 -39.9427 28.3265 13.2934 -39.1151 5.10927 -2.53062 -29.9913 -17.0965 12.4389 -12.822 -28.4648 -7.63708 7.57562 -25.1655 -31.2633 -0.166684 -14.6924 -22.2194 -14.6164 0.252105 -2.54284 -9.28007 17.5353 -0.914581 -3.11086 45.5899 -18.142 18.7461 42.1121 -27.7482 24.2688 19.8416 -14.3389 43.9423 10.0365 -8.64881 24.6742 -12.7462 17.4499 20.9977 -3.97025 15.641 -8.88355 6.67367 -7.52971 -10.5164 -6.94577 -4.12812 -34.8557 -32.4337 -15.6355 -13.8783 -50.1315 0 0 0 0 0 0 0 0 0 0 0 0 0 0 0 0 0 0 0 0 0 0 0 0 0 0
-3.76741 15.2002 -50.2741 -6.14445 25.1963 -22.1642 19.2924 25.8481 -0.0199614 18.929 8.04462 10.8916 -3.79865 14.6258 21.9954 -4.98889 -1.07687 46.2804 -7.95881 -24.8295 37.8791 17.8759 -35.2635 28.2226 22.582 -32.755 5.29657 6.66519 -28.1897 -17.7481 19.4028 -10.4568 -30.5559 4.039 9.91002 -20.2031 -21.1604 7.70117 -15.0192 -18.7782 -8.31026 -0.713168 -1.72177 -9.36408 18.5413 0.710812 -1.57976 46.0681 -16.7673 19.9346 41.8773 -23.5754 26.9373 19.2234 -5.65506 41.0053 9.62475 -7.35612 24.5442 -14.5493 18.0435 16.5228 -11.6308 16.2925 -9.18697 5.33901 -5.44431 -15.4671 -8.42462 1.94916 -31.5699 -37.4635 -11.9072 -9.31339 -50.4703 0 0 0 0 0 0 0 0 0 0 0 0 0 0 0 0 0 0 0 0 0 0 0 0 0 0
4.98353 21.0485 -46.5792 -6.27945 30.4561 -22.3755 9.27276 31.2378 5.31645 12.0358 12.803 13.8526 -10.2414 14.6789 26.4534 -9.11425 -5.71739 45.6027 -10.46 -26.2105 32.0947 16.0906 -36.8137 25.6816 24.894 -31.3222 5.33319 15.2663 -28.6029 -20.2723 27.1355 -8.85424 -30.0683 11.0611 8.8042 -16.942 -14.3366 8.27431 -15.9529 -15.4414 -6.3124 -0.547927 -1.40798 -6.81852 20.7148 -2.19872 2.7235 47.5208 -24.1588 16.7846 42.1438 -30.9226 22.9385 19.2486 -13.3188 37.2326 9.41199 -11.4547 18.1639 -12.1475 14.2569 14.2006 -7.49592 16.7815 -13.4191 3.89554 -1.19116 -19.7282 -13.7021 11.5352 -26.3511 -42.5648 -2.81938 -2.77152 -51.0543 0 0 0 0 0 0 0 0 0 0 0 0 0 0 0 0 0 0 0 0 0 0 0 0 0 0
11.6706 26.4448 -40.519 -5.50644 35.3136 -21.3711 0.525353 34.407 8.21043 6.35267 16.8716 16.4948 -15.7823 14.2924 28.3946 -12.4714 -8.51981 43.3852 -12.3093 -25.9721 26.7094 14.3737 -36.9892 22.0244 25.9238 -28.9975 4.65241 24.1671 -28.6368 -21.514 36.8296 -8.57865 -29.1936 19.7402 8.55928 -16.7441 -5.54842 6.61456 -15.7464 -5.88613 -7.42505 0.157824 -5.91223 -6.86934 21.3754 -6.91438 5.35228 46.8896 -30.8789 14.6354 42.3175 -38.7336 23.2799 20.8225 -20.4439 34.3725 9.03712 -17.7192 11.2054 -6.09108 8.19585 10.8811 -4.91262 15.6498 -16.5199 2.08308 2.8218 -21.2823 -18.995 20.3727 -19.9737 -44.0664 5.26864 3.85259 -49.2152 0 0 0 0 0 0 0 0 0 0 0 0 0 0 0 0 0 0 0 0 0 0 0 0 0 0
4.55402 28.1181 -40.5795 -9.80396 35.6547 -19.0818 0.937435 36.6574 8.60327 8.02528 19.6609 16.9148 -12.6826 11.1264 19.1062 -14.7472 -6.9247 38.0481 -18.6789 -26.231 25.5112 5.06117 -42.0124 22.7597 18.036 -37.7269 5.53885 18.6366 -31.1278 -18.884 32.8686 -11.7195 -20.4834 14.2998 6.04401 -13.8567 -10.739 2.8077 -14.883 -11.619 -11.3154 0.916342 -12.1484 -10.8793 22.1238 -15.6942 0.687585 47.5812 -30.2599 17.0064 40.069 -33.8489 23.9063 17.3693 -15.0017 36.4257 8.95562 -13.4787 19.0204 -11.2312 11.8843 15.129 -9.95833 16.347 -8.21059 4.5111 11.5059 -18.5108 -15.6559 26.3034 -11.0501 -40.52 5.18427 4.91027 -45.3613 0 0 0 0 0 0 0 0 0 0 0 0 0 0 0 0 0 0 0 0 0 0 0 0 0 0
4.22671 28.0617 -40.1735 -9.47191 35.6302 -18.2743 2.1665 36.939 9.01351 8.83894 19.9184 17.6 -12.0599 11.9002 19.8573 -14.4568 -6.29725 38.6148 -17.9393 -25.5401 25.8596 5.97182 -41.1271 23.5715 18.501 -37.8003 5.85549 18.7195 -30.8661 -18.4753 33.1307 -11.5921 -20.0784 14.7443 6.33685 -13.3932 -10.2486 3.92796 -15.7503 -12.4411 -10.0585 -0.0122507 -11.2505 -10.2118 21.094 -14.0809 0.0485738 47.1436 -27.9273 17.3466 40.7179 -32.5748 24.7169 18.3939 -13.9955 37.0602 9.20231 -12.9742 19.2091 -10.6086 12.2877 14.7444 -9.33952 16.1979 -8.88042 4.80628 10.9583 -18.7819 -15.4525 25.6742 -11.27 -40.3494 4.63658 4.85606 -44.9842 0 0 0 0 0 0 0 0 0 0 0 0 0 0 0 0 0 0 0 0 0 0 0 0 0 0
11.6169 34.6106 -31.8444 -7.5186 41.503 -16.3655 -6.55025 39.0725 10.9678 1.15691 23.0528 20.408 -18.8423 13.1039 21.7777 -18.5917 -8.16631 35.8402 -19.7053 -23.9665 19.5779 3.61023 -40.4738 18.3841 19.0157 -35.1364 4.68634 26.5982 -32.5691 -17.6461 40.8367 -13.1355 -18.468 22.4507 4.22109 -10.5303 -2.49641 2.33919 -13.5859 -5.70859 -9.75249 3.31397 -10.3202 -7.9742 22.8768 -22.5694 -3.35454 44.8644 -32.7837 16.1707 39.6677 -40.2156 24.2064 18.5784 -22.626 34.0535 6.0385 -18.4203 12.3861 -5.29496 6.32521 12.4898 -8.22506 15.9737 -10.4322 2.12988 15.0607 -15.9332 -19.4346 32.8498 -3.73306 -38.4477 12.6274 13.6254 -41.4453 0 0 0 0 0 0 0 0 0 0 0 0 0 0 0 0 0 0 0 0 0 0 0 0 0 0
14.2888 29.7743 -37.8324 -6.03636 33.3337 -23.1948 -6.71356 26.2152 2.8125 -3.50421 8.25233 8.87807 -23.525 4.13311 14.4671 -23.9863 -12.3207 32.828 -20.5774 -30.5043 21.9841 5.08673 -40.1921 23.8667 19.5362 -35.5725 9.01554 26.2829 -35.4599 -13.5787 39.5579 -15.9105 -17.2601 20.0221 1.0489 -13.1353 -4.62055 -2.98232 -13.5796 -5.53107 -12.4349 4.79217 -9.95415 -8.46104 23.943 -22.169 -3.24594 45.8077 -33.9713 14.878 39.5479 -40.0689 22.3608 17.8919 -23.3885 35.1981 7.61035 -16.4642 15.8059 -5.63302 6.20229 12.3365 -1.02554 13.4278 -12.0192 1.08698 12.6854 -10.3398 -19.9092 26.788 -11.4754 -40.695 19.2253 9.50254 -46.8904 0 0 0 0 0 0 0 0 0 0 0 0 0 0 0 0 0 0 0 0 0 0 0 0 0 0
19.0052 32.4118 -39.5614 -0.314201 39.6894 -25.4651 -6.20039 30.3205 -1.62858 -10.6273 13.8722 0.852222 -18.6452 8.02542 13.3393 -10.0068 -8.74973 21.9898 -13.2735 -26.1644 21.1483 6.93128 -42.6108 22.2845 22.2131 -41.7185 8.09528 34.3535 -37.2203 -9.71447 36.1791 -22.1475 -21.1346 22.1377 -3.12341 -12.582 -1.24501 0.603361 -13.5774 -3.10187 -3.16883 5.80898 -11.3013 -4.56674 22.6792 -27.5315 -5.6984 40.4794 -38.9493 13.1362 38.245 -39.6795 27.4149 22.5051 -25.3482 32.9888 7.33542 -18.6846 11.8168 3.52506 -0.417952 6.34339 -2.81459 13.3263 -12.6689 1.86244 15.567 -9.95966 -18.6724 32.3578 -8.14219 -36.6488 22.612 10.9735 -44.6371 0 0 0 0 0 0 0 0 0 0 0 0 0 0 0 0 0 0 0 0 0 0 0 0 0 0
